ЭФЕМЕРИДЫ ПО ОБЪЕКТУ:  43125
Для пункта:  10016 Маяки   46 23'50.68"   30 16'17.74"    14m
C   2010-04-15 12:00
по  2010-05-01 12:00
Шаг  0:10:00
Мин.угол места:          10 град
Макс.угол места Солнца: -10 град
Стандартный блеск :      9.5 (зв.вел.)

ОБОЗНАЧЕНИЯ
RA        прямое восхождение, тек.эпоха
DECL      склонение, тек.эпоха
RARate    скорость по пр.восх., арксек/мин
DeclRate  скорость по склонению, арксек/мин
HourAng   часовой угол
Az        азимут
Um        угол места
Phase     фазовый угол
Range     дальность
Mag       зв.величина (оценка)

   Date        UTC        RA         DECL      RARate   DeclRate    HourAng      Az     Um    Phase  Range  Mag
2010-04-15  17:50:00  07 17 54.8  +16 04 01  +000901.1 -000006.1  02 08 17.0  231.989 49.640  96.81  39157 17.7
2010-04-15  18:00:00  07 27 53.5  +16 01 49  +000894.9 -000020.4  02 08 19.9  231.972 49.603  94.45  39292 17.6
2010-04-15  18:10:00  07 37 47.9  +15 57 15  +000888.3 -000034.3  02 08 27.1  231.942 49.524  92.09  39430 17.5
2010-04-15  18:20:00  07 47 37.8  +15 50 24  +000881.4 -000047.9  02 08 38.8  231.903 49.403  89.76  39570 17.5
2010-04-15  18:30:00  07 57 23.1  +15 41 18  +000874.2 -000061.2  02 08 55.3  231.855 49.241  87.42  39712 17.4
2010-04-15  18:40:00  08 07 03.4  +15 30 02  +000866.7 -000074.0  02 09 16.6  231.801 49.038  85.12  39856 17.4
2010-04-15  18:50:00  08 16 38.6  +15 16 39  +000859.0 -000086.5  02 09 43.0  231.744 48.794  82.81  40002 17.3
2010-04-15  19:00:00  08 26 08.6  +15 01 14  +000851.0 -000098.5  02 10 14.6  231.685 48.510  80.53  40150 17.3
2010-04-15  19:10:00  08 35 33.3  +14 43 51  +000843.0 -000110.1  02 10 51.6  231.627 48.186  78.25  40298 17.2
2010-04-15  19:20:00  08 44 52.6  +14 24 34  +000834.7 -000121.2  02 11 34.0  231.571 47.824  76.00  40448 17.2
2010-04-15  19:30:00  08 54 06.3  +14 03 29  +000826.5 -000131.9  02 12 21.9  231.519 47.424  73.75  40599 17.1
2010-04-15  19:40:00  09 03 14.5  +13 40 39  +000818.1 -000142.1  02 13 15.3  231.472 46.988  71.52  40751 17.1
2010-04-15  19:50:00  09 12 17.1  +13 16 09  +000809.8 -000151.8  02 14 14.3  231.432 46.515  69.29  40904 17.0
2010-04-15  20:00:00  09 21 14.2  +12 50 04  +000801.5 -000161.1  02 15 18.9  231.399 46.008  67.09  41057 17.0
2010-04-15  20:10:00  09 30 05.8  +12 22 27  +000793.2 -000170.0  02 16 29.0  231.376 45.467  64.89  41210 17.0
2010-04-15  20:20:00  09 38 51.8  +11 53 25  +000785.0 -000178.4  02 17 44.6  231.362 44.894  62.72  41364 16.9
2010-04-15  20:30:00  09 47 32.5  +11 23 02  +000777.0 -000186.3  02 19 05.5  231.358 44.289  60.54  41517 16.9
2010-04-15  20:40:00  09 56 07.8  +10 51 21  +000769.1 -000193.8  02 20 31.8  231.365 43.654  58.39  41671 16.9
2010-04-15  20:50:00  10 04 37.9  +10 18 28  +000761.3 -000200.8  02 22 03.4  231.383 42.990  56.24  41824 16.8
2010-04-15  21:00:00  10 13 02.9  +09 44 26  +000753.8 -000207.4  02 23 40.0  231.413 42.299  54.11  41977 16.8
2010-04-15  21:10:00  10 21 23.0  +09 09 21  +000746.4 -000213.6  02 25 21.6  231.453 41.580  51.98  42129 16.8
2010-04-15  21:20:00  10 29 38.2  +08 33 15  +000739.3 -000219.4  02 27 08.0  231.504 40.837  49.87  42280 16.8
2010-04-15  21:30:00  10 37 48.8  +07 56 13  +000732.4 -000224.8  02 28 59.1  231.566 40.070  47.76  42431 16.7
2010-04-15  21:40:00  10 45 54.9  +07 18 20  +000725.8 -000229.8  02 30 54.6  231.638 39.281  45.67  42581 16.7
2010-04-15  21:50:00  10 53 56.7  +06 39 39  +000719.5 -000234.4  02 32 54.5  231.721 38.470  43.59  42729 16.7
2010-04-15  22:00:00  11 01 54.3  +06 00 13  +000713.5 -000238.6  02 34 58.5  231.813 37.639  41.52  42876 16.7
2010-04-15  22:10:00  11 09 48.0  +05 20 07  +000707.7 -000242.5  02 37 06.4  231.913 36.790  39.45  43022 16.7
2010-04-15  22:20:00  11 17 38.0  +04 39 24  +000702.3 -000246.1  02 39 18.1  232.023 35.923  37.40  43166 16.6
2010-04-15  22:30:00  11 25 24.5  +03 58 07  +000697.2 -000249.3  02 41 33.3  232.140 35.040  35.35  43309 16.6
2010-04-15  22:40:00  11 33 07.6  +03 16 19  +000692.4 -000252.1  02 43 51.8  232.264 34.142  33.32  43449 16.6
2010-04-15  22:50:00  11 40 47.7  +02 34 05  +000687.9 -000254.7  02 46 13.3  232.394 33.230  31.28  43588 16.6
2010-04-15  23:00:00  11 48 24.9  +01 51 27  +000683.7 -000256.9  02 48 37.8  232.530 32.306  29.27  43724 16.6
2010-04-15  23:10:00  11 55 59.4  +01 08 28  +000679.9 -000258.8  02 51 04.9  232.672 31.371  27.25  43858 16.6
2010-04-15  23:20:00  12 03 31.5  +00 25 11  +000676.4 -000260.5  02 53 34.5  232.817 30.426  25.25  43990 16.6
2010-04-15  23:30:00  12 11 01.4  -00 18 21  +000673.3 -000261.9  02 56 06.2  232.966 29.472  23.25  44119 16.6
2010-04-15  23:40:00  12 18 29.3  -01 02 05  +000670.5 -000263.0  02 58 40.0  233.118 28.511  21.26  44245 16.6
2010-04-15  23:50:00  12 25 55.4  -01 45 59  +000668.0 -000263.8  03 01 15.4  233.271 27.544  19.27  44368 16.6
2010-04-16  00:00:00  12 33 20.1  -02 30 00  +000665.9 -000264.3  03 03 52.4  233.427 26.571  17.30  44488 16.5
2010-04-16  00:10:00  12 40 43.4  -03 14 05  +000664.2 -000264.6  03 06 30.7  233.583 25.594  15.32  44606 16.5
2010-04-16  00:20:00  12 48 05.7  -03 58 12  +000662.7 -000264.7  03 09 10.1  233.739 24.614  13.36  44719 16.5
2010-04-16  00:30:00  12 55 27.2  -04 42 18  +000661.7 -000264.5  03 11 50.3  233.894 23.633  11.40  44829 16.5
2010-04-16  00:40:00  13 02 48.0  -05 26 22  +000660.9 -000264.1  03 14 31.1  234.048 22.651   9.45  44936 16.5
2010-04-16  00:50:00  13 10 08.5  -06 10 20  +000660.6 -000263.4  03 17 12.2  234.201 21.669   7.51  45039 16.5
2010-04-16  01:00:00  13 17 28.8  -06 54 10  +000660.5 -000262.6  03 19 53.6  234.351 20.689   5.59  45138 16.5
2010-04-16  01:10:00  13 24 49.3  -07 37 50  +000660.8 -000261.4  03 22 34.8  234.498 19.712   3.70  45233 16.5
2010-04-16  01:20:00  13 32 10.0  -08 21 18  +000661.5 -000260.1  03 25 15.7  234.641 18.739   1.96  45323 16.5
2010-04-16  01:30:00  13 39 31.3  -09 04 32  +000662.4 -000258.5  03 27 56.0  234.781 17.771   1.24  45409 16.5
2010-04-16  01:40:00  13 46 53.3  -09 47 28  +000663.8 -000256.8  03 30 35.6  234.916 16.808   2.61  45491 16.5
2010-04-16  01:50:00  13 54 16.4  -10 30 06  +000665.4 -000254.8  03 33 14.2  235.046 15.853   4.43  45568 16.6
2010-04-16  02:00:00  14 01 40.6  -11 12 23  +000667.4 -000252.5  03 35 51.6  235.171 14.906   6.32  45641 16.6
2010-04-16  02:10:00  14 09 06.3  -11 54 17  +000669.8 -000250.1  03 38 27.5  235.291 13.969   8.24  45708 16.6

   Date        UTC        RA         DECL      RARate   DeclRate    HourAng      Az     Um    Phase  Range  Mag
2010-04-16  17:50:00  05 08 02.9  +12 47 31  +000937.5 +000165.6  04 22 05.4  261.043 26.039 128.77  39541 19.1
2010-04-16  18:00:00  05 18 27.8  +13 13 55  +000937.1 +000151.3  04 21 42.2  261.311 26.420 126.27  39623 19.0
2010-04-16  18:10:00  05 28 52.3  +13 37 56  +000936.3 +000136.8  04 21 19.3  261.551 26.770 123.77  39711 18.9
2010-04-16  18:20:00  05 39 16.1  +13 59 31  +000935.0 +000122.2  04 20 57.2  261.763 27.089 121.28  39804 18.7
2010-04-16  18:30:00  05 49 38.9  +14 18 40  +000933.3 +000107.4  04 20 36.0  261.947 27.376 118.80  39903 18.6
2010-04-16  18:40:00  06 00 00.4  +14 35 20  +000931.1 +000092.6  04 20 16.2  262.104 27.629 116.33  40006 18.5
2010-04-16  18:50:00  06 10 20.2  +14 49 32  +000928.4 +000077.8  04 19 57.9  262.234 27.849 113.86  40114 18.4
2010-04-16  19:00:00  06 20 38.2  +15 01 16  +000925.3 +000063.0  04 19 41.6  262.338 28.033 111.41  40227 18.3
2010-04-16  19:10:00  06 30 53.9  +15 10 33  +000921.7 +000048.3  04 19 27.6  262.417 28.183 108.96  40344 18.2
2010-04-16  19:20:00  06 41 07.0  +15 17 24  +000917.6 +000033.8  04 19 16.1  262.472 28.296 106.54  40466 18.1
2010-04-16  19:30:00  06 51 17.2  +15 21 49  +000913.0 +000019.4  04 19 07.6  262.504 28.372 104.11  40591 18.0
2010-04-16  19:40:00  07 01 24.2  +15 23 52  +000908.0 +000005.2  04 19 02.2  262.514 28.411 101.71  40720 17.9
2010-04-16  19:50:00  07 11 27.7  +15 23 33  +000902.6 -000008.8  04 19 00.3  262.504 28.413  99.31  40853 17.9
2010-04-16  20:00:00  07 21 27.5  +15 20 57  +000896.7 -000022.5  04 19 02.2  262.475 28.377  96.93  40990 17.8
2010-04-16  20:10:00  07 31 23.3  +15 16 05  +000890.5 -000035.8  04 19 08.0  262.428 28.304  94.55  41130 17.7
2010-04-16  20:20:00  07 41 14.8  +15 09 02  +000884.0 -000048.9  04 19 18.1  262.366 28.192  92.20  41273 17.6
2010-04-16  20:30:00  07 51 01.9  +14 59 49  +000877.2 -000061.6  04 19 32.7  262.290 28.042  89.85  41418 17.6
2010-04-16  20:40:00  08 00 44.3  +14 48 32  +000870.0 -000073.9  04 19 51.9  262.201 27.854  87.53  41567 17.5
2010-04-16  20:50:00  08 10 21.9  +14 35 13  +000862.7 -000085.8  04 20 16.0  262.102 27.629  85.20  41717 17.5
2010-04-16  21:00:00  08 19 54.5  +14 19 58  +000855.1 -000097.3  04 20 45.0  261.993 27.366  82.90  41871 17.4
2010-04-16  21:10:00  08 29 22.1  +14 02 49  +000847.4 -000108.3  04 21 19.1  261.877 27.066  80.61  42026 17.4
2010-04-16  21:20:00  08 38 44.4  +13 43 52  +000839.6 -000119.0  04 21 58.4  261.755 26.730  78.33  42183 17.3
2010-04-16  21:30:00  08 48 01.5  +13 23 11  +000831.7 -000129.2  04 22 42.9  261.628 26.357  76.06  42342 17.3
2010-04-16  21:40:00  08 57 13.3  +13 00 51  +000823.7 -000138.9  04 23 32.8  261.498 25.950  73.82  42502 17.2
2010-04-16  21:50:00  09 06 19.8  +12 36 54  +000815.7 -000148.2  04 24 28.0  261.366 25.508  71.57  42664 17.2
2010-04-16  22:00:00  09 15 20.9  +12 11 28  +000807.7 -000157.1  04 25 28.5  261.234 25.032  69.35  42827 17.1
2010-04-16  22:10:00  09 24 16.7  +11 44 35  +000799.8 -000165.5  04 26 34.3  261.102 24.524  67.13  42990 17.1
2010-04-16  22:20:00  09 33 07.3  +11 16 20  +000791.9 -000173.4  04 27 45.4  260.972 23.984  64.93  43155 17.1
2010-04-16  22:30:00  09 41 52.7  +10 46 48  +000784.2 -000180.9  04 29 01.6  260.844 23.413  62.73  43320 17.0
2010-04-16  22:40:00  09 50 32.9  +10 16 03  +000776.6 -000188.0  04 30 23.1  260.720 22.812  60.56  43485 17.0
2010-04-16  22:50:00  09 59 08.1  +09 44 09  +000769.1 -000194.6  04 31 49.5  260.600 22.183  58.39  43650 17.0
2010-04-16  23:00:00  10 07 38.4  +09 11 11  +000761.8 -000200.9  04 33 20.8  260.484 21.526  56.24  43816 16.9
2010-04-16  23:10:00  10 16 03.9  +08 37 13  +000754.7 -000206.7  04 34 57.0  260.374 20.843  54.09  43981 16.9
2010-04-16  23:20:00  10 24 24.7  +08 02 19  +000747.9 -000212.1  04 36 37.8  260.270 20.135  51.96  44145 16.9
2010-04-16  23:30:00  10 32 41.1  +07 26 32  +000741.2 -000217.1  04 38 23.1  260.171 19.403  49.83  44309 16.9
2010-04-16  23:40:00  10 40 53.1  +06 49 57  +000734.8 -000221.8  04 40 12.7  260.079 18.648  47.73  44473 16.8
2010-04-16  23:50:00  10 49 00.9  +06 12 38  +000728.7 -000226.1  04 42 06.5  259.994 17.872  45.62  44635 16.8
2010-04-17  00:00:00  10 57 04.8  +05 34 38  +000722.9 -000230.0  04 44 04.3  259.914 17.076  43.53  44796 16.8
2010-04-17  00:10:00  11 05 04.8  +04 55 60  +000717.3 -000233.5  04 46 05.9  259.841 16.261  41.44  44955 16.8
2010-04-17  00:20:00  11 13 01.3  +04 16 48  +000712.0 -000236.8  04 48 11.1  259.775 15.428  39.38  45113 16.8
2010-04-17  00:30:00  11 20 54.3  +03 37 05  +000707.1 -000239.7  04 50 19.7  259.714 14.580  37.31  45269 16.7
2010-04-17  00:40:00  11 28 44.1  +02 56 55  +000702.4 -000242.3  04 52 31.6  259.660 13.716  35.26  45423 16.7
2010-04-17  00:50:00  11 36 30.9  +02 16 21  +000698.1 -000244.5  04 54 46.4  259.611 12.838  33.21  45574 16.7
2010-04-17  01:00:00  11 44 14.9  +01 35 25  +000694.1 -000246.5  04 57 04.0  259.568 11.948  31.17  45723 16.7
2010-04-17  01:10:00  11 51 56.4  +00 54 11  +000690.4 -000248.2  04 59 24.2  259.530 11.047  29.14  45870 16.7
2010-04-17  01:20:00  11 59 35.5  +00 12 41  +000687.0 -000249.7  05 01 46.7  259.497 10.136  27.12  46014 16.7

   Date        UTC        RA         DECL      RARate   DeclRate    HourAng      Az     Um    Phase  Range  Mag
2010-04-25  18:00:00  13 22 14.6  -04 19 24  +000659.9 -000267.6  20 53 24.4  127.065 24.676  15.33  44720 16.5
2010-04-25  18:10:00  13 29 34.3  -05 04 03  +000659.3 -000268.1  20 56 06.3  128.132 24.423  13.43  44759 16.5
2010-04-25  18:20:00  13 36 53.7  -05 48 45  +000659.0 -000268.4  20 58 48.5  129.195 24.160  11.57  44794 16.5
2010-04-25  18:30:00  13 44 13.0  -06 33 29  +000659.1 -000268.4  21 01 30.8  130.253 23.888   9.73  44825 16.5
2010-04-25  18:40:00  13 51 32.5  -07 18 13  +000659.5 -000268.2  21 04 13.0  131.304 23.607   7.96  44853 16.5
2010-04-25  18:50:00  13 58 52.4  -08 02 53  +000660.2 -000267.8  21 06 54.7  132.348 23.317   6.28  44878 16.5
2010-04-25  19:00:00  14 06 13.0  -08 47 27  +000661.3 -000267.1  21 09 35.8  133.381 23.018   4.82  44898 16.5
2010-04-25  19:10:00  14 13 34.3  -09 31 53  +000662.8 -000266.1  21 12 16.1  134.404 22.710   3.82  44915 16.5
2010-04-25  19:20:00  14 20 56.7  -10 16 09  +000664.6 -000265.0  21 14 55.4  135.415 22.393   3.68  44928 16.5
2010-04-25  19:30:00  14 28 20.5  -11 00 12  +000666.7 -000263.5  21 17 33.3  136.412 22.068   4.48  44938 16.5
2010-04-25  19:40:00  14 35 45.7  -11 43 59  +000669.1 -000261.8  21 20 09.7  137.394 21.735   5.83  44943 16.5
2010-04-25  19:50:00  14 43 12.7  -12 27 27  +000671.9 -000259.9  21 22 44.3  138.359 21.395   7.47  44945 16.5
2010-04-25  20:00:00  14 50 41.7  -13 10 35  +000675.1 -000257.7  21 25 17.0  139.307 21.047   9.21  44944 16.5
2010-04-25  20:10:00  14 58 12.9  -13 53 20  +000678.5 -000255.2  21 27 47.4  140.236 20.693  11.04  44938 16.5
2010-04-25  20:20:00  15 05 46.5  -14 35 38  +000682.3 -000252.4  21 30 15.5  141.145 20.333  12.88  44929 16.5
2010-04-25  20:30:00  15 13 22.7  -15 17 28  +000686.4 -000249.4  21 32 40.9  142.034 19.968  14.77  44916 16.6
2010-04-25  20:40:00  15 21 01.7  -15 58 45  +000690.8 -000246.1  21 35 03.5  142.900 19.599  16.67  44900 16.6
2010-04-25  20:50:00  15 28 43.9  -16 39 29  +000695.6 -000242.5  21 37 23.0  143.743 19.225  18.58  44879 16.6
2010-04-25  21:00:00  15 36 29.2  -17 19 35  +000700.6 -000238.6  21 39 39.3  144.562 18.848  20.50  44855 16.6
2010-04-25  21:10:00  15 44 18.1  -17 59 01  +000706.0 -000234.4  21 41 52.1  145.357 18.470  22.44  44827 16.6
2010-04-25  21:20:00  15 52 10.6  -18 37 43  +000711.6 -000230.0  21 44 01.2  146.125 18.090  24.37  44795 16.6
2010-04-25  21:30:00  16 00 06.9  -19 15 39  +000717.5 -000225.2  21 46 06.5  146.868 17.710  26.32  44759 16.6
2010-04-25  21:40:00  16 08 07.3  -19 52 45  +000723.7 -000220.1  21 48 07.8  147.583 17.331  28.27  44720 16.6
2010-04-25  21:50:00  16 16 11.8  -20 28 59  +000730.1 -000214.6  21 50 04.9  148.271 16.954  30.23  44676 16.6
2010-04-25  22:00:00  16 24 20.7  -21 04 17  +000736.7 -000208.9  21 51 57.6  148.931 16.579  32.19  44628 16.7
2010-04-25  22:10:00  16 32 34.2  -21 38 36  +000743.6 -000202.8  21 53 45.8  149.561 16.209  34.16  44577 16.7
2010-04-25  22:20:00  16 40 52.3  -22 11 52  +000750.7 -000196.4  21 55 29.3  150.163 15.844  36.13  44521 16.7
2010-04-25  22:30:00  16 49 15.2  -22 44 02  +000758.0 -000189.6  21 57 08.1  150.735 15.485  38.12  44462 16.7
2010-04-25  22:40:00  16 57 43.0  -23 15 02  +000765.5 -000182.4  21 58 41.9  151.277 15.134  40.11  44398 16.7
2010-04-25  22:50:00  17 06 15.9  -23 44 50  +000773.1 -000175.0  22 00 10.7  151.789 14.793  42.11  44331 16.8
2010-04-25  23:00:00  17 14 53.8  -24 13 21  +000780.8 -000167.1  22 01 34.4  152.271 14.461  44.11  44259 16.8
2010-04-25  23:10:00  17 23 37.0  -24 40 31  +000788.6 -000158.9  22 02 52.9  152.723 14.141  46.13  44183 16.8
2010-04-25  23:20:00  17 32 25.3  -25 06 18  +000796.5 -000150.4  22 04 06.2  153.144 13.833  48.14  44104 16.8
2010-04-25  23:30:00  17 41 19.0  -25 30 38  +000804.4 -000141.5  22 05 14.2  153.534 13.540  50.17  44020 16.9
2010-04-25  23:40:00  17 50 17.9  -25 53 26  +000812.3 -000132.2  22 06 16.9  153.894 13.262  52.20  43932 16.9
2010-04-25  23:50:00  17 59 22.1  -26 14 40  +000820.2 -000122.5  22 07 14.4  154.224 13.001  54.25  43840 16.9
2010-04-26  00:00:00  18 08 31.5  -26 34 16  +000828.1 -000112.5  22 08 06.6  154.524 12.758  56.30  43744 16.9
2010-04-26  00:10:00  18 17 46.1  -26 52 09  +000835.8 -000102.1  22 08 53.6  154.795 12.535  58.36  43644 17.0
2010-04-26  00:20:00  18 27 05.9  -27 08 17  +000843.4 -000091.4  22 09 35.5  155.035 12.332  60.43  43540 17.0
2010-04-26  00:30:00  18 36 30.6  -27 22 37  +000850.9 -000080.4  22 10 12.4  155.247 12.151  62.52  43432 17.0
2010-04-26  00:40:00  18 46 00.3  -27 35 04  +000858.1 -000069.0  22 10 44.3  155.430 11.993  64.60  43320 17.1
2010-04-26  00:50:00  18 55 34.7  -27 45 35  +000865.1 -000057.3  22 11 11.6  155.585 11.859  66.71  43204 17.1
2010-04-26  01:00:00  19 05 13.7  -27 54 08  +000871.9 -000045.2  22 11 34.2  155.713 11.751  68.81  43084 17.1
2010-04-26  01:10:00  19 14 57.1  -28 00 39  +000878.3 -000032.9  22 11 52.5  155.813 11.670  70.94  42961 17.2
2010-04-26  01:20:00  19 24 44.7  -28 05 05  +000884.4 -000020.3  22 12 06.5  155.888 11.616  73.07  42834 17.2
2010-04-26  01:30:00  19 34 36.2  -28 07 25  +000890.1 -000007.5  22 12 16.6  155.936 11.591  75.22  42703 17.3
2010-04-26  01:40:00  19 44 31.5  -28 07 34  +000895.5 +000005.6  22 12 23.0  155.960 11.596  77.38  42569 17.3
2010-04-26  01:50:00  19 54 30.1  -28 05 32  +000900.5 +000018.9  22 12 26.0  155.959 11.632  79.55  42432 17.4

   Date        UTC        RA         DECL      RARate   DeclRate    HourAng      Az     Um    Phase  Range  Mag
2010-04-26  18:10:00  11 52 32.3  +03 30 45  +000683.4 -000254.8  22 37 04.8  150.861 43.484  39.57  42677 16.6
2010-04-26  18:20:00  12 00 06.5  +02 48 00  +000679.0 -000258.0  22 39 32.3  151.979 43.015  37.58  42774 16.6
2010-04-26  18:30:00  12 07 37.8  +02 04 46  +000674.9 -000260.8  22 42 02.7  153.100 42.531  35.58  42868 16.6
2010-04-26  18:40:00  12 15 06.4  +01 21 05  +000671.1 -000263.4  22 44 35.6  154.221 42.033  33.60  42959 16.6
2010-04-26  18:50:00  12 22 32.7  +00 36 60  +000667.7 -000265.6  22 47 11.0  155.340 41.521  31.61  43048 16.6
2010-04-26  19:00:00  12 29 56.8  -00 07 27  +000664.6 -000267.6  22 49 48.6  156.456 40.995  29.64  43133 16.6
2010-04-26  19:10:00  12 37 18.9  -00 52 11  +000661.9 -000269.3  22 52 28.1  157.565 40.456  27.67  43215 16.6
2010-04-26  19:20:00  12 44 39.4  -01 37 12  +000659.5 -000270.7  22 55 09.3  158.667 39.903  25.71  43295 16.5
2010-04-26  19:30:00  12 51 58.3  -02 22 25  +000657.4 -000271.9  22 57 52.0  159.760 39.338  23.75  43371 16.5
2010-04-26  19:40:00  12 59 16.0  -03 07 49  +000655.7 -000272.8  23 00 35.9  160.841 38.761  21.81  43444 16.5
2010-04-26  19:50:00  13 06 32.7  -03 53 21  +000654.4 -000273.5  23 03 20.9  161.909 38.173  19.86  43514 16.5
2010-04-26  20:00:00  13 13 48.6  -04 38 58  +000653.4 -000273.9  23 06 06.6  162.963 37.573  17.93  43580 16.5
2010-04-26  20:10:00  13 21 03.9  -05 24 38  +000652.7 -000274.0  23 08 52.9  164.002 36.962  15.99  43643 16.5
2010-04-26  20:20:00  13 28 19.0  -06 10 18  +000652.4 -000273.9  23 11 39.5  165.024 36.342  14.07  43703 16.5
2010-04-26  20:30:00  13 35 33.9  -06 55 55  +000652.5 -000273.6  23 14 26.2  166.027 35.713  12.15  43760 16.5
2010-04-26  20:40:00  13 42 49.0  -07 41 28  +000652.9 -000273.0  23 17 12.8  167.011 35.076  10.26  43813 16.5
2010-04-26  20:50:00  13 50 04.5  -08 26 54  +000653.6 -000272.1  23 19 58.9  167.975 34.431   8.38  43863 16.5
2010-04-26  21:00:00  13 57 20.6  -09 12 10  +000654.7 -000271.0  23 22 44.5  168.918 33.779   6.54  43909 16.5
2010-04-26  21:10:00  14 04 37.5  -09 57 14  +000656.1 -000269.7  23 25 29.2  169.838 33.121   4.78  43951 16.5
2010-04-26  21:20:00  14 11 55.5  -10 42 03  +000657.9 -000268.1  23 28 12.8  170.735 32.459   3.23  43990 16.5
2010-04-26  21:30:00  14 19 14.8  -11 26 36  +000660.1 -000266.3  23 30 55.2  171.609 31.792   2.33  44025 16.5
2010-04-26  21:40:00  14 26 35.7  -12 10 48  +000662.5 -000264.2  23 33 36.0  172.459 31.123   2.81  44056 16.5
2010-04-26  21:50:00  14 33 58.3  -12 54 39  +000665.3 -000261.9  23 36 15.0  173.283 30.452   4.23  44083 16.5
2010-04-26  22:00:00  14 41 22.9  -13 38 05  +000668.5 -000259.3  23 38 52.1  174.083 29.780   5.94  44107 16.5
2010-04-26  22:10:00  14 48 49.6  -14 21 03  +000672.0 -000256.4  23 41 26.9  174.856 29.108   7.76  44126 16.5
2010-04-26  22:20:00  14 56 18.9  -15 03 32  +000675.8 -000253.3  23 43 59.4  175.604 28.438   9.62  44141 16.5
2010-04-26  22:30:00  15 03 50.7  -15 45 29  +000679.9 -000249.9  23 46 29.1  176.325 27.770  11.51  44153 16.5
2010-04-26  22:40:00  15 11 25.5  -16 26 50  +000684.4 -000246.3  23 48 56.0  177.019 27.106  13.40  44160 16.5
2010-04-26  22:50:00  15 19 03.3  -17 07 34  +000689.1 -000242.4  23 51 19.9  177.687 26.446  15.32  44162 16.5
2010-04-26  23:00:00  15 26 44.4  -17 47 37  +000694.2 -000238.2  23 53 40.4  178.327 25.793  17.24  44161 16.5
2010-04-26  23:10:00  15 34 28.9  -18 26 56  +000699.6 -000233.7  23 55 57.5  178.941 25.147  19.17  44155 16.5
2010-04-26  23:20:00  15 42 17.2  -19 05 30  +000705.3 -000228.9  23 58 10.9  179.528 24.510  21.09  44144 16.6
2010-04-26  23:30:00  15 50 09.3  -19 43 14  +000711.2 -000223.9  00 00 20.4  180.087 23.882  23.04  44129 16.6
2010-04-26  23:40:00  15 58 05.5  -20 20 06  +000717.4 -000218.5  00 02 25.8  180.620 23.265  24.97  44110 16.6
2010-04-26  23:50:00  16 06 06.0  -20 56 03  +000723.9 -000212.8  00 04 27.0  181.126 22.661  26.93  44085 16.6
2010-04-27  00:00:00  16 14 10.8  -21 31 02  +000730.7 -000206.9  00 06 23.8  181.605 22.070  28.87  44056 16.6
2010-04-27  00:10:00  16 22 20.2  -22 04 60  +000737.6 -000200.6  00 08 16.1  182.058 21.494  30.84  44022 16.6
2010-04-27  00:20:00  16 30 34.3  -22 37 53  +000744.8 -000194.0  00 10 03.6  182.485 20.934  32.79  43984 16.6
2010-04-27  00:30:00  16 38 53.3  -23 09 38  +000752.2 -000187.0  00 11 46.3  182.886 20.391  34.77  43940 16.7
2010-04-27  00:40:00  16 47 17.2  -23 40 12  +000759.7 -000179.7  00 13 24.0  183.262 19.867  36.74  43892 16.7
2010-04-27  00:50:00  16 55 46.2  -24 09 31  +000767.4 -000172.1  00 14 56.6  183.613 19.363  38.73  43839 16.7
2010-04-27  01:00:00  17 04 20.4  -24 37 33  +000775.2 -000164.2  00 16 24.0  183.939 18.879  40.71  43781 16.7
2010-04-27  01:10:00  17 12 59.9  -25 04 14  +000783.2 -000155.9  00 17 46.2  184.241 18.419  42.72  43718 16.7
2010-04-27  01:20:00  17 21 44.7  -25 29 30  +000791.2 -000147.2  00 19 03.1  184.520 17.982  44.72  43649 16.8
2010-04-27  01:30:00  17 30 34.8  -25 53 17  +000799.2 -000138.2  00 20 14.6  184.775 17.569  46.74  43576 16.8
2010-04-27  01:40:00  17 39 30.2  -26 15 33  +000807.3 -000128.9  00 21 20.8  185.009 17.183  48.75  43498 16.8
2010-04-27  01:50:00  17 48 31.1  -26 36 13  +000815.3 -000119.2  00 22 21.6  185.221 16.823  50.79  43415 16.8

   Date        UTC        RA         DECL      RARate   DeclRate    HourAng      Az     Um    Phase  Range  Mag
2010-04-27  18:10:00  10 06 07.0  +11 02 51  +000762.6 -000196.6  00 27 26.7  191.555 54.173  67.74  40954 17.0
2010-04-27  18:20:00  10 14 32.7  +10 29 28  +000754.7 -000203.9  00 29 02.6  192.078 53.566  65.62  41095 17.0
2010-04-27  18:30:00  10 22 53.3  +09 54 55  +000747.1 -000210.7  00 30 43.6  192.619 52.934  63.50  41234 16.9
2010-04-27  18:40:00  10 31 08.9  +09 19 16  +000739.6 -000217.0  00 32 29.7  193.175 52.279  61.40  41373 16.9
2010-04-27  18:50:00  10 39 19.6  +08 42 35  +000732.4 -000223.0  00 34 20.7  193.745 51.602  59.30  41510 16.9
2010-04-27  19:00:00  10 47 25.6  +08 04 57  +000725.5 -000228.6  00 36 16.4  194.326 50.903  57.22  41646 16.8
2010-04-27  19:10:00  10 55 27.0  +07 26 24  +000718.8 -000233.8  00 38 16.5  194.917 50.184  55.14  41780 16.8
2010-04-27  19:20:00  11 03 24.1  +06 47 02  +000712.5 -000238.6  00 40 21.1  195.516 49.444  53.08  41912 16.8
2010-04-27  19:30:00  11 11 17.0  +06 06 53  +000706.4 -000243.1  00 42 29.8  196.122 48.687  51.02  42043 16.8
2010-04-27  19:40:00  11 19 06.0  +05 26 02  +000700.6 -000247.2  00 44 42.5  196.732 47.911  48.98  42172 16.7
2010-04-27  19:50:00  11 26 51.2  +04 44 31  +000695.1 -000250.9  00 46 58.9  197.345 47.119  46.93  42299 16.7
2010-04-27  20:00:00  11 34 32.9  +04 02 24  +000690.0 -000254.3  00 49 18.9  197.960 46.310  44.91  42425 16.7
2010-04-27  20:10:00  11 42 11.2  +03 19 45  +000685.1 -000257.4  00 51 42.2  198.574 45.487  42.88  42548 16.7
2010-04-27  20:20:00  11 49 46.5  +02 36 37  +000680.7 -000260.2  00 54 08.6  199.187 44.650  40.87  42669 16.7
2010-04-27  20:30:00  11 57 18.9  +01 53 02  +000676.5 -000262.7  00 56 37.8  199.798 43.801  38.86  42787 16.6
2010-04-27  20:40:00  12 04 48.6  +01 09 05  +000672.7 -000264.8  00 59 09.8  200.404 42.939  36.86  42903 16.6
2010-04-27  20:50:00  12 12 15.9  +00 24 47  +000669.2 -000266.7  01 01 44.1  201.006 42.066  34.86  43017 16.6
2010-04-27  21:00:00  12 19 41.0  -00 19 48  +000666.1 -000268.2  01 04 20.7  201.602 41.183  32.89  43128 16.6
2010-04-27  21:10:00  12 27 04.1  -01 04 37  +000663.3 -000269.5  01 06 59.2  202.191 40.292  30.90  43237 16.6
2010-04-27  21:20:00  12 34 25.5  -01 49 37  +000660.9 -000270.6  01 09 39.4  202.772 39.392  28.93  43342 16.6
2010-04-27  21:30:00  12 41 45.4  -02 34 47  +000658.8 -000271.3  01 12 21.2  203.343 38.485  26.96  43445 16.6
2010-04-27  21:40:00  12 49 04.0  -03 20 03  +000657.1 -000271.8  01 15 04.2  203.906 37.572  25.00  43545 16.5
2010-04-27  21:50:00  12 56 21.6  -04 05 22  +000655.7 -000272.0  01 17 48.3  204.458 36.655  23.04  43641 16.5
2010-04-27  22:00:00  13 03 38.4  -04 50 43  +000654.7 -000272.0  01 20 33.1  205.000 35.733  21.09  43735 16.5
2010-04-27  22:10:00  13 10 54.6  -05 36 02  +000654.0 -000271.8  01 23 18.5  205.529 34.809  19.13  43825 16.5
2010-04-27  22:20:00  13 18 10.5  -06 21 17  +000653.7 -000271.3  01 26 04.3  206.047 33.882  17.20  43911 16.5
2010-04-27  22:30:00  13 25 26.2  -07 06 26  +000653.7 -000270.5  01 28 50.2  206.552 32.955  15.25  43994 16.5
2010-04-27  22:40:00  13 32 42.1  -07 51 27  +000654.1 -000269.5  01 31 35.9  207.044 32.028  13.32  44074 16.5
2010-04-27  22:50:00  13 39 58.4  -08 36 16  +000654.8 -000268.3  01 34 21.3  207.522 31.103  11.39  44149 16.5
2010-04-27  23:00:00  13 47 15.3  -09 20 52  +000655.8 -000266.8  01 37 06.1  207.987 30.179   9.47  44221 16.5
2010-04-27  23:10:00  13 54 32.9  -10 05 12  +000657.3 -000265.1  01 39 50.0  208.437 29.259   7.55  44289 16.5
2010-04-27  23:20:00  14 01 51.7  -10 49 14  +000659.0 -000263.2  01 42 32.9  208.873 28.343   5.66  44353 16.5
2010-04-27  23:30:00  14 09 11.7  -11 32 56  +000661.1 -000261.0  01 45 14.6  209.294 27.433   3.80  44412 16.5
2010-04-27  23:40:00  14 16 33.2  -12 16 14  +000663.5 -000258.6  01 47 54.7  209.700 26.530   2.08  44467 16.5
2010-04-27  23:50:00  14 23 56.5  -12 59 08  +000666.3 -000256.0  01 50 33.1  210.090 25.634   1.28  44518 16.5
2010-04-28  00:00:00  14 31 21.7  -13 41 34  +000669.4 -000253.1  01 53 09.5  210.466 24.747   2.53  44564 16.5
2010-04-28  00:10:00  14 38 49.0  -14 23 30  +000672.8 -000250.0  01 55 43.8  210.825 23.869   4.32  44606 16.5
2010-04-28  00:20:00  14 46 18.8  -15 04 53  +000676.6 -000246.7  01 58 15.7  211.170 23.003   6.19  44643 16.5
2010-04-28  00:30:00  14 53 51.2  -15 45 42  +000680.6 -000243.1  02 00 44.9  211.498 22.149   8.10  44675 16.5
2010-04-28  00:40:00  15 01 26.4  -16 25 54  +000685.0 -000239.2  02 03 11.3  211.811 21.307  10.00  44702 16.5
2010-04-28  00:50:00  15 09 04.7  -17 05 26  +000689.7 -000235.1  02 05 34.7  212.108 20.480  11.93  44724 16.5
2010-04-28  01:00:00  15 16 46.1  -17 44 15  +000694.7 -000230.7  02 07 54.9  212.390 19.668  13.85  44741 16.5
2010-04-28  01:10:00  15 24 31.0  -18 22 20  +000700.0 -000226.1  02 10 11.7  212.656 18.872  15.79  44752 16.6
2010-04-28  01:20:00  15 32 19.6  -18 59 37  +000705.6 -000221.2  02 12 24.8  212.907 18.094  17.72  44759 16.6
2010-04-28  01:30:00  15 40 11.9  -19 36 04  +000711.5 -000216.1  02 14 34.0  213.143 17.335  19.67  44760 16.6
2010-04-28  01:40:00  15 48 08.3  -20 11 37  +000717.6 -000210.6  02 16 39.3  213.363 16.594  21.61  44756 16.6
2010-04-28  01:50:00  15 56 08.8  -20 46 15  +000724.0 -000204.9  02 18 40.4  213.569 15.875  23.56  44746 16.6

   Date        UTC        RA         DECL      RARate   DeclRate    HourAng      Az     Um    Phase  Range  Mag
2010-04-28  18:10:00  08 07 20.9  +15 23 09  +000867.3 -000077.2  02 30 09.4  237.751 46.003  97.63  40058 17.8
2010-04-28  18:20:00  08 16 56.5  +15 09 15  +000859.6 -000089.5  02 30 35.4  237.670 45.756  95.34  40205 17.7
2010-04-28  18:30:00  08 26 26.9  +14 53 20  +000851.6 -000101.4  02 31 06.6  237.584 45.468  93.05  40354 17.6
2010-04-28  18:40:00  08 35 52.0  +14 35 28  +000843.5 -000112.9  02 31 43.2  237.497 45.142  90.78  40504 17.6
2010-04-28  18:50:00  08 45 11.6  +14 15 43  +000835.3 -000123.9  02 32 25.2  237.410 44.777  88.51  40656 17.5
2010-04-28  19:00:00  08 54 25.6  +13 54 11  +000826.9 -000134.5  02 33 12.8  237.324 44.374  86.27  40809 17.4
2010-04-28  19:10:00  09 03 34.2  +13 30 55  +000818.6 -000144.6  02 34 05.9  237.242 43.935  84.03  40963 17.4
2010-04-28  19:20:00  09 12 37.1  +13 06 01  +000810.2 -000154.2  02 35 04.6  237.164 43.460  81.82  41118 17.3
2010-04-28  19:30:00  09 21 34.5  +12 39 33  +000801.9 -000163.3  02 36 08.9  237.093 42.950  79.60  41274 17.3
2010-04-28  19:40:00  09 30 26.4  +12 11 36  +000793.7 -000172.0  02 37 18.7  237.028 42.406  77.41  41430 17.2
2010-04-28  19:50:00  09 39 12.7  +11 42 14  +000785.5 -000180.3  02 38 33.9  236.972 41.830  75.22  41586 17.2
2010-04-28  20:00:00  09 47 53.7  +11 11 32  +000777.4 -000188.1  02 39 54.6  236.924 41.222  73.05  41742 17.2
2010-04-28  20:10:00  09 56 29.4  +10 39 34  +000769.5 -000195.4  02 41 20.6  236.886 40.585  70.89  41899 17.1
2010-04-28  20:20:00  10 04 59.8  +10 06 25  +000761.8 -000202.3  02 42 51.8  236.857 39.918  68.74  42055 17.1
2010-04-28  20:30:00  10 13 25.1  +09 32 10  +000754.3 -000208.8  02 44 28.1  236.839 39.224  66.60  42211 17.0
2010-04-28  20:40:00  10 21 45.5  +08 56 52  +000747.0 -000214.8  02 46 09.4  236.830 38.503  64.48  42366 17.0
2010-04-28  20:50:00  10 30 01.1  +08 20 35  +000739.9 -000220.5  02 47 55.4  236.832 37.757  62.36  42521 17.0
2010-04-28  21:00:00  10 38 12.1  +07 43 23  +000733.0 -000225.7  02 49 46.1  236.844 36.987  60.26  42675 17.0
2010-04-28  21:10:00  10 46 18.6  +07 05 22  +000726.5 -000230.5  02 51 41.2  236.867 36.195  58.15  42828 16.9
2010-04-28  21:20:00  10 54 20.8  +06 26 34  +000720.2 -000235.0  02 53 40.7  236.898 35.381  56.08  42980 16.9
2010-04-28  21:30:00  11 02 18.9  +05 47 03  +000714.2 -000239.1  02 55 44.2  236.940 34.548  53.99  43131 16.9
2010-04-28  21:40:00  11 10 13.1  +05 06 53  +000708.5 -000242.8  02 57 51.7  236.990 33.696  51.93  43280 16.8
2010-04-28  21:50:00  11 18 03.6  +04 26 08  +000703.1 -000246.2  03 00 02.8  237.049 32.827  49.87  43428 16.8
2010-04-28  22:00:00  11 25 50.6  +03 44 50  +000698.0 -000249.3  03 02 17.4  237.115 31.941  47.83  43574 16.8
2010-04-28  22:10:00  11 33 34.3  +03 03 03  +000693.2 -000252.0  03 04 35.4  237.189 31.042  45.78  43718 16.8
2010-04-28  22:20:00  11 41 15.0  +02 20 51  +000688.8 -000254.4  03 06 56.4  237.270 30.128  43.76  43860 16.8
2010-04-28  22:30:00  11 48 52.8  +01 38 16  +000684.7 -000256.5  03 09 20.2  237.356 29.203  41.73  44000 16.7
2010-04-28  22:40:00  11 56 28.0  +00 55 22  +000680.9 -000258.3  03 11 46.7  237.449 28.266  39.72  44137 16.7
2010-04-28  22:50:00  12 04 00.7  +00 12 11  +000677.5 -000259.8  03 14 15.5  237.546 27.320  37.70  44272 16.7
2010-04-28  23:00:00  12 11 31.3  -00 31 13  +000674.4 -000261.0  03 16 46.5  237.647 26.365  35.70  44405 16.7
2010-04-28  23:10:00  12 19 00.0  -01 14 49  +000671.7 -000262.0  03 19 19.5  237.752 25.403  33.70  44534 16.7
2010-04-28  23:20:00  12 26 27.0  -01 58 33  +000669.3 -000262.7  03 21 54.2  237.859 24.436  31.72  44661 16.7
2010-04-28  23:30:00  12 33 52.4  -02 42 22  +000667.2 -000263.2  03 24 30.4  237.969 23.463  29.73  44784 16.6
2010-04-28  23:40:00  12 41 16.7  -03 26 15  +000665.5 -000263.3  03 27 07.8  238.080 22.486  27.76  44904 16.6
2010-04-28  23:50:00  12 48 39.8  -04 10 09  +000664.1 -000263.3  03 29 46.3  238.192 21.507  25.78  45021 16.6
2010-04-29  00:00:00  12 56 02.2  -04 54 00  +000663.1 -000263.0  03 32 25.5  238.305 20.527  23.82  45134 16.6
2010-04-29  00:10:00  13 03 24.0  -05 37 48  +000662.4 -000262.5  03 35 05.4  238.417 19.547  21.85  45243 16.6
2010-04-29  00:20:00  13 10 45.5  -06 21 29  +000662.1 -000261.7  03 37 45.5  238.528 18.567  19.90  45349 16.6
2010-04-29  00:30:00  13 18 06.9  -07 05 01  +000662.1 -000260.7  03 40 25.8  238.637 17.590  17.93  45450 16.6
2010-04-29  00:40:00  13 25 28.4  -07 48 23  +000662.4 -000259.5  03 43 06.0  238.745 16.615  15.99  45547 16.6
2010-04-29  00:50:00  13 32 50.2  -08 31 31  +000663.1 -000258.1  03 45 45.8  238.850 15.645  14.04  45640 16.6
2010-04-29  01:00:00  13 40 12.6  -09 14 23  +000664.1 -000256.4  03 48 25.0  238.952 14.680  12.10  45728 16.6
2010-04-29  01:10:00  13 47 35.8  -09 56 59  +000665.5 -000254.6  03 51 03.5  239.050 13.722  10.15  45812 16.6
2010-04-29  01:20:00  13 54 60.0  -10 39 14  +000667.2 -000252.5  03 53 40.9  239.145 12.771   8.23  45891 16.6
2010-04-29  01:30:00  14 02 25.5  -11 21 07  +000669.3 -000250.2  03 56 17.1  239.235 11.829   6.29  45965 16.6
2010-04-29  01:40:00  14 09 52.4  -12 02 37  +000671.6 -000247.7  03 58 51.8  239.320 10.896   4.38  46034 16.6

   Date        UTC        RA         DECL      RARate   DeclRate    HourAng      Az     Um    Phase  Range  Mag
2010-04-29  18:10:00  06 01 11.3  +14 32 56  +000932.0 +000088.6  04 40 15.5  265.868 24.174 128.47  40326 19.2
2010-04-29  18:20:00  06 11 31.8  +14 46 29  +000929.3 +000073.9  04 39 56.7  265.985 24.387 126.03  40434 19.0
2010-04-29  18:30:00  06 21 50.3  +14 57 34  +000926.1 +000059.2  04 39 39.8  266.077 24.565 123.59  40547 18.9
2010-04-29  18:40:00  06 32 06.5  +15 06 13  +000922.4 +000044.6  04 39 25.2  266.145 24.708 121.17  40664 18.8
2010-04-29  18:50:00  06 42 20.1  +15 12 27  +000918.3 +000030.1  04 39 13.3  266.189 24.815 118.74  40786 18.7
2010-04-29  19:00:00  06 52 30.8  +15 16 16  +000913.7 +000015.8  04 39 04.2  266.211 24.886 116.34  40912 18.5
2010-04-29  19:10:00  07 02 38.2  +15 17 44  +000908.6 +000001.7  04 38 58.4  266.213 24.919 113.93  41041 18.4
2010-04-29  19:20:00  07 12 42.2  +15 16 52  +000903.1 -000012.1  04 38 56.1  266.194 24.916 111.55  41175 18.3
2010-04-29  19:30:00  07 22 42.3  +15 13 43  +000897.3 -000025.7  04 38 57.6  266.157 24.875 109.17  41312 18.3
2010-04-29  19:40:00  07 32 38.5  +15 08 20  +000891.0 -000038.9  04 39 03.1  266.104 24.796 106.81  41453 18.2
2010-04-29  19:50:00  07 42 30.3  +15 00 46  +000884.5 -000051.8  04 39 12.9  266.036 24.679 104.45  41596 18.1
2010-04-29  20:00:00  07 52 17.7  +14 51 04  +000877.6 -000064.4  04 39 27.2  265.953 24.525 102.11  41743 18.0
2010-04-29  20:10:00  08 02 00.3  +14 39 19  +000870.4 -000076.6  04 39 46.2  265.859 24.333  99.78  41893 17.9
2010-04-29  20:20:00  08 11 38.2  +14 25 34  +000863.0 -000088.3  04 40 10.0  265.755 24.104  97.47  42045 17.9
2010-04-29  20:30:00  08 21 11.0  +14 09 54  +000855.5 -000099.7  04 40 38.8  265.642 23.837  95.16  42199 17.8
2010-04-29  20:40:00  08 30 38.8  +13 52 22  +000847.7 -000110.6  04 41 12.7  265.521 23.534  92.88  42356 17.7
2010-04-29  20:50:00  08 40 01.3  +13 33 03  +000839.9 -000121.1  04 41 51.8  265.395 23.194  90.59  42515 17.7
2010-04-29  21:00:00  08 49 18.6  +13 12 02  +000832.0 -000131.1  04 42 36.1  265.264 22.819  88.33  42675 17.6
2010-04-29  21:10:00  08 58 30.6  +12 49 22  +000824.0 -000140.7  04 43 25.8  265.130 22.410  86.07  42837 17.5
2010-04-29  21:20:00  09 07 37.3  +12 25 08  +000816.0 -000149.9  04 44 20.8  264.995 21.965  83.84  43001 17.5
2010-04-29  21:30:00  09 16 38.6  +11 59 25  +000808.0 -000158.6  04 45 21.1  264.858 21.488  81.61  43166 17.4
2010-04-29  21:40:00  09 25 34.6  +11 32 18  +000800.1 -000166.8  04 46 26.7  264.723 20.978  79.40  43331 17.4
2010-04-29  21:50:00  09 34 25.4  +11 03 50  +000792.3 -000174.6  04 47 37.5  264.589 20.437  77.19  43498 17.3
2010-04-29  22:00:00  09 43 11.0  +10 34 07  +000784.5 -000182.0  04 48 53.6  264.457 19.865  75.00  43665 17.3
2010-04-29  22:10:00  09 51 51.5  +10 03 12  +000776.9 -000188.9  04 50 14.7  264.328 19.264  72.82  43832 17.3
2010-04-29  22:20:00  10 00 27.0  +09 31 10  +000769.5 -000195.4  04 51 40.9  264.204 18.634  70.66  44000 17.2
2010-04-29  22:30:00  10 08 57.6  +08 58 05  +000762.3 -000201.5  04 53 11.9  264.084 17.977  68.49  44167 17.2
2010-04-29  22:40:00  10 17 23.4  +08 24 01  +000755.2 -000207.2  04 54 47.8  263.969 17.295  66.35  44335 17.2
2010-04-29  22:50:00  10 25 44.6  +07 49 03  +000748.4 -000212.4  04 56 28.2  263.859 16.587  64.21  44501 17.1
2010-04-29  23:00:00  10 34 01.3  +07 13 14  +000741.8 -000217.3  04 58 13.1  263.755 15.856  62.09  44667 17.1
2010-04-29  23:10:00  10 42 13.7  +06 36 37  +000735.5 -000221.8  05 00 02.4  263.657 15.103  59.97  44833 17.1
2010-04-29  23:20:00  10 50 22.0  +05 59 18  +000729.4 -000226.0  05 01 55.7  263.565 14.329  57.88  44997 17.0
2010-04-29  23:30:00  10 58 26.3  +05 21 19  +000723.6 -000229.8  05 03 53.1  263.479 13.535  55.78  45160 17.0
2010-04-29  23:40:00  11 06 26.9  +04 42 44  +000718.1 -000233.2  05 05 54.2  263.400 12.722  53.70  45321 17.0
2010-04-29  23:50:00  11 14 23.8  +04 03 36  +000712.9 -000236.3  05 07 58.8  263.326 11.892  51.62  45481 16.9
2010-04-30  00:00:00  11 22 17.4  +03 23 59  +000708.0 -000239.1  05 10 06.9  263.259 11.047  49.56  45639 16.9
2010-04-30  00:10:00  11 30 07.9  +02 43 55  +000703.4 -000241.6  05 12 18.1  263.197 10.186  47.50  45794 16.9
