ЭФЕМЕРИДЫ ПО ОБЪЕКТУ:  43133
Для пункта:  10016 Маяки   46 23'50.68"   30 16'17.74"    14m
C   2010-04-15 12:00
по  2010-05-01 12:00
Шаг  0:10:00
Мин.угол места:          10 град
Макс.угол места Солнца: -10 град
Стандартный блеск :      9.5 (зв.вел.)

ОБОЗНАЧЕНИЯ
RA        прямое восхождение, тек.эпоха
DECL      склонение, тек.эпоха
RARate    скорость по пр.восх., арксек/мин
DeclRate  скорость по склонению, арксек/мин
HourAng   часовой угол
Az        азимут
Um        угол места
Phase     фазовый угол
Range     дальность
Mag       зв.величина (оценка)

   Date        UTC        RA         DECL      RARate   DeclRate    HourAng      Az     Um    Phase  Range  Mag
2010-04-15  17:50:00  09 34 55.5  -08 17 18  +000971.6 -000119.1  23 51 16.3  177.354 35.279  59.24  36328 16.6
2010-04-15  18:00:00  09 45 42.4  -08 37 02  +000969.0 -000117.7  23 50 31.0  177.140 34.945  56.56  36408 16.5
2010-04-15  18:10:00  09 56 27.5  -08 56 30  +000966.4 -000116.0  23 49 47.5  176.936 34.614  53.89  36489 16.5
2010-04-15  18:20:00  10 07 10.9  -09 15 41  +000963.8 -000114.0  23 49 05.8  176.743 34.288  51.23  36571 16.5
2010-04-15  18:30:00  10 17 52.6  -09 34 30  +000961.3 -000111.9  23 48 25.7  176.560 33.968  48.58  36653 16.4
2010-04-15  18:40:00  10 28 32.6  -09 52 57  +000958.8 -000109.5  23 47 47.3  176.386 33.654  45.95  36736 16.4
2010-04-15  18:50:00  10 39 11.0  -10 10 59  +000956.3 -000106.9  23 47 10.6  176.222 33.347  43.31  36819 16.4
2010-04-15  19:00:00  10 49 47.7  -10 28 34  +000953.8 -000104.1  23 46 35.5  176.067 33.047  40.70  36902 16.3
2010-04-15  19:10:00  11 00 22.8  -10 45 41  +000951.3 -000101.1  23 46 02.1  175.921 32.756  38.09  36985 16.3
2010-04-15  19:20:00  11 10 56.2  -11 02 16  +000948.9 -000097.9  23 45 30.4  175.783 32.473  35.50  37067 16.3
2010-04-15  19:30:00  11 21 28.0  -11 18 18  +000946.5 -000094.6  23 45 00.2  175.654 32.199  32.91  37149 16.3
2010-04-15  19:40:00  11 31 58.2  -11 33 46  +000944.1 -000091.0  23 44 31.6  175.533 31.936  30.35  37230 16.3
2010-04-15  19:50:00  11 42 26.8  -11 48 39  +000941.8 -000087.4  23 44 04.6  175.420 31.682  27.79  37310 16.2
2010-04-15  20:00:00  11 52 53.9  -12 02 53  +000939.5 -000083.6  23 43 39.2  175.314 31.439  25.25  37389 16.2
2010-04-15  20:10:00  12 03 19.5  -12 16 30  +000937.2 -000079.6  23 43 15.2  175.216 31.207  22.72  37467 16.2
2010-04-15  20:20:00  12 13 43.6  -12 29 26  +000935.0 -000075.6  23 42 52.8  175.124 30.987  20.21  37544 16.2
2010-04-15  20:30:00  12 24 06.1  -12 41 40  +000932.8 -000071.4  23 42 31.9  175.040 30.778  17.72  37619 16.2
2010-04-15  20:40:00  12 34 27.2  -12 53 13  +000930.6 -000067.1  23 42 12.4  174.962 30.581  15.26  37692 16.2
2010-04-15  20:50:00  12 44 46.9  -13 04 02  +000928.4 -000062.7  23 41 54.4  174.890 30.396  12.82  37763 16.2
2010-04-15  21:00:00  12 55 05.2  -13 14 07  +000926.3 -000058.3  23 41 37.8  174.825 30.224  10.45  37833 16.2
2010-04-15  21:10:00  13 05 22.0  -13 23 27  +000924.2 -000053.7  23 41 22.6  174.765 30.065   8.16  37900 16.2
2010-04-15  21:20:00  13 15 37.5  -13 32 01     <<SHADOW>>        23 41 08.8  174.711 29.919   6.07  37966 ----
2010-04-15  21:30:00  13 25 51.6  -13 39 49     <<SHADOW>>        23 40 56.3  174.663 29.786   4.41  38028 ----
2010-04-15  21:40:00  13 36 04.4  -13 46 50     <<SHADOW>>        23 40 45.2  174.620 29.666   3.81  38089 ----
2010-04-15  21:50:00  13 46 15.8  -13 53 04     <<SHADOW>>        23 40 35.4  174.583 29.560   4.68  38147 ----
2010-04-15  22:00:00  13 56 26.0  -13 58 31     <<SHADOW>>        23 40 26.8  174.550 29.467   6.44  38202 ----
2010-04-15  22:10:00  14 06 34.9  -14 03 09     <<SHADOW>>        23 40 19.5  174.522 29.388   8.56  38254 ----
2010-04-15  22:20:00  14 16 42.6  -14 06 59  +000910.6 -000020.6  23 40 13.5  174.499 29.322  10.81  38303 16.2
2010-04-15  22:30:00  14 26 49.1  -14 10 01  +000908.8 -000015.8  23 40 08.7  174.481 29.271  13.14  38350 16.2
2010-04-15  22:40:00  14 36 54.4  -14 12 15  +000907.1 -000011.0  23 40 05.0  174.467 29.233  15.49  38393 16.2
2010-04-15  22:50:00  14 46 58.5  -14 13 41  +000905.4 -000006.2  23 40 02.5  174.457 29.208  17.88  38434 16.2
2010-04-15  23:00:00  14 57 01.5  -14 14 19  +000903.7 -000001.4  23 40 01.1  174.452 29.197  20.26  38471 16.2
2010-04-15  23:10:00  15 07 03.5  -14 14 08  +000902.1 +000003.4  23 40 00.9  174.450 29.200  22.66  38505 16.3
2010-04-15  23:20:00  15 17 04.3  -14 13 10  +000900.5 +000008.2  23 40 01.6  174.453 29.216  25.05  38535 16.3
2010-04-15  23:30:00  15 27 04.2  -14 11 25  +000899.0 +000012.9  23 40 03.4  174.458 29.246  27.46  38562 16.3
2010-04-15  23:40:00  15 37 03.0  -14 08 53  +000897.6 +000017.5  23 40 06.2  174.468 29.289  29.85  38586 16.3
2010-04-15  23:50:00  15 47 01.0  -14 05 35  +000896.2 +000022.2  23 40 09.9  174.481 29.345  32.25  38607 16.3
2010-04-16  00:00:00  15 56 58.0  -14 01 30  +000894.9 +000026.7  23 40 14.5  174.497 29.414  34.65  38624 16.4
2010-04-16  00:10:00  16 06 54.2  -13 56 40  +000893.6 +000031.2  23 40 20.0  174.516 29.496  37.05  38637 16.4
2010-04-16  00:20:00  16 16 49.5  -13 51 06  +000892.4 +000035.7  23 40 26.3  174.538 29.590  39.44  38647 16.4
2010-04-16  00:30:00  16 26 44.1  -13 44 47  +000891.3 +000040.0  23 40 33.3  174.563 29.697  41.85  38654 16.5
2010-04-16  00:40:00  16 36 38.0  -13 37 45  +000890.3 +000044.3  23 40 41.1  174.590 29.816  44.24  38657 16.5
2010-04-16  00:50:00  16 46 31.2  -13 30 01  +000889.3 +000048.5  23 40 49.6  174.619 29.947  46.64  38657 16.5
2010-04-16  01:00:00  16 56 23.8  -13 21 35  +000888.5 +000052.7  23 40 58.6  174.651 30.090  49.04  38653 16.6
2010-04-16  01:10:00  17 06 15.8  -13 12 28  +000887.7 +000056.7  23 41 08.2  174.684 30.244  51.44  38645 16.6
2010-04-16  01:20:00  17 16 07.4  -13 02 42  +000887.0 +000060.6  23 41 18.3  174.719 30.409  53.83  38634 16.6
2010-04-16  01:30:00  17 25 58.6  -12 52 16  +000886.5 +000064.4  23 41 28.7  174.755 30.585  56.24  38620 16.7
2010-04-16  01:40:00  17 35 49.4  -12 41 13  +000886.0 +000068.2  23 41 39.6  174.792 30.772  58.63  38602 16.7
2010-04-16  01:50:00  17 45 39.9  -12 29 33  +000885.6 +000071.8  23 41 50.7  174.830 30.969  61.04  38581 16.7
2010-04-16  02:00:00  17 55 30.2  -12 17 18  +000885.3 +000075.3  23 42 02.1  174.869 31.175  63.44  38556 16.8
2010-04-16  02:10:00  18 05 20.3  -12 04 29  +000885.2 +000078.6  23 42 13.6  174.908 31.392  65.85  38529 16.8

   Date        UTC        RA         DECL      RARate   DeclRate    HourAng      Az     Um    Phase  Range  Mag
2010-04-16  17:50:00  10 52 09.1  -10 16 38  +000954.7 -000104.5  22 37 59.2  156.442 30.425  40.97  37083 16.4
2010-04-16  18:00:00  11 02 44.8  -10 33 49  +000952.2 -000101.6  22 37 25.2  156.380 30.111  38.36  37169 16.3
2010-04-16  18:10:00  11 13 18.7  -10 50 30  +000949.7 -000098.5  22 36 52.9  156.324 29.807  35.76  37255 16.3
2010-04-16  18:20:00  11 23 51.1  -11 06 39  +000947.3 -000095.3  22 36 22.1  156.272 29.513  33.17  37341 16.3
2010-04-16  18:30:00  11 34 21.8  -11 22 15  +000944.9 -000091.9  22 35 53.0  156.226 29.230  30.59  37426 16.3
2010-04-16  18:40:00  11 44 50.9  -11 37 16  +000942.5 -000088.3  22 35 25.6  156.184 28.958  28.03  37509 16.2
2010-04-16  18:50:00  11 55 18.5  -11 51 41  +000940.1 -000084.6  22 34 59.7  156.147 28.698  25.47  37592 16.2
2010-04-16  19:00:00  12 05 44.4  -12 05 27  +000937.8 -000080.7  22 34 35.4  156.113 28.449  22.94  37673 16.2
2010-04-16  19:10:00  12 16 08.9  -12 18 34  +000935.5 -000076.7  22 34 12.6  156.083 28.213  20.41  37753 16.2
2010-04-16  19:20:00  12 26 31.8  -12 31 01  +000933.2 -000072.6  22 33 51.3  156.057 27.990  17.91  37832 16.2
2010-04-16  19:30:00  12 36 53.2  -12 42 47  +000931.0 -000068.4  22 33 31.5  156.033 27.779  15.42  37909 16.2
2010-04-16  19:40:00  12 47 13.2  -12 53 49  +000928.8 -000064.1  22 33 13.2  156.012 27.581  12.97  37984 16.2
2010-04-16  19:50:00  12 57 31.7  -13 04 09  +000926.6 -000059.7  22 32 56.3  155.994 27.397  10.55  38056 16.2
2010-04-16  20:00:00  13 07 48.7  -13 13 44  +000924.5 -000055.2  22 32 40.9  155.979 27.226   8.21  38127 16.2
2010-04-16  20:10:00  13 18 04.4  -13 22 34     <<SHADOW>>        22 32 26.9  155.965 27.069   6.01  38196 ----
2010-04-16  20:20:00  13 28 18.6  -13 30 38     <<SHADOW>>        22 32 14.3  155.954 26.925   4.17  38262 ----
2010-04-16  20:30:00  13 38 31.5  -13 37 56     <<SHADOW>>        22 32 03.1  155.944 26.795   3.33  38325 ----
2010-04-16  20:40:00  13 48 43.1  -13 44 27     <<SHADOW>>        22 31 53.1  155.937 26.680   4.13  38386 ----
2010-04-16  20:50:00  13 58 53.3  -13 50 12     <<SHADOW>>        22 31 44.6  155.930 26.578   5.95  38444 ----
2010-04-16  21:00:00  14 09 02.3  -13 55 09     <<SHADOW>>        22 31 37.3  155.926 26.491   8.10  38500 ----
2010-04-16  21:10:00  14 19 09.9  -13 59 18     <<SHADOW>>        22 31 31.2  155.922 26.417  10.40  38552 ----
2010-04-16  21:20:00  14 29 16.4  -14 02 40  +000908.7 -000017.8  22 31 26.4  155.919 26.358  12.74  38601 16.2
2010-04-16  21:30:00  14 39 21.6  -14 05 14  +000906.9 -000013.0  22 31 22.9  155.918 26.313  15.12  38648 16.2
2010-04-16  21:40:00  14 49 25.6  -14 07 00  +000905.2 -000008.2  22 31 20.5  155.917 26.282  17.51  38691 16.2
2010-04-16  21:50:00  14 59 28.5  -14 07 59  +000903.5 -000003.5  22 31 19.3  155.917 26.265  19.91  38731 16.3
2010-04-16  22:00:00  15 09 30.2  -14 08 10  +000901.8 +000001.3  22 31 19.1  155.918 26.262  22.31  38767 16.3
2010-04-16  22:10:00  15 19 30.9  -14 07 34  +000900.2 +000006.0  22 31 20.1  155.919 26.272  24.72  38800 16.3
2010-04-16  22:20:00  15 29 30.5  -14 06 11  +000898.7 +000010.7  22 31 22.1  155.920 26.297  27.11  38830 16.3
2010-04-16  22:30:00  15 39 29.1  -14 04 01  +000897.2 +000015.3  22 31 25.2  155.921 26.335  29.52  38856 16.3
2010-04-16  22:40:00  15 49 26.8  -14 01 05  +000895.7 +000019.9  22 31 29.2  155.923 26.386  31.92  38879 16.4
2010-04-16  22:50:00  15 59 23.5  -13 57 23  +000894.4 +000024.4  22 31 34.1  155.924 26.451  34.33  38899 16.4
2010-04-16  23:00:00  16 09 19.3  -13 52 57  +000893.1 +000028.9  22 31 40.0  155.925 26.529  36.72  38914 16.4
2010-04-16  23:10:00  16 19 14.2  -13 47 45  +000891.8 +000033.4  22 31 46.6  155.926 26.619  39.12  38927 16.4
2010-04-16  23:20:00  16 29 08.4  -13 41 50  +000890.7 +000037.7  22 31 54.1  155.927 26.723  41.52  38935 16.5
2010-04-16  23:30:00  16 39 01.9  -13 35 11  +000889.6 +000042.0  22 32 02.3  155.926 26.838  43.92  38940 16.5
2010-04-16  23:40:00  16 48 54.6  -13 27 51  +000888.6 +000046.2  22 32 11.2  155.925 26.966  46.31  38942 16.5
2010-04-16  23:50:00  16 58 46.7  -13 19 48  +000887.7 +000050.3  22 32 20.7  155.923 27.105  48.71  38940 16.6
2010-04-17  00:00:00  17 08 38.3  -13 11 05  +000886.9 +000054.3  22 32 30.8  155.920 27.256  51.10  38934 16.6
2010-04-17  00:10:00  17 18 29.3  -13 01 42  +000886.2 +000058.3  22 32 41.4  155.916 27.419  53.51  38925 16.6
2010-04-17  00:20:00  17 28 19.9  -12 51 40  +000885.6 +000062.1  22 32 52.5  155.910 27.592  55.90  38912 16.7
2010-04-17  00:30:00  17 38 10.1  -12 40 60  +000885.1 +000065.8  22 33 03.9  155.902 27.775  58.30  38896 16.7
2010-04-17  00:40:00  17 47 60.0  -12 29 43  +000884.6 +000069.5  22 33 15.7  155.892 27.969  60.69  38876 16.8
2010-04-17  00:50:00  17 57 49.6  -12 17 51  +000884.3 +000073.0  22 33 27.7  155.881 28.172  63.10  38853 16.8
2010-04-17  01:00:00  18 07 39.1  -12 05 24  +000884.2 +000076.4  22 33 39.8  155.866 28.385  65.50  38826 16.8
2010-04-17  01:10:00  18 17 28.5  -11 52 24  +000884.1 +000079.6  22 33 52.1  155.850 28.607  67.91  38797 16.9
2010-04-17  01:20:00  18 27 17.8  -11 38 52  +000884.1 +000082.8  22 34 04.4  155.830 28.838  70.31  38764 16.9
2010-04-17  01:30:00  18 37 07.3  -11 24 49  +000884.3 +000085.8  22 34 16.6  155.808 29.076  72.73  38728 17.0
2010-04-17  01:40:00  18 46 56.9  -11 10 16  +000884.6 +000088.7  22 34 28.6  155.782 29.323  75.13  38688 17.0
2010-04-17  01:50:00  18 56 46.7  -10 55 16  +000885.0 +000091.4  22 34 40.4  155.752 29.576  77.56  38646 17.1
2010-04-17  02:00:00  19 06 36.9  -10 39 49  +000885.5 +000094.0  22 34 51.9  155.718 29.836  79.97  38601 17.2
2010-04-17  02:10:00  19 16 27.5  -10 23 57  +000886.2 +000096.4  22 35 02.9  155.680 30.102  82.40  38553 17.2

   Date        UTC        RA         DECL      RARate   DeclRate    HourAng      Az     Um    Phase  Range  Mag
2010-04-17  17:50:00  12 07 17.9  -11 48 20  +000938.2 -000081.2  21 26 47.0  138.974 22.432  23.38  38197 16.3
2010-04-17  18:00:00  12 17 42.6  -12 01 33  +000935.9 -000077.3  21 26 23.9  138.995 22.194  20.85  38280 16.2
2010-04-17  18:10:00  12 28 05.7  -12 14 06  +000933.6 -000073.3  21 26 02.4  139.015 21.968  18.32  38362 16.2
2010-04-17  18:20:00  12 38 27.4  -12 25 59  +000931.3 -000069.2  21 25 42.4  139.036 21.754  15.82  38441 16.2
2010-04-17  18:30:00  12 48 47.5  -12 37 10  +000929.1 -000065.0  21 25 23.9  139.057 21.554  13.33  38519 16.2
2010-04-17  18:40:00  12 59 06.1  -12 47 39  +000926.9 -000060.7  21 25 06.9  139.079 21.367  10.88  38595 16.2
2010-04-17  18:50:00  13 09 23.4  -12 57 25  +000924.7 -000056.4  21 24 51.3  139.099 21.194   8.47  38669 16.2
2010-04-17  19:00:00  13 19 39.1  -13 06 26  +000922.6 -000051.9  21 24 37.2  139.119 21.034   6.16  38740 16.2
2010-04-17  19:10:00  13 29 53.5  -13 14 43     <<SHADOW>>        21 24 24.5  139.139 20.888   4.08  38809 ----
2010-04-17  19:20:00  13 40 06.5  -13 22 15     <<SHADOW>>        21 24 13.2  139.158 20.755   2.80  38876 ----
2010-04-17  19:30:00  13 50 18.1  -13 29 01     <<SHADOW>>        21 24 03.2  139.175 20.637   3.38  38940 ----
2010-04-17  19:40:00  14 00 28.4  -13 35 01     <<SHADOW>>        21 23 54.6  139.192 20.532   5.21  39001 ----
2010-04-17  19:50:00  14 10 37.3  -13 40 15     <<SHADOW>>        21 23 47.2  139.207 20.441   7.43  39059 ----
2010-04-17  20:00:00  14 20 45.0  -13 44 42     <<SHADOW>>        21 23 41.2  139.220 20.364   9.75  39114 ----
2010-04-17  20:10:00  14 30 51.4  -13 48 22  +000908.7 -000019.6  21 23 36.4  139.232 20.301  12.13  39166 16.2
2010-04-17  20:20:00  14 40 56.6  -13 51 15  +000906.8 -000014.9  21 23 32.9  139.243 20.252  14.52  39215 16.3
2010-04-17  20:30:00  14 51 00.6  -13 53 21  +000905.1 -000010.2  21 23 30.6  139.251 20.216  16.93  39261 16.3
2010-04-17  20:40:00  15 01 03.4  -13 54 40  +000903.3 -000005.6  21 23 29.4  139.258 20.195  19.33  39304 16.3
2010-04-17  20:50:00  15 11 05.0  -13 55 12  +000901.6 -000000.9  21 23 29.4  139.262 20.187  21.75  39343 16.3
2010-04-17  21:00:00  15 21 05.6  -13 54 58  +000900.0 +000003.7  21 23 30.5  139.264 20.192  24.16  39379 16.3
2010-04-17  21:10:00  15 31 05.0  -13 53 57  +000898.4 +000008.4  21 23 32.7  139.264 20.211  26.57  39411 16.3
2010-04-17  21:20:00  15 41 03.5  -13 52 11  +000896.9 +000012.9  21 23 35.9  139.262 20.243  28.97  39440 16.4
2010-04-17  21:30:00  15 51 00.9  -13 49 39  +000895.4 +000017.5  21 23 40.1  139.257 20.289  31.39  39465 16.4
2010-04-17  21:40:00  16 00 57.4  -13 46 21  +000894.0 +000022.0  21 23 45.2  139.250 20.347  33.78  39487 16.4
2010-04-17  21:50:00  16 10 53.0  -13 42 20  +000892.7 +000026.4  21 23 51.3  139.240 20.418  36.19  39505 16.4
2010-04-17  22:00:00  16 20 47.7  -13 37 34  +000891.4 +000030.8  21 23 58.2  139.227 20.501  38.59  39520 16.5
2010-04-17  22:10:00  16 30 41.6  -13 32 04  +000890.3 +000035.1  21 24 06.0  139.211 20.597  40.99  39531 16.5
2010-04-17  22:20:00  16 40 34.7  -13 25 52  +000889.1 +000039.3  21 24 14.5  139.193 20.704  43.38  39538 16.5
2010-04-17  22:30:00  16 50 27.1  -13 18 58  +000888.1 +000043.5  21 24 23.7  139.171 20.824  45.79  39541 16.6
2010-04-17  22:40:00  17 00 18.9  -13 11 22  +000887.2 +000047.6  21 24 33.6  139.146 20.954  48.18  39541 16.6
2010-04-17  22:50:00  17 10 10.0  -13 03 06  +000886.3 +000051.6  21 24 44.1  139.118 21.096  50.58  39538 16.6
2010-04-17  23:00:00  17 20 00.7  -12 54 10  +000885.6 +000055.5  21 24 55.1  139.087 21.249  52.97  39530 16.7
2010-04-17  23:10:00  17 29 50.8  -12 44 36  +000884.9 +000059.3  21 25 06.6  139.052 21.412  55.37  39520 16.7
2010-04-17  23:20:00  17 39 40.6  -12 34 24  +000884.4 +000063.1  21 25 18.5  139.013 21.585  57.76  39505 16.7
2010-04-17  23:30:00  17 49 30.0  -12 23 35  +000883.9 +000066.7  21 25 30.8  138.971 21.768  60.17  39487 16.8
2010-04-17  23:40:00  17 59 19.1  -12 12 11  +000883.5 +000070.2  21 25 43.3  138.925 21.960  62.56  39466 16.8
2010-04-17  23:50:00  18 09 08.0  -12 00 12  +000883.3 +000073.6  21 25 56.0  138.874 22.161  64.97  39441 16.9
2010-04-18  00:00:00  18 18 56.9  -11 47 40  +000883.2 +000076.8  21 26 08.8  138.820 22.370  67.36  39413 16.9
2010-04-18  00:10:00  18 28 45.7  -11 34 36  +000883.2 +000080.0  21 26 21.6  138.760 22.587  69.77  39381 17.0
2010-04-18  00:20:00  18 38 34.5  -11 21 01  +000883.3 +000083.0  21 26 34.4  138.697 22.812  72.17  39347 17.0
2010-04-18  00:30:00  18 48 23.5  -11 06 57  +000883.6 +000085.9  21 26 47.1  138.628 23.044  74.59  39309 17.1
2010-04-18  00:40:00  18 58 12.6  -10 52 24  +000883.9 +000088.6  21 26 59.6  138.555 23.282  77.00  39268 17.1
2010-04-18  00:50:00  19 08 02.1  -10 37 25  +000884.5 +000091.3  21 27 11.8  138.477 23.527  79.42  39224 17.2
2010-04-18  01:00:00  19 17 51.9  -10 21 59  +000885.1 +000093.7  21 27 23.6  138.393 23.776  81.83  39177 17.2
2010-04-18  01:10:00  19 27 42.2  -10 06 10  +000885.9 +000096.1  21 27 34.9  138.303 24.031  84.26  39127 17.3
2010-04-18  01:20:00  19 37 33.1  -09 49 59  +000886.8 +000098.2  21 27 45.7  138.208 24.291  86.68  39075 17.4
2010-04-18  01:30:00  19 47 24.6  -09 33 27  +000887.8 +000100.2  21 27 55.8  138.107 24.554  89.12  39020 17.4
2010-04-18  01:40:00  19 57 16.9  -09 16 35  +000889.0 +000102.1  21 28 05.1  138.000 24.820  91.55  38962 17.5
2010-04-18  01:50:00  20 07 10.0  -08 59 26  +000890.4 +000103.8  21 28 13.7  137.887 25.089  94.00  38902 17.6
2010-04-18  02:00:00  20 17 04.1  -08 42 01  +000891.8 +000105.3  21 28 21.3  137.767 25.360  96.44  38840 17.6

   Date        UTC        RA         DECL      RARate   DeclRate    HourAng      Az     Um    Phase  Range  Mag
2010-04-18  17:50:00  13 19 49.2  -12 45 25  +000922.8 -000052.8  20 18 12.2  124.536 12.801   6.71  39546 16.2
2010-04-18  18:00:00  13 30 03.7  -12 53 51  +000920.7 -000048.5  20 17 59.3  124.577 12.657   4.41  39617 16.2
2010-04-18  18:10:00  13 40 16.9  -13 01 34     <<SHADOW>>        20 17 47.8  124.614 12.525   2.52  39687 ----
2010-04-18  18:20:00  13 50 28.6  -13 08 32     <<SHADOW>>        20 17 37.7  124.650 12.407   2.38  39753 ----
2010-04-18  18:30:00  14 00 39.0  -13 14 45     <<SHADOW>>        20 17 29.0  124.682 12.302   4.16  39817 ----
2010-04-18  18:40:00  14 10 48.0  -13 20 13     <<SHADOW>>        20 17 21.6  124.711 12.210   6.41  39878 ----
2010-04-18  18:50:00  14 20 55.8  -13 24 56     <<SHADOW>>        20 17 15.5  124.738 12.132   8.78  39936 ----
2010-04-18  19:00:00  14 31 02.2  -13 28 52     <<SHADOW>>        20 17 10.7  124.760 12.067  11.17  39990 ----
2010-04-18  19:10:00  14 41 07.5  -13 32 03  +000906.9 -000016.8  20 17 07.1  124.780 12.016  13.59  40042 16.3
2010-04-18  19:20:00  14 51 11.5  -13 34 28  +000905.1 -000012.2  20 17 04.7  124.796 11.977  16.01  40091 16.3
2010-04-18  19:30:00  15 01 14.3  -13 36 06  +000903.3 -000007.6  20 17 03.6  124.808 11.952  18.43  40136 16.3
2010-04-18  19:40:00  15 11 15.9  -13 36 59  +000901.6 -000003.0  20 17 03.5  124.817 11.940  20.85  40178 16.3
2010-04-18  19:50:00  15 21 16.5  -13 37 07  +000900.0 +000001.5  20 17 04.7  124.822 11.941  23.27  40216 16.4
2010-04-18  20:00:00  15 31 15.9  -13 36 29  +000898.4 +000006.1  20 17 06.9  124.823 11.955  25.68  40251 16.4
2010-04-18  20:10:00  15 41 14.3  -13 35 06  +000896.8 +000010.6  20 17 10.1  124.820 11.982  28.10  40283 16.4
2010-04-18  20:20:00  15 51 11.7  -13 32 58  +000895.3 +000015.0  20 17 14.4  124.814 12.021  30.51  40310 16.4
2010-04-18  20:30:00  16 01 08.1  -13 30 05  +000893.9 +000019.4  20 17 19.6  124.803 12.072  32.92  40335 16.5
2010-04-18  20:40:00  16 11 03.5  -13 26 29  +000892.5 +000023.8  20 17 25.8  124.788 12.135  35.32  40355 16.5
2010-04-18  20:50:00  16 20 58.1  -13 22 10  +000891.2 +000028.1  20 17 32.9  124.769 12.211  37.73  40372 16.5
2010-04-18  21:00:00  16 30 51.9  -13 17 07  +000890.0 +000032.4  20 17 40.8  124.745 12.297  40.13  40386 16.5
2010-04-18  21:10:00  16 40 44.8  -13 11 23  +000888.9 +000036.5  20 17 49.4  124.717 12.396  42.53  40395 16.6
2010-04-18  21:20:00  16 50 37.1  -13 04 57  +000887.8 +000040.7  20 17 58.9  124.685 12.505  44.92  40401 16.6
2010-04-18  21:30:00  17 00 28.6  -12 57 50  +000886.8 +000044.7  20 18 08.9  124.649 12.625  47.33  40404 16.6
2010-04-18  21:40:00  17 10 19.5  -12 50 04  +000885.9 +000048.6  20 18 19.7  124.608 12.756  49.72  40402 16.7
2010-04-18  21:50:00  17 20 09.9  -12 41 38  +000885.2 +000052.5  20 18 31.0  124.562 12.897  52.12  40397 16.7
2010-04-18  22:00:00  17 29 59.7  -12 32 34  +000884.5 +000056.3  20 18 42.7  124.512 13.048  54.51  40389 16.7
2010-04-18  22:10:00  17 39 49.2  -12 22 53  +000883.9 +000060.0  20 18 55.0  124.457 13.208  56.92  40376 16.8
2010-04-18  22:20:00  17 49 38.2  -12 12 35  +000883.4 +000063.5  20 19 07.5  124.397 13.377  59.31  40360 16.8
2010-04-18  22:30:00  17 59 27.0  -12 01 43  +000883.0 +000067.0  20 19 20.4  124.332 13.555  61.71  40341 16.9
2010-04-18  22:40:00  18 09 15.6  -11 50 16  +000882.7 +000070.4  20 19 33.5  124.262 13.741  64.10  40318 16.9
2010-04-18  22:50:00  18 19 03.9  -11 38 16  +000882.5 +000073.6  20 19 46.8  124.188 13.935  66.51  40292 16.9
2010-04-18  23:00:00  18 28 52.3  -11 25 44  +000882.5 +000076.8  20 20 00.1  124.108 14.137  68.90  40262 17.0
2010-04-18  23:10:00  18 38 40.6  -11 12 41  +000882.5 +000079.8  20 20 13.4  124.023 14.345  71.32  40229 17.0
2010-04-18  23:20:00  18 48 29.0  -10 59 09  +000882.7 +000082.7  20 20 26.6  123.932 14.560  73.72  40193 17.1
2010-04-18  23:30:00  18 58 17.6  -10 45 09  +000883.1 +000085.4  20 20 39.6  123.837 14.781  76.13  40154 17.1
2010-04-18  23:40:00  19 08 06.5  -10 30 41  +000883.5 +000088.0  20 20 52.4  123.735 15.007  78.54  40111 17.2
2010-04-18  23:50:00  19 17 55.7  -10 15 48  +000884.1 +000090.5  20 21 04.9  123.628 15.238  80.96  40066 17.3
2010-04-19  00:00:00  19 27 45.3  -10 00 32  +000884.8 +000092.9  20 21 16.9  123.516 15.474  83.37  40018 17.3
2010-04-19  00:10:00  19 37 35.4  -09 44 52  +000885.7 +000095.0  20 21 28.4  123.397 15.713  85.80  39967 17.4
2010-04-19  00:20:00  19 47 26.2  -09 28 51  +000886.7 +000097.1  20 21 39.3  123.273 15.956  88.22  39913 17.5
2010-04-19  00:30:00  19 57 17.7  -09 12 31  +000887.8 +000099.0  20 21 49.4  123.142 16.201  90.66  39857 17.5
2010-04-19  00:40:00  20 07 10.0  -08 55 53  +000889.1 +000100.7  20 21 58.8  123.006 16.449  93.09  39798 17.6
2010-04-19  00:50:00  20 17 03.1  -08 38 58  +000890.5 +000102.2  20 22 07.3  122.863 16.698  95.54  39737 17.7
2010-04-19  01:00:00  20 26 57.3  -08 21 49  +000892.0 +000103.6  20 22 14.7  122.714 16.947  97.98  39674 17.7
2010-04-19  01:10:00  20 36 52.5  -08 04 27  +000893.7 +000104.8  20 22 21.2  122.559 17.197 100.44  39608 17.8
2010-04-19  01:20:00  20 46 48.9  -07 46 53  +000895.5 +000105.9  20 22 26.4  122.397 17.447 102.89  39541 17.9
2010-04-19  01:30:00  20 56 46.6  -07 29 10  +000897.5 +000106.7  20 22 30.4  122.229 17.695 105.36  39472 18.0
2010-04-19  01:40:00  21 06 45.6  -07 11 20  +000899.6 +000107.4  20 22 33.0  122.054 17.942 107.82  39401 18.1
2010-04-19  01:50:00  21 16 46.1  -06 53 23  +000901.8 +000107.8  20 22 34.2  121.873 18.186 110.30  39329 18.2
2010-04-19  02:00:00  21 26 48.1  -06 35 24  +000904.2 +000108.1  20 22 33.8  121.685 18.428 112.77  39255 18.3
