ЭФЕМЕРИДЫ ПО ОБЪЕКТУ:  43148
Для пункта:  10016 Маяки   46 23'50.68"   30 16'17.74"    14m
C   2010-04-15 12:00
по  2010-05-01 12:00
Шаг  0:10:00
Мин.угол места:          10 град
Макс.угол места Солнца: -10 град
Стандартный блеск :      10.0 (зв.вел.)

ОБОЗНАЧЕНИЯ
RA        прямое восхождение, тек.эпоха
DECL      склонение, тек.эпоха
RARate    скорость по пр.восх., арксек/мин
DeclRate  скорость по склонению, арксек/мин
HourAng   часовой угол
Az        азимут
Um        угол места
Phase     фазовый угол
Range     дальность
Mag       зв.величина (оценка)

   Date        UTC        RA         DECL      RARate   DeclRate    HourAng      Az     Um    Phase  Range  Mag
2010-04-23  18:00:00  04 42 56.4  +05 37 29  +000941.2 -000039.2  05 24 49.4  267.521 10.131 140.43  40043 20.5
2010-04-23  18:10:00  04 53 23.2  +05 30 13  +000939.1 -000048.0  05 24 24.3  267.359 10.116 137.87  40077 20.3
2010-04-23  18:20:00  05 03 48.5  +05 21 30  +000936.8 -000056.6  05 24 00.6  267.185 10.079 135.32  40113 20.1
2010-04-23  18:30:00  05 14 12.2  +05 11 22  +000934.3 -000065.0  05 23 38.6  266.999 10.020 132.76  40152 19.9

   Date        UTC        RA         DECL      RARate   DeclRate    HourAng      Az     Um    Phase  Range  Mag
2010-04-24  18:00:00  05 17 59.2  +05 12 11  +000934.1 -000068.5  04 53 43.2  261.472 15.161 132.72  39617 19.9
2010-04-24  18:10:00  05 28 21.1  +05 00 05  +000931.5 -000076.7  04 53 23.0  261.266 15.072 130.16  39658 19.7
2010-04-24  18:20:00  05 38 41.1  +04 46 37  +000928.7 -000084.8  04 53 04.5  261.049 14.960 127.61  39700 19.6
2010-04-24  18:30:00  05 48 59.4  +04 31 50  +000925.9 -000092.6  04 52 48.0  260.823 14.827 125.05  39745 19.4
2010-04-24  18:40:00  05 59 15.6  +04 15 45  +000923.0 -000100.2  04 52 33.3  260.588 14.673 122.51  39791 19.3
2010-04-24  18:50:00  06 09 30.0  +03 58 26  +000920.0 -000107.6  04 52 20.6  260.345 14.498 119.95  39839 19.2
2010-04-24  19:00:00  06 19 42.3  +03 39 54  +000917.0 -000114.6  04 52 09.9  260.094 14.302 117.41  39888 19.0
2010-04-24  19:10:00  06 29 52.6  +03 20 14  +000914.0 -000121.4  04 52 01.2  259.837 14.086 114.86  39939 18.9
2010-04-24  19:20:00  06 40 00.9  +02 59 27  +000910.9 -000127.9  04 51 54.6  259.573 13.851 112.33  39991 18.8
2010-04-24  19:30:00  06 50 07.2  +02 37 36  +000907.9 -000134.1  04 51 50.0  259.304 13.597 109.79  40045 18.7
2010-04-24  19:40:00  07 00 11.4  +02 14 45  +000904.8 -000140.0  04 51 47.4  259.031 13.324 107.27  40099 18.6
2010-04-24  19:50:00  07 10 13.6  +01 50 57  +000901.8 -000145.6  04 51 46.8  258.753 13.034 104.74  40155 18.5
2010-04-24  20:00:00  07 20 13.9  +01 26 14  +000898.9 -000150.9  04 51 48.2  258.471 12.727 102.22  40211 18.4
2010-04-24  20:10:00  07 30 12.2  +01 00 40  +000896.1 -000155.8  04 51 51.5  258.187 12.403  99.69  40269 18.3
2010-04-24  20:20:00  07 40 08.7  +00 34 19  +000893.3 -000160.4  04 51 56.7  257.900 12.064  97.19  40327 18.3
2010-04-24  20:30:00  07 50 03.3  +00 07 14  +000890.6 -000164.7  04 52 03.7  257.611 11.711  94.67  40385 18.2
2010-04-24  20:40:00  07 59 56.2  -00 20 33  +000888.0 -000168.6  04 52 12.5  257.321 11.344  92.17  40444 18.1
2010-04-24  20:50:00  08 09 47.4  -00 48 57  +000885.6 -000172.2  04 52 22.9  257.029 10.965  89.67  40503 18.0
2010-04-24  21:00:00  08 19 37.0  -01 17 55  +000883.3 -000175.4  04 52 35.0  256.737 10.573  87.18  40563 18.0
2010-04-24  21:10:00  08 29 25.1  -01 47 25  +000881.1 -000178.4  04 52 48.5  256.443 10.171  84.68  40622 17.9

   Date        UTC        RA         DECL      RARate   DeclRate    HourAng      Az     Um    Phase  Range  Mag
2010-04-25  18:00:00  05 53 10.3  +04 30 37  +000925.4 -000096.3  04 22 28.6  254.973 19.923 124.91  39232 19.4
2010-04-25  18:10:00  06 03 26.2  +04 13 56  +000922.4 -000103.9  04 22 14.4  254.728 19.755 122.36  39279 19.3
2010-04-25  18:20:00  06 13 40.2  +03 56 00  +000919.4 -000111.2  04 22 02.1  254.476 19.566 119.82  39327 19.1
2010-04-25  18:30:00  06 23 52.1  +03 36 52  +000916.3 -000118.3  04 21 51.8  254.217 19.357 117.27  39377 19.0
2010-04-25  18:40:00  06 34 01.9  +03 16 35  +000913.2 -000125.1  04 21 43.6  253.952 19.127 114.73  39428 18.9
2010-04-25  18:50:00  06 44 09.7  +02 55 11  +000910.1 -000131.6  04 21 37.4  253.682 18.877 112.19  39480 18.8
2010-04-25  19:00:00  06 54 15.4  +02 32 44  +000907.1 -000137.8  04 21 33.4  253.407 18.608 109.66  39534 18.7
2010-04-25  19:10:00  07 04 19.1  +02 09 16  +000904.0 -000143.7  04 21 31.3  253.128 18.320 107.12  39589 18.6
2010-04-25  19:20:00  07 14 20.8  +01 44 52  +000901.0 -000149.2  04 21 31.3  252.845 18.014 104.61  39644 18.5
2010-04-25  19:30:00  07 24 20.5  +01 19 33  +000898.0 -000154.4  04 21 33.3  252.560 17.692 102.08  39701 18.4
2010-04-25  19:40:00  07 34 18.2  +00 53 24  +000895.2 -000159.3  04 21 37.2  252.272 17.352  99.57  39758 18.3
2010-04-25  19:50:00  07 44 14.1  +00 26 28  +000892.4 -000163.9  04 21 43.0  251.983 16.998  97.05  39816 18.2
2010-04-25  20:00:00  07 54 08.1  -00 01 12  +000889.7 -000168.1  04 21 50.6  251.692 16.629  94.55  39875 18.1
2010-04-25  20:10:00  08 04 00.4  -00 29 33  +000887.2 -000172.0  04 21 59.9  251.400 16.246  92.04  39933 18.1
2010-04-25  20:20:00  08 13 51.0  -00 58 31  +000884.7 -000175.5  04 22 10.9  251.109 15.850  89.54  39993 18.0
2010-04-25  20:30:00  08 23 40.1  -01 28 02  +000882.5 -000178.7  04 22 23.5  250.816 15.443  87.04  40052 17.9
2010-04-25  20:40:00  08 33 27.6  -01 58 04  +000880.3 -000181.6  04 22 37.6  250.525 15.025  84.56  40111 17.9
2010-04-25  20:50:00  08 43 13.9  -02 28 32  +000878.3 -000184.1  04 22 53.0  250.234 14.598  82.07  40171 17.8
2010-04-25  21:00:00  08 52 58.8  -02 59 24  +000876.5 -000186.2  04 23 09.7  249.944 14.161  79.59  40230 17.7
2010-04-25  21:10:00  09 02 42.6  -03 30 36  +000874.9 -000188.0  04 23 27.5  249.655 13.717  77.11  40288 17.7
2010-04-25  21:20:00  09 12 25.4  -04 02 04  +000873.5 -000189.5  04 23 46.4  249.367 13.267  74.64  40347 17.6
2010-04-25  21:30:00  09 22 07.3  -04 33 45  +000872.2 -000190.7  04 24 06.2  249.081 12.811  72.17  40404 17.6
2010-04-25  21:40:00  09 31 48.4  -05 05 36  +000871.2 -000191.5  04 24 26.7  248.796 12.351  69.71  40461 17.5
2010-04-25  21:50:00  09 41 28.9  -05 37 34  +000870.3 -000191.9  04 24 47.8  248.513 11.887  67.24  40517 17.5
2010-04-25  22:00:00  09 51 08.9  -06 09 34  +000869.7 -000192.1  04 25 09.5  248.232 11.421  64.79  40572 17.4
2010-04-25  22:10:00  10 00 48.5  -06 41 35  +000869.2 -000191.9  04 25 31.5  247.953 10.954  62.33  40626 17.4
2010-04-25  22:20:00  10 10 27.9  -07 13 31  +000869.0 -000191.4  04 25 53.8  247.676 10.488  59.89  40679 17.3
2010-04-25  22:30:00  10 20 07.2  -07 45 21  +000868.9 -000190.5  04 26 16.1  247.402 10.022  57.44  40730 17.3

   Date        UTC        RA         DECL      RARate   DeclRate    HourAng      Az     Um    Phase  Range  Mag
2010-04-26  18:10:00  06 38 35.3  +03 12 37  +000912.4 -000128.8  03 51 01.8  247.656 24.073 114.49  38947 18.9
2010-04-26  18:20:00  06 48 42.6  +02 50 37  +000909.3 -000135.2  03 50 56.2  247.380 23.806 111.96  39000 18.7
2010-04-26  18:30:00  06 58 47.7  +02 27 34  +000906.2 -000141.4  03 50 52.7  247.101 23.519 109.42  39054 18.6
2010-04-26  18:40:00  07 08 50.8  +02 03 30  +000903.1 -000147.2  03 50 51.3  246.818 23.213 106.90  39108 18.5
2010-04-26  18:50:00  07 18 51.9  +01 38 30  +000900.1 -000152.8  03 50 51.8  246.533 22.889 104.37  39164 18.4
2010-04-26  19:00:00  07 28 50.9  +01 12 36  +000897.1 -000157.9  03 50 54.4  246.247 22.548 101.85  39221 18.4
2010-04-26  19:10:00  07 38 48.0  +00 45 52  +000894.2 -000162.8  03 50 58.9  245.959 22.190  99.33  39278 18.3
2010-04-26  19:20:00  07 48 43.3  +00 18 21  +000891.5 -000167.3  03 51 05.4  245.670 21.817  96.82  39336 18.2
2010-04-26  19:30:00  07 58 36.7  -00 09 53  +000888.8 -000171.5  03 51 13.6  245.381 21.429  94.31  39395 18.1
2010-04-26  19:40:00  08 08 28.4  -00 38 47  +000886.2 -000175.3  03 51 23.6  245.092 21.027  91.81  39454 18.0
2010-04-26  19:50:00  08 18 18.4  -01 08 18  +000883.8 -000178.8  03 51 35.2  244.804 20.613  89.31  39513 18.0
2010-04-26  20:00:00  08 28 06.9  -01 38 21  +000881.6 -000181.9  03 51 48.3  244.516 20.187  86.82  39572 17.9
2010-04-26  20:10:00  08 37 53.9  -02 08 54  +000879.5 -000184.7  03 52 03.0  244.230 19.751  84.33  39631 17.8
2010-04-26  20:20:00  08 47 39.5  -02 39 53  +000877.5 -000187.1  03 52 19.0  243.945 19.305  81.85  39690 17.8
2010-04-26  20:30:00  08 57 24.0  -03 11 15  +000875.8 -000189.2  03 52 36.2  243.662 18.850  79.36  39749 17.7
2010-04-26  20:40:00  09 07 07.3  -03 42 55  +000874.2 -000190.9  03 52 54.5  243.380 18.388  76.89  39808 17.6
2010-04-26  20:50:00  09 16 49.6  -04 14 52  +000872.8 -000192.3  03 53 13.8  243.101 17.920  74.41  39866 17.6
2010-04-26  21:00:00  09 26 31.1  -04 47 00  +000871.6 -000193.3  03 53 34.0  242.824 17.446  71.95  39923 17.5
2010-04-26  21:10:00  09 36 11.8  -05 19 18  +000870.6 -000194.0  03 53 54.9  242.549 16.968  69.48  39980 17.5
2010-04-26  21:20:00  09 45 51.9  -05 51 40  +000869.8 -000194.4  03 54 16.4  242.276 16.488  67.03  40036 17.4
2010-04-26  21:30:00  09 55 31.6  -06 24 05  +000869.2 -000194.4  03 54 38.4  242.006 16.005  64.57  40091 17.4
2010-04-26  21:40:00  10 05 11.0  -06 56 28  +000868.9 -000194.1  03 55 00.7  241.739 15.522  62.12  40145 17.4
2010-04-26  21:50:00  10 14 50.1  -07 28 47  +000868.7 -000193.5  03 55 23.2  241.473 15.039  59.67  40197 17.3
2010-04-26  22:00:00  10 24 29.3  -08 00 57  +000868.7 -000192.6  03 55 45.7  241.211 14.558  57.23  40248 17.3
2010-04-26  22:10:00  10 34 08.5  -08 32 57  +000869.0 -000191.3  03 56 08.1  240.951 14.079  54.79  40298 17.2
2010-04-26  22:20:00  10 43 48.0  -09 04 42  +000869.5 -000189.7  03 56 30.2  240.693 13.604  52.36  40346 17.2
2010-04-26  22:30:00  10 53 27.8  -09 36 10  +000870.1 -000187.8  03 56 52.0  240.438 13.133  49.92  40393 17.2
2010-04-26  22:40:00  11 03 08.2  -10 07 17  +000871.0 -000185.5  03 57 13.3  240.186 12.668  47.49  40437 17.1
2010-04-26  22:50:00  11 12 49.1  -10 37 59  +000872.0 -000183.0  03 57 34.0  239.936 12.210  45.06  40480 17.1
2010-04-26  23:00:00  11 22 30.9  -11 08 15  +000873.3 -000180.1  03 57 53.9  239.689 11.760  42.65  40520 17.1
2010-04-26  23:10:00  11 32 13.5  -11 38 01  +000874.7 -000177.0  03 58 12.9  239.445 11.319  40.22  40559 17.0
2010-04-26  23:20:00  11 41 57.2  -12 07 14  +000876.3 -000173.5  03 58 30.9  239.204 10.887  37.81  40595 17.0
2010-04-26  23:30:00  11 51 42.0  -12 35 50  +000878.1 -000169.8  03 58 47.7  238.965 10.466  35.39  40629 17.0
2010-04-26  23:40:00  12 01 28.0  -13 03 48  +000880.0 -000165.7  03 59 03.4  238.730 10.056  32.99  40660 17.0

   Date        UTC        RA         DECL      RARate   DeclRate    HourAng      Az     Um    Phase  Range  Mag
2010-04-27  18:10:00  07 13 45.7  +01 57 25  +000902.1 -000150.7  03 19 48.0  239.976 27.919 106.56  38668 18.5
2010-04-27  18:20:00  07 23 46.1  +01 31 50  +000899.1 -000156.2  03 19 49.3  239.693 27.574 104.04  38724 18.4
2010-04-27  18:30:00  07 33 44.5  +01 05 22  +000896.1 -000161.4  03 19 52.5  239.410 27.212 101.52  38781 18.3
2010-04-27  18:40:00  07 43 40.9  +00 38 04  +000893.3 -000166.2  03 19 57.7  239.126 26.832  99.01  38838 18.2
2010-04-27  18:50:00  07 53 35.5  +00 10 00  +000890.5 -000170.6  03 20 04.7  238.844 26.438  96.49  38896 18.2
2010-04-27  19:00:00  08 03 28.3  -00 18 47  +000887.8 -000174.7  03 20 13.6  238.562 26.028  93.99  38955 18.1
2010-04-27  19:10:00  08 13 19.3  -00 48 13  +000885.3 -000178.5  03 20 24.2  238.281 25.605  91.49  39013 18.0
2010-04-27  19:20:00  08 23 08.8  -01 18 15  +000882.9 -000181.9  03 20 36.4  238.002 25.170  89.00  39072 17.9
2010-04-27  19:30:00  08 32 56.6  -01 48 49  +000880.7 -000184.9  03 20 50.2  237.725 24.723  86.50  39131 17.9
2010-04-27  19:40:00  08 42 43.1  -02 19 52  +000878.6 -000187.6  03 21 05.4  237.451 24.265  84.01  39191 17.8
2010-04-27  19:50:00  08 52 28.2  -02 51 20  +000876.7 -000190.0  03 21 22.0  237.178 23.798  81.52  39250 17.7
2010-04-27  20:00:00  09 02 12.1  -03 23 10  +000875.0 -000192.0  03 21 39.7  236.908 23.323  79.05  39308 17.7
2010-04-27  20:10:00  09 11 54.9  -03 55 18  +000873.5 -000193.6  03 21 58.5  236.641 22.841  76.57  39367 17.6
2010-04-27  20:20:00  09 21 36.8  -04 27 42  +000872.2 -000194.9  03 22 18.3  236.377 22.353  74.10  39424 17.6
2010-04-27  20:30:00  09 31 17.8  -05 00 16  +000871.0 -000195.9  03 22 38.9  236.115 21.860  71.63  39482 17.5
2010-04-27  20:40:00  09 40 58.2  -05 32 58  +000870.1 -000196.5  03 23 00.1  235.856 21.363  69.18  39538 17.5
2010-04-27  20:50:00  09 50 38.0  -06 05 44  +000869.4 -000196.7  03 23 22.0  235.600 20.863  66.71  39594 17.4
2010-04-27  21:00:00  10 00 17.4  -06 38 31  +000868.9 -000196.7  03 23 44.2  235.347 20.362  64.26  39648 17.4
2010-04-27  21:10:00  10 09 56.5  -07 11 16  +000868.6 -000196.2  03 24 06.7  235.097 19.861  61.81  39702 17.3
2010-04-27  21:20:00  10 19 35.5  -07 43 55  +000868.5 -000195.5  03 24 29.4  234.850 19.360  59.37  39754 17.3
2010-04-27  21:30:00  10 29 14.6  -08 16 25  +000868.6 -000194.4  03 24 52.0  234.605 18.861  56.92  39805 17.2
2010-04-27  21:40:00  10 38 53.7  -08 48 43  +000868.9 -000193.0  03 25 14.5  234.363 18.366  54.48  39855 17.2
2010-04-27  21:50:00  10 48 33.2  -09 20 45  +000869.5 -000191.3  03 25 36.7  234.124 17.874  52.04  39903 17.2
2010-04-27  22:00:00  10 58 13.0  -09 52 28  +000870.2 -000189.3  03 25 58.4  233.887 17.388  49.62  39949 17.1
2010-04-27  22:10:00  11 07 53.5  -10 23 50  +000871.1 -000186.9  03 26 19.6  233.653 16.907  47.18  39993 17.1
2010-04-27  22:20:00  11 17 34.6  -10 54 46  +000872.3 -000184.2  03 26 40.2  233.422 16.434  44.76  40036 17.1
2010-04-27  22:30:00  11 27 16.5  -11 25 13  +000873.6 -000181.2  03 26 59.9  233.193 15.970  42.33  40076 17.0
2010-04-27  22:40:00  11 36 59.5  -11 55 10  +000875.1 -000177.9  03 27 18.6  232.967 15.514  39.92  40114 17.0
2010-04-27  22:50:00  11 46 43.4  -12 24 31  +000876.8 -000174.4  03 27 36.3  232.744 15.069  37.50  40150 17.0
2010-04-27  23:00:00  11 56 28.5  -12 53 16  +000878.6 -000170.5  03 27 52.8  232.523 14.635  35.10  40184 17.0
2010-04-27  23:10:00  12 06 15.0  -13 21 20  +000880.6 -000166.3  03 28 08.0  232.304 14.213  32.68  40216 16.9
2010-04-27  23:20:00  12 16 02.7  -13 48 40  +000882.8 -000161.8  03 28 21.9  232.089 13.804  30.28  40244 16.9
2010-04-27  23:30:00  12 25 52.0  -14 15 15  +000885.0 -000157.0  03 28 34.3  231.876 13.409  27.88  40271 16.9
2010-04-27  23:40:00  12 35 42.8  -14 40 60  +000887.4 -000152.0  03 28 45.1  231.667 13.029  25.49  40294 16.9
2010-04-27  23:50:00  12 45 35.3  -15 05 53  +000890.0 -000146.6  03 28 54.3  231.461 12.665  23.10  40315 16.9
2010-04-28  00:00:00  12 55 29.5  -15 29 52  +000892.6 -000141.0  03 29 01.7  231.257 12.316  20.72  40333 16.9
2010-04-28  00:10:00  13 05 25.4  -15 52 54  +000895.2 -000135.2  03 29 07.4  231.058 11.985  18.35  40349 16.8
2010-04-28  00:20:00  13 15 23.1  -16 14 55  +000898.0 -000129.1  03 29 11.4  230.862 11.672  16.00  40361 16.8
2010-04-28  00:30:00  13 25 22.7  -16 35 54  +000900.8 -000122.7  03 29 13.4  230.670 11.376  13.67  40371 16.8
2010-04-28  00:40:00  13 35 24.2  -16 55 49     <<SHADOW>>        03 29 13.6  230.483 11.100  11.39  40377 ----
2010-04-28  00:50:00  13 45 27.5  -17 14 36     <<SHADOW>>        03 29 11.9  230.300 10.844   9.16  40381 ----
2010-04-28  01:00:00  13 55 32.8  -17 32 13     <<SHADOW>>        03 29 08.2  230.121 10.608   7.08  40382 ----
2010-04-28  01:10:00  14 05 40.0  -17 48 39     <<SHADOW>>        03 29 02.7  229.948 10.392   5.29  40379 ----
2010-04-28  01:20:00  14 15 49.1  -18 03 51     <<SHADOW>>        03 28 55.3  229.781 10.198   4.20  40374 ----
2010-04-28  01:30:00  14 25 60.0  -18 17 46     <<SHADOW>>        03 28 46.0  229.619 10.025   4.38  40365 ----

   Date        UTC        RA         DECL      RARate   DeclRate    HourAng      Az     Um    Phase  Range  Mag
2010-04-28  18:10:00  07 48 55.5  +00 30 01  +000892.3 -000169.3  02 48 34.7  231.649 31.175  98.59  38447 18.2
2010-04-28  18:20:00  07 58 49.4  +00 01 26  +000889.5 -000173.7  02 48 42.5  231.381 30.756  96.09  38505 18.1
2010-04-28  18:30:00  08 08 41.5  -00 27 52  +000886.9 -000177.8  02 48 52.0  231.115 30.323  93.58  38563 18.0
2010-04-28  18:40:00  08 18 31.9  -00 57 49  +000884.4 -000181.5  02 49 03.2  230.851 29.877  91.08  38622 18.0
2010-04-28  18:50:00  08 28 20.7  -01 28 20  +000882.0 -000184.8  02 49 16.1  230.591 29.418  88.58  38681 17.9
2010-04-28  19:00:00  08 38 08.0  -01 59 23  +000879.8 -000187.8  02 49 30.5  230.334 28.948  86.10  38740 17.8
2010-04-28  19:10:00  08 47 53.8  -02 30 54  +000877.8 -000190.4  02 49 46.3  230.080 28.468  83.60  38798 17.8
2010-04-28  19:20:00  08 57 38.4  -03 02 50  +000876.0 -000192.6  02 50 03.3  229.829 27.978  81.13  38857 17.7
2010-04-28  19:30:00  09 07 21.8  -03 35 06  +000874.3 -000194.5  02 50 21.6  229.581 27.481  78.64  38915 17.6
2010-04-28  19:40:00  09 17 04.2  -04 07 40  +000872.8 -000196.1  02 50 40.8  229.338 26.977  76.17  38973 17.6
2010-04-28  19:50:00  09 26 45.6  -04 40 27  +000871.6 -000197.3  02 51 01.0  229.097 26.468  73.70  39031 17.5
2010-04-28  20:00:00  09 36 26.3  -05 13 25  +000870.5 -000198.2  02 51 22.0  228.860 25.954  71.24  39088 17.5
2010-04-28  20:10:00  09 46 06.3  -05 46 30  +000869.6 -000198.7  02 51 43.6  228.626 25.437  68.77  39144 17.4
2010-04-28  20:20:00  09 55 45.9  -06 19 38  +000869.0 -000198.8  02 52 05.7  228.396 24.917  66.32  39199 17.4
2010-04-28  20:30:00  10 05 25.0  -06 52 45  +000868.5 -000198.7  02 52 28.2  228.169 24.397  63.86  39253 17.3
2010-04-28  20:40:00  10 15 04.0  -07 25 50  +000868.3 -000198.1  02 52 50.9  227.944 23.876  61.42  39307 17.3
2010-04-28  20:50:00  10 24 42.9  -07 58 47  +000868.3 -000197.3  02 53 13.7  227.723 23.357  58.96  39358 17.3
2010-04-28  21:00:00  10 34 21.8  -08 31 35  +000868.5 -000196.1  02 53 36.4  227.504 22.841  56.53  39409 17.2
2010-04-28  21:10:00  10 44 00.9  -09 04 08  +000868.9 -000194.6  02 53 58.9  227.289 22.327  54.08  39458 17.2
2010-04-28  21:20:00  10 53 40.4  -09 36 25  +000869.6 -000192.7  02 54 21.0  227.075 21.819  51.65  39506 17.1
2010-04-28  21:30:00  11 03 20.4  -10 08 22  +000870.4 -000190.6  02 54 42.7  226.865 21.316  49.22  39552 17.1
2010-04-28  21:40:00  11 13 01.0  -10 39 56  +000871.4 -000188.1  02 55 03.8  226.656 20.820  46.80  39596 17.1
2010-04-28  21:50:00  11 22 42.3  -11 11 03  +000872.6 -000185.3  02 55 24.1  226.450 20.331  44.36  39638 17.0
2010-04-28  22:00:00  11 32 24.5  -11 41 40  +000874.0 -000182.2  02 55 43.5  226.246 19.851  41.95  39678 17.0
2010-04-28  22:10:00  11 42 07.8  -12 11 45  +000875.6 -000178.7  02 56 01.9  226.044 19.381  39.52  39716 17.0
2010-04-28  22:20:00  11 51 52.1  -12 41 14  +000877.4 -000175.0  02 56 19.2  225.844 18.922  37.12  39752 17.0
2010-04-28  22:30:00  12 01 37.6  -13 10 04  +000879.3 -000171.0  02 56 35.3  225.647 18.475  34.70  39786 16.9
2010-04-28  22:40:00  12 11 24.5  -13 38 13  +000881.4 -000166.6  02 56 50.1  225.451 18.040  32.30  39817 16.9
2010-04-28  22:50:00  12 21 12.8  -14 05 36  +000883.6 -000162.0  02 57 03.4  225.258 17.619  29.89  39845 16.9
2010-04-28  23:00:00  12 31 02.7  -14 32 12  +000885.9 -000157.1  02 57 15.2  225.066 17.212  27.49  39872 16.9
2010-04-28  23:10:00  12 40 54.1  -14 57 57  +000888.4 -000151.9  02 57 25.4  224.877 16.821  25.09  39895 16.9
2010-04-28  23:20:00  12 50 47.2  -15 22 49  +000891.0 -000146.4  02 57 33.9  224.690 16.445  22.71  39916 16.8
2010-04-28  23:30:00  13 00 42.1  -15 46 45  +000893.6 -000140.7  02 57 40.7  224.506 16.087  20.33  39934 16.8
2010-04-28  23:40:00  13 10 38.8  -16 09 43  +000896.4 -000134.7  02 57 45.7  224.324 15.746  17.97  39949 16.8
2010-04-28  23:50:00  13 20 37.3  -16 31 39  +000899.2 -000128.4  02 57 48.8  224.145 15.423  15.61  39962 16.8
2010-04-29  00:00:00  13 30 37.6  -16 52 31  +000902.0 -000121.9  02 57 50.1  223.969 15.120  13.29  39971 16.8
2010-04-29  00:10:00  13 40 39.9  -17 12 16     <<SHADOW>>        02 57 49.5  223.796 14.836  11.00  39978 ----
2010-04-29  00:20:00  13 50 44.1  -17 30 53     <<SHADOW>>        02 57 46.9  223.627 14.572   8.79  39981 ----
2010-04-29  00:30:00  14 00 50.3  -17 48 19     <<SHADOW>>        02 57 42.4  223.461 14.329   6.72  39982 ----
2010-04-29  00:40:00  14 10 58.3  -18 04 32     <<SHADOW>>        02 57 36.0  223.300 14.108   4.99  39980 ----
2010-04-29  00:50:00  14 21 08.3  -18 19 29     <<SHADOW>>        02 57 27.7  223.143 13.908   4.06  39974 ----
2010-04-29  01:00:00  14 31 20.1  -18 33 09     <<SHADOW>>        02 57 17.5  222.991 13.730   4.44  39966 ----
2010-04-29  01:10:00  14 41 33.7  -18 45 29  +000921.8 -000070.0  02 57 05.5  222.843 13.575   5.91  39954 16.8
2010-04-29  01:20:00  14 51 49.1  -18 56 29  +000924.4 -000061.8  02 56 51.8  222.702 13.442   7.87  39939 16.8
2010-04-29  01:30:00  15 02 06.3  -19 06 05  +000927.0 -000053.5  02 56 36.3  222.566 13.333  10.04  39922 16.8
2010-04-29  01:40:00  15 12 25.1  -19 14 18  +000929.4 -000045.0  02 56 19.1  222.436 13.247  12.31  39901 16.8

   Date        UTC        RA         DECL      RARate   DeclRate    HourAng      Az     Um    Phase  Range  Mag
2010-04-29  18:10:00  08 24 04.1  -01 07 33  +000883.4 -000184.2  02 17 22.7  222.697 33.716  90.59  38287 17.9
2010-04-29  18:20:00  08 33 52.3  -01 38 31  +000881.1 -000187.5  02 17 36.1  222.468 33.234  88.10  38346 17.9
2010-04-29  18:30:00  08 43 39.0  -02 10 01  +000879.0 -000190.3  02 17 51.1  222.242 32.740  85.61  38404 17.8
2010-04-29  18:40:00  08 53 24.3  -02 41 57  +000877.0 -000192.9  02 18 07.5  222.022 32.237  83.13  38463 17.7
2010-04-29  18:50:00  09 03 08.3  -03 14 17  +000875.2 -000195.1  02 18 25.0  221.805 31.725  80.64  38521 17.7
2010-04-29  19:00:00  09 12 51.3  -03 46 57  +000873.6 -000196.9  02 18 43.8  221.593 31.205  78.17  38579 17.6
2010-04-29  19:10:00  09 22 33.2  -04 19 54  +000872.2 -000198.3  02 19 03.5  221.385 30.680  75.69  38636 17.6
2010-04-29  19:20:00  09 32 14.3  -04 53 03  +000871.0 -000199.5  02 19 24.1  221.180 30.149  73.23  38693 17.5
2010-04-29  19:30:00  09 41 54.6  -05 26 22  +000870.0 -000200.2  02 19 45.4  220.980 29.615  70.76  38750 17.4
2010-04-29  19:40:00  09 51 34.3  -05 59 46  +000869.2 -000200.6  02 20 07.3  220.783 29.077  68.30  38805 17.4
2010-04-29  19:50:00  10 01 13.6  -06 33 13  +000868.7 -000200.7  02 20 29.6  220.589 28.538  65.84  38860 17.4
2010-04-29  20:00:00  10 10 52.6  -07 06 39  +000868.3 -000200.4  02 20 52.3  220.399 27.999  63.39  38914 17.3
2010-04-29  20:10:00  10 20 31.4  -07 39 60  +000868.2 -000199.8  02 21 15.1  220.212 27.460  60.94  38967 17.3
2010-04-29  20:20:00  10 30 10.2  -08 13 13  +000868.3 -000198.8  02 21 37.9  220.027 26.923  58.50  39018 17.2
2010-04-29  20:30:00  10 39 49.1  -08 46 15  +000868.5 -000197.5  02 22 00.7  219.845 26.388  56.05  39068 17.2
2010-04-29  20:40:00  10 49 28.3  -09 19 02  +000869.0 -000195.9  02 22 23.1  219.665 25.858  53.62  39117 17.1
2010-04-29  20:50:00  10 59 07.9  -09 51 31  +000869.8 -000193.9  02 22 45.2  219.488 25.333  51.18  39164 17.1
2010-04-29  21:00:00  11 08 48.0  -10 23 39  +000870.7 -000191.6  02 23 06.7  219.312 24.814  48.75  39209 17.1
2010-04-29  21:10:00  11 18 28.8  -10 55 23  +000871.8 -000189.0  02 23 27.5  219.138 24.303  46.32  39253 17.0
2010-04-29  21:20:00  11 28 10.5  -11 26 38  +000873.1 -000186.1  02 23 47.5  218.966 23.799  43.90  39295 17.0
2010-04-29  21:30:00  11 37 53.0  -11 57 23  +000874.6 -000182.8  02 24 06.6  218.795 23.305  41.47  39334 17.0
2010-04-29  21:40:00  11 47 36.6  -12 27 34  +000876.3 -000179.3  02 24 24.7  218.625 22.821  39.06  39372 17.0
2010-04-29  21:50:00  11 57 21.4  -12 57 07  +000878.1 -000175.4  02 24 41.5  218.457 22.349  36.64  39408 16.9
2010-04-29  22:00:00  12 07 07.5  -13 26 01  +000880.1 -000171.2  02 24 57.1  218.290 21.888  34.23  39441 16.9
2010-04-29  22:10:00  12 16 54.9  -13 54 11  +000882.2 -000166.8  02 25 11.3  218.123 21.441  31.82  39472 16.9
2010-04-29  22:20:00  12 26 43.8  -14 21 35  +000884.5 -000162.0  02 25 24.1  217.958 21.008  29.42  39500 16.9
2010-04-29  22:30:00  12 36 34.3  -14 48 10  +000886.9 -000157.0  02 25 35.2  217.794 20.590  27.02  39526 16.9
2010-04-29  22:40:00  12 46 26.4  -15 13 54  +000889.5 -000151.6  02 25 44.7  217.631 20.188  24.63  39549 16.8
2010-04-29  22:50:00  12 56 20.3  -15 38 42  +000892.1 -000146.0  02 25 52.5  217.469 19.802  22.23  39570 16.8
2010-04-29  23:00:00  13 06 15.9  -16 02 33  +000894.8 -000140.1  02 25 58.6  217.309 19.434  19.86  39588 16.8
2010-04-29  23:10:00  13 16 13.3  -16 25 24  +000897.6 -000134.0  02 26 02.8  217.149 19.084  17.49  39603 16.8
2010-04-29  23:20:00  13 26 12.7  -16 47 12  +000900.4 -000127.6  02 26 05.1  216.992 18.752  15.14  39616 16.8
2010-04-29  23:30:00  13 36 13.9  -17 07 55  +000903.3 -000120.9  02 26 05.5  216.836 18.440  12.81  39625 16.8
2010-04-29  23:40:00  13 46 17.0  -17 27 30     <<SHADOW>>        02 26 04.0  216.681 18.149  10.54  39631 ----
2010-04-29  23:50:00  13 56 22.1  -17 45 54     <<SHADOW>>        02 26 00.5  216.529 17.878   8.33  39635 ----
2010-04-30  00:00:00  14 06 29.2  -18 03 07     <<SHADOW>>        02 25 55.1  216.379 17.628   6.30  39636 ----
2010-04-30  00:10:00  14 16 38.1  -18 19 04     <<SHADOW>>        02 25 47.9  216.232 17.400   4.64  39633 ----
2010-04-30  00:20:00  14 26 48.9  -18 33 45     <<SHADOW>>        02 25 38.7  216.088 17.195   3.91  39628 ----
2010-04-30  00:30:00  14 37 01.6  -18 47 08     <<SHADOW>>        02 25 27.6  215.946 17.012   4.56  39619 ----
2010-04-30  00:40:00  14 47 16.2  -18 59 09     <<SHADOW>>        02 25 14.7  215.809 16.853   6.18  39608 ----
2010-04-30  00:50:00  14 57 32.5  -19 09 48  +000925.7 -000059.7  02 25 00.1  215.675 16.716   8.21  39593 16.8
2010-04-30  01:00:00  15 07 50.5  -19 19 04  +000928.2 -000051.3  02 24 43.7  215.546 16.604  10.41  39576 16.8
2010-04-30  01:10:00  15 18 10.1  -19 26 54  +000930.6 -000042.7  02 24 25.7  215.421 16.516  12.72  39555 16.8
2010-04-30  01:20:00  15 28 31.3  -19 33 17  +000932.9 -000033.9  02 24 06.2  215.302 16.452  15.05  39532 16.8
2010-04-30  01:30:00  15 38 53.9  -19 38 12  +000935.0 -000025.1  02 23 45.2  215.188 16.413  17.43  39506 16.8
2010-04-30  01:40:00  15 49 17.9  -19 41 38  +000937.0 -000016.1  02 23 22.8  215.080 16.398  19.82  39476 16.8

   Date        UTC        RA         DECL      RARate   DeclRate    HourAng      Az     Um    Phase  Range  Mag
2010-04-30  18:10:00  08 59 11.8  -02 52 56  +000876.2 -000195.1  01 46 11.6  213.219 35.432  82.57  38191 17.7
2010-04-30  18:20:00  09 08 55.3  -03 25 38  +000874.5 -000197.2  01 46 29.7  213.053 34.899  80.10  38249 17.6
2010-04-30  18:30:00  09 18 37.8  -03 58 39  +000873.0 -000198.9  01 46 48.8  212.891 34.360  77.62  38306 17.6
2010-04-30  18:40:00  09 28 19.3  -04 31 55  +000871.6 -000200.3  01 47 09.0  212.734 33.814  75.15  38363 17.5
2010-04-30  18:50:00  09 38 00.0  -05 05 23  +000870.5 -000201.3  01 47 29.9  212.581 33.264  72.68  38419 17.5
2010-04-30  19:00:00  09 47 40.1  -05 38 59  +000869.6 -000201.9  01 47 51.5  212.431 32.711  70.22  38475 17.4
2010-04-30  19:10:00  09 57 19.6  -06 12 40  +000868.9 -000202.2  01 48 13.6  212.285 32.156  67.75  38530 17.4
2010-04-30  19:20:00  10 06 58.7  -06 46 23  +000868.4 -000202.2  01 48 36.2  212.143 31.599  65.30  38584 17.3
2010-04-30  19:30:00  10 16 37.6  -07 20 03  +000868.2 -000201.8  01 48 58.9  212.003 31.043  62.84  38637 17.3
2010-04-30  19:40:00  10 26 16.3  -07 53 38  +000868.1 -000201.1  01 49 21.8  211.865 30.488  60.40  38689 17.2
2010-04-30  19:50:00  10 35 55.1  -08 27 04  +000868.3 -000200.0  01 49 44.7  211.730 29.935  57.95  38740 17.2
2010-04-30  20:00:00  10 45 34.1  -09 00 17  +000868.7 -000198.6  01 50 07.3  211.597 29.385  55.52  38789 17.2
2010-04-30  20:10:00  10 55 13.4  -09 33 14  +000869.3 -000196.8  01 50 29.7  211.465 28.841  53.07  38837 17.1
2010-04-30  20:20:00  11 04 53.2  -10 05 52  +000870.1 -000194.8  01 50 51.6  211.334 28.301  50.64  38884 17.1
2010-04-30  20:30:00  11 14 33.5  -10 38 08  +000871.1 -000192.3  01 51 12.8  211.204 27.769  48.21  38929 17.1
2010-04-30  20:40:00  11 24 14.6  -11 09 58  +000872.3 -000189.6  01 51 33.4  211.075 27.244  45.78  38972 17.0
2010-04-30  20:50:00  11 33 56.6  -11 41 20  +000873.7 -000186.6  01 51 53.0  210.947 26.728  43.35  39013 17.0
2010-04-30  21:00:00  11 43 39.6  -12 12 09  +000875.2 -000183.2  01 52 11.7  210.819 26.221  40.94  39052 17.0
2010-04-30  21:10:00  11 53 23.6  -12 42 22  +000877.0 -000179.5  01 52 29.3  210.690 25.726  38.51  39089 16.9
2010-04-30  21:20:00  12 03 08.9  -13 11 58  +000878.9 -000175.5  01 52 45.6  210.562 25.242  36.11  39124 16.9
2010-04-30  21:30:00  12 12 55.6  -13 40 52  +000881.0 -000171.2  01 53 00.7  210.433 24.771  33.69  39157 16.9
2010-04-30  21:40:00  12 22 43.6  -14 09 01  +000883.2 -000166.6  01 53 14.3  210.305 24.313  31.29  39188 16.9
2010-04-30  21:50:00  12 32 33.2  -14 36 23  +000885.6 -000161.7  01 53 26.3  210.175 23.870  28.87  39216 16.9
2010-04-30  22:00:00  12 42 24.4  -15 02 55  +000888.0 -000156.5  01 53 36.8  210.045 23.442  26.48  39241 16.8
2010-04-30  22:10:00  12 52 17.3  -15 28 33  +000890.6 -000151.1  01 53 45.5  209.915 23.030  24.08  39264 16.8
2010-04-30  22:20:00  13 02 11.9  -15 53 15  +000893.3 -000145.3  01 53 52.5  209.784 22.635  21.70  39285 16.8
2010-04-30  22:30:00  13 12 08.3  -16 16 58  +000896.0 -000139.3  01 53 57.7  209.653 22.258  19.31  39302 16.8
2010-04-30  22:40:00  13 22 06.6  -16 39 40  +000898.9 -000133.0  01 54 01.1  209.522 21.900  16.95  39317 16.8
2010-04-30  22:50:00  13 32 06.8  -17 01 18  +000901.7 -000126.5  01 54 02.5  209.390 21.561  14.59  39330 16.8
2010-04-30  23:00:00  13 42 09.0  -17 21 49  +000904.6 -000119.7  01 54 02.0  209.258 21.242  12.27  39339 16.8
2010-04-30  23:10:00  13 52 13.0  -17 41 11     <<SHADOW>>        01 53 59.6  209.126 20.943   9.99  39345 ----
2010-04-30  23:20:00  14 02 19.0  -17 59 22     <<SHADOW>>        01 53 55.3  208.995 20.666   7.81  39349 ----
2010-04-30  23:30:00  14 12 27.0  -18 16 18     <<SHADOW>>        01 53 49.0  208.864 20.410   5.80  39349 ----
2010-04-30  23:40:00  14 22 36.8  -18 31 59     <<SHADOW>>        01 53 40.8  208.734 20.177   4.26  39347 ----
2010-04-30  23:50:00  14 32 48.6  -18 46 22     <<SHADOW>>        01 53 30.6  208.605 19.966   3.80  39341 ----
2010-05-01  00:00:00  14 43 02.2  -18 59 24     <<SHADOW>>        01 53 18.7  208.478 19.779   4.74  39333 ----
2010-05-01  00:10:00  14 53 17.6  -19 11 05     <<SHADOW>>        01 53 04.9  208.352 19.615   6.52  39321 ----
2010-05-01  00:20:00  15 03 34.8  -19 21 23  +000927.0 -000057.5  01 52 49.4  208.228 19.475   8.61  39307 16.7
2010-05-01  00:30:00  15 13 53.6  -19 30 15  +000929.5 -000048.9  01 52 32.2  208.107 19.360  10.86  39290 16.7
2010-05-01  00:40:00  15 24 14.1  -19 37 41  +000931.8 -000040.2  01 52 13.3  207.988 19.269  13.17  39269 16.8
2010-05-01  00:50:00  15 34 36.1  -19 43 39  +000934.1 -000031.4  01 51 53.0  207.873 19.203  15.53  39246 16.8
2010-05-01  01:00:00  15 44 59.5  -19 48 08  +000936.1 -000022.4  01 51 31.3  207.761 19.162  17.91  39220 16.8
2010-05-01  01:10:00  15 55 24.2  -19 51 07  +000938.0 -000013.4  01 51 08.2  207.653 19.146  20.32  39191 16.8
2010-05-01  01:20:00  16 05 50.1  -19 52 36  +000939.8 -000004.3  01 50 43.9  207.549 19.155  22.73  39159 16.8
2010-05-01  01:30:00  16 16 17.2  -19 52 33  +000941.3 +000004.9  01 50 18.5  207.450 19.189  25.16  39124 16.8
2010-05-01  01:40:00  16 26 45.2  -19 50 58  +000942.7 +000014.1  01 49 52.1  207.356 19.249  27.59  39087 16.8
