ЭФЕМЕРИДЫ ПО ОБЪЕКТУ:  43218
Для пункта:  10016 Маяки   46 23'50.68"   30 16'17.74"    14m
C   2010-04-15 12:00
по  2010-05-01 12:00
Шаг  0:10:00
Мин.угол места:          10 град
Макс.угол места Солнца: -10 град
Стандартный блеск :      9.9 (зв.вел.)

ОБОЗНАЧЕНИЯ
RA        прямое восхождение, тек.эпоха
DECL      склонение, тек.эпоха
RARate    скорость по пр.восх., арксек/мин
DeclRate  скорость по склонению, арксек/мин
HourAng   часовой угол
Az        азимут
Um        угол места
Phase     фазовый угол
Range     дальность
Mag       зв.величина (оценка)

   Date        UTC        RA         DECL      RARate   DeclRate    HourAng      Az     Um    Phase  Range  Mag
2010-04-25  19:20:00  06 27 12.2  +01 38 36  +000903.8 +000105.6  05 08 39.9  261.768 10.014 116.03  40524 18.9
2010-04-25  19:30:00  06 37 15.1  +01 55 45  +000904.9 +000100.0  05 08 38.6  261.962 10.226 113.66  40504 18.8
2010-04-25  19:40:00  06 47 18.7  +02 11 55  +000906.0 +000094.2  05 08 36.6  262.143 10.429 111.29  40485 18.7
2010-04-25  19:50:00  06 57 23.1  +02 27 07  +000907.2 +000088.1  05 08 33.9  262.311 10.622 108.90  40467 18.6
2010-04-25  20:00:00  07 07 28.3  +02 41 17  +000908.3 +000081.9  05 08 30.4  262.465 10.804 106.52  40450 18.5
2010-04-25  20:10:00  07 17 34.2  +02 54 25  +000909.4 +000075.5  05 08 26.1  262.604 10.975 104.11  40433 18.4
2010-04-25  20:20:00  07 27 40.7  +03 06 27  +000910.4 +000069.0  05 08 21.2  262.729 11.136 101.71  40417 18.3
2010-04-25  20:30:00  07 37 48.0  +03 17 24  +000911.4 +000062.3  05 08 15.6  262.839 11.284  99.29  40402 18.2
2010-04-25  20:40:00  07 47 55.9  +03 27 13  +000912.3 +000055.5  05 08 09.3  262.934 11.421  96.88  40387 18.1
2010-04-25  20:50:00  07 58 04.4  +03 35 53  +000913.2 +000048.5  05 08 02.4  263.014 11.546  94.44  40374 18.1
2010-04-25  21:00:00  08 08 13.5  +03 43 22  +000914.0 +000041.5  05 07 55.0  263.078 11.658  92.02  40361 18.0
2010-04-25  21:10:00  08 18 23.1  +03 49 41  +000914.7 +000034.3  05 07 47.0  263.127 11.758  89.58  40350 17.9
2010-04-25  21:20:00  08 28 33.2  +03 54 48  +000915.4 +000027.1  05 07 38.6  263.161 11.844  87.15  40339 17.8
2010-04-25  21:30:00  08 38 43.6  +03 58 43  +000915.9 +000019.8  05 07 29.8  263.180 11.916  84.70  40330 17.8
2010-04-25  21:40:00  08 48 54.4  +04 01 24  +000916.4 +000012.5  05 07 20.7  263.183 11.975  82.26  40321 17.7
2010-04-25  21:50:00  08 59 05.5  +04 02 52  +000916.8 +000005.1  05 07 11.2  263.171 12.019  79.80  40314 17.6
2010-04-25  22:00:00  09 09 16.8  +04 03 06  +000917.1 -000002.3  05 07 01.6  263.144 12.050  77.36  40308 17.6
2010-04-25  22:10:00  09 19 28.2  +04 02 06  +000917.2 -000009.7  05 06 51.8  263.102 12.066  74.89  40303 17.5
2010-04-25  22:20:00  09 29 39.8  +03 59 53  +000917.3 -000017.0  05 06 41.9  263.045 12.067  72.45  40299 17.5
2010-04-25  22:30:00  09 39 51.3  +03 56 26  +000917.3 -000024.4  05 06 32.0  262.974 12.053  69.98  40296 17.4
2010-04-25  22:40:00  09 50 02.8  +03 51 46  +000917.2 -000031.7  05 06 22.1  262.889 12.025  67.53  40294 17.4
2010-04-25  22:50:00  10 00 14.2  +03 45 52  +000917.0 -000038.9  05 06 12.4  262.790 11.981  65.06  40294 17.3
2010-04-25  23:00:00  10 10 25.4  +03 38 48  +000916.7 -000046.0  05 06 02.8  262.678 11.923  62.61  40295 17.3
2010-04-25  23:10:00  10 20 36.4  +03 30 32  +000916.2 -000053.1  05 05 53.5  262.553 11.849  60.15  40297 17.2
2010-04-25  23:20:00  10 30 47.1  +03 21 06  +000915.8 -000060.0  05 05 44.4  262.415 11.760  57.69  40301 17.2
2010-04-25  23:30:00  10 40 57.4  +03 10 32  +000915.2 -000066.9  05 05 35.8  262.265 11.656  55.23  40306 17.1
2010-04-25  23:40:00  10 51 07.3  +02 58 49  +000914.5 -000073.6  05 05 27.5  262.103 11.538  52.78  40312 17.1
2010-04-25  23:50:00  11 01 16.8  +02 46 01  +000913.8 -000080.1  05 05 19.7  261.929 11.404  50.32  40319 17.1
2010-04-26  00:00:00  11 11 25.7  +02 32 08  +000913.1 -000086.5  05 05 12.3  261.745 11.256  47.88  40328 17.0
2010-04-26  00:10:00  11 21 34.2  +02 17 12  +000912.3 -000092.7  05 05 05.5  261.551 11.094  45.42  40338 17.0
2010-04-26  00:20:00  11 31 42.1  +02 01 15  +000911.4 -000098.7  05 04 59.3  261.347 10.917  42.99  40349 17.0
2010-04-26  00:30:00  11 41 49.4  +01 44 20  +000910.5 -000104.5  05 04 53.6  261.134 10.727  40.55  40361 16.9
2010-04-26  00:40:00  11 51 56.0  +01 26 27  +000909.6 -000110.0  05 04 48.6  260.911 10.523  38.12  40375 16.9
2010-04-26  00:50:00  12 02 02.1  +01 07 40  +000908.6 -000115.4  05 04 44.2  260.681 10.306  35.70  40390 16.9
2010-04-26  01:00:00  12 12 07.5  +00 48 00  +000907.7 -000120.5  05 04 40.4  260.443 10.077  33.30  40406 16.9

   Date        UTC        RA         DECL      RARate   DeclRate    HourAng      Az     Um    Phase  Range  Mag
2010-04-26  18:10:00  05 34 22.4  -00 06 43  +000898.1 +000132.5  04 55 14.8  258.051 11.003 129.08  40395 19.6
2010-04-26  18:20:00  05 44 21.4  +00 14 60  +000899.1 +000128.1  04 55 17.3  258.308 11.263 126.82  40372 19.5
2010-04-26  18:30:00  05 54 21.2  +00 35 58  +000900.2 +000123.4  04 55 19.2  258.555 11.515 124.52  40350 19.3
2010-04-26  18:40:00  06 04 21.7  +00 56 08  +000901.3 +000118.5  04 55 20.4  258.790 11.759 122.22  40329 19.2
2010-04-26  18:50:00  06 14 22.9  +01 15 27  +000902.4 +000113.4  04 55 20.8  259.015 11.995 119.89  40308 19.1
2010-04-26  19:00:00  06 24 24.8  +01 33 54  +000903.5 +000108.0  04 55 20.5  259.227 12.222 117.56  40287 19.0
2010-04-26  19:10:00  06 34 27.5  +01 51 26  +000904.6 +000102.4  04 55 19.5  259.426 12.440 115.20  40268 18.9
2010-04-26  19:20:00  06 44 31.0  +02 08 01  +000905.8 +000096.6  04 55 17.6  259.613 12.648 112.84  40249 18.8
2010-04-26  19:30:00  06 54 35.3  +02 23 37  +000906.9 +000090.5  04 55 15.0  259.785 12.846 110.46  40230 18.6
2010-04-26  19:40:00  07 04 40.3  +02 38 11  +000908.1 +000084.3  04 55 11.7  259.944 13.034 108.08  40212 18.5
2010-04-26  19:50:00  07 14 46.0  +02 51 43  +000909.1 +000078.0  04 55 07.6  260.089 13.211 105.68  40195 18.5
2010-04-26  20:00:00  07 24 52.4  +03 04 10  +000910.2 +000071.4  04 55 02.8  260.219 13.377 103.29  40179 18.4
2010-04-26  20:10:00  07 34 59.6  +03 15 31  +000911.2 +000064.7  04 54 57.3  260.334 13.531 100.88  40164 18.3
2010-04-26  20:20:00  07 45 07.4  +03 25 44  +000912.2 +000057.9  04 54 51.1  260.434 13.673  98.47  40149 18.2
2010-04-26  20:30:00  07 55 15.8  +03 34 49  +000913.1 +000051.0  04 54 44.4  260.519 13.803  96.04  40136 18.1
2010-04-26  20:40:00  08 05 24.8  +03 42 43  +000913.9 +000043.9  04 54 37.0  260.588 13.920  93.62  40123 18.0
2010-04-26  20:50:00  08 15 34.3  +03 49 26  +000914.7 +000036.7  04 54 29.1  260.642 14.024  91.18  40111 18.0
2010-04-26  21:00:00  08 25 44.3  +03 54 57  +000915.3 +000029.5  04 54 20.8  260.681 14.115  88.76  40101 17.9
2010-04-26  21:10:00  08 35 54.7  +03 59 15  +000915.9 +000022.1  04 54 12.0  260.704 14.192  86.31  40091 17.8
2010-04-26  21:20:00  08 46 05.5  +04 02 20  +000916.4 +000014.8  04 54 02.8  260.711 14.256  83.87  40082 17.7
2010-04-26  21:30:00  08 56 16.6  +04 04 11  +000916.8 +000007.4  04 53 53.4  260.703 14.305  81.42  40075 17.7
2010-04-26  21:40:00  09 06 27.9  +04 04 47  +000917.1 -000000.0  04 53 43.7  260.680 14.340  78.98  40068 17.6
2010-04-26  21:50:00  09 16 39.4  +04 04 10  +000917.3 -000007.5  04 53 33.9  260.642 14.360  76.52  40063 17.6
2010-04-26  22:00:00  09 26 51.0  +04 02 18  +000917.4 -000014.9  04 53 23.9  260.589 14.366  74.08  40058 17.5
2010-04-26  22:10:00  09 37 02.7  +03 59 12  +000917.4 -000022.3  04 53 13.9  260.521 14.356  71.61  40055 17.4
2010-04-26  22:20:00  09 47 14.3  +03 54 52  +000917.3 -000029.7  04 53 03.9  260.439 14.332  69.16  40053 17.4
2010-04-26  22:30:00  09 57 25.8  +03 49 19  +000917.2 -000036.9  04 52 54.1  260.343 14.292  66.70  40053 17.3
2010-04-26  22:40:00  10 07 37.1  +03 42 33  +000916.9 -000044.2  04 52 44.4  260.233 14.237  64.25  40053 17.3
2010-04-26  22:50:00  10 17 48.2  +03 34 36  +000916.5 -000051.3  04 52 34.9  260.110 14.167  61.78  40055 17.2
2010-04-26  23:00:00  10 27 59.1  +03 25 28  +000916.0 -000058.3  04 52 25.7  259.975 14.081  59.33  40058 17.2
2010-04-26  23:10:00  10 38 09.5  +03 15 10  +000915.5 -000065.2  04 52 16.9  259.826 13.980  56.87  40063 17.2
2010-04-26  23:20:00  10 48 19.7  +03 03 43  +000914.8 -000072.0  04 52 08.4  259.666 13.864  54.42  40069 17.1
2010-04-26  23:30:00  10 58 29.3  +02 51 10  +000914.1 -000078.6  04 52 00.4  259.495 13.734  51.96  40076 17.1
2010-04-26  23:40:00  11 08 38.5  +02 37 31  +000913.4 -000085.1  04 51 52.8  259.312 13.588  49.52  40084 17.0
2010-04-26  23:50:00  11 18 47.2  +02 22 49  +000912.6 -000091.4  04 51 45.8  259.119 13.427  47.06  40093 17.0
2010-04-27  00:00:00  11 28 55.3  +02 07 05  +000911.7 -000097.5  04 51 39.4  258.916 13.253  44.63  40104 17.0
2010-04-27  00:10:00  11 39 02.8  +01 50 20  +000910.8 -000103.4  04 51 33.5  258.704 13.064  42.18  40116 16.9
2010-04-27  00:20:00  11 49 09.7  +01 32 38  +000909.9 -000109.0  04 51 28.3  258.483 12.861  39.76  40130 16.9
2010-04-27  00:30:00  11 59 16.0  +01 13 60  +000908.9 -000114.5  04 51 23.6  258.253 12.645  37.33  40144 16.9
2010-04-27  00:40:00  12 09 21.6  +00 54 28  +000908.0 -000119.7  04 51 19.6  258.015 12.417  34.92  40160 16.9
2010-04-27  00:50:00  12 19 26.6  +00 34 06  +000907.0 -000124.7  04 51 16.2  257.770 12.175  32.52  40177 16.8
2010-04-27  01:00:00  12 29 31.0  +00 12 54  +000906.1 -000129.5  04 51 13.5  257.518 11.922  30.14  40195 16.8
2010-04-27  01:10:00  12 39 34.7  -00 09 03  +000905.2 -000133.9  04 51 11.4  257.260 11.657  27.77  40214 16.8
2010-04-27  01:20:00  12 49 37.9  -00 31 43  +000904.3 -000138.1  04 51 09.9  256.996 11.382  25.44  40235 16.8
2010-04-27  01:30:00  12 59 40.4  -00 55 05  +000903.4 -000142.1  04 51 09.0  256.727 11.096  23.13  40256 16.8
2010-04-27  01:40:00  13 09 42.4  -01 19 04  +000902.6 -000145.7  04 51 08.7  256.452 10.800  20.88  40278 16.8
2010-04-27  01:50:00  13 19 43.8  -01 43 38  +000901.8 -000149.1  04 51 08.9  256.174 10.496  18.68  40302 16.7

   Date        UTC        RA         DECL      RARate   DeclRate    HourAng      Az     Um    Phase  Range  Mag
2010-04-27  18:10:00  05 51 39.1  +00 29 59  +000899.9 +000125.7  04 41 54.6  255.944 13.696 125.99  40118 19.4
2010-04-27  18:20:00  06 01 39.4  +00 50 32  +000901.0 +000120.8  04 41 55.9  256.184 13.947 123.70  40096 19.3
2010-04-27  18:30:00  06 11 40.4  +01 10 14  +000902.1 +000115.7  04 41 56.6  256.413 14.189 121.38  40075 19.1
2010-04-27  18:40:00  06 21 42.2  +01 29 05  +000903.3 +000110.3  04 41 56.4  256.630 14.422 119.06  40055 19.0
2010-04-27  18:50:00  06 31 44.8  +01 47 00  +000904.4 +000104.8  04 41 55.5  256.834 14.646 116.72  40035 18.9
2010-04-27  19:00:00  06 41 48.1  +02 03 59  +000905.6 +000099.0  04 41 53.8  257.026 14.860 114.37  40016 18.8
2010-04-27  19:10:00  06 51 52.1  +02 19 59  +000906.7 +000093.0  04 41 51.4  257.204 15.064 112.00  39997 18.7
2010-04-27  19:20:00  07 01 57.0  +02 34 58  +000907.8 +000086.8  04 41 48.2  257.368 15.258 109.63  39979 18.6
2010-04-27  19:30:00  07 12 02.6  +02 48 54  +000908.9 +000080.4  04 41 44.3  257.517 15.441 107.23  39962 18.5
2010-04-27  19:40:00  07 22 08.9  +03 01 46  +000910.0 +000073.9  04 41 39.6  257.653 15.612 104.85  39946 18.4
2010-04-27  19:50:00  07 32 15.9  +03 13 32  +000911.0 +000067.2  04 41 34.2  257.773 15.772 102.44  39930 18.3
2010-04-27  20:00:00  07 42 23.6  +03 24 10  +000912.0 +000060.4  04 41 28.2  257.878 15.920 100.04  39916 18.2
2010-04-27  20:10:00  07 52 31.9  +03 33 39  +000912.9 +000053.4  04 41 21.5  257.968 16.055  97.62  39902 18.1
2010-04-27  20:20:00  08 02 40.8  +03 41 58  +000913.8 +000046.3  04 41 14.2  258.042 16.177  95.20  39889 18.1
2010-04-27  20:30:00  08 12 50.3  +03 49 05  +000914.6 +000039.1  04 41 06.4  258.101 16.287  92.77  39877 18.0
2010-04-27  20:40:00  08 23 00.3  +03 55 00  +000915.3 +000031.9  04 40 58.1  258.144 16.383  90.34  39866 17.9
2010-04-27  20:50:00  08 33 10.7  +03 59 42  +000915.9 +000024.5  04 40 49.3  258.171 16.465  87.90  39856 17.8
2010-04-27  21:00:00  08 43 21.4  +04 03 11  +000916.4 +000017.1  04 40 40.2  258.183 16.534  85.47  39847 17.8
2010-04-27  21:10:00  08 53 32.5  +04 05 25  +000916.9 +000009.7  04 40 30.7  258.179 16.588  83.02  39839 17.7
2010-04-27  21:20:00  09 03 43.9  +04 06 24  +000917.2 +000002.2  04 40 21.0  258.160 16.627  80.58  39832 17.6
2010-04-27  21:30:00  09 13 55.4  +04 06 09  +000917.4 -000005.3  04 40 11.1  258.125 16.652  78.13  39827 17.6
2010-04-27  21:40:00  09 24 07.1  +04 04 39  +000917.6 -000012.7  04 40 01.1  258.075 16.662  75.68  39822 17.5
2010-04-27  21:50:00  09 34 18.8  +04 01 54  +000917.6 -000020.2  04 39 51.0  258.011 16.656  73.22  39819 17.5
2010-04-27  22:00:00  09 44 30.5  +03 57 56  +000917.5 -000027.6  04 39 41.0  257.932 16.635  70.78  39817 17.4
2010-04-27  22:10:00  09 54 42.1  +03 52 43  +000917.3 -000035.0  04 39 31.0  257.839 16.599  68.32  39816 17.4
2010-04-27  22:20:00  10 04 53.6  +03 46 17  +000917.1 -000042.2  04 39 21.2  257.732 16.548  65.87  39816 17.3
2010-04-27  22:30:00  10 15 04.9  +03 38 38  +000916.7 -000049.5  04 39 11.6  257.611 16.481  63.40  39818 17.3
2010-04-27  22:40:00  10 25 15.9  +03 29 48  +000916.3 -000056.6  04 39 02.2  257.478 16.399  60.95  39821 17.2
2010-04-27  22:50:00  10 35 26.5  +03 19 47  +000915.7 -000063.6  04 38 53.2  257.331 16.301  58.49  39825 17.2
2010-04-27  23:00:00  10 45 36.8  +03 08 37  +000915.1 -000070.4  04 38 44.5  257.173 16.187  56.04  39830 17.1
2010-04-27  23:10:00  10 55 46.7  +02 56 19  +000914.4 -000077.1  04 38 36.3  257.003 16.059  53.58  39837 17.1
2010-04-27  23:20:00  11 05 56.0  +02 42 55  +000913.7 -000083.7  04 38 28.6  256.822 15.915  51.14  39845 17.1
2010-04-27  23:30:00  11 16 04.9  +02 28 27  +000912.9 -000090.0  04 38 21.4  256.631 15.757  48.69  39854 17.0
2010-04-27  23:40:00  11 26 13.2  +02 12 55  +000912.0 -000096.2  04 38 14.7  256.429 15.583  46.25  39864 17.0
2010-04-27  23:50:00  11 36 20.9  +01 56 22  +000911.1 -000102.2  04 38 08.6  256.217 15.396  43.80  39876 16.9
2010-04-28  00:00:00  11 46 28.1  +01 38 51  +000910.2 -000108.0  04 38 03.1  255.997 15.194  41.38  39889 16.9
2010-04-28  00:10:00  11 56 34.5  +01 20 22  +000909.3 -000113.6  04 37 58.3  255.768 14.979  38.94  39903 16.9
2010-04-28  00:20:00  12 06 40.4  +01 00 60  +000908.3 -000118.9  04 37 54.1  255.531 14.750  36.53  39919 16.9
2010-04-28  00:30:00  12 16 45.6  +00 40 45  +000907.3 -000124.0  04 37 50.5  255.287 14.509  34.12  39935 16.8
2010-04-28  00:40:00  12 26 50.2  +00 19 40  +000906.4 -000128.9  04 37 47.6  255.036 14.255  31.74  39953 16.8
2010-04-28  00:50:00  12 36 54.1  -00 02 12  +000905.4 -000133.4  04 37 45.3  254.778 13.990  29.36  39972 16.8
2010-04-28  01:00:00  12 46 57.4  -00 24 48  +000904.5 -000137.8  04 37 43.6  254.515 13.713  27.01  39992 16.8
2010-04-28  01:10:00  12 57 00.2  -00 48 06  +000903.6 -000141.8  04 37 42.5  254.246 13.426  24.69  40013 16.8
2010-04-28  01:20:00  13 07 02.3  -01 12 03  +000902.8 -000145.5  04 37 42.0  253.973 13.129  22.41  40035 16.7
2010-04-28  01:30:00  13 17 03.9  -01 36 36  +000902.0 -000149.0  04 37 42.1  253.694 12.822  20.17  40058 16.7
2010-04-28  01:40:00  13 27 05.0  -02 01 42  +000901.3 -000152.2  04 37 42.6  253.412 12.507  18.01  40082 16.7
2010-04-28  01:50:00  13 37 05.6  -02 27 19  +000900.6 -000155.1  04 37 43.6  253.127 12.184  15.94  40107 16.7

   Date        UTC        RA         DECL      RARate   DeclRate    HourAng      Az     Um    Phase  Range  Mag
2010-04-28  18:10:00  06 09 02.7  +01 04 52  +000901.9 +000118.0  04 28 27.5  253.746 16.368 122.85  39848 19.2
2010-04-28  18:20:00  06 19 04.4  +01 24 05  +000903.0 +000112.7  04 28 27.5  253.968 16.608 120.54  39827 19.1
2010-04-28  18:30:00  06 29 06.7  +01 42 25  +000904.1 +000107.2  04 28 26.8  254.177 16.839 118.20  39807 19.0
2010-04-28  18:40:00  06 39 09.9  +01 59 48  +000905.3 +000101.4  04 28 25.3  254.373 17.060 115.87  39788 18.9
2010-04-28  18:50:00  06 49 13.8  +02 16 12  +000906.5 +000095.4  04 28 23.0  254.556 17.270 113.51  39769 18.8
2010-04-28  19:00:00  06 59 18.5  +02 31 36  +000907.6 +000089.3  04 28 20.0  254.725 17.470 111.14  39751 18.7
2010-04-28  19:10:00  07 09 23.9  +02 45 57  +000908.7 +000082.9  04 28 16.2  254.880 17.659 108.76  39734 18.6
2010-04-28  19:20:00  07 19 30.1  +02 59 13  +000909.8 +000076.4  04 28 11.6  255.020 17.836 106.38  39717 18.5
2010-04-28  19:30:00  07 29 37.0  +03 11 24  +000910.9 +000069.7  04 28 06.4  255.145 18.002 103.98  39701 18.4
2010-04-28  19:40:00  07 39 44.6  +03 22 27  +000911.9 +000062.9  04 28 00.4  255.255 18.156 101.58  39687 18.3
2010-04-28  19:50:00  07 49 52.8  +03 32 21  +000912.8 +000055.9  04 27 53.8  255.350 18.297  99.17  39673 18.2
2010-04-28  20:00:00  08 00 01.7  +03 41 05  +000913.7 +000048.8  04 27 46.6  255.429 18.425  96.76  39659 18.1
2010-04-28  20:10:00  08 10 11.1  +03 48 37  +000914.5 +000041.6  04 27 38.9  255.492 18.540  94.33  39647 18.0
2010-04-28  20:20:00  08 20 21.0  +03 54 56  +000915.2 +000034.3  04 27 30.6  255.540 18.641  91.91  39636 17.9
2010-04-28  20:30:00  08 30 31.4  +04 00 03  +000915.9 +000026.9  04 27 21.9  255.571 18.729  89.47  39626 17.9
2010-04-28  20:40:00  08 40 42.1  +04 03 55  +000916.4 +000019.5  04 27 12.8  255.587 18.802  87.05  39617 17.8
2010-04-28  20:50:00  08 50 53.2  +04 06 33  +000916.9 +000012.0  04 27 03.3  255.587 18.861  84.60  39609 17.7
2010-04-28  21:00:00  09 01 04.6  +04 07 56  +000917.2 +000004.5  04 26 53.6  255.572 18.905  82.17  39602 17.7
2010-04-28  21:10:00  09 11 16.2  +04 08 03  +000917.5 -000003.0  04 26 43.6  255.541 18.935  79.71  39596 17.6
2010-04-28  21:20:00  09 21 27.9  +04 06 56  +000917.7 -000010.5  04 26 33.5  255.495 18.949  77.27  39591 17.5
2010-04-28  21:30:00  09 31 39.7  +04 04 33  +000917.7 -000018.0  04 26 23.4  255.434 18.947  74.82  39588 17.5
2010-04-28  21:40:00  09 41 51.5  +04 00 55  +000917.7 -000025.5  04 26 13.2  255.358 18.931  72.37  39585 17.4
2010-04-28  21:50:00  09 52 03.3  +03 56 03  +000917.5 -000032.9  04 26 03.1  255.267 18.898  69.91  39584 17.4
2010-04-28  22:00:00  10 02 14.9  +03 49 57  +000917.3 -000040.3  04 25 53.2  255.163 18.850  67.46  39584 17.3
2010-04-28  22:10:00  10 12 26.3  +03 42 37  +000916.9 -000047.6  04 25 43.4  255.045 18.787  65.00  39585 17.3
2010-04-28  22:20:00  10 22 37.4  +03 34 06  +000916.5 -000054.8  04 25 33.9  254.913 18.707  62.55  39588 17.2
2010-04-28  22:30:00  10 32 48.3  +03 24 23  +000916.0 -000061.8  04 25 24.7  254.769 18.612  60.09  39591 17.2
2010-04-28  22:40:00  10 42 58.7  +03 13 30  +000915.4 -000068.8  04 25 15.9  254.613 18.501  57.65  39596 17.1
2010-04-28  22:50:00  10 53 08.8  +03 01 28  +000914.7 -000075.6  04 25 07.5  254.445 18.375  55.19  39603 17.1
2010-04-28  23:00:00  11 03 18.4  +02 48 19  +000914.0 -000082.2  04 24 59.5  254.266 18.233  52.74  39610 17.1
2010-04-28  23:10:00  11 13 27.4  +02 34 05  +000913.2 -000088.7  04 24 52.1  254.075 18.076  50.29  39619 17.0
2010-04-28  23:20:00  11 23 35.9  +02 18 46  +000912.3 -000095.0  04 24 45.2  253.875 17.904  47.85  39629 17.0
2010-04-28  23:30:00  11 33 43.9  +02 02 26  +000911.4 -000101.1  04 24 38.9  253.665 17.718  45.40  39641 17.0
2010-04-28  23:40:00  11 43 51.2  +01 45 06  +000910.5 -000107.0  04 24 33.3  253.445 17.517  42.98  39653 16.9
2010-04-28  23:50:00  11 53 57.9  +01 26 48  +000909.6 -000112.6  04 24 28.2  253.218 17.302  40.54  39667 16.9
2010-04-29  00:00:00  12 04 04.0  +01 07 34  +000908.6 -000118.1  04 24 23.8  252.982 17.073  38.13  39682 16.9
2010-04-29  00:10:00  12 14 09.4  +00 47 27  +000907.6 -000123.2  04 24 20.0  252.738 16.832  35.71  39699 16.8
2010-04-29  00:20:00  12 24 14.1  +00 26 30  +000906.7 -000128.2  04 24 16.9  252.488 16.577  33.32  39716 16.8
2010-04-29  00:30:00  12 34 18.3  +00 04 44  +000905.7 -000132.9  04 24 14.4  252.231 16.311  30.93  39735 16.8
2010-04-29  00:40:00  12 44 21.8  -00 17 47  +000904.8 -000137.3  04 24 12.5  251.969 16.032  28.58  39755 16.8
2010-04-29  00:50:00  12 54 24.7  -00 41 02  +000903.9 -000141.5  04 24 11.3  251.701 15.743  26.23  39775 16.8
2010-04-29  01:00:00  13 04 27.0  -01 04 56  +000903.0 -000145.3  04 24 10.6  251.428 15.444  23.94  39797 16.7
2010-04-29  01:10:00  13 14 28.7  -01 29 27  +000902.2 -000148.9  04 24 10.6  251.151 15.135  21.67  39820 16.7
2010-04-29  01:20:00  13 24 29.9  -01 54 33  +000901.5 -000152.2  04 24 11.0  250.870 14.817  19.47  39844 16.7
2010-04-29  01:30:00  13 34 30.7  -02 20 10  +000900.8 -000155.2  04 24 11.9  250.585 14.490  17.34  39868 16.7
2010-04-29  01:40:00  13 44 31.0  -02 46 15  +000900.2 -000157.8  04 24 13.2  250.298 14.156  15.34  39894 16.7

   Date        UTC        RA         DECL      RARate   DeclRate    HourAng      Az     Um    Phase  Range  Mag
2010-04-29  18:10:00  06 26 33.4  +01 37 38  +000903.9 +000109.6  04 14 53.4  251.444 19.012 119.67  39585 19.0
2010-04-29  18:20:00  06 36 36.4  +01 55 25  +000905.1 +000103.8  04 14 52.0  251.644 19.240 117.34  39566 18.9
2010-04-29  18:30:00  06 46 40.2  +02 12 14  +000906.2 +000097.9  04 14 49.9  251.832 19.457 114.99  39547 18.8
2010-04-29  18:40:00  06 56 44.7  +02 28 02  +000907.4 +000091.7  04 14 47.0  252.006 19.664 112.64  39528 18.7
2010-04-29  18:50:00  07 06 50.0  +02 42 48  +000908.5 +000085.4  04 14 43.4  252.165 19.859 110.26  39511 18.6
2010-04-29  19:00:00  07 16 56.1  +02 56 30  +000909.6 +000078.9  04 14 39.0  252.310 20.043 107.89  39494 18.5
2010-04-29  19:10:00  07 27 02.8  +03 09 06  +000910.7 +000072.2  04 14 33.8  252.440 20.215 105.50  39478 18.4
2010-04-29  19:20:00  07 37 10.3  +03 20 34  +000911.7 +000065.4  04 14 28.0  252.555 20.375 103.11  39463 18.3
2010-04-29  19:30:00  07 47 18.5  +03 30 53  +000912.7 +000058.4  04 14 21.5  252.654 20.522 100.70  39449 18.2
2010-04-29  19:40:00  07 57 27.2  +03 40 02  +000913.6 +000051.3  04 14 14.4  252.738 20.656  98.30  39436 18.1
2010-04-29  19:50:00  08 07 36.6  +03 47 59  +000914.4 +000044.1  04 14 06.7  252.806 20.777  95.87  39424 18.1
2010-04-29  20:00:00  08 17 46.4  +03 54 44  +000915.2 +000036.8  04 13 58.4  252.858 20.884  93.46  39412 18.0
2010-04-29  20:10:00  08 27 56.8  +04 00 15  +000915.8 +000029.4  04 13 49.7  252.894 20.977  91.03  39402 17.9
2010-04-29  20:20:00  08 38 07.5  +04 04 31  +000916.4 +000021.9  04 13 40.6  252.914 21.056  88.60  39393 17.8
2010-04-29  20:30:00  08 48 18.7  +04 07 33  +000916.9 +000014.4  04 13 31.1  252.918 21.120  86.16  39384 17.8
2010-04-29  20:40:00  08 58 30.1  +04 09 20  +000917.3 +000006.9  04 13 21.4  252.906 21.169  83.73  39377 17.7
2010-04-29  20:50:00  09 08 41.7  +04 09 51  +000917.6 -000000.7  04 13 11.4  252.879 21.203  81.28  39371 17.6
2010-04-29  21:00:00  09 18 53.5  +04 09 06  +000917.8 -000008.3  04 13 01.2  252.836 21.221  78.84  39366 17.6
2010-04-29  21:10:00  09 29 05.4  +04 07 05  +000917.9 -000015.8  04 12 51.0  252.778 21.224  76.39  39362 17.5
2010-04-29  21:20:00  09 39 17.3  +04 03 49  +000917.8 -000023.4  04 12 40.7  252.705 21.211  73.94  39359 17.5
2010-04-29  21:30:00  09 49 29.1  +03 59 18  +000917.7 -000030.9  04 12 30.5  252.618 21.183  71.49  39358 17.4
2010-04-29  21:40:00  09 59 40.9  +03 53 32  +000917.5 -000038.3  04 12 20.4  252.516 21.138  69.04  39358 17.3
2010-04-29  21:50:00  10 09 52.4  +03 46 33  +000917.2 -000045.6  04 12 10.5  252.400 21.078  66.58  39359 17.3
2010-04-29  22:00:00  10 20 03.7  +03 38 20  +000916.8 -000052.9  04 12 00.8  252.272 21.001  64.13  39361 17.2
2010-04-29  22:10:00  10 30 14.8  +03 28 56  +000916.3 -000060.0  04 11 51.5  252.130 20.909  61.67  39364 17.2
2010-04-29  22:20:00  10 40 25.4  +03 18 20  +000915.7 -000067.1  04 11 42.5  251.975 20.800  59.23  39369 17.2
2010-04-29  22:30:00  10 50 35.6  +03 06 35  +000915.0 -000073.9  04 11 33.9  251.809 20.676  56.77  39375 17.1
2010-04-29  22:40:00  11 00 45.4  +02 53 41  +000914.3 -000080.7  04 11 25.7  251.631 20.536  54.33  39382 17.1
2010-04-29  22:50:00  11 10 54.7  +02 39 42  +000913.5 -000087.2  04 11 18.1  251.442 20.380  51.87  39391 17.0
2010-04-29  23:00:00  11 21 03.4  +02 24 37  +000912.7 -000093.6  04 11 11.0  251.243 20.210  49.43  39400 17.0
2010-04-29  23:10:00  11 31 11.6  +02 08 30  +000911.8 -000099.8  04 11 04.5  251.035 20.024  46.99  39412 17.0
2010-04-29  23:20:00  11 41 19.1  +01 51 21  +000910.8 -000105.8  04 10 58.6  250.817 19.823  44.56  39424 16.9
2010-04-29  23:30:00  11 51 26.0  +01 33 14  +000909.9 -000111.6  04 10 53.4  250.590 19.608  42.12  39437 16.9
2010-04-29  23:40:00  12 01 32.3  +01 14 10  +000908.9 -000117.1  04 10 48.7  250.355 19.380  39.70  39452 16.9
2010-04-29  23:50:00  12 11 37.9  +00 54 12  +000907.9 -000122.4  04 10 44.8  250.113 19.137  37.28  39468 16.8
2010-04-30  00:00:00  12 21 42.9  +00 33 22  +000907.0 -000127.5  04 10 41.4  249.864 18.882  34.89  39485 16.8
2010-04-30  00:10:00  12 31 47.2  +00 11 43  +000906.0 -000132.3  04 10 38.8  249.609 18.614  32.49  39504 16.8
2010-04-30  00:20:00  12 41 50.9  -00 10 42  +000905.0 -000136.8  04 10 36.7  249.347 18.334  30.13  39523 16.8
2010-04-30  00:30:00  12 51 53.9  -00 33 52  +000904.1 -000141.1  04 10 35.3  249.081 18.043  27.77  39544 16.8
2010-04-30  00:40:00  13 01 56.4  -00 57 43  +000903.2 -000145.0  04 10 34.5  248.809 17.741  25.46  39565 16.7
2010-04-30  00:50:00  13 11 58.3  -01 22 12  +000902.4 -000148.7  04 10 34.3  248.533 17.429  23.17  39588 16.7
2010-04-30  01:00:00  13 21 59.6  -01 47 17  +000901.7 -000152.1  04 10 34.5  248.253 17.107  20.94  39612 16.7
2010-04-30  01:10:00  13 32 00.5  -02 12 54  +000900.9 -000155.2  04 10 35.3  247.970 16.777  18.76  39636 16.7
2010-04-30  01:20:00  13 42 00.9  -02 38 60  +000900.3 -000158.0  04 10 36.6  247.684 16.439  16.69  39661 16.7
2010-04-30  01:30:00  13 52 00.9  -03 05 33  +000899.7 -000160.5  04 10 38.2  247.395 16.094  14.73  39688 16.7
2010-04-30  01:40:00  14 02 00.6  -03 32 29  +000899.3 -000162.6  04 10 40.2  247.105 15.743  12.98  39714 16.7

   Date        UTC        RA         DECL      RARate   DeclRate    HourAng      Az     Um    Phase  Range  Mag
2010-04-30  18:10:00  06 44 11.2  +02 08 03  +000906.0 +000100.4  04 01 12.1  249.021 21.618 116.45  39331 18.9
2010-04-30  18:20:00  06 54 15.6  +02 24 16  +000907.2 +000094.2  04 01 09.4  249.199 21.832 114.11  39313 18.8
2010-04-30  18:30:00  07 04 20.7  +02 39 27  +000908.3 +000087.9  04 01 05.9  249.363 22.035 111.74  39295 18.7
2010-04-30  18:40:00  07 14 26.6  +02 53 34  +000909.4 +000081.4  04 01 01.6  249.513 22.226 109.38  39278 18.6
2010-04-30  18:50:00  07 24 33.3  +03 06 35  +000910.5 +000074.8  04 00 56.6  249.647 22.404 106.99  39262 18.5
2010-04-30  19:00:00  07 34 40.7  +03 18 28  +000911.6 +000067.9  04 00 50.9  249.767 22.571 104.61  39247 18.4
2010-04-30  19:10:00  07 44 48.7  +03 29 13  +000912.6 +000061.0  04 00 44.5  249.871 22.724 102.21  39233 18.3
2010-04-30  19:20:00  07 54 57.4  +03 38 47  +000913.5 +000053.9  04 00 37.5  249.959 22.865  99.81  39219 18.2
2010-04-30  19:30:00  08 05 06.7  +03 47 10  +000914.3 +000046.6  04 00 29.8  250.031 22.992  97.39  39207 18.1
2010-04-30  19:40:00  08 15 16.5  +03 54 19  +000915.1 +000039.3  04 00 21.7  250.087 23.104  94.98  39195 18.0
2010-04-30  19:50:00  08 25 26.8  +04 00 15  +000915.8 +000031.9  04 00 13.0  250.127 23.203  92.55  39184 17.9
2010-04-30  20:00:00  08 35 37.6  +04 04 57  +000916.4 +000024.4  04 00 03.9  250.151 23.287  90.13  39175 17.9
2010-04-30  20:10:00  08 45 48.7  +04 08 23  +000916.9 +000016.9  03 59 54.4  250.159 23.356  87.70  39166 17.8
2010-04-30  20:20:00  08 56 00.1  +04 10 34  +000917.4 +000009.3  03 59 44.6  250.151 23.410  85.27  39159 17.7
2010-04-30  20:30:00  09 06 11.8  +04 11 28  +000917.7 +000001.7  03 59 34.6  250.128 23.449  82.82  39153 17.7
2010-04-30  20:40:00  09 16 23.7  +04 11 07  +000917.9 -000006.0  03 59 24.3  250.088 23.472  80.39  39147 17.6
2010-04-30  20:50:00  09 26 35.6  +04 09 29  +000918.0 -000013.6  03 59 14.0  250.033 23.479  77.94  39143 17.5
2010-04-30  21:00:00  09 36 47.6  +04 06 35  +000918.0 -000021.2  03 59 03.7  249.963 23.470  75.50  39140 17.5
2010-04-30  21:10:00  09 46 59.6  +04 02 26  +000917.9 -000028.7  03 58 53.3  249.879 23.446  73.04  39138 17.4
2010-04-30  21:20:00  09 57 11.5  +03 57 01  +000917.7 -000036.2  03 58 43.1  249.780 23.404  70.60  39138 17.4
2010-04-30  21:30:00  10 07 23.2  +03 50 22  +000917.4 -000043.6  03 58 33.0  249.667 23.347  68.14  39139 17.3
2010-04-30  21:40:00  10 17 34.6  +03 42 29  +000917.0 -000051.0  03 58 23.2  249.540 23.274  65.70  39141 17.3
2010-04-30  21:50:00  10 27 45.8  +03 33 23  +000916.5 -000058.2  03 58 13.7  249.400 23.184  63.24  39144 17.2
2010-04-30  22:00:00  10 37 56.7  +03 23 05  +000916.0 -000065.3  03 58 04.5  249.248 23.077  60.79  39148 17.2
2010-04-30  22:10:00  10 48 07.1  +03 11 37  +000915.3 -000072.3  03 57 55.7  249.084 22.955  58.33  39154 17.1
2010-04-30  22:20:00  10 58 17.1  +02 59 00  +000914.6 -000079.1  03 57 47.3  248.908 22.817  55.89  39161 17.1
2010-04-30  22:30:00  11 08 26.6  +02 45 16  +000913.8 -000085.8  03 57 39.5  248.721 22.663  53.44  39169 17.0
2010-04-30  22:40:00  11 18 35.5  +02 30 26  +000913.0 -000092.2  03 57 32.2  248.524 22.493  51.00  39178 17.0
2010-04-30  22:50:00  11 28 43.8  +02 14 32  +000912.1 -000098.5  03 57 25.5  248.316 22.307  48.55  39189 17.0
2010-04-30  23:00:00  11 38 51.6  +01 57 36  +000911.2 -000104.6  03 57 19.4  248.100 22.107  46.12  39201 16.9
2010-04-30  23:10:00  11 48 58.7  +01 39 40  +000910.2 -000110.5  03 57 13.9  247.875 21.892  43.68  39214 16.9
2010-04-30  23:20:00  11 59 05.2  +01 20 47  +000909.2 -000116.1  03 57 09.1  247.642 21.663  41.26  39229 16.9
2010-04-30  23:30:00  12 09 11.1  +01 00 58  +000908.2 -000121.5  03 57 04.9  247.401 21.419  38.84  39245 16.9
2010-04-30  23:40:00  12 19 16.2  +00 40 17  +000907.3 -000126.7  03 57 01.4  247.153 21.163  36.44  39261 16.8
2010-04-30  23:50:00  12 29 20.7  +00 18 45  +000906.3 -000131.6  03 56 58.5  246.899 20.893  34.04  39280 16.8
2010-05-01  00:00:00  12 39 24.6  -00 03 34  +000905.3 -000136.2  03 56 56.3  246.640 20.611  31.67  39299 16.8
2010-05-01  00:10:00  12 49 27.8  -00 26 39  +000904.4 -000140.6  03 56 54.7  246.374 20.317  29.30  39319 16.8
2010-05-01  00:20:00  12 59 30.5  -00 50 26  +000903.5 -000144.7  03 56 53.7  246.105 20.013  26.97  39340 16.7
2010-05-01  00:30:00  13 09 32.5  -01 14 52  +000902.6 -000148.5  03 56 53.3  245.830 19.697  24.66  39363 16.7
2010-05-01  00:40:00  13 19 34.0  -01 39 55  +000901.8 -000152.0  03 56 53.4  245.552 19.372  22.40  39386 16.7
2010-05-01  00:50:00  13 29 35.0  -02 05 31  +000901.1 -000155.2  03 56 54.1  245.271 19.038  20.19  39411 16.7
2010-05-01  01:00:00  13 39 35.5  -02 31 38  +000900.4 -000158.1  03 56 55.2  244.987 18.696  18.06  39436 16.7
2010-05-01  01:10:00  13 49 35.6  -02 58 12  +000899.8 -000160.7  03 56 56.8  244.701 18.346  16.03  39462 16.7
2010-05-01  01:20:00  13 59 35.3  -03 25 11  +000899.4 -000163.0  03 56 58.7  244.412 17.990  14.16  39489 16.7
2010-05-01  01:30:00  14 09 34.7  -03 52 30  +000898.9 -000164.9  03 57 00.9  244.122 17.628  12.49  39516 16.7
2010-05-01  01:40:00  14 19 33.9  -04 20 08  +000898.6 -000166.6  03 57 03.4  243.830 17.261  11.15  39544 16.7
