ЭФЕМЕРИДЫ ПО ОБЪЕКТУ:  90023
Для пункта:  10016 Маяки   46 23'50.68"   30 16'17.74"    14m
C   2010-04-15 12:00
по  2010-05-01 12:00
Шаг  0:10:00
Мин.угол места:          10 град
Макс.угол места Солнца: -10 град
Стандартный блеск :      9.0 (зв.вел.)

ОБОЗНАЧЕНИЯ
RA        прямое восхождение, тек.эпоха
DECL      склонение, тек.эпоха
RARate    скорость по пр.восх., арксек/мин
DeclRate  скорость по склонению, арксек/мин
HourAng   часовой угол
Az        азимут
Um        угол места
Phase     фазовый угол
Range     дальность
Mag       зв.величина (оценка)

   Date        UTC        RA         DECL      RARate   DeclRate    HourAng      Az     Um    Phase  Range  Mag
2010-04-23  18:00:00  05 46 43.7  +04 59 53  +001090.1 -000067.6  04 21 02.2  255.035 20.525 124.79  35747 18.2
2010-04-23  18:10:00  05 58 49.3  +04 47 39  +001086.7 -000079.0  04 18 58.2  254.481 20.717 121.80  35770 18.0
2010-04-23  18:20:00  06 10 52.6  +04 33 33  +001082.8 -000090.1  04 16 56.6  253.910 20.878 118.83  35799 17.9
2010-04-23  18:30:00  06 22 53.0  +04 17 38  +001078.5 -000100.9  04 14 57.7  253.326 21.007 115.84  35835 17.7
2010-04-23  18:40:00  06 34 50.5  +03 59 57  +001073.8 -000111.2  04 13 01.9  252.730 21.105 112.88  35878 17.6
2010-04-23  18:50:00  06 46 44.7  +03 40 35  +001068.8 -000121.1  04 11 09.3  252.125 21.170 109.91  35928 17.5
2010-04-23  19:00:00  06 58 35.5  +03 19 37  +001063.4 -000130.5  04 09 20.2  251.512 21.205 106.96  35984 17.4
2010-04-23  19:10:00  07 10 22.6  +02 57 07  +001057.8 -000139.5  04 07 34.8  250.893 21.208 104.00  36046 17.3
2010-04-23  19:20:00  07 22 05.8  +02 33 10  +001051.9 -000147.9  04 05 53.2  250.270 21.180 101.07  36114 17.1
2010-04-23  19:30:00  07 33 45.1  +02 07 50  +001045.8 -000155.8  04 04 15.6  249.645 21.122  98.14  36188 17.1
2010-04-23  19:40:00  07 45 20.2  +01 41 15  +001039.6 -000163.2  04 02 42.1  249.019 21.035  95.23  36268 17.0
2010-04-23  19:50:00  07 56 51.2  +01 13 28  +001033.2 -000170.0  04 01 12.7  248.395 20.920  92.32  36353 16.9
2010-04-23  20:00:00  08 08 17.8  +00 44 37  +001026.8 -000176.3  03 59 47.7  247.775 20.777  89.44  36443 16.8
2010-04-23  20:10:00  08 19 40.2  +00 14 45  +001020.3 -000182.0  03 58 27.0  247.159 20.607  86.55  36537 16.7
2010-04-23  20:20:00  08 30 58.3  -00 16 01  +001013.9 -000187.1  03 57 10.5  246.549 20.413  83.70  36636 16.6
2010-04-23  20:30:00  08 42 12.1  -00 47 35  +001007.4 -000191.7  03 55 58.4  245.946 20.195  80.84  36739 16.6
2010-04-23  20:40:00  08 53 21.6  -01 19 52  +001001.1 -000195.7  03 54 50.5  245.352 19.954  78.02  36846 16.5
2010-04-23  20:50:00  09 04 26.9  -01 52 46  +000994.8 -000199.1  03 53 46.9  244.767 19.692  75.19  36957 16.4
2010-04-23  21:00:00  09 15 28.0  -02 26 13  +000988.6 -000202.0  03 52 47.4  244.193 19.410  72.40  37070 16.4
2010-04-23  21:10:00  09 26 25.1  -03 00 05  +000982.6 -000204.4  03 51 52.0  243.631 19.110  69.61  37186 16.3
2010-04-23  21:20:00  09 37 18.1  -03 34 19  +000976.7 -000206.2  03 51 00.5  243.080 18.793  66.84  37305 16.3
2010-04-23  21:30:00  09 48 07.4  -04 08 48  +000971.0 -000207.6  03 50 13.0  242.543 18.462  64.08  37426 16.2
2010-04-23  21:40:00  09 58 52.8  -04 43 29  +000965.5 -000208.4  03 49 29.1  242.018 18.116  61.35  37548 16.2
2010-04-23  21:50:00  10 09 34.8  -05 18 15  +000960.2 -000208.8  03 48 48.8  241.508 17.759  58.63  37672 16.2
2010-04-23  22:00:00  10 20 13.2  -05 53 03  +000955.1 -000208.7  03 48 12.0  241.011 17.391  55.93  37797 16.1
2010-04-23  22:10:00  10 30 48.3  -06 27 47  +000950.3 -000208.1  03 47 38.6  240.528 17.014  53.24  37923 16.1
2010-04-23  22:20:00  10 41 20.3  -07 02 24  +000945.7 -000207.1  03 47 08.2  240.060 16.630  50.57  38049 16.0
2010-04-23  22:30:00  10 51 49.4  -07 36 49  +000941.4 -000205.7  03 46 40.8  239.606 16.239  47.91  38175 16.0
2010-04-23  22:40:00  11 02 15.6  -08 10 57  +000937.3 -000203.9  03 46 16.3  239.167 15.845  45.28  38301 16.0
2010-04-23  22:50:00  11 12 39.1  -08 44 46  +000933.4 -000201.7  03 45 54.4  238.742 15.447  42.65  38426 16.0
2010-04-23  23:00:00  11 23 00.2  -09 18 11  +000929.8 -000199.1  03 45 34.9  238.332 15.047  40.05  38551 15.9
2010-04-23  23:10:00  11 33 18.9  -09 51 08  +000926.5 -000196.2  03 45 17.8  237.936 14.647  37.46  38674 15.9
2010-04-23  23:20:00  11 43 35.6  -10 23 34  +000923.4 -000193.0  03 45 02.8  237.554 14.248  34.89  38796 15.9
2010-04-23  23:30:00  11 53 50.2  -10 55 26  +000920.6 -000189.4  03 44 49.8  237.186 13.851  32.33  38916 15.9
2010-04-23  23:40:00  12 04 03.0  -11 26 40  +000918.0 -000185.5  03 44 38.7  236.832 13.457  29.79  39033 15.9
2010-04-23  23:50:00  12 14 14.2  -11 57 14  +000915.6 -000181.3  03 44 29.1  236.492 13.068  27.26  39149 15.8
2010-04-24  00:00:00  12 24 23.9  -12 27 05  +000913.5 -000176.8  03 44 21.1  236.165 12.685  24.77  39262 15.8
2010-04-24  00:10:00  12 34 32.2  -12 56 09  +000911.6 -000172.0  03 44 14.4  235.852 12.308  22.27  39372 15.8
2010-04-24  00:20:00  12 44 39.4  -13 24 24  +000909.9 -000167.0  03 44 08.9  235.552 11.939  19.81  39478 15.8
2010-04-24  00:30:00  12 54 45.5  -13 51 49  +000908.4 -000161.7  03 44 04.4  235.264 11.579  17.36  39582 15.8
2010-04-24  00:40:00  13 04 50.6  -14 18 19  +000907.1 -000156.2  03 44 00.9  234.989 11.229  14.95  39682 15.8
2010-04-24  00:50:00  13 14 55.0  -14 43 53  +000906.0 -000150.5  03 43 58.2  234.727 10.889  12.57  39777 15.8
2010-04-24  01:00:00  13 24 58.7  -15 08 29     <<SHADOW>>        03 43 56.1  234.478 10.560  10.25  39869 ----
2010-04-24  01:10:00  13 35 01.9  -15 32 04     <<SHADOW>>        03 43 54.6  234.240 10.244   8.02  39957 ----

   Date        UTC        RA         DECL      RARate   DeclRate    HourAng      Az     Um    Phase  Range  Mag
2010-04-24  18:00:00  08 02 18.2  +01 24 35  +001039.2 -000175.3  02 09 24.2  221.977 36.888  91.89  34885 16.8
2010-04-24  18:10:00  08 13 48.7  +00 54 48  +001032.4 -000181.9  02 07 55.3  221.282 36.616  88.98  34982 16.7
2010-04-24  18:20:00  08 25 14.7  +00 23 59  +001025.6 -000187.9  02 06 30.9  220.604 36.317  86.09  35083 16.6
2010-04-24  18:30:00  08 36 36.2  -00 07 47  +001018.8 -000193.2  02 05 11.1  219.943 35.991  83.20  35189 16.5
2010-04-24  18:40:00  08 47 53.1  -00 40 24  +001012.0 -000198.0  02 03 55.9  219.301 35.641  80.34  35298 16.5
2010-04-24  18:50:00  08 59 05.6  -01 13 46  +001005.3 -000202.2  02 02 45.0  218.678 35.268  77.49  35412 16.4
2010-04-24  19:00:00  09 10 13.6  -01 47 47  +000998.7 -000205.9  02 01 38.7  218.076 34.874  74.66  35528 16.3
2010-04-24  19:10:00  09 21 17.2  -02 22 22  +000992.2 -000208.9  02 00 36.7  217.495 34.461  71.84  35648 16.3
2010-04-24  19:20:00  09 32 16.6  -02 57 24  +000985.9 -000211.4  01 59 39.0  216.936 34.031  69.05  35770 16.2
2010-04-24  19:30:00  09 43 11.8  -03 32 48  +000979.8 -000213.4  01 58 45.4  216.399 33.585  66.26  35894 16.2
2010-04-24  19:40:00  09 54 03.0  -04 08 30  +000973.8 -000214.8  01 57 55.8  215.883 33.126  63.50  36021 16.1
2010-04-24  19:50:00  10 04 50.2  -04 44 23  +000968.1 -000215.7  01 57 10.2  215.390 32.655  60.75  36149 16.1
2010-04-24  20:00:00  10 15 33.8  -05 20 23  +000962.6 -000216.1  01 56 28.3  214.917 32.174  58.02  36278 16.1
2010-04-24  20:10:00  10 26 13.7  -05 56 24  +000957.3 -000216.1  01 55 50.0  214.466 31.685  55.30  36409 16.0
2010-04-24  20:20:00  10 36 50.2  -06 32 23  +000952.2 -000215.5  01 55 15.1  214.036 31.189  52.61  36540 16.0
2010-04-24  20:30:00  10 47 23.5  -07 08 14  +000947.5 -000214.5  01 54 43.6  213.627 30.689  49.93  36671 16.0
2010-04-24  20:40:00  10 57 53.6  -07 43 52  +000942.9 -000213.1  01 54 15.1  213.236 30.185  47.27  36803 15.9
2010-04-24  20:50:00  11 08 20.8  -08 19 15  +000938.7 -000211.3  01 53 49.6  212.866 29.680  44.62  36934 15.9
2010-04-24  21:00:00  11 18 45.2  -08 54 17  +000934.7 -000209.0  01 53 26.8  212.513 29.174  42.00  37064 15.9
2010-04-24  21:10:00  11 29 07.1  -09 28 55  +000931.0 -000206.4  01 53 06.5  212.178 28.670  39.38  37193 15.8
2010-04-24  21:20:00  11 39 26.5  -10 03 04  +000927.5 -000203.4  01 52 48.7  211.861 28.168  36.79  37322 15.8
2010-04-24  21:30:00  11 49 43.8  -10 36 42  +000924.3 -000200.1  01 52 33.1  211.560 27.671  34.21  37448 15.8
2010-04-24  21:40:00  11 59 59.0  -11 09 45  +000921.3 -000196.4  01 52 19.5  211.275 27.179  31.65  37573 15.8
2010-04-24  21:50:00  12 10 12.3  -11 42 10  +000918.6 -000192.4  01 52 07.9  211.004 26.693  29.11  37696 15.8
2010-04-24  22:00:00  12 20 23.9  -12 13 53  +000916.2 -000188.1  01 51 57.9  210.749 26.215  26.59  37816 15.8
2010-04-24  22:10:00  12 30 33.9  -12 44 51  +000914.0 -000183.5  01 51 49.5  210.506 25.745  24.07  37933 15.7
2010-04-24  22:20:00  12 40 42.6  -13 15 02  +000912.0 -000178.6  01 51 42.5  210.277 25.286  21.59  38048 15.7
2010-04-24  22:30:00  12 50 50.0  -13 44 23  +000910.3 -000173.5  01 51 36.7  210.061 24.837  19.12  38159 15.7
2010-04-24  22:40:00  13 00 56.3  -14 12 52  +000908.7 -000168.1  01 51 32.1  209.856 24.400  16.69  38268 15.7
2010-04-24  22:50:00  13 11 01.7  -14 40 25  +000907.4 -000162.5  01 51 28.3  209.663 23.976  14.28  38372 15.7
2010-04-24  23:00:00  13 21 06.2  -15 07 00  +000906.3 -000156.6  01 51 25.4  209.480 23.565  11.92  38473 15.7
2010-04-24  23:10:00  13 31 10.1  -15 32 36     <<SHADOW>>        01 51 23.2  209.308 23.169   9.62  38569 ----
2010-04-24  23:20:00  13 41 13.3  -15 57 10     <<SHADOW>>        01 51 21.6  209.146 22.788   7.44  38661 ----
2010-04-24  23:30:00  13 51 16.1  -16 20 40     <<SHADOW>>        01 51 20.5  208.993 22.422   5.51  38749 ----
2010-04-24  23:40:00  14 01 18.6  -16 43 04     <<SHADOW>>        01 51 19.7  208.850 22.073   4.16  38832 ----
2010-04-24  23:50:00  14 11 20.8  -17 04 21     <<SHADOW>>        01 51 19.1  208.715 21.741   4.01  38911 ----
2010-04-25  00:00:00  14 21 22.8  -17 24 28     <<SHADOW>>        01 51 18.8  208.589 21.427   5.16  38984 ----
2010-04-25  00:10:00  14 31 24.7  -17 43 24     <<SHADOW>>        01 51 18.5  208.470 21.132   6.99  39052 ----
2010-04-25  00:20:00  14 41 26.6  -18 01 07  +000902.9 -000102.7  01 51 18.2  208.360 20.855   9.08  39115 15.7
2010-04-25  00:30:00  14 51 28.5  -18 17 37  +000903.0 -000095.2  01 51 17.9  208.258 20.597  11.30  39173 15.7
2010-04-25  00:40:00  15 01 30.6  -18 32 52  +000903.2 -000087.6  01 51 17.5  208.163 20.359  13.57  39225 15.8
2010-04-25  00:50:00  15 11 32.8  -18 46 49  +000903.5 -000079.9  01 51 16.9  208.076 20.141  15.88  39272 15.8
2010-04-25  01:00:00  15 21 35.3  -18 59 30  +000903.9 -000072.1  01 51 16.1  207.995 19.944  18.20  39313 15.8
2010-04-25  01:10:00  15 31 38.0  -19 10 51  +000904.3 -000064.2  01 51 15.1  207.922 19.767  20.54  39348 15.8
2010-04-25  01:20:00  15 41 41.0  -19 20 54  +000904.7 -000056.2  01 51 13.7  207.856 19.612  22.87  39378 15.8
2010-04-25  01:30:00  15 51 44.3  -19 29 35  +000905.2 -000048.1  01 51 12.0  207.797 19.478  25.22  39401 15.8
2010-04-25  01:40:00  16 01 47.9  -19 36 55  +000905.8 -000039.9  01 51 10.0  207.745 19.366  27.57  39419 15.9
2010-04-25  01:50:00  16 11 51.9  -19 42 53  +000906.3 -000031.7  01 51 07.7  207.700 19.275  29.92  39431 15.9

   Date        UTC        RA         DECL      RARate   DeclRate    HourAng      Az     Um    Phase  Range  Mag
2010-04-25  18:00:00  10 14 04.0  -04 38 36  +000968.2 -000218.3  00 01 34.9  180.507 38.958  59.39  35594 16.0
2010-04-25  18:10:00  10 24 47.7  -05 15 03  +000962.7 -000218.8  00 00 52.9  180.280 38.351  56.65  35730 16.0
2010-04-25  18:20:00  10 35 27.7  -05 51 32  +000957.3 -000218.8  00 00 14.6  180.076 37.744  53.94  35866 16.0
2010-04-25  18:30:00  10 46 04.2  -06 27 58  +000952.2 -000218.3  23 59 39.7  179.895 37.136  51.23  36003 15.9
2010-04-25  18:40:00  10 56 37.4  -07 04 17  +000947.4 -000217.4  23 59 08.1  179.733 36.531  48.56  36140 15.9
2010-04-25  18:50:00  11 07 07.5  -07 40 25  +000942.9 -000216.0  23 58 39.7  179.591 35.928  45.89  36276 15.9
2010-04-25  19:00:00  11 17 34.6  -08 16 17  +000938.6 -000214.3  23 58 14.2  179.465 35.330  43.25  36412 15.8
2010-04-25  19:10:00  11 27 58.9  -08 51 49  +000934.6 -000212.1  23 57 51.5  179.356 34.737  40.61  36547 15.8
2010-04-25  19:20:00  11 38 20.8  -09 26 57  +000930.8 -000209.5  23 57 31.3  179.262 34.151  38.00  36681 15.8
2010-04-25  19:30:00  11 48 40.2  -10 01 38  +000927.4 -000206.5  23 57 13.6  179.180 33.572  35.40  36814 15.8
2010-04-25  19:40:00  11 58 57.3  -10 35 47  +000924.2 -000203.2  23 56 58.1  179.111 33.002  32.82  36944 15.8
2010-04-25  19:50:00  12 09 12.4  -11 09 21  +000921.2 -000199.6  23 56 44.6  179.053 32.442  30.25  37073 15.7
2010-04-25  20:00:00  12 19 25.7  -11 42 17  +000918.5 -000195.6  23 56 33.0  179.005 31.893  27.71  37199 15.7
2010-04-25  20:10:00  12 29 37.2  -12 14 32  +000916.1 -000191.3  23 56 23.1  178.966 31.355  25.18  37323 15.7
2010-04-25  20:20:00  12 39 47.1  -12 46 02  +000913.9 -000186.7  23 56 14.8  178.934 30.829  22.67  37444 15.7
2010-04-25  20:30:00  12 49 55.7  -13 16 45  +000911.9 -000181.8  23 56 07.8  178.909 30.317  20.18  37562 15.7
2010-04-25  20:40:00  13 00 03.1  -13 46 38  +000910.2 -000176.7  23 56 02.1  178.890 29.819  17.72  37677 15.7
2010-04-25  20:50:00  13 10 09.4  -14 15 38  +000908.6 -000171.3  23 55 57.5  178.877 29.335  15.27  37788 15.7
2010-04-25  21:00:00  13 20 14.7  -14 43 44  +000907.3 -000165.7  23 55 53.8  178.867 28.867  12.86  37896 15.7
2010-04-25  21:10:00  13 30 19.2  -15 10 51  +000906.2 -000159.8  23 55 51.0  178.861 28.415  10.50  38000 15.7
2010-04-25  21:20:00  13 40 23.0  -15 36 59  +000905.3 -000153.7  23 55 48.8  178.859 27.979   8.22  38099 15.7
2010-04-25  21:30:00  13 50 26.2  -16 02 04     <<SHADOW>>        23 55 47.2  178.858 27.561   6.08  38194 ----
2010-04-25  21:40:00  14 00 29.0  -16 26 05     <<SHADOW>>        23 55 46.1  178.860 27.161   4.32  38285 ----
2010-04-25  21:50:00  14 10 31.4  -16 49 00     <<SHADOW>>        23 55 45.3  178.862 26.779   3.49  38371 ----
2010-04-25  22:00:00  14 20 33.5  -17 10 48     <<SHADOW>>        23 55 44.8  178.866 26.415   4.19  38453 ----
2010-04-25  22:10:00  14 30 35.5  -17 31 25     <<SHADOW>>        23 55 44.5  178.870 26.072   5.90  38529 ----
2010-04-25  22:20:00  14 40 37.4  -17 50 51     <<SHADOW>>        23 55 44.2  178.874 25.748   7.96  38600 ----
2010-04-25  22:30:00  14 50 39.3  -18 09 04  +000902.8 -000105.6  23 55 44.0  178.878 25.444  10.19  38666 15.7
2010-04-25  22:40:00  15 00 41.2  -18 26 03  +000903.0 -000098.1  23 55 43.7  178.881 25.161  12.46  38727 15.7
2010-04-25  22:50:00  15 10 43.2  -18 41 46  +000903.1 -000090.5  23 55 43.4  178.883 24.899  14.78  38782 15.7
2010-04-25  23:00:00  15 20 45.4  -18 56 12  +000903.4 -000082.7  23 55 42.8  178.885 24.659  17.10  38832 15.7
2010-04-25  23:10:00  15 30 47.8  -19 09 20  +000903.8 -000074.8  23 55 42.1  178.885 24.440  19.45  38876 15.8
2010-04-25  23:20:00  15 40 50.4  -19 21 09  +000904.2 -000066.9  23 55 41.1  178.884 24.243  21.79  38914 15.8
2010-04-25  23:30:00  15 50 53.3  -19 31 37  +000904.6 -000058.8  23 55 39.8  178.881 24.068  24.14  38946 15.8
2010-04-25  23:40:00  16 00 56.5  -19 40 45  +000905.1 -000050.6  23 55 38.3  178.877 23.916  26.48  38973 15.8
2010-04-25  23:50:00  16 11 00.1  -19 48 30  +000905.6 -000042.4  23 55 36.3  178.870 23.787  28.84  38993 15.8
2010-04-26  00:00:00  16 21 04.0  -19 54 53  +000906.1 -000034.1  23 55 34.1  178.863 23.680  31.19  39008 15.9
2010-04-26  00:10:00  16 31 08.2  -19 59 53  +000906.7 -000025.8  23 55 31.5  178.853 23.597  33.55  39017 15.9
2010-04-26  00:20:00  16 41 12.9  -20 03 29  +000907.3 -000017.4  23 55 28.5  178.841 23.537  35.90  39019 15.9
2010-04-26  00:30:00  16 51 17.9  -20 05 41  +000907.8 -000009.0  23 55 25.1  178.827 23.500  38.26  39015 15.9
2010-04-26  00:40:00  17 01 23.3  -20 06 28  +000908.5 -000000.5  23 55 21.3  178.811 23.487  40.62  39006 16.0
2010-04-26  00:50:00  17 11 29.2  -20 05 51  +000909.1 +000008.0  23 55 17.1  178.793 23.497  42.98  38990 16.0
2010-04-26  01:00:00  17 21 35.4  -20 03 49  +000909.7 +000016.5  23 55 12.5  178.773 23.530  45.34  38969 16.0
2010-04-26  01:10:00  17 31 42.0  -20 00 22  +000910.3 +000024.9  23 55 07.5  178.751 23.587  47.72  38941 16.1
2010-04-26  01:20:00  17 41 49.1  -19 55 30  +000910.9 +000033.4  23 55 02.1  178.726 23.668  50.08  38907 16.1
2010-04-26  01:30:00  17 51 56.6  -19 49 14  +000911.6 +000041.8  23 54 56.2  178.699 23.772  52.46  38868 16.1
2010-04-26  01:40:00  18 02 04.6  -19 41 34  +000912.2 +000050.2  23 54 49.9  178.670 23.899  54.84  38823 16.2
2010-04-26  01:50:00  18 12 13.0  -19 32 30  +000912.9 +000058.6  23 54 43.2  178.638 24.050  57.23  38772 16.2

   Date        UTC        RA         DECL      RARate   DeclRate    HourAng      Az     Um    Phase  Range  Mag
2010-04-26  18:10:00  12 28 34.1  -11 24 09  +000917.9 -000194.1  22 01 03.1  147.139 26.350  26.38  37667 15.7
2010-04-26  18:20:00  12 38 45.2  -11 56 10  +000915.5 -000190.0  22 00 53.6  147.325 25.842  23.85  37793 15.7
2010-04-26  18:30:00  12 48 54.8  -12 27 28  +000913.4 -000185.5  22 00 45.6  147.512 25.347  21.32  37916 15.7
2010-04-26  18:40:00  12 59 03.1  -12 57 60  +000911.5 -000180.8  22 00 39.0  147.697 24.866  18.83  38035 15.7
2010-04-26  18:50:00  13 09 10.2  -13 27 43  +000909.8 -000175.8  22 00 33.5  147.880 24.399  16.34  38151 15.7
2010-04-26  19:00:00  13 19 16.2  -13 56 36  +000908.3 -000170.6  22 00 29.1  148.061 23.946  13.89  38264 15.7
2010-04-26  19:10:00  13 29 21.3  -14 24 34  +000907.1 -000165.1  22 00 25.7  148.238 23.509  11.45  38373 15.7
2010-04-26  19:20:00  13 39 25.7  -14 51 37  +000906.0 -000159.4  22 00 23.0  148.411 23.087   9.06  38477 15.7
2010-04-26  19:30:00  13 49 29.3  -15 17 41  +000905.1 -000153.4  22 00 21.0  148.578 22.681   6.74  38578 15.7
2010-04-26  19:40:00  13 59 32.4  -15 42 44  +000904.3 -000147.2  22 00 19.5  148.741 22.291   4.59  38674 15.7
2010-04-26  19:50:00  14 09 35.1  -16 06 45     <<SHADOW>>        22 00 18.4  148.897 21.918   2.96  38767 ----
2010-04-26  20:00:00  14 19 37.5  -16 29 41     <<SHADOW>>        22 00 17.8  149.046 21.562   2.91  38854 ----
2010-04-26  20:10:00  14 29 39.5  -16 51 30     <<SHADOW>>        22 00 17.3  149.189 21.223   4.47  38936 ----
2010-04-26  20:20:00  14 39 41.4  -17 12 11     <<SHADOW>>        22 00 17.0  149.324 20.902   6.57  39014 ----
2010-04-26  20:30:00  14 49 43.3  -17 31 42     <<SHADOW>>        22 00 16.9  149.451 20.600   8.83  39086 ----
2010-04-26  20:40:00  14 59 45.1  -17 50 01     <<SHADOW>>        22 00 16.7  149.570 20.315  11.15  39154 ----
2010-04-26  20:50:00  15 09 46.9  -18 07 07  +000902.8 -000098.9  22 00 16.5  149.681 20.050  13.50  39216 15.8
2010-04-26  21:00:00  15 19 48.9  -18 22 58  +000903.0 -000091.4  22 00 16.2  149.783 19.803  15.85  39273 15.8
2010-04-26  21:10:00  15 29 51.0  -18 37 34  +000903.3 -000083.7  22 00 15.8  149.875 19.576  18.21  39324 15.8
2010-04-26  21:20:00  15 39 53.2  -18 50 53  +000903.6 -000076.0  22 00 15.1  149.959 19.369  20.57  39369 15.8
2010-04-26  21:30:00  15 49 55.8  -19 02 53  +000904.0 -000068.1  22 00 14.2  150.033 19.181  22.94  39409 15.8
2010-04-26  21:40:00  15 59 58.6  -19 13 35  +000904.4 -000060.2  22 00 13.1  150.097 19.014  25.30  39444 15.8
2010-04-26  21:50:00  16 10 01.6  -19 22 56  +000904.8 -000052.1  22 00 11.7  150.151 18.866  27.67  39472 15.9
2010-04-26  22:00:00  16 20 05.0  -19 30 57  +000905.3 -000044.0  22 00 09.9  150.196 18.740  30.02  39495 15.9
2010-04-26  22:10:00  16 30 08.7  -19 37 36  +000905.8 -000035.8  22 00 07.9  150.231 18.633  32.39  39511 15.9
2010-04-26  22:20:00  16 40 12.7  -19 42 53  +000906.3 -000027.6  22 00 05.5  150.255 18.548  34.75  39522 15.9
2010-04-26  22:30:00  16 50 17.1  -19 46 47  +000906.9 -000019.3  22 00 02.7  150.269 18.483  37.12  39527 16.0
2010-04-26  22:40:00  17 00 21.9  -19 49 18  +000907.4 -000010.9  21 59 59.6  150.274 18.440  39.47  39526 16.0
2010-04-26  22:50:00  17 10 27.0  -19 50 26  +000908.0 -000002.6  21 59 56.1  150.267 18.417  41.84  39519 16.0
2010-04-26  23:00:00  17 20 32.6  -19 50 10  +000908.6 +000005.8  21 59 52.2  150.251 18.416  44.20  39506 16.0
2010-04-26  23:10:00  17 30 38.5  -19 48 30  +000909.2 +000014.2  21 59 48.0  150.224 18.436  46.58  39487 16.1
2010-04-26  23:20:00  17 40 44.7  -19 45 26  +000909.7 +000022.6  21 59 43.3  150.186 18.477  48.94  39463 16.1
2010-04-26  23:30:00  17 50 51.4  -19 40 59  +000910.3 +000030.9  21 59 38.3  150.138 18.539  51.32  39432 16.1
2010-04-26  23:40:00  18 00 58.5  -19 35 08  +000910.9 +000039.3  21 59 32.8  150.080 18.622  53.69  39396 16.2
2010-04-26  23:50:00  18 11 06.0  -19 27 54  +000911.6 +000047.6  21 59 27.0  150.011 18.725  56.08  39354 16.2
2010-04-27  00:00:00  18 21 14.0  -19 19 16  +000912.2 +000055.9  21 59 20.7  149.931 18.850  58.46  39306 16.2
2010-04-27  00:10:00  18 31 22.4  -19 09 17  +000912.9 +000064.1  21 59 13.9  149.840 18.995  60.86  39253 16.3
2010-04-27  00:20:00  18 41 31.2  -18 57 56  +000913.7 +000072.2  21 59 06.7  149.739 19.161  63.25  39194 16.3
2010-04-27  00:30:00  18 51 40.5  -18 45 13  +000914.4 +000080.3  21 58 59.0  149.626 19.347  65.66  39130 16.4
2010-04-27  00:40:00  19 01 50.4  -18 31 10  +000915.2 +000088.3  21 58 50.8  149.503 19.552  68.07  39060 16.4
2010-04-27  00:50:00  19 12 00.8  -18 15 48  +000916.1 +000096.2  21 58 42.0  149.368 19.778  70.49  38986 16.5
2010-04-27  01:00:00  19 22 11.9  -17 59 08  +000917.0 +000103.9  21 58 32.6  149.222 20.022  72.91  38906 16.5
2010-04-27  01:10:00  19 32 23.6  -17 41 10  +000918.0 +000111.6  21 58 22.6  149.064 20.285  75.36  38822 16.6
2010-04-27  01:20:00  19 42 36.0  -17 21 57  +000919.1 +000119.1  21 58 11.8  148.894 20.566  77.79  38733 16.6
2010-04-27  01:30:00  19 52 49.1  -17 01 29  +000920.3 +000126.5  21 58 00.3  148.712 20.866  80.25  38639 16.7
2010-04-27  01:40:00  20 03 03.1  -16 39 48  +000921.6 +000133.7  21 57 48.0  148.518 21.182  82.71  38541 16.7
2010-04-27  01:50:00  20 13 18.0  -16 16 56  +000923.1 +000140.7  21 57 34.7  148.311 21.515  85.19  38439 16.8

   Date        UTC        RA         DECL      RARate   DeclRate    HourAng      Az     Um    Phase  Range  Mag
2010-04-28  00:50:00  21 10 21.8  -13 43 55  +000930.5 +000165.9  20 04 17.6  122.339 10.014  98.23  39279 17.2
2010-04-28  01:00:00  21 20 42.9  -13 15 48  +000932.8 +000171.5  20 03 58.2  121.989 10.341 100.76  39162 17.3
2010-04-28  01:10:00  21 31 05.5  -12 46 47  +000935.2 +000176.8  20 03 37.1  121.624 10.676 103.31  39043 17.4
2010-04-28  01:20:00  21 41 29.9  -12 16 54  +000937.9 +000181.8  20 03 14.4  121.243 11.018 105.87  38922 17.5
2010-04-28  01:30:00  21 51 56.1  -11 46 13  +000940.7 +000186.5  20 02 49.9  120.847 11.365 108.45  38799 17.6
2010-04-28  01:40:00  22 02 24.2  -11 14 46  +000943.8 +000190.9  20 02 23.4  120.435 11.716 111.02  38675 17.7
2010-04-28  01:50:00  22 12 54.5  -10 42 37  +000947.0 +000194.9  20 01 54.8  120.008 12.071 113.63  38549 17.8
