ЭФЕМЕРИДЫ ПО ОБЪЕКТУ:  90021
Для пункта:  10016 Маяки   46 23'50.68"   30 16'17.74"    14m
C   2010-04-15 12:00
по  2010-05-01 12:00
Шаг  0:10:00
Мин.угол места:          10 град
Макс.угол места Солнца: -10 град
Стандартный блеск :      9.6 (зв.вел.)

ОБОЗНАЧЕНИЯ
RA        прямое восхождение, тек.эпоха
DECL      склонение, тек.эпоха
RARate    скорость по пр.восх., арксек/мин
DeclRate  скорость по склонению, арксек/мин
HourAng   часовой угол
Az        азимут
Um        угол места
Phase     фазовый угол
Range     дальность
Mag       зв.величина (оценка)

   Date        UTC        RA         DECL      RARate   DeclRate    HourAng      Az     Um    Phase  Range  Mag
2010-04-15  17:50:00  08 05 52.7  +05 34 25  +000880.8 -000169.5  01 20 19.0  209.259 45.644  83.43  38082 17.3
2010-04-15  18:00:00  08 15 38.4  +05 05 33  +000876.1 -000176.8  01 20 35.0  209.116 45.168  80.96  38156 17.3
2010-04-15  18:10:00  08 25 20.9  +04 35 30  +000871.5 -000183.7  01 20 54.1  208.984 44.670  78.49  38231 17.2
2010-04-15  18:20:00  08 35 00.4  +04 04 20  +000866.9 -000190.2  01 21 16.3  208.862 44.150  76.04  38308 17.1
2010-04-15  18:30:00  08 44 36.8  +03 32 08  +000862.4 -000196.3  01 21 41.5  208.751 43.608  73.59  38386 17.1
2010-04-15  18:40:00  08 54 10.2  +02 58 56  +000858.0 -000201.9  01 22 09.7  208.651 43.048  71.15  38465 17.0
2010-04-15  18:50:00  09 03 40.8  +02 24 50  +000853.7 -000207.2  01 22 40.8  208.562 42.469  68.71  38546 17.0
2010-04-15  19:00:00  09 13 08.6  +01 49 54  +000849.6 -000212.0  01 23 14.7  208.482 41.872  66.29  38627 16.9
2010-04-15  19:10:00  09 22 33.6  +01 14 11  +000845.6 -000216.4  01 23 51.3  208.413 41.260  63.87  38709 16.9
2010-04-15  19:20:00  09 31 56.1  +00 37 47  +000841.9 -000220.4  01 24 30.4  208.354 40.633  61.46  38792 16.9
2010-04-15  19:30:00  09 41 16.1  +00 00 45  +000838.3 -000224.0  01 25 12.0  208.304 39.993  59.05  38875 16.8
2010-04-15  19:40:00  09 50 33.9  -00 36 51  +000834.9 -000227.1  01 25 56.0  208.263 39.341  56.66  38959 16.8
2010-04-15  19:50:00  09 59 49.4  -01 14 57  +000831.7 -000229.9  01 26 42.1  208.230 38.679  54.27  39043 16.8
2010-04-15  20:00:00  10 09 02.9  -01 53 28  +000828.8 -000232.2  01 27 30.2  208.204 38.006  51.90  39127 16.7
2010-04-15  20:10:00  10 18 14.5  -02 32 20  +000826.1 -000234.2  01 28 20.3  208.186 37.326  49.52  39211 16.7
2010-04-15  20:20:00  10 27 24.4  -03 11 31  +000823.6 -000235.8  01 29 12.0  208.174 36.638  47.16  39296 16.7
2010-04-15  20:30:00  10 36 32.7  -03 50 54  +000821.4 -000236.9  01 30 05.3  208.169 35.945  44.80  39380 16.6
2010-04-15  20:40:00  10 45 39.7  -04 30 28  +000819.5 -000237.7  01 31 00.0  208.168 35.248  42.46  39463 16.6
2010-04-15  20:50:00  10 54 45.4  -05 10 08  +000817.8 -000238.1  01 31 55.9  208.172 34.547  40.12  39546 16.6
2010-04-15  21:00:00  11 03 50.1  -05 49 50  +000816.3 -000238.2  01 32 52.9  208.181 33.845  37.79  39629 16.6
2010-04-15  21:10:00  11 12 53.9  -06 29 31  +000815.2 -000237.9  01 33 50.7  208.192 33.142  35.47  39710 16.5
2010-04-15  21:20:00  11 21 57.1  -07 09 06  +000814.3 -000237.2  01 34 49.2  208.206 32.439  33.17  39791 16.5
2010-04-15  21:30:00  11 30 59.7  -07 48 33  +000813.7 -000236.1  01 35 48.2  208.223 31.738  30.86  39871 16.5
2010-04-15  21:40:00  11 40 02.0  -08 27 48  +000813.3 -000234.7  01 36 47.5  208.241 31.039  28.58  39949 16.5
2010-04-15  21:50:00  11 49 04.1  -09 06 47  +000813.2 -000233.0  01 37 47.0  208.260 30.345  26.30  40026 16.5
2010-04-15  22:00:00  11 58 06.3  -09 45 27  +000813.3 -000230.9  01 38 46.5  208.280 29.656  24.05  40101 16.5
2010-04-15  22:10:00  12 07 08.6  -10 23 44  +000813.7 -000228.5  01 39 45.8  208.301 28.974  21.81  40175 16.5
2010-04-15  22:20:00  12 16 11.3  -11 01 36  +000814.4 -000225.7  01 40 44.8  208.321 28.298  19.60  40247 16.4
2010-04-15  22:30:00  12 25 14.6  -11 38 58  +000815.3 -000222.7  01 41 43.2  208.340 27.631  17.41  40317 16.4
2010-04-15  22:40:00  12 34 18.5  -12 15 48  +000816.5 -000219.3  01 42 40.9  208.358 26.974  15.27  40385 16.4
2010-04-15  22:50:00  12 43 23.3  -12 52 03  +000817.8 -000215.5  01 43 37.8  208.375 26.328  13.18  40451 16.4
2010-04-15  23:00:00  12 52 29.0  -13 27 38  +000819.4 -000211.5  01 44 33.7  208.390 25.693  11.19  40514 16.4
2010-04-15  23:10:00  13 01 35.9  -14 02 32     <<SHADOW>>        01 45 28.4  208.404 25.070   9.32  40575 ----
2010-04-15  23:20:00  13 10 44.0  -14 36 41     <<SHADOW>>        01 46 21.9  208.415 24.462   7.70  40633 ----
2010-04-15  23:30:00  13 19 53.6  -15 10 02     <<SHADOW>>        01 47 14.0  208.425 23.868   6.49  40688 ----
2010-04-15  23:40:00  13 29 04.7  -15 42 32     <<SHADOW>>        01 48 04.5  208.432 23.289   5.95  40741 ----
2010-04-15  23:50:00  13 38 17.5  -16 14 08     <<SHADOW>>        01 48 53.4  208.436 22.727   6.26  40790 ----
2010-04-16  00:00:00  13 47 32.0  -16 44 47     <<SHADOW>>        01 49 40.6  208.438 22.183   7.29  40837 ----
2010-04-16  00:10:00  13 56 48.3  -17 14 27     <<SHADOW>>        01 50 25.9  208.438 21.657   8.81  40880 ----
2010-04-16  00:20:00  14 06 06.6  -17 43 05  +000838.9 -000168.5  01 51 09.3  208.435 21.149  10.59  40920 16.4
2010-04-16  00:30:00  14 15 26.8  -18 10 37  +000842.0 -000161.9  01 51 50.6  208.431 20.662  12.54  40957 16.4
2010-04-16  00:40:00  14 24 49.2  -18 37 02  +000845.1 -000155.0  01 52 29.9  208.424 20.195  14.57  40990 16.5
2010-04-16  00:50:00  14 34 13.7  -19 02 16  +000848.3 -000147.8  01 53 07.1  208.415 19.750  16.67  41020 16.5
2010-04-16  01:00:00  14 43 40.3  -19 26 17  +000851.6 -000140.4  01 53 42.1  208.404 19.327  18.80  41046 16.5
2010-04-16  01:10:00  14 53 09.1  -19 49 03  +000854.9 -000132.7  01 54 14.9  208.392 18.926  20.97  41068 16.5
2010-04-16  01:20:00  15 02 40.2  -20 10 31  +000858.2 -000124.8  01 54 45.5  208.379 18.549  23.15  41086 16.5
2010-04-16  01:30:00  15 12 13.4  -20 30 39  +000861.6 -000116.7  01 55 13.9  208.365 18.196  25.35  41101 16.5
2010-04-16  01:40:00  15 21 48.9  -20 49 25  +000864.8 -000108.3  01 55 40.1  208.350 17.867  27.55  41112 16.5
2010-04-16  01:50:00  15 31 26.5  -21 06 46  +000868.1 -000099.8  01 56 04.0  208.335 17.564  29.78  41119 16.6
2010-04-16  02:00:00  15 41 06.3  -21 22 40  +000871.3 -000091.0  01 56 25.9  208.321 17.286  32.00  41122 16.6
2010-04-16  02:10:00  15 50 48.2  -21 37 05  +000874.4 -000082.1  01 56 45.6  208.308 17.034  34.24  41121 16.6

   Date        UTC        RA         DECL      RARate   DeclRate    HourAng      Az     Um    Phase  Range  Mag
2010-04-16  17:50:00  07 39 42.5  +06 35 07  +000893.0 -000149.9  01 50 25.8  219.504 43.641  90.95  38122 17.5
2010-04-16  18:00:00  07 49 36.2  +06 09 26  +000888.3 -000158.1  01 50 33.7  219.285 43.243  88.47  38192 17.5
2010-04-16  18:10:00  07 59 26.8  +05 42 26  +000883.6 -000165.9  01 50 44.7  219.072 42.818  85.98  38264 17.4
2010-04-16  18:20:00  08 09 14.3  +05 14 09  +000878.9 -000173.4  01 50 58.9  218.865 42.368  83.52  38338 17.3
2010-04-16  18:30:00  08 18 58.7  +04 44 40  +000874.2 -000180.4  01 51 16.2  218.664 41.894  81.04  38414 17.3
2010-04-16  18:40:00  08 28 40.0  +04 14 03  +000869.6 -000187.0  01 51 36.5  218.472 41.398  78.59  38491 17.2
2010-04-16  18:50:00  08 38 18.2  +03 42 22  +000865.1 -000193.2  01 51 59.9  218.288 40.879  76.13  38570 17.2
2010-04-16  19:00:00  08 47 53.5  +03 09 41  +000860.7 -000198.9  01 52 26.3  218.112 40.340  73.69  38650 17.1
2010-04-16  19:10:00  08 57 25.8  +02 36 05  +000856.3 -000204.3  01 52 55.6  217.945 39.781  71.24  38731 17.1
2010-04-16  19:20:00  09 06 55.3  +02 01 37  +000852.2 -000209.2  01 53 27.8  217.787 39.204  68.81  38813 17.0
2010-04-16  19:30:00  09 16 22.1  +01 26 21  +000848.1 -000213.7  01 54 02.7  217.637 38.610  66.38  38897 17.0
2010-04-16  19:40:00  09 25 46.2  +00 50 23  +000844.3 -000217.8  01 54 40.2  217.496 38.000  63.97  38981 16.9
2010-04-16  19:50:00  09 35 07.8  +00 13 46  +000840.6 -000221.5  01 55 20.2  217.364 37.376  61.56  39065 16.9
2010-04-16  20:00:00  09 44 27.1  -00 23 26  +000837.1 -000224.8  01 56 02.6  217.241 36.739  59.16  39150 16.8
2010-04-16  20:10:00  09 53 44.1  -01 01 09  +000833.9 -000227.7  01 56 47.2  217.125 36.090  56.76  39236 16.8
2010-04-16  20:20:00  10 02 59.0  -01 39 19  +000830.8 -000230.1  01 57 34.0  217.018 35.431  54.38  39322 16.8
2010-04-16  20:30:00  10 12 11.9  -02 17 51  +000828.0 -000232.2  01 58 22.7  216.917 34.762  52.00  39408 16.7
2010-04-16  20:40:00  10 21 23.1  -02 56 42  +000825.5 -000233.9  01 59 13.1  216.824 34.086  49.64  39494 16.7
2010-04-16  20:50:00  10 30 32.6  -03 35 48  +000823.1 -000235.2  02 00 05.2  216.737 33.403  47.27  39580 16.7
2010-04-16  21:00:00  10 39 40.7  -04 15 04  +000821.1 -000236.1  02 00 58.8  216.657 32.715  44.92  39666 16.7
2010-04-16  21:10:00  10 48 47.4  -04 54 28  +000819.3 -000236.6  02 01 53.7  216.582 32.023  42.57  39751 16.6
2010-04-16  21:20:00  10 57 53.1  -05 33 55  +000817.7 -000236.8  02 02 49.7  216.512 31.328  40.24  39835 16.6
2010-04-16  21:30:00  11 06 57.8  -06 13 22  +000816.4 -000236.5  02 03 46.7  216.447 30.631  37.91  39919 16.6
2010-04-16  21:40:00  11 16 01.7  -06 52 45  +000815.4 -000236.0  02 04 44.4  216.386 29.935  35.60  40002 16.6
2010-04-16  21:50:00  11 25 05.0  -07 32 00  +000814.6 -000235.0  02 05 42.7  216.328 29.239  33.28  40084 16.5
2010-04-16  22:00:00  11 34 07.9  -08 11 04  +000814.1 -000233.7  02 06 41.5  216.274 28.546  30.99  40164 16.5
2010-04-16  22:10:00  11 43 10.5  -08 49 54  +000813.9 -000232.1  02 07 40.5  216.222 27.856  28.70  40244 16.5
2010-04-16  22:20:00  11 52 13.1  -09 28 26  +000813.9 -000230.1  02 08 39.5  216.173 27.171  26.44  40321 16.5
2010-04-16  22:30:00  12 01 15.8  -10 06 36  +000814.2 -000227.8  02 09 38.5  216.126 26.492  24.17  40397 16.5
2010-04-16  22:40:00  12 10 18.7  -10 44 22  +000814.7 -000225.2  02 10 37.2  216.080 25.819  21.94  40472 16.5
2010-04-16  22:50:00  12 19 22.1  -11 21 39  +000815.5 -000222.2  02 11 35.5  216.036 25.155  19.72  40544 16.5
2010-04-16  23:00:00  12 28 26.1  -11 58 26  +000816.5 -000219.0  02 12 33.1  215.992 24.500  17.54  40614 16.4
2010-04-16  23:10:00  12 37 30.9  -12 34 38  +000817.8 -000215.4  02 13 30.0  215.949 23.855  15.38  40682 16.4
2010-04-16  23:20:00  12 46 36.5  -13 10 12  +000819.2 -000211.5  02 14 26.0  215.906 23.221  13.29  40748 16.4
2010-04-16  23:30:00  12 55 43.2  -13 45 06  +000820.9 -000207.2  02 15 20.9  215.864 22.599  11.27  40811 16.4
2010-04-16  23:40:00  13 04 51.1  -14 19 16     <<SHADOW>>        02 16 14.7  215.821 21.991   9.40  40871 ----
2010-04-16  23:50:00  13 14 00.4  -14 52 40     <<SHADOW>>        02 17 07.1  215.778 21.397   7.74  40929 ----
2010-04-17  00:00:00  13 23 11.1  -15 25 14     <<SHADOW>>        02 17 58.0  215.735 20.818   6.48  40983 ----
2010-04-17  00:10:00  13 32 23.4  -15 56 55     <<SHADOW>>        02 18 47.4  215.691 20.256   5.87  41035 ----
2010-04-17  00:20:00  13 41 37.3  -16 27 41     <<SHADOW>>        02 19 35.0  215.647 19.710   6.11  41084 ----
2010-04-17  00:30:00  13 50 53.1  -16 57 28     <<SHADOW>>        02 20 20.9  215.602 19.183   7.11  41129 ----
2010-04-17  00:40:00  14 00 10.7  -17 26 15     <<SHADOW>>        02 21 04.9  215.557 18.674   8.61  41171 ----
2010-04-17  00:50:00  14 09 30.3  -17 53 58  +000840.9 -000163.0  02 21 47.0  215.512 18.184  10.39  41210 16.4
2010-04-17  01:00:00  14 18 51.9  -18 20 35  +000844.0 -000156.2  02 22 27.0  215.467 17.715  12.33  41245 16.5
2010-04-17  01:10:00  14 28 15.6  -18 46 02  +000847.1 -000149.2  02 23 05.0  215.422 17.268  14.38  41276 16.5
2010-04-17  01:20:00  14 37 41.4  -19 10 18  +000850.3 -000141.9  02 23 40.8  215.377 16.841  16.47  41304 16.5
2010-04-17  01:30:00  14 47 09.4  -19 33 20  +000853.6 -000134.4  02 24 14.5  215.332 16.438  18.61  41328 16.5
2010-04-17  01:40:00  14 56 39.5  -19 55 05  +000856.9 -000126.6  02 24 46.0  215.289 16.057  20.77  41349 16.5
2010-04-17  01:50:00  15 06 11.9  -20 15 32  +000860.2 -000118.6  02 25 15.2  215.247 15.700  22.96  41365 16.5
2010-04-17  02:00:00  15 15 46.5  -20 34 38  +000863.5 -000110.4  02 25 42.3  215.206 15.367  25.15  41378 16.5
2010-04-17  02:10:00  15 25 23.2  -20 52 20  +000866.7 -000102.0  02 26 07.3  215.167 15.058  27.37  41387 16.6

   Date        UTC        RA         DECL      RARate   DeclRate    HourAng      Az     Um    Phase  Range  Mag
2010-04-17  17:50:00  07 13 24.9  +07 26 42  +000904.6 -000128.1  02 20 40.0  228.933 40.757  98.47  38232 17.8
2010-04-17  18:00:00  07 23 26.5  +07 04 35  +000900.1 -000137.2  02 20 40.0  228.679 40.443  95.98  38298 17.7
2010-04-17  18:10:00  07 33 25.0  +06 40 60  +000895.6 -000145.9  02 20 43.1  228.425 40.101  93.47  38366 17.6
2010-04-17  18:20:00  07 43 20.5  +06 15 59  +000890.9 -000154.2  02 20 49.2  228.172 39.731  90.98  38436 17.6
2010-04-17  18:30:00  07 53 13.0  +05 49 38  +000886.3 -000162.1  02 20 58.5  227.921 39.335  88.49  38508 17.5
2010-04-17  18:40:00  08 03 02.3  +05 21 59  +000881.6 -000169.6  02 21 10.8  227.673 38.913  86.01  38582 17.4
2010-04-17  18:50:00  08 12 48.4  +04 53 07  +000877.0 -000176.7  02 21 26.3  227.428 38.467  83.53  38658 17.4
2010-04-17  19:00:00  08 22 31.6  +04 23 06  +000872.4 -000183.4  02 21 44.8  227.189 37.997  81.07  38736 17.3
2010-04-17  19:10:00  08 32 11.6  +03 52 00  +000867.8 -000189.7  02 22 06.4  226.955 37.505  78.61  38815 17.2
2010-04-17  19:20:00  08 41 48.7  +03 19 54  +000863.4 -000195.6  02 22 31.0  226.727 36.991  76.16  38895 17.2
2010-04-17  19:30:00  08 51 22.8  +02 46 50  +000859.0 -000201.1  02 22 58.5  226.505 36.457  73.71  38977 17.1
2010-04-17  19:40:00  09 00 54.1  +02 12 54  +000854.8 -000206.1  02 23 28.9  226.291 35.904  71.28  39060 17.1
2010-04-17  19:50:00  09 10 22.6  +01 38 09  +000850.7 -000210.7  02 24 02.0  226.083 35.333  68.85  39145 17.0
2010-04-17  20:00:00  09 19 48.4  +01 02 41  +000846.8 -000214.9  02 24 37.8  225.883 34.746  66.43  39230 17.0
2010-04-17  20:10:00  09 29 11.7  +00 26 32  +000843.1 -000218.7  02 25 16.2  225.690 34.143  64.01  39316 16.9
2010-04-17  20:20:00  09 38 32.5  -00 10 13  +000839.5 -000222.1  02 25 57.0  225.505 33.526  61.61  39402 16.9
2010-04-17  20:30:00  09 47 51.1  -00 47 29  +000836.2 -000225.1  02 26 40.1  225.327 32.897  59.20  39489 16.9
2010-04-17  20:40:00  09 57 07.5  -01 25 14  +000833.0 -000227.7  02 27 25.3  225.157 32.256  56.82  39577 16.8
2010-04-17  20:50:00  10 06 21.8  -02 03 22  +000830.1 -000229.9  02 28 12.6  224.993 31.605  54.43  39664 16.8
2010-04-17  21:00:00  10 15 34.3  -02 41 50  +000827.4 -000231.7  02 29 01.7  224.837 30.946  52.06  39752 16.8
2010-04-17  21:10:00  10 24 45.2  -03 20 34  +000825.0 -000233.1  02 29 52.6  224.687 30.279  49.69  39839 16.7
2010-04-17  21:20:00  10 33 54.4  -03 59 30  +000822.8 -000234.1  02 30 44.9  224.543 29.606  47.33  39927 16.7
2010-04-17  21:30:00  10 43 02.3  -04 38 34  +000820.9 -000234.7  02 31 38.7  224.405 28.928  44.98  40014 16.7
2010-04-17  21:40:00  10 52 09.0  -05 17 43  +000819.2 -000235.0  02 32 33.6  224.273 28.247  42.64  40100 16.6
2010-04-17  21:50:00  11 01 14.7  -05 56 52  +000817.8 -000234.9  02 33 29.6  224.146 27.563  40.30  40186 16.6
2010-04-17  22:00:00  11 10 19.5  -06 35 59  +000816.6 -000234.4  02 34 26.5  224.024 26.879  37.98  40271 16.6
2010-04-17  22:10:00  11 19 23.6  -07 14 59  +000815.8 -000233.6  02 35 24.0  223.907 26.194  35.66  40354 16.6
2010-04-17  22:20:00  11 28 27.2  -07 53 50  +000815.1 -000232.4  02 36 22.0  223.793 25.512  33.36  40437 16.6
2010-04-17  22:30:00  11 37 30.5  -08 32 27  +000814.8 -000230.9  02 37 20.4  223.684 24.832  31.06  40518 16.5
2010-04-17  22:40:00  11 46 33.6  -09 10 47  +000814.7 -000229.1  02 38 18.9  223.578 24.156  28.78  40598 16.5
2010-04-17  22:50:00  11 55 36.8  -09 48 47  +000814.8 -000226.9  02 39 17.4  223.475 23.485  26.50  40676 16.5
2010-04-17  23:00:00  12 04 40.1  -10 26 23  +000815.2 -000224.4  02 40 15.7  223.374 22.820  24.25  40752 16.5
2010-04-17  23:10:00  12 13 43.8  -11 03 33  +000815.9 -000221.5  02 41 13.7  223.277 22.163  22.00  40827 16.5
2010-04-17  23:20:00  12 22 47.9  -11 40 13  +000816.8 -000218.4  02 42 11.1  223.181 21.515  19.79  40899 16.5
2010-04-17  23:30:00  12 31 52.8  -12 16 19  +000817.9 -000214.9  02 43 07.9  223.087 20.876  17.59  40969 16.5
2010-04-17  23:40:00  12 40 58.5  -12 51 50  +000819.2 -000211.1  02 44 03.8  222.995 20.248  15.44  41036 16.5
2010-04-17  23:50:00  12 50 05.2  -13 26 41  +000820.8 -000207.0  02 44 58.8  222.905 19.632  13.33  41101 16.5
2010-04-18  00:00:00  12 59 13.0  -14 00 49     <<SHADOW>>        02 45 52.7  222.816 19.028  11.31  41164 ----
2010-04-18  00:10:00  13 08 22.0  -14 34 13     <<SHADOW>>        02 46 45.2  222.728 18.438   9.40  41223 ----
2010-04-18  00:20:00  13 17 32.5  -15 06 48     <<SHADOW>>        02 47 36.5  222.642 17.863   7.71  41280 ----
2010-04-18  00:30:00  13 26 44.4  -15 38 31     <<SHADOW>>        02 48 26.2  222.557 17.304   6.40  41334 ----
2010-04-18  00:40:00  13 35 58.0  -16 09 21     <<SHADOW>>        02 49 14.2  222.472 16.761   5.74  41384 ----
2010-04-18  00:50:00  13 45 13.3  -16 39 14     <<SHADOW>>        02 50 00.6  222.389 16.235   5.94  41431 ----
2010-04-18  01:00:00  13 54 30.4  -17 08 08     <<SHADOW>>        02 50 45.1  222.308 15.728   6.92  41475 ----
2010-04-18  01:10:00  14 03 49.4  -17 35 59  +000840.0 -000163.9  02 51 27.8  222.227 15.240   8.43  41516 16.5
2010-04-18  01:20:00  14 13 10.3  -18 02 45  +000843.0 -000157.3  02 52 08.5  222.149 14.772  10.21  41553 16.5
2010-04-18  01:30:00  14 22 33.3  -18 28 23  +000846.1 -000150.4  02 52 47.1  222.072 14.324  12.16  41586 16.5
2010-04-18  01:40:00  14 31 58.4  -18 52 52  +000849.2 -000143.2  02 53 23.6  221.997 13.898  14.20  41616 16.5
2010-04-18  01:50:00  14 41 25.7  -19 16 08  +000852.5 -000135.9  02 53 58.0  221.924 13.493  16.31  41641 16.5
2010-04-18  02:00:00  14 50 55.0  -19 38 08  +000855.7 -000128.2  02 54 30.3  221.853 13.111  18.45  41663 16.5

   Date        UTC        RA         DECL      RARate   DeclRate    HourAng      Az     Um    Phase  Range  Mag
2010-04-18  17:50:00  06 47 04.1  +08 08 21  +000915.4 -000104.5  02 50 57.3  237.448 37.153 105.97  38412 18.1
2010-04-18  18:00:00  06 57 13.0  +07 50 07  +000911.2 -000114.3  02 50 50.1  237.195 36.924 103.45  38472 18.0
2010-04-18  18:10:00  07 07 19.0  +07 30 16  +000907.0 -000123.7  02 50 45.7  236.935 36.666 100.93  38534 17.9
2010-04-18  18:20:00  07 17 22.2  +07 08 53  +000902.6 -000132.8  02 50 44.1  236.670 36.380  98.43  38600 17.8
2010-04-18  18:30:00  07 27 22.4  +06 46 01  +000898.1 -000141.6  02 50 45.5  236.403 36.066  95.92  38667 17.7
2010-04-18  18:40:00  07 37 19.6  +06 21 43  +000893.5 -000150.0  02 50 50.0  236.132 35.724  93.43  38737 17.6
2010-04-18  18:50:00  07 47 13.8  +05 56 03  +000888.9 -000158.0  02 50 57.5  235.861 35.357  90.93  38809 17.6
2010-04-18  19:00:00  07 57 04.8  +05 29 05  +000884.3 -000165.6  02 51 08.1  235.591 34.963  88.45  38883 17.5
2010-04-18  19:10:00  08 06 52.8  +05 00 53  +000879.7 -000172.8  02 51 21.7  235.321 34.545  85.97  38959 17.4
2010-04-18  19:20:00  08 16 37.7  +04 31 30  +000875.1 -000179.6  02 51 38.5  235.053 34.102  83.50  39036 17.4
2010-04-18  19:30:00  08 26 19.6  +04 01 02  +000870.5 -000186.0  02 51 58.3  234.789 33.637  81.03  39116 17.3
2010-04-18  19:40:00  08 35 58.4  +03 29 32  +000866.1 -000192.0  02 52 21.0  234.528 33.150  78.58  39197 17.3
2010-04-18  19:50:00  08 45 34.4  +02 57 05  +000861.7 -000197.5  02 52 46.8  234.272 32.642  76.12  39279 17.2
2010-04-18  20:00:00  08 55 07.4  +02 23 43  +000857.4 -000202.7  02 53 15.4  234.020 32.115  73.69  39363 17.1
2010-04-18  20:10:00  09 04 37.6  +01 49 33  +000853.3 -000207.4  02 53 46.8  233.774 31.569  71.25  39448 17.1
2010-04-18  20:20:00  09 14 05.2  +01 14 37  +000849.4 -000211.7  02 54 20.9  233.534 31.006  68.83  39534 17.1
2010-04-18  20:30:00  09 23 30.2  +00 38 60  +000845.6 -000215.6  02 54 57.5  233.299 30.427  66.40  39621 17.0
2010-04-18  20:40:00  09 32 52.6  +00 02 46  +000841.9 -000219.1  02 55 36.7  233.071 29.834  64.00  39709 17.0
2010-04-18  20:50:00  09 42 12.8  -00 34 01  +000838.5 -000222.2  02 56 18.2  232.849 29.227  61.58  39797 16.9
2010-04-18  21:00:00  09 51 30.7  -01 11 17  +000835.3 -000224.9  02 57 01.9  232.633 28.608  59.19  39885 16.9
2010-04-18  21:10:00  10 00 46.6  -01 48 58  +000832.3 -000227.2  02 57 47.7  232.424 27.978  56.80  39974 16.8
2010-04-18  21:20:00  10 10 00.5  -02 27 00  +000829.5 -000229.1  02 58 35.4  232.221 27.338  54.42  40063 16.8
2010-04-18  21:30:00  10 19 12.7  -03 05 19  +000827.0 -000230.6  02 59 24.9  232.024 26.691  52.05  40153 16.8
2010-04-18  21:40:00  10 28 23.2  -03 43 51  +000824.7 -000231.7  03 00 16.0  231.833 26.036  49.69  40241 16.8
2010-04-18  21:50:00  10 37 32.3  -04 22 33  +000822.7 -000232.5  03 01 08.5  231.648 25.376  47.32  40330 16.7
2010-04-18  22:00:00  10 46 40.2  -05 01 20  +000820.9 -000232.9  03 02 02.3  231.469 24.712  44.98  40418 16.7
2010-04-18  22:10:00  10 55 46.9  -05 40 09  +000819.3 -000232.9  03 02 57.2  231.295 24.044  42.63  40505 16.7
2010-04-18  22:20:00  11 04 52.7  -06 18 56  +000818.1 -000232.5  03 03 53.1  231.126 23.375  40.31  40592 16.6
2010-04-18  22:30:00  11 13 57.7  -06 57 39  +000817.1 -000231.8  03 04 49.7  230.961 22.706  37.98  40677 16.6
2010-04-18  22:40:00  11 23 02.1  -07 36 12  +000816.3 -000230.8  03 05 46.9  230.802 22.037  35.67  40761 16.6
2010-04-18  22:50:00  11 32 06.2  -08 14 34  +000815.8 -000229.4  03 06 44.5  230.647 21.371  33.35  40844 16.6
2010-04-18  23:00:00  11 41 10.0  -08 52 39  +000815.6 -000227.7  03 07 42.4  230.495 20.707  31.07  40926 16.6
2010-04-18  23:10:00  11 50 13.7  -09 30 26  +000815.6 -000225.6  03 08 40.3  230.348 20.048  28.77  41006 16.5
2010-04-18  23:20:00  11 59 17.5  -10 07 51  +000815.9 -000223.2  03 09 38.1  230.204 19.395  26.51  41084 16.5
2010-04-18  23:30:00  12 08 21.6  -10 44 50  +000816.4 -000220.5  03 10 35.7  230.063 18.749  24.24  41160 16.5
2010-04-18  23:40:00  12 17 26.1  -11 21 20  +000817.2 -000217.5  03 11 32.8  229.925 18.110  22.01  41234 16.5
2010-04-18  23:50:00  12 26 31.2  -11 57 19  +000818.2 -000214.2  03 12 29.3  229.791 17.481  19.78  41306 16.5
2010-04-19  00:00:00  12 35 37.1  -12 32 42  +000819.4 -000210.5  03 13 25.1  229.658 16.861  17.58  41375 16.5
2010-04-19  00:10:00  12 44 43.8  -13 07 28  +000820.9 -000206.6  03 14 20.0  229.529 16.253  15.41  41442 16.5
2010-04-19  00:20:00  12 53 51.6  -13 41 33  +000822.5 -000202.3  03 15 13.8  229.402 15.657  13.30  41506 16.5
2010-04-19  00:30:00  13 03 00.6  -14 14 53     <<SHADOW>>        03 16 06.5  229.277 15.074  11.26  41567 ----
2010-04-19  00:40:00  13 12 10.9  -14 47 27     <<SHADOW>>        03 16 57.9  229.155 14.505   9.34  41625 ----
2010-04-19  00:50:00  13 21 22.6  -15 19 11     <<SHADOW>>        03 17 47.8  229.035 13.952   7.61  41681 ----
2010-04-19  01:00:00  13 30 35.9  -15 50 03     <<SHADOW>>        03 18 36.2  228.917 13.414   6.27  41733 ----
2010-04-19  01:10:00  13 39 50.8  -16 19 59     <<SHADOW>>        03 19 22.9  228.801 12.893   5.57  41782 ----
2010-04-19  01:20:00  13 49 07.5  -16 48 57     <<SHADOW>>        03 20 07.8  228.689 12.390   5.75  41827 ----
2010-04-19  01:30:00  13 58 26.0  -17 16 54     <<SHADOW>>        03 20 50.9  228.578 11.905   6.75  41869 ----
2010-04-19  01:40:00  14 07 46.5  -17 43 47  +000842.1 -000158.1  03 21 32.1  228.471 11.440   8.26  41908 16.5
2010-04-19  01:50:00  14 17 08.9  -18 09 35  +000845.2 -000151.4  03 22 11.3  228.366 10.995  10.07  41943 16.5
2010-04-19  02:00:00  14 26 33.4  -18 34 14  +000848.3 -000144.4  03 22 48.5  228.265 10.570  12.03  41974 16.5

   Date        UTC        RA         DECL      RARate   DeclRate    HourAng      Az     Um    Phase  Range  Mag
2010-04-19  17:50:00  06 20 44.7  +08 39 28  +000924.7 -000079.5  03 21 13.2  245.080 32.988 113.42  38657 18.4
2010-04-19  18:00:00  06 31 00.0  +08 25 21  +000921.1 -000089.8  03 20 59.6  244.851 32.842 110.89  38710 18.3
2010-04-19  18:10:00  06 41 12.9  +08 09 32  +000917.3 -000099.9  03 20 48.4  244.611 32.666 108.36  38767 18.2
2010-04-19  18:20:00  06 51 23.1  +07 52 04  +000913.3 -000109.7  03 20 39.8  244.361 32.462 105.84  38826 18.1
2010-04-19  18:30:00  07 01 30.6  +07 32 59  +000909.1 -000119.2  03 20 34.0  244.103 32.229 103.31  38888 18.0
2010-04-19  18:40:00  07 11 35.2  +07 12 21  +000904.8 -000128.4  03 20 31.0  243.838 31.968 100.81  38952 17.9
2010-04-19  18:50:00  07 21 37.0  +06 50 13  +000900.4 -000137.2  03 20 30.8  243.567 31.680  98.29  39019 17.8
2010-04-19  19:00:00  07 31 35.8  +06 26 39  +000896.0 -000145.6  03 20 33.7  243.291 31.365  95.80  39088 17.7
2010-04-19  19:10:00  07 41 31.6  +06 01 42  +000891.4 -000153.7  03 20 39.5  243.013 31.023  93.29  39160 17.7
2010-04-19  19:20:00  07 51 24.3  +05 35 27  +000886.8 -000161.3  03 20 48.4  242.732 30.656  90.81  39234 17.6
2010-04-19  19:30:00  08 01 14.0  +05 07 57  +000882.3 -000168.6  03 21 00.4  242.451 30.264  88.32  39310 17.5
2010-04-19  19:40:00  08 11 00.7  +04 39 16  +000877.7 -000175.5  03 21 15.3  242.169 29.848  85.85  39387 17.5
2010-04-19  19:50:00  08 20 44.3  +04 09 28  +000873.2 -000182.0  03 21 33.4  241.888 29.409  83.38  39467 17.4
2010-04-19  20:00:00  08 30 24.9  +03 38 37  +000868.7 -000188.1  03 21 54.4  241.609 28.948  80.93  39548 17.3
2010-04-19  20:10:00  08 40 02.6  +03 06 48  +000864.3 -000193.7  03 22 18.4  241.332 28.466  78.46  39631 17.3
2010-04-19  20:20:00  08 49 37.4  +02 34 04  +000860.1 -000199.0  03 22 45.2  241.059 27.965  76.02  39715 17.2
2010-04-19  20:30:00  08 59 09.4  +02 00 30  +000855.9 -000203.8  03 23 14.9  240.789 27.444  73.58  39801 17.2
2010-04-19  20:40:00  09 08 38.7  +01 26 09  +000851.9 -000208.2  03 23 47.2  240.523 26.905  71.15  39888 17.1
2010-04-19  20:50:00  09 18 05.3  +00 51 07  +000848.1 -000212.2  03 24 22.2  240.261 26.351  68.72  39975 17.1
2010-04-19  21:00:00  09 27 29.5  +00 15 26  +000844.4 -000215.9  03 24 59.7  240.005 25.781  66.31  40064 17.0
2010-04-19  21:10:00  09 36 51.2  -00 20 49  +000840.9 -000219.1  03 25 39.6  239.753 25.197  63.90  40153 17.0
2010-04-19  21:20:00  09 46 10.7  -00 57 34  +000837.6 -000221.9  03 26 21.8  239.507 24.600  61.50  40243 16.9
2010-04-19  21:30:00  09 55 28.1  -01 34 45  +000834.5 -000224.3  03 27 06.0  239.266 23.992  59.10  40333 16.9
2010-04-19  21:40:00  10 04 43.5  -02 12 18  +000831.7 -000226.3  03 27 52.3  239.031 23.373  56.72  40423 16.9
2010-04-19  21:50:00  10 13 57.1  -02 50 09  +000829.1 -000227.9  03 28 40.3  238.801 22.746  54.33  40513 16.8
2010-04-19  22:00:00  10 23 09.0  -03 28 15  +000826.7 -000229.1  03 29 30.1  238.576 22.112  51.97  40603 16.8
2010-04-19  22:10:00  10 32 19.3  -04 06 31  +000824.5 -000230.0  03 30 21.3  238.357 21.471  49.60  40693 16.8
2010-04-19  22:20:00  10 41 28.4  -04 44 54  +000822.6 -000230.5  03 31 13.9  238.143 20.825  47.25  40782 16.7
2010-04-19  22:30:00  10 50 36.3  -05 23 20  +000821.0 -000230.6  03 32 07.7  237.934 20.175  44.90  40871 16.7
2010-04-19  22:40:00  10 59 43.1  -06 01 46  +000819.6 -000230.4  03 33 02.5  237.730 19.523  42.56  40959 16.7
2010-04-19  22:50:00  11 08 49.1  -06 40 07  +000818.5 -000229.8  03 33 58.1  237.531 18.870  40.23  41046 16.7
2010-04-19  23:00:00  11 17 54.5  -07 18 21  +000817.6 -000228.9  03 34 54.4  237.337 18.217  37.91  41132 16.6
2010-04-19  23:10:00  11 26 59.4  -07 56 25  +000817.0 -000227.7  03 35 51.2  237.146 17.566  35.59  41216 16.6
2010-04-19  23:20:00  11 36 03.9  -08 34 14  +000816.7 -000226.1  03 36 48.3  236.960 16.917  33.29  41299 16.6
2010-04-19  23:30:00  11 45 08.3  -09 11 45  +000816.6 -000224.1  03 37 45.5  236.779 16.272  30.99  41380 16.6
2010-04-19  23:40:00  11 54 12.7  -09 48 55  +000816.7 -000221.9  03 38 42.8  236.600 15.632  28.71  41460 16.6
2010-04-19  23:50:00  12 03 17.3  -10 25 41  +000817.1 -000219.3  03 39 39.8  236.426 14.998  26.43  41538 16.6
2010-04-20  00:00:00  12 12 22.3  -11 01 60  +000817.8 -000216.4  03 40 36.5  236.255 14.371  24.17  41613 16.5
2010-04-20  00:10:00  12 21 27.7  -11 37 48  +000818.7 -000213.2  03 41 32.7  236.088 13.753  21.92  41686 16.5
2010-04-20  00:20:00  12 30 33.8  -12 13 03  +000819.8 -000209.7  03 42 28.2  235.924 13.144  19.70  41757 16.5
2010-04-20  00:30:00  12 39 40.8  -12 47 41  +000821.1 -000205.9  03 43 22.9  235.763 12.545  17.49  41825 16.5
2010-04-20  00:40:00  12 48 48.7  -13 21 40  +000822.7 -000201.8  03 44 16.6  235.605 11.958  15.32  41891 16.5
2010-04-20  00:50:00  12 57 57.7  -13 54 56  +000824.4 -000197.4  03 45 09.2  235.450 11.384  13.19  41954 16.5
2010-04-20  01:00:00  13 07 08.0  -14 27 26     <<SHADOW>>        03 46 00.6  235.299 10.823  11.14  42013 ----
2010-04-20  01:10:00  13 16 19.6  -14 59 08     <<SHADOW>>        03 46 50.7  235.150 10.277   9.18  42070 ----

   Date        UTC        RA         DECL      RARate   DeclRate    HourAng      Az     Um    Phase  Range  Mag
2010-04-20  18:00:00  06 04 52.2  +08 49 52  +000929.5 -000064.2  03 51 04.0  251.740 28.337 118.28  39009 18.6
2010-04-20  18:10:00  06 15 10.8  +08 38 17  +000926.2 -000074.8  03 50 47.0  251.536 28.238 115.73  39058 18.5
2010-04-20  18:20:00  06 25 27.1  +08 24 57  +000922.8 -000085.2  03 50 32.3  251.318 28.112 113.20  39111 18.4
2010-04-20  18:30:00  06 35 41.1  +08 09 55  +000919.1 -000095.3  03 50 20.0  251.087 27.957 110.66  39166 18.3
2010-04-20  18:40:00  06 45 52.5  +07 53 13  +000915.2 -000105.1  03 50 10.2  250.845 27.774 108.14  39224 18.2
2010-04-20  18:50:00  06 56 01.3  +07 34 55  +000911.2 -000114.6  03 50 03.1  250.594 27.563 105.61  39285 18.1
2010-04-20  19:00:00  07 06 07.3  +07 15 03  +000907.0 -000123.8  03 49 58.7  250.334 27.325 103.10  39349 18.0
2010-04-20  19:10:00  07 16 10.6  +06 53 41  +000902.7 -000132.6  03 49 57.1  250.067 27.060 100.58  39415 17.9
2010-04-20  19:20:00  07 26 10.9  +06 30 52  +000898.3 -000141.1  03 49 58.4  249.793 26.768  98.09  39484 17.8
2010-04-20  19:30:00  07 36 08.2  +06 06 40  +000893.8 -000149.2  03 50 02.7  249.515 26.450  95.58  39555 17.8
2010-04-20  19:40:00  07 46 02.6  +05 41 09  +000889.3 -000157.0  03 50 10.0  249.233 26.107  93.09  39628 17.7
2010-04-20  19:50:00  07 55 53.9  +05 14 22  +000884.7 -000164.3  03 50 20.3  248.948 25.739  90.60  39704 17.6
2010-04-20  20:00:00  08 05 42.2  +04 46 24  +000880.2 -000171.3  03 50 33.6  248.661 25.347  88.13  39782 17.5
2010-04-20  20:10:00  08 15 27.6  +04 17 18  +000875.7 -000177.8  03 50 50.0  248.374 24.933  85.65  39861 17.5
2010-04-20  20:20:00  08 25 09.9  +03 47 09  +000871.3 -000184.0  03 51 09.3  248.086 24.496  83.19  39943 17.4
2010-04-20  20:30:00  08 34 49.3  +03 15 60  +000866.9 -000189.7  03 51 31.5  247.799 24.038  80.73  40026 17.4
2010-04-20  20:40:00  08 44 25.8  +02 43 55  +000862.6 -000195.1  03 51 56.7  247.514 23.560  78.28  40110 17.3
2010-04-20  20:50:00  08 53 59.5  +02 10 60  +000858.5 -000200.0  03 52 24.6  247.231 23.062  75.83  40196 17.2
2010-04-20  21:00:00  09 03 30.4  +01 37 17  +000854.4 -000204.5  03 52 55.3  246.951 22.547  73.40  40284 17.2
2010-04-20  21:10:00  09 12 58.8  +01 02 50  +000850.6 -000208.7  03 53 28.6  246.673 22.016  70.97  40372 17.1
2010-04-20  21:20:00  09 22 24.5  +00 27 45  +000846.8 -000212.4  03 54 04.5  246.399 21.468  68.55  40461 17.1
2010-04-20  21:30:00  09 31 47.9  -00 07 56  +000843.3 -000215.7  03 54 42.7  246.129 20.906  66.13  40551 17.1
2010-04-20  21:40:00  09 41 09.0  -00 44 07  +000840.0 -000218.6  03 55 23.3  245.864 20.331  63.73  40641 17.0
2010-04-20  21:50:00  09 50 27.9  -01 20 46  +000836.8 -000221.1  03 56 06.0  245.602 19.745  61.32  40732 17.0
2010-04-20  22:00:00  09 59 44.8  -01 57 48  +000833.9 -000223.2  03 56 50.8  245.345 19.147  58.94  40823 16.9
2010-04-20  22:10:00  10 08 59.8  -02 35 09  +000831.2 -000225.0  03 57 37.4  245.093 18.540  56.55  40915 16.9
2010-04-20  22:20:00  10 18 13.1  -03 12 46  +000828.7 -000226.3  03 58 25.8  244.845 17.925  54.18  41006 16.9
2010-04-20  22:30:00  10 27 24.8  -03 50 35  +000826.5 -000227.3  03 59 15.7  244.602 17.304  51.80  41097 16.8
2010-04-20  22:40:00  10 36 35.1  -04 28 31  +000824.5 -000227.9  04 00 07.1  244.364 16.676  49.45  41187 16.8
2010-04-20  22:50:00  10 45 44.1  -05 06 32  +000822.7 -000228.2  04 00 59.7  244.130 16.045  47.09  41277 16.8
2010-04-20  23:00:00  10 54 52.1  -05 44 34  +000821.3 -000228.1  04 01 53.3  243.901 15.410  44.75  41366 16.7
2010-04-20  23:10:00  11 03 59.2  -06 22 33  +000820.0 -000227.6  04 02 47.9  243.676 14.774  42.40  41454 16.7
2010-04-20  23:20:00  11 13 05.5  -07 00 26  +000819.0 -000226.8  04 03 43.2  243.456 14.137  40.08  41541 16.7
2010-04-20  23:30:00  11 22 11.3  -07 38 09  +000818.3 -000225.7  04 04 39.1  243.240 13.501  37.75  41627 16.7
2010-04-20  23:40:00  11 31 16.7  -08 15 39  +000817.9 -000224.2  04 05 35.3  243.028 12.867  35.44  41711 16.6
2010-04-20  23:50:00  11 40 21.8  -08 52 53  +000817.6 -000222.4  04 06 31.8  242.820 12.236  33.13  41793 16.6
2010-04-21  00:00:00  11 49 26.9  -09 29 47  +000817.7 -000220.3  04 07 28.4  242.616 11.610  30.84  41874 16.6
2010-04-21  00:10:00  11 58 32.1  -10 06 18  +000818.0 -000217.9  04 08 24.8  242.416 10.989  28.55  41953 16.6
2010-04-21  00:20:00  12 07 37.6  -10 42 23  +000818.5 -000215.1  04 09 21.0  242.220 10.374  26.28  42029 16.6

   Date        UTC        RA         DECL      RARate   DeclRate    HourAng      Az     Um    Phase  Range  Mag
2010-04-21  18:00:00  05 38 53.9  +09 03 29  +000936.0 -000037.8  04 20 58.8  257.985 23.528 125.59  39362 19.0
2010-04-21  18:10:00  05 49 17.1  +08 56 16  +000933.4 -000048.8  04 20 37.3  257.824 23.500 123.03  39404 18.9
2010-04-21  18:20:00  05 59 38.5  +08 47 14  +000930.6 -000059.6  04 20 17.5  257.648 23.445 120.49  39449 18.8
2010-04-21  18:30:00  06 09 57.9  +08 36 25  +000927.5 -000070.2  04 19 59.8  257.456 23.363 117.95  39497 18.6
2010-04-21  18:40:00  06 20 15.1  +08 23 52  +000924.2 -000080.5  04 19 44.2  257.249 23.254 115.41  39548 18.5
2010-04-21  18:50:00  06 30 30.1  +08 09 36  +000920.7 -000090.6  04 19 30.8  257.030 23.117 112.87  39602 18.4
2010-04-21  19:00:00  06 40 42.6  +07 53 41  +000916.9 -000100.4  04 19 19.9  256.798 22.952 110.35  39659 18.3
2010-04-21  19:10:00  06 50 52.6  +07 36 10  +000913.0 -000109.9  04 19 11.6  256.556 22.761 107.82  39719 18.2
2010-04-21  19:20:00  07 00 59.9  +07 17 04  +000908.9 -000119.1  04 19 05.9  256.304 22.542 105.31  39782 18.1
2010-04-21  19:30:00  07 11 04.5  +06 56 29  +000904.7 -000128.0  04 19 03.0  256.044 22.297 102.79  39848 18.0
2010-04-21  19:40:00  07 21 06.2  +06 34 26  +000900.4 -000136.5  04 19 02.9  255.777 22.026 100.29  39916 17.9
2010-04-21  19:50:00  07 31 05.0  +06 11 00  +000896.0 -000144.7  04 19 05.8  255.503 21.729  97.78  39986 17.9
2010-04-21  20:00:00  07 41 00.9  +05 46 14  +000891.6 -000152.5  04 19 11.6  255.224 21.406  95.29  40059 17.8
2010-04-21  20:10:00  07 50 53.8  +05 20 12  +000887.1 -000159.9  04 19 20.3  254.942 21.060  92.80  40135 17.7
2010-04-21  20:20:00  08 00 43.7  +04 52 58  +000882.6 -000166.9  04 19 32.1  254.656 20.690  90.32  40212 17.6
2010-04-21  20:30:00  08 10 30.6  +04 24 36  +000878.2 -000173.5  04 19 46.8  254.368 20.296  87.84  40292 17.6
2010-04-21  20:40:00  08 20 14.6  +03 55 09  +000873.7 -000179.8  04 20 04.5  254.079 19.881  85.37  40373 17.5
2010-04-21  20:50:00  08 29 55.6  +03 24 42  +000869.4 -000185.6  04 20 25.0  253.789 19.445  82.91  40456 17.4
2010-04-21  21:00:00  08 39 33.8  +02 53 18  +000865.1 -000191.0  04 20 48.5  253.499 18.988  80.46  40541 17.4
2010-04-21  21:10:00  08 49 09.1  +02 21 02  +000860.9 -000196.1  04 21 14.8  253.210 18.513  78.00  40627 17.3
2010-04-21  21:20:00  08 58 41.7  +01 47 58  +000856.9 -000200.7  04 21 43.9  252.922 18.019  75.57  40715 17.3
2010-04-21  21:30:00  09 08 11.7  +01 14 10  +000853.0 -000204.9  04 22 15.5  252.637 17.508  73.13  40803 17.2
2010-04-21  21:40:00  09 17 39.1  +00 39 42  +000849.2 -000208.7  04 22 49.8  252.353 16.981  70.71  40893 17.2
2010-04-21  21:50:00  09 27 04.0  +00 04 37  +000845.7 -000212.1  04 23 26.5  252.073 16.440  68.28  40983 17.1
2010-04-21  22:00:00  09 36 26.7  -00 30 60  +000842.3 -000215.2  04 24 05.5  251.796 15.885  65.88  41074 17.1
2010-04-21  22:10:00  09 45 47.1  -01 07 05  +000839.1 -000217.8  04 24 46.7  251.522 15.318  63.47  41166 17.0
2010-04-21  22:20:00  09 55 05.5  -01 43 34  +000836.1 -000220.0  04 25 30.0  251.251 14.740  61.08  41258 17.0
2010-04-21  22:30:00  10 04 21.9  -02 20 24  +000833.3 -000221.9  04 26 15.2  250.984 14.153  58.68  41350 17.0
2010-04-21  22:40:00  10 13 36.6  -02 57 30  +000830.8 -000223.4  04 27 02.1  250.722 13.556  56.31  41442 16.9
2010-04-21  22:50:00  10 22 49.6  -03 34 50  +000828.4 -000224.5  04 27 50.7  250.463 12.953  53.93  41533 16.9
2010-04-21  23:00:00  10 32 01.2  -04 12 18  +000826.4 -000225.2  04 28 40.8  250.208 12.343  51.57  41625 16.9
2010-04-21  23:10:00  10 41 11.5  -04 49 53  +000824.5 -000225.6  04 29 32.2  249.957 11.729  49.20  41715 16.8
2010-04-21  23:20:00  10 50 20.6  -05 27 29  +000822.9 -000225.6  04 30 24.7  249.711 11.111  46.86  41805 16.8
2010-04-21  23:30:00  10 59 28.8  -06 05 04  +000821.6 -000225.3  04 31 18.1  249.468 10.491  44.51  41894 16.8

   Date        UTC        RA         DECL      RARate   DeclRate    HourAng      Az     Um    Phase  Range  Mag
2010-04-22  18:00:00  05 13 09.3  +09 06 15  +000940.6 -000011.3  04 50 39.9  263.709 18.510 132.81  39763 19.5
2010-04-22  18:10:00  05 23 35.8  +09 03 27  +000938.8 -000022.4  04 50 15.1  263.598 18.547 130.25  39796 19.3
2010-04-22  18:20:00  05 34 01.0  +08 58 48  +000936.7 -000033.4  04 49 51.6  263.467 18.558 127.71  39833 19.2
2010-04-22  18:30:00  05 44 24.7  +08 52 19  +000934.3 -000044.3  04 49 29.5  263.319 18.543 125.16  39873 19.0
2010-04-22  18:40:00  05 54 46.7  +08 44 03  +000931.6 -000055.0  04 49 09.2  263.155 18.502 122.62  39917 18.9
2010-04-22  18:50:00  06 05 06.8  +08 33 60  +000928.7 -000065.5  04 48 50.7  262.975 18.434 120.07  39964 18.8
2010-04-22  19:00:00  06 15 24.9  +08 22 13  +000925.5 -000075.8  04 48 34.3  262.780 18.339 117.54  40013 18.7
2010-04-22  19:10:00  06 25 40.8  +08 08 44  +000922.1 -000085.9  04 48 20.0  262.572 18.217 115.00  40067 18.5
2010-04-22  19:20:00  06 35 54.3  +07 53 36  +000918.5 -000095.7  04 48 08.1  262.351 18.069 112.47  40123 18.4
2010-04-22  19:30:00  06 46 05.3  +07 36 51  +000914.7 -000105.2  04 47 58.7  262.119 17.893 109.94  40182 18.3
2010-04-22  19:40:00  06 56 13.8  +07 18 33  +000910.7 -000114.4  04 47 51.9  261.877 17.692 107.43  40244 18.2
2010-04-22  19:50:00  07 06 19.6  +06 58 44  +000906.6 -000123.3  04 47 47.8  261.626 17.464 104.90  40309 18.1
2010-04-22  20:00:00  07 16 22.6  +06 37 28  +000902.4 -000131.9  04 47 46.4  261.366 17.210 102.40  40376 18.0
2010-04-22  20:10:00  07 26 22.8  +06 14 48  +000898.1 -000140.1  04 47 47.9  261.100 16.931  99.89  40446 18.0
2010-04-22  20:20:00  07 36 20.0  +05 50 48  +000893.7 -000147.9  04 47 52.2  260.827 16.627  97.40  40519 17.9
2010-04-22  20:30:00  07 46 14.4  +05 25 31  +000889.3 -000155.4  04 47 59.5  260.550 16.299  94.90  40594 17.8
2010-04-22  20:40:00  07 56 05.8  +04 59 02  +000884.9 -000162.5  04 48 09.8  260.269 15.947  92.42  40671 17.7
2010-04-22  20:50:00  08 05 54.2  +04 31 23  +000880.5 -000169.2  04 48 23.0  259.984 15.573  89.94  40751 17.6
2010-04-22  21:00:00  08 15 39.8  +04 02 40  +000876.1 -000175.5  04 48 39.1  259.697 15.177  87.47  40832 17.6
2010-04-22  21:10:00  08 25 22.4  +03 32 55  +000871.8 -000181.4  04 48 58.1  259.408 14.759  85.00  40915 17.5
2010-04-22  21:20:00  08 35 02.1  +03 02 14  +000867.5 -000186.9  04 49 20.0  259.118 14.322  82.55  41000 17.5
2010-04-22  21:30:00  08 44 39.1  +02 30 39  +000863.3 -000192.0  04 49 44.7  258.829 13.865  80.09  41086 17.4
2010-04-22  21:40:00  08 54 13.3  +01 58 15  +000859.3 -000196.7  04 50 12.1  258.539 13.390  77.65  41174 17.3
2010-04-22  21:50:00  09 03 44.8  +01 25 05  +000855.4 -000201.0  04 50 42.3  258.250 12.898  75.21  41262 17.3
2010-04-22  22:00:00  09 13 13.8  +00 51 15  +000851.6 -000205.0  04 51 14.9  257.963 12.390  72.78  41352 17.2
2010-04-22  22:10:00  09 22 40.3  +00 16 48  +000848.0 -000208.5  04 51 50.1  257.678 11.867  70.35  41443 17.2
2010-04-22  22:20:00  09 32 04.4  -00 18 13  +000844.5 -000211.6  04 52 27.6  257.395 11.331  67.95  41534 17.1
2010-04-22  22:30:00  09 41 26.4  -00 53 43  +000841.3 -000214.3  04 53 07.3  257.114 10.782  65.53  41626 17.1
2010-04-22  22:40:00  09 50 46.2  -01 29 39  +000838.2 -000216.7  04 53 49.1  256.836 10.221  63.14  41719 17.1

   Date        UTC        RA         DECL      RARate   DeclRate    HourAng      Az     Um    Phase  Range  Mag
2010-04-23  18:00:00  04 47 41.9  +08 58 27  +000943.3 +000015.1  05 20 03.9  269.033 13.359 139.92  40204 20.0
2010-04-23  18:10:00  04 58 10.4  +09 00 02  +000942.2 +000004.0  05 19 37.1  268.970 13.455 137.37  40229 19.8
2010-04-23  18:20:00  05 08 38.1  +08 59 46  +000940.9 -000007.1  05 19 11.0  268.888 13.527 134.83  40257 19.7
2010-04-23  18:30:00  05 19 04.9  +08 57 40  +000939.2 -000018.1  05 18 45.9  268.787 13.574 132.27  40289 19.5
2010-04-23  18:40:00  05 29 30.4  +08 53 43  +000937.3 -000029.1  05 18 22.0  268.667 13.596 129.73  40324 19.3
2010-04-23  18:50:00  05 39 54.5  +08 47 59  +000935.0 -000039.9  05 17 59.5  268.530 13.592 127.18  40363 19.2
2010-04-23  19:00:00  05 50 17.0  +08 40 27  +000932.5 -000050.5  05 17 38.7  268.377 13.562 124.64  40405 19.0
2010-04-23  19:10:00  06 00 37.8  +08 31 09  +000929.7 -000061.0  05 17 19.6  268.208 13.506 122.10  40451 18.9
2010-04-23  19:20:00  06 10 56.6  +08 20 08  +000926.7 -000071.2  05 17 02.4  268.024 13.423 119.57  40500 18.8
2010-04-23  19:30:00  06 21 13.3  +08 07 25  +000923.4 -000081.3  05 16 47.3  267.826 13.314 117.02  40552 18.7
2010-04-23  19:40:00  06 31 27.7  +07 53 04  +000919.9 -000091.0  05 16 34.5  267.616 13.179 114.50  40607 18.5
2010-04-23  19:50:00  06 41 39.8  +07 37 06  +000916.2 -000100.5  05 16 24.1  267.395 13.018 111.97  40665 18.4
2010-04-23  20:00:00  06 51 49.3  +07 19 34  +000912.4 -000109.7  05 16 16.2  267.162 12.830 109.45  40726 18.3
2010-04-23  20:10:00  07 01 56.2  +07 00 32  +000908.4 -000118.6  05 16 11.0  266.921 12.617 106.93  40791 18.2
2010-04-23  20:20:00  07 12 00.4  +06 40 02  +000904.2 -000127.2  05 16 08.4  266.670 12.378 104.42  40857 18.1
2010-04-23  20:30:00  07 22 01.8  +06 18 09  +000900.0 -000135.4  05 16 08.6  266.412 12.115 101.91  40927 18.1
2010-04-23  20:40:00  07 32 00.5  +05 54 55  +000895.7 -000143.3  05 16 11.7  266.147 11.826  99.42  40999 18.0
2010-04-23  20:50:00  07 41 56.2  +05 30 23  +000891.4 -000150.8  05 16 17.6  265.877 11.514  96.92  41074 17.9
2010-04-23  21:00:00  07 51 49.0  +05 04 39  +000887.0 -000158.0  05 16 26.4  265.602 11.179  94.44  41150 17.8
2010-04-23  21:10:00  08 01 38.9  +04 37 45  +000882.7 -000164.7  05 16 38.2  265.323 10.820  91.95  41229 17.7
2010-04-23  21:20:00  08 11 25.9  +04 09 45  +000878.3 -000171.1  05 16 52.8  265.040 10.440  89.48  41311 17.7
2010-04-23  21:30:00  08 21 10.0  +03 40 44  +000874.0 -000177.1  05 17 10.4  264.756 10.039  87.00  41393 17.6
