ЭФЕМЕРИДЫ ПО ОБЪЕКТУ:  90042
Для пункта:  10016 Маяки   46 23'50.68"   30 16'17.74"    14m
C   2010-04-15 12:00
по  2010-05-01 12:00
Шаг  0:10:00
Мин.угол места:          10 град
Макс.угол места Солнца: -10 град
Стандартный блеск :      9.5 (зв.вел.)

ОБОЗНАЧЕНИЯ
RA        прямое восхождение, тек.эпоха
DECL      склонение, тек.эпоха
RARate    скорость по пр.восх., арксек/мин
DeclRate  скорость по склонению, арксек/мин
HourAng   часовой угол
Az        азимут
Um        угол места
Phase     фазовый угол
Range     дальность
Mag       зв.величина (оценка)

   Date        UTC        RA         DECL      RARate   DeclRate    HourAng      Az     Um    Phase  Range  Mag
2010-04-18  17:50:00  07 46 39.4  -03 01 42  +001019.2 -000181.7  01 51 22.0  214.608 34.800  89.32  34874 17.2
2010-04-18  18:00:00  07 57 58.2  -03 32 17  +001017.0 -000185.1  01 50 04.9  214.008 34.455  86.47  34917 17.1
2010-04-18  18:10:00  08 09 15.6  -04 03 22  +001015.1 -000188.0  01 48 49.1  213.415 34.098  83.60  34961 17.0
2010-04-18  18:20:00  08 20 31.7  -04 34 55  +001013.3 -000190.4  01 47 34.6  212.830 33.728  80.76  35006 17.0
2010-04-18  18:30:00  08 31 46.7  -05 06 49  +001011.7 -000192.4  01 46 21.3  212.254 33.348  77.91  35051 16.9
2010-04-18  18:40:00  08 43 00.7  -05 39 02  +001010.2 -000193.9  01 45 09.0  211.685 32.958  75.07  35096 16.8
2010-04-18  18:50:00  08 54 13.7  -06 11 27  +001009.0 -000195.0  01 43 57.5  211.125 32.561  72.23  35142 16.8
2010-04-18  19:00:00  09 05 26.0  -06 44 00  +001007.9 -000195.6  01 42 46.9  210.573 32.158  69.41  35188 16.7
2010-04-18  19:10:00  09 16 37.7  -07 16 38  +001007.1 -000195.8  01 41 36.9  210.028 31.751  66.58  35234 16.7
2010-04-18  19:20:00  09 27 48.9  -07 49 15  +001006.5 -000195.5  01 40 27.3  209.492 31.340  63.77  35280 16.6
2010-04-18  19:30:00  09 38 59.7  -08 21 46  +001006.0 -000194.7  01 39 18.1  208.963 30.927  60.95  35325 16.6
2010-04-18  19:40:00  09 50 10.3  -08 54 08  +001005.8 -000193.6  01 38 09.1  208.441 30.514  58.16  35370 16.5
2010-04-18  19:50:00  10 01 20.9  -09 26 16  +001005.8 -000191.9  01 37 00.3  207.927 30.102  55.35  35414 16.5
2010-04-18  20:00:00  10 12 31.4  -09 58 05  +001006.0 -000189.9  01 35 51.4  207.419 29.692  52.57  35458 16.4
2010-04-18  20:10:00  10 23 42.2  -10 29 32  +001006.3 -000187.4  01 34 42.2  206.918 29.286  49.78  35501 16.4
2010-04-18  20:20:00  10 34 53.2  -11 00 32  +001006.9 -000184.5  01 33 32.8  206.423 28.886  47.01  35542 16.3
2010-04-18  20:30:00  10 46 04.8  -11 31 01  +001007.7 -000181.2  01 32 22.9  205.934 28.491  44.23  35583 16.3
2010-04-18  20:40:00  10 57 16.8  -12 00 55  +001008.6 -000177.5  01 31 12.5  205.450 28.104  41.48  35622 16.3
2010-04-18  20:50:00  11 08 29.6  -12 30 10  +001009.7 -000173.4  01 30 01.4  204.972 27.726  38.72  35660 16.2
2010-04-18  21:00:00  11 19 43.1  -12 58 42  +001010.9 -000168.9  01 28 49.5  204.499 27.359  35.98  35696 16.2
2010-04-18  21:10:00  11 30 57.5  -13 26 27  +001012.3 -000164.0  01 27 36.8  204.030 27.002  33.24  35731 16.2
2010-04-18  21:20:00  11 42 12.9  -13 53 22  +001013.8 -000158.8  01 26 23.1  203.565 26.658  30.53  35764 16.2
2010-04-18  21:30:00  11 53 29.3  -14 19 23  +001015.5 -000153.2  01 25 08.3  203.105 26.327  27.82  35794 16.1
2010-04-18  21:40:00  12 04 46.9  -14 44 25  +001017.2 -000147.3  01 23 52.3  202.648 26.011  25.14  35823 16.1
2010-04-18  21:50:00  12 16 05.6  -15 08 27  +001019.0 -000141.0  01 22 35.2  202.195 25.710  22.47  35850 16.1
2010-04-18  22:00:00  12 27 25.6  -15 31 25  +001020.9 -000134.4  01 21 16.9  201.745 25.425  19.85  35874 16.1
2010-04-18  22:10:00  12 38 46.9  -15 53 15  +001022.9 -000127.5  01 19 57.2  201.299 25.158  17.25  35896 16.1
2010-04-18  22:20:00  12 50 09.5  -16 13 54  +001024.9 -000120.3  01 18 36.3  200.855 24.909  14.74  35916 16.1
2010-04-18  22:30:00  13 01 33.4  -16 33 20  +001026.9 -000112.8  01 17 14.1  200.414 24.679  12.32  35933 16.1
2010-04-18  22:40:00  13 12 58.6  -16 51 29     <<SHADOW>>        01 15 50.5  199.976 24.469  10.10  35947 ----
2010-04-18  22:50:00  13 24 25.2  -17 08 20     <<SHADOW>>        01 14 25.5  199.541 24.279   8.20  35959 ----
2010-04-18  23:00:00  13 35 53.1  -17 23 49     <<SHADOW>>        01 12 59.3  199.108 24.111   6.90  35969 ----
2010-04-18  23:10:00  13 47 22.2  -17 37 55     <<SHADOW>>        01 11 31.8  198.678 23.964   6.58  35975 ----
2010-04-18  23:20:00  13 58 52.6  -17 50 35     <<SHADOW>>        01 10 03.0  198.250 23.839   7.36  35979 ----
2010-04-18  23:30:00  14 10 24.2  -18 01 48     <<SHADOW>>        01 08 33.0  197.824 23.737   8.96  35979 ----
2010-04-18  23:40:00  14 21 56.9  -18 11 31  +001039.9 -000053.8  01 07 02.0  197.401 23.658  11.02  35977 16.1
2010-04-18  23:50:00  14 33 30.7  -18 19 43  +001041.5 -000044.6  01 05 29.8  196.980 23.603  13.35  35972 16.1
2010-04-19  00:00:00  14 45 05.5  -18 26 23  +001042.9 -000035.3  01 03 56.7  196.562 23.571  15.80  35965 16.1
2010-04-19  00:10:00  14 56 41.2  -18 31 29  +001044.2 -000025.9  01 02 22.6  196.146 23.564  18.35  35954 16.1
2010-04-19  00:20:00  15 08 17.7  -18 35 01  +001045.3 -000016.4  01 00 47.8  195.732 23.581  20.95  35940 16.1
2010-04-19  00:30:00  15 19 54.9  -18 36 58  +001046.3 -000006.9  00 59 12.2  195.322 23.623  23.59  35924 16.1
2010-04-19  00:40:00  15 31 32.8  -18 37 19  +001047.2 +000002.7  00 57 36.0  194.913 23.689  26.25  35904 16.1
2010-04-19  00:50:00  15 43 11.1  -18 36 05  +001047.9 +000012.3  00 55 59.3  194.507 23.780  28.95  35882 16.2
2010-04-19  01:00:00  15 54 49.9  -18 33 14  +001048.4 +000021.9  00 54 22.2  194.104 23.896  31.64  35857 16.2
2010-04-19  01:10:00  16 06 28.9  -18 28 47  +001048.8 +000031.4  00 52 44.7  193.704 24.036  34.37  35829 16.2
2010-04-19  01:20:00  16 18 08.2  -18 22 46  +001049.0 +000041.0  00 51 07.1  193.306 24.201  37.09  35799 16.2
2010-04-19  01:30:00  16 29 47.6  -18 15 09  +001049.1 +000050.4  00 49 29.4  192.910 24.390  39.83  35766 16.3
2010-04-19  01:40:00  16 41 27.0  -18 05 58  +001049.1 +000059.7  00 47 51.6  192.517 24.602  42.57  35730 16.3
2010-04-19  01:50:00  16 53 06.3  -17 55 15  +001048.9 +000069.0  00 46 13.9  192.127 24.839  45.33  35692 16.3
2010-04-19  02:00:00  17 04 45.5  -17 43 00  +001048.6 +000078.0  00 44 36.4  191.739 25.099  48.08  35652 16.4

   Date        UTC        RA         DECL      RARate   DeclRate    HourAng      Az     Um    Phase  Range  Mag
2010-04-19  17:50:00  11 26 06.6  -12 18 40  +001010.8 -000172.3  22 15 51.4  151.283 26.809  35.19  35729 16.2
2010-04-19  18:00:00  11 37 20.9  -12 47 01  +001012.0 -000167.8  22 14 38.7  151.152 26.264  32.45  35783 16.2
2010-04-19  18:10:00  11 48 36.0  -13 14 34  +001013.4 -000162.8  22 13 25.2  151.015 25.730  29.71  35836 16.2
2010-04-19  18:20:00  11 59 52.1  -13 41 17  +001014.9 -000157.6  22 12 10.8  150.871 25.209  26.99  35887 16.1
2010-04-19  18:30:00  12 11 09.2  -14 07 04  +001016.4 -000151.9  22 10 55.3  150.720 24.699  24.27  35936 16.1
2010-04-19  18:40:00  12 22 27.4  -14 31 54  +001018.1 -000145.9  22 09 38.8  150.560 24.204  21.59  35984 16.1
2010-04-19  18:50:00  12 33 46.7  -14 55 42  +001019.8 -000139.6  22 08 21.1  150.392 23.723  18.93  36030 16.1
2010-04-19  19:00:00  12 45 07.2  -15 18 25  +001021.6 -000133.0  22 07 02.2  150.215 23.256  16.31  36073 16.1
2010-04-19  19:10:00  12 56 28.9  -15 40 00  +001023.4 -000126.0  22 05 42.2  150.028 22.805  13.75  36115 16.1
2010-04-19  19:20:00  13 07 51.8  -16 00 24  +001025.3 -000118.8  22 04 20.9  149.831 22.371  11.30  36154 16.1
2010-04-19  19:30:00  13 19 15.9  -16 19 35  +001027.1 -000111.3  22 02 58.5  149.623 21.954   9.02  36192 16.1
2010-04-19  19:40:00  13 30 41.3  -16 37 29     <<SHADOW>>        22 01 34.7  149.405 21.554   7.10  36226 ----
2010-04-19  19:50:00  13 42 07.9  -16 54 04     <<SHADOW>>        22 00 09.8  149.176 21.172   5.90  36259 ----
2010-04-19  20:00:00  13 53 35.6  -17 09 17     <<SHADOW>>        21 58 43.7  148.936 20.809   5.86  36289 ----
2010-04-19  20:10:00  14 05 04.5  -17 23 07     <<SHADOW>>        21 57 16.5  148.684 20.466   7.01  36317 ----
2010-04-19  20:20:00  14 16 34.5  -17 35 32     <<SHADOW>>        21 55 48.1  148.420 20.142   8.89  36342 ----
2010-04-19  20:30:00  14 28 05.5  -17 46 29     <<SHADOW>>        21 54 18.7  148.145 19.838  11.15  36364 ----
2010-04-19  20:40:00  14 39 37.5  -17 55 57     <<SHADOW>>        21 52 48.4  147.858 19.555  13.58  36384 ----
2010-04-19  20:50:00  14 51 10.4  -18 03 54  +001040.0 -000043.2  21 51 17.1  147.559 19.292  16.13  36401 16.1
2010-04-19  21:00:00  15 02 44.2  -18 10 20  +001041.2 -000034.0  21 49 45.0  147.248 19.051  18.73  36415 16.1
2010-04-19  21:10:00  15 14 18.6  -18 15 13  +001042.2 -000024.6  21 48 12.2  146.925 18.831  21.38  36427 16.1
2010-04-19  21:20:00  15 25 53.7  -18 18 33  +001043.1 -000015.3  21 46 38.8  146.590 18.633  24.04  36436 16.2
2010-04-19  21:30:00  15 37 29.3  -18 20 18  +001043.8 -000005.8  21 45 04.8  146.243 18.457  26.73  36442 16.2
2010-04-19  21:40:00  15 49 05.4  -18 20 30  +001044.4 +000003.6  21 43 30.3  145.885 18.303  29.43  36446 16.2
2010-04-19  21:50:00  16 00 41.9  -18 19 06  +001044.8 +000013.1  21 41 55.5  145.515 18.170  32.15  36447 16.2
2010-04-19  22:00:00  16 12 18.5  -18 16 09  +001045.1 +000022.5  21 40 20.5  145.133 18.060  34.86  36445 16.3
2010-04-19  22:10:00  16 23 55.3  -18 11 37  +001045.3 +000031.9  21 38 45.4  144.740 17.972  37.60  36440 16.3
2010-04-19  22:20:00  16 35 32.2  -18 05 31  +001045.3 +000041.2  21 37 10.2  144.336 17.905  40.33  36433 16.3
2010-04-19  22:30:00  16 47 09.0  -17 57 53  +001045.1 +000050.5  21 35 35.0  143.921 17.860  43.08  36424 16.3
2010-04-19  22:40:00  16 58 45.6  -17 48 42  +001044.8 +000059.6  21 33 60.0  143.494 17.836  45.82  36412 16.4
2010-04-19  22:50:00  17 10 22.0  -17 38 02  +001044.4 +000068.6  21 32 25.2  143.057 17.834  48.58  36397 16.4
2010-04-19  23:00:00  17 21 58.2  -17 25 51  +001043.9 +000077.4  21 30 50.7  142.609 17.852  51.34  36380 16.5
2010-04-19  23:10:00  17 33 33.9  -17 12 14  +001043.3 +000086.1  21 29 16.6  142.151 17.891  54.11  36361 16.5
2010-04-19  23:20:00  17 45 09.2  -16 57 10  +001042.6 +000094.6  21 27 43.0  141.682 17.950  56.87  36339 16.5
2010-04-19  23:30:00  17 56 44.0  -16 40 43  +001041.8 +000102.8  21 26 09.8  141.204 18.028  59.65  36316 16.6
2010-04-19  23:40:00  18 08 18.3  -16 22 55  +001041.0 +000110.9  21 24 37.2  140.716 18.125  62.43  36290 16.6
2010-04-19  23:50:00  18 19 52.0  -16 03 47  +001040.1 +000118.6  21 23 05.2  140.217 18.240  65.22  36262 16.7
2010-04-20  00:00:00  18 31 25.0  -15 43 23  +001039.2 +000126.1  21 21 33.7  139.710 18.373  68.00  36233 16.7
2010-04-20  00:10:00  18 42 57.5  -15 21 46  +001038.3 +000133.3  21 20 02.9  139.193 18.522  70.81  36202 16.8
2010-04-20  00:20:00  18 54 29.4  -14 58 58  +001037.3 +000140.2  21 18 32.6  138.666 18.687  73.60  36169 16.9
2010-04-20  00:30:00  19 06 00.6  -14 35 03  +001036.4 +000146.8  21 17 03.1  138.131 18.868  76.41  36135 16.9
2010-04-20  00:40:00  19 17 31.2  -14 10 03  +001035.5 +000153.0  21 15 34.1  137.587 19.062  79.22  36100 17.0
2010-04-20  00:50:00  19 29 01.3  -13 44 04  +001034.7 +000158.9  21 14 05.6  137.035 19.269  82.04  36064 17.1
2010-04-20  01:00:00  19 40 30.9  -13 17 07  +001033.9 +000164.4  21 12 37.7  136.473 19.489  84.86  36026 17.1
2010-04-20  01:10:00  19 51 59.9  -12 49 17  +001033.3 +000169.5  21 11 10.3  135.904 19.719  87.69  35988 17.2
2010-04-20  01:20:00  20 03 28.6  -12 20 38  +001032.7 +000174.3  21 09 43.3  135.326 19.959  90.52  35949 17.3
2010-04-20  01:30:00  20 14 56.8  -11 51 13  +001032.2 +000178.6  21 08 16.7  134.740 20.208  93.36  35910 17.4
2010-04-20  01:40:00  20 26 24.8  -11 21 08  +001031.7 +000182.4  21 06 50.4  134.146 20.465  96.20  35870 17.5
2010-04-20  01:50:00  20 37 52.5  -10 50 26  +001031.5 +000185.9  21 05 24.3  133.545 20.727  99.05  35830 17.6
2010-04-20  02:00:00  20 49 20.1  -10 19 12  +001031.3 +000188.9  21 03 58.4  132.937 20.995 101.90  35790 17.7

   Date        UTC        RA         DECL      RARate   DeclRate    HourAng      Az     Um    Phase  Range  Mag
2010-04-25  18:00:00  07 19 59.0  -02 08 01  +001031.5 -000173.0  02 55 39.9  231.723 28.001 102.26  35262 17.6
2010-04-25  18:10:00  07 31 26.0  -02 37 13  +001029.2 -000177.2  02 54 14.6  231.087 27.783  99.37  35296 17.5
2010-04-25  18:20:00  07 42 51.4  -03 07 04  +001027.0 -000181.0  02 52 50.8  230.454 27.549  96.50  35332 17.4
2010-04-25  18:30:00  07 54 15.4  -03 37 31  +001025.0 -000184.3  02 51 28.5  229.824 27.301  93.61  35370 17.4
2010-04-25  18:40:00  08 05 38.1  -04 08 28  +001023.0 -000187.1  02 50 07.5  229.197 27.039  90.74  35408 17.3
2010-04-25  18:50:00  08 16 59.5  -04 39 52  +001021.2 -000189.5  02 48 47.7  228.574 26.765  87.87  35448 17.2
2010-04-25  19:00:00  08 28 19.7  -05 11 37  +001019.5 -000191.4  02 47 29.1  227.956 26.480  85.01  35488 17.1
2010-04-25  19:10:00  08 39 38.9  -05 43 38  +001018.0 -000192.8  02 46 11.5  227.343 26.186  82.15  35530 17.0
2010-04-25  19:20:00  08 50 57.2  -06 15 52  +001016.7 -000193.8  02 44 54.9  226.735 25.885  79.30  35572 17.0
2010-04-25  19:30:00  09 02 14.6  -06 48 13  +001015.6 -000194.3  02 43 39.1  226.132 25.577  76.44  35614 16.9
2010-04-25  19:40:00  09 13 31.4  -07 20 37  +001014.6 -000194.3  02 42 24.0  225.537 25.263  73.61  35657 16.8
2010-04-25  19:50:00  09 24 47.5  -07 52 58  +001013.8 -000193.9  02 41 09.5  224.947 24.946  70.76  35701 16.8
2010-04-25  20:00:00  09 36 03.1  -08 25 14  +001013.2 -000193.0  02 39 55.5  224.364 24.627  67.94  35744 16.7
2010-04-25  20:10:00  09 47 18.5  -08 57 18  +001012.8 -000191.7  02 38 41.8  223.787 24.307  65.10  35787 16.7
2010-04-25  20:20:00  09 58 33.5  -09 29 07  +001012.5 -000189.9  02 37 28.4  223.218 23.988  62.29  35830 16.6
2010-04-25  20:30:00  10 09 48.6  -10 00 36  +001012.5 -000187.8  02 36 15.0  222.655 23.670  59.47  35872 16.6
2010-04-25  20:40:00  10 21 03.6  -10 31 40  +001012.6 -000185.1  02 35 01.6  222.099 23.355  56.67  35914 16.5
2010-04-25  20:50:00  10 32 18.7  -11 02 17  +001012.9 -000182.1  02 33 48.1  221.550 23.045  53.86  35955 16.5
2010-04-25  21:00:00  10 43 34.1  -11 32 21  +001013.3 -000178.6  02 32 34.4  221.007 22.741  51.07  35995 16.4
2010-04-25  21:10:00  10 54 49.9  -12 01 48  +001013.9 -000174.8  02 31 20.3  220.472 22.444  48.27  36034 16.4
2010-04-25  21:20:00  11 06 06.1  -12 30 35  +001014.7 -000170.5  02 30 05.7  219.944 22.156  45.49  36072 16.4
2010-04-25  21:30:00  11 17 22.8  -12 58 37  +001015.6 -000165.9  02 28 50.6  219.423 21.877  42.71  36108 16.3
2010-04-25  21:40:00  11 28 40.2  -13 25 51  +001016.6 -000160.9  02 27 34.9  218.908 21.608  39.94  36143 16.3
2010-04-25  21:50:00  11 39 58.3  -13 52 14  +001017.7 -000155.5  02 26 18.4  218.401 21.351  37.17  36176 16.3
2010-04-25  22:00:00  11 51 17.2  -14 17 40  +001019.0 -000149.8  02 25 01.2  217.900 21.107  34.42  36208 16.2
2010-04-25  22:10:00  12 02 36.9  -14 42 08  +001020.3 -000143.7  02 23 43.1  217.406 20.877  31.66  36237 16.2
2010-04-25  22:20:00  12 13 57.6  -15 05 34  +001021.6 -000137.3  02 22 24.1  216.919 20.662  28.93  36265 16.2
2010-04-25  22:30:00  12 25 19.1  -15 27 54  +001023.1 -000130.6  02 21 04.2  216.439 20.463  26.19  36290 16.2
2010-04-25  22:40:00  12 36 41.7  -15 49 06  +001024.5 -000123.6  02 19 43.3  215.966 20.280  23.47  36313 16.1
2010-04-25  22:50:00  12 48 05.2  -16 09 06  +001026.0 -000116.4  02 18 21.4  215.500 20.115  20.76  36334 16.1
2010-04-25  23:00:00  12 59 29.7  -16 27 52  +001027.5 -000108.8  02 16 58.5  215.040 19.968  18.09  36353 16.1
2010-04-25  23:10:00  13 10 55.3  -16 45 22  +001029.0 -000101.0  02 15 34.6  214.588 19.839  15.43  36369 16.1
2010-04-25  23:20:00  13 22 21.8  -17 01 32  +001030.5 -000093.0  02 14 09.7  214.143 19.731  12.82  36382 16.1
2010-04-25  23:30:00  13 33 49.3  -17 16 21     <<SHADOW>>        02 12 43.9  213.705 19.642  10.29  36392 ----
2010-04-25  23:40:00  13 45 17.7  -17 29 47     <<SHADOW>>        02 11 17.1  213.275 19.575   7.91  36400 ----
2010-04-25  23:50:00  13 56 47.0  -17 41 47     <<SHADOW>>        02 09 49.5  212.852 19.528   5.87  36405 ----
2010-04-26  00:00:00  14 08 17.1  -17 52 19     <<SHADOW>>        02 08 21.0  212.436 19.504   4.63  36407 ----
2010-04-26  00:10:00  14 19 48.0  -18 01 23     <<SHADOW>>        02 06 51.7  212.028 19.501   4.86  36406 ----
2010-04-26  00:20:00  14 31 19.6  -18 08 57     <<SHADOW>>        02 05 21.8  211.627 19.521   6.38  36403 ----
2010-04-26  00:30:00  14 42 51.9  -18 14 59  +001038.8 -000031.6  02 03 51.2  211.235 19.564   8.55  36396 16.1
2010-04-26  00:40:00  14 54 24.7  -18 19 29  +001039.6 -000022.4  02 02 20.0  210.850 19.629  10.97  36387 16.1
2010-04-26  00:50:00  15 05 57.9  -18 22 27  +001040.2 -000013.0  02 00 48.4  210.473 19.718  13.53  36374 16.1
2010-04-26  01:00:00  15 17 31.6  -18 23 50  +001040.7 -000003.7  01 59 16.3  210.104 19.830  16.14  36358 16.1
2010-04-26  01:10:00  15 29 05.5  -18 23 40  +001041.1 +000005.7  01 57 44.1  209.744 19.965  18.80  36340 16.1
2010-04-26  01:20:00  15 40 39.6  -18 21 55  +001041.3 +000015.1  01 56 11.6  209.391 20.123  21.47  36319 16.1
2010-04-26  01:30:00  15 52 13.9  -18 18 37  +001041.4 +000024.5  01 54 39.0  209.047 20.304  24.17  36294 16.1
2010-04-26  01:40:00  16 03 48.1  -18 13 45  +001041.3 +000033.9  01 53 06.4  208.712 20.509  26.87  36267 16.2
2010-04-26  01:50:00  16 15 22.3  -18 07 20  +001041.1 +000043.1  01 51 33.9  208.384 20.736  29.60  36237 16.2

   Date        UTC        RA         DECL      RARate   DeclRate    HourAng      Az     Um    Phase  Range  Mag
2010-04-26  18:10:00  11 11 47.8  -12 07 45  +001018.0 -000177.7  23 17 49.3  167.989 30.712  44.93  35251 16.3
2010-04-26  18:20:00  11 23 06.7  -12 37 00  +001018.8 -000173.3  23 16 32.0  167.712 30.183  42.14  35309 16.3
2010-04-26  18:30:00  11 34 26.2  -13 05 30  +001019.6 -000168.5  23 15 14.2  167.435 29.665  39.34  35365 16.2
2010-04-26  18:40:00  11 45 46.4  -13 33 09  +001020.7 -000163.3  23 13 55.7  167.157 29.160  36.57  35420 16.2
2010-04-26  18:50:00  11 57 07.2  -13 59 54  +001021.8 -000157.7  23 12 36.6  166.877 28.669  33.78  35473 16.2
2010-04-26  19:00:00  12 08 28.7  -14 25 43  +001022.9 -000151.8  23 11 16.6  166.594 28.192  31.02  35525 16.2
2010-04-26  19:10:00  12 19 51.1  -14 50 30  +001024.2 -000145.6  23 09 55.9  166.309 27.730  28.26  35575 16.1
2010-04-26  19:20:00  12 31 14.3  -15 14 13  +001025.5 -000139.0  23 08 34.3  166.020 27.285  25.52  35623 16.1
2010-04-26  19:30:00  12 42 38.5  -15 36 49  +001026.9 -000132.1  23 07 11.8  165.728 26.856  22.78  35670 16.1
2010-04-26  19:40:00  12 54 03.5  -15 58 14  +001028.3 -000124.9  23 05 48.4  165.431 26.445  20.06  35714 16.1
2010-04-26  19:50:00  13 05 29.5  -16 18 26  +001029.7 -000117.4  23 04 24.1  165.129 26.053  17.36  35756 16.1
2010-04-26  20:00:00  13 16 56.4  -16 37 22  +001031.0 -000109.7  23 02 58.8  164.823 25.679  14.70  35796 16.1
2010-04-26  20:10:00  13 28 24.2  -16 54 59  +001032.4 -000101.7  23 01 32.6  164.511 25.325  12.07  35834 16.1
2010-04-26  20:20:00  13 39 52.9  -17 11 15  +001033.7 -000093.5  23 00 05.6  164.193 24.992   9.53  35869 16.0
2010-04-26  20:30:00  13 51 22.5  -17 26 07     <<SHADOW>>        22 58 37.6  163.870 24.679   7.15  35901 ----
2010-04-26  20:40:00  14 02 52.9  -17 39 35     <<SHADOW>>        22 57 08.9  163.540 24.388   5.18  35931 ----
2010-04-26  20:50:00  14 14 24.1  -17 51 35     <<SHADOW>>        22 55 39.3  163.205 24.119   4.21  35958 ----
2010-04-26  21:00:00  14 25 55.9  -18 02 06     <<SHADOW>>        22 54 09.1  162.863 23.872   4.87  35983 ----
2010-04-26  21:10:00  14 37 28.5  -18 11 07     <<SHADOW>>        22 52 38.2  162.514 23.647   6.70  36004 ----
2010-04-26  21:20:00  14 49 01.6  -18 18 37     <<SHADOW>>        22 51 06.8  162.159 23.446   9.00  36023 ----
2010-04-26  21:30:00  15 00 35.1  -18 24 33  +001040.7 -000031.0  22 49 34.9  161.797 23.268  11.51  36039 16.1
2010-04-26  21:40:00  15 12 09.1  -18 28 57  +001041.2 -000021.6  22 48 02.5  161.429 23.113  14.10  36052 16.1
2010-04-26  21:50:00  15 23 43.4  -18 31 46  +001041.6 -000012.2  22 46 29.9  161.054 22.981  16.75  36062 16.1
2010-04-26  22:00:00  15 35 18.0  -18 33 01  +001041.9 -000002.7  22 44 57.0  160.673 22.874  19.42  36070 16.1
2010-04-26  22:10:00  15 46 52.6  -18 32 41  +001042.0 +000006.7  22 43 24.0  160.285 22.790  22.12  36074 16.1
2010-04-26  22:20:00  15 58 27.2  -18 30 47  +001042.0 +000016.2  22 41 51.0  159.890 22.730  24.81  36075 16.1
2010-04-26  22:30:00  16 10 01.9  -18 27 18  +001041.8 +000025.6  22 40 18.0  159.489 22.693  27.53  36073 16.2
2010-04-26  22:40:00  16 21 36.3  -18 22 15  +001041.5 +000035.0  22 38 45.2  159.081 22.680  30.25  36069 16.2
2010-04-26  22:50:00  16 33 10.6  -18 15 39  +001041.1 +000044.2  22 37 12.6  158.667 22.690  32.98  36061 16.2
2010-04-26  23:00:00  16 44 44.5  -18 07 31  +001040.6 +000053.4  22 35 40.3  158.246 22.723  35.71  36051 16.2
2010-04-26  23:10:00  16 56 18.0  -17 57 51  +001039.9 +000062.5  22 34 08.4  157.819 22.780  38.45  36038 16.3
2010-04-26  23:20:00  17 07 51.0  -17 46 42  +001039.1 +000071.4  22 32 37.1  157.385 22.858  41.19  36022 16.3
2010-04-26  23:30:00  17 19 23.5  -17 34 04  +001038.3 +000080.2  22 31 06.2  156.945 22.959  43.94  36004 16.3
2010-04-26  23:40:00  17 30 55.4  -17 19 59  +001037.4 +000088.7  22 29 36.0  156.499 23.081  46.69  35982 16.4
2010-04-26  23:50:00  17 42 26.6  -17 04 30  +001036.4 +000097.1  22 28 06.4  156.046 23.225  49.45  35959 16.4
2010-04-27  00:00:00  17 53 57.2  -16 47 38  +001035.3 +000105.3  22 26 37.5  155.587 23.389  52.20  35933 16.4
2010-04-27  00:10:00  18 05 27.0  -16 29 26  +001034.2 +000113.2  22 25 09.3  155.122 23.572  54.97  35904 16.5
2010-04-27  00:20:00  18 16 56.1  -16 09 56  +001033.1 +000120.8  22 23 41.8  154.650 23.775  57.73  35873 16.5
2010-04-27  00:30:00  18 28 24.5  -15 49 10  +001032.0 +000128.2  22 22 15.1  154.171 23.997  60.51  35840 16.6
2010-04-27  00:40:00  18 39 52.1  -15 27 13  +001030.9 +000135.3  22 20 49.1  153.686 24.235  63.28  35805 16.6
2010-04-27  00:50:00  18 51 19.0  -15 04 05  +001029.8 +000142.1  22 19 23.8  153.195 24.491  66.07  35769 16.7
2010-04-27  01:00:00  19 02 45.2  -14 39 52  +001028.8 +000148.6  22 17 59.3  152.696 24.762  68.85  35730 16.7
2010-04-27  01:10:00  19 14 10.7  -14 14 35  +001027.8 +000154.7  22 16 35.4  152.191 25.049  71.64  35690 16.8
2010-04-27  01:20:00  19 25 35.7  -13 48 19  +001026.9 +000160.5  22 15 12.1  151.678 25.349  74.43  35648 16.9
2010-04-27  01:30:00  19 36 60.0  -13 21 07  +001026.1 +000165.9  22 13 49.4  151.159 25.661  77.24  35605 16.9
2010-04-27  01:40:00  19 48 23.8  -12 53 03  +001025.4 +000170.9  22 12 27.3  150.632 25.986  80.04  35561 17.0
2010-04-27  01:50:00  19 59 47.2  -12 24 10  +001024.8 +000175.6  22 11 05.6  150.098 26.321  82.85  35516 17.1
