ЭФЕМЕРИДЫ ПО ОБЪЕКТУ:  90067
Для пункта:  10016 Маяки   46 23'50.68"   30 16'17.74"    14m
C   2010-02-01 12:00
по  2010-02-16 12:00
Шаг  0:10:00
Мин.угол места:          10 град
Макс.угол места Солнца: -10 град
Стандартный блеск :      7.1 (зв.вел.)

ОБОЗНАЧЕНИЯ
RA        прямое восхождение, тек.эпоха
DECL      склонение, тек.эпоха
RARate    скорость по пр.восх., арксек/мин
DeclRate  скорость по склонению, арксек/мин
HourAng   часовой угол
Az        азимут
Um        угол места
Phase     фазовый угол
Range     дальность
Mag       зв.величина (оценка)

   Date        UTC        RA         DECL      RARate   DeclRate    HourAng      Az     Um    Phase  Range  Mag
2010-02-09  16:20:00  07 31 35.0  +09 31 06  +000930.4 -000128.1  20 08 05.9  107.564 28.713  30.04  39063 14.0
2010-02-09  16:30:00  07 41 53.6  +09 08 51  +000925.3 -000138.8  20 07 48.9  107.786 28.390  27.65  39127 13.9
2010-02-09  16:40:00  07 52 08.7  +08 44 51  +000920.0 -000149.1  20 07 35.5  108.041 28.054  25.32  39195 13.9
2010-02-09  16:50:00  08 02 20.2  +08 19 09  +000914.4 -000159.0  20 07 25.6  108.327 27.706  23.03  39267 13.9
2010-02-09  17:00:00  08 12 27.9  +07 51 52  +000908.7 -000168.4  20 07 19.5  108.645 27.348  20.82  39343 13.9
2010-02-09  17:10:00  08 22 31.8  +07 23 02  +000902.9 -000177.4  20 07 17.2  108.993 26.981  18.69  39423 13.9
2010-02-09  17:20:00  08 32 31.8  +06 52 46  +000897.0 -000185.9  20 07 18.9  109.370 26.605  16.70  39506 13.9
2010-02-09  17:30:00  08 42 27.8  +06 21 07  +000891.0 -000193.8  20 07 24.6  109.775 26.221  14.87  39593 13.9
2010-02-09  17:40:00  08 52 19.8  +05 48 11  +000885.0 -000201.3  20 07 34.2  110.206 25.831  13.28  39683 13.9
2010-02-09  17:50:00  09 02 07.8  +05 14 02  +000879.0 -000208.3  20 07 47.9  110.664 25.435  12.02  39776 13.9
2010-02-09  18:00:00  09 11 51.8  +04 38 46  +000873.0 -000214.8  20 08 05.5  111.146 25.034  11.18  39872 13.9
2010-02-09  18:10:00  09 21 31.8  +04 02 28  +000867.1 -000220.8  20 08 27.1  111.651 24.629  10.87  39971 13.9
2010-02-09  18:20:00  09 31 07.9  +03 25 13     <<SHADOW>>        20 08 52.7  112.178 24.220  11.12  40072 ----
2010-02-09  18:30:00  09 40 40.2  +02 47 05     <<SHADOW>>        20 09 22.0  112.725 23.809  11.89  40175 ----
2010-02-09  18:40:00  09 50 08.7  +02 08 10     <<SHADOW>>        20 09 55.2  113.291 23.396  13.07  40281 ----
2010-02-09  18:50:00  09 59 33.6  +01 28 32     <<SHADOW>>        20 10 32.0  113.874 22.981  14.58  40389 ----
2010-02-09  19:00:00  10 08 54.9  +00 48 17  +000839.4 -000243.2  20 11 12.3  114.474 22.565  16.30  40498 13.9
2010-02-09  19:10:00  10 18 12.8  +00 07 29  +000834.3 -000246.3  20 11 56.0  115.088 22.149  18.19  40609 14.0
2010-02-09  19:20:00  10 27 27.4  -00 33 47  +000829.5 -000248.9  20 12 43.1  115.715 21.733  20.17  40722 14.0
2010-02-09  19:30:00  10 36 38.8  -01 15 27  +000824.9 -000251.0  20 13 33.3  116.354 21.318  22.23  40835 14.0
2010-02-09  19:40:00  10 45 47.2  -01 57 25  +000820.5 -000252.6  20 14 26.5  117.003 20.904  24.34  40950 14.0
2010-02-09  19:50:00  10 54 52.8  -02 39 38  +000816.3 -000253.9  20 15 22.5  117.662 20.491  26.50  41066 14.0
2010-02-09  20:00:00  11 03 55.7  -03 22 01  +000812.4 -000254.7  20 16 21.3  118.328 20.080  28.67  41182 14.1
2010-02-09  20:10:00  11 12 56.1  -04 04 31  +000808.7 -000255.1  20 17 22.6  119.000 19.672  30.88  41299 14.1
2010-02-09  20:20:00  11 21 54.1  -04 47 02  +000805.3 -000255.1  20 18 26.2  119.677 19.266  33.08  41416 14.1
2010-02-09  20:30:00  11 30 49.9  -05 29 30  +000802.1 -000254.6  20 19 32.1  120.357 18.863  35.30  41534 14.1
2010-02-09  20:40:00  11 39 43.6  -06 11 53  +000799.2 -000253.8  20 20 40.0  121.040 18.464  37.51  41651 14.2
2010-02-09  20:50:00  11 48 35.5  -06 54 05  +000796.5 -000252.6  20 21 49.7  121.724 18.068  39.74  41768 14.2
2010-02-09  21:00:00  11 57 25.7  -07 36 04  +000794.1 -000251.1  20 23 01.2  122.408 17.677  41.95  41885 14.2
2010-02-09  21:10:00  12 06 14.4  -08 17 46  +000791.9 -000249.2  20 24 14.1  123.090 17.290  44.18  42001 14.3
2010-02-09  21:20:00  12 15 01.6  -08 59 06  +000790.0 -000246.9  20 25 28.5  123.771 16.908  46.38  42117 14.3
2010-02-09  21:30:00  12 23 47.7  -09 40 03  +000788.3 -000244.3  20 26 44.1  124.447 16.531  48.60  42232 14.3
2010-02-09  21:40:00  12 32 32.8  -10 20 32  +000786.8 -000241.4  20 28 00.7  125.120 16.160  50.80  42345 14.4
2010-02-09  21:50:00  12 41 16.8  -11 00 29  +000785.6 -000238.1  20 29 18.2  125.787 15.795  53.01  42458 14.4
2010-02-09  22:00:00  12 50 00.2  -11 39 53  +000784.5 -000234.6  20 30 36.5  126.448 15.437  55.19  42569 14.5
2010-02-09  22:10:00  12 58 43.0  -12 18 40  +000783.7 -000230.7  20 31 55.4  127.101 15.085  57.39  42679 14.5
2010-02-09  22:20:00  13 07 25.2  -12 56 47  +000783.1 -000226.6  20 33 14.8  127.746 14.740  59.56  42787 14.5
2010-02-09  22:30:00  13 16 07.1  -13 34 11  +000782.7 -000222.2  20 34 34.5  128.383 14.403  61.74  42893 14.6
2010-02-09  22:40:00  13 24 48.8  -14 10 50  +000782.4 -000217.5  20 35 54.4  129.010 14.074  63.90  42997 14.6
2010-02-09  22:50:00  13 33 30.4  -14 46 40  +000782.4 -000212.5  20 37 14.5  129.627 13.754  66.07  43099 14.7
2010-02-09  23:00:00  13 42 12.0  -15 21 39  +000782.4 -000207.3  20 38 34.6  130.232 13.442  68.21  43199 14.7
2010-02-09  23:10:00  13 50 53.7  -15 55 44  +000782.7 -000201.8  20 39 54.5  130.827 13.140  70.36  43296 14.8
2010-02-09  23:20:00  13 59 35.6  -16 28 54  +000783.0 -000196.1  20 41 14.2  131.409 12.848  72.49  43391 14.8
2010-02-09  23:30:00  14 08 17.8  -17 01 06  +000783.5 -000190.2  20 42 33.7  131.979 12.566  74.63  43483 14.9
2010-02-09  23:40:00  14 17 00.4  -17 32 17  +000784.1 -000184.0  20 43 52.8  132.536 12.295  76.74  43571 14.9
2010-02-09  23:50:00  14 25 43.3  -18 02 25  +000784.8 -000177.6  20 45 11.4  133.079 12.036  78.87  43657 15.0
2010-02-10  00:00:00  14 34 26.8  -18 31 29  +000785.6 -000171.0  20 46 29.6  133.609 11.788  80.97  43740 15.1
2010-02-10  00:10:00  14 43 10.8  -18 59 25  +000786.5 -000164.2  20 47 47.2  134.125 11.552  83.08  43819 15.1
2010-02-10  00:20:00  14 51 55.4  -19 26 13  +000787.4 -000157.3  20 49 04.3  134.626 11.329  85.17  43895 15.2
2010-02-10  00:30:00  15 00 40.7  -19 51 50  +000788.3 -000150.1  20 50 20.7  135.114 11.120  87.26  43967 15.2
2010-02-10  00:40:00  15 09 26.5  -20 16 15  +000789.3 -000142.8  20 51 36.5  135.586 10.925  89.34  44036 15.3
2010-02-10  00:50:00  15 18 13.1  -20 39 26  +000790.3 -000135.3  20 52 51.6  136.044 10.743  91.42  44100 15.4
2010-02-10  01:00:00  15 27 00.3  -21 01 21  +000791.3 -000127.7  20 54 06.0  136.488 10.577  93.49  44161 15.4
2010-02-10  01:10:00  15 35 48.1  -21 21 59  +000792.3 -000119.9  20 55 19.8  136.916 10.426  95.56  44217 15.5
2010-02-10  01:20:00  15 44 36.6  -21 41 18  +000793.2 -000111.9  20 56 32.9  137.330 10.291  97.62  44270 15.6
2010-02-10  01:30:00  15 53 25.8  -21 59 17  +000794.2 -000103.9  20 57 45.4  137.730 10.172  99.68  44318 15.6
2010-02-10  01:40:00  16 02 15.5  -22 15 55  +000795.1 -000095.7  20 58 57.3  138.114 10.071 101.72  44361 15.7

   Date        UTC        RA         DECL      RARate   DeclRate    HourAng      Az     Um    Phase  Range  Mag
2010-02-10  03:20:00  17 30 56.0  -23 44 31  +000799.5 -000009.6  21 10 33.3  141.212 10.074 122.07  44535 16.6
2010-02-10  03:30:00  17 39 48.9  -23 45 22  +000799.3 -000000.7  21 11 42.0  141.454 10.184 124.10  44525 16.7
2010-02-10  03:40:00  17 48 41.7  -23 44 46  +000799.1 +000008.1  21 12 50.9  141.685 10.316 126.12  44509 16.8
2010-02-10  03:50:00  17 57 34.3  -23 42 40  +000798.7 +000016.9  21 13 59.9  141.905 10.470 128.15  44489 16.9
2010-02-10  04:00:00  18 06 26.7  -23 39 07  +000798.3 +000025.8  21 15 09.2  142.116 10.645 130.17  44463 17.1
2010-02-10  04:10:00  18 15 18.6  -23 34 06  +000797.7 +000034.5  21 16 18.8  142.317 10.842 132.20  44432 17.2

   Date        UTC        RA         DECL      RARate   DeclRate    HourAng      Az     Um    Phase  Range  Mag
2010-02-10  16:20:00  05 35 12.0  +11 49 16  +000963.7 -000001.8  22 08 25.4  136.654 48.154  58.73  37346 14.2
2010-02-10  16:30:00  05 45 54.4  +11 47 49  +000963.1 -000015.5  22 07 44.7  136.454 48.053  56.15  37354 14.2
2010-02-10  16:40:00  05 56 36.1  +11 44 06  +000962.0 -000029.2  22 07 04.6  136.286 47.919  53.59  37367 14.1
2010-02-10  16:50:00  06 07 16.9  +11 38 06  +000960.3 -000042.8  22 06 25.5  136.150 47.754  51.03  37386 14.1
2010-02-10  17:00:00  06 17 56.4  +11 29 51  +000958.0 -000056.2  22 05 47.6  136.050 47.558  48.48  37411 14.1
2010-02-10  17:10:00  06 28 34.2  +11 19 24  +000955.3 -000069.4  22 05 11.5  135.985 47.334  45.94  37441 14.0
2010-02-10  17:20:00  06 39 10.0  +11 06 45  +000952.1 -000082.3  22 04 37.3  135.957 47.082  43.41  37476 14.0
2010-02-10  17:30:00  06 49 43.5  +10 51 58  +000948.4 -000095.0  22 04 05.4  135.967 46.803  40.90  37517 14.0
2010-02-10  17:40:00  07 00 14.5  +10 35 05  +000944.3 -000107.4  22 03 36.1  136.014 46.499  38.41  37562 14.0
2010-02-10  17:50:00  07 10 42.6  +10 16 11  +000939.8 -000119.4  22 03 09.6  136.099 46.171  35.92  37613 13.9
2010-02-10  18:00:00  07 21 07.6  +09 55 18  +000935.0 -000131.1  22 02 46.3  136.222 45.820  33.48  37668 13.9
2010-02-10  18:10:00  07 31 29.2  +09 32 31  +000929.8 -000142.3  22 02 26.3  136.382 45.448  31.05  37729 13.9
2010-02-10  18:20:00  07 41 47.3  +09 07 53  +000924.4 -000153.1  22 02 09.8  136.578 45.056  28.67  37794 13.9
2010-02-10  18:30:00  07 52 01.7  +08 41 30  +000918.7 -000163.5  22 01 57.1  136.810 44.645  26.31  37863 13.9
2010-02-10  18:40:00  08 02 12.3  +08 13 25  +000912.9 -000173.3  22 01 48.1  137.076 44.216  24.03  37937 13.8
2010-02-10  18:50:00  08 12 18.9  +07 43 45  +000906.9 -000182.7  22 01 43.2  137.376 43.770  21.79  38015 13.8
2010-02-10  19:00:00  08 22 21.4  +07 12 33  +000900.7 -000191.6  22 01 42.3  137.709 43.309  19.66  38097 13.8
2010-02-10  19:10:00  08 32 19.9  +06 39 55  +000894.5 -000199.9  22 01 45.5  138.072 42.834  17.63  38183 13.8
2010-02-10  19:20:00  08 42 14.1  +06 05 56  +000888.3 -000207.8  22 01 52.9  138.464 42.346  15.77  38273 13.8
2010-02-10  19:30:00  08 52 04.2  +05 30 41  +000882.0 -000215.1  22 02 04.4  138.884 41.846  14.11  38367 13.8
2010-02-10  19:40:00  09 01 50.1  +04 54 16  +000875.7 -000221.8  22 02 20.2  139.329 41.334  12.75  38464 13.8
2010-02-10  19:50:00  09 11 31.9  +04 16 47  +000869.5 -000228.1  22 02 40.0  139.799 40.813  11.77  38564 13.8
2010-02-10  20:00:00  09 21 09.5  +03 38 17     <<SHADOW>>        22 03 04.0  140.292 40.282  11.28  38667 ----
2010-02-10  20:10:00  09 30 43.1  +02 58 54     <<SHADOW>>        22 03 32.1  140.805 39.744  11.32  38773 ----
2010-02-10  20:20:00  09 40 12.8  +02 18 41     <<SHADOW>>        22 04 04.0  141.337 39.197  11.88  38882 ----
2010-02-10  20:30:00  09 49 38.6  +01 37 44     <<SHADOW>>        22 04 39.9  141.886 38.645  12.90  38994 ----
2010-02-10  20:40:00  09 59 00.6  +00 56 09     <<SHADOW>>        22 05 19.5  142.451 38.087  14.26  39108 ----
2010-02-10  20:50:00  10 08 19.0  +00 14 00  +000834.9 -000254.4  22 06 02.7  143.029 37.524  15.89  39224 13.9
2010-02-10  21:00:00  10 17 33.9  -00 28 37  +000829.8 -000257.0  22 06 49.5  143.620 36.956  17.68  39342 13.9
2010-02-10  21:10:00  10 26 45.5  -01 11 38  +000824.9 -000259.1  22 07 39.6  144.220 36.386  19.61  39462 13.9
2010-02-10  21:20:00  10 35 53.8  -01 54 58  +000820.2 -000260.8  22 08 32.9  144.830 35.813  21.61  39584 13.9
2010-02-10  21:30:00  10 44 59.1  -02 38 32  +000815.7 -000262.0  22 09 29.3  145.447 35.239  23.69  39707 13.9
2010-02-10  21:40:00  10 54 01.5  -03 22 16  +000811.5 -000262.7  22 10 28.5  146.070 34.663  25.80  39832 14.0
2010-02-10  21:50:00  11 03 01.1  -04 06 05  +000807.5 -000263.0  22 11 30.5  146.697 34.087  27.95  39957 14.0
2010-02-10  22:00:00  11 11 58.2  -04 49 55  +000803.8 -000262.9  22 12 35.0  147.327 33.511  30.11  40083 14.0
2010-02-10  22:10:00  11 20 53.0  -05 33 41  +000800.4 -000262.3  22 13 41.9  147.958 32.936  32.30  40210 14.0
2010-02-10  22:20:00  11 29 45.5  -06 17 20  +000797.2 -000261.4  22 14 51.1  148.590 32.363  34.49  40338 14.1
2010-02-10  22:30:00  11 38 35.9  -07 00 47  +000794.3 -000260.0  22 16 02.3  149.221 31.793  36.69  40465 14.1
2010-02-10  22:40:00  11 47 24.5  -07 43 59  +000791.6 -000258.3  22 17 15.3  149.850 31.226  38.88  40593 14.1
2010-02-10  22:50:00  11 56 11.4  -08 26 52  +000789.2 -000256.2  22 18 30.0  150.476 30.662  41.09  40721 14.2
2010-02-10  23:00:00  12 04 56.8  -09 09 22  +000787.0 -000253.8  22 19 46.3  151.098 30.103  43.28  40848 14.2
2010-02-10  23:10:00  12 13 40.9  -09 51 26  +000785.1 -000251.0  22 21 03.9  151.715 29.549  45.48  40974 14.2
2010-02-10  23:20:00  12 22 23.7  -10 33 00  +000783.4 -000247.8  22 22 22.7  152.326 29.001  47.66  41100 14.3
2010-02-10  23:30:00  12 31 05.5  -11 14 01  +000782.0 -000244.4  22 23 42.6  152.930 28.460  49.85  41225 14.3
2010-02-10  23:40:00  12 39 46.4  -11 54 26  +000780.8 -000240.6  22 25 03.3  153.527 27.925  52.02  41349 14.3
2010-02-10  23:50:00  12 48 26.6  -12 34 12  +000779.8 -000236.5  22 26 24.7  154.116 27.399  54.20  41472 14.4
2010-02-11  00:00:00  12 57 06.2  -13 13 16  +000779.0 -000232.1  22 27 46.8  154.696 26.881  56.36  41593 14.4
2010-02-11  00:10:00  13 05 45.4  -13 51 34  +000778.5 -000227.5  22 29 09.2  155.267 26.372  58.52  41712 14.5
2010-02-11  00:20:00  13 14 24.2  -14 29 05  +000778.1 -000222.6  22 30 32.0  155.828 25.873  60.67  41829 14.5
2010-02-11  00:30:00  13 23 02.9  -15 05 44  +000777.9 -000217.4  22 31 55.0  156.379 25.384  62.82  41945 14.6
2010-02-11  00:40:00  13 31 41.5  -15 41 31  +000777.9 -000211.9  22 33 18.1  156.919 24.907  64.94  42058 14.6
2010-02-11  00:50:00  13 40 20.1  -16 16 22  +000778.0 -000206.2  22 34 41.1  157.448 24.442  67.08  42168 14.7
2010-02-11  01:00:00  13 48 58.9  -16 50 15  +000778.3 -000200.3  22 36 04.0  157.966 23.989  69.19  42276 14.7
2010-02-11  01:10:00  13 57 37.9  -17 23 07  +000778.7 -000194.1  22 37 26.6  158.473 23.549  71.31  42381 14.8
2010-02-11  01:20:00  14 06 17.2  -17 54 57  +000779.3 -000187.8  22 38 48.9  158.968 23.123  73.41  42483 14.8
2010-02-11  01:30:00  14 14 56.9  -18 25 42  +000779.9 -000181.2  22 40 10.8  159.452 22.711  75.51  42582 14.9
2010-02-11  01:40:00  14 23 37.2  -18 55 21  +000780.7 -000174.4  22 41 32.3  159.924 22.315  77.60  42678 14.9
2010-02-11  01:50:00  14 32 17.9  -19 23 50  +000781.5 -000167.4  22 42 53.2  160.384 21.934  79.69  42770 15.0
2010-02-11  02:00:00  14 40 59.2  -19 51 08  +000782.4 -000160.3  22 44 13.5  160.832 21.569  81.76  42858 15.0
2010-02-11  02:10:00  14 49 41.1  -20 17 15  +000783.4 -000152.9  22 45 33.2  161.269 21.221  83.84  42943 15.1
2010-02-11  02:20:00  14 58 23.7  -20 42 06  +000784.4 -000145.4  22 46 52.3  161.694 20.890  85.89  43024 15.2
2010-02-11  02:30:00  15 07 06.9  -21 05 42  +000785.4 -000137.7  22 48 10.7  162.108 20.577  87.96  43101 15.2
2010-02-11  02:40:00  15 15 50.9  -21 28 01  +000786.4 -000129.9  22 49 28.4  162.511 20.283  90.00  43173 15.3
2010-02-11  02:50:00  15 24 35.5  -21 49 00  +000787.5 -000122.0  22 50 45.4  162.903 20.007  92.06  43242 15.3
2010-02-11  03:00:00  15 33 20.8  -22 08 40  +000788.5 -000113.9  22 52 01.7  163.285 19.751  94.09  43305 15.4
2010-02-11  03:10:00  15 42 06.8  -22 26 57  +000789.5 -000105.6  22 53 17.4  163.656 19.515  96.14  43365 15.5
2010-02-11  03:20:00  15 50 53.5  -22 43 52  +000790.5 -000097.3  22 54 32.4  164.017 19.299  98.16  43419 15.5
2010-02-11  03:30:00  15 59 40.7  -22 59 24  +000791.4 -000088.9  22 55 46.7  164.369 19.104 100.20  43469 15.6
2010-02-11  03:40:00  16 08 28.6  -23 13 30  +000792.2 -000080.3  22 57 00.5  164.712 18.930 102.21  43514 15.7
2010-02-11  03:50:00  16 17 17.0  -23 26 10  +000793.0 -000071.7  22 58 13.7  165.046 18.778 104.24  43555 15.8
2010-02-11  04:00:00  16 26 06.0  -23 37 24  +000793.7 -000063.0  22 59 26.4  165.372 18.648 106.25  43590 15.9
2010-02-11  04:10:00  16 34 55.3  -23 47 11  +000794.4 -000054.2  23 00 38.7  165.690 18.540 108.28  43620 15.9

   Date        UTC        RA         DECL      RARate   DeclRate    HourAng      Az     Um    Phase  Range  Mag
2010-02-11  16:20:00  03 34 49.2  +10 03 05  +000938.3 +000132.6  00 12 44.8  185.286 53.553  89.01  37168 14.9
2010-02-11  16:30:00  03 45 16.3  +10 24 13  +000943.0 +000120.8  00 12 19.3  185.148 53.911  86.43  37115 14.8
2010-02-11  16:40:00  03 55 46.5  +10 43 20  +000947.5 +000108.5  00 11 50.7  184.983 54.236  83.86  37066 14.8
2010-02-11  16:50:00  04 06 19.5  +11 00 22  +000951.5 +000095.9  00 11 19.4  184.792 54.527  81.27  37024 14.7
2010-02-11  17:00:00  04 16 55.1  +11 15 17  +000955.0 +000083.0  00 10 45.5  184.577 54.783  78.69  36986 14.6
2010-02-11  17:10:00  04 27 32.8  +11 28 01  +000958.1 +000069.8  00 10 09.4  184.341 55.003  76.10  36954 14.6
2010-02-11  17:20:00  04 38 12.4  +11 38 32  +000960.7 +000056.3  00 09 31.4  184.087 55.186  73.52  36928 14.5
2010-02-11  17:30:00  04 48 53.6  +11 46 47  +000962.7 +000042.7  00 08 51.9  183.816 55.331  70.92  36907 14.4
2010-02-11  17:40:00  04 59 36.0  +11 52 46  +000964.2 +000028.9  00 08 11.2  183.532 55.438  68.34  36892 14.4
2010-02-11  17:50:00  05 10 19.1  +11 56 26  +000965.2 +000015.1  00 07 29.6  183.238 55.507  65.75  36882 14.3
2010-02-11  18:00:00  05 21 02.7  +11 57 47  +000965.5 +000001.1  00 06 47.7  182.937 55.536  63.18  36878 14.3
2010-02-11  18:10:00  05 31 46.4  +11 56 48  +000965.4 -000012.8  00 06 05.6  182.634 55.525  60.59  36880 14.2
2010-02-11  18:20:00  05 42 29.8  +11 53 30  +000964.6 -000026.7  00 05 23.9  182.331 55.475  58.03  36887 14.2
2010-02-11  18:30:00  05 53 12.4  +11 47 54  +000963.2 -000040.5  00 04 42.9  182.032 55.387  55.45  36900 14.2
2010-02-11  18:40:00  06 03 54.0  +11 40 01  +000961.4 -000054.2  00 04 03.0  181.740 55.259  52.90  36919 14.1
2010-02-11  18:50:00  06 14 34.1  +11 29 51  +000958.9 -000067.7  00 03 24.5  181.459 55.093  50.34  36943 14.1
2010-02-11  19:00:00  06 25 12.5  +11 17 28  +000956.0 -000080.9  00 02 47.8  181.192 54.889  47.81  36973 14.0
2010-02-11  19:10:00  06 35 48.7  +11 02 54  +000952.6 -000093.9  00 02 13.2  180.941 54.648  45.27  37008 14.0
2010-02-11  19:20:00  06 46 22.6  +10 46 11  +000948.7 -000106.6  00 01 41.0  180.710 54.370  42.76  37049 14.0
2010-02-11  19:30:00  06 56 53.6  +10 27 23  +000944.4 -000118.9  00 01 11.5  180.499 54.058  40.26  37095 13.9
2010-02-11  19:40:00  07 07 21.7  +10 06 34  +000939.8 -000130.9  00 00 45.1  180.313 53.712  37.79  37146 13.9
2010-02-11  19:50:00  07 17 46.6  +09 43 47  +000934.7 -000142.4  00 00 21.9  180.150 53.332  35.33  37203 13.9
2010-02-11  20:00:00  07 28 08.0  +09 19 07  +000929.4 -000153.5  00 00 02.1  180.015 52.921  32.91  37265 13.9
2010-02-11  20:10:00  07 38 25.7  +08 52 39  +000923.8 -000164.1  23 59 46.0  179.906 52.480  30.51  37332 13.9
2010-02-11  20:20:00  07 48 39.7  +08 24 27  +000917.9 -000174.3  23 59 33.7  179.824 52.010  28.16  37404 13.8
2010-02-11  20:30:00  07 58 49.7  +07 54 35  +000911.9 -000183.9  23 59 25.4  179.770 51.512  25.85  37480 13.8
2010-02-11  20:40:00  08 08 55.6  +07 23 11  +000905.8 -000193.0  23 59 21.1  179.745 50.989  23.62  37562 13.8
2010-02-11  20:50:00  08 18 57.3  +06 50 17  +000899.5 -000201.6  23 59 21.0  179.747 50.441  21.45  37648 13.8
2010-02-11  21:00:00  08 28 54.9  +06 16 01  +000893.1 -000209.6  23 59 25.1  179.776 49.869  19.39  37738 13.8
2010-02-11  21:10:00  08 38 48.2  +05 40 27  +000886.7 -000217.1  23 59 33.5  179.831 49.277  17.46  37833 13.8
2010-02-11  21:20:00  08 48 37.2  +05 03 41  +000880.4 -000224.0  23 59 46.1  179.912 48.664  15.72  37931 13.8
2010-02-11  21:30:00  08 58 22.0  +04 25 49  +000874.0 -000230.4  00 00 02.9  180.018 48.033  14.21  38034 13.8
2010-02-11  21:40:00  09 08 02.6  +03 46 56  +000867.7 -000236.2  00 00 24.0  180.147 47.385  13.02  38141 13.8
2010-02-11  21:50:00  09 17 39.0  +03 07 07     <<SHADOW>>        00 00 49.2  180.299 46.721  12.24  38251 ----
2010-02-11  22:00:00  09 27 11.3  +02 26 29     <<SHADOW>>        00 01 18.5  180.471 46.043  11.93  38364 ----
2010-02-11  22:10:00  09 36 39.6  +01 45 06     <<SHADOW>>        00 01 51.8  180.663 45.352  12.14  38481 ----
2010-02-11  22:20:00  09 46 04.1  +01 03 04     <<SHADOW>>        00 02 29.0  180.873 44.650  12.81  38601 ----
2010-02-11  22:30:00  09 55 24.7  +00 20 28     <<SHADOW>>        00 03 10.0  181.100 43.938  13.90  38724 ----
2010-02-11  22:40:00  10 04 41.7  -00 22 37  +000832.8 -000259.7  00 03 54.7  181.342 43.218  15.28  38849 13.8
2010-02-11  22:50:00  10 13 55.2  -01 06 04  +000827.6 -000261.8  00 04 42.9  181.598 42.490  16.91  38977 13.9
2010-02-11  23:00:00  10 23 05.2  -01 49 51  +000822.7 -000263.4  00 05 34.4  181.867 41.756  18.69  39107 13.9
2010-02-11  23:10:00  10 32 12.1  -02 33 51  +000818.0 -000264.5  00 06 29.2  182.147 41.018  20.59  39239 13.9
2010-02-11  23:20:00  10 41 15.9  -03 17 59  +000813.5 -000265.2  00 07 27.0  182.438 40.275  22.57  39372 13.9
2010-02-11  23:30:00  10 50 16.9  -04 02 13  +000809.3 -000265.4  00 08 27.8  182.737 39.531  24.62  39507 13.9
2010-02-11  23:40:00  10 59 15.1  -04 46 26  +000805.4 -000265.1  00 09 31.2  183.043 38.785  26.70  39644 14.0
2010-02-11  23:50:00  11 08 10.7  -05 30 34  +000801.7 -000264.5  00 10 37.2  183.356 38.039  28.82  39781 14.0
2010-02-12  00:00:00  11 17 04.0  -06 14 34  +000798.2 -000263.4  00 11 45.6  183.674 37.295  30.95  39920 14.0
2010-02-12  00:10:00  11 25 55.1  -06 58 21  +000795.1 -000261.9  00 12 56.1  183.997 36.552  33.11  40059 14.0
2010-02-12  00:20:00  11 34 44.1  -07 41 51  +000792.2 -000260.1  00 14 08.7  184.323 35.813  35.27  40198 14.1
2010-02-12  00:30:00  11 43 31.4  -08 25 01  +000789.5 -000257.8  00 15 23.1  184.651 35.078  37.44  40338 14.1
2010-02-12  00:40:00  11 52 16.9  -09 07 47  +000787.2 -000255.2  00 16 39.2  184.981 34.348  39.60  40478 14.1
2010-02-12  00:50:00  12 01 01.0  -09 50 05  +000785.0 -000252.3  00 17 56.8  185.311 33.625  41.78  40617 14.2
2010-02-12  01:00:00  12 09 43.7  -10 31 52  +000783.2 -000249.0  00 19 15.7  185.642 32.908  43.94  40755 14.2
2010-02-12  01:10:00  12 18 25.2  -11 13 04  +000781.5 -000245.4  00 20 35.8  185.972 32.200  46.11  40893 14.2
2010-02-12  01:20:00  12 27 05.8  -11 53 39  +000780.2 -000241.5  00 21 56.9  186.300 31.501  48.26  41030 14.3
2010-02-12  01:30:00  12 35 45.5  -12 33 33  +000779.0 -000237.3  00 23 18.8  186.627 30.811  50.42  41166 14.3
2010-02-12  01:40:00  12 44 24.5  -13 12 43  +000778.1 -000232.8  00 24 41.5  186.952 30.132  52.56  41300 14.4
2010-02-12  01:50:00  12 53 03.0  -13 51 07  +000777.3 -000228.0  00 26 04.6  187.274 29.465  54.71  41433 14.4
2010-02-12  02:00:00  13 01 41.0  -14 28 43  +000776.8 -000222.9  00 27 28.2  187.593 28.810  56.84  41563 14.4
2010-02-12  02:10:00  13 10 18.8  -15 05 26  +000776.5 -000217.6  00 28 52.1  187.909 28.169  58.98  41692 14.5
2010-02-12  02:20:00  13 18 56.4  -15 41 14  +000776.4 -000212.1  00 30 16.2  188.221 27.541  61.09  41818 14.5
2010-02-12  02:30:00  13 27 33.9  -16 16 07  +000776.4 -000206.3  00 31 40.3  188.529 26.928  63.21  41942 14.6
2010-02-12  02:40:00  13 36 11.6  -16 49 60  +000776.6 -000200.3  00 33 04.3  188.834 26.330  65.31  42063 14.6
2010-02-12  02:50:00  13 44 49.4  -17 22 51  +000776.9 -000194.0  00 34 28.1  189.134 25.748  67.42  42181 14.7
2010-02-12  03:00:00  13 53 27.5  -17 54 40  +000777.4 -000187.6  00 35 51.6  189.431 25.183  69.50  42296 14.7
2010-02-12  03:10:00  14 02 05.9  -18 25 22  +000778.0 -000180.9  00 37 14.8  189.723 24.635  71.60  42408 14.8
2010-02-12  03:20:00  14 10 44.8  -18 54 57  +000778.7 -000174.1  00 38 37.6  190.011 24.105  73.67  42516 14.8
2010-02-12  03:30:00  14 19 24.1  -19 23 23  +000779.5 -000167.0  00 39 59.9  190.296 23.594  75.75  42621 14.9
2010-02-12  03:40:00  14 28 04.0  -19 50 37  +000780.3 -000159.8  00 41 21.6  190.577 23.101  77.80  42722 14.9
2010-02-12  03:50:00  14 36 44.6  -20 16 39  +000781.3 -000152.4  00 42 42.7  190.854 22.628  79.87  42819 15.0
2010-02-12  04:00:00  14 45 25.7  -20 41 26  +000782.3 -000144.9  00 44 03.2  191.127 22.175  81.92  42912 15.0
2010-02-12  04:10:00  14 54 07.6  -21 04 56  +000783.3 -000137.2  00 45 23.0  191.398 21.742  83.97  43000 15.1

   Date        UTC        RA         DECL      RARate   DeclRate    HourAng      Az     Um    Phase  Range  Mag
2010-02-12  16:20:00  01 40 26.0  +04 46 22  +000874.9 +000222.3  02 11 04.5  224.472 39.654 118.70  38587 16.1
2010-02-12  16:30:00  01 50 11.4  +05 22 53  +000881.2 +000215.7  02 11 20.8  224.935 40.152 116.20  38488 16.0
2010-02-12  16:40:00  02 00 00.9  +05 58 14  +000887.5 +000208.5  02 11 32.9  225.373 40.641 113.71  38392 15.9
2010-02-12  16:50:00  02 09 54.7  +06 32 21  +000893.8 +000200.8  02 11 40.8  225.783 41.118 111.19  38300 15.8
2010-02-12  17:00:00  02 19 52.6  +07 05 08  +000900.1 +000192.6  02 11 44.5  226.164 41.584 108.68  38212 15.7
2010-02-12  17:10:00  02 29 54.8  +07 36 31  +000906.3 +000183.8  02 11 44.0  226.515 42.037 106.15  38128 15.6
2010-02-12  17:20:00  02 40 01.0  +08 06 23  +000912.4 +000174.6  02 11 39.4  226.833 42.476 103.62  38047 15.5
2010-02-12  17:30:00  02 50 11.3  +08 34 41  +000918.4 +000164.8  02 11 30.7  227.118 42.900 101.07  37971 15.4
2010-02-12  17:40:00  03 00 25.5  +09 01 18  +000924.2 +000154.6  02 11 18.1  227.369 43.308  98.53  37899 15.3
2010-02-12  17:50:00  03 10 43.5  +09 26 11  +000929.7 +000143.9  02 11 01.8  227.584 43.698  95.97  37831 15.2
2010-02-12  18:00:00  03 21 05.1  +09 49 15  +000935.0 +000132.8  02 10 41.9  227.762 44.069  93.42  37768 15.1
2010-02-12  18:10:00  03 31 30.1  +10 10 25  +000940.0 +000121.2  02 10 18.5  227.904 44.420  90.84  37710 15.0
2010-02-12  18:20:00  03 41 58.3  +10 29 38  +000944.6 +000109.3  02 09 51.9  228.007 44.750  88.28  37657 14.9
2010-02-12  18:30:00  03 52 29.5  +10 46 49  +000948.8 +000097.0  02 09 22.4  228.073 45.058  85.70  37608 14.9
2010-02-12  18:40:00  04 03 03.4  +11 01 56  +000952.7 +000084.3  02 08 50.1  228.100 45.342  83.13  37565 14.8
2010-02-12  18:50:00  04 13 39.7  +11 14 55  +000956.1 +000071.4  02 08 15.5  228.089 45.600  80.54  37527 14.7
2010-02-12  19:00:00  04 24 18.0  +11 25 44  +000959.0 +000058.3  02 07 38.8  228.041 45.832  77.96  37495 14.6
2010-02-12  19:10:00  04 34 58.2  +11 34 20  +000961.4 +000044.9  02 07 00.3  227.956 46.037  75.37  37467 14.6
2010-02-12  19:20:00  04 45 39.7  +11 40 41  +000963.2 +000031.4  02 06 20.4  227.836 46.212  72.79  37446 14.5
2010-02-12  19:30:00  04 56 22.4  +11 44 47  +000964.6 +000017.7  02 05 39.4  227.681 46.357  70.20  37430 14.5
2010-02-12  19:40:00  05 07 05.7  +11 46 35  +000965.3 +000004.0  02 04 57.7  227.493 46.472  67.63  37419 14.4
2010-02-12  19:50:00  05 17 49.4  +11 46 06  +000965.5 -000009.8  02 04 15.6  227.273 46.554  65.04  37415 14.4
2010-02-12  20:00:00  05 28 33.0  +11 43 20  +000965.2 -000023.5  02 03 33.7  227.026 46.603  62.47  37416 14.3
2010-02-12  20:10:00  05 39 16.2  +11 38 17  +000964.3 -000037.1  02 02 52.2  226.751 46.617  59.90  37423 14.3
2010-02-12  20:20:00  05 49 58.5  +11 30 58  +000962.8 -000050.7  02 02 11.4  226.452 46.598  57.34  37436 14.2
2010-02-12  20:30:00  06 00 39.7  +11 21 24  +000960.8 -000064.0  02 01 31.9  226.132 46.543  54.77  37454 14.2
2010-02-12  20:40:00  06 11 19.4  +11 09 38  +000958.2 -000077.2  02 00 53.8  225.793 46.452  52.23  37479 14.1
2010-02-12  20:50:00  06 21 57.2  +10 55 41  +000955.2 -000090.1  02 00 17.6  225.438 46.325  49.69  37509 14.1
2010-02-12  21:00:00  06 32 32.9  +10 39 37  +000951.7 -000102.7  01 59 43.6  225.070 46.162  47.17  37546 14.1
2010-02-12  21:10:00  06 43 06.1  +10 21 28  +000947.7 -000115.0  01 59 12.1  224.693 45.964  44.65  37588 14.0
2010-02-12  21:20:00  06 53 36.5  +10 01 18  +000943.4 -000126.9  01 58 43.3  224.309 45.729  42.16  37636 14.0
2010-02-12  21:30:00  07 04 03.8  +09 39 10  +000938.6 -000138.5  01 58 17.6  223.920 45.458  39.68  37690 14.0
2010-02-12  21:40:00  07 14 27.9  +09 15 10  +000933.6 -000149.5  01 57 55.2  223.531 45.152  37.23  37749 14.0
2010-02-12  21:50:00  07 24 48.5  +08 49 21  +000928.2 -000160.2  01 57 36.2  223.142 44.812  34.80  37814 13.9
2010-02-12  22:00:00  07 35 05.4  +08 21 49  +000922.6 -000170.3  01 57 21.0  222.758 44.438  32.41  37885 13.9
2010-02-12  22:10:00  07 45 18.6  +07 52 37  +000916.7 -000179.9  01 57 09.5  222.379 44.031  30.05  37961 13.9
2010-02-12  22:20:00  07 55 27.7  +07 21 52  +000910.7 -000189.1  01 57 01.9  222.009 43.593  27.75  38042 13.9
2010-02-12  22:30:00  08 05 32.8  +06 49 38  +000904.6 -000197.6  01 56 58.5  221.649 43.123  25.50  38128 13.9
2010-02-12  22:40:00  08 15 33.8  +06 16 00  +000898.3 -000205.7  01 56 59.1  221.301 42.624  23.33  38220 13.9
2010-02-12  22:50:00  08 25 30.6  +05 41 06  +000892.0 -000213.2  01 57 04.0  220.966 42.097  21.23  38316 13.8
2010-02-12  23:00:00  08 35 23.2  +05 04 59  +000885.7 -000220.1  01 57 13.1  220.646 41.544  19.27  38417 13.8
2010-02-12  23:10:00  08 45 11.5  +04 27 45  +000879.4 -000226.5  01 57 26.4  220.340 40.965  17.45  38522 13.8
2010-02-12  23:20:00  08 54 55.7  +03 49 31  +000873.1 -000232.3  01 57 43.8  220.051 40.362  15.84  38632 13.8
2010-02-12  23:30:00  09 04 35.7  +03 10 21  +000866.9 -000237.6  01 58 05.5  219.779 39.737  14.48  38746 13.8
2010-02-12  23:40:00  09 14 11.6  +02 30 22     <<SHADOW>>        01 58 31.2  219.523 39.091  13.47  38865 ----
2010-02-12  23:50:00  09 23 43.4  +01 49 38     <<SHADOW>>        01 59 01.0  219.285 38.427  12.86  38986 ----
2010-02-13  00:00:00  09 33 11.3  +01 08 16     <<SHADOW>>        01 59 34.8  219.063 37.745  12.72  39112 ----
2010-02-13  00:10:00  09 42 35.4  +00 26 19     <<SHADOW>>        02 00 12.3  218.859 37.047  13.05  39241 ----
2010-02-13  00:20:00  09 51 55.8  -00 16 05  +000837.8 -000255.7  02 00 53.6  218.672 36.336  13.81  39372 13.9
2010-02-13  00:30:00  10 01 12.6  -00 58 53  +000832.5 -000257.8  02 01 38.5  218.502 35.611  14.93  39507 13.9
2010-02-13  00:40:00  10 10 25.9  -01 41 59  +000827.5 -000259.3  02 02 26.8  218.347 34.876  16.32  39644 13.9
2010-02-13  00:50:00  10 19 35.9  -02 25 18  +000822.6 -000260.4  02 03 18.4  218.208 34.131  17.93  39784 13.9
2010-02-13  01:00:00  10 28 42.8  -03 08 45  +000818.0 -000261.0  02 04 13.2  218.085 33.379  19.68  39926 13.9
2010-02-13  01:10:00  10 37 46.7  -03 52 17  +000813.7 -000261.2  02 05 10.9  217.976 32.620  21.55  40070 13.9
2010-02-13  01:20:00  10 46 47.8  -04 35 48  +000809.6 -000260.9  02 06 11.5  217.881 31.857  23.50  40215 14.0
2010-02-13  01:30:00  10 55 46.2  -05 19 14  +000805.8 -000260.2  02 07 14.7  217.799 31.090  25.51  40361 14.0
2010-02-13  01:40:00  11 04 42.1  -06 02 31  +000802.2 -000259.1  02 08 20.4  217.729 30.321  27.56  40509 14.0
2010-02-13  01:50:00  11 13 35.8  -06 45 35  +000798.9 -000257.6  02 09 28.4  217.672 29.552  29.64  40658 14.0
2010-02-13  02:00:00  11 22 27.3  -07 28 22  +000795.8 -000255.7  02 10 38.5  217.626 28.783  31.74  40807 14.1
2010-02-13  02:10:00  11 31 16.9  -08 10 48  +000793.0 -000253.5  02 11 50.5  217.590 28.017  33.87  40956 14.1
2010-02-13  02:20:00  11 40 04.7  -08 52 50  +000790.5 -000250.8  02 13 04.3  217.565 27.253  35.99  41105 14.1
2010-02-13  02:30:00  11 48 51.0  -09 34 24  +000788.2 -000247.9  02 14 19.8  217.549 26.494  38.13  41255 14.2
2010-02-13  02:40:00  11 57 35.7  -10 15 27  +000786.2 -000244.6  02 15 36.6  217.541 25.741  40.26  41403 14.2
2010-02-13  02:50:00  12 06 19.2  -10 55 55  +000784.4 -000241.0  02 16 54.8  217.543 24.995  42.41  41551 14.2
2010-02-13  03:00:00  12 15 01.6  -11 35 46  +000782.9 -000237.1  02 18 14.0  217.551 24.256  44.54  41698 14.3
2010-02-13  03:10:00  12 23 43.1  -12 14 56  +000781.6 -000232.9  02 19 34.2  217.567 23.526  46.68  41844 14.3
2010-02-13  03:20:00  12 32 23.8  -12 53 23  +000780.5 -000228.4  02 20 55.2  217.590 22.806  48.81  41988 14.3
2010-02-13  03:30:00  12 41 03.8  -13 31 04  +000779.6 -000223.7  02 22 16.8  217.620 22.096  50.94  42131 14.4
2010-02-13  03:40:00  12 49 43.3  -14 07 56  +000779.0 -000218.7  02 23 38.9  217.655 21.398  53.06  42271 14.4
2010-02-13  03:50:00  12 58 22.5  -14 43 57  +000778.5 -000213.4  02 25 01.4  217.696 20.713  55.18  42410 14.5
2010-02-13  04:00:00  13 07 01.4  -15 19 03  +000778.3 -000207.9  02 26 24.1  217.743 20.041  57.29  42546 14.5
2010-02-13  04:10:00  13 15 40.2  -15 53 14  +000778.2 -000202.2  02 27 47.0  217.795 19.384  59.40  42679 14.5

   Date        UTC        RA         DECL      RARate   DeclRate    HourAng      Az     Um    Phase  Range  Mag
2010-02-13  16:20:00  23 56 40.3  -02 06 30  +000820.2 +000251.7  03 58 46.8  245.646 18.731 146.43  41167 18.1
2010-02-13  16:30:00  00 05 48.5  -01 24 40  +000824.6 +000250.1  03 59 40.2  246.293 19.132 144.05  41050 17.9
2010-02-13  16:40:00  00 14 59.8  -00 43 09  +000829.3 +000248.1  04 00 30.6  246.930 19.535 141.67  40933 17.7
2010-02-13  16:50:00  00 24 14.3  -00 01 59  +000834.2 +000245.7  04 01 17.7  247.554 19.939 139.27  40818 17.5
2010-02-13  17:00:00  00 33 32.0  +00 38 43  +000839.2 +000242.8  04 02 01.6  248.166 20.345 136.86  40704 17.3
2010-02-13  17:10:00  00 42 53.3  +01 18 54  +000844.5 +000239.4  04 02 42.0  248.763 20.750 134.44  40591 17.2
2010-02-13  17:20:00  00 52 18.1  +01 58 30  +000850.0 +000235.5  04 03 18.8  249.343 21.156 132.02  40481 17.0
2010-02-13  17:30:00  01 01 46.6  +02 37 24  +000855.6 +000231.2  04 03 52.0  249.907 21.561 129.57  40372 16.8
2010-02-13  17:40:00  01 11 18.9  +03 15 32  +000861.4 +000226.4  04 04 21.3  250.451 21.965 127.13  40265 16.7
2010-02-13  17:50:00  01 20 55.2  +03 52 49  +000867.3 +000221.0  04 04 46.7  250.976 22.367 124.66  40160 16.5
2010-02-13  18:00:00  01 30 35.3  +04 29 10  +000873.3 +000215.2  04 05 08.2  251.478 22.767 122.20  40058 16.4
2010-02-13  18:10:00  01 40 19.5  +05 04 31  +000879.3 +000208.8  04 05 25.6  251.958 23.163 119.71  39958 16.3
2010-02-13  18:20:00  01 50 07.8  +05 38 46  +000885.4 +000202.0  04 05 39.0  252.413 23.556 117.23  39862 16.1
2010-02-13  18:30:00  02 00 00.1  +06 11 49  +000891.6 +000194.7  04 05 48.3  252.843 23.943 114.72  39768 16.0
2010-02-13  18:40:00  02 09 56.5  +06 43 37  +000897.7 +000186.8  04 05 53.6  253.247 24.325 112.22  39677 15.9
2010-02-13  18:50:00  02 19 57.0  +07 14 04  +000903.7 +000178.5  04 05 54.8  253.622 24.700 109.70  39590 15.8
2010-02-13  19:00:00  02 30 01.4  +07 43 05  +000909.7 +000169.7  04 05 51.9  253.969 25.068 107.18  39507 15.7
2010-02-13  19:10:00  02 40 09.9  +08 10 36  +000915.5 +000160.4  04 05 45.2  254.285 25.427 104.64  39427 15.6
2010-02-13  19:20:00  02 50 22.1  +08 36 31  +000921.2 +000150.6  04 05 34.5  254.571 25.777 102.11  39351 15.5
2010-02-13  19:30:00  03 00 38.1  +09 00 47  +000926.7 +000140.4  04 05 20.2  254.825 26.116  99.56  39279 15.4
2010-02-13  19:40:00  03 10 57.6  +09 23 18  +000931.9 +000129.8  04 05 02.3  255.047 26.442  97.01  39212 15.3
2010-02-13  19:50:00  03 21 20.6  +09 44 01  +000936.9 +000118.8  04 04 41.0  255.236 26.756  94.45  39149 15.2
2010-02-13  20:00:00  03 31 46.8  +10 02 52  +000941.5 +000107.3  04 04 16.5  255.391 27.055  91.89  39091 15.1
2010-02-13  20:10:00  03 42 15.9  +10 19 47  +000945.8 +000095.6  04 03 49.0  255.513 27.339  89.31  39038 15.0
2010-02-13  20:20:00  03 52 47.8  +10 34 43  +000949.8 +000083.5  04 03 18.7  255.601 27.606  86.75  38989 15.0
2010-02-13  20:30:00  04 03 22.2  +10 47 36  +000953.3 +000071.1  04 02 46.0  255.655 27.855  84.17  38946 14.9
2010-02-13  20:40:00  04 13 58.7  +10 58 25  +000956.3 +000058.5  04 02 11.0  255.675 28.084  81.60  38908 14.8
2010-02-13  20:50:00  04 24 37.2  +11 07 07  +000958.9 +000045.7  04 01 34.3  255.662 28.292  79.01  38876 14.7
2010-02-13  21:00:00  04 35 17.1  +11 13 39  +000961.0 +000032.7  04 00 55.9  255.616 28.479  76.44  38849 14.7
2010-02-13  21:10:00  04 45 58.3  +11 18 01  +000962.5 +000019.6  04 00 16.4  255.538 28.642  73.85  38828 14.6
2010-02-13  21:20:00  04 56 40.4  +11 20 11  +000963.6 +000006.4  03 59 36.0  255.428 28.781  71.28  38813 14.6
2010-02-13  21:30:00  05 07 23.0  +11 20 09  +000964.1 -000006.8  03 58 55.0  255.288 28.895  68.69  38803 14.5
2010-02-13  21:40:00  05 18 05.7  +11 17 54  +000964.0 -000020.1  03 58 13.9  255.118 28.981  66.12  38800 14.5
2010-02-13  21:50:00  05 28 48.2  +11 13 28  +000963.4 -000033.3  03 57 33.1  254.920 29.040  63.55  38802 14.4
2010-02-13  22:00:00  05 39 30.1  +11 06 50  +000962.3 -000046.3  03 56 52.8  254.696 29.071  60.99  38811 14.4
2010-02-13  22:10:00  05 50 11.1  +10 58 01  +000960.6 -000059.3  03 56 13.5  254.447 29.072  58.42  38826 14.3
2010-02-13  22:20:00  06 00 50.8  +10 47 05  +000958.4 -000072.0  03 55 35.4  254.175 29.043  55.87  38847 14.3
2010-02-13  22:30:00  06 11 28.9  +10 34 02  +000955.7 -000084.5  03 54 59.0  253.881 28.983  53.32  38875 14.2
2010-02-13  22:40:00  06 22 05.1  +10 18 55  +000952.6 -000096.8  03 54 24.4  253.567 28.892  50.80  38908 14.2
2010-02-13  22:50:00  06 32 39.0  +10 01 47  +000949.0 -000108.7  03 53 52.2  253.237 28.769  48.27  38948 14.2
2010-02-13  23:00:00  06 43 10.4  +09 42 41  +000945.0 -000120.3  03 53 22.4  252.890 28.614  45.77  38994 14.1
2010-02-13  23:10:00  06 53 38.9  +09 21 42  +000940.6 -000131.5  03 52 55.5  252.531 28.428  43.27  39046 14.1
2010-02-13  23:20:00  07 04 04.5  +08 58 52  +000935.9 -000142.3  03 52 31.6  252.160 28.209  40.81  39105 14.1
2010-02-13  23:30:00  07 14 26.8  +08 34 16  +000930.9 -000152.7  03 52 11.0  251.779 27.959  38.36  39169 14.0
2010-02-13  23:40:00  07 24 45.6  +08 07 59  +000925.6 -000162.6  03 51 53.8  251.392 27.677  35.95  39239 14.0
2010-02-13  23:50:00  07 35 00.8  +07 40 06  +000920.0 -000172.0  03 51 40.2  250.999 27.365  33.56  39315 14.0
2010-02-14  00:00:00  07 45 12.3  +07 10 40  +000914.3 -000181.0  03 51 30.3  250.602 27.022  31.22  39397 14.0
2010-02-14  00:10:00  07 55 19.9  +06 39 48  +000908.4 -000189.4  03 51 24.4  250.204 26.649  28.91  39485 14.0
2010-02-14  00:20:00  08 05 23.5  +06 07 35  +000902.4 -000197.2  03 51 22.4  249.806 26.247  26.67  39578 14.0
2010-02-14  00:30:00  08 15 23.1  +05 34 05  +000896.3 -000204.6  03 51 24.5  249.409 25.817  24.49  39676 13.9
2010-02-14  00:40:00  08 25 18.6  +04 59 25  +000890.2 -000211.4  03 51 30.6  249.016 25.360  22.40  39779 13.9
2010-02-14  00:50:00  08 35 10.0  +04 23 39  +000884.1 -000217.6  03 51 40.8  248.627 24.878  20.41  39887 13.9
2010-02-14  01:00:00  08 44 57.4  +03 46 54  +000878.0 -000223.4  03 51 55.1  248.244 24.370  18.58  40000 13.9
2010-02-14  01:10:00  08 54 40.7  +03 09 14  +000871.9 -000228.5  03 52 13.5  247.867 23.839  16.91  40118 13.9
2010-02-14  01:20:00  09 04 20.0  +02 30 45     <<SHADOW>>        03 52 35.8  247.498 23.287  15.50  40239 ----
2010-02-14  01:30:00  09 13 55.3  +01 51 33     <<SHADOW>>        03 53 02.2  247.138 22.713  14.37  40365 ----
2010-02-14  01:40:00  09 23 26.7  +01 11 42     <<SHADOW>>        03 53 32.4  246.787 22.120  13.62  40495 ----
2010-02-14  01:50:00  09 32 54.3  +00 31 18     <<SHADOW>>        03 54 06.4  246.446 21.509  13.28  40628 ----
2010-02-14  02:00:00  09 42 18.3  -00 09 34     <<SHADOW>>        03 54 44.1  246.115 20.882  13.40  40764 ----
2010-02-14  02:10:00  09 51 38.7  -00 50 49  +000838.0 -000248.5  03 55 25.3  245.795 20.239  13.95  40904 13.9
2010-02-14  02:20:00  10 00 55.7  -01 32 23  +000833.0 -000250.1  03 56 09.9  245.486 19.584  14.87  41046 14.0
2010-02-14  02:30:00  10 10 09.4  -02 14 09  +000828.1 -000251.2  03 56 57.9  245.189 18.916  16.11  41191 14.0
2010-02-14  02:40:00  10 19 19.9  -02 56 05  +000823.5 -000251.8  03 57 49.0  244.902 18.238  17.57  41338 14.0
2010-02-14  02:50:00  10 28 27.5  -03 38 04  +000819.2 -000252.0  03 58 43.1  244.627 17.551  19.22  41487 14.0
2010-02-14  03:00:00  10 37 32.2  -04 20 04  +000815.1 -000251.8  03 59 40.0  244.364 16.857  20.99  41637 14.0
2010-02-14  03:10:00  10 46 34.3  -05 01 59  +000811.2 -000251.2  04 00 39.6  244.111 16.156  22.88  41789 14.0
2010-02-14  03:20:00  10 55 33.8  -05 43 46  +000807.5 -000250.1  04 01 41.7  243.870 15.451  24.82  41942 14.1
2010-02-14  03:30:00  11 04 31.1  -06 25 21  +000804.2 -000248.7  04 02 46.1  243.640 14.742  26.82  42096 14.1
2010-02-14  03:40:00  11 13 26.1  -07 06 39  +000801.1 -000246.9  04 03 52.7  243.421 14.032  28.85  42251 14.1
2010-02-14  03:50:00  11 22 19.2  -07 47 38  +000798.2 -000244.8  04 05 01.2  243.213 13.320  30.92  42406 14.1
2010-02-14  04:00:00  11 31 10.5  -08 28 14  +000795.6 -000242.3  04 06 11.6  243.015 12.610  33.00  42560 14.2

   Date        UTC        RA         DECL      RARate   DeclRate    HourAng      Az     Um    Phase  Range  Mag
2010-02-14  23:40:00  05 34 18.2  +10 36 21  +000960.6 -000042.0  05 46 17.7  274.916 10.008  63.37  40684 14.5
2010-02-14  23:50:00  05 44 58.2  +10 28 19  +000959.2 -000054.4  05 45 39.4  274.707 10.022  60.81  40698 14.5
2010-02-15  00:00:00  05 55 37.0  +10 18 14  +000957.3 -000066.6  05 45 02.2  274.477 10.009  58.26  40718 14.4
