ЭФЕМЕРИДЫ ПО ОБЪЕКТУ:  90065
Для пункта:  10016 Маяки   46 23'50.68"   30 16'17.74"    14m
C   2010-04-15 12:00
по  2010-05-01 12:00
Шаг  0:10:00
Мин.угол места:          10 град
Макс.угол места Солнца: -10 град
Стандартный блеск :      8.5 (зв.вел.)

ОБОЗНАЧЕНИЯ
RA        прямое восхождение, тек.эпоха
DECL      склонение, тек.эпоха
RARate    скорость по пр.восх., арксек/мин
DeclRate  скорость по склонению, арксек/мин
HourAng   часовой угол
Az        азимут
Um        угол места
Phase     фазовый угол
Range     дальность
Mag       зв.величина (оценка)

   Date        UTC        RA         DECL      RARate   DeclRate    HourAng      Az     Um    Phase  Range  Mag
2010-04-25  01:30:00  22 10 26.7  -07 28 38  +000890.1 +000159.3  19 32 29.6  112.178 10.038 117.08  40562 17.6
2010-04-25  01:40:00  22 20 19.4  -07 02 03  +000888.0 +000159.6  19 32 38.6  111.917 10.401 119.53  40570 17.7
2010-04-25  01:50:00  22 30 10.7  -06 35 26  +000886.0 +000159.7  19 32 48.8  111.659 10.767 121.98  40577 17.8

   Date        UTC        RA         DECL      RARate   DeclRate    HourAng      Az     Um    Phase  Range  Mag
2010-04-26  00:40:00  21 10 15.9  -10 07 35  +000904.3 +000152.1  19 46 28.8  116.598 10.188 101.16  40285 16.9
2010-04-26  00:50:00  21 20 17.9  -09 42 03  +000901.7 +000154.2  19 46 28.4  116.325 10.519 103.66  40291 17.0
2010-04-26  01:00:00  21 30 18.2  -09 16 11  +000899.2 +000156.0  19 46 29.7  116.054 10.858 106.13  40298 17.1
2010-04-26  01:10:00  21 40 16.9  -08 50 03  +000896.8 +000157.6  19 46 32.6  115.785 11.204 108.61  40305 17.2
2010-04-26  01:20:00  21 50 14.0  -08 23 41  +000894.5 +000158.8  19 46 37.2  115.518 11.558 111.07  40312 17.3
2010-04-26  01:30:00  22 00 09.6  -07 57 08  +000892.2 +000159.7  19 46 43.3  115.254 11.917 113.55  40319 17.4
2010-04-26  01:40:00  22 10 03.6  -07 30 28  +000890.0 +000160.3  19 46 50.9  114.992 12.282 116.00  40326 17.5
2010-04-26  01:50:00  22 19 56.3  -07 03 44  +000887.9 +000160.6  19 46 59.9  114.734 12.652 118.46  40333 17.6

   Date        UTC        RA         DECL      RARate   DeclRate    HourAng      Az     Um    Phase  Range  Mag
2010-04-26  18:10:00  14 11 20.9  -15 04 36     <<SHADOW>>        20 18 16.2  125.925 10.922   1.86  39937 ----
2010-04-26  18:20:00  14 21 47.1  -15 19 40     <<SHADOW>>        20 17 51.7  125.991 10.660   2.12  39934 ----
2010-04-26  18:30:00  14 32 14.9  -15 33 40     <<SHADOW>>        20 17 25.5  126.041 10.409   4.29  39931 ----
2010-04-26  18:40:00  14 42 44.3  -15 46 35     <<SHADOW>>        20 16 57.7  126.076 10.169   6.71  39929 ----

   Date        UTC        RA         DECL      RARate   DeclRate    HourAng      Az     Um    Phase  Range  Mag
2010-04-26  23:30:00  19 48 26.9  -13 17 49  +000926.2 +000125.1  20 02 02.8  121.630 10.033  80.06  40011 16.2
2010-04-26  23:40:00  19 58 43.5  -12 56 36  +000923.5 +000129.6  20 01 47.9  121.364 10.278  82.57  40016 16.3
2010-04-26  23:50:00  20 08 58.2  -12 34 39  +000920.7 +000133.8  20 01 34.8  121.096 10.537  85.08  40022 16.4
2010-04-27  00:00:00  20 19 11.1  -12 12 01  +000917.9 +000137.8  20 01 23.6  120.827 10.810  87.58  40028 16.4
2010-04-27  00:10:00  20 29 22.1  -11 48 45  +000915.1 +000141.4  20 01 14.2  120.557 11.095  90.09  40033 16.5
2010-04-27  00:20:00  20 39 31.3  -11 24 53  +000912.4 +000144.8  20 01 06.7  120.286 11.392  92.59  40039 16.6
2010-04-27  00:30:00  20 49 38.6  -11 00 30  +000909.6 +000147.8  20 01 01.0  120.014 11.701  95.09  40045 16.7
2010-04-27  00:40:00  20 59 44.1  -10 35 38  +000906.9 +000150.6  20 00 57.1  119.744 12.020  97.58  40051 16.8
2010-04-27  00:50:00  21 09 47.9  -10 10 19  +000904.3 +000153.0  20 00 55.0  119.474 12.349 100.07  40057 16.8
2010-04-27  01:00:00  21 19 49.9  -09 44 38  +000901.7 +000155.2  20 00 54.6  119.205 12.687 102.55  40064 16.9
2010-04-27  01:10:00  21 29 50.2  -09 18 37  +000899.2 +000157.0  20 00 55.9  118.937 13.034 105.04  40070 17.0
2010-04-27  01:20:00  21 39 48.9  -08 52 19  +000896.7 +000158.5  20 00 58.9  118.672 13.388 107.51  40077 17.1
2010-04-27  01:30:00  21 49 45.9  -08 25 48  +000894.4 +000159.7  20 01 03.5  118.409 13.749 109.98  40084 17.2
2010-04-27  01:40:00  21 59 41.4  -07 59 06  +000892.1 +000160.6  20 01 09.7  118.148 14.116 112.44  40090 17.3
2010-04-27  01:50:00  22 09 35.4  -07 32 16  +000889.9 +000161.2  20 01 17.3  117.890 14.488 114.91  40097 17.4

   Date        UTC        RA         DECL      RARate   DeclRate    HourAng      Az     Um    Phase  Range  Mag
2010-04-27  18:10:00  14 00 16.4  -14 53 44  +000935.5 -000099.8  20 33 17.3  128.875 13.128   4.89  39736 15.3
2010-04-27  18:20:00  14 10 41.0  -15 09 52  +000938.2 -000093.8  20 32 54.4  128.949 12.853   2.58  39732 15.3
2010-04-27  18:30:00  14 21 07.3  -15 24 59     <<SHADOW>>        20 32 29.7  129.008 12.588   1.46  39729 ----
2010-04-27  18:40:00  14 31 35.2  -15 39 02     <<SHADOW>>        20 32 03.4  129.052 12.335   3.22  39726 ----
2010-04-27  18:50:00  14 42 04.8  -15 51 60     <<SHADOW>>        20 31 35.5  129.080 12.093   5.61  39723 ----
2010-04-27  19:00:00  14 52 35.8  -16 03 50     <<SHADOW>>        20 31 06.1  129.092 11.864   8.08  39722 ----
2010-04-27  19:10:00  15 03 08.1  -16 14 31     <<SHADOW>>        20 30 35.4  129.089 11.648  10.59  39720 ----
2010-04-27  19:20:00  15 13 41.7  -16 24 00  +000951.3 -000053.4  20 30 03.5  129.071 11.445  13.10  39719 15.3
2010-04-27  19:30:00  15 24 16.4  -16 32 18  +000952.8 -000046.1  20 29 30.4  129.038 11.257  15.63  39719 15.3
2010-04-27  19:40:00  15 34 52.1  -16 39 22  +000954.2 -000038.7  20 28 56.3  128.990 11.083  18.15  39719 15.3
2010-04-27  19:50:00  15 45 28.7  -16 45 11  +000955.4 -000031.2  20 28 21.5  128.928 10.925  20.69  39719 15.3
2010-04-27  20:00:00  15 56 05.9  -16 49 45  +000956.3 -000023.6  20 27 45.9  128.852 10.782  23.22  39720 15.3
2010-04-27  20:10:00  16 06 43.7  -16 53 02  +000957.0 -000015.9  20 27 09.7  128.762 10.656  25.76  39721 15.4
2010-04-27  20:20:00  16 17 21.8  -16 55 03  +000957.5 -000008.2  20 26 33.2  128.658 10.546  28.29  39722 15.4
2010-04-27  20:30:00  16 28 00.3  -16 55 47  +000957.7 -000000.5  20 25 56.4  128.542 10.454  30.84  39724 15.4
2010-04-27  20:40:00  16 38 38.8  -16 55 13  +000957.8 +000007.2  20 25 19.6  128.414 10.378  33.37  39726 15.4
2010-04-27  20:50:00  16 49 17.2  -16 53 23  +000957.6 +000014.9  20 24 42.8  128.273 10.321  35.91  39728 15.4
2010-04-27  21:00:00  16 59 55.5  -16 50 16  +000957.1 +000022.6  20 24 06.1  128.121 10.281  38.45  39731 15.5
2010-04-27  21:10:00  17 10 33.4  -16 45 52  +000956.5 +000030.2  20 23 29.9  127.957 10.259  40.99  39733 15.5
2010-04-27  21:20:00  17 21 10.7  -16 40 13  +000955.6 +000037.7  20 22 54.2  127.784 10.256  43.52  39736 15.5
2010-04-27  21:30:00  17 31 47.4  -16 33 19  +000954.5 +000045.1  20 22 19.1  127.600 10.270  46.07  39740 15.6
2010-04-27  21:40:00  17 42 23.4  -16 25 11  +000953.2 +000052.4  20 21 44.8  127.407 10.303  48.60  39743 15.6
2010-04-27  21:50:00  17 52 58.4  -16 15 50  +000951.8 +000059.6  20 21 11.4  127.206 10.355  51.14  39746 15.6
2010-04-27  22:00:00  18 03 32.4  -16 05 19  +000950.1 +000066.7  20 20 39.1  126.996 10.425  53.67  39750 15.7
2010-04-27  22:10:00  18 14 05.2  -15 53 38  +000948.3 +000073.6  20 20 07.9  126.778 10.512  56.21  39754 15.7
2010-04-27  22:20:00  18 24 36.8  -15 40 49  +000946.3 +000080.3  20 19 38.0  126.553 10.618  58.74  39758 15.8
2010-04-27  22:30:00  18 35 06.9  -15 26 53  +000944.2 +000086.8  20 19 09.5  126.322 10.742  61.28  39762 15.8
2010-04-27  22:40:00  18 45 35.6  -15 11 54  +000941.9 +000093.1  20 18 42.4  126.085 10.883  63.80  39766 15.9
2010-04-27  22:50:00  18 56 02.8  -14 55 53  +000939.6 +000099.1  20 18 16.9  125.842 11.042  66.33  39771 15.9
2010-04-27  23:00:00  19 06 28.4  -14 38 52  +000937.1 +000105.0  20 17 53.0  125.595 11.217  68.85  39775 16.0
2010-04-27  23:10:00  19 16 52.2  -14 20 54  +000934.5 +000110.6  20 17 30.7  125.343 11.409  71.38  39780 16.0
2010-04-27  23:20:00  19 27 14.4  -14 02 01  +000931.9 +000116.0  20 17 10.3  125.088 11.617  73.90  39785 16.1
2010-04-27  23:30:00  19 37 34.7  -13 42 16  +000929.2 +000121.1  20 16 51.6  124.829 11.841  76.42  39789 16.1
2010-04-27  23:40:00  19 47 53.2  -13 21 41  +000926.4 +000125.9  20 16 34.7  124.568 12.079  78.93  39794 16.2
2010-04-27  23:50:00  19 58 09.9  -13 00 20  +000923.6 +000130.4  20 16 19.6  124.304 12.333  81.45  39799 16.3
2010-04-28  00:00:00  20 08 24.8  -12 38 14  +000920.8 +000134.7  20 16 06.4  124.039 12.600  83.96  39805 16.3
2010-04-28  00:10:00  20 18 37.7  -12 15 27  +000918.0 +000138.6  20 15 55.1  123.773 12.881  86.47  39810 16.4
2010-04-28  00:20:00  20 28 48.8  -11 52 02  +000915.2 +000142.3  20 15 45.7  123.506 13.174  88.97  39815 16.5
2010-04-28  00:30:00  20 38 58.0  -11 28 02  +000912.4 +000145.7  20 15 38.1  123.238 13.479  91.48  39821 16.5
2010-04-28  00:40:00  20 49 05.4  -11 03 30  +000909.7 +000148.7  20 15 32.4  122.971 13.796  93.97  39826 16.6
2010-04-28  00:50:00  20 59 11.0  -10 38 28  +000907.0 +000151.5  20 15 28.4  122.704 14.123  96.47  39832 16.7
2010-04-28  01:00:00  21 09 14.8  -10 13 01  +000904.3 +000154.0  20 15 26.3  122.438 14.460  98.95  39838 16.8
2010-04-28  01:10:00  21 19 16.8  -09 47 10  +000901.7 +000156.1  20 15 25.9  122.173 14.806 101.44  39844 16.9
2010-04-28  01:20:00  21 29 17.1  -09 21 00  +000899.2 +000157.9  20 15 27.3  121.910 15.161 103.91  39850 17.0
2010-04-28  01:30:00  21 39 15.7  -08 54 33  +000896.7 +000159.4  20 15 30.3  121.649 15.523 106.40  39857 17.1
2010-04-28  01:40:00  21 49 12.7  -08 27 52  +000894.3 +000160.7  20 15 34.9  121.390 15.892 108.86  39863 17.2
2010-04-28  01:50:00  21 59 08.2  -08 01 01  +000892.0 +000161.6  20 15 41.1  121.134 16.267 111.33  39870 17.3

   Date        UTC        RA         DECL      RARate   DeclRate    HourAng      Az     Um    Phase  Range  Mag
2010-04-28  18:10:00  13 49 08.4  -14 41 32  +000932.8 -000106.0  20 48 21.9  131.917 15.278   8.42  39546 15.3
2010-04-28  18:20:00  13 59 31.2  -14 58 43  +000935.6 -000100.2  20 48 00.7  132.000 14.990   5.95  39541 15.2
2010-04-28  18:30:00  14 09 55.8  -15 14 55  +000938.3 -000094.1  20 47 37.7  132.067 14.712   3.52  39537 15.2
2010-04-28  18:40:00  14 20 22.2  -15 30 06     <<SHADOW>>        20 47 13.0  132.118 14.445   1.49  39534 ----
2010-04-28  18:50:00  14 30 50.3  -15 44 12     <<SHADOW>>        20 46 46.5  132.154 14.190   2.19  39531 ----
2010-04-28  19:00:00  14 41 20.0  -15 57 12     <<SHADOW>>        20 46 18.5  132.175 13.946   4.49  39528 ----
2010-04-28  19:10:00  14 51 51.1  -16 09 05     <<SHADOW>>        20 45 49.0  132.180 13.716   6.96  39526 ----
2010-04-28  19:20:00  15 02 23.6  -16 19 47     <<SHADOW>>        20 45 18.1  132.171 13.499   9.45  39525 ----
2010-04-28  19:30:00  15 12 57.4  -16 29 19  +000951.5 -000053.5  20 44 46.0  132.146 13.296  11.97  39523 15.3
2010-04-28  19:40:00  15 23 32.3  -16 37 37  +000953.1 -000046.2  20 44 12.8  132.106 13.108  14.49  39523 15.3
2010-04-28  19:50:00  15 34 08.2  -16 44 42  +000954.5 -000038.7  20 43 38.5  132.053 12.935  17.03  39522 15.3
2010-04-28  20:00:00  15 44 44.9  -16 50 32  +000955.7 -000031.2  20 43 03.4  131.985 12.779  19.55  39522 15.3
2010-04-28  20:10:00  15 55 22.3  -16 55 06  +000956.6 -000023.5  20 42 27.7  131.903 12.638  22.09  39523 15.3
2010-04-28  20:20:00  16 06 00.3  -16 58 23  +000957.3 -000015.9  20 41 51.3  131.808 12.514  24.62  39523 15.3
2010-04-28  20:30:00  16 16 38.7  -17 00 23  +000957.8 -000008.1  20 41 14.5  131.700 12.407  27.16  39524 15.4
2010-04-28  20:40:00  16 27 17.4  -17 01 05  +000958.1 -000000.4  20 40 37.5  131.579 12.318  29.69  39526 15.4
2010-04-28  20:50:00  16 37 56.1  -17 00 30  +000958.1 +000007.4  20 40 00.4  131.446 12.246  32.24  39527 15.4
2010-04-28  21:00:00  16 48 34.8  -16 58 38  +000957.9 +000015.1  20 39 23.4  131.302 12.192  34.77  39529 15.4
2010-04-28  21:10:00  16 59 13.3  -16 55 28  +000957.5 +000022.8  20 38 46.6  131.147 12.157  37.32  39531 15.5
2010-04-28  21:20:00  17 09 51.4  -16 51 02  +000956.8 +000030.5  20 38 10.1  130.981 12.140  39.85  39533 15.5
2010-04-28  21:30:00  17 20 29.0  -16 45 19  +000956.0 +000038.0  20 37 34.1  130.805 12.142  42.39  39536 15.5
2010-04-28  21:40:00  17 31 06.0  -16 38 22  +000954.9 +000045.5  20 36 58.8  130.619 12.162  44.92  39539 15.5
2010-04-28  21:50:00  17 41 42.2  -16 30 10  +000953.6 +000052.9  20 36 24.2  130.424 12.201  47.47  39541 15.6
2010-04-28  22:00:00  17 52 17.4  -16 20 45  +000952.1 +000060.1  20 35 50.6  130.221 12.258  50.00  39544 15.6
2010-04-28  22:10:00  18 02 51.6  -16 10 09  +000950.5 +000067.2  20 35 18.1  130.011 12.335  52.54  39548 15.7
2010-04-28  22:20:00  18 13 24.7  -15 58 23  +000948.6 +000074.1  20 34 46.7  129.793 12.429  55.07  39551 15.7
2010-04-28  22:30:00  18 23 56.4  -15 45 28  +000946.6 +000080.8  20 34 16.5  129.568 12.542  57.61  39554 15.7
2010-04-28  22:40:00  18 34 26.8  -15 31 27  +000944.5 +000087.4  20 33 47.8  129.337 12.673  60.13  39558 15.8
2010-04-28  22:50:00  18 44 55.7  -15 16 22  +000942.2 +000093.7  20 33 20.5  129.101 12.821  62.67  39562 15.8
2010-04-28  23:00:00  18 55 23.1  -15 00 14  +000939.8 +000099.8  20 32 54.8  128.859 12.987  65.19  39566 15.9
2010-04-28  23:10:00  19 05 48.8  -14 43 07  +000937.3 +000105.7  20 32 30.7  128.613 13.170  67.72  39570 15.9
2010-04-28  23:20:00  19 16 12.9  -14 25 02  +000934.8 +000111.3  20 32 08.3  128.364 13.370  70.24  39574 16.0
2010-04-28  23:30:00  19 26 35.2  -14 06 01  +000932.1 +000116.7  20 31 47.6  128.111 13.586  72.77  39578 16.0
2010-04-28  23:40:00  19 36 55.7  -13 46 09  +000929.4 +000121.8  20 31 28.8  127.854 13.818  75.28  39582 16.1
2010-04-28  23:50:00  19 47 14.4  -13 25 26  +000926.6 +000126.7  20 31 11.8  127.596 14.065  77.80  39587 16.2
2010-04-29  00:00:00  19 57 31.2  -13 03 57  +000923.8 +000131.2  20 30 56.6  127.336 14.327  80.31  39591 16.2
2010-04-29  00:10:00  20 07 46.1  -12 41 43  +000921.0 +000135.5  20 30 43.3  127.074 14.602  82.83  39596 16.3
2010-04-29  00:20:00  20 17 59.2  -12 18 48  +000918.2 +000139.5  20 30 31.9  126.811 14.891  85.33  39601 16.4
2010-04-29  00:30:00  20 28 10.4  -11 55 14  +000915.4 +000143.2  20 30 22.3  126.548 15.193  87.84  39606 16.4
2010-04-29  00:40:00  20 38 19.7  -11 31 06  +000912.6 +000146.5  20 30 14.6  126.285 15.507  90.33  39611 16.5
2010-04-29  00:50:00  20 48 27.1  -11 06 25  +000909.8 +000149.6  20 30 08.8  126.022 15.832  92.84  39617 16.6
2010-04-29  01:00:00  20 58 32.8  -10 41 14  +000907.1 +000152.4  20 30 04.9  125.760 16.168  95.32  39622 16.7
2010-04-29  01:10:00  21 08 36.6  -10 15 38  +000904.4 +000154.9  20 30 02.7  125.499 16.513  97.82  39628 16.7
2010-04-29  01:20:00  21 18 38.6  -09 49 38  +000901.8 +000157.0  20 30 02.3  125.239 16.868 100.30  39634 16.8
2010-04-29  01:30:00  21 28 39.0  -09 23 19  +000899.2 +000158.8  20 30 03.6  124.981 17.231 102.79  39639 16.9
2010-04-29  01:40:00  21 38 37.6  -08 56 43  +000896.7 +000160.4  20 30 06.6  124.725 17.601 105.25  39646 17.0

   Date        UTC        RA         DECL      RARate   DeclRate    HourAng      Az     Um    Phase  Range  Mag
2010-04-29  18:10:00  13 37 57.4  -14 28 01  +000929.9 -000112.0  21 03 29.4  135.060 17.363  12.04  39367 15.3
2010-04-29  18:20:00  13 48 18.3  -14 46 13  +000932.8 -000106.4  21 03 10.1  135.149 17.062   9.54  39362 15.2
2010-04-29  18:30:00  13 58 41.2  -15 03 29  +000935.7 -000100.6  21 02 48.9  135.224 16.770   7.04  39358 15.2
2010-04-29  18:40:00  14 09 05.8  -15 19 44  +000938.4 -000094.5  21 02 25.9  135.282 16.489   4.57  39354 15.2
2010-04-29  18:50:00  14 19 32.3  -15 34 58  +000941.0 -000088.2  21 02 01.1  135.325 16.220   2.22  39350 15.2
2010-04-29  19:00:00  14 30 00.5  -15 49 07     <<SHADOW>>        21 01 34.5  135.353 15.963   1.32  39347 ----
2010-04-29  19:10:00  14 40 30.3  -16 02 10     <<SHADOW>>        21 01 06.4  135.366 15.718   3.37  39344 ----
2010-04-29  19:20:00  14 51 01.5  -16 14 04     <<SHADOW>>        21 00 36.8  135.364 15.487   5.80  39342 ----
2010-04-29  19:30:00  15 01 34.2  -16 24 49     <<SHADOW>>        21 00 05.8  135.347 15.270   8.31  39340 ----
2010-04-29  19:40:00  15 12 08.1  -16 34 22     <<SHADOW>>        20 59 33.5  135.315 15.067  10.81  39339 ----
2010-04-29  19:50:00  15 22 43.1  -16 42 42  +000953.3 -000046.3  20 59 00.1  135.269 14.880  13.34  39338 15.3
2010-04-29  20:00:00  15 33 19.2  -16 49 47  +000954.7 -000038.8  20 58 25.7  135.208 14.708  15.87  39337 15.3
2010-04-29  20:10:00  15 43 56.1  -16 55 37  +000955.9 -000031.2  20 57 50.4  135.134 14.553  18.40  39336 15.3
2010-04-29  20:20:00  15 54 33.7  -17 00 11  +000956.9 -000023.5  20 57 14.5  135.047 14.415  20.93  39336 15.3
2010-04-29  20:30:00  16 05 11.9  -17 03 28  +000957.6 -000015.8  20 56 37.9  134.946 14.293  23.47  39337 15.3
2010-04-29  20:40:00  16 15 50.5  -17 05 27  +000958.1 -000008.0  20 56 01.0  134.833 14.190  26.00  39337 15.3
2010-04-29  20:50:00  16 26 29.3  -17 06 09  +000958.4 -000000.2  20 55 23.8  134.708 14.104  28.55  39338 15.4
2010-04-29  21:00:00  16 37 08.3  -17 05 32  +000958.4 +000007.5  20 54 46.4  134.571 14.036  31.08  39339 15.4
2010-04-29  21:10:00  16 47 47.2  -17 03 38  +000958.3 +000015.3  20 54 09.2  134.423 13.987  33.62  39340 15.4
2010-04-29  21:20:00  16 58 25.9  -17 00 26  +000957.8 +000023.1  20 53 32.1  134.264 13.957  36.15  39342 15.4
2010-04-29  21:30:00  17 09 04.3  -16 55 57  +000957.2 +000030.7  20 52 55.4  134.096 13.945  38.70  39344 15.5
2010-04-29  21:40:00  17 19 42.1  -16 50 12  +000956.3 +000038.3  20 52 19.2  133.917 13.952  41.23  39346 15.5
2010-04-29  21:50:00  17 30 19.3  -16 43 11  +000955.2 +000045.9  20 51 43.6  133.730 13.978  43.77  39348 15.5
2010-04-29  22:00:00  17 40 55.7  -16 34 55  +000954.0 +000053.2  20 51 08.9  133.534 14.023  46.31  39350 15.6
2010-04-29  22:10:00  17 51 31.2  -16 25 27  +000952.5 +000060.5  20 50 35.0  133.330 14.088  48.85  39353 15.6
2010-04-29  22:20:00  18 02 05.7  -16 14 46  +000950.8 +000067.6  20 50 02.2  133.118 14.170  51.38  39355 15.6
2010-04-29  22:30:00  18 12 38.9  -16 02 55  +000949.0 +000074.6  20 49 30.6  132.900 14.272  53.92  39358 15.7
2010-04-29  22:40:00  18 23 10.9  -15 49 55  +000947.0 +000081.3  20 49 00.3  132.676 14.392  56.44  39361 15.7
2010-04-29  22:50:00  18 33 41.5  -15 35 49  +000944.8 +000087.9  20 48 31.3  132.446 14.531  58.98  39364 15.8
2010-04-29  23:00:00  18 44 10.7  -15 20 38  +000942.5 +000094.3  20 48 03.8  132.211 14.687  61.51  39367 15.8
2010-04-29  23:10:00  18 54 38.2  -15 04 24  +000940.1 +000100.4  20 47 37.9  131.971 14.861  64.04  39370 15.8
2010-04-29  23:20:00  19 05 04.2  -14 47 10  +000937.6 +000106.3  20 47 13.6  131.727 15.052  66.56  39374 15.9
2010-04-29  23:30:00  19 15 28.4  -14 28 59  +000935.0 +000112.0  20 46 51.0  131.480 15.260  69.09  39377 15.9
2010-04-29  23:40:00  19 25 50.9  -14 09 52  +000932.4 +000117.4  20 46 30.2  131.230 15.485  71.60  39381 16.0
2010-04-29  23:50:00  19 36 11.5  -13 49 52  +000929.6 +000122.5  20 46 11.1  130.977 15.725  74.13  39385 16.1
2010-04-30  00:00:00  19 46 30.4  -13 29 02  +000926.9 +000127.4  20 45 53.9  130.722 15.981  76.64  39389 16.1
2010-04-30  00:10:00  19 56 47.3  -13 07 25  +000924.0 +000132.0  20 45 38.6  130.466 16.251  79.16  39393 16.2
2010-04-30  00:20:00  20 07 02.4  -12 45 03  +000921.2 +000136.3  20 45 25.2  130.208 16.535  81.67  39397 16.2
2010-04-30  00:30:00  20 17 15.6  -12 22 00  +000918.4 +000140.3  20 45 13.6  129.950 16.833  84.18  39402 16.3
2010-04-30  00:40:00  20 27 26.9  -11 58 19  +000915.5 +000144.0  20 45 04.0  129.692 17.144  86.68  39407 16.4
2010-04-30  00:50:00  20 37 36.3  -11 34 02  +000912.7 +000147.4  20 44 56.2  129.434 17.466  89.19  39411 16.5
2010-04-30  01:00:00  20 47 43.9  -11 09 12  +000909.9 +000150.5  20 44 50.3  129.176 17.800  91.68  39416 16.5
2010-04-30  01:10:00  20 57 49.6  -10 43 53  +000907.2 +000153.3  20 44 46.2  128.920 18.145  94.18  39422 16.6
2010-04-30  01:20:00  21 07 53.4  -10 18 08  +000904.5 +000155.7  20 44 44.0  128.664 18.499  96.66  39427 16.7
2010-04-30  01:30:00  21 17 55.5  -09 52 00  +000901.8 +000157.9  20 44 43.5  128.411 18.862  99.15  39433 16.8
2010-04-30  01:40:00  21 27 55.9  -09 25 32  +000899.3 +000159.7  20 44 44.8  128.159 19.234 101.62  39438 16.9

   Date        UTC        RA         DECL      RARate   DeclRate    HourAng      Az     Um    Phase  Range  Mag
2010-04-30  18:10:00  13 26 44.0  -14 13 11  +000926.9 -000117.8  21 18 39.4  138.311 19.373  15.68  39202 15.3
2010-04-30  18:20:00  13 37 02.9  -14 32 22  +000929.9 -000112.4  21 18 22.1  138.406 19.058  13.18  39196 15.3
2010-04-30  18:30:00  13 47 23.9  -14 50 39  +000932.9 -000106.8  21 18 02.8  138.485 18.753  10.67  39191 15.2
2010-04-30  18:40:00  13 57 46.8  -15 07 58  +000935.7 -000100.9  21 17 41.5  138.550 18.458   8.17  39186 15.2
2010-04-30  18:50:00  14 08 11.5  -15 24 17  +000938.5 -000094.8  21 17 18.4  138.599 18.175   5.67  39182 15.2
2010-04-30  19:00:00  14 18 38.0  -15 39 33  +000941.1 -000088.4  21 16 53.6  138.633 17.903   3.23  39178 15.2
2010-04-30  19:10:00  14 29 06.2  -15 53 45     <<SHADOW>>        21 16 27.0  138.652 17.644   1.16  39175 ----
2010-04-30  19:20:00  14 39 36.1  -16 06 50     <<SHADOW>>        21 15 58.8  138.657 17.399   2.24  39172 ----
2010-04-30  19:30:00  14 50 07.5  -16 18 47     <<SHADOW>>        21 15 29.0  138.646 17.167   4.65  39170 ----
2010-04-30  19:40:00  15 00 40.2  -16 29 33     <<SHADOW>>        21 14 57.9  138.621 16.950   7.13  39168 ----
2010-04-30  19:50:00  15 11 14.2  -16 39 07     <<SHADOW>>        21 14 25.6  138.581 16.748   9.65  39166 ----
2010-04-30  20:00:00  15 21 49.4  -16 47 28  +000953.5 -000046.4  21 13 52.0  138.528 16.562  12.17  39164 15.2
2010-04-30  20:10:00  15 32 25.6  -16 54 35  +000955.0 -000038.8  21 13 17.5  138.460 16.392  14.70  39163 15.3
2010-04-30  20:20:00  15 43 02.6  -17 00 25  +000956.2 -000031.2  21 12 42.1  138.380 16.239  17.22  39162 15.3
2010-04-30  20:30:00  15 53 40.4  -17 04 59  +000957.1 -000023.5  21 12 06.0  138.286 16.103  19.76  39162 15.3
2010-04-30  20:40:00  16 04 18.8  -17 08 16  +000957.9 -000015.8  21 11 29.2  138.180 15.985  22.29  39162 15.3
2010-04-30  20:50:00  16 14 57.5  -17 10 14  +000958.4 -000008.0  21 10 52.1  138.062 15.885  24.84  39162 15.3
2010-04-30  21:00:00  16 25 36.6  -17 10 55  +000958.7 -000000.1  21 10 14.7  137.932 15.803  27.37  39162 15.3
2010-04-30  21:10:00  16 36 15.7  -17 10 17  +000958.7 +000007.7  21 09 37.2  137.791 15.740  29.91  39163 15.4
2010-04-30  21:20:00  16 46 54.9  -17 08 21  +000958.6 +000015.5  21 08 59.7  137.639 15.696  32.44  39163 15.4
2010-04-30  21:30:00  16 57 33.8  -17 05 07  +000958.1 +000023.3  21 08 22.4  137.477 15.670  34.99  39164 15.4
2010-04-30  21:40:00  17 08 12.3  -17 00 36  +000957.5 +000031.0  21 07 45.5  137.306 15.664  37.52  39166 15.4
2010-04-30  21:50:00  17 18 50.4  -16 54 48  +000956.6 +000038.6  21 07 09.1  137.125 15.678  40.06  39167 15.5
2010-04-30  22:00:00  17 29 27.8  -16 47 44  +000955.6 +000046.2  21 06 33.3  136.936 15.710  42.59  39168 15.5
2010-04-30  22:10:00  17 40 04.4  -16 39 25  +000954.3 +000053.6  21 05 58.3  136.739 15.762  45.14  39170 15.5
2010-04-30  22:20:00  17 50 40.1  -16 29 52  +000952.8 +000060.9  21 05 24.3  136.534 15.833  47.67  39172 15.6
2010-04-30  22:30:00  18 01 14.8  -16 19 08  +000951.1 +000068.1  21 04 51.3  136.323 15.923  50.21  39174 15.6
2010-04-30  22:40:00  18 11 48.3  -16 07 12  +000949.3 +000075.0  21 04 19.4  136.105 16.032  52.74  39176 15.6
2010-04-30  22:50:00  18 22 20.5  -15 54 08  +000947.3 +000081.8  21 03 48.8  135.882 16.160  55.28  39178 15.7
2010-04-30  23:00:00  18 32 51.3  -15 39 56  +000945.1 +000088.4  21 03 19.7  135.653 16.307  57.80  39181 15.7
2010-04-30  23:10:00  18 43 20.7  -15 24 40  +000942.8 +000094.8  21 02 52.0  135.420 16.471  60.34  39183 15.8
2010-04-30  23:20:00  18 53 48.4  -15 08 21  +000940.4 +000101.0  21 02 25.9  135.182 16.653  62.86  39186 15.8
2010-04-30  23:30:00  19 04 14.6  -14 51 01  +000937.9 +000106.9  21 02 01.4  134.941 16.853  65.39  39189 15.9
2010-04-30  23:40:00  19 14 39.0  -14 32 43  +000935.3 +000112.6  21 01 38.6  134.697 17.070  67.91  39192 15.9
2010-04-30  23:50:00  19 25 01.6  -14 13 29  +000932.6 +000118.1  21 01 17.6  134.451 17.303  70.44  39195 16.0
2010-05-01  00:00:00  19 35 22.5  -13 53 22  +000929.9 +000123.2  21 00 58.4  134.202 17.552  72.95  39199 16.0
2010-05-01  00:10:00  19 45 41.5  -13 32 26  +000927.1 +000128.1  21 00 41.0  133.952 17.817  75.47  39202 16.1
2010-05-01  00:20:00  19 55 58.6  -13 10 41  +000924.3 +000132.7  21 00 25.5  133.700 18.096  77.98  39206 16.1
2010-05-01  00:30:00  20 06 13.8  -12 48 12  +000921.4 +000137.0  21 00 12.0  133.448 18.389  80.50  39210 16.2
2010-05-01  00:40:00  20 16 27.2  -12 25 02  +000918.6 +000141.1  21 00 00.3  133.196 18.696  83.00  39214 16.3
2010-05-01  00:50:00  20 26 38.6  -12 01 12  +000915.7 +000144.8  20 59 50.5  132.943 19.016  85.51  39218 16.3
2010-05-01  01:00:00  20 36 48.1  -11 36 47  +000912.9 +000148.2  20 59 42.6  132.691 19.348  88.01  39223 16.4
2010-05-01  01:10:00  20 46 55.8  -11 11 50  +000910.1 +000151.3  20 59 36.6  132.440 19.691  90.51  39227 16.5
2010-05-01  01:20:00  20 57 01.5  -10 46 23  +000907.3 +000154.1  20 59 32.5  132.191 20.044  93.00  39232 16.6
2010-05-01  01:30:00  21 07 05.5  -10 20 30  +000904.6 +000156.5  20 59 30.1  131.943 20.408  95.49  39237 16.6
2010-05-01  01:40:00  21 17 07.7  -09 54 14  +000901.9 +000158.7  20 59 29.6  131.696 20.780  97.97  39243 16.7
