ЭФЕМЕРИДЫ ПО ОБЪЕКТУ:  90074
Для пункта:  10016 Маяки   46 23'50.68"   30 16'17.74"    14m
C   2010-04-15 12:00
по  2010-05-01 12:00
Шаг  0:10:00
Мин.угол места:          10 град
Макс.угол места Солнца: -10 град
Стандартный блеск :      8.5 (зв.вел.)

ОБОЗНАЧЕНИЯ
RA        прямое восхождение, тек.эпоха
DECL      склонение, тек.эпоха
RARate    скорость по пр.восх., арксек/мин
DeclRate  скорость по склонению, арксек/мин
HourAng   часовой угол
Az        азимут
Um        угол места
Phase     фазовый угол
Range     дальность
Mag       зв.величина (оценка)

   Date        UTC        RA         DECL      RARate   DeclRate    HourAng      Az     Um    Phase  Range  Mag
2010-04-15  17:50:00  04 29 38.4  +07 30 35  +000976.8 +000043.3  04 56 33.3  263.653 16.350 136.83  38718 18.6
2010-04-15  18:00:00  04 40 29.2  +07 36 52  +000975.4 +000032.2  04 55 44.2  263.576 16.566 134.19  38747 18.4
2010-04-15  18:10:00  04 51 18.9  +07 41 18  +000973.8 +000021.0  04 54 56.1  263.479 16.757 131.53  38779 18.3
2010-04-15  18:20:00  05 02 07.5  +07 43 53  +000971.9 +000009.9  04 54 09.2  263.364 16.922 128.89  38814 18.1
2010-04-15  18:30:00  05 12 54.7  +07 44 37  +000969.7 -000001.2  04 53 23.6  263.230 17.061 126.23  38852 17.9
2010-04-15  18:40:00  05 23 40.4  +07 43 30  +000967.3 -000012.2  04 52 39.5  263.080 17.173 123.60  38893 17.8
2010-04-15  18:50:00  05 34 24.4  +07 40 34  +000964.6 -000023.0  04 51 57.2  262.912 17.259 120.95  38937 17.7
2010-04-15  19:00:00  05 45 06.5  +07 35 50  +000961.6 -000033.8  04 51 16.8  262.728 17.317 118.32  38984 17.5
2010-04-15  19:10:00  05 55 46.5  +07 29 18  +000958.5 -000044.4  04 50 38.3  262.529 17.348 115.69  39034 17.4
2010-04-15  19:20:00  06 06 24.4  +07 21 02  +000955.1 -000054.8  04 50 02.1  262.316 17.351 113.07  39086 17.3
2010-04-15  19:30:00  06 16 59.9  +07 11 03  +000951.5 -000065.0  04 49 28.2  262.090 17.327 110.45  39141 17.2
2010-04-15  19:40:00  06 27 33.0  +06 59 23  +000947.7 -000075.0  04 48 56.8  261.851 17.275 107.84  39198 17.1
2010-04-15  19:50:00  06 38 03.5  +06 46 05  +000943.8 -000084.7  04 48 28.0  261.600 17.196 105.23  39257 17.0
2010-04-15  20:00:00  06 48 31.3  +06 31 11  +000939.7 -000094.1  04 48 01.8  261.340 17.090 102.63  39319 16.9
2010-04-15  20:10:00  06 58 56.4  +06 14 44  +000935.5 -000103.2  04 47 38.3  261.069 16.957 100.03  39383 16.8
2010-04-15  20:20:00  07 09 18.7  +05 56 47  +000931.2 -000112.1  04 47 17.7  260.790 16.798  97.45  39448 16.7
2010-04-15  20:30:00  07 19 38.0  +05 37 23  +000926.8 -000120.6  04 47 00.0  260.503 16.612  94.87  39516 16.6
2010-04-15  20:40:00  07 29 54.4  +05 16 37  +000922.4 -000128.7  04 46 45.2  260.210 16.401  92.30  39585 16.6
2010-04-15  20:50:00  07 40 07.9  +04 54 30  +000918.0 -000136.5  04 46 33.4  259.910 16.165  89.73  39656 16.5
2010-04-15  21:00:00  07 50 18.4  +04 31 07  +000913.6 -000144.0  04 46 24.5  259.606 15.905  87.18  39728 16.4
2010-04-15  21:10:00  08 00 26.0  +04 06 31  +000909.1 -000151.1  04 46 18.6  259.298 15.621  84.62  39802 16.3
2010-04-15  21:20:00  08 10 30.7  +03 40 46  +000904.8 -000157.8  04 46 15.6  258.986 15.314  82.09  39876 16.3
2010-04-15  21:30:00  08 20 32.4  +03 13 56  +000900.5 -000164.2  04 46 15.4  258.671 14.986  79.54  39952 16.2
2010-04-15  21:40:00  08 30 31.3  +02 46 04  +000896.3 -000170.1  04 46 18.2  258.355 14.636  77.02  40029 16.2
2010-04-15  21:50:00  08 40 27.5  +02 17 14  +000892.1 -000175.7  04 46 23.7  258.037 14.266  74.49  40106 16.1
2010-04-15  22:00:00  08 50 20.9  +01 47 30  +000888.1 -000180.9  04 46 31.9  257.719 13.877  71.99  40183 16.1
2010-04-15  22:10:00  09 00 11.7  +01 16 57  +000884.3 -000185.7  04 46 42.8  257.400 13.471  69.47  40261 16.0
2010-04-15  22:20:00  09 09 60.0  +00 45 37  +000880.6 -000190.2  04 46 56.1  257.081 13.047  66.98  40340 16.0
2010-04-15  22:30:00  09 19 45.9  +00 13 34  +000877.1 -000194.2  04 47 11.9  256.763 12.607  64.48  40418 15.9
2010-04-15  22:40:00  09 29 29.5  -00 19 07  +000873.8 -000197.9  04 47 29.9  256.446 12.153  62.01  40496 15.9
2010-04-15  22:50:00  09 39 10.9  -00 52 22  +000870.6 -000201.2  04 47 50.1  256.130 11.685  59.52  40574 15.8
2010-04-15  23:00:00  09 48 50.4  -01 26 09  +000867.7 -000204.1  04 48 12.3  255.816 11.205  57.06  40651 15.8
2010-04-15  23:10:00  09 58 28.0  -02 00 22  +000865.0 -000206.6  04 48 36.4  255.504 10.714  54.59  40728 15.8
2010-04-15  23:20:00  10 08 03.8  -02 34 59  +000862.6 -000208.7  04 49 02.1  255.193 10.212  52.14  40804 15.7

   Date        UTC        RA         DECL      RARate   DeclRate    HourAng      Az     Um    Phase  Range  Mag
2010-04-16  17:50:00  05 19 57.4  +07 52 58  +000971.0 -000006.9  04 10 10.9  254.964 24.473 125.42  38120 17.9
2010-04-16  18:00:00  05 30 43.9  +07 50 53  +000968.4 -000018.1  04 09 26.0  254.787 24.572 122.78  38162 17.7
2010-04-16  18:10:00  05 41 28.6  +07 46 57  +000965.5 -000029.1  04 08 43.0  254.594 24.643 120.13  38208 17.6
2010-04-16  18:20:00  05 52 11.3  +07 41 11  +000962.4 -000040.0  04 08 02.0  254.385 24.685 117.50  38256 17.5
2010-04-16  18:30:00  06 02 51.8  +07 33 37  +000959.1 -000050.8  04 07 23.1  254.161 24.699 114.86  38306 17.3
2010-04-16  18:40:00  06 13 30.0  +07 24 16  +000955.5 -000061.3  04 06 46.5  253.922 24.684 112.24  38360 17.2
2010-04-16  18:50:00  06 24 05.7  +07 13 12  +000951.7 -000071.6  04 06 12.4  253.671 24.641 109.62  38415 17.1
2010-04-16  19:00:00  06 34 38.9  +07 00 25  +000947.8 -000081.6  04 05 40.9  253.408 24.569 107.01  38474 17.0
2010-04-16  19:10:00  06 45 09.4  +06 45 60  +000943.7 -000091.4  04 05 12.0  253.135 24.469 104.39  38534 16.9
2010-04-16  19:20:00  06 55 37.1  +06 29 58  +000939.5 -000100.9  04 04 46.0  252.851 24.341 101.80  38596 16.8
2010-04-16  19:30:00  07 06 02.0  +06 12 23  +000935.1 -000110.1  04 04 22.7  252.559 24.185  99.20  38661 16.7
2010-04-16  19:40:00  07 16 24.0  +05 53 18  +000930.7 -000118.9  04 04 02.4  252.260 24.002  96.62  38727 16.6
2010-04-16  19:50:00  07 26 42.9  +05 32 46  +000926.2 -000127.4  04 03 45.1  251.954 23.792  94.03  38795 16.6
2010-04-16  20:00:00  07 36 58.9  +05 10 51  +000921.7 -000135.5  04 03 30.8  251.642 23.556  91.46  38865 16.5
2010-04-16  20:10:00  07 47 11.8  +04 47 37  +000917.1 -000143.3  04 03 19.5  251.327 23.295  88.89  38937 16.4
2010-04-16  20:20:00  07 57 21.7  +04 23 06  +000912.6 -000150.8  04 03 11.2  251.008 23.009  86.34  39009 16.4
2010-04-16  20:30:00  08 07 28.6  +03 57 23  +000908.1 -000157.8  04 03 06.0  250.686 22.698  83.78  39083 16.3
2010-04-16  20:40:00  08 17 32.6  +03 30 31  +000903.7 -000164.5  04 03 03.7  250.362 22.365  81.25  39158 16.2
2010-04-16  20:50:00  08 27 33.6  +03 02 35  +000899.3 -000170.7  04 03 04.3  250.038 22.009  78.70  39234 16.2
2010-04-16  21:00:00  08 37 31.7  +02 33 38  +000895.0 -000176.6  04 03 07.9  249.713 21.632  76.18  39311 16.1
2010-04-16  21:10:00  08 47 26.9  +02 03 44  +000890.9 -000182.1  04 03 14.2  249.388 21.235  73.65  39388 16.0
2010-04-16  21:20:00  08 57 19.5  +01 32 58  +000886.8 -000187.2  04 03 23.3  249.065 20.819  71.14  39466 16.0
2010-04-16  21:30:00  09 07 09.4  +01 01 22  +000883.0 -000191.9  04 03 35.0  248.743 20.385  68.63  39544 15.9
2010-04-16  21:40:00  09 16 56.9  +00 29 02  +000879.3 -000196.2  04 03 49.2  248.422 19.933  66.14  39622 15.9
2010-04-16  21:50:00  09 26 41.9  -00 03 60  +000875.8 -000200.1  04 04 05.8  248.104 19.466  63.64  39701 15.9
2010-04-16  22:00:00  09 36 24.7  -00 37 38  +000872.5 -000203.6  04 04 24.7  247.789 18.985  61.16  39779 15.8
2010-04-16  22:10:00  09 46 05.3  -01 11 50  +000869.4 -000206.7  04 04 45.7  247.476 18.490  58.68  39857 15.8
2010-04-16  22:20:00  09 55 43.9  -01 46 31  +000866.5 -000209.4  04 05 08.7  247.166 17.983  56.21  39934 15.7
2010-04-16  22:30:00  10 05 20.7  -02 21 38  +000863.9 -000211.8  04 05 33.6  246.860 17.466  53.75  40011 15.7
2010-04-16  22:40:00  10 14 55.9  -02 57 06  +000861.5 -000213.8  04 06 00.1  246.557 16.939  51.30  40087 15.7
2010-04-16  22:50:00  10 24 29.5  -03 32 52  +000859.4 -000215.4  04 06 28.1  246.257 16.403  48.84  40162 15.6
2010-04-16  23:00:00  10 34 01.8  -04 08 53  +000857.5 -000216.6  04 06 57.4  245.961 15.861  46.40  40236 15.6
2010-04-16  23:10:00  10 43 32.9  -04 45 04  +000855.9 -000217.5  04 07 27.9  245.668 15.313  43.96  40309 15.6
2010-04-16  23:20:00  10 53 03.1  -05 21 22  +000854.6 -000218.0  04 07 59.4  245.378 14.761  41.54  40380 15.5
2010-04-16  23:30:00  11 02 32.4  -05 57 43  +000853.5 -000218.1  04 08 31.7  245.092 14.206  39.11  40449 15.5
2010-04-16  23:40:00  11 12 01.1  -06 34 03  +000852.7 -000217.9  04 09 04.7  244.809 13.649  36.71  40517 15.5
2010-04-16  23:50:00  11 21 29.4  -07 10 20  +000852.2 -000217.4  04 09 38.0  244.529 13.092  34.29  40583 15.5
2010-04-17  00:00:00  11 30 57.4  -07 46 30  +000851.9 -000216.5  04 10 11.7  244.252 12.535  31.90  40647 15.5
2010-04-17  00:10:00  11 40 25.4  -08 22 29  +000852.0 -000215.3  04 10 45.3  243.978 11.981  29.50  40709 15.4
2010-04-17  00:20:00  11 49 53.5  -08 58 14  +000852.3 -000213.7  04 11 18.9  243.707 11.430  27.13  40768 15.4
2010-04-17  00:30:00  11 59 21.9  -09 33 42  +000852.9 -000211.8  04 11 52.1  243.439 10.883  24.75  40825 15.4
2010-04-17  00:40:00  12 08 50.7  -10 08 49  +000853.7 -000209.5  04 12 24.9  243.174 10.342  22.40  40879 15.4

   Date        UTC        RA         DECL      RARate   DeclRate    HourAng      Az     Um    Phase  Range  Mag
2010-04-17  17:50:00  06 10 47.5  +07 36 45  +000959.4 -000057.3  03 23 17.3  244.769 31.854 113.83  37650 17.3
2010-04-17  18:00:00  06 21 25.9  +07 26 19  +000955.6 -000067.9  03 22 40.6  244.502 31.815 111.21  37705 17.1
2010-04-17  18:10:00  06 32 01.7  +07 14 08  +000951.7 -000078.3  03 22 06.5  244.223 31.745 108.58  37762 17.0
2010-04-17  18:20:00  06 42 34.8  +07 00 15  +000947.6 -000088.4  03 21 35.0  243.933 31.645 105.97  37822 16.9
2010-04-17  18:30:00  06 53 05.1  +06 44 42  +000943.3 -000098.2  03 21 06.3  243.635 31.517 103.36  37883 16.8
2010-04-17  18:40:00  07 03 32.5  +06 27 33  +000938.9 -000107.7  03 20 40.6  243.329 31.359 100.76  37947 16.7
2010-04-17  18:50:00  07 13 57.0  +06 08 50  +000934.5 -000116.8  03 20 17.7  243.016 31.173  98.16  38012 16.7
2010-04-17  19:00:00  07 24 18.5  +05 48 37  +000929.9 -000125.7  03 19 57.9  242.698 30.958  95.58  38079 16.6
2010-04-17  19:10:00  07 34 36.9  +05 26 58  +000925.3 -000134.1  03 19 41.1  242.375 30.716  92.99  38148 16.5
2010-04-17  19:20:00  07 44 52.2  +05 03 55  +000920.6 -000142.3  03 19 27.5  242.050 30.447  90.43  38219 16.4
2010-04-17  19:30:00  07 55 04.4  +04 39 34  +000916.0 -000150.0  03 19 16.9  241.723 30.153  87.85  38291 16.4
2010-04-17  19:40:00  08 05 13.5  +04 13 57  +000911.4 -000157.4  03 19 09.4  241.394 29.833  85.30  38364 16.3
2010-04-17  19:50:00  08 15 19.6  +03 47 08  +000906.8 -000164.3  03 19 05.0  241.066 29.488  82.74  38438 16.2
2010-04-17  20:00:00  08 25 22.6  +03 19 11  +000902.3 -000170.9  03 19 03.6  240.738 29.121  80.21  38513 16.2
2010-04-17  20:10:00  08 35 22.7  +02 50 11  +000897.9 -000177.1  03 19 05.1  240.412 28.731  77.66  38590 16.1
2010-04-17  20:20:00  08 45 19.9  +02 20 12  +000893.6 -000182.8  03 19 09.6  240.088 28.319  75.14  38666 16.0
2010-04-17  20:30:00  08 55 14.2  +01 49 16  +000889.4 -000188.2  03 19 16.9  239.766 27.888  72.61  38744 16.0
2010-04-17  20:40:00  09 05 05.8  +01 17 29  +000885.4 -000193.2  03 19 27.0  239.448 27.437  70.11  38822 15.9
2010-04-17  20:50:00  09 14 54.8  +00 44 54  +000881.6 -000197.7  03 19 39.6  239.134 26.969  67.59  38900 15.9
2010-04-17  21:00:00  09 24 41.3  +00 11 36  +000877.9 -000201.9  03 19 54.8  238.824 26.484  65.10  38979 15.8
2010-04-17  21:10:00  09 34 25.4  -00 22 22  +000874.4 -000205.6  03 20 12.3  238.518 25.983  62.60  39057 15.8
2010-04-17  21:20:00  09 44 07.3  -00 56 55  +000871.2 -000209.0  03 20 32.1  238.216 25.469  60.12  39135 15.8
2010-04-17  21:30:00  09 53 47.0  -01 32 00  +000868.1 -000211.9  03 20 54.0  237.920 24.941  57.64  39213 15.7
2010-04-17  21:40:00  10 03 24.8  -02 07 33  +000865.3 -000214.5  03 21 17.8  237.628 24.402  55.18  39290 15.7
2010-04-17  21:50:00  10 13 00.9  -02 43 29  +000862.8 -000216.7  03 21 43.4  237.341 23.853  52.71  39367 15.6
2010-04-17  22:00:00  10 22 35.3  -03 19 45  +000860.5 -000218.5  03 22 10.7  237.059 23.295  50.26  39443 15.6
2010-04-17  22:10:00  10 32 08.2  -03 56 18  +000858.4 -000219.9  03 22 39.4  236.781 22.729  47.80  39518 15.6
2010-04-17  22:20:00  10 41 39.9  -04 33 03  +000856.7 -000220.9  03 23 09.3  236.508 22.158  45.37  39591 15.6
2010-04-17  22:30:00  10 51 10.5  -05 09 56  +000855.1 -000221.6  03 23 40.4  236.240 21.581  42.93  39664 15.5
2010-04-17  22:40:00  11 00 40.2  -05 46 54  +000853.9 -000221.9  03 24 12.3  235.976 21.001  40.51  39735 15.5
2010-04-17  22:50:00  11 10 09.1  -06 23 53  +000853.0 -000221.9  03 24 45.0  235.717 20.418  38.08  39805 15.5
2010-04-17  23:00:00  11 19 37.5  -07 00 50  +000852.3 -000221.4  03 25 18.3  235.461 19.835  35.68  39872 15.5
2010-04-17  23:10:00  11 29 05.5  -07 37 41  +000851.9 -000220.7  03 25 51.9  235.209 19.251  33.26  39938 15.4
2010-04-17  23:20:00  11 38 33.4  -08 14 22  +000851.8 -000219.5  03 26 25.7  234.961 18.670  30.87  40002 15.4
2010-04-17  23:30:00  11 48 01.3  -08 50 51  +000852.0 -000218.1  03 26 59.4  234.716 18.091  28.48  40064 15.4
2010-04-17  23:40:00  11 57 29.4  -09 27 03  +000852.4 -000216.3  03 27 32.9  234.474 17.517  26.11  40123 15.4
2010-04-17  23:50:00  12 06 57.9  -10 02 55  +000853.1 -000214.1  03 28 06.1  234.236 16.947  23.73  40180 15.4
2010-04-18  00:00:00  12 16 27.0  -10 38 24  +000854.1 -000211.6  03 28 38.6  234.000 16.385  21.38  40235 15.4
2010-04-18  00:10:00  12 25 56.8  -11 13 26  +000855.4 -000208.8  03 29 10.5  233.766 15.830  19.04  40286 15.3
2010-04-18  00:20:00  12 35 27.5  -11 47 59  +000856.9 -000205.7  03 29 41.4  233.536 15.284  16.73  40335 15.3
2010-04-18  00:30:00  12 44 59.3  -12 21 59  +000858.6 -000202.2  03 30 11.2  233.307 14.748  14.44  40381 15.3
2010-04-18  00:40:00  12 54 32.4  -12 55 22  +000860.6 -000198.4  03 30 39.8  233.081 14.224  12.21  40424 15.3
2010-04-18  00:50:00  13 04 06.9  -13 28 06     <<SHADOW>>        03 31 06.9  232.857 13.712  10.04  40463 ----
2010-04-18  01:00:00  13 13 43.0  -14 00 07     <<SHADOW>>        03 31 32.5  232.634 13.213   8.01  40500 ----
2010-04-18  01:10:00  13 23 20.7  -14 31 22     <<SHADOW>>        03 31 56.4  232.414 12.729   6.24  40532 ----
2010-04-18  01:20:00  13 33 00.3  -15 01 48     <<SHADOW>>        03 32 18.5  232.196 12.260   5.03  40562 ----
2010-04-18  01:30:00  13 42 41.9  -15 31 22     <<SHADOW>>        03 32 38.6  231.980 11.807   4.79  40587 ----
2010-04-18  01:40:00  13 52 25.5  -16 00 00     <<SHADOW>>        03 32 56.6  231.766 11.372   5.67  40610 ----
2010-04-18  01:50:00  14 02 11.3  -16 27 41  +000880.5 -000163.0  03 33 12.4  231.555 10.956   7.26  40628 15.3
2010-04-18  02:00:00  14 11 59.5  -16 54 20  +000884.0 -000156.8  03 33 25.9  231.345 10.558   9.20  40643 15.3

   Date        UTC        RA         DECL      RARate   DeclRate    HourAng      Az     Um    Phase  Range  Mag
2010-04-18  17:50:00  07 01 46.7  +06 41 51  +000942.6 -000104.8  02 36 14.7  232.629 38.046 102.13  37330 16.8
2010-04-18  18:00:00  07 12 13.6  +06 23 36  +000938.1 -000114.3  02 35 49.4  232.305 37.850  99.54  37395 16.7
2010-04-18  18:10:00  07 22 37.5  +06 03 46  +000933.5 -000123.5  02 35 27.2  231.979 37.624  96.94  37461 16.6
2010-04-18  18:20:00  07 32 58.3  +05 42 27  +000928.8 -000132.3  02 35 08.1  231.651 37.369  94.36  37530 16.5
2010-04-18  18:30:00  07 43 15.9  +05 19 42  +000924.1 -000140.7  02 34 52.1  231.323 37.086  91.77  37600 16.4
2010-04-18  18:40:00  07 53 30.4  +04 55 35  +000919.3 -000148.7  02 34 39.3  230.996 36.777  89.20  37671 16.4
2010-04-18  18:50:00  08 03 41.7  +04 30 09  +000914.6 -000156.4  02 34 29.6  230.670 36.440  86.63  37744 16.3
2010-04-18  19:00:00  08 13 49.8  +04 03 29  +000909.9 -000163.6  02 34 23.1  230.348 36.079  84.08  37817 16.2
2010-04-18  19:10:00  08 23 54.9  +03 35 38  +000905.3 -000170.5  02 34 19.6  230.029 35.693  81.52  37892 16.2
2010-04-18  19:20:00  08 33 57.0  +03 06 40  +000900.8 -000177.0  02 34 19.2  229.713 35.284  78.98  37968 16.1
2010-04-18  19:30:00  08 43 56.0  +02 36 39  +000896.4 -000183.0  02 34 21.8  229.404 34.853  76.44  38044 16.0
2010-04-18  19:40:00  08 53 52.2  +02 05 41  +000892.0 -000188.7  02 34 27.3  229.099 34.401  73.92  38121 16.0
2010-04-18  19:50:00  09 03 45.5  +01 33 48  +000887.9 -000193.9  02 34 35.7  228.801 33.929  71.39  38199 15.9
2010-04-18  20:00:00  09 13 36.0  +01 01 04  +000883.9 -000198.7  02 34 46.7  228.509 33.439  68.88  38277 15.9
2010-04-18  20:10:00  09 23 24.0  +00 27 35  +000880.1 -000203.1  02 35 00.4  228.223 32.931  66.37  38355 15.8
2010-04-18  20:20:00  09 33 09.5  -00 06 37  +000876.4 -000207.1  02 35 16.6  227.945 32.407  63.88  38433 15.8
2010-04-18  20:30:00  09 42 52.7  -00 41 27  +000873.0 -000210.7  02 35 35.0  227.672 31.869  61.38  38512 15.7
2010-04-18  20:40:00  09 52 33.6  -01 16 50  +000869.8 -000213.9  02 35 55.7  227.407 31.317  58.91  38590 15.7
2010-04-18  20:50:00  10 02 12.5  -01 52 43  +000866.9 -000216.7  02 36 18.5  227.149 30.754  56.42  38667 15.7
2010-04-18  21:00:00  10 11 49.5  -02 29 03  +000864.1 -000219.1  02 36 43.1  226.897 30.179  53.96  38744 15.6
2010-04-18  21:10:00  10 21 24.7  -03 05 44  +000861.7 -000221.1  02 37 09.5  226.652 29.596  51.49  38820 15.6
2010-04-18  21:20:00  10 30 58.5  -03 42 43  +000859.5 -000222.7  02 37 37.5  226.412 29.004  49.04  38896 15.6
2010-04-18  21:30:00  10 40 30.8  -04 19 56  +000857.5 -000223.9  02 38 06.8  226.179 28.406  46.59  38970 15.5
2010-04-18  21:40:00  10 50 01.9  -04 57 20  +000855.9 -000224.8  02 38 37.3  225.952 27.802  44.16  39044 15.5
2010-04-18  21:50:00  10 59 32.1  -05 34 50  +000854.5 -000225.2  02 39 08.8  225.729 27.195  41.72  39116 15.5
2010-04-18  22:00:00  11 09 01.3  -06 12 23  +000853.4 -000225.3  02 39 41.1  225.512 26.585  39.30  39187 15.5
2010-04-18  22:10:00  11 18 30.0  -06 49 55  +000852.6 -000225.0  02 40 14.1  225.300 25.974  36.87  39256 15.4
2010-04-18  22:20:00  11 27 58.2  -07 27 23  +000852.0 -000224.4  02 40 47.6  225.092 25.362  34.47  39323 15.4
2010-04-18  22:30:00  11 37 26.1  -08 04 42  +000851.8 -000223.4  02 41 21.3  224.888 24.752  32.06  39389 15.4
2010-04-18  22:40:00  11 46 53.9  -08 41 50  +000851.8 -000222.1  02 41 55.1  224.687 24.145  29.67  39452 15.4
2010-04-18  22:50:00  11 56 21.9  -09 18 43  +000852.1 -000220.4  02 42 28.8  224.490 23.541  27.28  39514 15.4
2010-04-18  23:00:00  12 05 50.2  -09 55 17  +000852.7 -000218.3  02 43 02.1  224.295 22.943  24.91  39573 15.3
2010-04-18  23:10:00  12 15 19.0  -10 31 29  +000853.6 -000215.9  02 43 35.0  224.103 22.350  22.54  39630 15.3
2010-04-18  23:20:00  12 24 48.4  -11 07 15  +000854.7 -000213.2  02 44 07.3  223.914 21.766  20.19  39684 15.3
2010-04-18  23:30:00  12 34 18.6  -11 42 32  +000856.1 -000210.2  02 44 38.6  223.726 21.189  17.86  39735 15.3
2010-04-18  23:40:00  12 43 49.9  -12 17 17  +000857.8 -000206.8  02 45 09.0  223.540 20.623  15.56  39784 15.3
2010-04-18  23:50:00  12 53 22.3  -12 51 26  +000859.7 -000203.0  02 45 38.2  223.356 20.068  13.28  39830 15.3
2010-04-19  00:00:00  13 02 56.2  -13 24 57     <<SHADOW>>        02 46 06.0  223.173 19.525  11.07  39872 ----
2010-04-19  00:10:00  13 12 31.5  -13 57 45     <<SHADOW>>        02 46 32.4  222.991 18.995   8.95  39912 ----
2010-04-19  00:20:00  13 22 08.4  -14 29 48     <<SHADOW>>        02 46 57.1  222.810 18.479   7.02  39948 ----
2010-04-19  00:30:00  13 31 47.1  -15 01 03     <<SHADOW>>        02 47 20.0  222.630 17.979   5.46  39981 ----
2010-04-19  00:40:00  13 41 27.8  -15 31 26     <<SHADOW>>        02 47 41.0  222.450 17.495   4.67  40010 ----
2010-04-19  00:50:00  13 51 10.5  -16 00 54     <<SHADOW>>        02 47 59.9  222.272 17.028   5.03  40036 ----
2010-04-19  01:00:00  14 00 55.3  -16 29 25     <<SHADOW>>        02 48 16.7  222.094 16.579   6.33  40059 ----
2010-04-19  01:10:00  14 10 42.4  -16 56 54  +000882.4 -000161.8  02 48 31.3  221.917 16.150   8.15  40077 15.3
2010-04-19  01:20:00  14 20 31.8  -17 23 20  +000885.9 -000155.3  02 48 43.5  221.740 15.740  10.20  40092 15.3
2010-04-19  01:30:00  14 30 23.7  -17 48 39  +000889.6 -000148.5  02 48 53.3  221.565 15.352  12.38  40103 15.3
2010-04-19  01:40:00  14 40 18.0  -18 12 48  +000893.4 -000141.3  02 49 00.6  221.391 14.985  14.62  40110 15.3
2010-04-19  01:50:00  14 50 14.9  -18 35 45  +000897.2 -000134.0  02 49 05.4  221.218 14.640  16.91  40113 15.3
2010-04-19  02:00:00  15 00 14.3  -18 57 27  +000901.1 -000126.3  02 49 07.6  221.047 14.319  19.21  40113 15.3

   Date        UTC        RA         DECL      RARate   DeclRate    HourAng      Az     Um    Phase  Range  Mag
2010-04-19  17:50:00  07 52 33.4  +05 10 48  +000922.6 -000146.8  01 49 24.5  218.354 42.487  90.39  37173 16.4
2010-04-19  18:00:00  08 02 46.9  +04 45 40  +000917.8 -000154.8  01 49 12.7  218.051 42.130  87.82  37245 16.3
2010-04-19  18:10:00  08 12 57.1  +04 19 14  +000913.0 -000162.3  01 49 04.1  217.756 41.746  85.25  37318 16.2
2010-04-19  18:20:00  08 23 04.2  +03 51 35  +000908.3 -000169.5  01 48 58.7  217.469 41.338  82.70  37393 16.2
2010-04-19  18:30:00  08 33 08.2  +03 22 46  +000903.6 -000176.2  01 48 56.3  217.190 40.906  80.14  37468 16.1
2010-04-19  18:40:00  08 43 09.1  +02 52 52  +000899.1 -000182.5  01 48 57.0  216.920 40.452  77.60  37544 16.0
2010-04-19  18:50:00  08 53 07.1  +02 21 57  +000894.7 -000188.4  01 49 00.8  216.659 39.976  75.06  37621 16.0
2010-04-19  19:00:00  09 03 02.1  +01 50 05  +000890.4 -000193.9  01 49 07.4  216.408 39.480  72.54  37698 15.9
2010-04-19  19:10:00  09 12 54.3  +01 17 20  +000886.2 -000199.0  01 49 16.8  216.167 38.966  70.02  37776 15.9
2010-04-19  19:20:00  09 22 43.8  +00 43 46  +000882.3 -000203.7  01 49 29.0  215.935 38.434  67.51  37854 15.8
2010-04-19  19:30:00  09 32 30.7  +00 09 28  +000878.5 -000207.9  01 49 43.7  215.713 37.886  65.00  37932 15.8
2010-04-19  19:40:00  09 42 15.2  -00 25 31  +000875.0 -000211.7  01 50 00.9  215.500 37.324  62.51  38010 15.7
2010-04-19  19:50:00  09 51 57.4  -01 01 06  +000871.6 -000215.2  01 50 20.3  215.296 36.748  60.01  38088 15.7
2010-04-19  20:00:00  10 01 37.4  -01 37 12  +000868.5 -000218.2  01 50 41.9  215.102 36.160  57.54  38165 15.7
2010-04-19  20:10:00  10 11 15.5  -02 13 47  +000865.7 -000220.8  01 51 05.5  214.915 35.561  55.05  38242 15.6
2010-04-19  20:20:00  10 20 51.7  -02 50 46  +000863.1 -000223.0  01 51 30.9  214.737 34.953  52.59  38319 15.6
2010-04-19  20:30:00  10 30 26.3  -03 28 06  +000860.7 -000224.8  01 51 58.0  214.566 34.337  50.12  38395 15.6
2010-04-19  20:40:00  10 39 59.4  -04 05 41  +000858.6 -000226.2  01 52 26.5  214.402 33.714  47.68  38470 15.5
2010-04-19  20:50:00  10 49 31.2  -04 43 28  +000856.8 -000227.2  01 52 56.4  214.244 33.085  45.22  38543 15.5
2010-04-19  21:00:00  10 59 01.9  -05 21 24  +000855.3 -000227.9  01 53 27.3  214.092 32.453  42.79  38616 15.5
2010-04-19  21:10:00  11 08 31.7  -05 59 24  +000854.0 -000228.1  01 53 59.2  213.946 31.818  40.35  38688 15.4
2010-04-19  21:20:00  11 18 00.7  -06 37 25  +000853.1 -000228.0  01 54 31.8  213.805 31.181  37.93  38758 15.4
2010-04-19  21:30:00  11 27 29.2  -07 15 23  +000852.4 -000227.5  01 55 04.9  213.668 30.545  35.51  38826 15.4
2010-04-19  21:40:00  11 36 57.3  -07 53 15  +000852.0 -000226.7  01 55 38.5  213.535 29.909  33.10  38893 15.4
2010-04-19  21:50:00  11 46 25.3  -08 30 56  +000851.9 -000225.5  01 56 12.1  213.404 29.276  30.70  38958 15.4
2010-04-19  22:00:00  11 55 53.2  -09 08 23  +000852.1 -000223.9  01 56 45.8  213.277 28.646  28.31  39021 15.3
2010-04-19  22:10:00  12 05 21.5  -09 45 33  +000852.6 -000222.0  01 57 19.2  213.152 28.021  25.92  39081 15.3
2010-04-19  22:20:00  12 14 50.1  -10 22 22  +000853.3 -000219.7  01 57 52.2  213.028 27.403  23.55  39140 15.3
2010-04-19  22:30:00  12 24 19.3  -10 58 46  +000854.3 -000217.1  01 58 24.7  212.906 26.791  21.18  39196 15.3
2010-04-19  22:40:00  12 33 49.3  -11 34 42  +000855.6 -000214.1  01 58 56.3  212.784 26.188  18.85  39249 15.3
2010-04-19  22:50:00  12 43 20.2  -12 10 08  +000857.1 -000210.8  01 59 27.1  212.663 25.594  16.52  39300 15.3
2010-04-19  23:00:00  12 52 52.2  -12 44 58  +000858.9 -000207.2  01 59 56.7  212.542 25.012  14.23  39348 15.3
2010-04-19  23:10:00  13 02 25.5  -13 19 11  +000861.0 -000203.2  02 00 25.1  212.420 24.440  11.97  39394 15.3
2010-04-19  23:20:00  13 12 00.2  -13 52 42     <<SHADOW>>        02 00 52.0  212.298 23.882   9.80  39436 ----
2010-04-19  23:30:00  13 21 36.5  -14 25 29     <<SHADOW>>        02 01 17.3  212.176 23.338   7.74  39475 ----
2010-04-19  23:40:00  13 31 14.5  -14 57 27     <<SHADOW>>        02 01 40.9  212.052 22.809   5.96  39511 ----
2010-04-19  23:50:00  13 40 54.4  -15 28 35     <<SHADOW>>        02 02 02.7  211.927 22.295   4.74  39544 ----
2010-04-20  00:00:00  13 50 36.3  -15 58 49     <<SHADOW>>        02 02 22.5  211.800 21.799   4.57  39573 ----
2010-04-20  00:10:00  14 00 20.3  -16 28 06     <<SHADOW>>        02 02 40.1  211.672 21.320   5.55  39599 ----
2010-04-20  00:20:00  14 10 06.4  -16 56 22     <<SHADOW>>        02 02 55.6  211.543 20.861   7.21  39621 ----
2010-04-20  00:30:00  14 19 54.9  -17 23 34  +000884.5 -000160.0  02 03 08.7  211.412 20.421   9.20  39639 15.3
2010-04-20  00:40:00  14 29 45.8  -17 49 41  +000888.1 -000153.2  02 03 19.5  211.280 20.002  11.34  39654 15.3
2010-04-20  00:50:00  14 39 39.1  -18 14 38  +000891.9 -000146.1  02 03 27.8  211.146 19.604  13.57  39665 15.3
2010-04-20  01:00:00  14 49 35.0  -18 38 22  +000895.7 -000138.8  02 03 33.6  211.011 19.229  15.84  39672 15.3
2010-04-20  01:10:00  14 59 33.4  -19 00 52  +000899.5 -000131.1  02 03 36.9  210.875 18.876  18.15  39676 15.3
2010-04-20  01:20:00  15 09 34.3  -19 22 04  +000903.4 -000123.2  02 03 37.5  210.738 18.548  20.47  39675 15.3
2010-04-20  01:30:00  15 19 37.9  -19 41 56  +000907.3 -000115.0  02 03 35.6  210.601 18.243  22.82  39671 15.3
2010-04-20  01:40:00  15 29 44.1  -20 00 24  +000911.2 -000106.6  02 03 31.1  210.463 17.964  25.17  39662 15.3
2010-04-20  01:50:00  15 39 52.9  -20 17 27  +000915.1 -000097.9  02 03 23.9  210.324 17.711  27.54  39650 15.4
2010-04-20  02:00:00  15 50 04.2  -20 33 03  +000919.0 -000089.0  02 03 14.2  210.186 17.484  29.91  39633 15.4

   Date        UTC        RA         DECL      RARate   DeclRate    HourAng      Az     Um    Phase  Range  Mag
2010-04-20  18:00:00  08 52 50.0  +02 37 49  +000897.3 -000187.4  01 03 06.1  202.231 44.124  76.11  37261 16.0
2010-04-20  18:10:00  09 02 46.8  +02 06 06  +000892.9 -000193.1  01 03 11.1  202.067 43.608  73.57  37338 15.9
2010-04-20  18:20:00  09 12 40.6  +01 33 28  +000888.7 -000198.5  01 03 18.8  201.917 43.074  71.05  37415 15.9
2010-04-20  18:30:00  09 22 31.7  +00 59 58  +000884.6 -000203.4  01 03 29.4  201.780 42.523  68.52  37493 15.8
2010-04-20  18:40:00  09 32 20.1  +00 25 42  +000880.7 -000207.8  01 03 42.6  201.655 41.957  66.02  37571 15.8
2010-04-20  18:50:00  09 42 06.0  -00 09 17  +000877.0 -000211.9  01 03 58.4  201.542 41.376  63.51  37648 15.7
2010-04-20  19:00:00  09 51 49.5  -00 44 54  +000873.6 -000215.5  01 04 16.5  201.440 40.783  61.02  37726 15.7
2010-04-20  19:10:00  10 01 30.8  -01 21 06  +000870.3 -000218.8  01 04 36.8  201.348 40.177  58.53  37804 15.7
2010-04-20  19:20:00  10 11 10.0  -01 57 49  +000867.3 -000221.6  01 04 59.3  201.266 39.562  56.05  37881 15.6
2010-04-20  19:30:00  10 20 47.3  -02 34 57  +000864.6 -000224.0  01 05 23.6  201.193 38.937  53.57  37957 15.6
2010-04-20  19:40:00  10 30 22.9  -03 12 27  +000862.1 -000226.0  01 05 49.7  201.128 38.305  51.11  38033 15.5
2010-04-20  19:50:00  10 39 56.9  -03 50 16  +000859.9 -000227.6  01 06 17.4  201.070 37.666  48.64  38108 15.5
2010-04-20  20:00:00  10 49 29.5  -04 28 19  +000858.0 -000228.8  01 06 46.4  201.019 37.022  46.20  38182 15.5
2010-04-20  20:10:00  10 59 00.9  -05 06 31  +000856.3 -000229.7  01 07 16.6  200.974 36.373  43.74  38255 15.5
2010-04-20  20:20:00  11 08 31.3  -05 44 51  +000854.9 -000230.1  01 07 47.9  200.933 35.723  41.31  38327 15.4
2010-04-20  20:30:00  11 18 00.9  -06 23 13  +000853.8 -000230.2  01 08 19.9  200.897 35.070  38.87  38397 15.4
2010-04-20  20:40:00  11 27 29.8  -07 01 33  +000853.0 -000229.8  01 08 52.6  200.864 34.418  36.45  38466 15.4
2010-04-20  20:50:00  11 36 58.3  -07 39 48  +000852.5 -000229.2  01 09 25.8  200.834 33.766  34.03  38534 15.4
2010-04-20  21:00:00  11 46 26.6  -08 17 55  +000852.3 -000228.1  01 09 59.1  200.805 33.116  31.63  38599 15.3
2010-04-20  21:10:00  11 55 54.8  -08 55 49  +000852.3 -000226.7  01 10 32.6  200.778 32.470  29.22  38663 15.3
2010-04-20  21:20:00  12 05 23.1  -09 33 27  +000852.7 -000224.9  01 11 05.9  200.751 31.829  26.83  38725 15.3
2010-04-20  21:30:00  12 14 51.8  -10 10 46  +000853.3 -000222.8  01 11 38.9  200.724 31.193  24.44  38785 15.3
2010-04-20  21:40:00  12 24 21.0  -10 47 41  +000854.2 -000220.3  01 12 11.4  200.697 30.563  22.08  38842 15.3
2010-04-20  21:50:00  12 33 50.8  -11 24 10  +000855.4 -000217.4  01 12 43.1  200.668 29.942  19.71  38897 15.3
2010-04-20  22:00:00  12 43 21.5  -12 00 09  +000856.8 -000214.2  01 13 14.1  200.637 29.330  17.38  38950 15.3
2010-04-20  22:10:00  12 52 53.3  -12 35 34  +000858.5 -000210.7  01 13 44.0  200.604 28.728  15.05  39000 15.2
2010-04-20  22:20:00  13 02 26.2  -13 10 22  +000860.4 -000206.8  01 14 12.7  200.568 28.137  12.77  39047 15.2
2010-04-20  22:30:00  13 12 00.5  -13 44 30  +000862.6 -000202.6  01 14 40.0  200.530 27.559  10.54  39092 15.2
2010-04-20  22:40:00  13 21 36.4  -14 17 54     <<SHADOW>>        01 15 05.8  200.487 26.994   8.41  39133 ----
2010-04-20  22:50:00  13 31 13.9  -14 50 31     <<SHADOW>>        01 15 29.9  200.441 26.443   6.46  39172 ----
2010-04-20  23:00:00  13 40 53.2  -15 22 19     <<SHADOW>>        01 15 52.3  200.391 25.907   4.92  39207 ----
2010-04-20  23:10:00  13 50 34.4  -15 53 12     <<SHADOW>>        01 16 12.7  200.337 25.388   4.26  39239 ----
2010-04-20  23:20:00  14 00 17.7  -16 23 09     <<SHADOW>>        01 16 31.1  200.278 24.886   4.85  39268 ----
2010-04-20  23:30:00  14 10 03.1  -16 52 07     <<SHADOW>>        01 16 47.3  200.215 24.403   6.35  39293 ----
2010-04-20  23:40:00  14 19 50.8  -17 20 02     <<SHADOW>>        01 17 01.2  200.147 23.938   8.27  39315 ----
2010-04-20  23:50:00  14 29 40.8  -17 46 51  +000886.8 -000157.5  01 17 12.9  200.074 23.494  10.40  39333 15.2
2010-04-21  00:00:00  14 39 33.2  -18 12 31  +000890.5 -000150.5  01 17 22.1  199.997 23.071  12.61  39347 15.3
2010-04-21  00:10:00  14 49 28.1  -18 36 59  +000894.2 -000143.2  01 17 28.8  199.915 22.669  14.88  39358 15.3
2010-04-21  00:20:00  14 59 25.6  -19 00 13  +000898.1 -000135.6  01 17 33.0  199.829 22.290  17.18  39365 15.3
2010-04-21  00:30:00  15 09 25.5  -19 22 10  +000901.9 -000127.7  01 17 34.7  199.738 21.934  19.51  39369 15.3
2010-04-21  00:40:00  15 19 28.1  -19 42 47  +000905.8 -000119.6  01 17 33.8  199.643 21.602  21.84  39368 15.3
2010-04-21  00:50:00  15 29 33.3  -20 02 01  +000909.7 -000111.2  01 17 30.3  199.544 21.294  24.20  39363 15.3
2010-04-21  01:00:00  15 39 41.0  -20 19 49  +000913.5 -000102.5  01 17 24.2  199.441 21.012  26.56  39355 15.3
2010-04-21  01:10:00  15 49 51.2  -20 36 10  +000917.3 -000093.6  01 17 15.6  199.335 20.756  28.94  39343 15.4
2010-04-21  01:20:00  16 00 04.0  -20 51 01  +000921.1 -000084.5  01 17 04.4  199.226 20.527  31.31  39327 15.4
2010-04-21  01:30:00  16 10 19.3  -21 04 20  +000924.7 -000075.2  01 16 50.8  199.113 20.324  33.70  39306 15.4
2010-04-21  01:40:00  16 20 37.0  -21 16 04  +000928.3 -000065.7  01 16 34.7  198.999 20.150  36.08  39282 15.4
2010-04-21  01:50:00  16 30 57.0  -21 26 13  +000931.7 -000055.9  01 16 16.4  198.882 20.003  38.49  39254 15.5
2010-04-21  02:00:00  16 41 19.3  -21 34 43  +000935.0 -000046.0  01 15 55.8  198.763 19.884  40.88  39222 15.5

   Date        UTC        RA         DECL      RARate   DeclRate    HourAng      Az     Um    Phase  Range  Mag
2010-04-21  18:00:00  09 42 14.0  +00 07 03  +000879.2 -000211.1  00 17 38.7  186.093 43.558  64.46  37441 15.7
2010-04-21  18:10:00  09 51 58.9  -00 28 28  +000875.6 -000215.0  00 17 55.4  186.128 42.963  61.95  37518 15.7
2010-04-21  18:20:00  10 01 41.6  -01 04 35  +000872.3 -000218.4  00 18 14.4  186.175 42.357  59.46  37595 15.7
2010-04-21  18:30:00  10 11 22.1  -01 41 15  +000869.2 -000221.4  00 18 35.6  186.232 41.741  56.97  37672 15.6
2010-04-21  18:40:00  10 21 00.6  -02 18 22  +000866.3 -000224.1  00 18 58.7  186.298 41.117  54.50  37748 15.6
2010-04-21  18:50:00  10 30 37.2  -02 55 55  +000863.7 -000226.3  00 19 23.7  186.372 40.485  52.02  37824 15.6
2010-04-21  19:00:00  10 40 12.3  -03 33 47  +000861.4 -000228.1  00 19 50.3  186.453 39.847  49.56  37899 15.5
2010-04-21  19:10:00  10 49 45.8  -04 11 55  +000859.3 -000229.5  00 20 18.4  186.539 39.204  47.09  37973 15.5
2010-04-21  19:20:00  10 59 18.1  -04 50 15  +000857.6 -000230.5  00 20 47.7  186.630 38.558  44.64  38046 15.5
2010-04-21  19:30:00  11 08 49.3  -05 28 44  +000856.1 -000231.1  00 21 18.2  186.725 37.908  42.19  38118 15.4
2010-04-21  19:40:00  11 18 19.6  -06 07 17  +000854.9 -000231.4  00 21 49.5  186.822 37.257  39.76  38189 15.4
2010-04-21  19:50:00  11 27 49.2  -06 45 50  +000853.9 -000231.2  00 22 21.6  186.921 36.606  37.32  38258 15.4
2010-04-21  20:00:00  11 37 18.3  -07 24 21  +000853.3 -000230.7  00 22 54.2  187.020 35.955  34.90  38326 15.4
2010-04-21  20:10:00  11 46 47.0  -08 02 44  +000852.9 -000229.8  00 23 27.1  187.119 35.306  32.48  38392 15.3
2010-04-21  20:20:00  11 56 15.6  -08 40 56  +000852.9 -000228.6  00 24 00.1  187.218 34.660  30.08  38456 15.3
2010-04-21  20:30:00  12 05 44.2  -09 18 54  +000853.1 -000226.9  00 24 33.2  187.314 34.018  27.67  38519 15.3
2010-04-21  20:40:00  12 15 13.1  -09 56 33  +000853.6 -000224.9  00 25 05.9  187.407 33.380  25.28  38579 15.3
2010-04-21  20:50:00  12 24 42.4  -10 33 51  +000854.4 -000222.6  00 25 38.2  187.497 32.749  22.89  38638 15.3
2010-04-21  21:00:00  12 34 12.3  -11 10 44  +000855.4 -000219.9  00 26 09.9  187.583 32.125  20.53  38694 15.3
2010-04-21  21:10:00  12 43 43.1  -11 47 08  +000856.7 -000216.8  00 26 40.9  187.665 31.509  18.16  38748 15.3
2010-04-21  21:20:00  12 53 14.7  -12 22 59  +000858.3 -000213.4  00 27 10.8  187.741 30.903  15.83  38799 15.2
2010-04-21  21:30:00  13 02 47.5  -12 58 15  +000860.1 -000209.7  00 27 39.7  187.811 30.307  13.51  38848 15.2
2010-04-21  21:40:00  13 12 21.6  -13 32 52  +000862.2 -000205.6  00 28 07.2  187.875 29.722  11.24  38894 15.2
2010-04-21  21:50:00  13 21 57.2  -14 06 47  +000864.5 -000201.2  00 28 33.3  187.932 29.149   9.03  38937 15.2
2010-04-21  22:00:00  13 31 34.3  -14 39 55     <<SHADOW>>        00 28 57.8  187.982 28.589   6.96  38978 ----
2010-04-21  22:10:00  13 41 13.2  -15 12 15     <<SHADOW>>        00 29 20.6  188.025 28.044   5.17  39015 ----
2010-04-21  22:20:00  13 50 53.9  -15 43 42     <<SHADOW>>        00 29 41.5  188.060 27.514   4.07  39049 ----
2010-04-21  22:30:00  14 00 36.6  -16 14 13     <<SHADOW>>        00 30 00.4  188.087 27.001   4.21  39081 ----
2010-04-21  22:40:00  14 10 21.5  -16 43 46     <<SHADOW>>        00 30 17.3  188.107 26.504   5.51  39108 ----
2010-04-21  22:50:00  14 20 08.5  -17 12 17     <<SHADOW>>        00 30 31.9  188.117 26.025   7.38  39133 ----
2010-04-21  23:00:00  14 29 57.8  -17 39 43  +000885.7 -000161.2  00 30 44.2  188.120 25.565   9.47  39154 15.2
2010-04-21  23:10:00  14 39 49.4  -18 06 01  +000889.3 -000154.3  00 30 54.2  188.114 25.125  11.69  39171 15.2
2010-04-21  23:20:00  14 49 43.5  -18 31 08  +000893.0 -000147.0  00 31 01.8  188.099 24.706  13.96  39185 15.3
2010-04-21  23:30:00  14 59 40.0  -18 55 01  +000896.7 -000139.5  00 31 06.9  188.076 24.308  16.27  39196 15.3
2010-04-21  23:40:00  15 09 39.1  -19 17 37  +000900.5 -000131.7  00 31 09.5  188.045 23.932  18.59  39202 15.3
2010-04-21  23:50:00  15 19 40.7  -19 38 54  +000904.3 -000123.6  00 31 09.5  188.006 23.579  20.94  39205 15.3
2010-04-22  00:00:00  15 29 44.9  -19 58 49  +000908.1 -000115.3  00 31 07.0  187.958 23.250  23.28  39204 15.3
2010-04-22  00:10:00  15 39 51.5  -20 17 20  +000912.0 -000106.7  00 31 02.0  187.903 22.945  25.65  39200 15.3
2010-04-22  00:20:00  15 50 00.8  -20 34 23  +000915.7 -000097.9  00 30 54.4  187.840 22.665  28.02  39191 15.3
2010-04-22  00:30:00  16 00 12.5  -20 49 57  +000919.4 -000088.8  00 30 44.3  187.770 22.411  30.40  39179 15.4
2010-04-22  00:40:00  16 10 26.6  -21 03 59  +000923.1 -000079.5  00 30 31.8  187.692 22.183  32.78  39163 15.4
2010-04-22  00:50:00  16 20 43.2  -21 16 27  +000926.6 -000070.0  00 30 16.9  187.608 21.982  35.17  39143 15.4
2010-04-22  01:00:00  16 31 02.1  -21 27 19  +000930.0 -000060.4  00 29 59.7  187.517 21.808  37.56  39119 15.4
2010-04-22  01:10:00  16 41 23.2  -21 36 34  +000933.3 -000050.5  00 29 40.2  187.420 21.662  39.97  39091 15.5
2010-04-22  01:20:00  16 51 46.4  -21 44 09  +000936.4 -000040.5  00 29 18.6  187.318 21.544  42.37  39060 15.5
2010-04-22  01:30:00  17 02 11.7  -21 50 03  +000939.4 -000030.3  00 28 55.0  187.210 21.455  44.78  39024 15.5
2010-04-22  01:40:00  17 12 38.9  -21 54 14  +000942.2 -000020.0  00 28 29.4  187.097 21.394  47.19  38985 15.5
2010-04-22  01:50:00  17 23 07.9  -21 56 43  +000944.8 -000009.6  00 28 02.1  186.980 21.363  49.62  38943 15.6
2010-04-22  02:00:00  17 33 38.5  -21 57 26  +000947.2 +000000.9  00 27 33.0  186.859 21.361  52.05  38896 15.6

   Date        UTC        RA         DECL      RARate   DeclRate    HourAng      Az     Um    Phase  Range  Mag
2010-04-22  18:00:00  10 30 56.8  -02 38 37  +000865.6 -000225.5  23 32 52.5  171.063 40.594  52.92  37775 15.6
2010-04-22  18:10:00  10 40 33.0  -03 16 23  +000863.1 -000227.5  23 33 17.9  171.289 39.980  50.44  37850 15.5
2010-04-22  18:20:00  10 50 07.7  -03 54 26  +000860.9 -000229.1  23 33 44.9  171.519 39.360  47.98  37924 15.5
2010-04-22  18:30:00  10 59 41.0  -04 32 44  +000859.1 -000230.3  23 34 13.2  171.752 38.737  45.52  37997 15.5
2010-04-22  18:40:00  11 09 13.2  -05 11 12  +000857.4 -000231.1  23 34 42.7  171.988 38.111  43.07  38069 15.4
2010-04-22  18:50:00  11 18 44.3  -05 49 46  +000856.1 -000231.6  23 35 13.2  172.225 37.483  40.62  38139 15.4
2010-04-22  19:00:00  11 28 14.7  -06 28 22  +000855.1 -000231.6  23 35 44.4  172.461 36.855  38.19  38209 15.4
2010-04-22  19:10:00  11 37 44.5  -07 06 57  +000854.3 -000231.3  23 36 16.2  172.696 36.226  35.75  38276 15.4
2010-04-22  19:20:00  11 47 13.9  -07 45 26  +000853.9 -000230.5  23 36 48.5  172.929 35.599  33.33  38343 15.3
2010-04-22  19:30:00  11 56 43.1  -08 23 46  +000853.7 -000229.5  23 37 21.0  173.158 34.973  30.91  38407 15.3
2010-04-22  19:40:00  12 06 12.2  -09 01 54  +000853.8 -000228.0  23 37 53.5  173.384 34.351  28.50  38470 15.3
2010-04-22  19:50:00  12 15 41.5  -09 39 45  +000854.2 -000226.2  23 38 25.8  173.604 33.733  26.10  38531 15.3
2010-04-22  20:00:00  12 25 11.2  -10 17 16  +000854.8 -000224.0  23 38 57.8  173.818 33.119  23.71  38590 15.3
2010-04-22  20:10:00  12 34 41.4  -10 54 23  +000855.8 -000221.4  23 39 29.2  174.026 32.512  21.31  38647 15.3
2010-04-22  20:20:00  12 44 12.3  -11 31 03  +000857.0 -000218.5  23 39 60.0  174.226 31.911  18.95  38702 15.3
2010-04-22  20:30:00  12 53 44.1  -12 07 13  +000858.4 -000215.3  23 40 29.9  174.418 31.319  16.58  38754 15.2
2010-04-22  20:40:00  13 03 16.9  -12 42 48  +000860.1 -000211.7  23 40 58.7  174.601 30.735  14.25  38804 15.2
2010-04-22  20:50:00  13 12 50.9  -13 17 45  +000862.1 -000207.7  23 41 26.3  174.775 30.161  11.93  38851 15.2
2010-04-22  21:00:00  13 22 26.4  -13 52 01  +000864.2 -000203.4  23 41 52.5  174.939 29.598   9.68  38895 15.2
2010-04-22  21:10:00  13 32 03.3  -14 25 33  +000866.6 -000198.8  23 42 17.2  175.093 29.046   7.50  38937 15.2
2010-04-22  21:20:00  13 41 41.9  -14 58 17     <<SHADOW>>        23 42 40.2  175.236 28.507   5.52  38976 ----
2010-04-22  21:30:00  13 51 22.3  -15 30 10     <<SHADOW>>        23 43 01.5  175.368 27.982   4.01  39012 ----
2010-04-22  21:40:00  14 01 04.6  -16 01 08     <<SHADOW>>        23 43 20.8  175.489 27.471   3.63  39045 ----
2010-04-22  21:50:00  14 10 48.9  -16 31 09     <<SHADOW>>        23 43 38.1  175.598 26.975   4.67  39075 ----
2010-04-22  22:00:00  14 20 35.4  -17 00 09     <<SHADOW>>        23 43 53.3  175.696 26.496   6.46  39102 ----
2010-04-22  22:10:00  14 30 24.1  -17 28 05     <<SHADOW>>        23 44 06.3  175.781 26.034   8.55  39125 ----
2010-04-22  22:20:00  14 40 15.0  -17 54 55  +000888.2 -000157.5  23 44 16.9  175.854 25.589  10.76  39146 15.2
2010-04-22  22:30:00  14 50 08.4  -18 20 34  +000891.8 -000150.3  23 44 25.3  175.915 25.164  13.05  39162 15.2
2010-04-22  22:40:00  15 00 04.1  -18 45 01  +000895.5 -000142.9  23 44 31.1  175.964 24.758  15.35  39175 15.3
2010-04-22  22:50:00  15 10 02.3  -19 08 12  +000899.2 -000135.2  23 44 34.6  176.000 24.373  17.69  39185 15.3
2010-04-22  23:00:00  15 20 03.0  -19 30 04  +000902.9 -000127.2  23 44 35.5  176.025 24.009  20.03  39191 15.3
2010-04-22  23:10:00  15 30 06.2  -19 50 35  +000906.7 -000119.0  23 44 34.0  176.037 23.667  22.39  39193 15.3
2010-04-22  23:20:00  15 40 11.9  -20 09 43  +000910.4 -000110.5  23 44 29.9  176.037 23.348  24.75  39192 15.3
2010-04-22  23:30:00  15 50 20.1  -20 27 24  +000914.1 -000101.7  23 44 23.4  176.026 23.053  27.13  39187 15.3
2010-04-22  23:40:00  16 00 30.7  -20 43 37  +000917.8 -000092.7  23 44 14.4  176.003 22.781  29.50  39178 15.4
2010-04-22  23:50:00  16 10 43.8  -20 58 18  +000921.4 -000083.5  23 44 03.0  175.969 22.534  31.89  39166 15.4
2010-04-23  00:00:00  16 20 59.2  -21 11 27  +000924.8 -000074.1  23 43 49.2  175.923 22.313  34.27  39150 15.4
2010-04-23  00:10:00  16 31 16.9  -21 23 00  +000928.2 -000064.5  23 43 33.2  175.867 22.117  36.67  39130 15.4
2010-04-23  00:20:00  16 41 36.8  -21 32 57  +000931.5 -000054.7  23 43 14.9  175.800 21.948  39.06  39106 15.4
2010-04-23  00:30:00  16 51 58.8  -21 41 14  +000934.6 -000044.7  23 42 54.5  175.724 21.805  41.47  39078 15.5
2010-04-23  00:40:00  17 02 22.9  -21 47 51  +000937.5 -000034.6  23 42 32.1  175.637 21.690  43.88  39047 15.5
2010-04-23  00:50:00  17 12 48.8  -21 52 47  +000940.3 -000024.4  23 42 07.8  175.541 21.603  46.30  39012 15.5
2010-04-23  01:00:00  17 23 16.5  -21 55 59  +000942.9 -000014.0  23 41 41.8  175.436 21.544  48.71  38973 15.6
2010-04-23  01:10:00  17 33 45.9  -21 57 27  +000945.2 -000003.6  23 41 14.0  175.323 21.513  51.14  38931 15.6
2010-04-23  01:20:00  17 44 16.8  -21 57 11  +000947.4 +000006.9  23 40 44.8  175.201 21.511  53.56  38885 15.6
2010-04-23  01:30:00  17 54 49.1  -21 55 09  +000949.4 +000017.5  23 40 14.1  175.072 21.537  56.01  38836 15.7
2010-04-23  01:40:00  18 05 22.6  -21 51 21  +000951.1 +000028.1  23 39 42.2  174.935 21.592  58.44  38784 15.7
2010-04-23  01:50:00  18 15 57.2  -21 45 46  +000952.7 +000038.8  23 39 09.3  174.792 21.676  60.90  38728 15.8
2010-04-23  02:00:00  18 26 32.7  -21 38 25  +000954.0 +000049.4  23 38 35.4  174.642 21.790  63.35  38669 15.8

   Date        UTC        RA         DECL      RARate   DeclRate    HourAng      Az     Um    Phase  Range  Mag
2010-04-23  18:00:00  11 19 02.0  -05 30 51  +000857.6 -000230.7  22 48 43.9  157.965 35.729  41.54  38249 15.4
2010-04-23  18:10:00  11 28 33.3  -06 09 20  +000856.5 -000230.9  22 49 14.1  158.317 35.142  39.09  38318 15.4
2010-04-23  18:20:00  11 38 04.1  -06 47 49  +000855.6 -000230.8  22 49 45.1  158.666 34.554  36.66  38386 15.4
2010-04-23  18:30:00  11 47 34.3  -07 26 15  +000855.1 -000230.3  22 50 16.5  159.013 33.967  34.22  38452 15.4
2010-04-23  18:40:00  11 57 04.2  -08 04 33  +000854.8 -000229.3  22 50 48.2  159.355 33.380  31.80  38517 15.3
2010-04-23  18:50:00  12 06 34.0  -08 42 41  +000854.7 -000228.1  22 51 20.0  159.692 32.796  29.37  38580 15.3
2010-04-23  19:00:00  12 16 03.9  -09 20 33  +000855.0 -000226.4  22 51 51.8  160.022 32.215  26.96  38641 15.3
2010-04-23  19:10:00  12 25 34.1  -09 58 08  +000855.6 -000224.4  22 52 23.3  160.345 31.637  24.55  38700 15.3
2010-04-23  19:20:00  12 35 04.7  -10 35 20  +000856.4 -000222.0  22 52 54.3  160.660 31.064  22.16  38757 15.3
2010-04-23  19:30:00  12 44 36.0  -11 12 07  +000857.4 -000219.3  22 53 24.6  160.965 30.496  19.77  38812 15.3
2010-04-23  19:40:00  12 54 08.0  -11 48 24  +000858.8 -000216.2  22 53 54.2  161.261 29.935  17.40  38865 15.3
2010-04-23  19:50:00  13 03 41.1  -12 24 09  +000860.4 -000212.8  22 54 22.8  161.546 29.380  15.03  38916 15.2
2010-04-23  20:00:00  13 13 15.2  -12 59 18  +000862.2 -000209.0  22 54 50.3  161.820 28.834  12.69  38964 15.2
2010-04-23  20:10:00  13 22 50.7  -13 33 48  +000864.2 -000204.8  22 55 16.5  162.081 28.297  10.37  39009 15.2
2010-04-23  20:20:00  13 32 27.6  -14 07 34  +000866.5 -000200.4  22 55 41.3  162.330 27.769   8.13  39052 15.2
2010-04-23  20:30:00  13 42 06.0  -14 40 34  +000869.0 -000195.6  22 56 04.4  162.567 27.252   5.98  39092 15.2
2010-04-23  20:40:00  13 51 46.2  -15 12 45     <<SHADOW>>        22 56 25.9  162.789 26.746   4.15  39130 ----
2010-04-23  20:50:00  14 01 28.2  -15 44 02     <<SHADOW>>        22 56 45.5  162.998 26.253   3.17  39164 ----
2010-04-23  21:00:00  14 11 12.2  -16 14 24     <<SHADOW>>        22 57 03.2  163.192 25.773   3.79  39196 ----
2010-04-23  21:10:00  14 20 58.2  -16 43 46     <<SHADOW>>        22 57 18.8  163.372 25.307   5.49  39224 ----
2010-04-23  21:20:00  14 30 46.4  -17 12 05     <<SHADOW>>        22 57 32.3  163.537 24.856   7.57  39249 ----
2010-04-23  21:30:00  14 40 36.8  -17 39 20     <<SHADOW>>        22 57 43.6  163.687 24.421   9.80  39271 ----
2010-04-23  21:40:00  14 50 29.5  -18 05 25  +000890.8 -000153.0  22 57 52.5  163.822 24.002  12.08  39290 15.3
2010-04-23  21:50:00  15 00 24.5  -18 30 19  +000894.3 -000145.7  22 57 59.1  163.942 23.601  14.40  39306 15.3
2010-04-23  22:00:00  15 10 21.9  -18 53 58  +000897.9 -000138.1  22 58 03.4  164.046 23.218  16.74  39318 15.3
2010-04-23  22:10:00  15 20 21.7  -19 16 21  +000901.6 -000130.3  22 58 05.2  164.134 22.854  19.10  39327 15.3
2010-04-23  22:20:00  15 30 24.0  -19 37 23  +000905.3 -000122.1  22 58 04.5  164.208 22.510  21.45  39332 15.3
2010-04-23  22:30:00  15 40 28.7  -19 57 03  +000908.9 -000113.8  22 58 01.5  164.265 22.186  23.83  39334 15.3
2010-04-23  22:40:00  15 50 35.9  -20 15 18  +000912.5 -000105.1  22 57 56.0  164.308 21.884  26.20  39332 15.3
2010-04-23  22:50:00  16 00 45.4  -20 32 05  +000916.1 -000096.3  22 57 48.0  164.335 21.604  28.59  39326 15.4
2010-04-23  23:00:00  16 10 57.3  -20 47 22  +000919.6 -000087.2  22 57 37.8  164.348 21.346  30.96  39317 15.4
2010-04-23  23:10:00  16 21 11.5  -21 01 07  +000923.0 -000077.8  22 57 25.2  164.345 21.112  33.36  39304 15.4
2010-04-23  23:20:00  16 31 28.0  -21 13 18  +000926.4 -000068.3  22 57 10.4  164.328 20.901  35.75  39288 15.4
2010-04-23  23:30:00  16 41 46.7  -21 23 54  +000929.6 -000058.6  22 56 53.4  164.297 20.715  38.15  39267 15.4
2010-04-23  23:40:00  16 52 07.4  -21 32 51  +000932.6 -000048.8  22 56 34.3  164.251 20.554  40.55  39244 15.5
2010-04-23  23:50:00  17 02 30.1  -21 40 09  +000935.5 -000038.8  22 56 13.2  164.192 20.418  42.96  39216 15.5
2010-04-24  00:00:00  17 12 54.7  -21 45 46  +000938.3 -000028.6  22 55 50.2  164.119 20.308  45.36  39185 15.5
2010-04-24  00:10:00  17 23 21.1  -21 49 41  +000940.8 -000018.4  22 55 25.6  164.034 20.225  47.79  39150 15.6
2010-04-24  00:20:00  17 33 49.0  -21 51 53  +000943.2 -000008.0  22 54 59.2  163.936 20.168  50.20  39112 15.6
2010-04-24  00:30:00  17 44 18.6  -21 52 21  +000945.3 +000002.5  22 54 31.3  163.825 20.138  52.64  39070 15.6
2010-04-24  00:40:00  17 54 49.4  -21 51 05  +000947.3 +000013.0  22 54 02.1  163.702 20.136  55.06  39025 15.7
2010-04-24  00:50:00  18 05 21.5  -21 48 02  +000949.0 +000023.5  22 53 31.7  163.568 20.161  57.51  38977 15.7
2010-04-24  01:00:00  18 15 54.7  -21 43 15  +000950.5 +000034.1  22 53 00.1  163.423 20.213  59.95  38925 15.7
2010-04-24  01:10:00  18 26 28.9  -21 36 41  +000951.9 +000044.6  22 52 27.6  163.268 20.293  62.40  38870 15.8
2010-04-24  01:20:00  18 37 03.8  -21 28 22  +000952.9 +000055.2  22 51 54.3  163.102 20.401  64.86  38812 15.8
2010-04-24  01:30:00  18 47 39.4  -21 18 18  +000953.8 +000065.7  22 51 20.4  162.926 20.536  67.33  38751 15.9
2010-04-24  01:40:00  18 58 15.5  -21 06 30  +000954.5 +000076.1  22 50 45.9  162.740 20.699  69.79  38686 15.9
2010-04-24  01:50:00  19 08 52.0  -20 52 57  +000955.0 +000086.4  22 50 11.0  162.545 20.889  72.28  38620 16.0

   Date        UTC        RA         DECL      RARate   DeclRate    HourAng      Az     Um    Phase  Range  Mag
2010-04-24  18:00:00  12 06 36.8  -08 21 34  +000855.9 -000227.2  22 05 05.5  146.867 29.542  30.34  38841 15.3
2010-04-24  18:10:00  12 16 07.5  -08 59 19  +000856.1 -000225.7  22 05 36.5  147.275 29.009  27.92  38902 15.3
2010-04-24  18:20:00  12 25 38.4  -09 36 47  +000856.5 -000223.9  22 06 07.3  147.677 28.477  25.51  38961 15.3
2010-04-24  18:30:00  12 35 09.6  -10 13 55  +000857.2 -000221.7  22 06 37.7  148.070 27.950  23.09  39019 15.3
2010-04-24  18:40:00  12 44 41.3  -10 50 39  +000858.1 -000219.1  22 07 07.6  148.454 27.426  20.70  39074 15.3
2010-04-24  18:50:00  12 54 13.8  -11 26 56  +000859.3 -000216.2  22 07 36.8  148.827 26.906  18.30  39127 15.3
2010-04-24  19:00:00  13 03 47.2  -12 02 43  +000860.8 -000213.0  22 08 05.1  149.189 26.393  15.92  39178 15.3
2010-04-24  19:10:00  13 13 21.6  -12 37 54  +000862.5 -000209.3  22 08 32.3  149.539 25.885  13.55  39226 15.3
2010-04-24  19:20:00  13 22 57.2  -13 12 28  +000864.4 -000205.4  22 08 58.3  149.877 25.385  11.20  39273 15.2
2010-04-24  19:30:00  13 32 34.2  -13 46 21  +000866.5 -000201.1  22 09 23.0  150.201 24.892   8.88  39316 15.2
2010-04-24  19:40:00  13 42 12.7  -14 19 30  +000868.9 -000196.5  22 09 46.2  150.511 24.408   6.64  39357 15.2
2010-04-24  19:50:00  13 51 52.8  -14 51 50  +000871.4 -000191.5  22 10 07.7  150.807 23.933   4.55  39395 15.2
2010-04-24  20:00:00  14 01 34.6  -15 23 19     <<SHADOW>>        22 10 27.5  151.087 23.469   2.98  39431 ----
2010-04-24  20:10:00  14 11 18.3  -15 53 53     <<SHADOW>>        22 10 45.5  151.352 23.015   2.92  39464 ----
2010-04-24  20:20:00  14 21 04.0  -16 23 30     <<SHADOW>>        22 11 01.4  151.601 22.574   4.43  39494 ----
2010-04-24  20:30:00  14 30 51.7  -16 52 06     <<SHADOW>>        22 11 15.3  151.833 22.144   6.50  39520 ----
2010-04-24  20:40:00  14 40 41.6  -17 19 38     <<SHADOW>>        22 11 27.1  152.048 21.729   8.73  39544 ----
2010-04-24  20:50:00  14 50 33.6  -17 46 03     <<SHADOW>>        22 11 36.7  152.247 21.327  11.03  39565 ----
2010-04-24  21:00:00  15 00 28.0  -18 11 18  +000893.3 -000147.9  22 11 43.9  152.428 20.941  13.36  39582 15.3
2010-04-24  21:10:00  15 10 24.6  -18 35 20  +000896.8 -000140.5  22 11 49.0  152.591 20.570  15.72  39596 15.3
2010-04-24  21:20:00  15 20 23.7  -18 58 07  +000900.3 -000132.8  22 11 51.6  152.737 20.216  18.07  39607 15.3
2010-04-24  21:30:00  15 30 25.0  -19 19 35  +000903.8 -000124.8  22 11 51.8  152.865 19.879  20.45  39615 15.3
2010-04-24  21:40:00  15 40 28.8  -19 39 42  +000907.4 -000116.6  22 11 49.7  152.976 19.560  22.81  39619 15.3
2010-04-24  21:50:00  15 50 34.9  -19 58 26  +000910.9 -000108.1  22 11 45.3  153.068 19.260  25.20  39620 15.3
2010-04-24  22:00:00  16 00 43.4  -20 15 43  +000914.4 -000099.3  22 11 38.5  153.143 18.979  27.58  39617 15.4
2010-04-24  22:10:00  16 10 54.1  -20 31 32  +000917.9 -000090.4  22 11 29.3  153.200 18.718  29.97  39611 15.4
2010-04-24  22:20:00  16 21 07.1  -20 45 50  +000921.2 -000081.2  22 11 18.0  153.240 18.479  32.36  39601 15.4
2010-04-24  22:30:00  16 31 22.3  -20 58 36  +000924.4 -000071.9  22 11 04.4  153.261 18.261  34.76  39588 15.4
2010-04-24  22:40:00  16 41 39.7  -21 09 47  +000927.6 -000062.3  22 10 48.7  153.266 18.065  37.15  39571 15.5
2010-04-24  22:50:00  16 51 59.0  -21 19 22  +000930.6 -000052.6  22 10 31.0  153.254 17.891  39.56  39550 15.5
2010-04-24  23:00:00  17 02 20.4  -21 27 18  +000933.4 -000042.7  22 10 11.3  153.224 17.741  41.96  39526 15.5
2010-04-24  23:10:00  17 12 43.6  -21 33 36  +000936.1 -000032.7  22 09 49.7  153.179 17.614  44.38  39499 15.5
2010-04-24  23:20:00  17 23 08.5  -21 38 12  +000938.6 -000022.5  22 09 26.5  153.116 17.512  46.79  39468 15.6
2010-04-24  23:30:00  17 33 35.0  -21 41 06  +000940.9 -000012.3  22 09 01.6  153.038 17.434  49.21  39434 15.6
2010-04-24  23:40:00  17 44 03.0  -21 42 18  +000943.1 -000002.0  22 08 35.3  152.945 17.381  51.63  39396 15.6
2010-04-24  23:50:00  17 54 32.3  -21 41 45  +000945.0 +000008.4  22 08 07.6  152.836 17.353  54.07  39354 15.7
2010-04-25  00:00:00  18 05 02.9  -21 39 29  +000946.7 +000018.9  22 07 38.6  152.712 17.350  56.49  39310 15.7
2010-04-25  00:10:00  18 15 34.6  -21 35 28  +000948.2 +000029.3  22 07 08.6  152.574 17.374  58.94  39262 15.7
2010-04-25  00:20:00  18 26 07.2  -21 29 43  +000949.5 +000039.8  22 06 37.6  152.421 17.423  61.38  39211 15.8
2010-04-25  00:30:00  18 36 40.6  -21 22 13  +000950.6 +000050.2  22 06 05.9  152.255 17.498  63.84  39156 15.8
2010-04-25  00:40:00  18 47 14.6  -21 12 58  +000951.5 +000060.6  22 05 33.5  152.075 17.599  66.29  39099 15.9
2010-04-25  00:50:00  18 57 49.2  -21 02 00  +000952.2 +000071.0  22 05 00.5  151.882 17.726  68.76  39039 15.9
2010-04-25  01:00:00  19 08 24.2  -20 49 19  +000952.7 +000081.3  22 04 27.2  151.677 17.878  71.23  38976 16.0
2010-04-25  01:10:00  19 18 59.5  -20 34 56  +000953.1 +000091.4  22 03 53.5  151.459 18.057  73.72  38910 16.0
2010-04-25  01:20:00  19 29 35.0  -20 18 52  +000953.2 +000101.4  22 03 19.7  151.230 18.261  76.20  38842 16.1
2010-04-25  01:30:00  19 40 10.5  -20 01 08  +000953.3 +000111.3  22 02 45.8  150.989 18.490  78.70  38771 16.1
2010-04-25  01:40:00  19 50 45.9  -19 41 46  +000953.1 +000121.0  22 02 12.0  150.737 18.744  81.19  38699 16.2
2010-04-25  01:50:00  20 01 21.2  -19 20 49  +000952.9 +000130.5  22 01 38.4  150.474 19.023  83.70  38623 16.3

   Date        UTC        RA         DECL      RARate   DeclRate    HourAng      Az     Um    Phase  Range  Mag
2010-04-25  18:00:00  12 53 50.0  -11 03 20  +000860.1 -000215.4  21 21 48.9  137.430 22.524  19.36  39527 15.3
2010-04-25  18:10:00  13 03 23.9  -11 38 59  +000861.4 -000212.3  21 22 16.7  137.843 22.054  16.95  39578 15.3
2010-04-25  18:20:00  13 12 58.6  -12 14 06  +000863.0 -000208.9  21 22 43.6  138.244 21.590  14.57  39627 15.3
2010-04-25  18:30:00  13 22 34.5  -12 48 37  +000864.7 -000205.2  21 23 09.3  138.633 21.131  12.19  39673 15.3
2010-04-25  18:40:00  13 32 11.7  -13 22 28  +000866.7 -000201.1  21 23 33.8  139.008 20.678   9.84  39717 15.3
2010-04-25  18:50:00  13 41 50.2  -13 55 37  +000868.9 -000196.6  21 23 56.9  139.370 20.232   7.51  39759 15.3
2010-04-25  19:00:00  13 51 30.3  -14 27 59  +000871.3 -000191.8  21 24 18.5  139.718 19.793   5.26  39798 15.3
2010-04-25  19:10:00  14 01 12.1  -14 59 33     <<SHADOW>>        21 24 38.4  140.050 19.363   3.24  39834 ----
2010-04-25  19:20:00  14 10 55.6  -15 30 13     <<SHADOW>>        21 24 56.5  140.366 18.942   2.20  39868 ----
2010-04-25  19:30:00  14 20 41.0  -15 59 58     <<SHADOW>>        21 25 12.8  140.666 18.530   3.27  39899 ----
2010-04-25  19:40:00  14 30 28.3  -16 28 44     <<SHADOW>>        21 25 27.0  140.949 18.129   5.29  39927 ----
2010-04-25  19:50:00  14 40 17.7  -16 56 28     <<SHADOW>>        21 25 39.3  141.214 17.739   7.54  39952 ----
2010-04-25  20:00:00  14 50 09.3  -17 23 06     <<SHADOW>>        21 25 49.4  141.462 17.361   9.85  39974 ----
2010-04-25  20:10:00  15 00 03.0  -17 48 37     <<SHADOW>>        21 25 57.3  141.691 16.995  12.20  39993 ----
2010-04-25  20:20:00  15 09 58.9  -18 12 56  +000895.6 -000142.3  21 26 03.0  141.902 16.643  14.56  40009 15.3
2010-04-25  20:30:00  15 19 57.1  -18 36 02  +000899.0 -000134.8  21 26 06.5  142.095 16.305  16.93  40021 15.3
2010-04-25  20:40:00  15 29 57.6  -18 57 51  +000902.5 -000127.0  21 26 07.6  142.268 15.982  19.30  40031 15.3
2010-04-25  20:50:00  15 40 00.4  -19 18 20  +000905.9 -000118.9  21 26 06.5  142.422 15.674  21.69  40037 15.3
2010-04-25  21:00:00  15 50 05.5  -19 37 28  +000909.3 -000110.6  21 26 03.0  142.557 15.382  24.07  40040 15.4
2010-04-25  21:10:00  16 00 12.8  -19 55 11  +000912.7 -000102.0  21 25 57.3  142.672 15.108  26.47  40040 15.4
2010-04-25  21:20:00  16 10 22.4  -20 11 28  +000916.1 -000093.3  21 25 49.4  142.768 14.851  28.85  40036 15.4
2010-04-25  21:30:00  16 20 34.2  -20 26 16  +000919.3 -000084.3  21 25 39.2  142.845 14.613  31.25  40029 15.4
2010-04-25  21:40:00  16 30 48.1  -20 39 33  +000922.5 -000075.1  21 25 27.0  142.903 14.393  33.64  40019 15.4
2010-04-25  21:50:00  16 41 04.1  -20 51 17  +000925.5 -000065.7  21 25 12.6  142.941 14.193  36.05  40005 15.5
2010-04-25  22:00:00  16 51 22.1  -21 01 26  +000928.4 -000056.1  21 24 56.3  142.960 14.013  38.44  39987 15.5
2010-04-25  22:10:00  17 01 42.0  -21 09 59  +000931.2 -000046.4  21 24 38.0  142.959 13.854  40.86  39967 15.5
2010-04-25  22:20:00  17 12 03.7  -21 16 54  +000933.9 -000036.5  21 24 18.0  142.940 13.716  43.26  39942 15.5
2010-04-25  22:30:00  17 22 27.1  -21 22 09  +000936.3 -000026.6  21 23 56.2  142.903 13.600  45.68  39915 15.6
2010-04-25  22:40:00  17 32 52.1  -21 25 45  +000938.6 -000016.5  21 23 32.9  142.847 13.506  48.09  39884 15.6
2010-04-25  22:50:00  17 43 18.5  -21 27 39  +000940.7 -000006.3  21 23 08.1  142.773 13.435  50.52  39849 15.6
2010-04-25  23:00:00  17 53 46.2  -21 27 50  +000942.6 +000004.0  21 22 42.0  142.682 13.386  52.94  39812 15.7
2010-04-25  23:10:00  18 04 15.2  -21 26 19  +000944.3 +000014.3  21 22 14.7  142.573 13.361  55.38  39771 15.7
2010-04-25  23:20:00  18 14 45.2  -21 23 05  +000945.8 +000024.6  21 21 46.3  142.447 13.360  57.81  39727 15.8
2010-04-25  23:30:00  18 25 16.2  -21 18 08  +000947.1 +000034.9  21 21 16.9  142.304 13.382  60.26  39679 15.8
2010-04-25  23:40:00  18 35 48.0  -21 11 27  +000948.2 +000045.2  21 20 46.8  142.145 13.428  62.71  39629 15.8
2010-04-25  23:50:00  18 46 20.5  -21 03 03  +000949.1 +000055.5  21 20 16.0  141.970 13.498  65.17  39575 15.9
2010-04-26  00:00:00  18 56 53.4  -20 52 57  +000949.8 +000065.8  21 19 44.7  141.779 13.593  67.62  39519 15.9
2010-04-26  00:10:00  19 07 26.8  -20 41 09  +000950.3 +000075.9  21 19 12.9  141.574 13.711  70.09  39460 16.0
2010-04-26  00:20:00  19 18 00.5  -20 27 39  +000950.7 +000086.0  21 18 40.9  141.353 13.854  72.56  39398 16.0
2010-04-26  00:30:00  19 28 34.3  -20 12 30  +000950.9 +000095.9  21 18 08.7  141.118 14.020  75.05  39333 16.1
2010-04-26  00:40:00  19 39 08.2  -19 55 42  +000950.9 +000105.7  21 17 36.4  140.869 14.210  77.52  39266 16.1
2010-04-26  00:50:00  19 49 42.2  -19 37 16  +000950.8 +000115.4  21 17 04.1  140.606 14.423  80.03  39197 16.2
2010-04-26  01:00:00  20 00 16.0  -19 17 16  +000950.6 +000124.8  21 16 32.0  140.330 14.659  82.52  39125 16.3
2010-04-26  01:10:00  20 10 49.5  -18 55 41  +000950.2 +000134.1  21 16 00.1  140.042 14.919  85.03  39052 16.3
2010-04-26  01:20:00  20 21 22.9  -18 32 35  +000949.8 +000143.1  21 15 28.3  139.740 15.200  87.54  38976 16.4
2010-04-26  01:30:00  20 31 55.9  -18 08 01  +000949.3 +000151.9  21 14 56.9  139.427 15.503  90.07  38899 16.5
2010-04-26  01:40:00  20 42 28.6  -17 41 59  +000948.8 +000160.4  21 14 25.9  139.101 15.827  92.59  38820 16.5
2010-04-26  01:50:00  20 53 01.0  -17 14 34  +000948.2 +000168.6  21 13 55.2  138.763 16.171  95.14  38740 16.6

   Date        UTC        RA         DECL      RARate   DeclRate    HourAng      Az     Um    Phase  Range  Mag
2010-04-26  18:10:00  13 50 29.6  -14 01 56  +000871.4 -000191.6  20 39 07.6  129.598 14.627   6.28  40319 15.3
2010-04-26  18:20:00  14 00 11.3  -14 33 28  +000873.8 -000186.7  20 39 27.5  129.965 14.232   4.02  40356 15.3
2010-04-26  18:30:00  14 09 54.7  -15 04 08     <<SHADOW>>        20 39 45.8  130.316 13.843   2.11  40390 ----
2010-04-26  18:40:00  14 19 39.8  -15 33 55     <<SHADOW>>        20 40 02.3  130.651 13.463   2.06  40422 ----
2010-04-26  18:50:00  14 29 26.8  -16 02 45     <<SHADOW>>        20 40 16.9  130.969 13.091   3.95  40451 ----
2010-04-26  19:00:00  14 39 15.8  -16 30 35     <<SHADOW>>        20 40 29.5  131.270 12.728   6.19  40477 ----
2010-04-26  19:10:00  14 49 06.8  -16 57 22     <<SHADOW>>        20 40 40.2  131.554 12.375   8.53  40500 ----
2010-04-26  19:20:00  14 58 59.9  -17 23 03     <<SHADOW>>        20 40 48.7  131.819 12.033  10.88  40520 ----
2010-04-26  19:30:00  15 08 55.2  -17 47 34  +000894.5 -000143.6  20 40 55.1  132.066 11.702  13.26  40538 15.3
2010-04-26  19:40:00  15 18 52.6  -18 10 54  +000897.8 -000136.3  20 40 59.3  132.294 11.383  15.63  40552 15.3
2010-04-26  19:50:00  15 28 52.2  -18 32 59  +000901.1 -000128.7  20 41 01.4  132.502 11.077  18.02  40563 15.3
2010-04-26  20:00:00  15 38 54.0  -18 53 47  +000904.4 -000120.8  20 41 01.2  132.691 10.784  20.40  40571 15.4
2010-04-26  20:10:00  15 48 58.0  -19 13 15  +000907.7 -000112.7  20 40 58.8  132.859 10.505  22.80  40576 15.4
2010-04-26  20:20:00  15 59 04.3  -19 31 21  +000911.0 -000104.4  20 40 54.2  133.008 10.241  25.19  40578 15.4

   Date        UTC        RA         DECL      RARate   DeclRate    HourAng      Az     Um    Phase  Range  Mag
2010-04-27  00:40:00  20 30 07.0  -18 03 55  +000947.0 +000145.7  20 30 34.2  130.118 10.130  88.72  39520 16.4
2010-04-27  00:50:00  20 40 38.1  -17 38 55  +000946.5 +000154.2  20 30 04.7  129.784 10.411  91.25  39444 16.5
2010-04-27  01:00:00  20 51 09.0  -17 12 32  +000946.0 +000162.4  20 29 35.5  129.437 10.712  93.77  39367 16.6
2010-04-27  01:10:00  21 01 39.4  -16 44 48  +000945.4 +000170.3  20 29 06.7  129.077 11.031  96.31  39288 16.7
2010-04-27  01:20:00  21 12 09.5  -16 15 47  +000944.8 +000177.9  20 28 38.3  128.705 11.368  98.85  39209 16.8
2010-04-27  01:30:00  21 22 39.2  -15 45 32  +000944.3 +000185.2  20 28 10.2  128.321 11.722 101.41  39128 16.8
2010-04-27  01:40:00  21 33 08.5  -15 14 05  +000943.8 +000192.1  20 27 42.5  127.926 12.093 103.96  39047 16.9
2010-04-27  01:50:00  21 43 37.5  -14 41 31  +000943.3 +000198.7  20 27 15.2  127.519 12.479 106.53  38965 17.0
