ЭФЕМЕРИДЫ ПО ОБЪЕКТУ:  90078
Для пункта:  10016 Маяки   46 23'50.68"   30 16'17.74"    14m
C   2010-04-15 12:00
по  2010-05-01 12:00
Шаг  0:10:00
Мин.угол места:          10 град
Макс.угол места Солнца: -10 град
Стандартный блеск :      8.0 (зв.вел.)

ОБОЗНАЧЕНИЯ
RA        прямое восхождение, тек.эпоха
DECL      склонение, тек.эпоха
RARate    скорость по пр.восх., арксек/мин
DeclRate  скорость по склонению, арксек/мин
HourAng   часовой угол
Az        азимут
Um        угол места
Phase     фазовый угол
Range     дальность
Mag       зв.величина (оценка)

   Date        UTC        RA         DECL      RARate   DeclRate    HourAng      Az     Um    Phase  Range  Mag
2010-04-19  17:50:00  04 47 19.9  +00 59 50  +000877.3 -000041.7  04 54 38.1  258.701 11.924 134.80  40356 18.1
2010-04-19  18:00:00  04 57 04.9  +00 52 27  +000877.9 -000046.9  04 54 54.7  258.667 11.787 132.42  40342 17.9
2010-04-19  18:10:00  05 06 50.4  +00 44 13  +000878.6 -000052.0  04 55 10.8  258.623 11.640 130.03  40324 17.7
2010-04-19  18:20:00  05 16 36.4  +00 35 08  +000879.5 -000057.0  04 55 26.5  258.568 11.484 127.63  40301 17.6
2010-04-19  18:30:00  05 26 23.1  +00 25 13  +000880.6 -000062.0  04 55 41.4  258.501 11.320 125.22  40274 17.5
2010-04-19  18:40:00  05 36 10.6  +00 14 28  +000881.9 -000066.9  04 55 55.6  258.422 11.149 122.81  40243 17.3
2010-04-19  18:50:00  05 45 59.0  +00 02 56  +000883.3 -000071.7  04 56 08.9  258.331 10.969 120.38  40207 17.2
2010-04-19  19:00:00  05 55 48.4  -00 09 25  +000885.0 -000076.4  04 56 21.1  258.228 10.783 117.95  40167 17.1
2010-04-19  19:10:00  06 05 39.0  -00 22 32  +000886.9 -000081.0  04 56 32.1  258.112 10.591 115.50  40123 17.0
2010-04-19  19:20:00  06 15 31.0  -00 36 25  +000889.0 -000085.6  04 56 41.8  257.983 10.393 113.06  40075 16.9
2010-04-19  19:30:00  06 25 24.4  -00 51 03  +000891.3 -000090.0  04 56 50.0  257.842 10.190 110.59  40022 16.7

   Date        UTC        RA         DECL      RARate   DeclRate    HourAng      Az     Um    Phase  Range  Mag
2010-04-20  18:00:00  07 20 38.1  -02 16 46  +000906.7 -000115.5  02 35 18.1  226.661 30.534  97.64  37608 16.1
2010-04-20  18:10:00  07 30 43.8  -02 36 22  +000910.5 -000119.5  02 35 14.0  226.455 30.260  95.10  37534 16.0
2010-04-20  18:20:00  07 40 52.2  -02 56 36  +000914.6 -000123.3  02 35 07.3  226.232 29.982  92.57  37456 15.9
2010-04-20  18:30:00  07 51 03.3  -03 17 27  +000918.9 -000126.9  02 34 57.8  225.993 29.700  90.01  37375 15.9
2010-04-20  18:40:00  08 01 17.4  -03 38 54  +000923.4 -000130.4  02 34 45.3  225.738 29.416  87.45  37292 15.8
2010-04-20  18:50:00  08 11 34.6  -04 00 54  +000928.2 -000133.6  02 34 29.8  225.466 29.129  84.86  37205 15.7
2010-04-20  19:00:00  08 21 55.0  -04 23 25  +000933.2 -000136.7  02 34 11.0  225.177 28.840  82.27  37116 15.6
2010-04-20  19:10:00  08 32 18.9  -04 46 26  +000938.5 -000139.5  02 33 48.8  224.871 28.551  79.65  37024 15.6
2010-04-20  19:20:00  08 42 46.4  -05 09 54  +000944.0 -000142.1  02 33 22.9  224.548 28.261  77.03  36930 15.5
2010-04-20  19:30:00  08 53 17.6  -05 33 47  +000949.8 -000144.5  02 32 53.3  224.207 27.973  74.39  36834 15.4
2010-04-20  19:40:00  09 03 52.8  -05 58 03  +000955.8 -000146.6  02 32 19.8  223.850 27.685  71.74  36735 15.4
2010-04-20  19:50:00  09 14 32.0  -06 22 38  +000962.0 -000148.4  02 31 42.2  223.474 27.400  69.06  36635 15.3
2010-04-20  20:00:00  09 25 15.5  -06 47 31  +000968.5 -000150.0  02 31 00.4  223.081 27.118  66.38  36533 15.2
2010-04-20  20:10:00  09 36 03.3  -07 12 38  +000975.2 -000151.3  02 30 14.2  222.670 26.839  63.66  36429 15.2
2010-04-20  20:20:00  09 46 55.7  -07 37 56  +000982.1 -000152.3  02 29 23.4  222.241 26.566  60.95  36325 15.1
2010-04-20  20:30:00  09 57 52.8  -08 03 22  +000989.2 -000152.9  02 28 28.0  221.794 26.297  58.20  36219 15.1
2010-04-20  20:40:00  10 08 54.7  -08 28 53  +000996.6 -000153.2  02 27 27.7  221.330 26.035  55.45  36112 15.0
2010-04-20  20:50:00  10 20 01.6  -08 54 25  +001004.1 -000153.2  02 26 22.5  220.847 25.780  52.68  36005 15.0
2010-04-20  21:00:00  10 31 13.5  -09 19 55  +001011.8 -000152.8  02 25 12.2  220.347 25.533  49.89  35897 14.9
2010-04-20  21:10:00  10 42 30.6  -09 45 19  +001019.7 -000152.0  02 23 56.7  219.830 25.294  47.08  35789 14.9
2010-04-20  21:20:00  10 53 53.1  -10 10 33  +001027.7 -000150.8  02 22 35.9  219.294 25.066  44.26  35682 14.8
2010-04-20  21:30:00  11 05 20.9  -10 35 33  +001035.8 -000149.2  02 21 09.8  218.742 24.848  41.41  35574 14.8
2010-04-20  21:40:00  11 16 54.2  -11 00 16  +001044.1 -000147.2  02 19 38.1  218.172 24.641  38.56  35467 14.7
2010-04-20  21:50:00  11 28 33.0  -11 24 36  +001052.4 -000144.7  02 18 00.9  217.586 24.447  35.68  35361 14.7
2010-04-20  22:00:00  11 40 17.4  -11 48 29  +001060.8 -000141.9  02 16 18.2  216.983 24.265  32.80  35256 14.7
2010-04-20  22:10:00  11 52 07.4  -12 11 52  +001069.2 -000138.5  02 14 29.9  216.364 24.098  29.89  35153 14.6
2010-04-20  22:20:00  12 04 03.0  -12 34 39  +001077.6 -000134.7  02 12 35.9  215.730 23.945  26.98  35050 14.6
2010-04-20  22:30:00  12 16 04.1  -12 56 45  +001085.9 -000130.5  02 10 36.4  215.080 23.808  24.05  34950 14.6
2010-04-20  22:40:00  12 28 10.9  -13 18 08  +001094.2 -000125.8  02 08 31.3  214.416 23.687  21.12  34852 14.5
2010-04-20  22:50:00  12 40 23.1  -13 38 40  +001102.4 -000120.6  02 06 20.7  213.737 23.583  18.17  34756 14.5
2010-04-20  23:00:00  12 52 40.7  -13 58 19  +001110.4 -000115.0  02 04 04.8  213.046 23.497  15.24  34662 14.5
2010-04-20  23:10:00  13 05 03.5  -14 16 59  +001118.2 -000108.9  02 01 43.6  212.341 23.429  12.32  34571 14.5
2010-04-20  23:20:00  13 17 31.5  -14 34 36     <<SHADOW>>        01 59 17.2  211.624 23.379   9.46  34484 ----
2010-04-20  23:30:00  13 30 04.5  -14 51 06     <<SHADOW>>        01 56 45.9  210.896 23.350   6.73  34399 ----
2010-04-20  23:40:00  13 42 42.2  -15 06 24     <<SHADOW>>        01 54 09.9  210.158 23.340   4.44  34318 ----
2010-04-20  23:50:00  13 55 24.4  -15 20 27     <<SHADOW>>        01 51 29.3  209.410 23.350   3.60  34241 ----
2010-04-21  00:00:00  14 08 10.8  -15 33 10     <<SHADOW>>        01 48 44.5  208.654 23.381   5.02  34168 ----
2010-04-21  00:10:00  14 21 01.3  -15 44 30  +001158.5 -000063.7  01 45 55.7  207.890 23.433   7.54  34098 14.4
2010-04-21  00:20:00  14 33 55.4  -15 54 23  +001163.7 -000054.9  01 43 03.2  207.119 23.507  10.37  34034 14.4
2010-04-21  00:30:00  14 46 52.7  -16 02 47  +001168.4 -000045.8  01 40 07.5  206.343 23.601  13.35  33973 14.4
2010-04-21  00:40:00  14 59 53.0  -16 09 39  +001172.5 -000036.5  01 37 08.8  205.562 23.717  16.39  33918 14.5
2010-04-21  00:50:00  15 12 55.9  -16 14 57  +001176.0 -000027.0  01 34 07.6  204.779 23.855  19.47  33867 14.5
2010-04-21  01:00:00  15 26 00.9  -16 18 38  +001178.9 -000017.2  01 31 04.3  203.992 24.014  22.56  33821 14.5
2010-04-21  01:10:00  15 39 07.6  -16 20 41  +001181.1 -000007.4  01 27 59.2  203.205 24.194  25.68  33780 14.5
2010-04-21  01:20:00  15 52 15.6  -16 21 06  +001182.7 +000002.5  01 24 52.8  202.418 24.395  28.80  33745 14.5
2010-04-21  01:30:00  16 05 24.4  -16 19 52  +001183.6 +000012.4  01 21 45.7  201.632 24.616  31.94  33714 14.6
2010-04-21  01:40:00  16 18 33.6  -16 16 59  +001183.9 +000022.3  01 18 38.1  200.848 24.858  35.08  33690 14.6
2010-04-21  01:50:00  16 31 42.8  -16 12 27  +001183.4 +000032.2  01 15 30.6  200.068 25.119  38.23  33670 14.6
2010-04-21  02:00:00  16 44 51.4  -16 06 16  +001182.3 +000041.9  01 12 23.6  199.293 25.400  41.37  33657 14.7

   Date        UTC        RA         DECL      RARate   DeclRate    HourAng      Az     Um    Phase  Range  Mag
2010-04-21  18:00:00  09 59 10.1  -07 40 54  +000987.2 -000154.9  00 00 42.7  180.218 35.921  58.76  35545 15.0
2010-04-21  18:10:00  10 10 10.6  -08 06 47  +000994.6 -000155.5  23 59 43.7  179.918 35.490  56.00  35450 15.0
2010-04-21  18:20:00  10 21 16.2  -08 32 44  +001002.1 -000155.8  23 58 39.8  179.596 35.056  53.24  35356 14.9
2010-04-21  18:30:00  10 32 26.9  -08 58 41  +001009.9 -000155.7  23 57 30.8  179.254 34.622  50.44  35261 14.9
2010-04-21  18:40:00  10 43 42.7  -09 24 36  +001017.8 -000155.2  23 56 16.6  178.890 34.186  47.64  35167 14.8
2010-04-21  18:50:00  10 55 03.9  -09 50 23  +001025.9 -000154.3  23 54 57.0  178.504 33.751  44.81  35073 14.8
2010-04-21  19:00:00  11 06 30.6  -10 15 60  +001034.1 -000153.0  23 53 32.0  178.096 33.317  41.98  34981 14.7
2010-04-21  19:10:00  11 18 02.7  -10 41 21  +001042.4 -000151.2  23 52 01.5  177.667 32.885  39.11  34890 14.7
2010-04-21  19:20:00  11 29 40.4  -11 06 23  +001050.7 -000149.0  23 50 25.5  177.216 32.456  36.24  34800 14.7
2010-04-21  19:30:00  11 41 23.7  -11 31 01  +001059.2 -000146.4  23 48 43.8  176.743 32.030  33.34  34712 14.6
2010-04-21  19:40:00  11 53 12.6  -11 55 10  +001067.7 -000143.3  23 46 56.5  176.249 31.609  30.44  34625 14.6
2010-04-21  19:50:00  12 05 07.2  -12 18 46  +001076.1 -000139.8  23 45 03.6  175.733 31.194  27.52  34541 14.6
2010-04-21  20:00:00  12 17 07.4  -12 41 44  +001084.6 -000135.8  23 43 05.0  175.196 30.785  24.59  34460 14.5
2010-04-21  20:10:00  12 29 13.3  -13 03 60  +001092.9 -000131.3  23 41 00.8  174.639 30.383  21.64  34381 14.5
2010-04-21  20:20:00  12 41 24.6  -13 25 28  +001101.2 -000126.3  23 38 51.1  174.060 29.989  18.69  34305 14.5
2010-04-21  20:30:00  12 53 41.4  -13 46 05  +001109.3 -000120.9  23 36 35.9  173.462 29.604  15.73  34232 14.5
2010-04-21  20:40:00  13 06 03.6  -14 05 44  +001117.1 -000114.9  23 34 15.4  172.844 29.230  12.79  34163 14.5
2010-04-21  20:50:00  13 18 30.9  -14 24 22  +001124.8 -000108.6  23 31 49.7  172.206 28.866   9.87  34097 14.4
2010-04-21  21:00:00  13 31 03.3  -14 41 54     <<SHADOW>>        23 29 19.0  171.551 28.514   7.06  34035 ----
2010-04-21  21:10:00  13 43 40.4  -14 58 16     <<SHADOW>>        23 26 43.5  170.877 28.175   4.54  33977 ----
2010-04-21  21:20:00  13 56 22.1  -15 13 24     <<SHADOW>>        23 24 03.4  170.186 27.849   3.20  33923 ----
2010-04-21  21:30:00  14 09 08.2  -15 27 13     <<SHADOW>>        23 21 19.0  169.479 27.537   4.34  33874 ----
2010-04-21  21:40:00  14 21 58.3  -15 39 40     <<SHADOW>>        23 18 30.6  168.756 27.240   6.83  33829 ----
2010-04-21  21:50:00  14 34 52.1  -15 50 41     <<SHADOW>>        23 15 38.4  168.018 26.959   9.70  33789 ----
2010-04-21  22:00:00  14 47 49.2  -16 00 13  +001168.1 -000052.7  23 12 42.9  167.267 26.694  12.68  33754 14.4
2010-04-21  22:10:00  15 00 49.4  -16 08 14  +001172.3 -000043.4  23 09 44.4  166.503 26.446  15.73  33723 14.4
2010-04-21  22:20:00  15 13 52.2  -16 14 40  +001175.9 -000033.9  23 06 43.3  165.727 26.215  18.81  33698 14.5
2010-04-21  22:30:00  15 26 57.1  -16 19 31  +001178.9 -000024.2  23 03 39.9  164.940 26.002  21.92  33678 14.5
2010-04-21  22:40:00  15 40 03.9  -16 22 44  +001181.2 -000014.3  23 00 34.8  164.144 25.808  25.03  33663 14.5
2010-04-21  22:50:00  15 53 12.0  -16 24 18  +001182.9 -000004.4  22 57 28.4  163.340 25.632  28.17  33654 14.5
2010-04-21  23:00:00  16 06 21.0  -16 24 12  +001183.9 +000005.5  22 54 21.0  162.528 25.476  31.30  33650 14.5
2010-04-21  23:10:00  16 19 30.4  -16 22 27  +001184.2 +000015.5  22 51 13.2  161.710 25.338  34.45  33651 14.6
2010-04-21  23:20:00  16 32 39.8  -16 19 03  +001183.9 +000025.4  22 48 05.5  160.888 25.221  37.59  33658 14.6
2010-04-21  23:30:00  16 45 48.8  -16 14 00  +001182.9 +000035.2  22 44 58.2  160.062 25.122  40.74  33670 14.6
2010-04-21  23:40:00  16 58 56.8  -16 07 20  +001181.2 +000044.9  22 41 51.8  159.234 25.044  43.88  33688 14.7
2010-04-21  23:50:00  17 12 03.5  -15 59 04  +001178.8 +000054.3  22 38 46.7  158.405 24.985  47.04  33711 14.7
2010-04-22  00:00:00  17 25 08.4  -15 49 14  +001175.8 +000063.5  22 35 43.4  157.576 24.945  50.17  33740 14.8
2010-04-22  00:10:00  17 38 11.2  -15 37 54  +001172.3 +000072.5  22 32 42.3  156.748 24.925  53.32  33773 14.8
2010-04-22  00:20:00  17 51 11.4  -15 25 06  +001168.1 +000081.1  22 29 43.8  155.924 24.923  56.44  33812 14.9
2010-04-22  00:30:00  18 04 08.6  -15 10 53  +001163.5 +000089.4  22 26 48.2  155.103 24.940  59.58  33856 14.9
2010-04-22  00:40:00  18 17 02.6  -14 55 19  +001158.3 +000097.3  22 23 55.9  154.287 24.976  62.69  33905 15.0
2010-04-22  00:50:00  18 29 52.9  -14 38 28  +001152.7 +000104.8  22 21 07.2  153.478 25.029  65.80  33959 15.1
2010-04-22  01:00:00  18 42 39.4  -14 20 24  +001146.6 +000111.9  22 18 22.3  152.676 25.099  68.89  34017 15.1
2010-04-22  01:10:00  18 55 21.7  -14 01 12  +001140.2 +000118.5  22 15 41.7  151.882 25.187  71.99  34080 15.2
2010-04-22  01:20:00  19 07 59.6  -13 40 56  +001133.5 +000124.6  22 13 05.4  151.098 25.290  75.06  34148 15.3
2010-04-22  01:30:00  19 20 32.9  -13 19 41  +001126.4 +000130.3  22 10 33.7  150.325 25.409  78.13  34219 15.3
2010-04-22  01:40:00  19 33 01.5  -12 57 33  +001119.1 +000135.4  22 08 06.8  149.562 25.543  81.17  34295 15.4
2010-04-22  01:50:00  19 45 25.1  -12 34 35  +001111.6 +000140.1  22 05 44.8  148.812 25.690  84.21  34374 15.5
2010-04-22  02:00:00  19 57 43.6  -12 10 53  +001104.0 +000144.2  22 03 27.9  148.075 25.851  87.22  34457 15.6

   Date        UTC        RA         DECL      RARate   DeclRate    HourAng      Az     Um    Phase  Range  Mag
2010-04-22  18:00:00  12 53 31.2  -12 56 25  +001097.5 -000121.0  21 10 18.0  135.770 19.511  16.53  35321 14.5
2010-04-22  18:10:00  13 05 45.4  -13 16 08  +001105.1 -000115.6  21 08 05.5  135.447 18.959  13.56  35268 14.5
2010-04-22  18:20:00  13 18 04.6  -13 34 55  +001112.4 -000109.7  21 05 47.9  135.102 18.410  10.60  35219 14.5
2010-04-22  18:30:00  13 30 28.6  -13 52 41  +001119.5 -000103.4  21 03 25.6  134.735 17.864   7.66  35174 14.5
2010-04-22  18:40:00  13 42 57.2  -14 09 21  +001126.3 -000096.7  21 00 58.6  134.345 17.323   4.83  35133 14.5
2010-04-22  18:50:00  13 55 30.2  -14 24 53     <<SHADOW>>        20 58 27.2  133.934 16.789   2.51  35097 ----
2010-04-22  19:00:00  14 08 07.4  -14 39 12     <<SHADOW>>        20 55 51.7  133.501 16.261   2.82  35066 ----
2010-04-22  19:10:00  14 20 48.5  -14 52 14     <<SHADOW>>        20 53 12.2  133.047 15.742   5.34  35040 ----
2010-04-22  19:20:00  14 33 33.2  -15 03 56     <<SHADOW>>        20 50 29.2  132.573 15.232   8.25  35018 ----
2010-04-22  19:30:00  14 46 21.2  -15 14 14     <<SHADOW>>        20 47 42.8  132.078 14.733  11.27  35002 ----
2010-04-22  19:40:00  14 59 12.2  -15 23 06  +001158.5 -000048.8  20 44 53.5  131.565 14.245  14.32  34991 14.5
2010-04-22  19:50:00  15 12 05.7  -15 30 30  +001162.1 -000039.8  20 42 01.6  131.033 13.770  17.41  34985 14.5
2010-04-22  20:00:00  15 25 01.5  -15 36 23  +001165.1 -000030.7  20 39 07.5  130.484 13.309  20.50  34985 14.5
2010-04-22  20:10:00  15 37 59.0  -15 40 43  +001167.5 -000021.4  20 36 11.6  129.918 12.862  23.61  34989 14.6
2010-04-22  20:20:00  15 50 58.0  -15 43 30  +001169.3 -000012.0  20 33 14.2  129.336 12.431  26.71  35000 14.6
2010-04-22  20:30:00  16 03 58.0  -15 44 43  +001170.5 -000002.5  20 30 15.9  128.740 12.016  29.84  35016 14.6
2010-04-22  20:40:00  16 16 58.6  -15 44 20  +001171.1 +000007.0  20 27 17.0  128.129 11.619  32.95  35037 14.6
2010-04-22  20:50:00  16 29 59.3  -15 42 23  +001171.0 +000016.5  20 24 17.9  127.506 11.239  36.08  35064 14.7
2010-04-22  21:00:00  16 42 59.7  -15 38 51  +001170.2 +000025.9  20 21 19.1  126.872 10.878  39.20  35096 14.7
2010-04-22  21:10:00  16 55 59.5  -15 33 46  +001168.9 +000035.2  20 18 21.0  126.228 10.536  42.33  35133 14.8
2010-04-22  21:20:00  17 08 58.1  -15 27 09  +001166.9 +000044.3  20 15 24.0  125.574 10.214  45.45  35175 14.8

   Date        UTC        RA         DECL      RARate   DeclRate    HourAng      Az     Um    Phase  Range  Mag
2010-04-29  18:10:00  06 14 14.3  -00 34 24  +000889.2 -000085.8  04 27 12.5  252.368 15.331 121.98  39554 17.3
2010-04-29  18:20:00  06 24 07.9  -00 49 04  +000891.5 -000090.3  04 27 20.6  252.227 15.125 119.56  39502 17.1
2010-04-29  18:30:00  06 34 03.0  -01 04 30  +000894.0 -000094.7  04 27 27.1  252.074 14.913 117.12  39445 17.0
2010-04-29  18:40:00  06 43 59.9  -01 20 39  +000896.7 -000099.0  04 27 31.8  251.906 14.697 114.67  39385 16.9
2010-04-29  18:50:00  06 53 58.7  -01 37 30  +000899.7 -000103.2  04 27 34.6  251.725 14.477 112.20  39321 16.8
2010-04-29  19:00:00  07 03 59.5  -01 55 02  +000902.8 -000107.3  04 27 35.5  251.530 14.254 109.73  39253 16.7
2010-04-29  19:10:00  07 14 02.5  -02 13 15  +000906.2 -000111.2  04 27 34.1  251.321 14.028 107.23  39182 16.6
2010-04-29  19:20:00  07 24 07.8  -02 32 06  +000909.8 -000114.9  04 27 30.5  251.098 13.800 104.74  39106 16.5
2010-04-29  19:30:00  07 34 15.6  -02 51 33  +000913.6 -000118.6  04 27 24.3  250.860 13.571 102.21  39028 16.4
2010-04-29  19:40:00  07 44 26.0  -03 11 36  +000917.7 -000122.0  04 27 15.6  250.608 13.342  99.69  38945 16.3
2010-04-29  19:50:00  07 54 39.2  -03 32 13  +000921.9 -000125.3  04 27 04.0  250.341 13.112  97.14  38860 16.2
2010-04-29  20:00:00  08 04 55.3  -03 53 21  +000926.4 -000128.4  04 26 49.6  250.059 12.884  94.59  38771 16.1
2010-04-29  20:10:00  08 15 14.5  -04 14 60  +000931.2 -000131.3  04 26 32.0  249.762 12.657  92.01  38679 16.0
2010-04-29  20:20:00  08 25 36.9  -04 37 06  +000936.2 -000134.0  04 26 11.2  249.449 12.432  89.42  38585 15.9
2010-04-29  20:30:00  08 36 02.8  -04 59 38  +000941.4 -000136.4  04 25 47.1  249.122 12.211  86.82  38487 15.8
2010-04-29  20:40:00  08 46 32.1  -05 22 34  +000946.8 -000138.7  04 25 19.3  248.780 11.994  84.20  38387 15.8
2010-04-29  20:50:00  08 57 05.2  -05 45 52  +000952.5 -000140.7  04 24 47.9  248.422 11.781  81.56  38285 15.7
2010-04-29  21:00:00  09 07 42.1  -06 09 28  +000958.4 -000142.5  04 24 12.6  248.049 11.574  78.92  38180 15.6
2010-04-29  21:10:00  09 18 23.0  -06 33 20  +000964.5 -000144.0  04 23 33.3  247.661 11.374  76.24  38074 15.5
2010-04-29  21:20:00  09 29 08.1  -06 57 26  +000970.8 -000145.2  04 22 49.9  247.258 11.181  73.57  37965 15.5
2010-04-29  21:30:00  09 39 57.5  -07 21 43  +000977.4 -000146.1  04 22 02.2  246.839 10.997  70.86  37854 15.4
2010-04-29  21:40:00  09 50 51.3  -07 46 07  +000984.1 -000146.7  04 21 10.0  246.406 10.821  68.15  37742 15.3
2010-04-29  21:50:00  10 01 49.7  -08 10 37  +000991.0 -000147.0  04 20 13.3  245.958 10.656  65.41  37629 15.3
2010-04-29  22:00:00  10 12 52.7  -08 35 07  +000998.2 -000147.0  04 19 11.9  245.495 10.501  62.66  37515 15.2
2010-04-29  22:10:00  10 24 00.6  -08 59 35  +001005.5 -000146.6  04 18 05.6  245.018 10.358  59.89  37400 15.2
2010-04-29  22:20:00  10 35 13.4  -09 23 58  +001012.9 -000145.9  04 16 54.5  244.526 10.228  57.11  37284 15.1
2010-04-29  22:30:00  10 46 31.2  -09 48 12  +001020.5 -000144.8  04 15 38.3  244.021 10.112  54.30  37167 15.0
2010-04-29  22:40:00  10 57 54.1  -10 12 13  +001028.3 -000143.3  04 14 17.0  243.502 10.010  51.49  37051 15.0

   Date        UTC        RA         DECL      RARate   DeclRate    HourAng      Az     Um    Phase  Range  Mag
2010-04-30  00:30:00  13 08 53.7  -14 02 38  +001114.3 -000099.4  03 53 35.5  237.054 10.071  19.33  35823 14.6
2010-04-30  00:40:00  13 21 18.9  -14 18 39  +001121.3 -000092.8  03 51 11.9  236.419 10.201  16.32  35723 14.6
2010-04-30  00:50:00  13 33 48.8  -14 33 34  +001128.1 -000085.9  03 48 43.7  235.779 10.354  13.29  35626 14.5
2010-04-30  01:00:00  13 46 23.0  -14 47 16     <<SHADOW>>        03 46 11.2  235.137 10.530  10.26  35532 ----
2010-04-30  01:10:00  13 59 01.4  -14 59 44     <<SHADOW>>        03 43 34.4  234.492 10.730   7.20  35442 ----
2010-04-30  01:20:00  14 11 43.7  -15 10 53     <<SHADOW>>        03 40 53.8  233.846 10.952   4.17  35355 ----
2010-04-30  01:30:00  14 24 29.6  -15 20 40     <<SHADOW>>        03 38 09.5  233.200 11.198   1.24  35273 ----
2010-04-30  01:40:00  14 37 18.8  -15 29 03  +001156.1 -000045.9  03 35 22.0  232.555 11.468   2.18  35194 14.5

   Date        UTC        RA         DECL      RARate   DeclRate    HourAng      Az     Um    Phase  Range  Mag
2010-04-30  18:10:00  08 43 15.2  -05 08 08  +000944.8 -000142.8  02 02 08.2  216.536 31.790  85.85  36627 15.7
2010-04-30  18:20:00  08 53 46.9  -05 32 09  +000950.6 -000145.3  02 01 38.1  216.209 31.477  83.23  36532 15.6
2010-04-30  18:30:00  09 04 22.6  -05 56 32  +000956.6 -000147.4  02 01 04.0  215.864 31.163  80.57  36435 15.5
2010-04-30  18:40:00  09 15 02.4  -06 21 16  +000962.9 -000149.3  02 00 25.9  215.500 30.850  77.91  36337 15.5
2010-04-30  18:50:00  09 25 46.5  -06 46 18  +000969.4 -000151.0  01 59 43.4  215.119 30.538  75.22  36237 15.4
2010-04-30  19:00:00  09 36 35.0  -07 11 35  +000976.1 -000152.3  01 58 56.6  214.719 30.229  72.53  36136 15.3
2010-04-30  19:10:00  09 47 28.0  -07 37 03  +000983.0 -000153.3  01 58 05.2  214.300 29.922  69.81  36034 15.3
2010-04-30  19:20:00  09 58 25.7  -08 02 39  +000990.2 -000154.0  01 57 09.1  213.862 29.620  67.08  35931 15.2
2010-04-30  19:30:00  10 09 28.3  -08 28 21  +000997.6 -000154.3  01 56 08.2  213.406 29.322  64.32  35827 15.1
2010-04-30  19:40:00  10 20 35.9  -08 54 05  +001005.1 -000154.3  01 55 02.3  212.931 29.029  61.55  35723 15.1
2010-04-30  19:50:00  10 31 48.5  -09 19 47  +001012.9 -000153.9  01 53 51.3  212.438 28.742  58.76  35619 15.0
2010-04-30  20:00:00  10 43 06.4  -09 45 23  +001020.8 -000153.2  01 52 35.0  211.926 28.463  55.96  35514 15.0
2010-04-30  20:10:00  10 54 29.6  -10 10 49  +001028.8 -000152.0  01 51 13.5  211.395 28.192  53.13  35410 14.9
2010-04-30  20:20:00  11 05 58.2  -10 36 02  +001037.0 -000150.4  01 49 46.5  210.846 27.929  50.29  35307 14.9
2010-04-30  20:30:00  11 17 32.3  -11 00 56  +001045.3 -000148.4  01 48 14.1  210.279 27.677  47.42  35204 14.8
2010-04-30  20:40:00  11 29 11.9  -11 25 29  +001053.6 -000146.0  01 46 36.1  209.694 27.434  44.54  35102 14.8
2010-04-30  20:50:00  11 40 57.2  -11 49 35  +001062.1 -000143.1  01 44 52.5  209.091 27.204  41.64  35001 14.7
2010-04-30  21:00:00  11 52 48.0  -12 13 10  +001070.5 -000139.8  01 43 03.3  208.471 26.985  38.73  34901 14.7
2010-04-30  21:10:00  12 04 44.5  -12 36 10  +001078.9 -000136.0  01 41 08.5  207.834 26.779  35.79  34804 14.7
2010-04-30  21:20:00  12 16 46.5  -12 58 29  +001087.3 -000131.7  01 39 08.1  207.181 26.587  32.84  34708 14.6
2010-04-30  21:30:00  12 28 54.1  -13 20 03  +001095.6 -000127.0  01 37 02.1  206.511 26.410  29.87  34615 14.6
2010-04-30  21:40:00  12 41 07.2  -13 40 48  +001103.7 -000121.8  01 34 50.7  205.826 26.248  26.89  34524 14.6
2010-04-30  21:50:00  12 53 25.7  -14 00 39  +001111.7 -000116.2  01 32 33.8  205.126 26.103  23.89  34435 14.5
2010-04-30  22:00:00  13 05 49.5  -14 19 31  +001119.6 -000110.1  01 30 11.6  204.411 25.974  20.88  34350 14.5
2010-04-30  22:10:00  13 18 18.4  -14 37 19  +001127.1 -000103.5  01 27 44.4  203.684 25.862  17.84  34268 14.5
2010-04-30  22:20:00  13 30 52.2  -14 53 60  +001134.4 -000096.5  01 25 12.2  202.943 25.768  14.81  34189 14.5
2010-04-30  22:30:00  13 43 30.8  -15 09 29  +001141.3 -000089.1  01 22 35.3  202.190 25.693  11.75  34114 14.4
2010-04-30  22:40:00  13 56 13.9  -15 23 41  +001147.9 -000081.3  01 19 53.8  201.426 25.637   8.70  34043 14.4
2010-04-30  22:50:00  14 09 01.2  -15 36 34     <<SHADOW>>        01 17 08.1  200.652 25.601   5.64  33975 ----
2010-04-30  23:00:00  14 21 52.5  -15 48 03     <<SHADOW>>        01 14 18.5  199.869 25.584   2.65  33912 ----
2010-04-30  23:10:00  14 34 47.4  -15 58 06     <<SHADOW>>        01 11 25.3  199.077 25.588   1.17  33854 ----
2010-04-30  23:20:00  14 47 45.5  -16 06 38     <<SHADOW>>        01 08 28.8  198.278 25.612   3.88  33800 ----
2010-04-30  23:30:00  15 00 46.6  -16 13 38  +001173.6 -000037.3  01 05 29.3  197.473 25.656   6.96  33750 14.4
2010-04-30  23:40:00  15 13 50.2  -16 19 03  +001177.0 -000027.7  01 02 27.4  196.662 25.721  10.06  33706 14.4
2010-04-30  23:50:00  15 26 55.8  -16 22 51  +001179.9 -000017.9  00 59 23.4  195.848 25.807  13.20  33666 14.4
2010-05-01  00:00:00  15 40 03.2  -16 25 01  +001182.0 -000008.1  00 56 17.7  195.030 25.914  16.33  33632 14.4
2010-05-01  00:10:00  15 53 11.7  -16 25 32  +001183.6 +000001.9  00 53 10.8  194.211 26.041  19.48  33603 14.4
2010-05-01  00:20:00  16 06 21.1  -16 24 24  +001184.4 +000011.9  00 50 03.1  193.392 26.188  22.62  33579 14.5
2010-05-01  00:30:00  16 19 30.8  -16 21 36  +001184.6 +000021.8  00 46 55.0  192.573 26.356  25.77  33561 14.5
2010-05-01  00:40:00  16 32 40.3  -16 17 09  +001184.0 +000031.7  00 43 47.1  191.756 26.543  28.92  33548 14.5
2010-05-01  00:50:00  16 45 49.3  -16 11 03  +001182.8 +000041.4  00 40 39.7  190.942 26.749  32.08  33541 14.5
2010-05-01  01:00:00  16 58 57.3  -16 03 21  +001181.0 +000051.0  00 37 33.4  190.132 26.975  35.22  33539 14.6
2010-05-01  01:10:00  17 12 03.8  -15 54 03  +001178.5 +000060.4  00 34 28.5  189.327 27.218  38.37  33543 14.6
2010-05-01  01:20:00  17 25 08.5  -15 43 13  +001175.3 +000069.6  00 31 25.5  188.529 27.479  41.51  33552 14.6
2010-05-01  01:30:00  17 38 10.8  -15 30 53  +001171.6 +000078.4  00 28 24.8  187.738 27.757  44.66  33567 14.7
2010-05-01  01:40:00  17 51 10.5  -15 17 07  +001167.4 +000086.9  00 25 26.8  186.956 28.051  47.78  33587 14.7
