ЭФЕМЕРИДЫ ПО ОБЪЕКТУ:  90073
Для пункта:  10016 Маяки   46 23'50.68"   30 16'17.74"    14m
C   2010-04-15 12:00
по  2010-05-01 12:00
Шаг  0:10:00
Мин.угол места:          10 град
Макс.угол места Солнца: -10 град
Стандартный блеск :      9.8 (зв.вел.)

ОБОЗНАЧЕНИЯ
RA        прямое восхождение, тек.эпоха
DECL      склонение, тек.эпоха
RARate    скорость по пр.восх., арксек/мин
DeclRate  скорость по склонению, арксек/мин
HourAng   часовой угол
Az        азимут
Um        угол места
Phase     фазовый угол
Range     дальность
Mag       зв.величина (оценка)

   Date        UTC        RA         DECL      RARate   DeclRate    HourAng      Az     Um    Phase  Range  Mag
2010-04-15  17:50:00  12 11 05.4  -06 14 49  +000903.1 +000000.9  21 15 06.4  133.261 25.903  21.11  38974 16.6
2010-04-15  18:00:00  12 21 07.5  -06 14 43  +000903.5 +000000.5  21 15 05.8  133.257 25.903  18.69  38965 16.6
2010-04-15  18:10:00  12 31 10.0  -06 14 39  +000903.9 +000000.1  21 15 05.0  133.254 25.902  16.26  38956 16.6
2010-04-15  18:20:00  12 41 12.7  -06 14 40  +000904.3 -000000.2  21 15 04.0  133.250 25.900  13.86  38947 16.5
2010-04-15  18:30:00  12 51 15.7  -06 14 44  +000904.7 -000000.6  21 15 02.6  133.245 25.896  11.48  38939 16.5
2010-04-15  18:40:00  13 01 19.0  -06 14 51  +000905.1 -000000.9  21 15 01.0  133.239 25.891   9.17  38931 16.5
2010-04-15  18:50:00  13 11 22.5  -06 15 02  +000905.5 -000001.3  21 14 59.1  133.234 25.884   6.96  38922 16.5
2010-04-15  19:00:00  13 21 26.3  -06 15 17  +000905.9 -000001.6  21 14 56.9  133.227 25.876   5.03  38915 16.5
2010-04-15  19:10:00  13 31 30.4  -06 15 35  +000906.3 -000002.0  21 14 54.5  133.221 25.867   3.79  38907 16.5
2010-04-15  19:20:00  13 41 34.7  -06 15 57  +000906.6 -000002.3  21 14 51.9  133.213 25.856   3.98  38900 16.5
2010-04-15  19:30:00  13 51 39.2  -06 16 22  +000907.0 -000002.7  21 14 48.9  133.206 25.844   5.45  38893 16.5
2010-04-15  19:40:00  14 01 44.0  -06 16 51  +000907.4 -000003.0  21 14 45.8  133.198 25.830   7.47  38886 16.5
2010-04-15  19:50:00  14 11 49.1  -06 17 23  +000907.7 -000003.3  21 14 42.4  133.189 25.816   9.72  38880 16.5
2010-04-15  20:00:00  14 21 54.3  -06 17 58  +000908.1 -000003.7  21 14 38.8  133.180 25.800  12.05  38874 16.5
2010-04-15  20:10:00  14 31 59.8  -06 18 36  +000908.4 -000004.0  21 14 34.9  133.171 25.782  14.45  38868 16.5
2010-04-15  20:20:00  14 42 05.5  -06 19 18  +000908.7 -000004.3  21 14 30.8  133.161 25.764  16.87  38863 16.5
2010-04-15  20:30:00  14 52 11.5  -06 20 03  +000909.0 -000004.6  21 14 26.6  133.151 25.744  19.31  38858 16.6
2010-04-15  20:40:00  15 02 17.6  -06 20 50  +000909.3 -000004.9  21 14 22.1  133.141 25.723  21.75  38853 16.6
2010-04-15  20:50:00  15 12 23.9  -06 21 41  +000909.6 -000005.2  21 14 17.4  133.130 25.701  24.22  38849 16.6
2010-04-15  21:00:00  15 22 30.4  -06 22 34  +000909.9 -000005.5  21 14 12.6  133.120 25.678  26.68  38845 16.6
2010-04-15  21:10:00  15 32 37.1  -06 23 30  +000910.1 -000005.7  21 14 07.5  133.108 25.654  29.16  38841 16.6
2010-04-15  21:20:00  15 42 43.9  -06 24 29  +000910.4 -000006.0  21 14 02.4  133.097 25.629  31.63  38838 16.7
2010-04-15  21:30:00  15 52 50.9  -06 25 30  +000910.6 -000006.2  21 13 57.0  133.085 25.604  34.11  38835 16.7
2010-04-15  21:40:00  16 02 58.0  -06 26 33  +000910.8 -000006.5  21 13 51.5  133.074 25.577  36.58  38833 16.7
2010-04-15  21:50:00  16 13 05.3  -06 27 39  +000911.0 -000006.7  21 13 45.9  133.062 25.549  39.07  38831 16.7
2010-04-15  22:00:00  16 23 12.7  -06 28 47  +000911.2 -000006.9  21 13 40.2  133.050 25.521  41.55  38830 16.8
2010-04-15  22:10:00  16 33 20.2  -06 29 57  +000911.3 -000007.1  21 13 34.3  133.037 25.492  44.04  38829 16.8
2010-04-15  22:20:00  16 43 27.8  -06 31 08  +000911.5 -000007.2  21 13 28.3  133.025 25.462  46.51  38828 16.8
2010-04-15  22:30:00  16 53 35.4  -06 32 22  +000911.6 -000007.4  21 13 22.3  133.013 25.432  49.00  38828 16.9
2010-04-15  22:40:00  17 03 43.2  -06 33 37  +000911.7 -000007.6  21 13 16.2  133.000 25.401  51.48  38828 16.9
2010-04-15  22:50:00  17 13 51.0  -06 34 53  +000911.8 -000007.7  21 13 10.0  132.988 25.370  53.97  38829 16.9
2010-04-15  23:00:00  17 23 58.9  -06 36 11  +000911.9 -000007.8  21 13 03.8  132.975 25.338  56.45  38830 17.0
2010-04-15  23:10:00  17 34 06.8  -06 37 29  +000911.9 -000007.9  21 12 57.5  132.963 25.306  58.94  38831 17.0
2010-04-15  23:20:00  17 44 14.8  -06 38 49  +000911.9 -000008.0  21 12 51.2  132.950 25.274  61.42  38833 17.1
2010-04-15  23:30:00  17 54 22.7  -06 40 09  +000912.0 -000008.1  21 12 44.9  132.938 25.242  63.91  38835 17.1
2010-04-15  23:40:00  18 04 30.7  -06 41 30  +000912.0 -000008.1  21 12 38.5  132.926 25.209  66.39  38838 17.2
2010-04-15  23:50:00  18 14 38.7  -06 42 52  +000911.9 -000008.2  21 12 32.2  132.913 25.176  68.87  38841 17.2
2010-04-16  00:00:00  18 24 46.6  -06 44 14  +000911.9 -000008.2  21 12 25.9  132.901 25.143  71.35  38845 17.3
2010-04-16  00:10:00  18 34 54.5  -06 45 36  +000911.9 -000008.2  21 12 19.6  132.889 25.110  73.83  38849 17.3
2010-04-16  00:20:00  18 45 02.4  -06 46 58  +000911.8 -000008.2  21 12 13.4  132.878 25.078  76.30  38853 17.4
2010-04-16  00:30:00  18 55 10.2  -06 48 20  +000911.7 -000008.2  21 12 07.2  132.866 25.045  78.78  38857 17.4
2010-04-16  00:40:00  19 05 18.0  -06 49 41  +000911.6 -000008.1  21 12 01.1  132.855 25.013  81.25  38862 17.5
2010-04-16  00:50:00  19 15 25.7  -06 51 02  +000911.5 -000008.1  21 11 55.1  132.844 24.981  83.73  38868 17.6
2010-04-16  01:00:00  19 25 33.3  -06 52 23  +000911.3 -000008.0  21 11 49.1  132.833 24.949  86.19  38873 17.6
2010-04-16  01:10:00  19 35 40.8  -06 53 42  +000911.2 -000007.9  21 11 43.3  132.822 24.917  88.66  38879 17.7
2010-04-16  01:20:00  19 45 48.2  -06 55 01  +000911.0 -000007.8  21 11 37.5  132.812 24.887  91.12  38886 17.8
2010-04-16  01:30:00  19 55 55.4  -06 56 18  +000910.8 -000007.7  21 11 31.9  132.802 24.856  93.59  38892 17.9
2010-04-16  01:40:00  20 06 02.6  -06 57 34  +000910.6 -000007.5  21 11 26.4  132.793 24.826  96.04  38899 17.9
2010-04-16  01:50:00  20 16 09.6  -06 58 49  +000910.4 -000007.4  21 11 21.0  132.783 24.797  98.50  38907 18.0
2010-04-16  02:00:00  20 26 16.4  -07 00 03  +000910.1 -000007.2  21 11 15.8  132.774 24.769 100.94  38914 18.1
2010-04-16  02:10:00  20 36 23.1  -07 01 14  +000909.9 -000007.1  21 11 10.8  132.766 24.741 103.39  38922 18.2

   Date        UTC        RA         DECL      RARate   DeclRate    HourAng      Az     Um    Phase  Range  Mag
2010-04-16  17:50:00  12 15 22.4  -06 14 35  +000903.3 +000000.7  21 14 45.9  133.177 25.863  21.03  38973 16.6
2010-04-16  18:00:00  12 25 24.7  -06 14 30  +000903.7 +000000.3  21 14 45.2  133.174 25.863  18.61  38964 16.6
2010-04-16  18:10:00  12 35 27.3  -06 14 29  +000904.1 -000000.1  21 14 44.3  133.170 25.861  16.20  38955 16.6
2010-04-16  18:20:00  12 45 30.2  -06 14 32  +000904.5 -000000.4  21 14 43.0  133.165 25.858  13.82  38947 16.5
2010-04-16  18:30:00  12 55 33.3  -06 14 38  +000904.9 -000000.8  21 14 41.6  133.160 25.853  11.46  38939 16.5
2010-04-16  18:40:00  13 05 36.7  -06 14 47  +000905.3 -000001.1  21 14 39.8  133.155 25.847   9.19  38930 16.5
2010-04-16  18:50:00  13 15 40.3  -06 15 00  +000905.7 -000001.5  21 14 37.8  133.149 25.840   7.04  38923 16.5
2010-04-16  19:00:00  13 25 44.2  -06 15 17  +000906.0 -000001.8  21 14 35.6  133.143 25.831   5.20  38915 16.5
2010-04-16  19:10:00  13 35 48.4  -06 15 37  +000906.4 -000002.2  21 14 33.0  133.136 25.821   4.11  38908 16.5
2010-04-16  19:20:00  13 45 52.8  -06 16 01  +000906.8 -000002.5  21 14 30.3  133.128 25.810   4.36  38901 16.5
2010-04-16  19:30:00  13 55 57.5  -06 16 28  +000907.2 -000002.9  21 14 27.3  133.121 25.797   5.80  38894 16.5
2010-04-16  19:40:00  14 06 02.4  -06 16 58  +000907.5 -000003.2  21 14 24.0  133.113 25.783   7.77  38888 16.5
2010-04-16  19:50:00  14 16 07.5  -06 17 32  +000907.8 -000003.5  21 14 20.5  133.104 25.767   9.99  38881 16.5
2010-04-16  20:00:00  14 26 12.8  -06 18 09  +000908.2 -000003.9  21 14 16.8  133.095 25.751  12.30  38876 16.5
2010-04-16  20:10:00  14 36 18.4  -06 18 50  +000908.5 -000004.2  21 14 12.9  133.086 25.733  14.68  38870 16.5
2010-04-16  20:20:00  14 46 24.2  -06 19 33  +000908.8 -000004.5  21 14 08.8  133.076 25.714  17.08  38865 16.6
2010-04-16  20:30:00  14 56 30.1  -06 20 20  +000909.1 -000004.8  21 14 04.4  133.066 25.694  19.52  38860 16.6
2010-04-16  20:40:00  15 06 36.3  -06 21 09  +000909.4 -000005.1  21 13 59.9  133.056 25.672  21.95  38856 16.6
2010-04-16  20:50:00  15 16 42.7  -06 22 01  +000909.7 -000005.4  21 13 55.2  133.046 25.650  24.41  38852 16.6
2010-04-16  21:00:00  15 26 49.2  -06 22 56  +000909.9 -000005.6  21 13 50.3  133.035 25.626  26.86  38848 16.6
2010-04-16  21:10:00  15 36 55.9  -06 23 54  +000910.2 -000005.9  21 13 45.3  133.024 25.602  29.34  38845 16.6
2010-04-16  21:20:00  15 47 02.7  -06 24 54  +000910.4 -000006.1  21 13 40.1  133.013 25.577  31.80  38842 16.7
2010-04-16  21:30:00  15 57 09.7  -06 25 57  +000910.6 -000006.4  21 13 34.7  133.001 25.550  34.28  38840 16.7
2010-04-16  21:40:00  16 07 16.9  -06 27 02  +000910.8 -000006.6  21 13 29.2  132.990 25.523  36.75  38838 16.7
2010-04-16  21:50:00  16 17 24.1  -06 28 09  +000911.0 -000006.8  21 13 23.6  132.978 25.495  39.23  38836 16.7
2010-04-16  22:00:00  16 27 31.5  -06 29 19  +000911.1 -000007.0  21 13 17.9  132.966 25.467  41.70  38835 16.8
2010-04-16  22:10:00  16 37 39.0  -06 30 30  +000911.3 -000007.2  21 13 12.0  132.955 25.437  44.19  38834 16.8
2010-04-16  22:20:00  16 47 46.5  -06 31 43  +000911.4 -000007.4  21 13 06.1  132.942 25.407  46.67  38834 16.8
2010-04-16  22:30:00  16 57 54.2  -06 32 57  +000911.5 -000007.5  21 13 00.1  132.930 25.377  49.15  38834 16.9
2010-04-16  22:40:00  17 08 01.9  -06 34 13  +000911.6 -000007.7  21 12 54.0  132.918 25.346  51.63  38834 16.9
2010-04-16  22:50:00  17 18 09.7  -06 35 30  +000911.7 -000007.8  21 12 47.9  132.906 25.315  54.12  38835 16.9
2010-04-16  23:00:00  17 28 17.5  -06 36 49  +000911.8 -000007.9  21 12 41.7  132.894 25.283  56.59  38837 17.0
2010-04-16  23:10:00  17 38 25.4  -06 38 09  +000911.8 -000008.0  21 12 35.5  132.882 25.251  59.08  38838 17.0
2010-04-16  23:20:00  17 48 33.3  -06 39 29  +000911.8 -000008.1  21 12 29.2  132.870 25.218  61.55  38840 17.1
2010-04-16  23:30:00  17 58 41.2  -06 40 50  +000911.8 -000008.1  21 12 23.0  132.858 25.186  64.04  38843 17.1
2010-04-16  23:40:00  18 08 49.1  -06 42 12  +000911.8 -000008.2  21 12 16.7  132.846 25.153  66.51  38846 17.2
2010-04-16  23:50:00  18 18 56.9  -06 43 34  +000911.8 -000008.2  21 12 10.5  132.835 25.120  69.00  38849 17.2
2010-04-17  00:00:00  18 29 04.8  -06 44 56  +000911.8 -000008.2  21 12 04.3  132.823 25.088  71.47  38853 17.3
2010-04-17  00:10:00  18 39 12.6  -06 46 19  +000911.7 -000008.2  21 11 58.1  132.812 25.055  73.95  38857 17.3
2010-04-17  00:20:00  18 49 20.4  -06 47 41  +000911.6 -000008.2  21 11 52.0  132.800 25.022  76.42  38861 17.4
2010-04-17  00:30:00  18 59 28.1  -06 49 03  +000911.5 -000008.2  21 11 45.9  132.789 24.990  78.90  38866 17.4
2010-04-17  00:40:00  19 09 35.7  -06 50 25  +000911.4 -000008.1  21 11 39.9  132.779 24.958  81.36  38871 17.5
2010-04-17  00:50:00  19 19 43.3  -06 51 46  +000911.3 -000008.1  21 11 34.0  132.768 24.926  83.83  38877 17.6
2010-04-17  01:00:00  19 29 50.8  -06 53 06  +000911.1 -000008.0  21 11 28.2  132.758 24.894  86.29  38883 17.6
2010-04-17  01:10:00  19 39 58.1  -06 54 25  +000911.0 -000007.9  21 11 22.5  132.748 24.863  88.76  38889 17.7
2010-04-17  01:20:00  19 50 05.4  -06 55 44  +000910.8 -000007.8  21 11 16.9  132.738 24.833  91.21  38895 17.8
2010-04-17  01:30:00  20 00 12.5  -06 57 01  +000910.6 -000007.6  21 11 11.4  132.728 24.803  93.68  38902 17.9
2010-04-17  01:40:00  20 10 19.5  -06 58 17  +000910.4 -000007.5  21 11 06.0  132.719 24.773  96.12  38909 17.9
2010-04-17  01:50:00  20 20 26.3  -06 59 31  +000910.1 -000007.3  21 11 00.8  132.711 24.745  98.58  38917 18.0
2010-04-17  02:00:00  20 30 33.0  -07 00 43  +000909.9 -000007.2  21 10 55.8  132.702 24.717 101.02  38924 18.1
2010-04-17  02:10:00  20 40 39.5  -07 01 54  +000909.7 -000007.0  21 10 50.9  132.694 24.689 103.46  38932 18.2

   Date        UTC        RA         DECL      RARate   DeclRate    HourAng      Az     Um    Phase  Range  Mag
2010-04-17  17:50:00  12 19 39.9  -06 14 19  +000903.5 +000000.5  21 14 25.0  133.091 25.823  20.95  38972 16.6
2010-04-17  18:00:00  12 29 42.4  -06 14 16  +000903.9 +000000.1  21 14 24.1  133.088 25.822  18.54  38963 16.6
2010-04-17  18:10:00  12 39 45.1  -06 14 17  +000904.3 -000000.2  21 14 23.1  133.084 25.820  16.14  38955 16.6
2010-04-17  18:20:00  12 49 48.1  -06 14 21  +000904.7 -000000.6  21 14 21.7  133.079 25.816  13.78  38946 16.5
2010-04-17  18:30:00  12 59 51.3  -06 14 29  +000905.1 -000001.0  21 14 20.1  133.074 25.810  11.45  38938 16.5
2010-04-17  18:40:00  13 09 54.8  -06 14 40  +000905.4 -000001.3  21 14 18.3  133.068 25.804   9.22  38931 16.5
2010-04-17  18:50:00  13 19 58.6  -06 14 56  +000905.8 -000001.7  21 14 16.1  133.062 25.796   7.13  38923 16.5
2010-04-17  19:00:00  13 30 02.6  -06 15 14  +000906.2 -000002.0  21 14 13.8  133.056 25.786   5.39  38916 16.5
2010-04-17  19:10:00  13 40 06.9  -06 15 36  +000906.6 -000002.4  21 14 11.1  133.049 25.775   4.43  38909 16.5
2010-04-17  19:20:00  13 50 11.4  -06 16 02  +000906.9 -000002.7  21 14 08.3  133.041 25.763   4.75  38902 16.5
2010-04-17  19:30:00  14 00 16.1  -06 16 31  +000907.3 -000003.1  21 14 05.2  133.034 25.750   6.15  38896 16.5
2010-04-17  19:40:00  14 10 21.1  -06 17 04  +000907.6 -000003.4  21 14 01.9  133.026 25.735   8.08  38889 16.5
2010-04-17  19:50:00  14 20 26.2  -06 17 39  +000907.9 -000003.7  21 13 58.3  133.017 25.719  10.26  38884 16.5
2010-04-17  20:00:00  14 30 31.7  -06 18 19  +000908.3 -000004.1  21 13 54.5  133.008 25.702  12.55  38878 16.5
2010-04-17  20:10:00  14 40 37.3  -06 19 01  +000908.6 -000004.4  21 13 50.6  132.999 25.683  14.91  38873 16.5
2010-04-17  20:20:00  14 50 43.1  -06 19 46  +000908.9 -000004.7  21 13 46.4  132.990 25.664  17.30  38868 16.6
2010-04-17  20:30:00  15 00 49.1  -06 20 34  +000909.2 -000005.0  21 13 42.0  132.980 25.643  19.73  38863 16.6
2010-04-17  20:40:00  15 10 55.3  -06 21 26  +000909.4 -000005.3  21 13 37.4  132.970 25.621  22.15  38859 16.6
2010-04-17  20:50:00  15 21 01.7  -06 22 20  +000909.7 -000005.5  21 13 32.7  132.960 25.598  24.60  38856 16.6
2010-04-17  21:00:00  15 31 08.3  -06 23 16  +000909.9 -000005.8  21 13 27.8  132.949 25.574  27.05  38852 16.6
2010-04-17  21:10:00  15 41 15.0  -06 24 16  +000910.2 -000006.1  21 13 22.7  132.938 25.549  29.52  38849 16.6
2010-04-17  21:20:00  15 51 21.8  -06 25 18  +000910.4 -000006.3  21 13 17.5  132.927 25.523  31.98  38847 16.7
2010-04-17  21:30:00  16 01 28.9  -06 26 22  +000910.6 -000006.5  21 13 12.1  132.916 25.497  34.45  38845 16.7
2010-04-17  21:40:00  16 11 36.0  -06 27 29  +000910.8 -000006.8  21 13 06.7  132.905 25.469  36.92  38843 16.7
2010-04-17  21:50:00  16 21 43.2  -06 28 37  +000911.0 -000007.0  21 13 01.1  132.894 25.441  39.40  38842 16.7
2010-04-17  22:00:00  16 31 50.6  -06 29 48  +000911.1 -000007.2  21 12 55.3  132.882 25.412  41.86  38841 16.8
2010-04-17  22:10:00  16 41 58.0  -06 31 01  +000911.2 -000007.3  21 12 49.5  132.871 25.383  44.35  38840 16.8
2010-04-17  22:20:00  16 52 05.6  -06 32 15  +000911.4 -000007.5  21 12 43.6  132.859 25.352  46.82  38840 16.8
2010-04-17  22:30:00  17 02 13.2  -06 33 31  +000911.5 -000007.6  21 12 37.7  132.847 25.322  49.30  38840 16.9
2010-04-17  22:40:00  17 12 20.9  -06 34 48  +000911.6 -000007.8  21 12 31.6  132.836 25.291  51.78  38841 16.9
2010-04-17  22:50:00  17 22 28.6  -06 36 06  +000911.6 -000007.9  21 12 25.6  132.824 25.259  54.26  38842 16.9
2010-04-17  23:00:00  17 32 36.3  -06 37 26  +000911.7 -000008.0  21 12 19.4  132.812 25.227  56.73  38844 17.0
2010-04-17  23:10:00  17 42 44.1  -06 38 46  +000911.7 -000008.1  21 12 13.3  132.801 25.195  59.22  38846 17.0
2010-04-17  23:20:00  17 52 52.0  -06 40 08  +000911.7 -000008.2  21 12 07.1  132.789 25.162  61.69  38848 17.1
2010-04-17  23:30:00  18 02 59.8  -06 41 30  +000911.7 -000008.2  21 12 01.0  132.778 25.130  64.17  38851 17.1
2010-04-17  23:40:00  18 13 07.6  -06 42 52  +000911.7 -000008.3  21 11 54.8  132.766 25.097  66.64  38854 17.2
2010-04-17  23:50:00  18 23 15.4  -06 44 15  +000911.7 -000008.3  21 11 48.6  132.755 25.064  69.12  38857 17.2
2010-04-18  00:00:00  18 33 23.1  -06 45 38  +000911.6 -000008.3  21 11 42.5  132.744 25.032  71.59  38861 17.3
2010-04-18  00:10:00  18 43 30.8  -06 47 00  +000911.5 -000008.3  21 11 36.5  132.733 24.999  74.07  38866 17.3
2010-04-18  00:20:00  18 53 38.5  -06 48 23  +000911.4 -000008.2  21 11 30.4  132.722 24.967  76.53  38870 17.4
2010-04-18  00:30:00  19 03 46.1  -06 49 45  +000911.3 -000008.2  21 11 24.5  132.712 24.935  79.01  38875 17.4
2010-04-18  00:40:00  19 13 53.6  -06 51 07  +000911.2 -000008.1  21 11 18.6  132.702 24.903  81.47  38881 17.5
2010-04-18  00:50:00  19 24 01.0  -06 52 28  +000911.1 -000008.1  21 11 12.8  132.692 24.871  83.94  38886 17.6
2010-04-18  01:00:00  19 34 08.4  -06 53 49  +000910.9 -000008.0  21 11 07.1  132.682 24.840  86.39  38892 17.6
2010-04-18  01:10:00  19 44 15.6  -06 55 08  +000910.7 -000007.9  21 11 01.6  132.672 24.809  88.86  38899 17.7
2010-04-18  01:20:00  19 54 22.7  -06 56 26  +000910.6 -000007.7  21 10 56.1  132.663 24.779  91.31  38905 17.8
2010-04-18  01:30:00  20 04 29.7  -06 57 43  +000910.4 -000007.6  21 10 50.8  132.654 24.749  93.77  38912 17.9
2010-04-18  01:40:00  20 14 36.5  -06 58 58  +000910.1 -000007.5  21 10 45.6  132.646 24.720  96.21  38919 17.9
2010-04-18  01:50:00  20 24 43.2  -07 00 12  +000909.9 -000007.3  21 10 40.5  132.638 24.692  98.66  38927 18.0
2010-04-18  02:00:00  20 34 49.7  -07 01 25  +000909.7 -000007.1  21 10 35.6  132.630 24.664 101.09  38934 18.1

   Date        UTC        RA         DECL      RARate   DeclRate    HourAng      Az     Um    Phase  Range  Mag
2010-04-18  17:50:00  12 23 57.7  -06 14 01  +000903.7 +000000.3  21 14 03.7  133.004 25.783  20.88  38971 16.6
2010-04-18  18:00:00  12 34 00.3  -06 14 00  +000904.1 -000000.1  21 14 02.8  133.000 25.781  18.48  38962 16.6
2010-04-18  18:10:00  12 44 03.2  -06 14 03  +000904.5 -000000.4  21 14 01.5  132.996 25.778  16.10  38954 16.6
2010-04-18  18:20:00  12 54 06.3  -06 14 09  +000904.9 -000000.8  21 14 00.1  132.991 25.773  13.76  38946 16.5
2010-04-18  18:30:00  13 04 09.7  -06 14 19  +000905.2 -000001.2  21 13 58.3  132.986 25.767  11.45  38938 16.5
2010-04-18  18:40:00  13 14 13.3  -06 14 32  +000905.6 -000001.5  21 13 56.4  132.980 25.760   9.26  38931 16.5
2010-04-18  18:50:00  13 24 17.1  -06 14 49  +000906.0 -000001.9  21 13 54.1  132.974 25.751   7.23  38924 16.5
2010-04-18  19:00:00  13 34 21.2  -06 15 10  +000906.3 -000002.2  21 13 51.7  132.967 25.741   5.60  38917 16.5
2010-04-18  19:10:00  13 44 25.6  -06 15 34  +000906.7 -000002.6  21 13 49.0  132.960 25.729   4.76  38910 16.5
2010-04-18  19:20:00  13 54 30.2  -06 16 01  +000907.1 -000002.9  21 13 46.0  132.953 25.717   5.12  38903 16.5
2010-04-18  19:30:00  14 04 35.0  -06 16 32  +000907.4 -000003.3  21 13 42.8  132.945 25.703   6.50  38897 16.5
2010-04-18  19:40:00  14 14 40.1  -06 17 07  +000907.7 -000003.6  21 13 39.4  132.937 25.687   8.39  38891 16.5
2010-04-18  19:50:00  14 24 45.3  -06 17 44  +000908.0 -000003.9  21 13 35.8  132.929 25.671  10.54  38886 16.5
2010-04-18  20:00:00  14 34 50.8  -06 18 25  +000908.4 -000004.2  21 13 32.0  132.920 25.653  12.81  38880 16.5
2010-04-18  20:10:00  14 44 56.5  -06 19 09  +000908.7 -000004.6  21 13 28.0  132.911 25.634  15.15  38876 16.5
2010-04-18  20:20:00  14 55 02.3  -06 19 56  +000908.9 -000004.9  21 13 23.7  132.902 25.614  17.53  38871 16.6
2010-04-18  20:30:00  15 05 08.4  -06 20 47  +000909.2 -000005.2  21 13 19.3  132.892 25.592  19.94  38867 16.6
2010-04-18  20:40:00  15 15 14.6  -06 21 40  +000909.5 -000005.4  21 13 14.7  132.882 25.570  22.36  38863 16.6
2010-04-18  20:50:00  15 25 21.0  -06 22 35  +000909.7 -000005.7  21 13 09.9  132.872 25.546  24.80  38860 16.6
2010-04-18  21:00:00  15 35 27.6  -06 23 34  +000910.0 -000006.0  21 13 05.0  132.862 25.522  27.24  38857 16.6
2010-04-18  21:10:00  15 45 34.3  -06 24 35  +000910.2 -000006.2  21 12 59.9  132.851 25.497  29.70  38854 16.6
2010-04-18  21:20:00  15 55 41.2  -06 25 39  +000910.4 -000006.5  21 12 54.7  132.841 25.471  32.15  38852 16.7
2010-04-18  21:30:00  16 05 48.2  -06 26 44  +000910.6 -000006.7  21 12 49.4  132.830 25.444  34.62  38850 16.7
2010-04-18  21:40:00  16 15 55.3  -06 27 53  +000910.8 -000006.9  21 12 43.9  132.819 25.416  37.08  38848 16.7
2010-04-18  21:50:00  16 26 02.5  -06 29 03  +000910.9 -000007.1  21 12 38.3  132.808 25.387  39.56  38847 16.7
2010-04-18  22:00:00  16 36 09.8  -06 30 15  +000911.1 -000007.3  21 12 32.6  132.797 25.358  42.03  38846 16.8
2010-04-18  22:10:00  16 46 17.3  -06 31 29  +000911.2 -000007.5  21 12 26.9  132.786 25.328  44.50  38846 16.8
2010-04-18  22:20:00  16 56 24.7  -06 32 44  +000911.3 -000007.6  21 12 21.0  132.774 25.298  46.97  38846 16.8
2010-04-18  22:30:00  17 06 32.3  -06 34 01  +000911.4 -000007.8  21 12 15.1  132.763 25.267  49.45  38847 16.9
2010-04-18  22:40:00  17 16 39.9  -06 35 20  +000911.5 -000007.9  21 12 09.1  132.752 25.236  51.92  38848 16.9
2010-04-18  22:50:00  17 26 47.6  -06 36 39  +000911.5 -000008.0  21 12 03.1  132.741 25.204  54.40  38849 16.9
2010-04-18  23:00:00  17 36 55.3  -06 38 00  +000911.6 -000008.1  21 11 57.1  132.729 25.172  56.87  38851 17.0
2010-04-18  23:10:00  17 47 03.0  -06 39 21  +000911.6 -000008.2  21 11 51.0  132.718 25.139  59.35  38853 17.0
2010-04-18  23:20:00  17 57 10.7  -06 40 44  +000911.6 -000008.2  21 11 44.9  132.707 25.107  61.82  38856 17.1
2010-04-18  23:30:00  18 07 18.4  -06 42 06  +000911.6 -000008.3  21 11 38.8  132.696 25.074  64.30  38859 17.1
2010-04-18  23:40:00  18 17 26.2  -06 43 30  +000911.5 -000008.3  21 11 32.8  132.685 25.042  66.77  38862 17.2
2010-04-18  23:50:00  18 27 33.8  -06 44 53  +000911.5 -000008.3  21 11 26.7  132.675 25.009  69.25  38866 17.2
2010-04-19  00:00:00  18 37 41.5  -06 46 17  +000911.4 -000008.3  21 11 20.7  132.664 24.976  71.71  38870 17.3
2010-04-19  00:10:00  18 47 49.1  -06 47 40  +000911.4 -000008.3  21 11 14.8  132.654 24.944  74.19  38874 17.3
2010-04-19  00:20:00  18 57 56.6  -06 49 03  +000911.3 -000008.3  21 11 08.9  132.644 24.912  76.65  38879 17.4
2010-04-19  00:30:00  19 08 04.1  -06 50 26  +000911.1 -000008.2  21 11 03.0  132.634 24.880  79.12  38884 17.5
2010-04-19  00:40:00  19 18 11.5  -06 51 48  +000911.0 -000008.2  21 10 57.3  132.624 24.848  81.57  38890 17.5
2010-04-19  00:50:00  19 28 18.8  -06 53 09  +000910.9 -000008.1  21 10 51.6  132.615 24.816  84.04  38896 17.6
2010-04-19  01:00:00  19 38 26.0  -06 54 29  +000910.7 -000008.0  21 10 46.1  132.606 24.785  86.49  38902 17.6
2010-04-19  01:10:00  19 48 33.1  -06 55 49  +000910.5 -000007.9  21 10 40.6  132.597 24.755  88.95  38908 17.7
2010-04-19  01:20:00  19 58 40.0  -06 57 07  +000910.3 -000007.7  21 10 35.3  132.588 24.725  91.40  38915 17.8
2010-04-19  01:30:00  20 08 46.9  -06 58 24  +000910.1 -000007.6  21 10 30.1  132.580 24.696  93.86  38922 17.9
2010-04-19  01:40:00  20 18 53.5  -06 59 39  +000909.9 -000007.4  21 10 25.1  132.572 24.667  96.29  38929 17.9
2010-04-19  01:50:00  20 29 00.1  -07 00 52  +000909.7 -000007.3  21 10 20.2  132.564 24.639  98.74  38937 18.0
2010-04-19  02:00:00  20 39 06.4  -07 02 04  +000909.4 -000007.1  21 10 15.5  132.557 24.612 101.17  38944 18.1

   Date        UTC        RA         DECL      RARate   DeclRate    HourAng      Az     Um    Phase  Range  Mag
2010-04-19  17:50:00  12 28 15.8  -06 13 43  +000903.9 +000000.1  21 13 42.2  132.916 25.742  20.81  38970 16.6
2010-04-19  18:00:00  12 38 18.5  -06 13 44  +000904.3 -000000.2  21 13 41.1  132.912 25.739  18.43  38962 16.6
2010-04-19  18:10:00  12 48 21.5  -06 13 48  +000904.7 -000000.6  21 13 39.8  132.907 25.735  16.06  38954 16.6
2010-04-19  18:20:00  12 58 24.7  -06 13 56  +000905.0 -000001.0  21 13 38.2  132.902 25.730  13.74  38946 16.5
2010-04-19  18:30:00  13 08 28.2  -06 14 07  +000905.4 -000001.3  21 13 36.3  132.897 25.724  11.47  38939 16.5
2010-04-19  18:40:00  13 18 31.9  -06 14 23  +000905.8 -000001.7  21 13 34.2  132.891 25.715   9.32  38931 16.5
2010-04-19  18:50:00  13 28 35.9  -06 14 41  +000906.1 -000002.0  21 13 31.9  132.885 25.706   7.36  38924 16.5
2010-04-19  19:00:00  13 38 40.1  -06 15 04  +000906.5 -000002.4  21 13 29.3  132.878 25.695   5.83  38918 16.5
2010-04-19  19:10:00  13 48 44.6  -06 15 30  +000906.8 -000002.8  21 13 26.5  132.871 25.683   5.09  38911 16.5
2010-04-19  19:20:00  13 58 49.2  -06 15 59  +000907.2 -000003.1  21 13 23.5  132.864 25.670   5.50  38905 16.5
2010-04-19  19:30:00  14 08 54.1  -06 16 32  +000907.5 -000003.4  21 13 20.3  132.856 25.655   6.85  38899 16.5
2010-04-19  19:40:00  14 18 59.2  -06 17 08  +000907.8 -000003.8  21 13 16.8  132.848 25.639   8.71  38893 16.5
2010-04-19  19:50:00  14 29 04.6  -06 17 47  +000908.1 -000004.1  21 13 13.1  132.839 25.622  10.83  38888 16.5
2010-04-19  20:00:00  14 39 10.1  -06 18 30  +000908.4 -000004.4  21 13 09.2  132.831 25.604  13.07  38883 16.5
2010-04-19  20:10:00  14 49 15.8  -06 19 16  +000908.7 -000004.7  21 13 05.1  132.822 25.584  15.40  38879 16.5
2010-04-19  20:20:00  14 59 21.7  -06 20 05  +000909.0 -000005.0  21 13 00.9  132.813 25.563  17.76  38874 16.6
2010-04-19  20:30:00  15 09 27.8  -06 20 56  +000909.3 -000005.3  21 12 56.4  132.803 25.542  20.16  38870 16.6
2010-04-19  20:40:00  15 19 34.1  -06 21 51  +000909.5 -000005.6  21 12 51.8  132.794 25.519  22.56  38867 16.6
2010-04-19  20:50:00  15 29 40.5  -06 22 49  +000909.7 -000005.9  21 12 47.1  132.784 25.495  25.00  38864 16.6
2010-04-19  21:00:00  15 39 47.1  -06 23 49  +000910.0 -000006.1  21 12 42.1  132.774 25.470  27.43  38861 16.6
2010-04-19  21:10:00  15 49 53.8  -06 24 52  +000910.2 -000006.4  21 12 37.0  132.764 25.445  29.89  38859 16.6
2010-04-19  21:20:00  16 00 00.6  -06 25 57  +000910.4 -000006.6  21 12 31.8  132.753 25.418  32.33  38857 16.7
2010-04-19  21:30:00  16 10 07.6  -06 27 04  +000910.5 -000006.8  21 12 26.5  132.743 25.391  34.80  38855 16.7
2010-04-19  21:40:00  16 20 14.7  -06 28 14  +000910.7 -000007.1  21 12 21.1  132.732 25.363  37.25  38854 16.7
2010-04-19  21:50:00  16 30 21.9  -06 29 25  +000910.9 -000007.2  21 12 15.5  132.721 25.334  39.73  38853 16.7
2010-04-19  22:00:00  16 40 29.2  -06 30 39  +000911.0 -000007.4  21 12 09.9  132.711 25.304  42.19  38853 16.8
2010-04-19  22:10:00  16 50 36.5  -06 31 54  +000911.1 -000007.6  21 12 04.1  132.700 25.274  44.66  38853 16.8
2010-04-19  22:20:00  17 00 44.0  -06 33 11  +000911.2 -000007.8  21 11 58.3  132.689 25.244  47.13  38853 16.8
2010-04-19  22:30:00  17 10 51.5  -06 34 29  +000911.3 -000007.9  21 11 52.5  132.678 25.213  49.60  38854 16.9
2010-04-19  22:40:00  17 20 59.0  -06 35 49  +000911.4 -000008.0  21 11 46.6  132.668 25.181  52.07  38855 16.9
2010-04-19  22:50:00  17 31 06.6  -06 37 09  +000911.4 -000008.1  21 11 40.6  132.657 25.149  54.55  38857 16.9
2010-04-19  23:00:00  17 41 14.2  -06 38 31  +000911.4 -000008.2  21 11 34.7  132.646 25.117  57.01  38859 17.0
2010-04-19  23:10:00  17 51 21.8  -06 39 53  +000911.4 -000008.3  21 11 28.7  132.636 25.085  59.49  38861 17.0
2010-04-19  23:20:00  18 01 29.5  -06 41 17  +000911.4 -000008.3  21 11 22.7  132.625 25.052  61.95  38864 17.1
2010-04-19  23:30:00  18 11 37.1  -06 42 40  +000911.4 -000008.4  21 11 16.7  132.615 25.020  64.43  38867 17.1
2010-04-19  23:40:00  18 21 44.7  -06 44 04  +000911.4 -000008.4  21 11 10.8  132.605 24.987  66.89  38871 17.2
2010-04-19  23:50:00  18 31 52.3  -06 45 28  +000911.3 -000008.4  21 11 04.8  132.594 24.954  69.37  38875 17.2
2010-04-20  00:00:00  18 41 59.8  -06 46 52  +000911.3 -000008.4  21 10 58.9  132.584 24.922  71.83  38879 17.3
2010-04-20  00:10:00  18 52 07.3  -06 48 16  +000911.2 -000008.4  21 10 53.1  132.575 24.889  74.30  38883 17.3
2010-04-20  00:20:00  19 02 14.7  -06 49 39  +000911.1 -000008.3  21 10 47.3  132.565 24.857  76.76  38888 17.4
2010-04-20  00:30:00  19 12 22.1  -06 51 03  +000910.9 -000008.3  21 10 41.6  132.556 24.825  79.23  38894 17.5
2010-04-20  00:40:00  19 22 29.3  -06 52 25  +000910.8 -000008.2  21 10 36.0  132.547 24.794  81.68  38899 17.5
2010-04-20  00:50:00  19 32 36.5  -06 53 47  +000910.7 -000008.1  21 10 30.5  132.538 24.763  84.14  38905 17.6
2010-04-20  01:00:00  19 42 43.5  -06 55 07  +000910.5 -000008.0  21 10 25.1  132.529 24.732  86.59  38911 17.7
2010-04-20  01:10:00  19 52 50.5  -06 56 26  +000910.3 -000007.9  21 10 19.8  132.521 24.702  89.05  38918 17.7
2010-04-20  01:20:00  20 02 57.3  -06 57 45  +000910.1 -000007.7  21 10 14.6  132.513 24.672  91.49  38925 17.8
2010-04-20  01:30:00  20 13 03.9  -06 59 01  +000909.9 -000007.6  21 10 09.6  132.505 24.643  93.94  38932 17.9
2010-04-20  01:40:00  20 23 10.5  -07 00 16  +000909.7 -000007.4  21 10 04.7  132.498 24.615  96.37  38939 18.0
2010-04-20  01:50:00  20 33 16.8  -07 01 30  +000909.4 -000007.2  21 09 60.0  132.491 24.588  98.82  38947 18.0
2010-04-20  02:00:00  20 43 23.1  -07 02 41  +000909.2 -000007.0  21 09 55.4  132.485 24.561 101.24  38954 18.1

   Date        UTC        RA         DECL      RARate   DeclRate    HourAng      Az     Um    Phase  Range  Mag
2010-04-20  18:00:00  12 42 36.8  -06 13 29  +000904.5 -000000.4  21 13 19.4  132.824 25.697  18.38  38961 16.6
2010-04-20  18:10:00  12 52 39.9  -06 13 35  +000904.9 -000000.8  21 13 17.9  132.819 25.693  16.03  38953 16.6
2010-04-20  18:20:00  13 02 43.3  -06 13 44  +000905.2 -000001.1  21 13 16.2  132.813 25.687  13.74  38946 16.5
2010-04-20  18:30:00  13 12 46.9  -06 13 57  +000905.6 -000001.5  21 13 14.2  132.808 25.679  11.50  38939 16.5
2010-04-20  18:40:00  13 22 50.7  -06 14 14  +000905.9 -000001.8  21 13 12.0  132.802 25.671   9.39  38932 16.5
2010-04-20  18:50:00  13 32 54.8  -06 14 34  +000906.3 -000002.2  21 13 09.6  132.795 25.661   7.50  38925 16.5
2010-04-20  19:00:00  13 42 59.1  -06 14 58  +000906.6 -000002.6  21 13 06.9  132.788 25.649   6.06  38919 16.5
2010-04-20  19:10:00  13 53 03.6  -06 15 26  +000907.0 -000002.9  21 13 04.0  132.781 25.637   5.43  38912 16.5
2010-04-20  19:20:00  14 03 08.4  -06 15 57  +000907.3 -000003.3  21 13 00.9  132.774 25.623   5.87  38907 16.5
2010-04-20  19:30:00  14 13 13.4  -06 16 31  +000907.6 -000003.6  21 12 57.6  132.766 25.608   7.20  38901 16.5
2010-04-20  19:40:00  14 23 18.5  -06 17 09  +000907.9 -000003.9  21 12 54.1  132.758 25.591   9.03  38896 16.5
2010-04-20  19:50:00  14 33 23.9  -06 17 50  +000908.2 -000004.3  21 12 50.3  132.750 25.573  11.12  38891 16.5
2010-04-20  20:00:00  14 43 29.5  -06 18 34  +000908.5 -000004.6  21 12 46.4  132.741 25.555  13.33  38886 16.5
2010-04-20  20:10:00  14 53 35.2  -06 19 22  +000908.8 -000004.9  21 12 42.3  132.732 25.535  15.64  38882 16.5
2010-04-20  20:20:00  15 03 41.2  -06 20 12  +000909.0 -000005.2  21 12 38.0  132.723 25.513  17.99  38878 16.6
2010-04-20  20:30:00  15 13 47.3  -06 21 06  +000909.3 -000005.5  21 12 33.5  132.714 25.491  20.37  38874 16.6
2010-04-20  20:40:00  15 23 53.6  -06 22 02  +000909.5 -000005.8  21 12 28.9  132.705 25.468  22.77  38871 16.6
2010-04-20  20:50:00  15 33 60.0  -06 23 01  +000909.7 -000006.0  21 12 24.1  132.695 25.444  25.20  38868 16.6
2010-04-20  21:00:00  15 44 06.5  -06 24 02  +000910.0 -000006.3  21 12 19.2  132.685 25.419  27.63  38866 16.6
2010-04-20  21:10:00  15 54 13.2  -06 25 07  +000910.1 -000006.5  21 12 14.1  132.675 25.393  30.07  38864 16.6
2010-04-20  21:20:00  16 04 20.1  -06 26 13  +000910.3 -000006.8  21 12 08.9  132.665 25.366  32.51  38862 16.7
2010-04-20  21:30:00  16 14 27.0  -06 27 22  +000910.5 -000007.0  21 12 03.6  132.655 25.338  34.97  38861 16.7
2010-04-20  21:40:00  16 24 34.1  -06 28 33  +000910.7 -000007.2  21 11 58.2  132.645 25.310  37.42  38860 16.7
2010-04-20  21:50:00  16 34 41.2  -06 29 46  +000910.8 -000007.4  21 11 52.7  132.635 25.281  39.89  38859 16.7
2010-04-20  22:00:00  16 44 48.5  -06 31 01  +000910.9 -000007.6  21 11 47.1  132.625 25.251  42.35  38859 16.8
2010-04-20  22:10:00  16 54 55.8  -06 32 17  +000911.0 -000007.7  21 11 41.5  132.614 25.221  44.82  38859 16.8
2010-04-20  22:20:00  17 05 03.2  -06 33 35  +000911.1 -000007.9  21 11 35.7  132.604 25.190  47.28  38860 16.8
2010-04-20  22:30:00  17 15 10.6  -06 34 54  +000911.2 -000008.0  21 11 29.9  132.594 25.159  49.75  38861 16.9
2010-04-20  22:40:00  17 25 18.1  -06 36 15  +000911.2 -000008.1  21 11 24.1  132.583 25.127  52.21  38862 16.9
2010-04-20  22:50:00  17 35 25.6  -06 37 37  +000911.3 -000008.2  21 11 18.2  132.573 25.095  54.69  38864 17.0
2010-04-20  23:00:00  17 45 33.1  -06 38 59  +000911.3 -000008.3  21 11 12.4  132.563 25.063  57.15  38867 17.0
2010-04-20  23:10:00  17 55 40.6  -06 40 23  +000911.3 -000008.4  21 11 06.5  132.553 25.031  59.62  38869 17.0
2010-04-20  23:20:00  18 05 48.1  -06 41 46  +000911.3 -000008.4  21 11 00.6  132.543 24.998  62.08  38872 17.1
2010-04-20  23:30:00  18 15 55.6  -06 43 11  +000911.3 -000008.4  21 10 54.7  132.533 24.966  64.56  38876 17.1
2010-04-20  23:40:00  18 26 03.1  -06 44 35  +000911.2 -000008.5  21 10 48.9  132.524 24.933  67.02  38879 17.2
2010-04-20  23:50:00  18 36 10.6  -06 46 00  +000911.1 -000008.5  21 10 43.1  132.514 24.901  69.49  38883 17.2
2010-04-21  00:00:00  18 46 18.0  -06 47 25  +000911.1 -000008.4  21 10 37.3  132.505 24.868  71.95  38888 17.3
2010-04-21  00:10:00  18 56 25.3  -06 48 49  +000911.0 -000008.4  21 10 31.6  132.496 24.836  74.41  38893 17.3
2010-04-21  00:20:00  19 06 32.6  -06 50 13  +000910.9 -000008.4  21 10 26.0  132.487 24.804  76.87  38898 17.4
2010-04-21  00:30:00  19 16 39.8  -06 51 36  +000910.7 -000008.3  21 10 20.4  132.478 24.772  79.33  38903 17.5
2010-04-21  00:40:00  19 26 46.9  -06 52 59  +000910.6 -000008.2  21 10 14.9  132.470 24.741  81.78  38909 17.5
2010-04-21  00:50:00  19 36 54.0  -06 54 21  +000910.4 -000008.1  21 10 09.6  132.461 24.710  84.24  38915 17.6
2010-04-21  01:00:00  19 47 00.9  -06 55 41  +000910.3 -000008.0  21 10 04.3  132.454 24.680  86.69  38921 17.7
2010-04-21  01:10:00  19 57 07.6  -06 57 01  +000910.1 -000007.9  21 09 59.2  132.446 24.650  89.14  38928 17.7
2010-04-21  01:20:00  20 07 14.3  -06 58 19  +000909.9 -000007.7  21 09 54.1  132.439 24.621  91.58  38935 17.8
2010-04-21  01:30:00  20 17 20.8  -06 59 35  +000909.7 -000007.6  21 09 49.3  132.432 24.592  94.02  38942 17.9
2010-04-21  01:40:00  20 27 27.2  -07 00 50  +000909.4 -000007.4  21 09 44.6  132.425 24.564  96.45  38949 18.0
2010-04-21  01:50:00  20 37 33.4  -07 02 03  +000909.2 -000007.2  21 09 40.0  132.418 24.537  98.89  38957 18.0
2010-04-21  02:00:00  20 47 39.4  -07 03 14  +000908.9 -000007.0  21 09 35.6  132.412 24.511 101.31  38965 18.1

   Date        UTC        RA         DECL      RARate   DeclRate    HourAng      Az     Um    Phase  Range  Mag
2010-04-21  18:00:00  12 46 55.1  -06 13 16  +000904.7 -000000.5  21 12 57.6  132.736 25.654  18.35  38961 16.6
2010-04-21  18:10:00  12 56 58.4  -06 13 24  +000905.1 -000000.9  21 12 56.0  132.730 25.649  16.01  38953 16.6
2010-04-21  18:20:00  13 07 01.8  -06 13 34  +000905.4 -000001.3  21 12 54.2  132.725 25.643  13.74  38946 16.5
2010-04-21  18:30:00  13 17 05.6  -06 13 49  +000905.8 -000001.6  21 12 52.1  132.719 25.635  11.53  38939 16.5
2010-04-21  18:40:00  13 27 09.5  -06 14 07  +000906.1 -000002.0  21 12 49.8  132.713 25.625   9.48  38932 16.5
2010-04-21  18:50:00  13 37 13.7  -06 14 29  +000906.4 -000002.4  21 12 47.2  132.706 25.615   7.65  38926 16.5
2010-04-21  19:00:00  13 47 18.1  -06 14 55  +000906.8 -000002.7  21 12 44.5  132.699 25.603   6.31  38920 16.5
2010-04-21  19:10:00  13 57 22.7  -06 15 23  +000907.1 -000003.1  21 12 41.5  132.692 25.590   5.76  38914 16.5
2010-04-21  19:20:00  14 07 27.6  -06 15 56  +000907.4 -000003.4  21 12 38.3  132.684 25.575   6.24  38908 16.5
2010-04-21  19:30:00  14 17 32.6  -06 16 32  +000907.7 -000003.8  21 12 34.9  132.677 25.559   7.55  38903 16.5
2010-04-21  19:40:00  14 27 37.8  -06 17 11  +000908.0 -000004.1  21 12 31.3  132.669 25.543   9.34  38898 16.5
2010-04-21  19:50:00  14 37 43.3  -06 17 54  +000908.3 -000004.4  21 12 27.5  132.660 25.524  11.40  38893 16.5
2010-04-21  20:00:00  14 47 48.9  -06 18 40  +000908.6 -000004.7  21 12 23.6  132.652 25.505  13.60  38889 16.5
2010-04-21  20:10:00  14 57 54.7  -06 19 28  +000908.8 -000005.0  21 12 19.4  132.643 25.485  15.89  38885 16.5
2010-04-21  20:20:00  15 08 00.6  -06 20 20  +000909.1 -000005.3  21 12 15.1  132.634 25.463  18.22  38882 16.6
2010-04-21  20:30:00  15 18 06.7  -06 21 15  +000909.3 -000005.6  21 12 10.6  132.625 25.440  20.59  38878 16.6
2010-04-21  20:40:00  15 28 13.0  -06 22 13  +000909.5 -000005.9  21 12 06.0  132.616 25.417  22.98  38875 16.6
2010-04-21  20:50:00  15 38 19.4  -06 23 13  +000909.7 -000006.2  21 12 01.2  132.607 25.392  25.40  38873 16.6
2010-04-21  21:00:00  15 48 26.0  -06 24 16  +000909.9 -000006.4  21 11 56.3  132.597 25.367  27.82  38871 16.6
2010-04-21  21:10:00  15 58 32.7  -06 25 22  +000910.1 -000006.7  21 11 51.2  132.588 25.341  30.26  38869 16.6
2010-04-21  21:20:00  16 08 39.5  -06 26 30  +000910.3 -000006.9  21 11 46.1  132.578 25.313  32.69  38867 16.7
2010-04-21  21:30:00  16 18 46.4  -06 27 40  +000910.4 -000007.1  21 11 40.8  132.568 25.286  35.15  38866 16.7
2010-04-21  21:40:00  16 28 53.4  -06 28 52  +000910.6 -000007.3  21 11 35.4  132.558 25.257  37.59  38866 16.7
2010-04-21  21:50:00  16 39 00.5  -06 30 06  +000910.7 -000007.5  21 11 30.0  132.549 25.228  40.06  38866 16.7
2010-04-21  22:00:00  16 49 07.7  -06 31 22  +000910.8 -000007.7  21 11 24.5  132.539 25.198  42.51  38866 16.8
2010-04-21  22:10:00  16 59 14.9  -06 32 39  +000910.9 -000007.8  21 11 18.9  132.529 25.168  44.97  38866 16.8
2010-04-21  22:20:00  17 09 22.2  -06 33 58  +000911.0 -000008.0  21 11 13.2  132.519 25.137  47.43  38867 16.8
2010-04-21  22:30:00  17 19 29.6  -06 35 18  +000911.0 -000008.1  21 11 07.5  132.509 25.106  49.90  38868 16.9
2010-04-21  22:40:00  17 29 37.0  -06 36 40  +000911.1 -000008.2  21 11 01.8  132.500 25.074  52.36  38870 16.9
2010-04-21  22:50:00  17 39 44.4  -06 38 02  +000911.1 -000008.3  21 10 56.0  132.490 25.042  54.83  38872 17.0
2010-04-21  23:00:00  17 49 51.8  -06 39 26  +000911.1 -000008.4  21 10 50.2  132.480 25.010  57.29  38875 17.0
2010-04-21  23:10:00  17 59 59.2  -06 40 50  +000911.1 -000008.4  21 10 44.4  132.471 24.978  59.76  38878 17.0
2010-04-21  23:20:00  18 10 06.6  -06 42 14  +000911.1 -000008.5  21 10 38.7  132.462 24.945  62.21  38881 17.1
2010-04-21  23:30:00  18 20 14.0  -06 43 39  +000911.1 -000008.5  21 10 32.9  132.452 24.913  64.68  38884 17.1
2010-04-21  23:40:00  18 30 21.4  -06 45 04  +000911.0 -000008.5  21 10 27.2  132.443 24.880  67.14  38888 17.2
2010-04-21  23:50:00  18 40 28.7  -06 46 30  +000910.9 -000008.5  21 10 21.5  132.434 24.848  69.61  38892 17.2
2010-04-22  00:00:00  18 50 36.0  -06 47 55  +000910.9 -000008.5  21 10 15.9  132.426 24.816  72.06  38897 17.3
2010-04-22  00:10:00  19 00 43.2  -06 49 19  +000910.8 -000008.4  21 10 10.3  132.417 24.784  74.53  38902 17.3
2010-04-22  00:20:00  19 10 50.3  -06 50 44  +000910.6 -000008.4  21 10 04.8  132.409 24.752  76.98  38907 17.4
2010-04-22  00:30:00  19 20 57.4  -06 52 07  +000910.5 -000008.3  21 09 59.4  132.401 24.721  79.44  38913 17.5
2010-04-22  00:40:00  19 31 04.3  -06 53 30  +000910.4 -000008.2  21 09 54.1  132.393 24.690  81.88  38919 17.5
2010-04-22  00:50:00  19 41 11.2  -06 54 52  +000910.2 -000008.1  21 09 48.9  132.386 24.659  84.34  38925 17.6
2010-04-22  01:00:00  19 51 17.9  -06 56 13  +000910.0 -000008.0  21 09 43.8  132.378 24.629  86.78  38931 17.7
2010-04-22  01:10:00  20 01 24.5  -06 57 32  +000909.8 -000007.9  21 09 38.8  132.371 24.599  89.23  38938 17.7
2010-04-22  01:20:00  20 11 31.0  -06 58 50  +000909.6 -000007.7  21 09 34.0  132.365 24.571  91.66  38945 17.8
2010-04-22  01:30:00  20 21 37.4  -07 00 06  +000909.4 -000007.6  21 09 29.3  132.358 24.542  94.10  38952 17.9
2010-04-22  01:40:00  20 31 43.6  -07 01 21  +000909.2 -000007.4  21 09 24.7  132.352 24.515  96.53  38959 18.0
2010-04-22  01:50:00  20 41 49.6  -07 02 34  +000908.9 -000007.2  21 09 20.3  132.346 24.488  98.96  38967 18.0
2010-04-22  02:00:00  20 51 55.5  -07 03 45  +000908.7 -000007.0  21 09 16.1  132.341 24.462 101.38  38975 18.1

   Date        UTC        RA         DECL      RARate   DeclRate    HourAng      Az     Um    Phase  Range  Mag
2010-04-22  18:00:00  12 51 13.4  -06 13 08  +000904.9 -000000.7  21 12 35.9  132.648 25.610  18.32  38960 16.6
2010-04-22  18:10:00  13 01 16.8  -06 13 16  +000905.3 -000001.0  21 12 34.2  132.643 25.605  16.00  38953 16.6
2010-04-22  18:20:00  13 11 20.4  -06 13 29  +000905.6 -000001.4  21 12 32.2  132.637 25.598  13.76  38946 16.5
2010-04-22  18:30:00  13 21 24.2  -06 13 45  +000905.9 -000001.8  21 12 30.0  132.631 25.589  11.58  38940 16.5
2010-04-22  18:40:00  13 31 28.3  -06 14 04  +000906.3 -000002.1  21 12 27.6  132.624 25.579   9.58  38933 16.5
2010-04-22  18:50:00  13 41 32.6  -06 14 27  +000906.6 -000002.5  21 12 24.9  132.618 25.568   7.82  38927 16.5
2010-04-22  19:00:00  13 51 37.1  -06 14 54  +000906.9 -000002.9  21 12 22.1  132.611 25.556   6.57  38921 16.5
2010-04-22  19:10:00  14 01 41.8  -06 15 25  +000907.2 -000003.2  21 12 19.0  132.603 25.542   6.10  38916 16.5
2010-04-22  19:20:00  14 11 46.7  -06 15 59  +000907.5 -000003.6  21 12 15.7  132.596 25.527   6.60  38910 16.5
2010-04-22  19:30:00  14 21 51.8  -06 16 36  +000907.8 -000003.9  21 12 12.3  132.588 25.511   7.90  38905 16.5
2010-04-22  19:40:00  14 31 57.1  -06 17 17  +000908.1 -000004.2  21 12 08.6  132.580 25.493   9.66  38901 16.5
2010-04-22  19:50:00  14 42 02.6  -06 18 01  +000908.4 -000004.5  21 12 04.8  132.572 25.475  11.69  38896 16.5
2010-04-22  20:00:00  14 52 08.2  -06 18 48  +000908.6 -000004.9  21 12 00.8  132.563 25.455  13.86  38892 16.5
2010-04-22  20:10:00  15 02 14.0  -06 19 38  +000908.9 -000005.2  21 11 56.6  132.555 25.434  16.13  38889 16.5
2010-04-22  20:20:00  15 12 20.0  -06 20 31  +000909.1 -000005.5  21 11 52.2  132.546 25.412  18.45  38885 16.6
2010-04-22  20:30:00  15 22 26.2  -06 21 27  +000909.3 -000005.8  21 11 47.7  132.537 25.389  20.81  38882 16.6
2010-04-22  20:40:00  15 32 32.5  -06 22 26  +000909.5 -000006.0  21 11 43.1  132.528 25.365  23.19  38880 16.6
2010-04-22  20:50:00  15 42 38.9  -06 23 28  +000909.7 -000006.3  21 11 38.3  132.519 25.340  25.60  38878 16.6
2010-04-22  21:00:00  15 52 45.4  -06 24 32  +000909.9 -000006.5  21 11 33.4  132.510 25.315  28.01  38876 16.6
2010-04-22  21:10:00  16 02 52.1  -06 25 39  +000910.1 -000006.8  21 11 28.4  132.500 25.288  30.45  38874 16.6
2010-04-22  21:20:00  16 12 58.9  -06 26 48  +000910.2 -000007.0  21 11 23.3  132.491 25.261  32.87  38873 16.7
2010-04-22  21:30:00  16 23 05.7  -06 27 59  +000910.4 -000007.2  21 11 18.0  132.482 25.233  35.32  38873 16.7
2010-04-22  21:40:00  16 33 12.7  -06 29 12  +000910.5 -000007.4  21 11 12.7  132.472 25.204  37.76  38872 16.7
2010-04-22  21:50:00  16 43 19.7  -06 30 27  +000910.6 -000007.6  21 11 07.3  132.463 25.175  40.22  38872 16.7
2010-04-22  22:00:00  16 53 26.8  -06 31 44  +000910.7 -000007.8  21 11 01.9  132.453 25.145  42.67  38873 16.8
2010-04-22  22:10:00  17 03 34.0  -06 33 02  +000910.8 -000007.9  21 10 56.3  132.444 25.114  45.13  38873 16.8
2010-04-22  22:20:00  17 13 41.2  -06 34 22  +000910.9 -000008.0  21 10 50.8  132.435 25.084  47.58  38875 16.8
2010-04-22  22:30:00  17 23 48.5  -06 35 43  +000910.9 -000008.2  21 10 45.2  132.425 25.052  50.05  38876 16.9
2010-04-22  22:40:00  17 33 55.8  -06 37 05  +000910.9 -000008.3  21 10 39.5  132.416 25.021  52.50  38878 16.9
2010-04-22  22:50:00  17 44 03.1  -06 38 28  +000911.0 -000008.4  21 10 33.9  132.407 24.989  54.97  38880 17.0
2010-04-22  23:00:00  17 54 10.4  -06 39 52  +000911.0 -000008.4  21 10 28.2  132.398 24.957  57.42  38883 17.0
2010-04-22  23:10:00  18 04 17.7  -06 41 17  +000910.9 -000008.5  21 10 22.5  132.389 24.925  59.89  38886 17.0
2010-04-22  23:20:00  18 14 24.9  -06 42 42  +000910.9 -000008.5  21 10 16.9  132.381 24.892  62.34  38890 17.1
2010-04-22  23:30:00  18 24 32.2  -06 44 07  +000910.9 -000008.5  21 10 11.3  132.372 24.860  64.81  38893 17.1
2010-04-22  23:40:00  18 34 39.4  -06 45 33  +000910.8 -000008.5  21 10 05.7  132.364 24.828  67.26  38897 17.2
2010-04-22  23:50:00  18 44 46.6  -06 46 58  +000910.7 -000008.5  21 10 00.2  132.355 24.796  69.72  38902 17.2
2010-04-23  00:00:00  18 54 53.7  -06 48 24  +000910.6 -000008.5  21 09 54.7  132.347 24.764  72.17  38906 17.3
2010-04-23  00:10:00  19 05 00.8  -06 49 49  +000910.5 -000008.5  21 09 49.3  132.339 24.732  74.64  38912 17.3
2010-04-23  00:20:00  19 15 07.8  -06 51 13  +000910.4 -000008.4  21 09 43.9  132.332 24.701  77.08  38917 17.4
2010-04-23  00:30:00  19 25 14.7  -06 52 37  +000910.3 -000008.3  21 09 38.7  132.324 24.670  79.54  38923 17.5
2010-04-23  00:40:00  19 35 21.5  -06 53 59  +000910.1 -000008.2  21 09 33.5  132.317 24.639  81.98  38929 17.5
2010-04-23  00:50:00  19 45 28.1  -06 55 21  +000909.9 -000008.1  21 09 28.5  132.310 24.609  84.43  38935 17.6
2010-04-23  01:00:00  19 55 34.7  -06 56 42  +000909.8 -000008.0  21 09 23.6  132.304 24.579  86.87  38941 17.7
2010-04-23  01:10:00  20 05 41.2  -06 58 01  +000909.6 -000007.8  21 09 18.7  132.298 24.550  89.31  38948 17.7
2010-04-23  01:20:00  20 15 47.5  -06 59 19  +000909.4 -000007.7  21 09 14.1  132.292 24.521  91.74  38955 17.8
2010-04-23  01:30:00  20 25 53.6  -07 00 35  +000909.1 -000007.5  21 09 09.6  132.286 24.494  94.18  38962 17.9
2010-04-23  01:40:00  20 35 59.7  -07 01 49  +000908.9 -000007.3  21 09 05.2  132.280 24.467  96.60  38970 18.0
2010-04-23  01:50:00  20 46 05.5  -07 03 01  +000908.7 -000007.1  21 09 01.0  132.275 24.440  99.03  38977 18.0
2010-04-23  02:00:00  20 56 11.2  -07 04 12  +000908.4 -000006.9  21 08 56.9  132.271 24.415 101.44  38985 18.1

   Date        UTC        RA         DECL      RARate   DeclRate    HourAng      Az     Um    Phase  Range  Mag
2010-04-23  18:00:00  12 55 31.6  -06 13 03  +000905.1 -000000.8  21 12 14.2  132.562 25.566  18.30  38960 16.6
2010-04-23  18:10:00  13 05 35.1  -06 13 13  +000905.5 -000001.2  21 12 12.3  132.556 25.559  16.00  38953 16.6
2010-04-23  18:20:00  13 15 38.9  -06 13 27  +000905.8 -000001.6  21 12 10.2  132.550 25.551  13.78  38946 16.5
2010-04-23  18:30:00  13 25 42.8  -06 13 44  +000906.1 -000001.9  21 12 07.9  132.544 25.542  11.64  38940 16.5
2010-04-23  18:40:00  13 35 47.0  -06 14 06  +000906.4 -000002.3  21 12 05.4  132.537 25.532   9.69  38934 16.5
2010-04-23  18:50:00  13 45 51.4  -06 14 30  +000906.7 -000002.6  21 12 02.6  132.530 25.520   8.00  38928 16.5
2010-04-23  19:00:00  13 55 56.0  -06 14 59  +000907.0 -000003.0  21 11 59.7  132.523 25.507   6.83  38923 16.5
2010-04-23  19:10:00  14 06 00.8  -06 15 30  +000907.3 -000003.4  21 11 56.5  132.516 25.493   6.43  38917 16.5
2010-04-23  19:20:00  14 16 05.8  -06 16 06  +000907.6 -000003.7  21 11 53.2  132.508 25.477   6.96  38912 16.5
2010-04-23  19:30:00  14 26 11.0  -06 16 44  +000907.9 -000004.0  21 11 49.7  132.500 25.461   8.24  38908 16.5
2010-04-23  19:40:00  14 36 16.3  -06 17 26  +000908.2 -000004.4  21 11 45.9  132.492 25.443   9.97  38903 16.5
2010-04-23  19:50:00  14 46 21.9  -06 18 12  +000908.4 -000004.7  21 11 42.0  132.484 25.424  11.98  38899 16.5
2010-04-23  20:00:00  14 56 27.6  -06 19 00  +000908.7 -000005.0  21 11 38.0  132.475 25.404  14.13  38896 16.5
2010-04-23  20:10:00  15 06 33.4  -06 19 52  +000908.9 -000005.3  21 11 33.8  132.467 25.382  16.38  38892 16.5
2010-04-23  20:20:00  15 16 39.4  -06 20 46  +000909.1 -000005.6  21 11 29.4  132.458 25.360  18.68  38889 16.6
2010-04-23  20:30:00  15 26 45.6  -06 21 43  +000909.3 -000005.9  21 11 24.9  132.450 25.337  21.03  38887 16.6
2010-04-23  20:40:00  15 36 51.9  -06 22 43  +000909.5 -000006.1  21 11 20.3  132.441 25.313  23.40  38885 16.6
2010-04-23  20:50:00  15 46 58.3  -06 23 46  +000909.7 -000006.4  21 11 15.5  132.432 25.288  25.80  38883 16.6
2010-04-23  21:00:00  15 57 04.8  -06 24 52  +000909.9 -000006.6  21 11 10.6  132.423 25.262  28.21  38881 16.6
2010-04-23  21:10:00  16 07 11.5  -06 25 59  +000910.0 -000006.9  21 11 05.6  132.414 25.235  30.63  38880 16.6
2010-04-23  21:20:00  16 17 18.2  -06 27 09  +000910.2 -000007.1  21 11 00.5  132.405 25.207  33.05  38879 16.7
2010-04-23  21:30:00  16 27 25.0  -06 28 21  +000910.3 -000007.3  21 10 55.3  132.396 25.179  35.50  38879 16.7
2010-04-23  21:40:00  16 37 31.9  -06 29 35  +000910.4 -000007.5  21 10 50.0  132.387 25.150  37.93  38879 16.7
2010-04-23  21:50:00  16 47 38.9  -06 30 51  +000910.5 -000007.7  21 10 44.7  132.378 25.121  40.38  38879 16.8
2010-04-23  22:00:00  16 57 46.0  -06 32 09  +000910.6 -000007.8  21 10 39.3  132.369 25.091  42.83  38880 16.8
2010-04-23  22:10:00  17 07 53.0  -06 33 28  +000910.7 -000008.0  21 10 33.9  132.360 25.061  45.28  38881 16.8
2010-04-23  22:20:00  17 18 00.2  -06 34 48  +000910.7 -000008.1  21 10 28.4  132.351 25.030  47.73  38882 16.8
2010-04-23  22:30:00  17 28 07.3  -06 36 10  +000910.8 -000008.2  21 10 22.9  132.342 24.999  50.19  38884 16.9
2010-04-23  22:40:00  17 38 14.5  -06 37 33  +000910.8 -000008.3  21 10 17.3  132.334 24.967  52.64  38886 16.9
2010-04-23  22:50:00  17 48 21.7  -06 38 56  +000910.8 -000008.4  21 10 11.8  132.325 24.935  55.10  38889 17.0
2010-04-23  23:00:00  17 58 28.9  -06 40 21  +000910.8 -000008.5  21 10 06.2  132.317 24.903  57.56  38892 17.0
2010-04-23  23:10:00  18 08 36.1  -06 41 46  +000910.7 -000008.5  21 10 00.7  132.308 24.871  60.02  38895 17.0
2010-04-23  23:20:00  18 18 43.2  -06 43 11  +000910.7 -000008.6  21 09 55.2  132.300 24.839  62.47  38899 17.1
2010-04-23  23:30:00  18 28 50.3  -06 44 37  +000910.6 -000008.6  21 09 49.7  132.292 24.807  64.93  38903 17.1
2010-04-23  23:40:00  18 38 57.4  -06 46 03  +000910.6 -000008.6  21 09 44.3  132.284 24.775  67.38  38907 17.2
2010-04-23  23:50:00  18 49 04.4  -06 47 28  +000910.5 -000008.5  21 09 38.9  132.277 24.743  69.84  38911 17.2
2010-04-24  00:00:00  18 59 11.4  -06 48 54  +000910.4 -000008.5  21 09 33.6  132.269 24.712  72.29  38916 17.3
2010-04-24  00:10:00  19 09 18.3  -06 50 19  +000910.3 -000008.5  21 09 28.3  132.262 24.680  74.74  38921 17.3
2010-04-24  00:20:00  19 19 25.1  -06 51 43  +000910.1 -000008.4  21 09 23.1  132.255 24.649  77.18  38927 17.4
2010-04-24  00:30:00  19 29 31.8  -06 53 06  +000910.0 -000008.3  21 09 18.1  132.249 24.619  79.64  38933 17.5
2010-04-24  00:40:00  19 39 38.5  -06 54 29  +000909.8 -000008.2  21 09 13.1  132.242 24.588  82.08  38939 17.5
2010-04-24  00:50:00  19 49 45.0  -06 55 51  +000909.7 -000008.1  21 09 08.2  132.236 24.559  84.52  38945 17.6
2010-04-24  01:00:00  19 59 51.4  -06 57 11  +000909.5 -000008.0  21 09 03.5  132.230 24.529  86.96  38952 17.7
2010-04-24  01:10:00  20 09 57.6  -06 58 30  +000909.3 -000007.8  21 08 58.9  132.225 24.501  89.40  38959 17.7
2010-04-24  01:20:00  20 20 03.7  -06 59 47  +000909.1 -000007.6  21 08 54.4  132.219 24.473  91.82  38965 17.8
2010-04-24  01:30:00  20 30 09.7  -07 01 03  +000908.9 -000007.5  21 08 50.0  132.214 24.446  94.26  38973 17.9
2010-04-24  01:40:00  20 40 15.6  -07 02 16  +000908.6 -000007.3  21 08 45.8  132.209 24.419  96.67  38980 18.0
2010-04-24  01:50:00  20 50 21.2  -07 03 28  +000908.4 -000007.1  21 08 41.8  132.205 24.393  99.10  38988 18.0

   Date        UTC        RA         DECL      RARate   DeclRate    HourAng      Az     Um    Phase  Range  Mag
2010-04-24  18:00:00  12 59 49.9  -06 13 03  +000905.3 -000001.0  21 11 52.5  132.477 25.520  18.28  38960 16.6
2010-04-24  18:10:00  13 09 53.5  -06 13 14  +000905.6 -000001.3  21 11 50.5  132.470 25.513  16.01  38953 16.6
2010-04-24  18:20:00  13 19 57.4  -06 13 30  +000906.0 -000001.7  21 11 48.3  132.464 25.504  13.81  38947 16.5
2010-04-24  18:30:00  13 30 01.5  -06 13 49  +000906.3 -000002.1  21 11 45.8  132.457 25.495  11.71  38941 16.5
2010-04-24  18:40:00  13 40 05.8  -06 14 11  +000906.6 -000002.4  21 11 43.2  132.450 25.484   9.81  38935 16.5
2010-04-24  18:50:00  13 50 10.3  -06 14 37  +000906.9 -000002.8  21 11 40.3  132.443 25.471   8.19  38929 16.5
2010-04-24  19:00:00  14 00 14.9  -06 15 07  +000907.2 -000003.2  21 11 37.3  132.436 25.458   7.10  38924 16.5
2010-04-24  19:10:00  14 10 19.8  -06 15 41  +000907.5 -000003.5  21 11 34.1  132.429 25.443   6.77  38919 16.5
2010-04-24  19:20:00  14 20 24.9  -06 16 17  +000907.7 -000003.8  21 11 30.6  132.421 25.427   7.32  38914 16.5
2010-04-24  19:30:00  14 30 30.2  -06 16 57  +000908.0 -000004.2  21 11 27.0  132.413 25.410   8.58  38910 16.5
2010-04-24  19:40:00  14 40 35.6  -06 17 41  +000908.3 -000004.5  21 11 23.2  132.405 25.391  10.29  38906 16.5
2010-04-24  19:50:00  14 50 41.2  -06 18 27  +000908.5 -000004.8  21 11 19.3  132.397 25.372  12.27  38902 16.5
2010-04-24  20:00:00  15 00 46.9  -06 19 17  +000908.7 -000005.1  21 11 15.2  132.388 25.351  14.39  38899 16.5
2010-04-24  20:10:00  15 10 52.8  -06 20 10  +000909.0 -000005.4  21 11 10.9  132.380 25.330  16.63  38896 16.6
2010-04-24  20:20:00  15 20 58.9  -06 21 06  +000909.2 -000005.7  21 11 06.5  132.371 25.307  18.91  38893 16.6
2010-04-24  20:30:00  15 31 05.0  -06 22 04  +000909.4 -000006.0  21 11 02.0  132.363 25.283  21.25  38891 16.6
2010-04-24  20:40:00  15 41 11.3  -06 23 05  +000909.5 -000006.3  21 10 57.3  132.354 25.259  23.61  38889 16.6
2010-04-24  20:50:00  15 51 17.7  -06 24 09  +000909.7 -000006.5  21 10 52.6  132.345 25.233  26.00  38888 16.6
2010-04-24  21:00:00  16 01 24.3  -06 25 16  +000909.9 -000006.7  21 10 47.7  132.337 25.207  28.40  38886 16.6
2010-04-24  21:10:00  16 11 30.9  -06 26 24  +000910.0 -000007.0  21 10 42.7  132.328 25.180  30.82  38886 16.7
2010-04-24  21:20:00  16 21 37.6  -06 27 35  +000910.1 -000007.2  21 10 37.6  132.319 25.153  33.23  38885 16.7
2010-04-24  21:30:00  16 31 44.4  -06 28 48  +000910.2 -000007.4  21 10 32.5  132.311 25.124  35.67  38885 16.7
2010-04-24  21:40:00  16 41 51.2  -06 30 03  +000910.3 -000007.6  21 10 27.3  132.302 25.095  38.10  38885 16.7
2010-04-24  21:50:00  16 51 58.2  -06 31 20  +000910.4 -000007.7  21 10 22.0  132.293 25.066  40.55  38886 16.8
2010-04-24  22:00:00  17 02 05.1  -06 32 38  +000910.5 -000007.9  21 10 16.7  132.285 25.036  42.98  38887 16.8
2010-04-24  22:10:00  17 12 12.2  -06 33 58  +000910.5 -000008.0  21 10 11.3  132.276 25.006  45.44  38888 16.8
2010-04-24  22:20:00  17 22 19.2  -06 35 19  +000910.6 -000008.2  21 10 05.9  132.268 24.975  47.88  38890 16.9
2010-04-24  22:30:00  17 32 26.3  -06 36 41  +000910.6 -000008.3  21 10 00.5  132.260 24.944  50.34  38892 16.9
2010-04-24  22:40:00  17 42 33.3  -06 38 04  +000910.6 -000008.4  21 09 55.0  132.251 24.912  52.78  38895 16.9
2010-04-24  22:50:00  17 52 40.4  -06 39 28  +000910.6 -000008.4  21 09 49.6  132.243 24.881  55.24  38897 17.0
2010-04-24  23:00:00  18 02 47.5  -06 40 53  +000910.6 -000008.5  21 09 44.2  132.235 24.849  57.69  38901 17.0
2010-04-24  23:10:00  18 12 54.5  -06 42 18  +000910.6 -000008.5  21 09 38.8  132.228 24.817  60.15  38904 17.0
2010-04-24  23:20:00  18 23 01.6  -06 43 44  +000910.5 -000008.6  21 09 33.4  132.220 24.785  62.59  38908 17.1
2010-04-24  23:30:00  18 33 08.5  -06 45 10  +000910.4 -000008.6  21 09 28.1  132.213 24.753  65.05  38912 17.1
2010-04-24  23:40:00  18 43 15.5  -06 46 36  +000910.4 -000008.6  21 09 22.8  132.206 24.722  67.50  38916 17.2
2010-04-24  23:50:00  18 53 22.3  -06 48 01  +000910.3 -000008.5  21 09 17.5  132.199 24.690  69.95  38921 17.2
2010-04-25  00:00:00  19 03 29.1  -06 49 26  +000910.1 -000008.5  21 09 12.4  132.192 24.659  72.39  38926 17.3
2010-04-25  00:10:00  19 13 35.9  -06 50 51  +000910.0 -000008.4  21 09 07.3  132.185 24.628  74.85  38932 17.4
2010-04-25  00:20:00  19 23 42.5  -06 52 15  +000909.9 -000008.4  21 09 02.3  132.179 24.597  77.29  38937 17.4
2010-04-25  00:30:00  19 33 49.0  -06 53 38  +000909.7 -000008.3  21 08 57.4  132.173 24.567  79.74  38943 17.5
2010-04-25  00:40:00  19 43 55.5  -06 55 01  +000909.6 -000008.2  21 08 52.6  132.167 24.537  82.17  38949 17.5
2010-04-25  00:50:00  19 54 01.8  -06 56 22  +000909.4 -000008.0  21 08 47.9  132.162 24.508  84.61  38956 17.6
2010-04-25  01:00:00  20 04 08.0  -06 57 42  +000909.2 -000007.9  21 08 43.4  132.157 24.479  87.04  38962 17.7
2010-04-25  01:10:00  20 14 14.1  -06 58 60  +000909.0 -000007.7  21 08 38.9  132.152 24.451  89.48  38969 17.7
2010-04-25  01:20:00  20 24 20.0  -07 00 17  +000908.8 -000007.6  21 08 34.6  132.147 24.424  91.90  38976 17.8
2010-04-25  01:30:00  20 34 25.8  -07 01 31  +000908.6 -000007.4  21 08 30.5  132.143 24.397  94.33  38984 17.9
2010-04-25  01:40:00  20 44 31.4  -07 02 44  +000908.3 -000007.2  21 08 26.5  132.139 24.371  96.74  38991 18.0
2010-04-25  01:50:00  20 54 36.9  -07 03 55  +000908.1 -000007.0  21 08 22.7  132.135 24.346  99.16  38999 18.0

   Date        UTC        RA         DECL      RARate   DeclRate    HourAng      Az     Um    Phase  Range  Mag
2010-04-25  18:00:00  13 04 08.2  -06 13 05  +000905.5 -000001.1  21 11 30.8  132.391 25.473  18.28  38960 16.6
2010-04-25  18:10:00  13 14 12.0  -06 13 18  +000905.8 -000001.5  21 11 28.6  132.385 25.465  16.02  38953 16.6
2010-04-25  18:20:00  13 24 16.0  -06 13 35  +000906.2 -000001.9  21 11 26.3  132.378 25.456  13.86  38947 16.5
2010-04-25  18:30:00  13 34 20.2  -06 13 56  +000906.5 -000002.2  21 11 23.7  132.371 25.446  11.79  38941 16.5
2010-04-25  18:40:00  13 44 24.6  -06 14 20  +000906.8 -000002.6  21 11 20.9  132.364 25.434   9.93  38936 16.5
2010-04-25  18:50:00  13 54 29.2  -06 14 48  +000907.1 -000003.0  21 11 18.0  132.357 25.421   8.38  38931 16.5
2010-04-25  19:00:00  14 04 34.0  -06 15 20  +000907.3 -000003.3  21 11 14.8  132.350 25.407   7.37  38926 16.5
2010-04-25  19:10:00  14 14 39.0  -06 15 54  +000907.6 -000003.7  21 11 11.5  132.342 25.392   7.10  38921 16.5
2010-04-25  19:20:00  14 24 44.1  -06 16 33  +000907.9 -000004.0  21 11 08.0  132.334 25.375   7.66  38917 16.5
2010-04-25  19:30:00  14 34 49.4  -06 17 14  +000908.1 -000004.3  21 11 04.3  132.326 25.357   8.91  38913 16.5
2010-04-25  19:40:00  14 44 54.9  -06 17 59  +000908.4 -000004.6  21 11 00.4  132.318 25.338  10.60  38909 16.5
2010-04-25  19:50:00  14 55 00.6  -06 18 47  +000908.6 -000005.0  21 10 56.4  132.310 25.318  12.55  38906 16.5
2010-04-25  20:00:00  15 05 06.4  -06 19 39  +000908.8 -000005.3  21 10 52.3  132.302 25.297  14.66  38902 16.5
2010-04-25  20:10:00  15 15 12.3  -06 20 33  +000909.0 -000005.6  21 10 48.0  132.293 25.275  16.88  38900 16.6
2010-04-25  20:20:00  15 25 18.4  -06 21 30  +000909.2 -000005.8  21 10 43.5  132.285 25.252  19.15  38898 16.6
2010-04-25  20:30:00  15 35 24.6  -06 22 30  +000909.4 -000006.1  21 10 39.0  132.276 25.228  21.47  38896 16.6
2010-04-25  20:40:00  15 45 30.9  -06 23 32  +000909.6 -000006.4  21 10 34.3  132.268 25.204  23.82  38894 16.6
2010-04-25  20:50:00  15 55 37.3  -06 24 37  +000909.7 -000006.6  21 10 29.5  132.259 25.178  26.20  38893 16.6
2010-04-25  21:00:00  16 05 43.8  -06 25 45  +000909.8 -000006.9  21 10 24.7  132.251 25.151  28.59  38892 16.6
2010-04-25  21:10:00  16 15 50.5  -06 26 54  +000910.0 -000007.1  21 10 19.7  132.242 25.124  31.00  38891 16.7
2010-04-25  21:20:00  16 25 57.1  -06 28 06  +000910.1 -000007.3  21 10 14.7  132.234 25.096  33.41  38891 16.7
2010-04-25  21:30:00  16 36 03.9  -06 29 20  +000910.2 -000007.5  21 10 09.5  132.226 25.068  35.84  38891 16.7
2010-04-25  21:40:00  16 46 10.7  -06 30 36  +000910.3 -000007.7  21 10 04.4  132.217 25.039  38.27  38892 16.7
2010-04-25  21:50:00  16 56 17.6  -06 31 53  +000910.3 -000007.8  21 09 59.1  132.209 25.009  40.71  38893 16.8
2010-04-25  22:00:00  17 06 24.5  -06 33 12  +000910.4 -000008.0  21 09 53.9  132.201 24.979  43.14  38894 16.8
2010-04-25  22:10:00  17 16 31.4  -06 34 33  +000910.4 -000008.1  21 09 48.6  132.193 24.949  45.59  38896 16.8
2010-04-25  22:20:00  17 26 38.4  -06 35 54  +000910.5 -000008.2  21 09 43.3  132.185 24.918  48.03  38898 16.9
2010-04-25  22:30:00  17 36 45.4  -06 37 17  +000910.5 -000008.3  21 09 37.9  132.177 24.887  50.48  38900 16.9
2010-04-25  22:40:00  17 46 52.4  -06 38 41  +000910.5 -000008.4  21 09 32.6  132.169 24.856  52.92  38903 16.9
2010-04-25  22:50:00  17 56 59.3  -06 40 05  +000910.4 -000008.5  21 09 27.3  132.162 24.824  55.38  38906 17.0
2010-04-25  23:00:00  18 07 06.3  -06 41 30  +000910.4 -000008.5  21 09 21.9  132.154 24.793  57.82  38909 17.0
2010-04-25  23:10:00  18 17 13.2  -06 42 55  +000910.4 -000008.6  21 09 16.7  132.147 24.761  60.28  38913 17.1
2010-04-25  23:20:00  18 27 20.1  -06 44 21  +000910.3 -000008.6  21 09 11.4  132.140 24.730  62.72  38917 17.1
2010-04-25  23:30:00  18 37 26.9  -06 45 47  +000910.2 -000008.6  21 09 06.2  132.133 24.698  65.17  38922 17.1
2010-04-25  23:40:00  18 47 33.7  -06 47 13  +000910.1 -000008.6  21 09 01.1  132.127 24.667  67.61  38926 17.2
2010-04-25  23:50:00  18 57 40.4  -06 48 38  +000910.0 -000008.5  21 08 56.0  132.120 24.636  70.07  38931 17.2
2010-04-26  00:00:00  19 07 47.1  -06 50 03  +000909.9 -000008.5  21 08 51.0  132.114 24.605  72.50  38936 17.3
2010-04-26  00:10:00  19 17 53.7  -06 51 28  +000909.8 -000008.4  21 08 46.1  132.108 24.574  74.95  38942 17.4
2010-04-26  00:20:00  19 28 00.1  -06 52 51  +000909.6 -000008.3  21 08 41.2  132.103 24.544  77.39  38948 17.4
2010-04-26  00:30:00  19 38 06.5  -06 54 14  +000909.5 -000008.2  21 08 36.5  132.097 24.514  79.83  38954 17.5
2010-04-26  00:40:00  19 48 12.8  -06 55 36  +000909.3 -000008.1  21 08 31.9  132.092 24.485  82.26  38960 17.5
2010-04-26  00:50:00  19 58 18.9  -06 56 56  +000909.1 -000008.0  21 08 27.4  132.087 24.456  84.70  38966 17.6
2010-04-26  01:00:00  20 08 24.9  -06 58 15  +000908.9 -000007.8  21 08 23.0  132.083 24.428  87.13  38973 17.7
2010-04-26  01:10:00  20 18 30.8  -06 59 33  +000908.7 -000007.7  21 08 18.8  132.078 24.400  89.56  38980 17.7
2010-04-26  01:20:00  20 28 36.5  -07 00 49  +000908.5 -000007.5  21 08 14.7  132.074 24.373  91.98  38987 17.8
2010-04-26  01:30:00  20 38 42.1  -07 02 03  +000908.3 -000007.3  21 08 10.7  132.071 24.347  94.40  38995 17.9
2010-04-26  01:40:00  20 48 47.5  -07 03 15  +000908.0 -000007.1  21 08 07.0  132.067 24.322  96.81  39002 18.0
2010-04-26  01:50:00  20 58 52.8  -07 04 25  +000907.8 -000006.9  21 08 03.3  132.064 24.298  99.22  39010 18.1

   Date        UTC        RA         DECL      RARate   DeclRate    HourAng      Az     Um    Phase  Range  Mag
2010-04-26  18:10:00  13 18 30.6  -06 13 24  +000906.0 -000001.7  21 11 06.6  132.299 25.417  16.04  38954 16.6
2010-04-26  18:20:00  13 28 34.7  -06 13 43  +000906.3 -000002.1  21 11 04.1  132.292 25.407  13.91  38948 16.5
2010-04-26  18:30:00  13 38 39.0  -06 14 05  +000906.6 -000002.4  21 11 01.4  132.285 25.396  11.88  38942 16.5
2010-04-26  18:40:00  13 48 43.6  -06 14 31  +000906.9 -000002.8  21 10 58.5  132.278 25.384  10.07  38937 16.5
2010-04-26  18:50:00  13 58 48.3  -06 15 01  +000907.2 -000003.1  21 10 55.4  132.270 25.370   8.59  38932 16.5
2010-04-26  19:00:00  14 08 53.2  -06 15 34  +000907.5 -000003.5  21 10 52.2  132.263 25.356   7.64  38927 16.5
2010-04-26  19:10:00  14 18 58.2  -06 16 11  +000907.7 -000003.8  21 10 48.8  132.255 25.340   7.42  38923 16.5
2010-04-26  19:20:00  14 29 03.5  -06 16 51  +000908.0 -000004.2  21 10 45.2  132.247 25.322   8.01  38919 16.5
2010-04-26  19:30:00  14 39 08.9  -06 17 34  +000908.2 -000004.5  21 10 41.4  132.239 25.304   9.24  38915 16.5
2010-04-26  19:40:00  14 49 14.4  -06 18 21  +000908.5 -000004.8  21 10 37.5  132.231 25.285  10.90  38912 16.5
2010-04-26  19:50:00  14 59 20.1  -06 19 10  +000908.7 -000005.1  21 10 33.4  132.223 25.264  12.84  38909 16.5
2010-04-26  20:00:00  15 09 26.0  -06 20 03  +000908.9 -000005.4  21 10 29.2  132.215 25.243  14.92  38906 16.5
2010-04-26  20:10:00  15 19 32.0  -06 20 59  +000909.1 -000005.7  21 10 24.9  132.207 25.220  17.12  38904 16.6
2010-04-26  20:20:00  15 29 38.1  -06 21 57  +000909.3 -000006.0  21 10 20.4  132.198 25.197  19.38  38902 16.6
2010-04-26  20:30:00  15 39 44.3  -06 22 58  +000909.4 -000006.2  21 10 15.8  132.190 25.172  21.70  38900 16.6
2010-04-26  20:40:00  15 49 50.7  -06 24 02  +000909.6 -000006.5  21 10 11.1  132.182 25.147  24.03  38899 16.6
2010-04-26  20:50:00  15 59 57.1  -06 25 08  +000909.7 -000006.7  21 10 06.3  132.173 25.121  26.40  38898 16.6
2010-04-26  21:00:00  16 10 03.6  -06 26 17  +000909.8 -000007.0  21 10 01.5  132.165 25.094  28.78  38897 16.6
2010-04-26  21:10:00  16 20 10.2  -06 27 28  +000910.0 -000007.2  21 09 56.5  132.157 25.067  31.19  38897 16.7
2010-04-26  21:20:00  16 30 16.9  -06 28 41  +000910.1 -000007.4  21 09 51.5  132.149 25.039  33.59  38897 16.7
2010-04-26  21:30:00  16 40 23.6  -06 29 56  +000910.1 -000007.6  21 09 46.4  132.140 25.010  36.02  38898 16.7
2010-04-26  21:40:00  16 50 30.4  -06 31 12  +000910.2 -000007.7  21 09 41.3  132.132 24.981  38.44  38898 16.7
2010-04-26  21:50:00  17 00 37.2  -06 32 31  +000910.3 -000007.9  21 09 36.1  132.124 24.951  40.87  38900 16.8
2010-04-26  22:00:00  17 10 44.1  -06 33 50  +000910.3 -000008.0  21 09 30.8  132.117 24.921  43.30  38901 16.8
2010-04-26  22:10:00  17 20 50.9  -06 35 12  +000910.3 -000008.2  21 09 25.6  132.109 24.891  45.74  38903 16.8
2010-04-26  22:20:00  17 30 57.8  -06 36 34  +000910.3 -000008.3  21 09 20.4  132.101 24.860  48.18  38906 16.9
2010-04-26  22:30:00  17 41 04.7  -06 37 57  +000910.3 -000008.4  21 09 15.1  132.094 24.829  50.63  38908 16.9
2010-04-26  22:40:00  17 51 11.6  -06 39 21  +000910.3 -000008.4  21 09 09.9  132.087 24.798  53.06  38911 16.9
2010-04-26  22:50:00  18 01 18.5  -06 40 46  +000910.3 -000008.5  21 09 04.6  132.080 24.766  55.51  38915 17.0
2010-04-26  23:00:00  18 11 25.4  -06 42 11  +000910.3 -000008.5  21 08 59.4  132.073 24.735  57.95  38918 17.0
2010-04-26  23:10:00  18 21 32.2  -06 43 37  +000910.2 -000008.6  21 08 54.2  132.066 24.704  60.40  38922 17.1
2010-04-26  23:20:00  18 31 38.9  -06 45 03  +000910.1 -000008.6  21 08 49.1  132.060 24.672  62.84  38926 17.1
2010-04-26  23:30:00  18 41 45.6  -06 46 28  +000910.0 -000008.6  21 08 44.1  132.053 24.641  65.29  38931 17.1
2010-04-26  23:40:00  18 51 52.3  -06 47 54  +000909.9 -000008.5  21 08 39.1  132.047 24.610  67.73  38936 17.2
2010-04-26  23:50:00  19 01 58.9  -06 49 19  +000909.8 -000008.5  21 08 34.1  132.042 24.579  70.18  38941 17.2
2010-04-27  00:00:00  19 12 05.4  -06 50 44  +000909.7 -000008.4  21 08 29.3  132.036 24.548  72.61  38946 17.3
2010-04-27  00:10:00  19 22 11.8  -06 52 08  +000909.5 -000008.4  21 08 24.5  132.031 24.518  75.06  38952 17.4
2010-04-27  00:20:00  19 32 18.1  -06 53 32  +000909.4 -000008.3  21 08 19.8  132.026 24.489  77.49  38958 17.4
2010-04-27  00:30:00  19 42 24.3  -06 54 54  +000909.2 -000008.2  21 08 15.3  132.021 24.459  79.93  38964 17.5
2010-04-27  00:40:00  19 52 30.4  -06 56 15  +000909.0 -000008.0  21 08 10.8  132.016 24.430  82.35  38971 17.5
2010-04-27  00:50:00  20 02 36.3  -06 57 35  +000908.8 -000007.9  21 08 06.5  132.012 24.402  84.79  38977 17.6
2010-04-27  01:00:00  20 12 42.2  -06 58 53  +000908.6 -000007.8  21 08 02.3  132.008 24.375  87.21  38984 17.7
2010-04-27  01:10:00  20 22 47.9  -07 00 10  +000908.4 -000007.6  21 07 58.3  132.005 24.348  89.64  38991 17.7
2010-04-27  01:20:00  20 32 53.4  -07 01 25  +000908.2 -000007.4  21 07 54.4  132.001 24.322  92.05  38998 17.8
2010-04-27  01:30:00  20 42 58.8  -07 02 38  +000908.0 -000007.2  21 07 50.6  131.998 24.296  94.47  39006 17.9
2010-04-27  01:40:00  20 53 04.0  -07 03 49  +000907.7 -000007.0  21 07 47.0  131.995 24.272  96.87  39013 18.0
2010-04-27  01:50:00  21 03 09.1  -07 04 58  +000907.5 -000006.8  21 07 43.6  131.993 24.248  99.29  39021 18.1

   Date        UTC        RA         DECL      RARate   DeclRate    HourAng      Az     Um    Phase  Range  Mag
2010-04-27  18:10:00  13 22 49.5  -06 13 29  +000906.2 -000001.9  21 10 44.2  132.212 25.368  16.07  38954 16.6
2010-04-27  18:20:00  13 32 53.7  -06 13 50  +000906.5 -000002.3  21 10 41.6  132.205 25.358  13.96  38949 16.5
2010-04-27  18:30:00  13 42 58.2  -06 14 14  +000906.8 -000002.6  21 10 38.8  132.198 25.346  11.98  38943 16.5
2010-04-27  18:40:00  13 53 02.8  -06 14 42  +000907.1 -000003.0  21 10 35.8  132.190 25.333  10.22  38938 16.5
2010-04-27  18:50:00  14 03 07.6  -06 15 14  +000907.3 -000003.3  21 10 32.7  132.183 25.319   8.79  38934 16.5
2010-04-27  19:00:00  14 13 12.6  -06 15 49  +000907.6 -000003.7  21 10 29.3  132.175 25.303   7.91  38929 16.5
2010-04-27  19:10:00  14 23 17.7  -06 16 28  +000907.9 -000004.0  21 10 25.8  132.168 25.287   7.75  38925 16.5
2010-04-27  19:20:00  14 33 23.0  -06 17 09  +000908.1 -000004.3  21 10 22.2  132.160 25.269   8.35  38921 16.5
2010-04-27  19:30:00  14 43 28.5  -06 17 55  +000908.3 -000004.7  21 10 18.3  132.152 25.250   9.57  38918 16.5
2010-04-27  19:40:00  14 53 34.1  -06 18 43  +000908.5 -000005.0  21 10 14.3  132.144 25.230  11.21  38915 16.5
2010-04-27  19:50:00  15 03 39.9  -06 19 34  +000908.8 -000005.3  21 10 10.2  132.136 25.209  13.12  38912 16.5
2010-04-27  20:00:00  15 13 45.8  -06 20 29  +000908.9 -000005.6  21 10 05.9  132.128 25.187  15.19  38910 16.5
2010-04-27  20:10:00  15 23 51.8  -06 21 26  +000909.1 -000005.9  21 10 01.6  132.119 25.164  17.37  38907 16.6
2010-04-27  20:20:00  15 33 58.0  -06 22 26  +000909.3 -000006.1  21 09 57.1  132.111 25.140  19.61  38906 16.6
2010-04-27  20:30:00  15 44 04.2  -06 23 29  +000909.5 -000006.4  21 09 52.5  132.103 25.115  21.92  38904 16.6
2010-04-27  20:40:00  15 54 10.6  -06 24 34  +000909.6 -000006.6  21 09 47.7  132.095 25.090  24.24  38903 16.6
2010-04-27  20:50:00  16 04 17.0  -06 25 42  +000909.7 -000006.9  21 09 42.9  132.087 25.063  26.61  38903 16.6
2010-04-27  21:00:00  16 14 23.6  -06 26 52  +000909.8 -000007.1  21 09 38.1  132.079 25.036  28.98  38902 16.6
2010-04-27  21:10:00  16 24 30.2  -06 28 04  +000909.9 -000007.3  21 09 33.1  132.071 25.008  31.37  38903 16.7
2010-04-27  21:20:00  16 34 36.8  -06 29 18  +000910.0 -000007.5  21 09 28.1  132.063 24.980  33.77  38903 16.7
2010-04-27  21:30:00  16 44 43.5  -06 30 34  +000910.1 -000007.7  21 09 23.0  132.055 24.951  36.19  38904 16.7
2010-04-27  21:40:00  16 54 50.3  -06 31 52  +000910.2 -000007.8  21 09 17.9  132.047 24.922  38.60  38905 16.7
2010-04-27  21:50:00  17 04 57.1  -06 33 11  +000910.2 -000008.0  21 09 12.8  132.040 24.892  41.03  38907 16.8
2010-04-27  22:00:00  17 15 03.9  -06 34 31  +000910.2 -000008.1  21 09 07.6  132.032 24.862  43.46  38908 16.8
2010-04-27  22:10:00  17 25 10.7  -06 35 53  +000910.2 -000008.2  21 09 02.4  132.025 24.831  45.90  38911 16.8
2010-04-27  22:20:00  17 35 17.5  -06 37 16  +000910.2 -000008.3  21 08 57.2  132.018 24.800  48.33  38913 16.9
2010-04-27  22:30:00  17 45 24.4  -06 38 40  +000910.2 -000008.4  21 08 52.0  132.011 24.769  50.77  38916 16.9
2010-04-27  22:40:00  17 55 31.2  -06 40 05  +000910.2 -000008.5  21 08 46.9  132.004 24.738  53.20  38919 16.9
2010-04-27  22:50:00  18 05 37.9  -06 41 30  +000910.2 -000008.5  21 08 41.7  131.997 24.707  55.65  38923 17.0
2010-04-27  23:00:00  18 15 44.7  -06 42 56  +000910.1 -000008.6  21 08 36.6  131.991 24.676  58.08  38927 17.0
2010-04-27  23:10:00  18 25 51.4  -06 44 21  +000910.0 -000008.6  21 08 31.6  131.985 24.644  60.53  38931 17.1
2010-04-27  23:20:00  18 35 58.1  -06 45 47  +000909.9 -000008.6  21 08 26.5  131.979 24.613  62.96  38936 17.1
2010-04-27  23:30:00  18 46 04.7  -06 47 13  +000909.8 -000008.6  21 08 21.6  131.973 24.582  65.41  38940 17.1
2010-04-27  23:40:00  18 56 11.2  -06 48 39  +000909.7 -000008.5  21 08 16.7  131.967 24.552  67.84  38945 17.2
2010-04-27  23:50:00  19 06 17.6  -06 50 04  +000909.6 -000008.5  21 08 11.9  131.962 24.521  70.29  38951 17.3
2010-04-28  00:00:00  19 16 24.0  -06 51 29  +000909.5 -000008.4  21 08 07.2  131.957 24.491  72.72  38956 17.3
2010-04-28  00:10:00  19 26 30.3  -06 52 52  +000909.3 -000008.3  21 08 02.6  131.952 24.461  75.16  38962 17.4
2010-04-28  00:20:00  19 36 36.4  -06 54 15  +000909.1 -000008.2  21 07 58.1  131.948 24.432  77.59  38968 17.4
2010-04-28  00:30:00  19 46 42.5  -06 55 37  +000909.0 -000008.1  21 07 53.7  131.944 24.403  80.02  38975 17.5
2010-04-28  00:40:00  19 56 48.4  -06 56 58  +000908.8 -000008.0  21 07 49.4  131.940 24.374  82.45  38981 17.5
2010-04-28  00:50:00  20 06 54.2  -06 58 17  +000908.6 -000007.8  21 07 45.2  131.936 24.347  84.88  38988 17.6
2010-04-28  01:00:00  20 16 59.8  -06 59 35  +000908.4 -000007.7  21 07 41.2  131.933 24.320  87.29  38995 17.7
2010-04-28  01:10:00  20 27 05.3  -07 00 51  +000908.2 -000007.5  21 07 37.4  131.930 24.293  89.72  39002 17.7
2010-04-28  01:20:00  20 37 10.7  -07 02 05  +000907.9 -000007.3  21 07 33.6  131.927 24.268  92.12  39009 17.8
2010-04-28  01:30:00  20 47 15.9  -07 03 17  +000907.7 -000007.1  21 07 30.1  131.924 24.243  94.54  39017 17.9
2010-04-28  01:40:00  20 57 20.9  -07 04 27  +000907.4 -000006.9  21 07 26.7  131.922 24.219  96.94  39024 18.0
2010-04-28  01:50:00  21 07 25.8  -07 05 34  +000907.2 -000006.7  21 07 23.4  131.920 24.196  99.35  39032 18.1

   Date        UTC        RA         DECL      RARate   DeclRate    HourAng      Az     Um    Phase  Range  Mag
2010-04-28  18:10:00  13 27 08.7  -06 13 32  +000906.4 -000002.1  21 10 21.5  132.123 25.319  16.11  38955 16.6
2010-04-28  18:20:00  13 37 13.1  -06 13 55  +000906.6 -000002.5  21 10 18.8  132.116 25.308  14.03  38950 16.5
2010-04-28  18:30:00  13 47 17.6  -06 14 22  +000906.9 -000002.8  21 10 15.9  132.109 25.296  12.08  38945 16.5
2010-04-28  18:40:00  13 57 22.3  -06 14 52  +000907.2 -000003.2  21 10 12.8  132.101 25.282  10.37  38940 16.5
2010-04-28  18:50:00  14 07 27.2  -06 15 25  +000907.5 -000003.5  21 10 09.6  132.094 25.267   9.01  38935 16.5
2010-04-28  19:00:00  14 17 32.3  -06 16 03  +000907.7 -000003.9  21 10 06.2  132.086 25.251   8.19  38931 16.5
2010-04-28  19:10:00  14 27 37.5  -06 16 43  +000908.0 -000004.2  21 10 02.6  132.079 25.233   8.07  38927 16.5
2010-04-28  19:20:00  14 37 42.9  -06 17 27  +000908.2 -000004.5  21 09 58.8  132.071 25.215   8.68  38924 16.5
2010-04-28  19:30:00  14 47 48.4  -06 18 14  +000908.4 -000004.9  21 09 55.0  132.063 25.196   9.90  38921 16.5
2010-04-28  19:40:00  14 57 54.1  -06 19 04  +000908.6 -000005.2  21 09 50.9  132.055 25.175  11.52  38918 16.5
2010-04-28  19:50:00  15 07 59.9  -06 19 58  +000908.8 -000005.5  21 09 46.7  132.047 25.153  13.41  38916 16.5
2010-04-28  20:00:00  15 18 05.9  -06 20 54  +000909.0 -000005.8  21 09 42.4  132.039 25.131  15.45  38913 16.5
2010-04-28  20:10:00  15 28 12.0  -06 21 53  +000909.2 -000006.0  21 09 38.0  132.031 25.107  17.62  38912 16.6
2010-04-28  20:20:00  15 38 18.1  -06 22 55  +000909.3 -000006.3  21 09 33.5  132.023 25.083  19.85  38910 16.6
2010-04-28  20:30:00  15 48 24.4  -06 23 59  +000909.5 -000006.6  21 09 28.8  132.015 25.058  22.14  38909 16.6
2010-04-28  20:40:00  15 58 30.8  -06 25 06  +000909.6 -000006.8  21 09 24.1  132.007 25.032  24.45  38908 16.6
2010-04-28  20:50:00  16 08 37.2  -06 26 15  +000909.7 -000007.0  21 09 19.3  132.000 25.005  26.81  38908 16.6
2010-04-28  21:00:00  16 18 43.7  -06 27 26  +000909.8 -000007.2  21 09 14.4  131.992 24.978  29.17  38908 16.6
2010-04-28  21:10:00  16 28 50.3  -06 28 40  +000909.9 -000007.4  21 09 09.5  131.984 24.950  31.56  38908 16.7
2010-04-28  21:20:00  16 38 57.0  -06 29 55  +000910.0 -000007.6  21 09 04.5  131.976 24.921  33.95  38909 16.7
2010-04-28  21:30:00  16 49 03.7  -06 31 12  +000910.1 -000007.8  21 08 59.5  131.969 24.892  36.36  38910 16.7
2010-04-28  21:40:00  16 59 10.4  -06 32 31  +000910.1 -000007.9  21 08 54.4  131.961 24.862  38.77  38912 16.7
2010-04-28  21:50:00  17 09 17.1  -06 33 51  +000910.1 -000008.1  21 08 49.3  131.954 24.832  41.20  38913 16.8
2010-04-28  22:00:00  17 19 23.9  -06 35 13  +000910.2 -000008.2  21 08 44.1  131.947 24.802  43.61  38916 16.8
2010-04-28  22:10:00  17 29 30.7  -06 36 36  +000910.2 -000008.3  21 08 39.0  131.940 24.771  46.05  38918 16.8
2010-04-28  22:20:00  17 39 37.4  -06 37 60  +000910.1 -000008.4  21 08 33.9  131.933 24.740  48.47  38921 16.9
2010-04-28  22:30:00  17 49 44.2  -06 39 24  +000910.1 -000008.5  21 08 28.8  131.927 24.709  50.91  38924 16.9
2010-04-28  22:40:00  17 59 50.9  -06 40 49  +000910.1 -000008.5  21 08 23.7  131.920 24.678  53.34  38928 16.9
2010-04-28  22:50:00  18 09 57.6  -06 42 15  +000910.0 -000008.6  21 08 18.6  131.914 24.647  55.78  38931 17.0
2010-04-28  23:00:00  18 20 04.3  -06 43 41  +000910.0 -000008.6  21 08 13.6  131.908 24.616  58.21  38935 17.0
2010-04-28  23:10:00  18 30 10.9  -06 45 07  +000909.9 -000008.6  21 08 08.6  131.902 24.585  60.66  38940 17.1
2010-04-28  23:20:00  18 40 17.4  -06 46 33  +000909.8 -000008.6  21 08 03.7  131.897 24.554  63.09  38945 17.1
2010-04-28  23:30:00  18 50 23.9  -06 47 59  +000909.7 -000008.6  21 07 58.9  131.892 24.523  65.53  38950 17.2
2010-04-28  23:40:00  19 00 30.3  -06 49 25  +000909.5 -000008.5  21 07 54.1  131.887 24.492  67.96  38955 17.2
2010-04-28  23:50:00  19 10 36.7  -06 50 50  +000909.4 -000008.5  21 07 49.4  131.882 24.462  70.40  38960 17.3
2010-04-29  00:00:00  19 20 42.9  -06 52 15  +000909.3 -000008.4  21 07 44.9  131.877 24.432  72.83  38966 17.3
2010-04-29  00:10:00  19 30 49.0  -06 53 38  +000909.1 -000008.3  21 07 40.4  131.873 24.403  75.26  38972 17.4
2010-04-29  00:20:00  19 40 55.0  -06 55 01  +000908.9 -000008.2  21 07 36.0  131.869 24.374  77.69  38978 17.4
2010-04-29  00:30:00  19 51 00.9  -06 56 22  +000908.7 -000008.1  21 07 31.8  131.866 24.345  80.12  38985 17.5
2010-04-29  00:40:00  20 01 06.7  -06 57 42  +000908.6 -000007.9  21 07 27.6  131.862 24.317  82.54  38992 17.5
2010-04-29  00:50:00  20 11 12.3  -06 59 01  +000908.3 -000007.8  21 07 23.6  131.859 24.290  84.96  38998 17.6
2010-04-29  01:00:00  20 21 17.8  -07 00 18  +000908.1 -000007.6  21 07 19.8  131.856 24.264  87.37  39005 17.7
2010-04-29  01:10:00  20 31 23.2  -07 01 33  +000907.9 -000007.4  21 07 16.1  131.854 24.238  89.80  39013 17.7
2010-04-29  01:20:00  20 41 28.4  -07 02 46  +000907.7 -000007.2  21 07 12.5  131.852 24.213  92.20  39020 17.8
2010-04-29  01:30:00  20 51 33.4  -07 03 58  +000907.4 -000007.0  21 07 09.2  131.850 24.189  94.61  39027 17.9
2010-04-29  01:40:00  21 01 38.2  -07 05 07  +000907.2 -000006.8  21 07 05.9  131.848 24.165  97.00  39035 18.0

   Date        UTC        RA         DECL      RARate   DeclRate    HourAng      Az     Um    Phase  Range  Mag
2010-04-29  18:10:00  13 31 28.4  -06 13 33  +000906.5 -000002.3  21 09 58.4  132.032 25.270  16.15  38956 16.6
2010-04-29  18:20:00  13 41 32.8  -06 13 58  +000906.8 -000002.7  21 09 55.6  132.025 25.258  14.10  38951 16.5
2010-04-29  18:30:00  13 51 37.4  -06 14 27  +000907.1 -000003.0  21 09 52.7  132.018 25.245  12.19  38946 16.5
2010-04-29  18:40:00  14 01 42.2  -06 14 59  +000907.3 -000003.4  21 09 49.5  132.011 25.230  10.53  38942 16.5
2010-04-29  18:50:00  14 11 47.2  -06 15 35  +000907.6 -000003.7  21 09 46.2  132.004 25.215   9.23  38938 16.5
2010-04-29  19:00:00  14 21 52.3  -06 16 14  +000907.8 -000004.1  21 09 42.7  131.996 25.198   8.47  38934 16.5
2010-04-29  19:10:00  14 31 57.6  -06 16 57  +000908.1 -000004.4  21 09 39.0  131.988 25.180   8.39  38930 16.5
2010-04-29  19:20:00  14 42 03.1  -06 17 42  +000908.3 -000004.7  21 09 35.2  131.981 25.161   9.02  38927 16.5
2010-04-29  19:30:00  14 52 08.7  -06 18 31  +000908.5 -000005.1  21 09 31.3  131.973 25.141  10.22  38924 16.5
2010-04-29  19:40:00  15 02 14.4  -06 19 24  +000908.7 -000005.4  21 09 27.2  131.965 25.120  11.82  38922 16.5
2010-04-29  19:50:00  15 12 20.3  -06 20 19  +000908.9 -000005.7  21 09 23.0  131.958 25.098  13.69  38919 16.5
2010-04-29  20:00:00  15 22 26.2  -06 21 17  +000909.0 -000005.9  21 09 18.6  131.950 25.075  15.72  38917 16.5
2010-04-29  20:10:00  15 32 32.3  -06 22 18  +000909.2 -000006.2  21 09 14.2  131.942 25.050  17.87  38916 16.6
2010-04-29  20:20:00  15 42 38.5  -06 23 21  +000909.4 -000006.5  21 09 09.6  131.934 25.026  20.08  38915 16.6
2010-04-29  20:30:00  15 52 44.8  -06 24 27  +000909.5 -000006.7  21 09 05.0  131.927 25.000  22.36  38914 16.6
2010-04-29  20:40:00  16 02 51.2  -06 25 36  +000909.6 -000007.0  21 09 00.3  131.919 24.974  24.66  38914 16.6
2010-04-29  20:50:00  16 12 57.6  -06 26 46  +000909.7 -000007.2  21 08 55.5  131.911 24.947  27.01  38913 16.6
2010-04-29  21:00:00  16 23 04.1  -06 27 59  +000909.8 -000007.4  21 08 50.6  131.904 24.919  29.36  38914 16.6
2010-04-29  21:10:00  16 33 10.7  -06 29 14  +000909.9 -000007.6  21 08 45.7  131.896 24.890  31.75  38914 16.7
2010-04-29  21:20:00  16 43 17.3  -06 30 31  +000910.0 -000007.8  21 08 40.7  131.889 24.862  34.13  38915 16.7
2010-04-29  21:30:00  16 53 24.0  -06 31 50  +000910.0 -000007.9  21 08 35.7  131.882 24.832  36.53  38917 16.7
2010-04-29  21:40:00  17 03 30.7  -06 33 10  +000910.0 -000008.1  21 08 30.6  131.875 24.802  38.94  38918 16.7
2010-04-29  21:50:00  17 13 37.4  -06 34 31  +000910.1 -000008.2  21 08 25.6  131.868 24.772  41.36  38920 16.8
2010-04-29  22:00:00  17 23 44.1  -06 35 53  +000910.1 -000008.3  21 08 20.5  131.861 24.742  43.77  38923 16.8
2010-04-29  22:10:00  17 33 50.8  -06 37 17  +000910.1 -000008.4  21 08 15.4  131.855 24.711  46.20  38926 16.8
2010-04-29  22:20:00  17 43 57.5  -06 38 42  +000910.1 -000008.5  21 08 10.4  131.848 24.680  48.62  38929 16.9
2010-04-29  22:30:00  17 54 04.2  -06 40 07  +000910.0 -000008.6  21 08 05.3  131.842 24.649  51.05  38932 16.9
2010-04-29  22:40:00  18 04 10.8  -06 41 33  +000910.0 -000008.6  21 08 00.3  131.836 24.618  53.48  38936 16.9
2010-04-29  22:50:00  18 14 17.5  -06 42 59  +000909.9 -000008.6  21 07 55.3  131.831 24.586  55.92  38940 17.0
2010-04-29  23:00:00  18 24 24.0  -06 44 26  +000909.8 -000008.7  21 07 50.4  131.825 24.555  58.34  38944 17.0
2010-04-29  23:10:00  18 34 30.6  -06 45 53  +000909.7 -000008.7  21 07 45.5  131.820 24.524  60.78  38949 17.1
2010-04-29  23:20:00  18 44 37.0  -06 47 19  +000909.6 -000008.6  21 07 40.7  131.815 24.493  63.21  38954 17.1
2010-04-29  23:30:00  18 54 43.4  -06 48 45  +000909.5 -000008.6  21 07 36.0  131.810 24.463  65.65  38959 17.2
2010-04-29  23:40:00  19 04 49.7  -06 50 11  +000909.4 -000008.5  21 07 31.4  131.805 24.433  68.07  38964 17.2
2010-04-29  23:50:00  19 14 55.9  -06 51 36  +000909.2 -000008.5  21 07 26.8  131.801 24.402  70.51  38970 17.3
2010-04-30  00:00:00  19 25 02.0  -06 53 01  +000909.1 -000008.4  21 07 22.3  131.797 24.373  72.93  38976 17.3
2010-04-30  00:10:00  19 35 08.0  -06 54 24  +000908.9 -000008.3  21 07 18.0  131.793 24.344  75.36  38982 17.4
2010-04-30  00:20:00  19 45 13.8  -06 55 47  +000908.7 -000008.2  21 07 13.8  131.790 24.315  77.78  38988 17.4
2010-04-30  00:30:00  19 55 19.6  -06 57 08  +000908.5 -000008.0  21 07 09.6  131.787 24.287  80.21  38995 17.5
2010-04-30  00:40:00  20 05 25.2  -06 58 27  +000908.3 -000007.9  21 07 05.7  131.784 24.260  82.63  39002 17.5
2010-04-30  00:50:00  20 15 30.7  -06 59 46  +000908.1 -000007.7  21 07 01.8  131.781 24.233  85.05  39009 17.6
2010-04-30  01:00:00  20 25 36.0  -07 01 02  +000907.9 -000007.5  21 06 58.1  131.779 24.207  87.46  39016 17.7
2010-04-30  01:10:00  20 35 41.2  -07 02 17  +000907.7 -000007.3  21 06 54.6  131.777 24.181  89.87  39023 17.8
2010-04-30  01:20:00  20 45 46.2  -07 03 29  +000907.4 -000007.1  21 06 51.2  131.776 24.157  92.27  39031 17.8
2010-04-30  01:30:00  20 55 51.1  -07 04 39  +000907.2 -000006.9  21 06 48.0  131.774 24.133  94.68  39038 17.9
2010-04-30  01:40:00  21 05 55.8  -07 05 47  +000906.9 -000006.7  21 06 44.9  131.773 24.111  97.07  39046 18.0

   Date        UTC        RA         DECL      RARate   DeclRate    HourAng      Az     Um    Phase  Range  Mag
2010-04-30  18:10:00  13 35 48.3  -06 13 32  +000906.6 -000002.5  21 09 35.0  131.940 25.220  16.19  38957 16.6
2010-04-30  18:20:00  13 45 52.9  -06 13 59  +000906.9 -000002.9  21 09 32.1  131.933 25.207  14.18  38953 16.5
2010-04-30  18:30:00  13 55 57.6  -06 14 30  +000907.2 -000003.3  21 09 29.0  131.926 25.194  12.31  38948 16.5
2010-04-30  18:40:00  14 06 02.5  -06 15 04  +000907.4 -000003.6  21 09 25.8  131.919 25.178  10.70  38944 16.5
2010-04-30  18:50:00  14 16 07.5  -06 15 42  +000907.7 -000003.9  21 09 22.4  131.911 25.162   9.45  38940 16.5
2010-04-30  19:00:00  14 26 12.7  -06 16 23  +000907.9 -000004.3  21 09 18.9  131.904 25.145   8.75  38936 16.5
2010-04-30  19:10:00  14 36 18.1  -06 17 08  +000908.1 -000004.6  21 09 15.1  131.897 25.126   8.71  38933 16.5
2010-04-30  19:20:00  14 46 23.6  -06 17 55  +000908.3 -000004.9  21 09 11.3  131.889 25.107   9.35  38930 16.5
2010-04-30  19:30:00  14 56 29.2  -06 18 47  +000908.5 -000005.3  21 09 07.3  131.882 25.086  10.54  38928 16.5
2010-04-30  19:40:00  15 06 35.0  -06 19 41  +000908.7 -000005.6  21 09 03.2  131.874 25.064  12.12  38925 16.5
2010-04-30  19:50:00  15 16 40.9  -06 20 38  +000908.9 -000005.8  21 08 58.9  131.866 25.042  13.97  38923 16.5
2010-04-30  20:00:00  15 26 46.9  -06 21 38  +000909.1 -000006.1  21 08 54.6  131.859 25.018  15.98  38922 16.5
2010-04-30  20:10:00  15 36 53.0  -06 22 40  +000909.2 -000006.4  21 08 50.1  131.851 24.994  18.11  38921 16.6
2010-04-30  20:20:00  15 46 59.2  -06 23 45  +000909.4 -000006.6  21 08 45.6  131.844 24.968  20.31  38920 16.6
2010-04-30  20:30:00  15 57 05.4  -06 24 53  +000909.5 -000006.9  21 08 40.9  131.836 24.942  22.58  38919 16.6
2010-04-30  20:40:00  16 07 11.8  -06 26 03  +000909.6 -000007.1  21 08 36.2  131.829 24.916  24.87  38919 16.6
2010-04-30  20:50:00  16 17 18.2  -06 27 16  +000909.7 -000007.3  21 08 31.4  131.822 24.888  27.21  38919 16.6
2010-04-30  21:00:00  16 27 24.7  -06 28 30  +000909.8 -000007.5  21 08 26.5  131.815 24.860  29.56  38920 16.6
2010-04-30  21:10:00  16 37 31.3  -06 29 46  +000909.8 -000007.7  21 08 21.6  131.808 24.831  31.93  38921 16.7
2010-04-30  21:20:00  16 47 37.9  -06 31 04  +000909.9 -000007.9  21 08 16.7  131.801 24.802  34.31  38922 16.7
2010-04-30  21:30:00  16 57 44.5  -06 32 24  +000909.9 -000008.0  21 08 11.7  131.794 24.773  36.71  38924 16.7
2010-04-30  21:40:00  17 07 51.1  -06 33 45  +000910.0 -000008.2  21 08 06.7  131.787 24.743  39.10  38925 16.7
2010-04-30  21:50:00  17 17 57.8  -06 35 08  +000910.0 -000008.3  21 08 01.7  131.781 24.712  41.52  38928 16.8
2010-04-30  22:00:00  17 28 04.4  -06 36 32  +000910.0 -000008.4  21 07 56.7  131.775 24.682  43.93  38930 16.8
2010-04-30  22:10:00  17 38 11.1  -06 37 57  +000910.0 -000008.5  21 07 51.7  131.768 24.651  46.35  38933 16.8
2010-04-30  22:20:00  17 48 17.7  -06 39 22  +000909.9 -000008.6  21 07 46.7  131.763 24.620  48.77  38937 16.9
2010-04-30  22:30:00  17 58 24.3  -06 40 48  +000909.9 -000008.6  21 07 41.7  131.757 24.589  51.20  38940 16.9
2010-04-30  22:40:00  18 08 30.9  -06 42 15  +000909.8 -000008.7  21 07 36.8  131.751 24.557  53.62  38944 16.9
2010-04-30  22:50:00  18 18 37.4  -06 43 42  +000909.8 -000008.7  21 07 31.9  131.746 24.526  56.05  38948 17.0
2010-04-30  23:00:00  18 28 43.9  -06 45 09  +000909.7 -000008.7  21 07 27.1  131.741 24.495  58.47  38953 17.0
2010-04-30  23:10:00  18 38 50.3  -06 46 36  +000909.6 -000008.7  21 07 22.3  131.736 24.464  60.91  38958 17.1
2010-04-30  23:20:00  18 48 56.7  -06 48 03  +000909.5 -000008.7  21 07 17.6  131.732 24.434  63.33  38963 17.1
2010-04-30  23:30:00  18 59 02.9  -06 49 30  +000909.3 -000008.6  21 07 13.0  131.728 24.403  65.76  38968 17.2
2010-04-30  23:40:00  19 09 09.1  -06 50 56  +000909.2 -000008.6  21 07 08.5  131.724 24.373  68.18  38974 17.2
2010-04-30  23:50:00  19 19 15.2  -06 52 21  +000909.0 -000008.5  21 07 04.0  131.720 24.343  70.62  38980 17.3
2010-05-01  00:00:00  19 29 21.1  -06 53 45  +000908.9 -000008.4  21 06 59.7  131.716 24.314  73.04  38986 17.3
2010-05-01  00:10:00  19 39 27.0  -06 55 09  +000908.7 -000008.3  21 06 55.5  131.713 24.285  75.47  38992 17.4
2010-05-01  00:20:00  19 49 32.7  -06 56 31  +000908.5 -000008.2  21 06 51.4  131.710 24.257  77.88  38999 17.4
2010-05-01  00:30:00  19 59 38.3  -06 57 52  +000908.3 -000008.0  21 06 47.4  131.708 24.229  80.30  39005 17.5
2010-05-01  00:40:00  20 09 43.8  -06 59 11  +000908.1 -000007.8  21 06 43.6  131.705 24.202  82.71  39012 17.6
2010-05-01  00:50:00  20 19 49.2  -07 00 29  +000907.9 -000007.7  21 06 39.9  131.703 24.176  85.13  39019 17.6
2010-05-01  01:00:00  20 29 54.3  -07 01 45  +000907.7 -000007.5  21 06 36.4  131.702 24.150  87.54  39026 17.7
2010-05-01  01:10:00  20 39 59.4  -07 02 59  +000907.4 -000007.3  21 06 33.0  131.700 24.125  89.95  39034 17.8
2010-05-01  01:20:00  20 50 04.2  -07 04 11  +000907.2 -000007.1  21 06 29.8  131.699 24.101  92.34  39041 17.8
2010-05-01  01:30:00  21 00 08.9  -07 05 20  +000906.9 -000006.8  21 06 26.7  131.698 24.078  94.74  39049 17.9
2010-05-01  01:40:00  21 10 13.5  -07 06 27  +000906.7 -000006.6  21 06 23.8  131.698 24.056  97.13  39056 18.0
