ЭФЕМЕРИДЫ ПО ОБЪЕКТУ:  90072
Для пункта:  10016 Маяки   46 23'50.68"   30 16'17.74"    14m
C   2010-04-15 12:00
по  2010-05-01 12:00
Шаг  0:10:00
Мин.угол места:          10 град
Макс.угол места Солнца: -10 град
Стандартный блеск :      9.0 (зв.вел.)

ОБОЗНАЧЕНИЯ
RA        прямое восхождение, тек.эпоха
DECL      склонение, тек.эпоха
RARate    скорость по пр.восх., арксек/мин
DeclRate  скорость по склонению, арксек/мин
HourAng   часовой угол
Az        азимут
Um        угол места
Phase     фазовый угол
Range     дальность
Mag       зв.величина (оценка)

   Date        UTC        RA         DECL      RARate   DeclRate    HourAng      Az     Um    Phase  Range  Mag
2010-04-15  17:50:00  04 46 25.7  +05 41 04  +000876.8 -000053.4  04 39 46.0  259.169 17.884 132.46  40768 18.9
2010-04-15  18:00:00  04 56 09.1  +05 31 33  +000873.4 -000060.9  04 40 04.3  259.114 17.716 130.06  40843 18.8
2010-04-15  18:10:00  05 05 50.2  +05 20 47  +000869.9 -000068.2  04 40 24.8  259.051 17.527 127.65  40919 18.6
2010-04-15  18:20:00  05 15 29.0  +05 08 49  +000866.5 -000075.4  04 40 47.7  258.982 17.316 125.26  40993 18.5
2010-04-15  18:30:00  05 25 05.6  +04 55 40  +000863.1 -000082.3  04 41 12.8  258.906 17.085 122.86  41068 18.4
2010-04-15  18:40:00  05 34 39.8  +04 41 23  +000859.8 -000089.1  04 41 40.1  258.824 16.833 120.48  41141 18.3
2010-04-15  18:50:00  05 44 11.9  +04 25 59  +000856.5 -000095.6  04 42 09.7  258.737 16.561 118.09  41214 18.1
2010-04-15  19:00:00  05 53 41.8  +04 09 31  +000853.2 -000101.9  04 42 41.5  258.644 16.270 115.72  41286 18.0
2010-04-15  19:10:00  06 03 09.5  +03 52 01  +000850.0 -000108.0  04 43 15.4  258.546 15.960 113.35  41357 17.9
2010-04-15  19:20:00  06 12 35.2  +03 33 31  +000847.0 -000113.9  04 43 51.3  258.443 15.632 110.99  41427 17.8
2010-04-15  19:30:00  06 21 58.8  +03 14 04  +000844.0 -000119.5  04 44 29.3  258.337 15.286 108.62  41495 17.7
2010-04-15  19:40:00  06 31 20.5  +02 53 42  +000841.1 -000124.9  04 45 09.3  258.226 14.924 106.27  41562 17.6
2010-04-15  19:50:00  06 40 40.3  +02 32 27  +000838.3 -000130.0  04 45 51.1  258.111 14.545 103.92  41628 17.6
2010-04-15  20:00:00  06 49 58.3  +02 10 22  +000835.7 -000134.9  04 46 34.8  257.993 14.151 101.58  41692 17.5
2010-04-15  20:10:00  06 59 14.6  +01 47 29  +000833.2 -000139.6  04 47 20.1  257.871 13.742  99.23  41755 17.4
2010-04-15  20:20:00  07 08 29.3  +01 23 51  +000830.9 -000144.0  04 48 07.1  257.746 13.319  96.90  41816 17.3
2010-04-15  20:30:00  07 17 42.5  +00 59 30  +000828.7 -000148.2  04 48 55.5  257.619 12.883  94.56  41875 17.3
2010-04-15  20:40:00  07 26 54.3  +00 34 28  +000826.7 -000152.1  04 49 45.4  257.488 12.435  92.24  41932 17.2
2010-04-15  20:50:00  07 36 04.8  +00 08 48  +000824.9 -000155.8  04 50 36.5  257.354 11.975  89.90  41987 17.1
2010-04-15  21:00:00  07 45 14.2  -00 17 27  +000823.2 -000159.2  04 51 28.8  257.218 11.505  87.58  42040 17.0
2010-04-15  21:10:00  07 54 22.5  -00 44 16  +000821.8 -000162.4  04 52 22.1  257.080 11.025  85.26  42091 17.0
2010-04-15  21:20:00  08 03 30.0  -01 11 35  +000820.5 -000165.3  04 53 16.3  256.939 10.536  82.94  42139 16.9
2010-04-15  21:30:00  08 12 36.6  -01 39 22  +000819.5 -000168.0  04 54 11.3  256.795 10.039  80.62  42185 16.9

   Date        UTC        RA         DECL      RARate   DeclRate    HourAng      Az     Um    Phase  Range  Mag
2010-04-16  17:50:00  05 04 23.1  +05 25 03  +000870.6 -000067.2  04 25 45.2  256.264 20.048 128.91  40647 18.7
2010-04-16  18:00:00  05 14 02.3  +05 13 14  +000867.2 -000074.4  04 26 07.6  256.196 19.840 126.52  40722 18.6
2010-04-16  18:10:00  05 23 39.3  +05 00 15  +000863.8 -000081.5  04 26 32.3  256.122 19.611 124.12  40796 18.4
2010-04-16  18:20:00  05 33 14.0  +04 46 06  +000860.4 -000088.3  04 26 59.2  256.042 19.361 121.74  40869 18.3
2010-04-16  18:30:00  05 42 46.5  +04 30 49  +000857.0 -000094.9  04 27 28.4  255.956 19.091 119.35  40941 18.2
2010-04-16  18:40:00  05 52 16.7  +04 14 28  +000853.8 -000101.3  04 27 59.8  255.865 18.802 116.98  41013 18.1
2010-04-16  18:50:00  06 01 44.8  +03 57 03  +000850.6 -000107.5  04 28 33.3  255.769 18.493 114.60  41084 18.0
2010-04-16  19:00:00  06 11 10.8  +03 38 38  +000847.5 -000113.4  04 29 09.0  255.668 18.166 112.25  41153 17.9
2010-04-16  19:10:00  06 20 34.8  +03 19 15  +000844.4 -000119.2  04 29 46.6  255.563 17.821 109.88  41221 17.8
2010-04-16  19:20:00  06 29 56.8  +02 58 56  +000841.5 -000124.6  04 30 26.3  255.454 17.459 107.53  41288 17.7
2010-04-16  19:30:00  06 39 16.9  +02 37 44  +000838.7 -000129.9  04 31 07.9  255.342 17.080 105.17  41354 17.6
2010-04-16  19:40:00  06 48 35.1  +02 15 40  +000836.1 -000134.9  04 31 51.3  255.226 16.686 102.83  41418 17.5
2010-04-16  19:50:00  06 57 51.6  +01 52 47  +000833.5 -000139.6  04 32 36.4  255.106 16.276 100.49  41481 17.4
2010-04-16  20:00:00  07 07 06.5  +01 29 09  +000831.2 -000144.1  04 33 23.1  254.984 15.853  98.15  41542 17.4
2010-04-16  20:10:00  07 16 19.9  +01 04 46  +000828.9 -000148.3  04 34 11.4  254.859 15.416  95.81  41601 17.3
2010-04-16  20:20:00  07 25 31.8  +00 39 43  +000826.9 -000152.3  04 35 01.1  254.731 14.966  93.49  41658 17.2
2010-04-16  20:30:00  07 34 42.5  +00 14 00  +000825.0 -000156.1  04 35 52.1  254.600 14.505  91.16  41713 17.1
2010-04-16  20:40:00  07 43 51.9  -00 12 19  +000823.3 -000159.6  04 36 44.3  254.467 14.033  88.84  41766 17.1
2010-04-16  20:50:00  07 53 00.3  -00 39 11  +000821.8 -000162.8  04 37 37.6  254.332 13.551  86.51  41817 17.0
2010-04-16  21:00:00  08 02 07.7  -01 06 35  +000820.5 -000165.8  04 38 31.8  254.194 13.059  84.20  41865 16.9
2010-04-16  21:10:00  08 11 14.4  -01 34 27  +000819.4 -000168.6  04 39 26.8  254.054 12.560  81.87  41912 16.9
2010-04-16  21:20:00  08 20 20.4  -02 02 45  +000818.6 -000171.1  04 40 22.4  253.911 12.053  79.56  41956 16.8
2010-04-16  21:30:00  08 29 25.8  -02 31 27  +000817.9 -000173.3  04 41 18.6  253.766 11.540  77.24  41997 16.8
2010-04-16  21:40:00  08 38 30.9  -03 00 30  +000817.5 -000175.3  04 42 15.1  253.618 11.021  74.94  42036 16.7
2010-04-16  21:50:00  08 47 35.8  -03 29 52  +000817.3 -000177.0  04 43 11.9  253.468 10.498  72.62  42072 16.7

   Date        UTC        RA         DECL      RARate   DeclRate    HourAng      Az     Um    Phase  Range  Mag
2010-04-17  17:50:00  05 22 18.4  +05 04 47  +000864.4 -000080.6  04 11 46.5  253.247 22.122 125.36  40531 18.5
2010-04-17  18:00:00  05 31 53.5  +04 50 47  +000861.0 -000087.5  04 12 13.0  253.169 21.875 122.97  40604 18.4
2010-04-17  18:10:00  05 41 26.4  +04 35 38  +000857.6 -000094.2  04 12 41.8  253.085 21.606 120.59  40676 18.2
2010-04-17  18:20:00  05 50 57.0  +04 19 23  +000854.3 -000100.7  04 13 12.8  252.996 21.318 118.22  40747 18.1
2010-04-17  18:30:00  06 00 25.5  +04 02 05  +000851.1 -000106.9  04 13 45.9  252.903 21.011 115.84  40817 18.0
2010-04-17  18:40:00  06 09 51.8  +03 43 45  +000848.0 -000113.0  04 14 21.2  252.805 20.684 113.48  40887 17.9
2010-04-17  18:50:00  06 19 16.1  +03 24 26  +000844.9 -000118.8  04 14 58.6  252.703 20.340 111.11  40955 17.8
2010-04-17  19:00:00  06 28 38.4  +03 04 11  +000842.0 -000124.3  04 15 37.9  252.597 19.978 108.77  41021 17.7
2010-04-17  19:10:00  06 37 58.8  +02 43 01  +000839.1 -000129.6  04 16 19.2  252.487 19.599 106.41  41087 17.6
2010-04-17  19:20:00  06 47 17.3  +02 20 59  +000836.4 -000134.7  04 17 02.4  252.374 19.205 104.07  41151 17.5
2010-04-17  19:30:00  06 56 34.0  +01 58 07  +000833.9 -000139.5  04 17 47.3  252.258 18.795 101.72  41213 17.5
2010-04-17  19:40:00  07 05 49.1  +01 34 29  +000831.4 -000144.1  04 18 33.8  252.139 18.370  99.39  41274 17.4
2010-04-17  19:50:00  07 15 02.7  +01 10 06  +000829.2 -000148.4  04 19 21.9  252.018 17.932  97.05  41333 17.3
2010-04-17  20:00:00  07 24 14.7  +00 45 01  +000827.1 -000152.5  04 20 11.5  251.893 17.481  94.72  41390 17.2
2010-04-17  20:10:00  07 33 25.5  +00 19 16  +000825.2 -000156.4  04 21 02.4  251.767 17.018  92.39  41445 17.2
2010-04-17  20:20:00  07 42 35.0  -00 07 06  +000823.4 -000159.9  04 21 54.5  251.638 16.544  90.07  41498 17.1
2010-04-17  20:30:00  07 51 43.4  -00 34 02  +000821.9 -000163.2  04 22 47.7  251.506 16.059  87.74  41549 17.0
2010-04-17  20:40:00  08 00 50.9  -01 01 30  +000820.5 -000166.3  04 23 41.9  251.373 15.565  85.43  41598 17.0
2010-04-17  20:50:00  08 09 57.5  -01 29 27  +000819.4 -000169.1  04 24 36.9  251.237 15.063  83.10  41644 16.9
2010-04-17  21:00:00  08 19 03.5  -01 57 51  +000818.5 -000171.7  04 25 32.6  251.099 14.553  80.79  41688 16.8
2010-04-17  21:10:00  08 28 08.9  -02 26 40  +000817.8 -000174.0  04 26 28.8  250.959 14.036  78.47  41730 16.8
2010-04-17  21:20:00  08 37 13.9  -02 55 50  +000817.3 -000176.0  04 27 25.4  250.816 13.514  76.17  41769 16.7
2010-04-17  21:30:00  08 46 18.7  -03 25 20  +000817.0 -000177.8  04 28 22.3  250.671 12.987  73.85  41805 16.7
2010-04-17  21:40:00  08 55 23.3  -03 55 06  +000817.0 -000179.3  04 29 19.3  250.524 12.457  71.54  41839 16.6
2010-04-17  21:50:00  09 04 28.1  -04 25 06  +000817.2 -000180.6  04 30 16.2  250.374 11.923  69.23  41870 16.6
2010-04-17  22:00:00  09 13 33.0  -04 55 17  +000817.7 -000181.6  04 31 12.9  250.222 11.388  66.93  41898 16.5
2010-04-17  22:10:00  09 22 38.3  -05 25 37  +000818.3 -000182.4  04 32 09.2  250.067 10.852  64.61  41924 16.5
2010-04-17  22:20:00  09 31 44.2  -05 56 04  +000819.3 -000182.9  04 33 05.0  249.909 10.316  62.31  41946 16.5

   Date        UTC        RA         DECL      RARate   DeclRate    HourAng      Az     Um    Phase  Range  Mag
2010-04-18  17:50:00  05 40 11.6  +04 40 24  +000858.2 -000093.4  03 57 49.8  250.109 24.098 121.80  40418 18.3
2010-04-18  18:00:00  05 49 42.6  +04 24 16  +000854.9 -000100.0  03 58 20.4  250.023 23.811 119.43  40489 18.2
2010-04-18  18:10:00  05 59 11.5  +04 07 05  +000851.6 -000106.3  03 58 53.2  249.933 23.505 117.05  40559 18.1
2010-04-18  18:20:00  06 08 38.2  +03 48 51  +000848.5 -000112.5  03 59 28.2  249.839 23.179 114.69  40628 18.0
2010-04-18  18:30:00  06 18 02.8  +03 29 36  +000845.4 -000118.3  04 00 05.2  249.740 22.835 112.33  40696 17.9
2010-04-18  18:40:00  06 27 25.4  +03 09 25  +000842.4 -000124.0  04 00 44.3  249.638 22.474 109.98  40762 17.8
2010-04-18  18:50:00  06 36 46.0  +02 48 18  +000839.5 -000129.4  04 01 25.3  249.532 22.095 107.62  40827 17.7
2010-04-18  19:00:00  06 46 04.8  +02 26 18  +000836.8 -000134.5  04 02 08.1  249.424 21.700 105.28  40891 17.6
2010-04-18  19:10:00  06 55 21.8  +02 03 28  +000834.2 -000139.4  04 02 52.8  249.312 21.289 102.93  40953 17.5
2010-04-18  19:20:00  07 04 37.1  +01 39 50  +000831.7 -000144.1  04 03 39.1  249.198 20.864 100.60  41014 17.4
2010-04-18  19:30:00  07 13 50.8  +01 15 27  +000829.4 -000148.5  04 04 27.1  249.081 20.424  98.26  41072 17.3
2010-04-18  19:40:00  07 23 03.0  +00 50 21  +000827.3 -000152.7  04 05 16.5  248.961 19.972  95.93  41129 17.3
2010-04-18  19:50:00  07 32 13.9  +00 24 34  +000825.3 -000156.6  04 06 07.3  248.840 19.507  93.59  41184 17.2
2010-04-18  20:00:00  07 41 23.5  -00 01 50  +000823.6 -000160.2  04 06 59.3  248.716 19.031  91.28  41237 17.1
2010-04-18  20:10:00  07 50 32.0  -00 28 49  +000822.0 -000163.6  04 07 52.4  248.590 18.544  88.95  41288 17.0
2010-04-18  20:20:00  07 59 39.5  -00 56 21  +000820.6 -000166.7  04 08 46.6  248.462 18.047  86.63  41337 17.0
2010-04-18  20:30:00  08 08 46.1  -01 24 23  +000819.4 -000169.6  04 09 41.6  248.332 17.541  84.31  41384 16.9
2010-04-18  20:40:00  08 17 52.1  -01 52 53  +000818.4 -000172.3  04 10 37.3  248.200 17.028  82.00  41428 16.9
2010-04-18  20:50:00  08 26 57.4  -02 21 48  +000817.7 -000174.6  04 11 33.6  248.065 16.508  79.68  41470 16.8
2010-04-18  21:00:00  08 36 02.3  -02 51 05  +000817.1 -000176.7  04 12 30.3  247.929 15.982  77.37  41509 16.8
2010-04-18  21:10:00  08 45 07.0  -03 20 41  +000816.8 -000178.6  04 13 27.3  247.790 15.451  75.05  41546 16.7
2010-04-18  21:20:00  08 54 11.5  -03 50 35  +000816.8 -000180.2  04 14 24.4  247.649 14.916  72.75  41580 16.6
2010-04-18  21:30:00  09 03 16.0  -04 20 44  +000816.9 -000181.5  04 15 21.5  247.506 14.378  70.43  41611 16.6
2010-04-18  21:40:00  09 12 20.8  -04 51 05  +000817.3 -000182.6  04 16 18.4  247.360 13.838  68.13  41640 16.6
2010-04-18  21:50:00  09 21 25.9  -05 21 35  +000818.0 -000183.4  04 17 15.0  247.212 13.297  65.81  41665 16.5
2010-04-18  22:00:00  09 30 31.5  -05 52 12  +000818.9 -000183.9  04 18 11.0  247.061 12.756  63.51  41688 16.5
2010-04-18  22:10:00  09 39 37.7  -06 22 53  +000820.0 -000184.2  04 19 06.4  246.908 12.215  61.19  41708 16.4
2010-04-18  22:20:00  09 48 44.8  -06 53 35  +000821.4 -000184.2  04 20 00.9  246.752 11.677  58.89  41725 16.4
2010-04-18  22:30:00  09 57 52.9  -07 24 17  +000823.0 -000184.0  04 20 54.5  246.592 11.142  56.57  41739 16.3
2010-04-18  22:40:00  10 07 02.2  -07 54 54  +000824.9 -000183.5  04 21 46.8  246.430 10.611  54.27  41750 16.3
2010-04-18  22:50:00  10 16 12.8  -08 25 26  +000827.0 -000182.7  04 22 37.9  246.265 10.085  51.95  41757 16.3

   Date        UTC        RA         DECL      RARate   DeclRate    HourAng      Az     Um    Phase  Range  Mag
2010-04-19  17:50:00  05 58 02.7  +04 12 00  +000852.2 -000105.7  03 43 55.2  246.844 25.967 118.24  40310 18.1
2010-04-19  18:00:00  06 07 29.8  +03 53 52  +000849.0 -000111.9  03 44 29.9  246.754 25.642 115.88  40378 18.0
2010-04-19  18:10:00  06 16 54.7  +03 34 44  +000845.8 -000117.9  03 45 06.6  246.660 25.298 113.52  40446 17.9
2010-04-19  18:20:00  06 26 17.6  +03 14 36  +000842.8 -000123.6  03 45 45.3  246.563 24.937 111.17  40512 17.8
2010-04-19  18:30:00  06 35 38.5  +02 53 33  +000839.9 -000129.1  03 46 26.0  246.462 24.558 108.81  40577 17.7
2010-04-19  18:40:00  06 44 57.5  +02 31 36  +000837.2 -000134.3  03 47 08.7  246.359 24.162 106.47  40640 17.6
2010-04-19  18:50:00  06 54 14.7  +02 08 48  +000834.5 -000139.3  03 47 53.1  246.253 23.751 104.12  40702 17.5
2010-04-19  19:00:00  07 03 30.3  +01 45 11  +000832.0 -000144.0  03 48 39.2  246.144 23.324 101.79  40762 17.4
2010-04-19  19:10:00  07 12 44.2  +01 20 48  +000829.7 -000148.5  03 49 26.9  246.034 22.884  99.44  40821 17.4
2010-04-19  19:20:00  07 21 56.6  +00 55 41  +000827.5 -000152.8  03 50 16.2  245.920 22.429  97.12  40877 17.3
2010-04-19  19:30:00  07 31 07.6  +00 29 53  +000825.5 -000156.7  03 51 06.8  245.805 21.963  94.78  40932 17.2
2010-04-19  19:40:00  07 40 17.3  +00 03 27  +000823.7 -000160.5  03 51 58.8  245.688 21.484  92.46  40985 17.1
2010-04-19  19:50:00  07 49 25.9  -00 23 35  +000822.1 -000163.9  03 52 51.8  245.569 20.994  90.13  41036 17.1
2010-04-19  20:00:00  07 58 33.4  -00 51 10  +000820.6 -000167.1  03 53 45.9  245.448 20.495  87.82  41085 17.0
2010-04-19  20:10:00  08 07 40.1  -01 19 17  +000819.4 -000170.1  03 54 40.9  245.325 19.986  85.49  41131 16.9
2010-04-19  20:20:00  08 16 46.0  -01 47 51  +000818.4 -000172.8  03 55 36.6  245.200 19.470  83.18  41175 16.9
2010-04-19  20:30:00  08 25 51.3  -02 16 52  +000817.6 -000175.2  03 56 32.9  245.073 18.946  80.86  41217 16.8
2010-04-19  20:40:00  08 34 56.2  -02 46 15  +000817.0 -000177.4  03 57 29.7  244.944 18.416  78.55  41257 16.8
2010-04-19  20:50:00  08 44 00.7  -03 15 59  +000816.7 -000179.3  03 58 26.8  244.813 17.881  76.24  41294 16.7
2010-04-19  21:00:00  08 53 05.1  -03 46 00  +000816.5 -000181.0  03 59 24.1  244.680 17.341  73.93  41328 16.7
2010-04-19  21:10:00  09 02 09.5  -04 16 17  +000816.7 -000182.4  04 00 21.3  244.545 16.799  71.61  41360 16.6
2010-04-19  21:20:00  09 11 14.0  -04 46 47  +000817.0 -000183.5  04 01 18.4  244.407 16.254  69.31  41389 16.6
2010-04-19  21:30:00  09 20 18.9  -05 17 26  +000817.6 -000184.4  04 02 15.2  244.267 15.707  66.99  41415 16.5
2010-04-19  21:40:00  09 29 24.3  -05 48 13  +000818.5 -000185.0  04 03 11.5  244.124 15.161  64.69  41438 16.5
2010-04-19  21:50:00  09 38 30.2  -06 19 05  +000819.6 -000185.3  04 04 07.1  243.979 14.615  62.37  41459 16.4
2010-04-19  22:00:00  09 47 37.1  -06 49 58  +000820.9 -000185.4  04 05 02.0  243.831 14.071  60.07  41476 16.4
2010-04-19  22:10:00  09 56 44.8  -07 20 51  +000822.5 -000185.2  04 05 55.8  243.680 13.529  57.75  41490 16.3
2010-04-19  22:20:00  10 05 53.8  -07 51 41  +000824.3 -000184.7  04 06 48.6  243.526 12.992  55.44  41502 16.3
2010-04-19  22:30:00  10 15 04.0  -08 22 25  +000826.4 -000184.0  04 07 40.0  243.369 12.459  53.12  41510 16.3
2010-04-19  22:40:00  10 24 15.7  -08 52 60  +000828.7 -000183.0  04 08 29.9  243.208 11.932  50.82  41515 16.2
2010-04-19  22:50:00  10 33 29.0  -09 23 24  +000831.3 -000181.7  04 09 18.3  243.045 11.412  48.49  41517 16.2
2010-04-19  23:00:00  10 42 44.1  -09 53 33  +000834.1 -000180.1  04 10 04.8  242.878 10.900  46.18  41516 16.2
2010-04-19  23:10:00  10 52 01.1  -10 23 26  +000837.1 -000178.3  04 10 49.4  242.708 10.396  43.86  41511 16.1

   Date        UTC        RA         DECL      RARate   DeclRate    HourAng      Az     Um    Phase  Range  Mag
2010-04-20  18:00:00  06 25 14.9  +03 19 44  +000843.3 -000123.1  03 30 41.3  243.354 27.357 112.33  40271 17.8
2010-04-20  18:10:00  06 34 36.1  +02 58 45  +000840.4 -000128.7  03 31 21.7  243.261 26.978 109.98  40336 17.7
2010-04-20  18:20:00  06 43 55.4  +02 36 51  +000837.5 -000134.0  03 32 04.1  243.164 26.582 107.64  40399 17.6
2010-04-20  18:30:00  06 53 12.9  +02 14 06  +000834.9 -000139.1  03 32 48.2  243.065 26.170 105.29  40460 17.6
2010-04-20  18:40:00  07 02 28.6  +01 50 30  +000832.3 -000143.9  03 33 34.1  242.964 25.742 102.95  40520 17.5
2010-04-20  18:50:00  07 11 42.7  +01 26 08  +000830.0 -000148.5  03 34 21.7  242.861 25.300 100.61  40578 17.4
2010-04-20  19:00:00  07 20 55.2  +01 01 01  +000827.8 -000152.8  03 35 10.8  242.755 24.844  98.28  40635 17.3
2010-04-20  19:10:00  07 30 06.4  +00 35 13  +000825.7 -000156.9  03 36 01.3  242.648 24.375  95.95  40689 17.2
2010-04-20  19:20:00  07 39 16.2  +00 08 45  +000823.9 -000160.7  03 36 53.1  242.539 23.895  93.63  40742 17.2
2010-04-20  19:30:00  07 48 24.9  -00 18 19  +000822.2 -000164.2  03 37 46.0  242.429 23.403  91.30  40793 17.1
2010-04-20  19:40:00  07 57 32.5  -00 45 58  +000820.7 -000167.5  03 38 40.1  242.316 22.900  88.98  40841 17.0
2010-04-20  19:50:00  08 06 39.2  -01 14 08  +000819.4 -000170.5  03 39 35.0  242.202 22.389  86.66  40888 17.0
2010-04-20  20:00:00  08 15 45.2  -01 42 47  +000818.4 -000173.3  03 40 30.7  242.086 21.869  84.35  40932 16.9
2010-04-20  20:10:00  08 24 50.4  -02 11 53  +000817.5 -000175.8  03 41 27.1  241.968 21.341  82.02  40974 16.8
2010-04-20  20:20:00  08 33 55.3  -02 41 22  +000816.9 -000178.0  03 42 23.9  241.849 20.807  79.72  41013 16.8
2010-04-20  20:30:00  08 42 59.7  -03 11 12  +000816.5 -000180.0  03 43 21.1  241.727 20.268  77.40  41050 16.7
2010-04-20  20:40:00  08 52 04.0  -03 41 21  +000816.4 -000181.7  03 44 18.4  241.604 19.724  75.09  41085 16.7
2010-04-20  20:50:00  09 01 08.3  -04 11 46  +000816.4 -000183.2  03 45 15.8  241.478 19.177  72.77  41117 16.6
2010-04-20  21:00:00  09 10 12.6  -04 42 23  +000816.8 -000184.4  03 46 13.1  241.350 18.627  70.47  41146 16.6
2010-04-20  21:10:00  09 19 17.3  -05 13 12  +000817.3 -000185.3  03 47 10.1  241.219 18.075  68.15  41172 16.5
2010-04-20  21:20:00  09 28 22.5  -05 44 08  +000818.1 -000186.0  03 48 06.6  241.086 17.523  65.85  41196 16.5
2010-04-20  21:30:00  09 37 28.2  -06 15 10  +000819.2 -000186.3  03 49 02.5  240.951 16.971  63.53  41217 16.4
2010-04-20  21:40:00  09 46 34.7  -06 46 15  +000820.5 -000186.5  03 49 57.6  240.812 16.421  61.23  41235 16.4
2010-04-20  21:50:00  09 55 42.2  -07 17 19  +000822.0 -000186.3  03 50 51.7  240.671 15.873  58.91  41250 16.4
2010-04-20  22:00:00  10 04 50.8  -07 48 20  +000823.8 -000185.9  03 51 44.8  240.526 15.329  56.60  41262 16.3
2010-04-20  22:10:00  10 14 00.7  -08 19 16  +000825.8 -000185.2  03 52 36.6  240.379 14.790  54.28  41271 16.3
2010-04-20  22:20:00  10 23 12.0  -08 50 04  +000828.1 -000184.3  03 53 26.9  240.228 14.256  51.97  41276 16.2
2010-04-20  22:30:00  10 32 24.9  -09 20 41  +000830.7 -000183.0  03 54 15.6  240.074 13.728  49.65  41279 16.2
2010-04-20  22:40:00  10 41 39.6  -09 51 04  +000833.4 -000181.5  03 55 02.6  239.916 13.209  47.34  41279 16.2
2010-04-20  22:50:00  10 50 56.2  -10 21 11  +000836.4 -000179.7  03 55 47.6  239.755 12.697  45.01  41275 16.1
2010-04-20  23:00:00  11 00 14.9  -10 50 58  +000839.7 -000177.7  03 56 30.6  239.591 12.196  42.70  41268 16.1
2010-04-20  23:10:00  11 09 35.8  -11 20 23  +000843.1 -000175.3  03 57 11.3  239.423 11.705  40.37  41258 16.1
2010-04-20  23:20:00  11 18 59.1  -11 49 23  +000846.8 -000172.6  03 57 49.7  239.251 11.225  38.05  41244 16.1
2010-04-20  23:30:00  11 28 24.9  -12 17 55  +000850.7 -000169.7  03 58 25.5  239.076 10.759  35.72  41228 16.0
2010-04-20  23:40:00  11 37 53.4  -12 45 56  +000854.8 -000166.5  03 58 58.6  238.898 10.305  33.40  41208 16.0

   Date        UTC        RA         DECL      RARate   DeclRate    HourAng      Az     Um    Phase  Range  Mag
2010-04-21  18:00:00  06 42 58.2  +02 42 04  +000837.9 -000133.7  03 16 54.6  239.822 28.948 108.78  40168 17.7
2010-04-21  18:10:00  06 52 15.9  +02 19 21  +000835.2 -000138.8  03 17 38.5  239.732 28.535 106.43  40229 17.6
2010-04-21  18:20:00  07 01 31.8  +01 55 48  +000832.7 -000143.7  03 18 24.2  239.640 28.106 104.10  40289 17.5
2010-04-21  18:30:00  07 10 46.2  +01 31 27  +000830.3 -000148.4  03 19 11.5  239.546 27.663 101.76  40347 17.4
2010-04-21  18:40:00  07 19 58.9  +01 06 21  +000828.0 -000152.8  03 20 00.4  239.450 27.205  99.43  40403 17.3
2010-04-21  18:50:00  07 29 10.2  +00 40 32  +000825.9 -000156.9  03 20 50.7  239.353 26.734  97.09  40457 17.3
2010-04-21  19:00:00  07 38 20.2  +00 14 03  +000824.0 -000160.8  03 21 42.4  239.254 26.251  94.77  40509 17.2
2010-04-21  19:10:00  07 47 29.0  -00 13 03  +000822.3 -000164.4  03 22 35.3  239.154 25.757  92.44  40560 17.1
2010-04-21  19:20:00  07 56 36.7  -00 40 44  +000820.8 -000167.8  03 23 29.2  239.052 25.252  90.13  40608 17.0
2010-04-21  19:30:00  08 05 43.4  -01 08 58  +000819.5 -000170.9  03 24 24.1  238.949 24.737  87.80  40655 17.0
2010-04-21  19:40:00  08 14 49.4  -01 37 41  +000818.4 -000173.7  03 25 19.8  238.844 24.214  85.49  40699 16.9
2010-04-21  19:50:00  08 23 54.7  -02 06 51  +000817.5 -000176.3  03 26 16.1  238.737 23.683  83.17  40740 16.9
2010-04-21  20:00:00  08 32 59.4  -02 36 25  +000816.9 -000178.6  03 27 13.0  238.629 23.146  80.86  40780 16.8
2010-04-21  20:10:00  08 42 03.9  -03 06 22  +000816.4 -000180.6  03 28 10.2  238.518 22.602  78.54  40817 16.7
2010-04-21  20:20:00  08 51 08.1  -03 36 37  +000816.2 -000182.4  03 29 07.7  238.406 22.054  76.23  40851 16.7
2010-04-21  20:30:00  09 00 12.2  -04 07 09  +000816.3 -000183.9  03 30 05.2  238.292 21.502  73.91  40883 16.6
2010-04-21  20:40:00  09 09 16.4  -04 37 55  +000816.5 -000185.2  03 31 02.6  238.175 20.947  71.61  40913 16.6
2010-04-21  20:50:00  09 18 21.0  -05 08 52  +000817.0 -000186.2  03 31 59.7  238.056 20.390  69.29  40940 16.5
2010-04-21  21:00:00  09 27 25.9  -05 39 58  +000817.8 -000186.9  03 32 56.4  237.935 19.832  66.99  40963 16.5
2010-04-21  21:10:00  09 36 31.4  -06 11 10  +000818.8 -000187.4  03 33 52.5  237.811 19.275  64.67  40985 16.4
2010-04-21  21:20:00  09 45 37.7  -06 42 24  +000820.1 -000187.5  03 34 47.9  237.684 18.719  62.36  41003 16.4
2010-04-21  21:30:00  09 54 44.9  -07 13 39  +000821.6 -000187.4  03 35 42.3  237.554 18.165  60.04  41018 16.4
2010-04-21  21:40:00  10 03 53.2  -07 44 52  +000823.3 -000187.1  03 36 35.7  237.421 17.614  57.74  41031 16.3
2010-04-21  21:50:00  10 13 02.7  -08 16 00  +000825.3 -000186.5  03 37 27.8  237.284 17.068  55.42  41040 16.3
2010-04-21  22:00:00  10 22 13.7  -08 47 00  +000827.6 -000185.5  03 38 18.4  237.145 16.527  53.11  41047 16.2
2010-04-21  22:10:00  10 31 26.2  -09 17 50  +000830.1 -000184.3  03 39 07.5  237.001 15.992  50.78  41050 16.2
2010-04-21  22:20:00  10 40 40.5  -09 48 27  +000832.8 -000182.9  03 39 54.9  236.855 15.465  48.47  41050 16.2
2010-04-21  22:30:00  10 49 56.7  -10 18 47  +000835.8 -000181.1  03 40 40.4  236.704 14.946  46.14  41047 16.1
2010-04-21  22:40:00  10 59 15.0  -10 48 48  +000839.0 -000179.1  03 41 23.8  236.550 14.436  43.83  41041 16.1
2010-04-21  22:50:00  11 08 35.4  -11 18 28  +000842.4 -000176.8  03 42 04.9  236.392 13.937  41.50  41032 16.1
2010-04-21  23:00:00  11 17 58.2  -11 47 43  +000846.1 -000174.2  03 42 43.8  236.230 13.449  39.18  41019 16.1
2010-04-21  23:10:00  11 27 23.6  -12 16 30  +000850.0 -000171.2  03 43 20.1  236.065 12.973  36.84  41004 16.0
2010-04-21  23:20:00  11 36 51.5  -12 44 47  +000854.0 -000168.1  03 43 53.7  235.896 12.511  34.52  40985 16.0
2010-04-21  23:30:00  11 46 22.3  -13 12 30  +000858.3 -000164.6  03 44 24.6  235.723 12.063  32.19  40962 16.0
2010-04-21  23:40:00  11 55 56.0  -13 39 37  +000862.7 -000160.8  03 44 52.6  235.547 11.630  29.87  40937 16.0
2010-04-21  23:50:00  12 05 32.7  -14 06 05  +000867.4 -000156.7  03 45 17.6  235.367 11.214  27.53  40908 15.9
2010-04-22  00:00:00  12 15 12.5  -14 31 50  +000872.2 -000152.3  03 45 39.4  235.184 10.814  25.22  40876 15.9
2010-04-22  00:10:00  12 24 55.6  -14 56 50  +000877.1 -000147.6  03 45 57.9  234.998 10.432  22.90  40841 15.9
2010-04-22  00:20:00  12 34 42.0  -15 21 01  +000882.2 -000142.6  03 46 13.2  234.809 10.069  20.60  40803 15.9

   Date        UTC        RA         DECL      RARate   DeclRate    HourAng      Az     Um    Phase  Range  Mag
2010-04-22  18:00:00  07 00 39.8  +02 01 03  +000833.0 -000143.5  03 03 09.5  236.156 30.404 105.22  40069 17.5
2010-04-22  18:10:00  07 09 54.3  +01 36 44  +000830.6 -000148.2  03 03 56.6  236.073 29.959 102.88  40126 17.4
2010-04-22  18:20:00  07 19 07.3  +01 11 39  +000828.3 -000152.7  03 04 45.3  235.989 29.500 100.55  40182 17.4
2010-04-22  18:30:00  07 28 18.7  +00 45 51  +000826.2 -000156.9  03 05 35.5  235.904 29.028  98.22  40236 17.3
2010-04-22  18:40:00  07 37 28.9  +00 19 22  +000824.2 -000160.9  03 06 27.0  235.818 28.543  95.90  40288 17.2
2010-04-22  18:50:00  07 46 37.8  -00 07 46  +000822.5 -000164.6  03 07 19.7  235.730 28.046  93.57  40338 17.1
2010-04-22  19:00:00  07 55 45.6  -00 35 29  +000820.9 -000168.0  03 08 13.5  235.641 27.539  91.25  40386 17.1
2010-04-22  19:10:00  08 04 52.4  -01 03 45  +000819.6 -000171.2  03 09 08.4  235.551 27.021  88.92  40433 17.0
2010-04-22  19:20:00  08 13 58.4  -01 32 32  +000818.4 -000174.1  03 10 04.0  235.459 26.495  86.61  40476 16.9
2010-04-22  19:30:00  08 23 03.7  -02 01 46  +000817.5 -000176.7  03 11 00.3  235.365 25.960  84.29  40518 16.9
2010-04-22  19:40:00  08 32 08.5  -02 31 26  +000816.8 -000179.1  03 11 57.2  235.270 25.419  81.98  40557 16.8
2010-04-22  19:50:00  08 41 12.9  -03 01 28  +000816.3 -000181.2  03 12 54.5  235.174 24.872  79.66  40594 16.8
2010-04-22  20:00:00  08 50 17.0  -03 31 50  +000816.1 -000183.1  03 13 52.0  235.075 24.319  77.35  40629 16.7
2010-04-22  20:10:00  08 59 21.1  -04 02 29  +000816.1 -000184.7  03 14 49.6  234.974 23.763  75.04  40661 16.7
2010-04-22  20:20:00  09 08 25.2  -04 33 22  +000816.3 -000186.0  03 15 47.1  234.871 23.203  72.73  40690 16.6
2010-04-22  20:30:00  09 17 29.6  -05 04 27  +000816.8 -000187.0  03 16 44.3  234.766 22.641  70.41  40717 16.5
2010-04-22  20:40:00  09 26 34.3  -05 35 42  +000817.5 -000187.8  03 17 41.2  234.658 22.078  68.11  40741 16.5
2010-04-22  20:50:00  09 35 39.7  -06 07 03  +000818.5 -000188.3  03 18 37.5  234.547 21.515  65.79  40763 16.5
2010-04-22  21:00:00  09 44 45.7  -06 38 27  +000819.7 -000188.6  03 19 33.1  234.434 20.953  63.48  40781 16.4
2010-04-22  21:10:00  09 53 52.7  -07 09 53  +000821.2 -000188.5  03 20 27.8  234.317 20.393  61.16  40797 16.4
2010-04-22  21:20:00  10 03 00.7  -07 41 17  +000822.9 -000188.2  03 21 21.4  234.198 19.836  58.85  40810 16.3
2010-04-22  21:30:00  10 12 10.0  -08 12 36  +000824.9 -000187.6  03 22 13.8  234.074 19.283  56.53  40820 16.3
2010-04-22  21:40:00  10 21 20.6  -08 43 48  +000827.1 -000186.8  03 23 04.8  233.947 18.735  54.22  40827 16.3
2010-04-22  21:50:00  10 30 32.8  -09 14 51  +000829.6 -000185.6  03 23 54.2  233.817 18.193  51.90  40830 16.2
2010-04-22  22:00:00  10 39 46.8  -09 45 40  +000832.3 -000184.2  03 24 42.0  233.683 17.659  49.58  40831 16.2
2010-04-22  22:10:00  10 49 02.6  -10 16 14  +000835.2 -000182.5  03 25 27.8  233.545 17.132  47.25  40829 16.1
2010-04-22  22:20:00  10 58 20.4  -10 46 29  +000838.4 -000180.5  03 26 11.6  233.402 16.614  44.94  40824 16.1
2010-04-22  22:30:00  11 07 40.4  -11 16 23  +000841.8 -000178.2  03 26 53.2  233.256 16.107  42.60  40815 16.1
2010-04-22  22:40:00  11 17 02.8  -11 45 52  +000845.4 -000175.6  03 27 32.5  233.106 15.610  40.28  40804 16.1
2010-04-22  22:50:00  11 26 27.7  -12 14 55  +000849.3 -000172.8  03 28 09.2  232.952 15.126  37.95  40789 16.0
2010-04-22  23:00:00  11 35 55.2  -12 43 27  +000853.3 -000169.6  03 28 43.4  232.793 14.655  35.62  40771 16.0
2010-04-22  23:10:00  11 45 25.5  -13 11 26  +000857.5 -000166.2  03 29 14.7  232.631 14.198  33.29  40750 16.0
2010-04-22  23:20:00  11 54 58.6  -13 38 49  +000862.0 -000162.4  03 29 43.2  232.464 13.755  30.96  40725 16.0
2010-04-22  23:30:00  12 04 34.8  -14 05 33  +000866.6 -000158.3  03 30 08.7  232.294 13.329  28.62  40698 15.9
2010-04-22  23:40:00  12 14 14.1  -14 31 35  +000871.4 -000154.0  03 30 31.0  232.120 12.920  26.30  40667 15.9
2010-04-22  23:50:00  12 23 56.7  -14 56 52  +000876.3 -000149.3  03 30 50.1  231.943 12.528  23.97  40633 15.9
2010-04-23  00:00:00  12 33 42.5  -15 21 21  +000881.4 -000144.4  03 31 05.9  231.762 12.155  21.66  40596 15.9
2010-04-23  00:10:00  12 43 31.8  -15 44 58  +000886.5 -000139.1  03 31 18.2  231.578 11.801  19.35  40556 15.9
2010-04-23  00:20:00  12 53 24.6  -16 07 41  +000891.8 -000133.5  03 31 27.1  231.391 11.468  17.07  40513 15.8
2010-04-23  00:30:00  13 03 20.9  -16 29 27  +000897.2 -000127.6  03 31 32.4  231.201 11.155  14.82  40467 15.8
2010-04-23  00:40:00  13 13 20.8  -16 50 13     <<SHADOW>>        03 31 34.1  231.009 10.865  12.63  40417 ----
2010-04-23  00:50:00  13 23 24.4  -17 09 56     <<SHADOW>>        03 31 32.2  230.816 10.597  10.52  40365 ----
2010-04-23  01:00:00  13 33 31.6  -17 28 32     <<SHADOW>>        03 31 26.7  230.621 10.352   8.59  40310 ----
2010-04-23  01:10:00  13 43 42.5  -17 45 59     <<SHADOW>>        03 31 17.4  230.425 10.132   6.97  40253 ----

   Date        UTC        RA         DECL      RARate   DeclRate    HourAng      Az     Um    Phase  Range  Mag
2010-04-23  18:00:00  07 18 20.1  +01 16 57  +000828.6 -000152.6  02 49 25.8  232.357 31.716 101.66  39974 17.4
2010-04-23  18:10:00  07 27 31.7  +00 51 10  +000826.4 -000156.9  02 50 15.7  232.286 31.242  99.33  40028 17.3
2010-04-23  18:20:00  07 36 42.0  +00 24 40  +000824.5 -000160.9  02 51 07.1  232.214 30.755  97.00  40079 17.2
2010-04-23  18:30:00  07 45 51.1  -00 02 28  +000822.7 -000164.7  02 51 59.7  232.142 30.257  94.67  40129 17.2
2010-04-23  18:40:00  07 54 59.0  -00 30 12  +000821.1 -000168.2  02 52 53.4  232.068 29.747  92.36  40177 17.1
2010-04-23  18:50:00  08 04 05.9  -00 58 31  +000819.7 -000171.4  02 53 48.1  231.993 29.227  90.03  40223 17.0
2010-04-23  19:00:00  08 13 12.0  -01 27 20  +000818.5 -000174.4  02 54 43.7  231.917 28.698  87.72  40266 17.0
2010-04-23  19:10:00  08 22 17.4  -01 56 39  +000817.6 -000177.1  02 55 40.0  231.839 28.160  85.40  40308 16.9
2010-04-23  19:20:00  08 31 22.1  -02 26 22  +000816.8 -000179.6  02 56 36.8  231.760 27.616  83.09  40347 16.8
2010-04-23  19:30:00  08 40 26.5  -02 56 29  +000816.3 -000181.8  02 57 34.1  231.680 27.065  80.77  40383 16.8
2010-04-23  19:40:00  08 49 30.6  -03 26 57  +000816.0 -000183.7  02 58 31.6  231.597 26.508  78.46  40418 16.7
2010-04-23  19:50:00  08 58 34.6  -03 57 42  +000816.0 -000185.3  02 59 29.3  231.512 25.947  76.14  40450 16.7
2010-04-23  20:00:00  09 07 38.7  -04 28 43  +000816.2 -000186.7  03 00 26.9  231.426 25.383  73.83  40479 16.6
2010-04-23  20:10:00  09 16 42.9  -04 59 56  +000816.6 -000187.8  03 01 24.3  231.336 24.817  71.51  40506 16.6
2010-04-23  20:20:00  09 25 47.5  -05 31 19  +000817.3 -000188.7  03 02 21.3  231.244 24.249  69.21  40530 16.5
2010-04-23  20:30:00  09 34 52.7  -06 02 48  +000818.2 -000189.2  03 03 17.8  231.150 23.681  66.89  40552 16.5
2010-04-23  20:40:00  09 43 58.6  -06 34 22  +000819.4 -000189.5  03 04 13.5  231.052 23.113  64.58  40571 16.4
2010-04-23  20:50:00  09 53 05.3  -07 05 58  +000820.9 -000189.6  03 05 08.4  230.951 22.547  62.26  40586 16.4
2010-04-23  21:00:00  10 02 13.1  -07 37 33  +000822.5 -000189.3  03 06 02.3  230.847 21.984  59.95  40600 16.3
2010-04-23  21:10:00  10 11 22.1  -08 09 03  +000824.5 -000188.8  03 06 54.9  230.739 21.425  57.63  40610 16.3
2010-04-23  21:20:00  10 20 32.5  -08 40 27  +000826.7 -000188.0  03 07 46.2  230.627 20.870  55.32  40617 16.3
2010-04-23  21:30:00  10 29 44.4  -09 11 41  +000829.1 -000186.9  03 08 36.0  230.511 20.321  52.99  40622 16.2
2010-04-23  21:40:00  10 38 58.0  -09 42 43  +000831.8 -000185.5  03 09 24.0  230.391 19.779  50.68  40623 16.2
2010-04-23  21:50:00  10 48 13.4  -10 13 30  +000834.7 -000183.8  03 10 10.2  230.267 19.245  48.35  40621 16.2
2010-04-23  22:00:00  10 57 30.9  -10 43 59  +000837.8 -000181.9  03 10 54.3  230.139 18.719  46.03  40617 16.1
2010-04-23  22:10:00  11 06 50.6  -11 14 07  +000841.2 -000179.6  03 11 36.3  230.006 18.204  43.70  40609 16.1
2010-04-23  22:20:00  11 16 12.5  -11 43 50  +000844.8 -000177.1  03 12 16.0  229.869 17.699  41.37  40598 16.1
2010-04-23  22:30:00  11 25 37.0  -12 13 08  +000848.6 -000174.3  03 12 53.2  229.728 17.206  39.03  40584 16.0
2010-04-23  22:40:00  11 35 04.1  -12 41 55  +000852.6 -000171.1  03 13 27.8  229.582 16.726  36.71  40567 16.0
2010-04-23  22:50:00  11 44 33.9  -13 10 10  +000856.9 -000167.7  03 13 59.6  229.431 16.260  34.37  40547 16.0
2010-04-23  23:00:00  11 54 06.6  -13 37 48  +000861.3 -000164.0  03 14 28.5  229.276 15.808  32.04  40523 16.0
2010-04-23  23:10:00  12 03 42.3  -14 04 49  +000865.9 -000160.0  03 14 54.5  229.117 15.372  29.70  40497 15.9
2010-04-23  23:20:00  12 13 21.1  -14 31 07  +000870.6 -000155.6  03 15 17.3  228.953 14.953  27.37  40467 15.9
2010-04-23  23:30:00  12 23 03.2  -14 56 41  +000875.6 -000151.0  03 15 36.9  228.785 14.551  25.03  40434 15.9
2010-04-23  23:40:00  12 32 48.5  -15 21 26  +000880.6 -000146.1  03 15 53.2  228.614 14.168  22.71  40399 15.9
2010-04-23  23:50:00  12 42 37.3  -15 45 21  +000885.8 -000140.8  03 16 06.0  228.438 13.804  20.39  40360 15.9
2010-04-24  00:00:00  12 52 29.6  -16 08 22  +000891.1 -000135.3  03 16 15.4  228.259 13.460  18.09  40318 15.8
2010-04-24  00:10:00  13 02 25.4  -16 30 26  +000896.4 -000129.4  03 16 21.2  228.077 13.137  15.81  40273 15.8
2010-04-24  00:20:00  13 12 24.8  -16 51 30  +000901.9 -000123.3  03 16 23.5  227.892 12.836  13.58  40225 15.8
2010-04-24  00:30:00  13 22 27.8  -17 11 30     <<SHADOW>>        03 16 22.0  227.705 12.557  11.40  40174 ----
2010-04-24  00:40:00  13 32 34.6  -17 30 25     <<SHADOW>>        03 16 17.0  227.515 12.301   9.36  40121 ----
2010-04-24  00:50:00  13 42 45.0  -17 48 11     <<SHADOW>>        03 16 08.2  227.323 12.069   7.54  40065 ----
2010-04-24  01:00:00  13 52 59.0  -18 04 45     <<SHADOW>>        03 15 55.8  227.131 11.861   6.18  40006 ----
2010-04-24  01:10:00  14 03 16.8  -18 20 04     <<SHADOW>>        03 15 39.7  226.937 11.679   5.60  39944 ----
2010-04-24  01:20:00  14 13 38.1  -18 34 05     <<SHADOW>>        03 15 20.0  226.743 11.522   6.07  39880 ----
2010-04-24  01:30:00  14 24 03.0  -18 46 47  +000940.0 -000072.1  03 14 56.7  226.549 11.391   7.39  39814 15.8
2010-04-24  01:40:00  14 34 31.5  -18 58 06  +000945.3 -000063.7  03 14 29.9  226.356 11.287   9.20  39745 15.8
2010-04-24  01:50:00  14 45 03.3  -19 07 60  +000950.3 -000055.0  03 13 59.7  226.164 11.209  11.29  39675 15.8

   Date        UTC        RA         DECL      RARate   DeclRate    HourAng      Az     Um    Phase  Range  Mag
2010-04-24  18:00:00  07 35 59.4  +00 30 01  +000824.7 -000160.9  02 35 43.0  228.429 32.874  98.09  39883 17.3
2010-04-24  18:10:00  07 45 08.6  +00 02 53  +000822.9 -000164.7  02 36 35.4  228.375 32.374  95.76  39933 17.2
2010-04-24  18:20:00  07 54 16.7  -00 24 53  +000821.3 -000168.3  02 37 29.0  228.319 31.863  93.45  39980 17.1
2010-04-24  18:30:00  08 03 23.7  -00 53 13  +000819.9 -000171.6  02 38 23.6  228.263 31.341  91.12  40026 17.0
2010-04-24  18:40:00  08 12 29.9  -01 22 05  +000818.6 -000174.7  02 39 19.1  228.205 30.809  88.81  40069 17.0
2010-04-24  18:50:00  08 21 35.3  -01 51 26  +000817.7 -000177.5  02 40 15.3  228.146 30.269  86.48  40110 16.9
2010-04-24  19:00:00  08 30 40.1  -02 21 14  +000816.9 -000180.0  02 41 12.1  228.086 29.722  84.17  40149 16.9
2010-04-24  19:10:00  08 39 44.5  -02 51 26  +000816.3 -000182.3  02 42 09.4  228.024 29.167  81.85  40185 16.8
2010-04-24  19:20:00  08 48 48.6  -03 21 58  +000816.0 -000184.2  02 43 06.9  227.960 28.608  79.55  40220 16.7
2010-04-24  19:30:00  08 57 52.6  -03 52 50  +000815.9 -000186.0  02 44 04.6  227.895 28.043  77.23  40251 16.7
2010-04-24  19:40:00  09 06 56.5  -04 23 57  +000816.1 -000187.4  02 45 02.3  227.827 27.475  74.92  40281 16.6
2010-04-24  19:50:00  09 16 00.7  -04 55 17  +000816.5 -000188.6  02 45 59.8  227.756 26.904  72.60  40307 16.6
2010-04-24  20:00:00  09 25 05.2  -05 26 47  +000817.1 -000189.5  02 46 56.9  227.683 26.332  70.29  40332 16.5
2010-04-24  20:10:00  09 34 10.3  -05 58 25  +000818.0 -000190.1  02 47 53.5  227.607 25.759  67.97  40353 16.5
2010-04-24  20:20:00  09 43 16.0  -06 30 08  +000819.2 -000190.5  02 48 49.4  227.527 25.186  65.67  40372 16.4
2010-04-24  20:30:00  09 52 22.5  -07 01 54  +000820.6 -000190.5  02 49 44.5  227.444 24.615  63.34  40388 16.4
2010-04-24  20:40:00  10 01 30.1  -07 33 38  +000822.2 -000190.3  02 50 38.5  227.358 24.046  61.03  40402 16.3
2010-04-24  20:50:00  10 10 38.9  -08 05 20  +000824.1 -000189.9  02 51 31.4  227.268 23.480  58.71  40412 16.3
2010-04-24  21:00:00  10 19 49.0  -08 36 55  +000826.3 -000189.1  02 52 23.0  227.173 22.919  56.40  40420 16.3
2010-04-24  21:10:00  10 29 00.6  -09 08 21  +000828.7 -000188.1  02 53 13.0  227.074 22.364  54.07  40425 16.2
2010-04-24  21:20:00  10 38 13.9  -09 39 35  +000831.3 -000186.7  02 54 01.3  226.971 21.815  51.76  40426 16.2
2010-04-24  21:30:00  10 47 29.1  -10 10 34  +000834.2 -000185.1  02 54 47.8  226.864 21.274  49.42  40425 16.2
2010-04-24  21:40:00  10 56 46.2  -10 41 16  +000837.3 -000183.2  02 55 32.3  226.751 20.741  47.10  40421 16.1
2010-04-24  21:50:00  11 06 05.5  -11 11 37  +000840.6 -000181.0  02 56 14.7  226.634 20.217  44.77  40414 16.1
2010-04-24  22:00:00  11 15 27.1  -11 41 35  +000844.2 -000178.5  02 56 54.7  226.512 19.704  42.44  40404 16.1
2010-04-24  22:10:00  11 24 51.2  -12 11 07  +000848.0 -000175.7  02 57 32.3  226.385 19.203  40.11  40391 16.0
2010-04-24  22:20:00  11 34 17.8  -12 40 09  +000852.0 -000172.6  02 58 07.3  226.253 18.714  37.78  40374 16.0
2010-04-24  22:30:00  11 43 47.2  -13 08 39  +000856.2 -000169.3  02 58 39.5  226.116 18.239  35.43  40355 16.0
2010-04-24  22:40:00  11 53 19.5  -13 36 33  +000860.6 -000165.6  02 59 08.9  225.974 17.778  33.10  40332 16.0
2010-04-24  22:50:00  12 02 54.8  -14 03 49  +000865.2 -000161.6  02 59 35.2  225.828 17.333  30.76  40307 15.9
2010-04-24  23:00:00  12 12 33.2  -14 30 24  +000870.0 -000157.3  02 59 58.5  225.676 16.904  28.42  40278 15.9
2010-04-24  23:10:00  12 22 14.8  -14 56 14  +000874.9 -000152.7  03 00 18.6  225.519 16.492  26.08  40247 15.9
2010-04-24  23:20:00  12 31 59.7  -15 21 17  +000879.9 -000147.8  03 00 35.3  225.358 16.099  23.75  40212 15.9
2010-04-24  23:30:00  12 41 48.0  -15 45 29  +000885.1 -000142.5  03 00 48.6  225.193 15.724  21.42  40174 15.8
2010-04-24  23:40:00  12 51 39.8  -16 08 47  +000890.3 -000137.0  03 00 58.5  225.023 15.370  19.10  40133 15.8
2010-04-24  23:50:00  13 01 35.1  -16 31 08  +000895.7 -000131.2  03 01 04.8  224.850 15.036  16.80  40090 15.8
2010-04-25  00:00:00  13 11 34.1  -16 52 30  +000901.1 -000125.1  03 01 07.5  224.673 14.724  14.54  40043 15.8
2010-04-25  00:10:00  13 21 36.6  -17 12 48     <<SHADOW>>        03 01 06.5  224.492 14.434  12.31  39994 ----
2010-04-25  00:20:00  13 31 42.9  -17 32 01     <<SHADOW>>        03 01 01.9  224.309 14.167  10.19  39942 ----
2010-04-25  00:30:00  13 41 52.8  -17 50 05     <<SHADOW>>        03 00 53.6  224.123 13.923   8.22  39887 ----
2010-04-25  00:40:00  13 52 06.4  -18 06 57     <<SHADOW>>        03 00 41.7  223.935 13.704   6.58  39829 ----
2010-04-25  00:50:00  14 02 23.7  -18 22 35     <<SHADOW>>        03 00 26.0  223.745 13.510   5.57  39769 ----
2010-04-25  01:00:00  14 12 44.6  -18 36 55     <<SHADOW>>        03 00 06.8  223.554 13.342   5.56  39707 ----
2010-04-25  01:10:00  14 23 09.1  -18 49 56     <<SHADOW>>        02 59 43.9  223.362 13.200   6.56  39642 ----
2010-04-25  01:20:00  14 33 37.1  -19 01 33  +000944.6 -000065.5  02 59 17.5  223.170 13.084   8.21  39575 15.8
2010-04-25  01:30:00  14 44 08.6  -19 11 46  +000949.8 -000056.9  02 58 47.7  222.979 12.995  10.23  39505 15.8
2010-04-25  01:40:00  14 54 43.4  -19 20 31  +000954.7 -000048.1  02 58 14.5  222.788 12.933  12.41  39434 15.8
2010-04-25  01:50:00  15 05 21.5  -19 27 46  +000959.5 -000039.0  02 57 38.1  222.599 12.899  14.72  39361 15.8

   Date        UTC        RA         DECL      RARate   DeclRate    HourAng      Az     Um    Phase  Range  Mag
2010-04-25  18:00:00  07 53 38.3  -00 19 30  +000821.5 -000168.4  02 22 00.6  224.381 33.871  94.52  39798 17.1
2010-04-25  18:10:00  08 02 45.5  -00 47 51  +000820.1 -000171.8  02 22 55.1  224.346 33.347  92.19  39843 17.1
2010-04-25  18:20:00  08 11 51.8  -01 16 45  +000818.8 -000174.9  02 23 50.4  224.310 32.814  89.88  39885 17.0
2010-04-25  18:30:00  08 20 57.3  -01 46 08  +000817.8 -000177.8  02 24 46.6  224.273 32.272  87.56  39926 16.9
2010-04-25  18:40:00  08 30 02.2  -02 15 59  +000816.9 -000180.4  02 25 43.3  224.235 31.723  85.25  39965 16.9
2010-04-25  18:50:00  08 39 06.6  -02 46 15  +000816.4 -000182.7  02 26 40.5  224.195 31.166  82.92  40001 16.8
2010-04-25  19:00:00  08 48 10.7  -03 16 52  +000816.0 -000184.7  02 27 38.1  224.153 30.603  80.62  40035 16.8
2010-04-25  19:10:00  08 57 14.7  -03 47 49  +000815.9 -000186.5  02 28 35.8  224.110 30.036  78.30  40067 16.7
2010-04-25  19:20:00  09 06 18.6  -04 19 02  +000816.0 -000188.0  02 29 33.4  224.063 29.464  75.99  40096 16.6
2010-04-25  19:30:00  09 15 22.7  -04 50 28  +000816.4 -000189.3  02 30 31.0  224.015 28.890  73.67  40122 16.6
2010-04-25  19:40:00  09 24 27.2  -05 22 06  +000817.0 -000190.2  02 31 28.2  223.963 28.314  71.36  40146 16.5
2010-04-25  19:50:00  09 33 32.1  -05 53 52  +000817.8 -000190.9  02 32 24.9  223.908 27.736  69.04  40168 16.5
2010-04-25  20:00:00  09 42 37.7  -06 25 44  +000818.9 -000191.3  02 33 21.0  223.850 27.159  66.73  40187 16.4
2010-04-25  20:10:00  09 51 44.1  -06 57 38  +000820.3 -000191.5  02 34 16.2  223.788 26.583  64.41  40203 16.4
2010-04-25  20:20:00  10 00 51.4  -07 29 32  +000821.9 -000191.3  02 35 10.5  223.722 26.009  62.10  40217 16.4
2010-04-25  20:30:00  10 10 00.0  -08 01 24  +000823.8 -000190.9  02 36 03.5  223.652 25.438  59.78  40227 16.3
2010-04-25  20:40:00  10 19 09.9  -08 33 09  +000825.9 -000190.2  02 36 55.3  223.578 24.871  57.46  40235 16.3
2010-04-25  20:50:00  10 28 21.3  -09 04 47  +000828.3 -000189.2  02 37 45.6  223.499 24.309  55.14  40240 16.2
2010-04-25  21:00:00  10 37 34.3  -09 36 13  +000830.9 -000187.9  02 38 34.2  223.415 23.754  52.82  40242 16.2
2010-04-25  21:10:00  10 46 49.2  -10 07 24  +000833.7 -000186.4  02 39 21.0  223.326 23.206  50.49  40242 16.2
2010-04-25  21:20:00  10 56 06.0  -10 38 19  +000836.8 -000184.5  02 40 05.8  223.232 22.666  48.16  40238 16.1
2010-04-25  21:30:00  11 05 25.0  -11 08 53  +000840.1 -000182.3  02 40 48.5  223.133 22.135  45.83  40231 16.1
2010-04-25  21:40:00  11 14 46.3  -11 39 05  +000843.7 -000179.9  02 41 28.8  223.028 21.614  43.50  40222 16.1
2010-04-25  21:50:00  11 24 10.0  -12 08 51  +000847.5 -000177.2  02 42 06.8  222.918 21.105  41.16  40209 16.0
2010-04-25  22:00:00  11 33 36.3  -12 38 07  +000851.5 -000174.1  02 42 42.1  222.802 20.608  38.83  40194 16.0
2010-04-25  22:10:00  11 43 05.3  -13 06 52  +000855.6 -000170.8  02 43 14.7  222.681 20.124  36.48  40175 16.0
2010-04-25  22:20:00  11 52 37.2  -13 35 02  +000860.0 -000167.1  02 43 44.5  222.554 19.654  34.15  40153 16.0
2010-04-25  22:30:00  12 02 12.0  -14 02 33  +000864.6 -000163.2  02 44 11.3  222.421 19.200  31.80  40129 15.9
2010-04-25  22:40:00  12 11 50.0  -14 29 24  +000869.3 -000158.9  02 44 35.0  222.283 18.761  29.46  40101 15.9
2010-04-25  22:50:00  12 21 31.2  -14 55 30  +000874.2 -000154.3  02 44 55.4  222.140 18.340  27.11  40070 15.9
2010-04-25  23:00:00  12 31 15.6  -15 20 49  +000879.3 -000149.4  02 45 12.6  221.991 17.936  24.78  40037 15.9
2010-04-25  23:10:00  12 41 03.5  -15 45 18  +000884.4 -000144.2  02 45 26.4  221.837 17.552  22.43  40000 15.8
2010-04-25  23:20:00  12 50 54.9  -16 08 53  +000889.7 -000138.7  02 45 36.6  221.678 17.187  20.11  39961 15.8
2010-04-25  23:30:00  13 00 49.8  -16 31 32  +000895.0 -000132.9  02 45 43.4  221.515 16.842  17.79  39918 15.8
2010-04-25  23:40:00  13 10 48.3  -16 53 11  +000900.5 -000126.8  02 45 46.5  221.347 16.519  15.50  39873 15.8
2010-04-25  23:50:00  13 20 50.4  -17 13 48  +000906.0 -000120.4  02 45 46.0  221.175 16.218  13.24  39825 15.8
2010-04-26  00:00:00  13 30 56.2  -17 33 18     <<SHADOW>>        02 45 41.9  220.999 15.939  11.05  39774 ----
2010-04-26  00:10:00  13 41 05.7  -17 51 40     <<SHADOW>>        02 45 34.0  220.819 15.685   8.97  39720 ----
2010-04-26  00:20:00  13 51 18.9  -18 08 51     <<SHADOW>>        02 45 22.4  220.637 15.454   7.14  39664 ----
2010-04-26  00:30:00  14 01 35.8  -18 24 47     <<SHADOW>>        02 45 07.2  220.452 15.249   5.76  39605 ----
2010-04-26  00:40:00  14 11 56.3  -18 39 25     <<SHADOW>>        02 44 48.4  220.264 15.068   5.25  39544 ----
2010-04-26  00:50:00  14 22 20.4  -18 52 44     <<SHADOW>>        02 44 25.9  220.076 14.914   5.85  39481 ----
2010-04-26  01:00:00  14 32 48.0  -19 04 40  +000944.1 -000067.4  02 43 59.9  219.885 14.786   7.29  39415 15.7
2010-04-26  01:10:00  14 43 19.1  -19 15 11  +000949.2 -000058.8  02 43 30.5  219.695 14.685   9.20  39347 15.7
2010-04-26  01:20:00  14 53 53.6  -19 24 15  +000954.2 -000049.9  02 42 57.6  219.504 14.612  11.34  39277 15.7
2010-04-26  01:30:00  15 04 31.3  -19 31 49  +000959.0 -000040.8  02 42 21.6  219.314 14.566  13.62  39205 15.8
2010-04-26  01:40:00  15 15 12.2  -19 37 51  +000963.6 -000031.6  02 41 42.3  219.125 14.548  15.97  39131 15.8
2010-04-26  01:50:00  15 25 56.0  -19 42 20  +000968.0 -000022.1  02 41 00.1  218.937 14.558  18.39  39056 15.8

   Date        UTC        RA         DECL      RARate   DeclRate    HourAng      Az     Um    Phase  Range  Mag
2010-04-26  18:10:00  08 20 23.1  -01 40 44  +000817.9 -000178.0  02 09 14.0  220.210 34.154  88.61  39757 17.0
2010-04-26  18:20:00  08 29 28.1  -02 10 38  +000817.1 -000180.6  02 10 10.7  220.197 33.603  86.30  39795 16.9
2010-04-26  18:30:00  08 38 32.6  -02 40 56  +000816.4 -000183.0  02 11 07.8  220.183 33.044  83.98  39831 16.8
2010-04-26  18:40:00  08 47 36.8  -03 11 38  +000816.0 -000185.2  02 12 05.3  220.166 32.480  81.67  39865 16.8
2010-04-26  18:50:00  08 56 40.7  -03 42 39  +000815.9 -000187.0  02 13 03.0  220.148 31.910  79.35  39896 16.7
2010-04-26  19:00:00  09 05 44.7  -04 13 57  +000816.0 -000188.6  02 14 00.7  220.127 31.336  77.04  39925 16.7
2010-04-26  19:10:00  09 14 48.7  -04 45 30  +000816.3 -000189.9  02 14 58.3  220.103 30.759  74.72  39951 16.6
2010-04-26  19:20:00  09 23 53.1  -05 17 14  +000816.9 -000190.9  02 15 55.5  220.077 30.179  72.42  39975 16.6
2010-04-26  19:30:00  09 32 57.9  -05 49 07  +000817.7 -000191.7  02 16 52.3  220.046 29.599  70.10  39997 16.5
2010-04-26  19:40:00  09 42 03.4  -06 21 07  +000818.8 -000192.1  02 17 48.5  220.013 29.018  67.79  40016 16.5
2010-04-26  19:50:00  09 51 09.7  -06 53 10  +000820.1 -000192.3  02 18 43.9  219.975 28.438  65.46  40032 16.4
2010-04-26  20:00:00  10 00 16.9  -07 25 13  +000821.7 -000192.3  02 19 38.3  219.932 27.859  63.15  40045 16.4
2010-04-26  20:10:00  10 09 25.3  -07 57 14  +000823.5 -000191.9  02 20 31.5  219.886 27.283  60.83  40056 16.3
2010-04-26  20:20:00  10 18 35.0  -08 29 10  +000825.6 -000191.2  02 21 23.5  219.834 26.712  58.51  40064 16.3
2010-04-26  20:30:00  10 27 46.1  -09 00 58  +000827.9 -000190.3  02 22 14.0  219.777 26.144  56.18  40070 16.2
2010-04-26  20:40:00  10 36 58.9  -09 32 35  +000830.5 -000189.1  02 23 02.8  219.716 25.583  53.87  40072 16.2
2010-04-26  20:50:00  10 46 13.5  -10 03 58  +000833.3 -000187.6  02 23 49.9  219.648 25.029  51.53  40072 16.2
2010-04-26  21:00:00  10 55 30.1  -10 35 05  +000836.4 -000185.7  02 24 35.0  219.575 24.482  49.21  40068 16.1
2010-04-26  21:10:00  11 04 48.8  -11 05 53  +000839.7 -000183.6  02 25 17.9  219.496 23.945  46.87  40062 16.1
2010-04-26  21:20:00  11 14 09.7  -11 36 17  +000843.2 -000181.2  02 25 58.6  219.411 23.417  44.55  40053 16.1
2010-04-26  21:30:00  11 23 33.1  -12 06 16  +000847.0 -000178.5  02 26 36.9  219.320 22.900  42.20  40041 16.0
2010-04-26  21:40:00  11 32 59.1  -12 35 47  +000850.9 -000175.5  02 27 12.6  219.222 22.395  39.87  40026 16.0
2010-04-26  21:50:00  11 42 27.7  -13 04 46  +000855.1 -000172.2  02 27 45.6  219.119 21.903  37.52  40008 16.0
2010-04-26  22:00:00  11 51 59.2  -13 33 11  +000859.5 -000168.6  02 28 15.7  219.009 21.425  35.18  39987 16.0
2010-04-26  22:10:00  12 01 33.7  -14 00 58  +000864.0 -000164.7  02 28 42.8  218.892 20.962  32.83  39964 15.9
2010-04-26  22:20:00  12 11 11.3  -14 28 04  +000868.7 -000160.5  02 29 06.9  218.770 20.514  30.49  39937 15.9
2010-04-26  22:30:00  12 20 52.1  -14 54 26  +000873.6 -000155.9  02 29 27.8  218.641 20.083  28.14  39907 15.9
2010-04-26  22:40:00  12 30 36.1  -15 20 01  +000878.6 -000151.1  02 29 45.4  218.507 19.670  25.79  39874 15.9
2010-04-26  22:50:00  12 40 23.6  -15 44 47  +000883.8 -000145.9  02 29 59.5  218.366 19.275  23.44  39839 15.8
2010-04-26  23:00:00  12 50 14.5  -16 08 39  +000889.1 -000140.4  02 30 10.2  218.220 18.900  21.11  39800 15.8
2010-04-26  23:10:00  13 00 09.0  -16 31 34  +000894.4 -000134.7  02 30 17.4  218.068 18.544  18.77  39759 15.8
2010-04-26  23:20:00  13 10 07.1  -16 53 31  +000899.9 -000128.6  02 30 21.0  217.910 18.210  16.46  39715 15.8
2010-04-26  23:30:00  13 20 08.8  -17 14 25  +000905.4 -000122.2  02 30 20.9  217.748 17.898  14.17  39668 15.8
2010-04-26  23:40:00  13 30 14.2  -17 34 13     <<SHADOW>>        02 30 17.1  217.581 17.609  11.94  39618 ----
2010-04-26  23:50:00  13 40 23.3  -17 52 53     <<SHADOW>>        02 30 09.7  217.409 17.342   9.78  39566 ----
2010-04-27  00:00:00  13 50 36.1  -18 10 22     <<SHADOW>>        02 29 58.5  217.233 17.100   7.79  39511 ----
2010-04-27  00:10:00  14 00 52.6  -18 26 36     <<SHADOW>>        02 29 43.7  217.054 16.883   6.14  39454 ----
2010-04-27  00:20:00  14 11 12.7  -18 41 33     <<SHADOW>>        02 29 25.2  216.872 16.691   5.17  39394 ----
2010-04-27  00:30:00  14 21 36.4  -18 55 10     <<SHADOW>>        02 29 03.1  216.687 16.524   5.28  39332 ----
2010-04-27  00:40:00  14 32 03.7  -19 07 25     <<SHADOW>>        02 28 37.5  216.499 16.385   6.43  39267 ----
2010-04-27  00:50:00  14 42 34.5  -19 18 14  +000948.7 -000060.6  02 28 08.4  216.310 16.272   8.21  39201 15.7
2010-04-27  01:00:00  14 53 08.6  -19 27 36  +000953.7 -000051.8  02 27 35.9  216.120 16.186  10.29  39132 15.7
2010-04-27  01:10:00  15 03 46.0  -19 35 29  +000958.5 -000042.7  02 27 00.1  215.929 16.128  12.54  39062 15.7
2010-04-27  01:20:00  15 14 26.6  -19 41 49  +000963.2 -000033.4  02 26 21.2  215.738 16.098  14.87  38989 15.7
2010-04-27  01:30:00  15 25 10.2  -19 46 36  +000967.6 -000023.9  02 25 39.2  215.548 16.096  17.28  38915 15.8
2010-04-27  01:40:00  15 35 56.6  -19 49 47  +000971.8 -000014.3  02 24 54.4  215.359 16.123  19.71  38840 15.8
2010-04-27  01:50:00  15 46 45.8  -19 51 22  +000975.7 -000004.5  02 24 06.9  215.172 16.178  22.19  38763 15.8

   Date        UTC        RA         DECL      RARate   DeclRate    HourAng      Az     Um    Phase  Range  Mag
2010-04-27  18:10:00  08 38 02.2  -02 35 30  +000816.6 -000183.3  01 55 31.4  215.979 34.786  85.02  39677 16.9
2010-04-27  18:20:00  08 47 06.5  -03 06 14  +000816.1 -000185.5  01 56 28.9  215.992 34.221  82.71  39710 16.8
2010-04-27  18:30:00  08 56 10.5  -03 37 19  +000815.9 -000187.4  01 57 26.5  216.002 33.650  80.39  39741 16.7
2010-04-27  18:40:00  09 05 14.4  -04 08 42  +000816.0 -000189.1  01 58 24.2  216.010 33.075  78.09  39770 16.7
2010-04-27  18:50:00  09 14 18.5  -04 40 20  +000816.3 -000190.4  01 59 21.8  216.015 32.496  75.76  39796 16.6
2010-04-27  19:00:00  09 23 22.8  -05 12 10  +000816.8 -000191.5  02 00 19.1  216.017 31.914  73.46  39820 16.6
2010-04-27  19:10:00  09 32 27.6  -05 44 10  +000817.6 -000192.4  02 01 15.9  216.015 31.331  71.13  39841 16.5
2010-04-27  19:20:00  09 41 33.0  -06 16 17  +000818.6 -000192.9  02 02 12.2  216.008 30.748  68.82  39860 16.5
2010-04-27  19:30:00  09 50 39.2  -06 48 27  +000819.9 -000193.2  02 03 07.7  215.998 30.164  66.50  39876 16.4
2010-04-27  19:40:00  09 59 46.3  -07 20 39  +000821.5 -000193.1  02 04 02.2  215.982 29.582  64.19  39889 16.4
2010-04-27  19:50:00  10 08 54.5  -07 52 49  +000823.3 -000192.8  02 04 55.6  215.962 29.003  61.86  39900 16.3
2010-04-27  20:00:00  10 18 04.0  -08 24 54  +000825.3 -000192.2  02 05 47.7  215.936 28.427  59.55  39908 16.3
2010-04-27  20:10:00  10 27 15.0  -08 56 52  +000827.6 -000191.3  02 06 38.4  215.905 27.855  57.22  39914 16.3
2010-04-27  20:20:00  10 36 27.6  -09 28 40  +000830.2 -000190.2  02 07 27.5  215.868 27.289  54.90  39916 16.2
2010-04-27  20:30:00  10 45 41.9  -10 00 15  +000833.0 -000188.7  02 08 14.7  215.824 26.730  52.57  39916 16.2
2010-04-27  20:40:00  10 54 58.2  -10 31 33  +000836.0 -000186.9  02 09 00.1  215.775 26.178  50.24  39913 16.1
2010-04-27  20:50:00  11 04 16.7  -11 02 33  +000839.3 -000184.9  02 09 43.3  215.719 25.634  47.90  39907 16.1
2010-04-27  21:00:00  11 13 37.3  -11 33 10  +000842.8 -000182.5  02 10 24.3  215.656 25.100  45.57  39899 16.1
2010-04-27  21:10:00  11 23 00.4  -12 03 22  +000846.5 -000179.9  02 11 02.9  215.587 24.576  43.23  39887 16.0
2010-04-27  21:20:00  11 32 26.0  -12 33 07  +000850.4 -000176.9  02 11 38.9  215.510 24.064  40.90  39873 16.0
2010-04-27  21:30:00  11 41 54.4  -13 02 20  +000854.6 -000173.6  02 12 12.2  215.426 23.564  38.55  39855 16.0
2010-04-27  21:40:00  11 51 25.5  -13 30 59  +000858.9 -000170.1  02 12 42.7  215.336 23.078  36.21  39835 16.0
2010-04-27  21:50:00  12 00 59.6  -13 59 00  +000863.5 -000166.2  02 13 10.2  215.238 22.607  33.85  39812 15.9
2010-04-27  22:00:00  12 10 36.8  -14 26 22  +000868.2 -000162.0  02 13 34.6  215.134 22.150  31.51  39786 15.9
2010-04-27  22:10:00  12 20 17.2  -14 52 59  +000873.0 -000157.5  02 13 55.9  215.022 21.710  29.15  39757 15.9
2010-04-27  22:20:00  12 30 00.9  -15 18 50  +000878.0 -000152.7  02 14 13.9  214.903 21.288  26.80  39725 15.9
2010-04-27  22:30:00  12 39 48.0  -15 43 52  +000883.2 -000147.5  02 14 28.4  214.778 20.883  24.44  39691 15.8
2010-04-27  22:40:00  12 49 38.5  -16 08 00  +000888.5 -000142.1  02 14 39.5  214.645 20.498  22.10  39653 15.8
2010-04-27  22:50:00  12 59 32.6  -16 31 13  +000893.8 -000136.3  02 14 47.1  214.506 20.132  19.75  39613 15.8
2010-04-27  23:00:00  13 09 30.3  -16 53 26  +000899.3 -000130.3  02 14 51.0  214.361 19.787  17.43  39570 15.8
2010-04-27  23:10:00  13 19 31.6  -17 14 37  +000904.8 -000123.9  02 14 51.3  214.210 19.464  15.11  39524 15.8
2010-04-27  23:20:00  13 29 36.6  -17 34 43  +000910.3 -000117.2  02 14 48.0  214.053 19.164  12.84  39476 15.8
2010-04-27  23:30:00  13 39 45.3  -17 53 41     <<SHADOW>>        02 14 40.9  213.891 18.886  10.62  39425 ----
2010-04-27  23:40:00  13 49 57.7  -18 11 27     <<SHADOW>>        02 14 30.2  213.724 18.632   8.52  39371 ----
2010-04-27  23:50:00  14 00 13.8  -18 27 59     <<SHADOW>>        02 14 15.7  213.551 18.403   6.66  39315 ----
2010-04-28  00:00:00  14 10 33.6  -18 43 15     <<SHADOW>>        02 13 57.6  213.375 18.199   5.30  39257 ----
2010-04-28  00:10:00  14 20 57.0  -18 57 10     <<SHADOW>>        02 13 35.9  213.195 18.020   4.90  39196 ----
2010-04-28  00:20:00  14 31 23.9  -19 09 43     <<SHADOW>>        02 13 10.6  213.011 17.868   5.67  39133 ----
2010-04-28  00:30:00  14 41 54.3  -19 20 51     <<SHADOW>>        02 12 41.8  212.825 17.743   7.27  39068 ----
2010-04-28  00:40:00  14 52 28.1  -19 30 31  +000953.2 -000053.6  02 12 09.6  212.636 17.645   9.26  39000 15.7
2010-04-28  00:50:00  15 03 05.2  -19 38 42  +000958.1 -000044.5  02 11 34.2  212.445 17.574  11.48  38931 15.7
2010-04-28  01:00:00  15 13 45.5  -19 45 21  +000962.7 -000035.2  02 10 55.5  212.253 17.532  13.79  38860 15.7
2010-04-28  01:10:00  15 24 28.8  -19 50 26  +000967.2 -000025.7  02 10 13.9  212.061 17.517  16.19  38788 15.7
2010-04-28  01:20:00  15 35 15.0  -19 53 55  +000971.4 -000016.1  02 09 29.3  211.869 17.531  18.61  38714 15.8
2010-04-28  01:30:00  15 46 04.0  -19 55 48  +000975.4 -000006.3  02 08 42.0  211.677 17.574  21.09  38638 15.8
2010-04-28  01:40:00  15 56 55.5  -19 56 01  +000979.1 +000003.6  02 07 52.2  211.486 17.646  23.57  38562 15.8
2010-04-28  01:50:00  16 07 49.3  -19 54 36  +000982.5 +000013.6  02 06 59.9  211.297 17.746  26.09  38484 15.8

   Date        UTC        RA         DECL      RARate   DeclRate    HourAng      Az     Um    Phase  Range  Mag
2010-04-28  18:10:00  08 55 43.7  -03 31 51  +000816.0 -000187.8  01 41 46.6  211.670 35.239  81.42  39602 16.8
2010-04-28  18:20:00  09 04 47.7  -04 03 17  +000816.0 -000189.5  01 42 44.2  211.710 34.663  79.11  39631 16.7
2010-04-28  18:30:00  09 13 51.8  -04 34 60  +000816.3 -000190.9  01 43 41.7  211.747 34.084  76.79  39656 16.6
2010-04-28  18:40:00  09 22 56.1  -05 06 55  +000816.8 -000192.1  01 44 39.0  211.780 33.502  74.48  39680 16.6
2010-04-28  18:50:00  09 32 00.9  -05 39 01  +000817.5 -000193.0  01 45 35.9  211.809 32.918  72.16  39701 16.5
2010-04-28  19:00:00  09 41 06.2  -06 11 14  +000818.5 -000193.6  01 46 32.2  211.834 32.333  69.85  39719 16.5
2010-04-28  19:10:00  09 50 12.3  -06 43 31  +000819.8 -000193.9  01 47 27.8  211.854 31.748  67.53  39735 16.4
2010-04-28  19:20:00  09 59 19.3  -07 15 50  +000821.3 -000193.9  01 48 22.4  211.869 31.164  65.21  39749 16.4
2010-04-28  19:30:00  10 08 27.4  -07 48 08  +000823.1 -000193.7  01 49 16.0  211.878 30.582  62.89  39760 16.3
2010-04-28  19:40:00  10 17 36.8  -08 20 23  +000825.1 -000193.1  01 50 08.2  211.881 30.003  60.57  39768 16.3
2010-04-28  19:50:00  10 26 47.6  -08 52 30  +000827.4 -000192.3  01 50 59.1  211.879 29.428  58.24  39773 16.3
2010-04-28  20:00:00  10 36 00.0  -09 24 28  +000829.9 -000191.2  01 51 48.3  211.869 28.858  55.92  39776 16.2
2010-04-28  20:10:00  10 45 14.2  -09 56 13  +000832.6 -000189.8  01 52 35.8  211.853 28.294  53.59  39776 16.2
2010-04-28  20:20:00  10 54 30.2  -10 27 42  +000835.6 -000188.1  01 53 21.4  211.830 27.737  51.26  39773 16.1
2010-04-28  20:30:00  11 03 48.4  -10 58 53  +000838.9 -000186.1  01 54 04.9  211.800 27.189  48.92  39768 16.1
2010-04-28  20:40:00  11 13 08.8  -11 29 43  +000842.3 -000183.7  01 54 46.1  211.762 26.649  46.59  39759 16.1
2010-04-28  20:50:00  11 22 31.6  -12 00 07  +000846.1 -000181.1  01 55 24.9  211.717 26.120  44.25  39748 16.0
2010-04-28  21:00:00  11 31 56.9  -12 30 05  +000850.0 -000178.2  01 56 01.3  211.663 25.601  41.91  39734 16.0
2010-04-28  21:10:00  11 41 24.9  -12 59 31  +000854.1 -000175.0  01 56 34.9  211.603 25.095  39.56  39718 16.0
2010-04-28  21:20:00  11 50 55.8  -13 28 24  +000858.4 -000171.5  01 57 05.7  211.534 24.602  37.22  39698 16.0
2010-04-28  21:30:00  12 00 29.5  -13 56 39  +000862.9 -000167.6  01 57 33.6  211.457 24.122  34.86  39676 15.9
2010-04-28  21:40:00  12 10 06.4  -14 24 15  +000867.6 -000163.5  01 57 58.4  211.372 23.658  32.51  39650 15.9
2010-04-28  21:50:00  12 19 46.4  -14 51 08  +000872.5 -000159.0  01 58 20.0  211.280 23.210  30.15  39622 15.9
2010-04-28  22:00:00  12 29 29.7  -15 17 15  +000877.5 -000154.2  01 58 38.3  211.179 22.778  27.80  39591 15.9
2010-04-28  22:10:00  12 39 16.4  -15 42 32  +000882.6 -000149.1  01 58 53.2  211.070 22.364  25.43  39557 15.8
2010-04-28  22:20:00  12 49 06.6  -16 06 56  +000887.9 -000143.7  01 59 04.7  210.954 21.969  23.08  39521 15.8
2010-04-28  22:30:00  12 59 00.3  -16 30 25  +000893.2 -000138.0  01 59 12.7  210.831 21.594  20.72  39482 15.8
2010-04-28  22:40:00  13 08 57.6  -16 52 55  +000898.7 -000131.9  01 59 17.0  210.700 21.239  18.39  39440 15.8
2010-04-28  22:50:00  13 18 58.5  -17 14 23  +000904.2 -000125.6  01 59 17.7  210.561 20.905  16.05  39395 15.8
2010-04-28  23:00:00  13 29 03.1  -17 34 46  +000909.7 -000118.9  01 59 14.7  210.416 20.593  13.75  39348 15.8
2010-04-28  23:10:00  13 39 11.5  -17 54 01  +000915.3 -000112.0  01 59 08.1  210.265 20.304  11.48  39298 15.7
2010-04-28  23:20:00  13 49 23.5  -18 12 05     <<SHADOW>>        01 58 57.7  210.107 20.039   9.31  39245 ----
2010-04-28  23:30:00  13 59 39.2  -18 28 55     <<SHADOW>>        01 58 43.6  209.943 19.798   7.29  39191 ----
2010-04-28  23:40:00  14 09 58.6  -18 44 28     <<SHADOW>>        01 58 25.9  209.774 19.582   5.64  39133 ----
2010-04-28  23:50:00  14 20 21.6  -18 58 41     <<SHADOW>>        01 58 04.5  209.600 19.391   4.74  39074 ----
2010-04-29  00:00:00  14 30 48.2  -19 11 32     <<SHADOW>>        01 57 39.6  209.422 19.227   5.03  39012 ----
2010-04-29  00:10:00  14 41 18.3  -19 22 58     <<SHADOW>>        01 57 11.1  209.239 19.089   6.38  38948 ----
2010-04-29  00:20:00  14 51 51.8  -19 32 57  +000952.8 -000055.4  01 56 39.3  209.052 18.978   8.27  38883 15.7
2010-04-29  00:30:00  15 02 28.6  -19 41 26  +000957.6 -000046.3  01 56 04.1  208.863 18.895  10.44  38815 15.7
2010-04-29  00:40:00  15 13 08.6  -19 48 23  +000962.3 -000037.0  01 55 25.8  208.671 18.839  12.73  38745 15.7
2010-04-29  00:50:00  15 23 51.6  -19 53 46  +000966.8 -000027.6  01 54 44.3  208.477 18.812  15.11  38674 15.7
2010-04-29  01:00:00  15 34 37.6  -19 57 34  +000971.0 -000017.9  01 54 00.0  208.282 18.813  17.53  38601 15.7
2010-04-29  01:10:00  15 45 26.3  -19 59 44  +000975.0 -000008.1  01 53 13.0  208.086 18.843  20.00  38527 15.7
2010-04-29  01:20:00  15 56 17.6  -20 00 16  +000978.8 +000001.8  01 52 23.3  207.890 18.902  22.48  38452 15.8
2010-04-29  01:30:00  16 07 11.2  -19 59 07  +000982.2 +000011.9  01 51 31.3  207.695 18.989  25.00  38376 15.8
2010-04-29  01:40:00  16 18 07.1  -19 56 18  +000985.4 +000022.0  01 50 37.1  207.500 19.106  27.52  38298 15.8

   Date        UTC        RA         DECL      RARate   DeclRate    HourAng      Az     Um    Phase  Range  Mag
2010-04-29  18:10:00  09 13 28.4  -04 29 29  +000816.3 -000191.3  01 27 58.4  207.299 35.506  77.81  39534 16.7
2010-04-29  18:20:00  09 22 32.7  -05 01 29  +000816.8 -000192.5  01 28 55.7  207.368 34.925  75.50  39557 16.6
2010-04-29  18:30:00  09 31 37.5  -05 33 39  +000817.5 -000193.5  01 29 52.6  207.432 34.342  73.18  39577 16.5
2010-04-29  18:40:00  09 40 42.8  -06 05 58  +000818.5 -000194.1  01 30 48.9  207.491 33.757  70.87  39596 16.5
2010-04-29  18:50:00  09 49 48.9  -06 38 21  +000819.7 -000194.5  01 31 44.5  207.545 33.172  68.54  39611 16.5
2010-04-29  19:00:00  09 58 55.8  -07 10 47  +000821.2 -000194.6  01 32 39.2  207.593 32.587  66.23  39625 16.4
2010-04-29  19:10:00  10 08 03.8  -07 43 13  +000822.9 -000194.4  01 33 32.8  207.635 32.004  63.90  39635 16.4
2010-04-29  19:20:00  10 17 13.1  -08 15 35  +000824.9 -000193.9  01 34 25.2  207.670 31.424  61.58  39643 16.3
2010-04-29  19:30:00  10 26 23.7  -08 47 51  +000827.1 -000193.2  01 35 16.2  207.699 30.847  59.25  39649 16.3
2010-04-29  19:40:00  10 35 36.0  -09 19 58  +000829.6 -000192.1  01 36 05.6  207.721 30.275  56.93  39652 16.2
2010-04-29  19:50:00  10 44 49.9  -09 51 52  +000832.3 -000190.8  01 36 53.3  207.735 29.708  54.60  39652 16.2
2010-04-29  20:00:00  10 54 05.8  -10 23 32  +000835.3 -000189.1  01 37 39.1  207.741 29.148  52.27  39649 16.2
2010-04-29  20:10:00  11 03 23.8  -10 54 54  +000838.5 -000187.2  01 38 22.7  207.739 28.595  49.93  39644 16.1
2010-04-29  20:20:00  11 12 43.9  -11 25 54  +000842.0 -000184.9  01 39 04.2  207.729 28.052  47.60  39636 16.1
2010-04-29  20:30:00  11 22 06.5  -11 56 31  +000845.7 -000182.3  01 39 43.3  207.710 27.517  45.25  39625 16.1
2010-04-29  20:40:00  11 31 31.5  -12 26 40  +000849.5 -000179.5  01 40 19.9  207.683 26.994  42.91  39612 16.0
2010-04-29  20:50:00  11 40 59.2  -12 56 19  +000853.7 -000176.3  01 40 53.9  207.648 26.482  40.56  39595 16.0
2010-04-29  21:00:00  11 50 29.8  -13 25 25  +000858.0 -000172.8  01 41 25.0  207.603 25.982  38.21  39576 16.0
2010-04-29  21:10:00  12 00 03.2  -13 53 54  +000862.4 -000169.0  01 41 53.2  207.549 25.496  35.85  39554 15.9
2010-04-29  21:20:00  12 09 39.7  -14 21 44  +000867.1 -000164.9  01 42 18.3  207.487 25.025  33.50  39530 15.9
2010-04-29  21:30:00  12 19 19.4  -14 48 51  +000872.0 -000160.5  01 42 40.2  207.415 24.569  31.14  39502 15.9
2010-04-29  21:40:00  12 29 02.4  -15 15 12  +000877.0 -000155.7  01 42 58.9  207.335 24.129  28.78  39472 15.9
2010-04-29  21:50:00  12 38 48.7  -15 40 45  +000882.1 -000150.6  01 43 14.2  207.246 23.707  26.41  39439 15.8
2010-04-29  22:00:00  12 48 38.5  -16 05 24  +000887.3 -000145.3  01 43 26.1  207.148 23.303  24.06  39404 15.8
2010-04-29  22:10:00  12 58 31.8  -16 29 09  +000892.7 -000139.6  01 43 34.4  207.041 22.918  21.69  39365 15.8
2010-04-29  22:20:00  13 08 28.7  -16 51 55  +000898.1 -000133.6  01 43 39.1  206.926 22.553  19.34  39324 15.8
2010-04-29  22:30:00  13 18 29.3  -17 13 40  +000903.6 -000127.2  01 43 40.2  206.803 22.209  16.99  39281 15.8
2010-04-29  22:40:00  13 28 33.6  -17 34 19  +000909.1 -000120.6  01 43 37.6  206.671 21.887  14.67  39235 15.8
2010-04-29  22:50:00  13 38 41.5  -17 53 51  +000914.7 -000113.7  01 43 31.3  206.532 21.587  12.36  39186 15.7
2010-04-29  23:00:00  13 48 53.1  -18 12 12     <<SHADOW>>        01 43 21.3  206.386 21.311  10.13  39135 ----
2010-04-29  23:10:00  13 59 08.5  -18 29 19     <<SHADOW>>        01 43 07.6  206.232 21.058   8.00  39081 ----
2010-04-29  23:20:00  14 09 27.5  -18 45 10     <<SHADOW>>        01 42 50.2  206.072 20.830   6.13  39025 ----
2010-04-29  23:30:00  14 19 50.1  -18 59 41     <<SHADOW>>        01 42 29.2  205.906 20.627   4.80  38967 ----
2010-04-29  23:40:00  14 30 16.4  -19 12 49     <<SHADOW>>        01 42 04.6  205.733 20.450   4.56  38906 ----
2010-04-29  23:50:00  14 40 46.1  -19 24 33     <<SHADOW>>        01 41 36.5  205.555 20.300   5.56  38844 ----
2010-04-30  00:00:00  14 51 19.3  -19 34 50     <<SHADOW>>        01 41 05.0  205.373 20.176   7.31  38779 ----
2010-04-30  00:10:00  15 01 55.8  -19 43 37  +000957.2 -000048.1  01 40 30.2  205.186 20.080   9.42  38713 15.7
2010-04-30  00:20:00  15 12 35.5  -19 50 52  +000961.9 -000038.8  01 39 52.1  204.995 20.011  11.68  38645 15.7
2010-04-30  00:30:00  15 23 18.2  -19 56 34  +000966.4 -000029.4  01 39 11.0  204.801 19.971  14.05  38575 15.7
2010-04-30  00:40:00  15 34 03.9  -20 00 39  +000970.7 -000019.7  01 38 27.0  204.604 19.959  16.46  38504 15.7
2010-04-30  00:50:00  15 44 52.4  -20 03 07  +000974.7 -000009.9  01 37 40.2  204.405 19.975  18.92  38431 15.7
2010-04-30  01:00:00  15 55 43.4  -20 03 57  +000978.4 +000000.0  01 36 50.8  204.204 20.021  21.40  38357 15.7
2010-04-30  01:10:00  16 06 36.9  -20 03 07  +000981.9 +000010.1  01 35 58.9  204.003 20.095  23.92  38282 15.8
2010-04-30  01:20:00  16 17 32.6  -20 00 35  +000985.1 +000020.2  01 35 04.9  203.801 20.198  26.44  38206 15.8
2010-04-30  01:30:00  16 28 30.3  -19 56 22  +000988.0 +000030.4  01 34 08.8  203.599 20.330  28.99  38129 15.8
2010-04-30  01:40:00  16 39 29.8  -19 50 27  +000990.6 +000040.6  01 33 10.9  203.398 20.490  31.55  38052 15.8

   Date        UTC        RA         DECL      RARate   DeclRate    HourAng      Az     Um    Phase  Range  Mag
2010-04-30  18:10:00  09 31 17.1  -05 28 07  +000817.5 -000193.9  01 14 06.2  202.887 35.586  74.18  39471 16.6
2010-04-30  18:20:00  09 40 22.5  -06 00 30  +000818.5 -000194.6  01 15 02.5  202.984 35.003  71.87  39489 16.5
2010-04-30  18:30:00  09 49 28.5  -06 32 59  +000819.7 -000195.1  01 15 58.1  203.075 34.420  69.54  39504 16.5
2010-04-30  18:40:00  09 58 35.4  -07 05 31  +000821.1 -000195.2  01 16 52.9  203.160 33.837  67.23  39517 16.4
2010-04-30  18:50:00  10 07 43.4  -07 38 03  +000822.8 -000195.1  01 17 46.6  203.238 33.254  64.90  39528 16.4
2010-04-30  19:00:00  10 16 52.5  -08 10 32  +000824.7 -000194.7  01 18 39.0  203.308 32.674  62.58  39536 16.3
2010-04-30  19:10:00  10 26 03.1  -08 42 55  +000826.9 -000194.0  01 19 30.1  203.371 32.097  60.25  39541 16.3
2010-04-30  19:20:00  10 35 15.2  -09 15 10  +000829.4 -000193.0  01 20 19.7  203.426 31.524  57.93  39544 16.2
2010-04-30  19:30:00  10 44 29.0  -09 47 14  +000832.1 -000191.7  01 21 07.5  203.473 30.956  55.59  39544 16.2
2010-04-30  19:40:00  10 53 44.7  -10 19 03  +000835.1 -000190.1  01 21 53.4  203.511 30.395  53.27  39542 16.2
2010-04-30  19:50:00  11 03 02.5  -10 50 34  +000838.2 -000188.2  01 22 37.3  203.541 29.840  50.92  39537 16.1
2010-04-30  20:00:00  11 12 22.4  -11 21 45  +000841.7 -000186.0  01 23 19.0  203.561 29.293  48.59  39529 16.1
2010-04-30  20:10:00  11 21 44.7  -11 52 33  +000845.3 -000183.4  01 23 58.4  203.572 28.756  46.24  39518 16.1
2010-04-30  20:20:00  11 31 09.5  -12 22 53  +000849.2 -000180.6  01 24 35.2  203.574 28.228  43.90  39505 16.0
2010-04-30  20:30:00  11 40 37.0  -12 52 44  +000853.2 -000177.5  01 25 09.4  203.565 27.712  41.55  39489 16.0
2010-04-30  20:40:00  11 50 07.2  -13 22 02  +000857.5 -000174.1  01 25 40.8  203.547 27.207  39.20  39471 16.0
2010-04-30  20:50:00  11 59 40.4  -13 50 44  +000862.0 -000170.3  01 26 09.2  203.519 26.716  36.84  39449 15.9
2010-04-30  21:00:00  12 09 16.6  -14 18 47  +000866.6 -000166.2  01 26 34.7  203.481 26.238  34.49  39425 15.9
2010-04-30  21:10:00  12 18 56.0  -14 46 08  +000871.5 -000161.8  01 26 57.0  203.434 25.776  32.12  39399 15.9
2010-04-30  21:20:00  12 28 38.6  -15 12 43  +000876.4 -000157.1  01 27 16.0  203.376 25.329  29.76  39369 15.9
2010-04-30  21:30:00  12 38 24.6  -15 38 30  +000881.5 -000152.1  01 27 31.6  203.308 24.899  27.39  39337 15.8
2010-04-30  21:40:00  12 48 14.0  -16 03 25  +000886.8 -000146.8  01 27 43.9  203.230 24.487  25.03  39302 15.8
2010-04-30  21:50:00  12 58 07.0  -16 27 24  +000892.1 -000141.1  01 27 52.5  203.142 24.094  22.65  39265 15.8
2010-04-30  22:00:00  13 08 03.5  -16 50 26  +000897.5 -000135.1  01 27 57.6  203.045 23.720  20.29  39225 15.8
2010-04-30  22:10:00  13 18 03.7  -17 12 26  +000903.0 -000128.8  01 27 59.1  202.939 23.366  17.93  39182 15.8
2010-04-30  22:20:00  13 28 07.6  -17 33 22  +000908.6 -000122.2  01 27 56.9  202.823 23.034  15.59  39137 15.8
2010-04-30  22:30:00  13 38 15.1  -17 53 10  +000914.1 -000115.3  01 27 51.0  202.698 22.724  13.26  39089 15.7
2010-04-30  22:40:00  13 48 26.4  -18 11 48  +000919.7 -000108.1  01 27 41.3  202.564 22.436  10.98  39039 15.7
2010-04-30  22:50:00  13 58 41.3  -18 29 12     <<SHADOW>>        01 27 28.0  202.423 22.172   8.77  38987 ----
2010-04-30  23:00:00  14 08 60.0  -18 45 19     <<SHADOW>>        01 27 11.0  202.273 21.933   6.74  38932 ----
2010-04-30  23:10:00  14 19 22.3  -19 00 08     <<SHADOW>>        01 26 50.4  202.115 21.718   5.08  38875 ----
2010-04-30  23:20:00  14 29 48.2  -19 13 34     <<SHADOW>>        01 26 26.1  201.951 21.529   4.30  38816 ----
2010-04-30  23:30:00  14 40 17.5  -19 25 35     <<SHADOW>>        01 25 58.4  201.779 21.365   4.84  38755 ----
2010-04-30  23:40:00  14 50 50.4  -19 36 10     <<SHADOW>>        01 25 27.2  201.602 21.229   6.38  38692 ----
2010-04-30  23:50:00  15 01 26.5  -19 45 14  +000956.7 -000049.9  01 24 52.7  201.418 21.119   8.41  38627 15.7
2010-05-01  00:00:00  15 12 05.9  -19 52 47  +000961.4 -000040.6  01 24 15.0  201.229 21.038  10.64  38560 15.7
2010-05-01  00:10:00  15 22 48.3  -19 58 47  +000965.9 -000031.2  01 23 34.2  201.036 20.984  13.00  38492 15.7
2010-05-01  00:20:00  15 33 33.7  -20 03 10  +000970.2 -000021.5  01 22 50.4  200.838 20.958  15.40  38422 15.7
2010-05-01  00:30:00  15 44 21.9  -20 05 56  +000974.3 -000011.7  01 22 03.9  200.637 20.961  17.86  38351 15.7
2010-05-01  00:40:00  15 55 12.7  -20 07 04  +000978.1 -000001.7  01 21 14.7  200.433 20.992  20.34  38278 15.7
2010-05-01  00:50:00  16 06 05.9  -20 06 31  +000981.6 +000008.3  01 20 23.1  200.227 21.053  22.85  38204 15.7
2010-05-01  01:00:00  16 17 01.4  -20 04 17  +000984.8 +000018.5  01 19 29.3  200.018 21.142  25.37  38130 15.8
2010-05-01  01:10:00  16 27 58.9  -20 00 22  +000987.7 +000028.7  01 18 33.4  199.809 21.260  27.92  38054 15.8
2010-05-01  01:20:00  16 38 58.3  -19 54 44  +000990.3 +000038.9  01 17 35.7  199.598 21.407  30.47  37978 15.8
2010-05-01  01:30:00  16 49 59.3  -19 47 24  +000992.6 +000049.2  01 16 36.4  199.388 21.582  33.05  37902 15.8
2010-05-01  01:40:00  17 01 01.7  -19 38 21  +000994.6 +000059.4  01 15 35.6  199.178 21.786  35.63  37825 15.8
