ЭФЕМЕРИДЫ ПО ОБЪЕКТУ:  90084
Для пункта:  10016 Маяки   46 23'50.68"   30 16'17.74"    14m
C   2010-04-15 12:00
по  2010-05-01 12:00
Шаг  0:10:00
Мин.угол места:          10 град
Макс.угол места Солнца: -10 град
Стандартный блеск :      8.9 (зв.вел.)

ОБОЗНАЧЕНИЯ
RA        прямое восхождение, тек.эпоха
DECL      склонение, тек.эпоха
RARate    скорость по пр.восх., арксек/мин
DeclRate  скорость по склонению, арксек/мин
HourAng   часовой угол
Az        азимут
Um        угол места
Phase     фазовый угол
Range     дальность
Mag       зв.величина (оценка)

   Date        UTC        RA         DECL      RARate   DeclRate    HourAng      Az     Um    Phase  Range  Mag
2010-04-22  18:50:00  06 14 31.7  -04 48 35  +000922.9 +000046.4  04 39 25.8  251.871 10.133 114.80  40061 17.8
2010-04-22  19:00:00  06 24 45.6  -04 40 59  +000918.7 +000044.9  04 39 13.6  251.917 10.262 112.40  40142 17.7
2010-04-22  19:10:00  06 34 56.6  -04 33 37  +000914.5 +000043.4  04 39 04.1  251.969 10.380 109.98  40224 17.6
2010-04-22  19:20:00  06 45 05.0  -04 26 32  +000910.4 +000041.8  04 38 57.5  252.026 10.487 107.58  40306 17.5
2010-04-22  19:30:00  06 55 10.5  -04 19 42  +000906.4 +000040.1  04 38 53.5  252.090 10.584 105.17  40389 17.4
2010-04-22  19:40:00  07 05 13.5  -04 13 10  +000902.4 +000038.4  04 38 52.2  252.159 10.669 102.77  40472 17.4
2010-04-22  19:50:00  07 15 13.7  -04 06 54  +000898.4 +000036.6  04 38 53.6  252.233 10.744 100.37  40555 17.3
2010-04-22  20:00:00  07 25 11.4  -04 00 57  +000894.6 +000034.8  04 38 57.6  252.312 10.808  97.99  40638 17.2
2010-04-22  20:10:00  07 35 06.5  -03 55 19  +000890.8 +000032.9  04 39 04.1  252.396 10.861  95.60  40721 17.1
2010-04-22  20:20:00  07 44 59.1  -03 49 59  +000887.1 +000031.0  04 39 13.2  252.485 10.903  93.23  40804 17.1
2010-04-22  20:30:00  07 54 49.3  -03 44 58  +000883.4 +000029.1  04 39 24.6  252.577 10.934  90.85  40886 17.0
2010-04-22  20:40:00  08 04 37.1  -03 40 17  +000879.9 +000027.1  04 39 38.5  252.674 10.955  88.49  40967 16.9
2010-04-22  20:50:00  08 14 22.5  -03 35 55  +000876.5 +000025.1  04 39 54.7  252.774 10.965  86.13  41048 16.9
2010-04-22  21:00:00  08 24 05.7  -03 31 54  +000873.1 +000023.1  04 40 13.2  252.878 10.964  83.78  41127 16.8
2010-04-22  21:10:00  08 33 46.7  -03 28 13  +000869.9 +000021.1  04 40 33.8  252.985 10.954  81.43  41206 16.7
2010-04-22  21:20:00  08 43 25.5  -03 24 52  +000866.7 +000019.1  04 40 56.6  253.095 10.933  79.10  41283 16.7
2010-04-22  21:30:00  08 53 02.3  -03 21 52  +000863.7 +000017.0  04 41 21.4  253.208 10.902  76.77  41359 16.6
2010-04-22  21:40:00  09 02 37.1  -03 19 12  +000860.8 +000014.9  04 41 48.3  253.323 10.862  74.45  41433 16.6
2010-04-22  21:50:00  09 12 10.1  -03 16 53  +000858.0 +000012.9  04 42 17.0  253.440 10.812  72.13  41505 16.5
2010-04-22  22:00:00  09 21 41.1  -03 14 54  +000855.3 +000010.8  04 42 47.6  253.559 10.752  69.82  41576 16.5
2010-04-22  22:10:00  09 31 10.4  -03 13 17  +000852.7 +000008.7  04 43 19.9  253.680 10.683  67.51  41644 16.4
2010-04-22  22:20:00  09 40 38.1  -03 11 60  +000850.3 +000006.7  04 43 53.9  253.802 10.605  65.22  41711 16.4
2010-04-22  22:30:00  09 50 04.1  -03 11 03  +000847.9 +000004.6  04 44 29.5  253.925 10.519  62.92  41775 16.4
2010-04-22  22:40:00  09 59 28.7  -03 10 27  +000845.7 +000002.6  04 45 06.6  254.049 10.424  60.64  41837 16.3
2010-04-22  22:50:00  10 08 51.8  -03 10 12  +000843.7 +000000.5  04 45 45.1  254.174 10.321  58.36  41897 16.3
2010-04-22  23:00:00  10 18 13.6  -03 10 17  +000841.7 -000001.5  04 46 24.9  254.299 10.210  56.09  41954 16.2
2010-04-22  23:10:00  10 27 34.1  -03 10 42  +000839.9 -000003.5  04 47 06.1  254.424 10.091  53.82  42009 16.2

   Date        UTC        RA         DECL      RARate   DeclRate    HourAng      Az     Um    Phase  Range  Mag
2010-04-23  18:00:00  05 52 34.8  -05 09 40  +000932.6 +000049.9  04 15 11.1  246.935 13.777 120.73  39460 18.1
2010-04-23  18:10:00  06 02 55.1  -05 01 28  +000928.4 +000048.6  04 14 52.4  246.963 13.932 118.32  39538 18.0
2010-04-23  18:20:00  06 13 12.6  -04 53 28  +000924.1 +000047.2  04 14 36.5  246.999 14.077 115.92  39618 17.9
2010-04-23  18:30:00  06 23 27.2  -04 45 43  +000919.9 +000045.8  04 14 23.5  247.041 14.211 113.50  39699 17.8
2010-04-23  18:40:00  06 33 39.1  -04 38 13  +000915.7 +000044.3  04 14 13.3  247.089 14.334 111.10  39780 17.7
2010-04-23  18:50:00  06 43 48.1  -04 30 58  +000911.5 +000042.6  04 14 05.9  247.144 14.447 108.70  39862 17.6
2010-04-23  19:00:00  06 53 54.4  -04 24 00  +000907.4 +000041.0  04 14 01.3  247.205 14.549 106.30  39945 17.5
2010-04-23  19:10:00  07 03 58.0  -04 17 19  +000903.3 +000039.3  04 13 59.4  247.272 14.640 103.90  40028 17.4
2010-04-23  19:20:00  07 13 58.8  -04 10 55  +000899.3 +000037.5  04 14 00.1  247.345 14.720 101.52  40111 17.3
2010-04-23  19:30:00  07 23 57.1  -04 04 50  +000895.4 +000035.6  04 14 03.5  247.423 14.789  99.12  40194 17.2
2010-04-23  19:40:00  07 33 52.8  -03 59 03  +000891.6 +000033.8  04 14 09.5  247.507 14.847  96.75  40277 17.1
2010-04-23  19:50:00  07 43 45.9  -03 53 35  +000887.8 +000031.8  04 14 18.0  247.595 14.894  94.37  40360 17.1
2010-04-23  20:00:00  07 53 36.5  -03 48 26  +000884.1 +000029.9  04 14 29.0  247.688 14.931  92.01  40442 17.0
2010-04-23  20:10:00  08 03 24.7  -03 43 37  +000880.5 +000027.9  04 14 42.5  247.786 14.957  89.64  40523 16.9
2010-04-23  20:20:00  08 13 10.5  -03 39 08  +000877.0 +000025.9  04 14 58.3  247.888 14.973  87.30  40603 16.9
2010-04-23  20:30:00  08 22 54.1  -03 34 59  +000873.6 +000023.9  04 15 16.4  247.994 14.977  84.94  40683 16.8
2010-04-23  20:40:00  08 32 35.4  -03 31 11  +000870.3 +000021.8  04 15 36.7  248.103 14.972  82.61  40761 16.7
2010-04-23  20:50:00  08 42 14.5  -03 27 43  +000867.1 +000019.8  04 15 59.2  248.216 14.956  80.27  40838 16.7
2010-04-23  21:00:00  08 51 51.6  -03 24 36  +000864.0 +000017.7  04 16 23.8  248.331 14.930  77.94  40914 16.6
2010-04-23  21:10:00  09 01 26.6  -03 21 49  +000861.1 +000015.6  04 16 50.4  248.450 14.895  75.62  40988 16.6
2010-04-23  21:20:00  09 10 59.7  -03 19 24  +000858.2 +000013.5  04 17 19.0  248.571 14.849  73.31  41061 16.5
2010-04-23  21:30:00  09 20 30.9  -03 17 19  +000855.4 +000011.4  04 17 49.4  248.694 14.794  71.00  41131 16.5
2010-04-23  21:40:00  09 30 00.3  -03 15 36  +000852.8 +000009.3  04 18 21.7  248.819 14.730  68.70  41200 16.4
2010-04-23  21:50:00  09 39 28.0  -03 14 13  +000850.3 +000007.2  04 18 55.6  248.946 14.657  66.40  41267 16.4
2010-04-23  22:00:00  09 48 54.1  -03 13 11  +000848.0 +000005.1  04 19 31.1  249.074 14.574  64.12  41331 16.4
2010-04-23  22:10:00  09 58 18.7  -03 12 30  +000845.7 +000003.1  04 20 08.2  249.204 14.483  61.83  41394 16.3
2010-04-23  22:20:00  10 07 41.7  -03 12 10  +000843.6 +000001.0  04 20 46.8  249.334 14.384  59.56  41454 16.3
2010-04-23  22:30:00  10 17 03.5  -03 12 10  +000841.6 -000001.0  04 21 26.7  249.465 14.277  57.28  41511 16.2
2010-04-23  22:40:00  10 26 23.9  -03 12 31  +000839.7 -000003.1  04 22 07.9  249.596 14.161  55.02  41566 16.2
2010-04-23  22:50:00  10 35 43.1  -03 13 12  +000838.0 -000005.1  04 22 50.3  249.727 14.038  52.76  41618 16.2
2010-04-23  23:00:00  10 45 01.3  -03 14 12  +000836.4 -000007.1  04 23 33.8  249.858 13.908  50.51  41667 16.1
2010-04-23  23:10:00  10 54 18.4  -03 15 33  +000835.0 -000009.1  04 24 18.4  249.988 13.771  48.26  41714 16.1
2010-04-23  23:20:00  11 03 34.6  -03 17 13  +000833.7 -000011.0  04 25 03.8  250.117 13.627  46.02  41758 16.1
2010-04-23  23:30:00  11 12 50.0  -03 19 13  +000832.5 -000012.9  04 25 50.1  250.245 13.477  43.78  41798 16.1
2010-04-23  23:40:00  11 22 04.6  -03 21 32  +000831.4 -000014.8  04 26 37.1  250.372 13.320  41.56  41836 16.0
2010-04-23  23:50:00  11 31 18.6  -03 24 09  +000830.6 -000016.7  04 27 24.7  250.498 13.158  39.33  41871 16.0
2010-04-24  00:00:00  11 40 32.0  -03 27 05  +000829.8 -000018.5  04 28 12.9  250.621 12.990  37.12  41902 16.0
2010-04-24  00:10:00  11 49 45.0  -03 30 20  +000829.2 -000020.3  04 29 01.6  250.742 12.818  34.90  41930 16.0
2010-04-24  00:20:00  11 58 57.6  -03 33 52  +000828.7 -000022.1  04 29 50.6  250.861 12.640  32.71  41955 15.9
2010-04-24  00:30:00  12 08 10.0  -03 37 41  +000828.4 -000023.8  04 30 39.9  250.978 12.458  30.51  41977 15.9
2010-04-24  00:40:00  12 17 22.2  -03 41 48  +000828.2 -000025.5  04 31 29.3  251.091 12.272  28.34  41995 15.9
2010-04-24  00:50:00  12 26 34.3  -03 46 11  +000828.2 -000027.2  04 32 18.9  251.201 12.082  26.17  42010 15.9
2010-04-24  01:00:00  12 35 46.5  -03 50 51  +000828.3 -000028.8  04 33 08.4  251.308 11.888  24.03  42021 15.9
2010-04-24  01:10:00  12 44 58.7  -03 55 47  +000828.6 -000030.4  04 33 57.7  251.412 11.692  21.90  42030 15.8
2010-04-24  01:20:00  12 54 11.2  -04 00 58  +000828.9 -000031.9  04 34 46.9  251.512 11.492  19.82  42034 15.8
2010-04-24  01:30:00  13 03 24.0  -04 06 25  +000829.5 -000033.4  04 35 35.7  251.607 11.291  17.76  42035 15.8
2010-04-24  01:40:00  13 12 37.2  -04 12 06  +000830.2 -000034.8  04 36 24.2  251.699 11.087  15.77  42033 15.8
2010-04-24  01:50:00  13 21 51.0  -04 18 01  +000831.0 -000036.2  04 37 12.1  251.786 10.882  13.85  42027 15.8

   Date        UTC        RA         DECL      RARate   DeclRate    HourAng      Az     Um    Phase  Range  Mag
2010-04-24  18:00:00  06 22 24.5  -04 50 23  +000921.0 +000046.7  03 49 17.9  241.906 18.054 114.55  39277 17.8
2010-04-24  18:10:00  06 32 37.1  -04 42 44  +000916.8 +000045.1  03 49 06.9  241.950 18.182 112.15  39358 17.7
2010-04-24  18:20:00  06 42 46.9  -04 35 21  +000912.6 +000043.5  03 48 58.8  242.001 18.300 109.76  39440 17.6
2010-04-24  18:30:00  06 52 53.9  -04 28 14  +000908.4 +000041.8  03 48 53.4  242.058 18.408 107.36  39523 17.5
2010-04-24  18:40:00  07 02 58.1  -04 21 25  +000904.3 +000040.1  03 48 50.9  242.123 18.504 104.97  39606 17.4
2010-04-24  18:50:00  07 12 59.6  -04 14 53  +000900.2 +000038.3  03 48 51.0  242.193 18.590 102.58  39689 17.3
2010-04-24  19:00:00  07 22 58.4  -04 08 39  +000896.3 +000036.5  03 48 53.8  242.270 18.665 100.21  39772 17.2
2010-04-24  19:10:00  07 32 54.6  -04 02 44  +000892.3 +000034.6  03 48 59.3  242.353 18.729  97.83  39854 17.2
2010-04-24  19:20:00  07 42 48.2  -03 57 08  +000888.5 +000032.6  03 49 07.3  242.441 18.783  95.46  39937 17.1
2010-04-24  19:30:00  07 52 39.3  -03 51 51  +000884.8 +000030.7  03 49 17.8  242.535 18.825  93.09  40019 17.0
2010-04-24  19:40:00  08 02 28.0  -03 46 54  +000881.1 +000028.7  03 49 30.8  242.633 18.857  90.74  40100 16.9
2010-04-24  19:50:00  08 12 14.2  -03 42 18  +000877.6 +000026.6  03 49 46.3  242.737 18.879  88.38  40181 16.9
2010-04-24  20:00:00  08 21 58.1  -03 38 02  +000874.1 +000024.6  03 50 04.0  242.844 18.889  86.05  40260 16.8
2010-04-24  20:10:00  08 31 39.7  -03 34 06  +000870.8 +000022.5  03 50 24.0  242.956 18.890  83.70  40338 16.8
2010-04-24  20:20:00  08 41 19.2  -03 30 31  +000867.5 +000020.4  03 50 46.2  243.072 18.880  81.38  40415 16.7
2010-04-24  20:30:00  08 50 56.4  -03 27 17  +000864.4 +000018.3  03 51 10.6  243.191 18.860  79.05  40491 16.6
2010-04-24  20:40:00  09 00 31.7  -03 24 25  +000861.3 +000016.2  03 51 37.0  243.314 18.830  76.73  40565 16.6
2010-04-24  20:50:00  09 10 04.9  -03 21 53  +000858.4 +000014.1  03 52 05.4  243.440 18.790  74.42  40638 16.5
2010-04-24  21:00:00  09 19 36.3  -03 19 42  +000855.6 +000012.0  03 52 35.7  243.568 18.741  72.12  40708 16.5
2010-04-24  21:10:00  09 29 05.8  -03 17 53  +000853.0 +000009.9  03 53 07.8  243.698 18.682  69.81  40777 16.4
2010-04-24  21:20:00  09 38 33.6  -03 16 25  +000850.4 +000007.8  03 53 41.7  243.831 18.614  67.53  40844 16.4
2010-04-24  21:30:00  09 47 59.7  -03 15 18  +000848.0 +000005.7  03 54 17.2  243.966 18.537  65.24  40909 16.4
2010-04-24  21:40:00  09 57 24.2  -03 14 32  +000845.7 +000003.6  03 54 54.3  244.102 18.451  62.96  40971 16.3
2010-04-24  21:50:00  10 06 47.3  -03 14 06  +000843.5 +000001.5  03 55 32.9  244.239 18.357  60.68  41031 16.3
2010-04-24  22:00:00  10 16 08.9  -03 14 02  +000841.5 -000000.6  03 56 12.9  244.377 18.254  58.42  41088 16.2
2010-04-24  22:10:00  10 25 29.3  -03 14 18  +000839.6 -000002.7  03 56 54.2  244.515 18.143  56.15  41143 16.2
2010-04-24  22:20:00  10 34 48.4  -03 14 55  +000837.8 -000004.7  03 57 36.7  244.654 18.025  53.90  41196 16.2
2010-04-24  22:30:00  10 44 06.4  -03 15 52  +000836.2 -000006.7  03 58 20.4  244.793 17.899  51.65  41245 16.1
2010-04-24  22:40:00  10 53 23.3  -03 17 10  +000834.7 -000008.7  03 59 05.1  244.931 17.766  49.41  41292 16.1
2010-04-24  22:50:00  11 02 39.3  -03 18 47  +000833.3 -000010.7  03 59 50.7  245.069 17.626  47.16  41336 16.1
2010-04-24  23:00:00  11 11 54.4  -03 20 43  +000832.1 -000012.6  04 00 37.2  245.205 17.480  44.94  41377 16.0
2010-04-24  23:10:00  11 21 08.8  -03 22 59  +000831.0 -000014.6  04 01 24.5  245.341 17.327  42.71  41415 16.0
2010-04-24  23:20:00  11 30 22.5  -03 25 34  +000830.1 -000016.4  04 02 12.5  245.475 17.168  40.49  41449 16.0
2010-04-24  23:30:00  11 39 35.6  -03 28 28  +000829.3 -000018.3  04 03 01.0  245.608 17.003  38.27  41481 16.0
2010-04-24  23:40:00  11 48 48.2  -03 31 41  +000828.6 -000020.1  04 03 50.0  245.738 16.834  36.08  41510 15.9
2010-04-24  23:50:00  11 58 00.5  -03 35 11  +000828.1 -000021.9  04 04 39.4  245.866 16.659  33.87  41535 15.9
2010-04-25  00:00:00  12 07 12.4  -03 38 59  +000827.8 -000023.7  04 05 29.1  245.992 16.479  31.69  41557 15.9
2010-04-25  00:10:00  12 16 24.2  -03 43 05  +000827.5 -000025.4  04 06 19.0  246.114 16.295  29.51  41575 15.9
2010-04-25  00:20:00  12 25 35.8  -03 47 28  +000827.5 -000027.1  04 07 09.0  246.234 16.107  27.35  41591 15.9
2010-04-25  00:30:00  12 34 47.5  -03 52 07  +000827.6 -000028.7  04 07 59.0  246.350 15.916  25.20  41602 15.9
2010-04-25  00:40:00  12 43 59.3  -03 57 02  +000827.8 -000030.3  04 08 48.8  246.463 15.721  23.08  41611 15.8
2010-04-25  00:50:00  12 53 11.2  -04 02 14  +000828.1 -000031.9  04 09 38.5  246.572 15.523  20.98  41616 15.8
2010-04-25  01:00:00  13 02 23.5  -04 07 40  +000828.7 -000033.4  04 10 27.9  246.677 15.323  18.92  41617 15.8
2010-04-25  01:10:00  13 11 36.1  -04 13 22  +000829.3 -000034.9  04 11 16.9  246.777 15.120  16.90  41616 15.8
2010-04-25  01:20:00  13 20 49.3  -04 19 18  +000830.1 -000036.3  04 12 05.4  246.873 14.916  14.97  41610 15.8
2010-04-25  01:30:00  13 30 03.0  -04 25 28  +000831.1 -000037.7  04 12 53.3  246.964 14.710  13.12  41601 15.8
2010-04-25  01:40:00  13 39 17.4  -04 31 52  +000832.2 -000039.0  04 13 40.6  247.051 14.503  11.44  41589 15.8
2010-04-25  01:50:00  13 48 32.6  -04 38 28  +000833.4 -000040.3  04 14 27.0  247.132 14.295   9.98  41573 15.8

   Date        UTC        RA         DECL      RARate   DeclRate    HourAng      Az     Um    Phase  Range  Mag
2010-04-25  18:00:00  06 52 08.4  -04 32 20  +000909.4 +000042.7  03 23 30.5  236.593 22.116 108.36  39128 17.5
2010-04-25  18:10:00  07 02 13.3  -04 25 23  +000905.2 +000040.9  03 23 27.3  236.654 22.219 105.97  39210 17.4
2010-04-25  18:20:00  07 12 15.4  -04 18 42  +000901.1 +000039.1  03 23 26.8  236.722 22.311 103.60  39293 17.3
2010-04-25  18:30:00  07 22 14.8  -04 12 21  +000897.1 +000037.3  03 23 29.1  236.796 22.392 101.22  39376 17.2
2010-04-25  18:40:00  07 32 11.5  -04 06 17  +000893.1 +000035.4  03 23 34.0  236.877 22.462  98.85  39459 17.2
2010-04-25  18:50:00  07 42 05.7  -04 00 34  +000889.3 +000033.4  03 23 41.5  236.965 22.522  96.48  39541 17.1
2010-04-25  19:00:00  07 51 57.2  -03 55 09  +000885.5 +000031.4  03 23 51.6  237.058 22.571  94.12  39623 17.0
2010-04-25  19:10:00  08 01 46.3  -03 50 05  +000881.8 +000029.4  03 24 04.1  237.158 22.610  91.76  39704 16.9
2010-04-25  19:20:00  08 11 33.0  -03 45 21  +000878.2 +000027.4  03 24 19.1  237.262 22.638  89.42  39784 16.9
2010-04-25  19:30:00  08 21 17.2  -03 40 58  +000874.6 +000025.3  03 24 36.5  237.372 22.655  87.07  39864 16.8
2010-04-25  19:40:00  08 30 59.2  -03 36 55  +000871.2 +000023.2  03 24 56.2  237.487 22.662  84.75  39942 16.8
2010-04-25  19:50:00  08 40 38.9  -03 33 14  +000867.9 +000021.1  03 25 18.1  237.606 22.659  82.41  40019 16.7
2010-04-25  20:00:00  08 50 16.4  -03 29 53  +000864.7 +000019.0  03 25 42.2  237.729 22.646  80.10  40095 16.6
2010-04-25  20:10:00  08 59 51.9  -03 26 54  +000861.6 +000016.9  03 26 08.4  237.856 22.622  77.78  40169 16.6
2010-04-25  20:20:00  09 09 25.3  -03 24 16  +000858.7 +000014.7  03 26 36.7  237.987 22.589  75.47  40241 16.5
2010-04-25  20:30:00  09 18 56.8  -03 22 00  +000855.8 +000012.6  03 27 06.8  238.121 22.546  73.16  40312 16.5
2010-04-25  20:40:00  09 28 26.4  -03 20 05  +000853.1 +000010.4  03 27 38.8  238.258 22.494  70.88  40381 16.4
2010-04-25  20:50:00  09 37 54.3  -03 18 31  +000850.5 +000008.3  03 28 12.6  238.398 22.432  68.58  40447 16.4
2010-04-25  21:00:00  09 47 20.5  -03 17 19  +000848.0 +000006.2  03 28 48.0  238.540 22.362  66.30  40512 16.4
2010-04-25  21:10:00  09 56 45.0  -03 16 28  +000845.7 +000004.0  03 29 25.1  238.683 22.282  64.02  40574 16.3
2010-04-25  21:20:00  10 06 08.1  -03 15 58  +000843.5 +000001.9  03 30 03.7  238.829 22.194  61.76  40634 16.3
2010-04-25  21:30:00  10 15 29.7  -03 15 49  +000841.4 -000000.2  03 30 43.8  238.975 22.098  59.49  40691 16.2
2010-04-25  21:40:00  10 24 50.0  -03 16 01  +000839.4 -000002.2  03 31 25.1  239.123 21.993  57.23  40746 16.2
2010-04-25  21:50:00  10 34 09.0  -03 16 34  +000837.6 -000004.3  03 32 07.8  239.271 21.880  54.98  40799 16.2
2010-04-25  22:00:00  10 43 26.8  -03 17 28  +000835.9 -000006.4  03 32 51.6  239.419 21.760  52.73  40848 16.1
2010-04-25  22:10:00  10 52 43.6  -03 18 41  +000834.4 -000008.4  03 33 36.4  239.567 21.633  50.49  40895 16.1
2010-04-25  22:20:00  11 01 59.3  -03 20 15  +000833.0 -000010.4  03 34 22.3  239.715 21.498  48.26  40939 16.1
2010-04-25  22:30:00  11 11 14.2  -03 22 09  +000831.7 -000012.4  03 35 09.1  239.863 21.357  46.02  40980 16.0
2010-04-25  22:40:00  11 20 28.3  -03 24 22  +000830.6 -000014.3  03 35 56.6  240.009 21.209  43.81  41018 16.0
2010-04-25  22:50:00  11 29 41.8  -03 26 55  +000829.6 -000016.2  03 36 44.8  240.154 21.055  41.58  41053 16.0
2010-04-25  23:00:00  11 38 54.6  -03 29 47  +000828.8 -000018.1  03 37 33.7  240.297 20.895  39.38  41084 16.0
2010-04-25  23:10:00  11 48 06.9  -03 32 57  +000828.1 -000020.0  03 38 23.0  240.439 20.729  37.17  41113 15.9
2010-04-25  23:20:00  11 57 18.8  -03 36 26  +000827.6 -000021.8  03 39 12.8  240.578 20.558  34.98  41138 15.9
2010-04-25  23:30:00  12 06 30.3  -03 40 13  +000827.2 -000023.6  03 40 02.8  240.715 20.382  32.79  41160 15.9
2010-04-25  23:40:00  12 15 41.7  -03 44 18  +000826.9 -000025.3  03 40 53.1  240.849 20.202  30.62  41179 15.9
2010-04-25  23:50:00  12 24 52.9  -03 48 40  +000826.8 -000027.0  03 41 43.5  240.980 20.018  28.46  41195 15.9
2010-04-26  00:00:00  12 34 04.1  -03 53 18  +000826.9 -000028.7  03 42 33.9  241.108 19.829  26.32  41207 15.8
2010-04-26  00:10:00  12 43 15.4  -03 58 14  +000827.0 -000030.3  03 43 24.3  241.232 19.637  24.18  41215 15.8
2010-04-26  00:20:00  12 52 26.9  -04 03 25  +000827.4 -000031.9  03 44 14.5  241.353 19.442  22.09  41220 15.8
2010-04-26  00:30:00  13 01 38.6  -04 08 52  +000827.9 -000033.5  03 45 04.4  241.469 19.244  20.01  41222 15.8
2010-04-26  00:40:00  13 10 50.7  -04 14 34  +000828.5 -000035.0  03 45 53.9  241.581 19.043  17.99  41221 15.8
2010-04-26  00:50:00  13 20 03.3  -04 20 31  +000829.3 -000036.4  03 46 43.0  241.688 18.841  16.02  41216 15.8
2010-04-26  01:00:00  13 29 16.5  -04 26 42  +000830.2 -000037.8  03 47 31.4  241.790 18.636  14.16  41207 15.8
2010-04-26  01:10:00  13 38 30.3  -04 33 07  +000831.3 -000039.1  03 48 19.3  241.888 18.430  12.40  41195 15.8
2010-04-26  01:20:00  13 47 44.9  -04 39 45  +000832.5 -000040.4  03 49 06.3  241.980 18.223  10.85  41180 15.7
2010-04-26  01:30:00  13 57 00.3  -04 46 35  +000833.9 -000041.7  03 49 52.5  242.066 18.016   9.58  41161 15.7
2010-04-26  01:40:00  14 06 16.8  -04 53 38  +000835.4 -000042.9  03 50 37.7  242.147 17.808   8.74  41139 15.7
2010-04-26  01:50:00  14 15 34.2  -05 00 52  +000837.1 -000044.0  03 51 21.9  242.221 17.600   8.43  41113 15.7

   Date        UTC        RA         DECL      RARate   DeclRate    HourAng      Az     Um    Phase  Range  Mag
2010-04-26  18:10:00  07 31 42.7  -04 09 40  +000893.9 +000036.1  02 57 54.4  231.023 25.992  99.80  39095 17.2
2010-04-26  18:20:00  07 41 37.4  -04 03 49  +000890.0 +000034.2  02 58 01.4  231.109 26.059  97.45  39177 17.1
2010-04-26  18:30:00  07 51 29.4  -03 58 17  +000886.1 +000032.2  02 58 11.0  231.202 26.115  95.09  39259 17.0
2010-04-26  18:40:00  08 01 18.9  -03 53 06  +000882.4 +000030.1  02 58 23.1  231.301 26.161  92.74  39340 17.0
2010-04-26  18:50:00  08 11 06.0  -03 48 15  +000878.7 +000028.1  02 58 37.7  231.407 26.196  90.39  39420 16.9
2010-04-26  19:00:00  08 20 50.6  -03 43 44  +000875.2 +000026.0  02 58 54.7  231.518 26.221  88.06  39499 16.8
2010-04-26  19:10:00  08 30 32.9  -03 39 35  +000871.7 +000023.9  02 59 14.1  231.635 26.236  85.72  39577 16.8
2010-04-26  19:20:00  08 40 12.9  -03 35 47  +000868.3 +000021.8  02 59 35.7  231.758 26.240  83.40  39654 16.7
2010-04-26  19:30:00  08 49 50.7  -03 32 20  +000865.1 +000019.6  02 59 59.6  231.886 26.234  81.08  39730 16.6
2010-04-26  19:40:00  08 59 26.4  -03 29 15  +000862.0 +000017.5  03 00 25.5  232.018 26.219  78.77  39804 16.6
2010-04-26  19:50:00  09 09 00.1  -03 26 31  +000859.0 +000015.3  03 00 53.5  232.154 26.194  76.46  39876 16.5
2010-04-26  20:00:00  09 18 31.7  -03 24 09  +000856.1 +000013.1  03 01 23.5  232.295 26.159  74.17  39946 16.5
2010-04-26  20:10:00  09 28 01.5  -03 22 08  +000853.3 +000011.0  03 01 55.3  232.439 26.114  71.87  40015 16.4
2010-04-26  20:20:00  09 37 29.5  -03 20 29  +000850.6 +000008.8  03 02 29.0  232.586 26.060  69.59  40081 16.4
2010-04-26  20:30:00  09 46 55.7  -03 19 12  +000848.1 +000006.7  03 03 04.4  232.736 25.997  67.30  40146 16.4
2010-04-26  20:40:00  09 56 20.3  -03 18 16  +000845.7 +000004.5  03 03 41.5  232.889 25.926  65.03  40208 16.3
2010-04-26  20:50:00  10 05 43.3  -03 17 41  +000843.4 +000002.4  03 04 20.1  233.043 25.845  62.76  40268 16.3
2010-04-26  21:00:00  10 15 05.0  -03 17 28  +000841.3 +000000.3  03 05 00.1  233.200 25.756  60.51  40325 16.2
2010-04-26  21:10:00  10 24 25.2  -03 17 36  +000839.3 -000001.8  03 05 41.5  233.358 25.659  58.24  40380 16.2
2010-04-26  21:20:00  10 33 44.1  -03 18 05  +000837.5 -000003.9  03 06 24.3  233.517 25.554  56.00  40432 16.2
2010-04-26  21:30:00  10 43 01.8  -03 18 55  +000835.7 -000006.0  03 07 08.2  233.676 25.440  53.75  40482 16.1
2010-04-26  21:40:00  10 52 18.4  -03 20 05  +000834.2 -000008.1  03 07 53.2  233.836 25.320  51.52  40528 16.1
2010-04-26  21:50:00  11 01 34.1  -03 21 36  +000832.7 -000010.1  03 08 39.2  233.997 25.192  49.28  40572 16.1
2010-04-26  22:00:00  11 10 48.8  -03 23 27  +000831.4 -000012.1  03 09 26.2  234.156 25.057  47.06  40613 16.0
2010-04-26  22:10:00  11 20 02.7  -03 25 37  +000830.3 -000014.1  03 10 13.9  234.315 24.916  44.84  40651 16.0
2010-04-26  22:20:00  11 29 15.8  -03 28 08  +000829.2 -000016.0  03 11 02.4  234.473 24.768  42.63  40685 16.0
2010-04-26  22:30:00  11 38 28.4  -03 30 57  +000828.4 -000017.9  03 11 51.5  234.630 24.614  40.42  40717 16.0
2010-04-26  22:40:00  11 47 40.4  -03 34 06  +000827.6 -000019.8  03 12 41.1  234.785 24.455  38.22  40746 15.9
2010-04-26  22:50:00  11 56 51.9  -03 37 33  +000827.1 -000021.6  03 13 31.2  234.938 24.289  36.02  40771 15.9
2010-04-26  23:00:00  12 06 03.1  -03 41 19  +000826.6 -000023.5  03 14 21.6  235.088 24.119  33.85  40793 15.9
2010-04-26  23:10:00  12 15 14.1  -03 45 22  +000826.3 -000025.2  03 15 12.3  235.236 23.944  31.67  40812 15.9
2010-04-26  23:20:00  12 24 25.0  -03 49 43  +000826.2 -000027.0  03 16 03.1  235.381 23.764  29.52  40827 15.8
2010-04-26  23:30:00  12 33 35.8  -03 54 22  +000826.2 -000028.7  03 16 53.9  235.523 23.580  27.37  40839 15.8
2010-04-26  23:40:00  12 42 46.7  -03 59 17  +000826.4 -000030.3  03 17 44.7  235.661 23.393  25.24  40848 15.8
2010-04-26  23:50:00  12 51 57.7  -04 04 28  +000826.7 -000031.9  03 18 35.3  235.795 23.201  23.13  40853 15.8
2010-04-27  00:00:00  13 01 08.9  -04 09 55  +000827.1 -000033.5  03 19 25.7  235.925 23.007  21.07  40855 15.8
2010-04-27  00:10:00  13 10 20.6  -04 15 38  +000827.8 -000035.0  03 20 15.7  236.051 22.810  19.03  40853 15.8
2010-04-27  00:20:00  13 19 32.6  -04 21 35  +000828.5 -000036.5  03 21 05.3  236.172 22.610  17.05  40848 15.8
2010-04-27  00:30:00  13 28 45.3  -04 27 47  +000829.4 -000037.9  03 21 54.3  236.288 22.409  15.14  40840 15.7
2010-04-27  00:40:00  13 37 58.6  -04 34 13  +000830.5 -000039.3  03 22 42.7  236.399 22.205  13.36  40828 15.7
2010-04-27  00:50:00  13 47 12.6  -04 40 53  +000831.7 -000040.6  03 23 30.3  236.504 22.001  11.72  40813 15.7
2010-04-27  01:00:00  13 56 27.5  -04 47 45  +000833.0 -000041.9  03 24 17.0  236.603 21.795  10.33  40795 15.7
2010-04-27  01:10:00  14 05 43.3  -04 54 50  +000834.5 -000043.1  03 25 02.8  236.697 21.589   9.29  40773 15.7
2010-04-27  01:20:00  14 15 00.2  -05 02 06  +000836.2 -000044.2  03 25 47.6  236.784 21.383   8.74  40747 15.7
2010-04-27  01:30:00  14 24 18.2  -05 09 34  +000837.9 -000045.3  03 26 31.2  236.865 21.176   8.76  40719 15.7
2010-04-27  01:40:00  14 33 37.4  -05 17 12  +000839.9 -000046.3  03 27 13.6  236.940 20.970   9.35  40687 15.7
2010-04-27  01:50:00  14 42 58.0  -05 25 00  +000842.0 -000047.3  03 27 54.7  237.007 20.766  10.43  40652 15.7

   Date        UTC        RA         DECL      RARate   DeclRate    HourAng      Az     Um    Phase  Range  Mag
2010-04-27  18:10:00  08 01 04.9  -03 55 54  +000883.0 +000030.8  02 32 28.8  225.010 29.448  93.65  39012 17.0
2010-04-27  18:20:00  08 10 52.3  -03 50 56  +000879.3 +000028.8  02 32 43.0  225.116 29.491  91.32  39092 16.9
2010-04-27  18:30:00  08 20 37.3  -03 46 19  +000875.7 +000026.7  02 32 59.7  225.228 29.525  88.97  39171 16.8
2010-04-27  18:40:00  08 30 19.9  -03 42 03  +000872.2 +000024.5  02 33 18.7  225.348 29.548  86.65  39249 16.8
2010-04-27  18:50:00  08 40 00.3  -03 38 08  +000868.8 +000022.4  02 33 40.0  225.473 29.561  84.32  39326 16.7
2010-04-27  19:00:00  08 49 38.4  -03 34 35  +000865.5 +000020.2  02 34 03.5  225.605 29.564  82.01  39401 16.7
2010-04-27  19:10:00  08 59 14.3  -03 31 23  +000862.3 +000018.1  02 34 29.2  225.742 29.557  79.70  39475 16.6
2010-04-27  19:20:00  09 08 48.2  -03 28 34  +000859.3 +000015.9  02 34 57.0  225.884 29.541  77.40  39547 16.5
2010-04-27  19:30:00  09 18 20.0  -03 26 06  +000856.3 +000013.7  02 35 26.8  226.031 29.515  75.10  39617 16.5
2010-04-27  19:40:00  09 27 50.0  -03 23 60  +000853.5 +000011.5  02 35 58.5  226.183 29.480  72.82  39685 16.4
2010-04-27  19:50:00  09 37 18.1  -03 22 15  +000850.8 +000009.3  02 36 32.1  226.338 29.435  70.53  39752 16.4
2010-04-27  20:00:00  09 46 44.4  -03 20 53  +000848.2 +000007.2  02 37 07.4  226.497 29.382  68.26  39816 16.4
2010-04-27  20:10:00  09 56 09.1  -03 19 52  +000845.8 +000005.0  02 37 44.3  226.660 29.319  65.98  39878 16.3
2010-04-27  20:20:00  10 05 32.2  -03 19 13  +000843.5 +000002.8  02 38 22.9  226.825 29.248  63.72  39937 16.3
2010-04-27  20:30:00  10 14 53.8  -03 18 55  +000841.3 +000000.7  02 39 02.9  226.992 29.168  61.46  39994 16.2
2010-04-27  20:40:00  10 24 14.0  -03 18 59  +000839.3 -000001.4  02 39 44.4  227.162 29.080  59.21  40049 16.2
2010-04-27  20:50:00  10 33 32.8  -03 19 24  +000837.4 -000003.6  02 40 27.1  227.333 28.984  56.96  40101 16.2
2010-04-27  21:00:00  10 42 50.5  -03 20 10  +000835.6 -000005.7  02 41 11.1  227.506 28.880  54.72  40150 16.1
2010-04-27  21:10:00  10 52 07.0  -03 21 17  +000834.0 -000007.7  02 41 56.3  227.679 28.768  52.48  40196 16.1
2010-04-27  21:20:00  11 01 22.5  -03 22 45  +000832.5 -000009.8  02 42 42.4  227.853 28.649  50.26  40240 16.1
2010-04-27  21:30:00  11 10 37.1  -03 24 33  +000831.2 -000011.8  02 43 29.5  228.027 28.523  48.03  40280 16.0
2010-04-27  21:40:00  11 19 50.8  -03 26 41  +000830.0 -000013.8  02 44 17.4  228.201 28.390  45.82  40318 16.0
2010-04-27  21:50:00  11 29 03.7  -03 29 09  +000828.9 -000015.8  02 45 06.1  228.374 28.250  43.61  40352 16.0
2010-04-27  22:00:00  11 38 16.0  -03 31 56  +000828.0 -000017.7  02 45 55.4  228.546 28.104  41.41  40384 15.9
2010-04-27  22:10:00  11 47 27.8  -03 35 03  +000827.2 -000019.6  02 46 45.3  228.716 27.952  39.21  40412 15.9
2010-04-27  22:20:00  11 56 39.1  -03 38 29  +000826.6 -000021.5  02 47 35.7  228.885 27.794  37.02  40437 15.9
2010-04-27  22:30:00  12 05 50.0  -03 42 13  +000826.2 -000023.3  02 48 26.4  229.052 27.631  34.84  40459 15.9
2010-04-27  22:40:00  12 15 00.7  -03 46 15  +000825.9 -000025.1  02 49 17.4  229.216 27.463  32.67  40478 15.9
2010-04-27  22:50:00  12 24 11.2  -03 50 35  +000825.7 -000026.9  02 50 08.5  229.377 27.290  30.51  40493 15.8
2010-04-27  23:00:00  12 33 21.6  -03 55 13  +000825.7 -000028.6  02 50 59.7  229.535 27.113  28.37  40505 15.8
2010-04-27  23:10:00  12 42 32.1  -04 00 07  +000825.8 -000030.3  02 51 50.9  229.690 26.931  26.24  40513 15.8
2010-04-27  23:20:00  12 51 42.7  -04 05 18  +000826.1 -000031.9  02 52 41.9  229.840 26.746  24.14  40518 15.8
2010-04-27  23:30:00  13 00 53.5  -04 10 46  +000826.5 -000033.5  02 53 32.7  229.987 26.557  22.06  40520 15.8
2010-04-27  23:40:00  13 10 04.7  -04 16 29  +000827.1 -000035.1  02 54 23.2  230.129 26.365  20.02  40519 15.8
2010-04-27  23:50:00  13 19 16.3  -04 22 27  +000827.8 -000036.6  02 55 13.2  230.266 26.170  18.02  40514 15.7
2010-04-28  00:00:00  13 28 28.5  -04 28 40  +000828.7 -000038.0  02 56 02.7  230.399 25.973  16.11  40505 15.7
2010-04-28  00:10:00  13 37 41.3  -04 35 07  +000829.7 -000039.4  02 56 51.5  230.526 25.774  14.27  40493 15.7
2010-04-28  00:20:00  13 46 54.8  -04 41 48  +000830.9 -000040.7  02 57 39.7  230.647 25.573  12.59  40478 15.7
2010-04-28  00:30:00  13 56 09.2  -04 48 42  +000832.2 -000042.0  02 58 26.9  230.763 25.371  11.10  40460 15.7
2010-04-28  00:40:00  14 05 24.5  -04 55 48  +000833.7 -000043.3  02 59 13.3  230.872 25.168   9.92  40438 15.7
2010-04-28  00:50:00  14 14 40.8  -05 03 06  +000835.3 -000044.4  02 59 58.6  230.975 24.964   9.15  40413 15.7
2010-04-28  01:00:00  14 23 58.3  -05 10 37  +000837.1 -000045.5  03 00 42.8  231.071 24.760   8.91  40384 15.7
2010-04-28  01:10:00  14 33 17.0  -05 18 17  +000839.0 -000046.6  03 01 25.7  231.160 24.556   9.25  40352 15.7
2010-04-28  01:20:00  14 42 37.0  -05 26 08  +000841.1 -000047.6  03 02 07.3  231.242 24.353  10.11  40318 15.7
2010-04-28  01:30:00  14 51 58.5  -05 34 09  +000843.3 -000048.5  03 02 47.5  231.317 24.150  11.38  40279 15.7
2010-04-28  01:40:00  15 01 21.4  -05 42 18  +000845.6 -000049.4  03 03 26.2  231.384 23.949  12.93  40238 15.7
2010-04-28  01:50:00  15 10 46.0  -05 50 36  +000848.1 -000050.1  03 04 03.3  231.443 23.750  14.69  40194 15.7

   Date        UTC        RA         DECL      RARate   DeclRate    HourAng      Az     Um    Phase  Range  Mag
2010-04-28  18:10:00  08 30 19.1  -03 44 17  +000872.7 +000025.2  02 07 11.2  218.580 32.527  87.52  38961 16.8
2010-04-28  18:20:00  08 39 59.7  -03 40 15  +000869.3 +000023.0  02 07 32.2  218.707 32.550  85.21  39038 16.7
2010-04-28  18:30:00  08 49 38.1  -03 36 36  +000865.9 +000020.8  02 07 55.4  218.842 32.563  82.89  39113 16.7
2010-04-28  18:40:00  08 59 14.3  -03 33 19  +000862.7 +000018.7  02 08 20.9  218.983 32.566  80.59  39186 16.6
2010-04-28  18:50:00  09 08 48.4  -03 30 23  +000859.6 +000016.5  02 08 48.4  219.131 32.560  78.29  39258 16.6
2010-04-28  19:00:00  09 18 20.5  -03 27 50  +000856.6 +000014.3  02 09 18.0  219.284 32.545  76.00  39328 16.5
2010-04-28  19:10:00  09 27 50.6  -03 25 38  +000853.8 +000012.1  02 09 49.5  219.443 32.520  73.71  39396 16.5
2010-04-28  19:20:00  09 37 18.8  -03 23 48  +000851.0 +000009.9  02 10 22.9  219.607 32.487  71.43  39462 16.4
2010-04-28  19:30:00  09 46 45.3  -03 22 21  +000848.4 +000007.7  02 10 58.1  219.775 32.444  69.15  39526 16.4
2010-04-28  19:40:00  09 56 10.1  -03 21 15  +000845.9 +000005.5  02 11 34.9  219.948 32.392  66.89  39587 16.3
2010-04-28  19:50:00  10 05 33.3  -03 20 32  +000843.6 +000003.3  02 12 13.4  220.124 32.332  64.62  39646 16.3
2010-04-28  20:00:00  10 14 54.9  -03 20 10  +000841.4 +000001.1  02 12 53.4  220.303 32.263  62.37  39703 16.2
2010-04-28  20:10:00  10 24 15.1  -03 20 09  +000839.3 -000001.0  02 13 34.9  220.486 32.186  60.12  39757 16.2
2010-04-28  20:20:00  10 33 34.0  -03 20 30  +000837.3 -000003.2  02 14 17.6  220.670 32.101  57.88  39809 16.2
2010-04-28  20:30:00  10 42 51.6  -03 21 13  +000835.5 -000005.3  02 15 01.7  220.857 32.008  55.64  39857 16.1
2010-04-28  20:40:00  10 52 08.0  -03 22 16  +000833.9 -000007.4  02 15 46.8  221.045 31.907  53.41  39903 16.1
2010-04-28  20:50:00  11 01 23.5  -03 23 40  +000832.4 -000009.5  02 16 33.1  221.234 31.799  51.18  39947 16.1
2010-04-28  21:00:00  11 10 37.9  -03 25 25  +000831.0 -000011.5  02 17 20.3  221.424 31.683  48.97  39987 16.0
2010-04-28  21:10:00  11 19 51.5  -03 27 31  +000829.7 -000013.5  02 18 08.3  221.614 31.561  46.75  40024 16.0
2010-04-28  21:20:00  11 29 04.3  -03 29 56  +000828.7 -000015.5  02 18 57.2  221.803 31.432  44.55  40058 16.0
2010-04-28  21:30:00  11 38 16.4  -03 32 41  +000827.7 -000017.5  02 19 46.7  221.993 31.296  42.34  40089 15.9
2010-04-28  21:40:00  11 47 27.9  -03 35 46  +000826.9 -000019.4  02 20 36.8  222.181 31.154  40.15  40117 15.9
2010-04-28  21:50:00  11 56 39.0  -03 39 09  +000826.3 -000021.3  02 21 27.4  222.368 31.006  37.96  40142 15.9
2010-04-28  22:00:00  12 05 49.7  -03 42 52  +000825.8 -000023.2  02 22 18.3  222.552 30.853  35.79  40163 15.9
2010-04-28  22:10:00  12 15 00.1  -03 46 53  +000825.4 -000025.0  02 23 09.6  222.735 30.694  33.62  40182 15.8
2010-04-28  22:20:00  12 24 10.3  -03 51 12  +000825.2 -000026.8  02 24 01.0  222.915 30.530  31.47  40197 15.8
2010-04-28  22:30:00  12 33 20.4  -03 55 49  +000825.2 -000028.5  02 24 52.5  223.092 30.361  29.32  40208 15.8
2010-04-28  22:40:00  12 42 30.6  -04 00 43  +000825.3 -000030.2  02 25 44.0  223.266 30.188  27.20  40216 15.8
2010-04-28  22:50:00  12 51 40.8  -04 05 53  +000825.5 -000031.9  02 26 35.4  223.436 30.010  25.09  40221 15.8
2010-04-28  23:00:00  13 00 51.3  -04 11 21  +000825.9 -000033.5  02 27 26.6  223.602 29.829  23.02  40223 15.8
2010-04-28  23:10:00  13 10 02.1  -04 17 04  +000826.5 -000035.1  02 28 17.4  223.763 29.645  20.96  40221 15.7
2010-04-28  23:20:00  13 19 13.3  -04 23 02  +000827.2 -000036.6  02 29 07.8  223.919 29.457  18.97  40216 15.7
2010-04-28  23:30:00  13 28 25.1  -04 29 16  +000828.0 -000038.1  02 29 57.7  224.071 29.266  17.02  40207 15.7
2010-04-28  23:40:00  13 37 37.4  -04 35 44  +000829.1 -000039.5  02 30 47.0  224.217 29.073  15.17  40195 15.7
2010-04-28  23:50:00  13 46 50.5  -04 42 26  +000830.2 -000040.9  02 31 35.6  224.357 28.878  13.43  40180 15.7
2010-04-29  00:00:00  13 56 04.4  -04 49 21  +000831.5 -000042.2  02 32 23.3  224.491 28.681  11.88  40161 15.7
2010-04-29  00:10:00  14 05 19.2  -04 56 29  +000833.0 -000043.4  02 33 10.2  224.619 28.483  10.58  40139 15.7
2010-04-29  00:20:00  14 14 35.1  -05 03 49  +000834.6 -000044.6  02 33 55.9  224.740 28.283   9.64  40114 15.7
2010-04-29  00:30:00  14 23 52.1  -05 11 22  +000836.3 -000045.8  02 34 40.6  224.854 28.083   9.18  40085 15.7
2010-04-29  00:40:00  14 33 10.2  -05 19 05  +000838.2 -000046.8  02 35 24.1  224.961 27.883   9.28  40054 15.7
2010-04-29  00:50:00  14 42 29.8  -05 26 58  +000840.3 -000047.8  02 36 06.2  225.060 27.683   9.91  40019 15.7
2010-04-29  01:00:00  14 51 50.7  -05 35 01  +000842.5 -000048.8  02 36 46.9  225.152 27.483  11.00  39981 15.7
2010-04-29  01:10:00  15 01 13.1  -05 43 14  +000844.8 -000049.7  02 37 26.1  225.236 27.284  12.42  39940 15.7
2010-04-29  01:20:00  15 10 37.2  -05 51 35  +000847.3 -000050.5  02 38 03.7  225.311 27.086  14.08  39896 15.7
2010-04-29  01:30:00  15 20 02.9  -06 00 03  +000849.9 -000051.2  02 38 39.6  225.378 26.890  15.91  39849 15.7
2010-04-29  01:40:00  15 29 30.4  -06 08 39  +000852.7 -000051.9  02 39 13.7  225.436 26.695  17.84  39799 15.7

   Date        UTC        RA         DECL      RARate   DeclRate    HourAng      Az     Um    Phase  Range  Mag
2010-04-29  18:10:00  08 59 24.9  -03 35 00  +000863.1 +000019.2  01 42 01.9  211.719 35.166  81.43  38942 16.6
2010-04-29  18:20:00  09 08 59.3  -03 31 59  +000860.0 +000017.0  01 42 29.2  211.871 35.172  79.14  39014 16.6
2010-04-29  18:30:00  09 18 31.6  -03 29 20  +000856.9 +000014.8  01 42 58.5  212.029 35.169  76.84  39083 16.5
2010-04-29  18:40:00  09 28 01.9  -03 27 03  +000854.0 +000012.6  01 43 29.8  212.195 35.156  74.57  39151 16.5
2010-04-29  18:50:00  09 37 30.3  -03 25 08  +000851.3 +000010.4  01 44 03.0  212.366 35.135  72.28  39216 16.4
2010-04-29  19:00:00  09 46 57.0  -03 23 35  +000848.6 +000008.2  01 44 38.1  212.543 35.105  70.02  39280 16.4
2010-04-29  19:10:00  09 56 21.9  -03 22 25  +000846.1 +000005.9  01 45 14.8  212.725 35.066  67.75  39341 16.3
2010-04-29  19:20:00  10 05 45.1  -03 21 36  +000843.7 +000003.7  01 45 53.2  212.912 35.019  65.49  39399 16.3
2010-04-29  19:30:00  10 15 06.9  -03 21 10  +000841.5 +000001.6  01 46 33.1  213.103 34.963  63.23  39456 16.2
2010-04-29  19:40:00  10 24 27.1  -03 21 05  +000839.4 -000000.6  01 47 14.5  213.298 34.899  60.99  39509 16.2
2010-04-29  19:50:00  10 33 46.0  -03 21 22  +000837.4 -000002.8  01 47 57.2  213.496 34.827  58.75  39560 16.2
2010-04-29  20:00:00  10 43 03.6  -03 22 01  +000835.5 -000004.9  01 48 41.2  213.697 34.747  56.52  39609 16.1
2010-04-29  20:10:00  10 52 20.1  -03 23 00  +000833.8 -000007.0  01 49 26.4  213.901 34.660  54.28  39654 16.1
2010-04-29  20:20:00  11 01 35.5  -03 24 21  +000832.3 -000009.1  01 50 12.7  214.106 34.565  52.07  39697 16.1
2010-04-29  20:30:00  11 10 49.9  -03 26 03  +000830.9 -000011.2  01 50 59.9  214.312 34.462  49.84  39737 16.0
2010-04-29  20:40:00  11 20 03.3  -03 28 05  +000829.6 -000013.2  01 51 48.1  214.520 34.353  47.64  39773 16.0
2010-04-29  20:50:00  11 29 16.0  -03 30 28  +000828.5 -000015.3  01 52 37.1  214.728 34.236  45.43  39807 16.0
2010-04-29  21:00:00  11 38 28.0  -03 33 10  +000827.5 -000017.2  01 53 26.7  214.935 34.113  43.24  39838 15.9
2010-04-29  21:10:00  11 47 39.4  -03 36 13  +000826.7 -000019.2  01 54 17.0  215.143 33.984  41.04  39865 15.9
2010-04-29  21:20:00  11 56 50.3  -03 39 34  +000826.0 -000021.1  01 55 07.7  215.349 33.848  38.87  39889 15.9
2010-04-29  21:30:00  12 06 00.8  -03 43 15  +000825.5 -000023.0  01 55 58.9  215.554 33.707  36.69  39910 15.9
2010-04-29  21:40:00  12 15 11.0  -03 47 15  +000825.1 -000024.9  01 56 50.3  215.757 33.560  34.53  39928 15.8
2010-04-29  21:50:00  12 24 21.0  -03 51 32  +000824.9 -000026.7  01 57 42.0  215.958 33.408  32.37  39943 15.8
2010-04-29  22:00:00  12 33 30.8  -03 56 08  +000824.8 -000028.4  01 58 33.8  216.156 33.250  30.24  39954 15.8
2010-04-29  22:10:00  12 42 40.7  -04 01 01  +000824.9 -000030.2  01 59 25.5  216.351 33.088  28.10  39962 15.8
2010-04-29  22:20:00  12 51 50.7  -04 06 11  +000825.1 -000031.8  02 00 17.2  216.542 32.921  26.01  39966 15.8
2010-04-29  22:30:00  13 01 00.9  -04 11 38  +000825.5 -000033.5  02 01 08.6  216.729 32.750  23.92  39967 15.8
2010-04-29  22:40:00  13 10 11.3  -04 17 20  +000826.0 -000035.1  02 01 59.8  216.912 32.575  21.88  39965 15.7
2010-04-29  22:50:00  13 19 22.2  -04 23 19  +000826.7 -000036.6  02 02 50.6  217.090 32.397  19.86  39959 15.7
2010-04-29  23:00:00  13 28 33.6  -04 29 33  +000827.5 -000038.1  02 03 40.8  217.263 32.215  17.92  39950 15.7
2010-04-29  23:10:00  13 37 45.6  -04 36 01  +000828.5 -000039.6  02 04 30.5  217.431 32.031  16.03  39938 15.7
2010-04-29  23:20:00  13 46 58.3  -04 42 44  +000829.6 -000040.9  02 05 19.5  217.593 31.844  14.27  39922 15.7
2010-04-29  23:30:00  13 56 11.8  -04 49 40  +000830.9 -000042.3  02 06 07.6  217.748 31.655  12.65  39904 15.7
2010-04-29  23:40:00  14 05 26.2  -04 56 49  +000832.4 -000043.6  02 06 54.8  217.897 31.463  11.27  39881 15.7
2010-04-29  23:50:00  14 14 41.6  -05 04 11  +000833.9 -000044.8  02 07 41.0  218.039 31.271  10.19  39856 15.7
2010-04-30  00:00:00  14 23 58.2  -05 11 45  +000835.7 -000045.9  02 08 26.1  218.174 31.077   9.55  39827 15.7
2010-04-30  00:10:00  14 33 15.9  -05 19 30  +000837.6 -000047.0  02 09 10.1  218.301 30.882   9.42  39795 15.7
2010-04-30  00:20:00  14 42 34.9  -05 27 26  +000839.6 -000048.1  02 09 52.6  218.421 30.687   9.83  39760 15.7
2010-04-30  00:30:00  14 51 55.4  -05 35 31  +000841.8 -000049.0  02 10 33.8  218.532 30.491  10.73  39722 15.7
2010-04-30  00:40:00  15 01 17.4  -05 43 46  +000844.1 -000049.9  02 11 13.5  218.636 30.296  12.01  39681 15.7
2010-04-30  00:50:00  15 10 40.9  -05 52 10  +000846.6 -000050.8  02 11 51.6  218.730 30.102  13.56  39637 15.7
2010-04-30  01:00:00  15 20 06.2  -06 00 42  +000849.2 -000051.5  02 12 28.0  218.816 29.908  15.30  39590 15.7
2010-04-30  01:10:00  15 29 33.2  -06 09 20  +000852.0 -000052.2  02 13 02.6  218.892 29.716  17.19  39540 15.7
2010-04-30  01:20:00  15 39 02.2  -06 18 06  +000854.9 -000052.8  02 13 35.3  218.959 29.526  19.17  39487 15.7
2010-04-30  01:30:00  15 48 33.1  -06 26 56  +000857.9 -000053.3  02 14 06.0  219.017 29.337  21.23  39432 15.7
2010-04-30  01:40:00  15 58 06.0  -06 35 52  +000861.1 -000053.8  02 14 34.7  219.065 29.152  23.34  39374 15.7

   Date        UTC        RA         DECL      RARate   DeclRate    HourAng      Az     Um    Phase  Range  Mag
2010-04-30  18:10:00  09 28 22.1  -03 28 14  +000854.4 +000013.1  01 17 01.2  204.445 37.304  75.38  38953 16.5
2010-04-30  18:20:00  09 37 50.8  -03 26 14  +000851.6 +000010.9  01 17 34.2  204.623 37.297  73.11  39018 16.4
2010-04-30  18:30:00  09 47 17.6  -03 24 36  +000848.9 +000008.7  01 18 09.1  204.807 37.281  70.83  39081 16.4
2010-04-30  18:40:00  09 56 42.7  -03 23 20  +000846.3 +000006.4  01 18 45.6  204.997 37.257  68.58  39142 16.3
2010-04-30  18:50:00  10 06 06.1  -03 22 27  +000843.9 +000004.2  01 19 23.9  205.194 37.224  66.32  39200 16.3
2010-04-30  19:00:00  10 15 27.9  -03 21 56  +000841.6 +000002.0  01 20 03.7  205.396 37.183  64.07  39256 16.2
2010-04-30  19:10:00  10 24 48.3  -03 21 47  +000839.5 -000000.2  01 20 44.9  205.602 37.135  61.82  39309 16.2
2010-04-30  19:20:00  10 34 07.3  -03 21 60  +000837.5 -000002.4  01 21 27.6  205.813 37.078  59.59  39359 16.2
2010-04-30  19:30:00  10 43 25.0  -03 22 34  +000835.6 -000004.5  01 22 11.5  206.028 37.014  57.35  39407 16.1
2010-04-30  19:40:00  10 52 41.4  -03 23 30  +000833.9 -000006.7  01 22 56.7  206.246 36.942  55.13  39452 16.1
2010-04-30  19:50:00  11 01 56.8  -03 24 47  +000832.3 -000008.8  01 23 43.0  206.467 36.863  52.91  39494 16.1
2010-04-30  20:00:00  11 11 11.2  -03 26 26  +000830.8 -000010.9  01 24 30.2  206.690 36.776  50.70  39533 16.0
2010-04-30  20:10:00  11 20 24.7  -03 28 24  +000829.5 -000012.9  01 25 18.4  206.915 36.682  48.49  39569 16.0
2010-04-30  20:20:00  11 29 37.3  -03 30 44  +000828.4 -000015.0  01 26 07.4  207.141 36.581  46.29  39603 16.0
2010-04-30  20:30:00  11 38 49.2  -03 33 24  +000827.4 -000017.0  01 26 57.2  207.367 36.474  44.09  39633 15.9
2010-04-30  20:40:00  11 48 00.5  -03 36 23  +000826.5 -000018.9  01 27 47.5  207.594 36.360  41.91  39659 15.9
2010-04-30  20:50:00  11 57 11.3  -03 39 43  +000825.8 -000020.9  01 28 38.3  207.820 36.239  39.72  39683 15.9
2010-04-30  21:00:00  12 06 21.7  -03 43 21  +000825.3 -000022.8  01 29 29.6  208.046 36.113  37.56  39703 15.9
2010-04-30  21:10:00  12 15 31.7  -03 47 19  +000824.9 -000024.7  01 30 21.2  208.270 35.980  35.39  39721 15.8
2010-04-30  21:20:00  12 24 41.5  -03 51 34  +000824.6 -000026.5  01 31 13.1  208.493 35.843  33.25  39734 15.8
2010-04-30  21:30:00  12 33 51.2  -03 56 08  +000824.5 -000028.3  01 32 05.0  208.713 35.699  31.10  39745 15.8
2010-04-30  21:40:00  12 43 00.8  -04 00 60  +000824.5 -000030.0  01 32 57.0  208.930 35.551  28.99  39752 15.8
2010-04-30  21:50:00  12 52 10.6  -04 06 09  +000824.7 -000031.7  01 33 48.9  209.144 35.398  26.87  39756 15.8
2010-04-30  22:00:00  13 01 20.5  -04 11 35  +000825.1 -000033.4  01 34 40.6  209.355 35.240  24.80  39757 15.7
2010-04-30  22:10:00  13 10 30.8  -04 17 17  +000825.6 -000035.0  01 35 32.0  209.561 35.078  22.74  39754 15.7
2010-04-30  22:20:00  13 19 41.4  -04 23 15  +000826.2 -000036.6  01 36 23.1  209.763 34.912  20.74  39748 15.7
2010-04-30  22:30:00  13 28 52.5  -04 29 29  +000827.1 -000038.1  01 37 13.6  209.959 34.742  18.77  39739 15.7
2010-04-30  22:40:00  13 38 04.1  -04 35 57  +000828.0 -000039.6  01 38 03.6  210.151 34.569  16.88  39726 15.7
2010-04-30  22:50:00  13 47 16.5  -04 42 40  +000829.1 -000041.0  01 38 52.9  210.336 34.393  15.08  39710 15.7
2010-04-30  23:00:00  13 56 29.7  -04 49 37  +000830.4 -000042.3  01 39 41.3  210.515 34.214  13.43  39691 15.7
2010-04-30  23:10:00  14 05 43.7  -04 56 47  +000831.8 -000043.6  01 40 28.9  210.687 34.032  11.96  39668 15.7
2010-04-30  23:20:00  14 14 58.8  -05 04 10  +000833.4 -000044.9  01 41 15.5  210.853 33.849  10.78  39642 15.7
2010-04-30  23:30:00  14 24 15.0  -05 11 45  +000835.1 -000046.1  01 42 01.0  211.011 33.664   9.98  39613 15.7
2010-04-30  23:40:00  14 33 32.3  -05 19 31  +000837.0 -000047.2  01 42 45.3  211.161 33.477   9.66  39581 15.7
2010-04-30  23:50:00  14 42 51.0  -05 27 28  +000839.0 -000048.2  01 43 28.2  211.304 33.289   9.86  39546 15.7
2010-05-01  00:00:00  14 52 11.0  -05 35 36  +000841.2 -000049.2  01 44 09.8  211.437 33.101  10.56  39507 15.7
2010-05-01  00:10:00  15 01 32.6  -05 43 53  +000843.5 -000050.2  01 44 49.9  211.563 32.912  11.69  39466 15.7
2010-05-01  00:20:00  15 10 55.7  -05 52 19  +000846.0 -000051.0  01 45 28.4  211.679 32.723  13.12  39422 15.7
2010-05-01  00:30:00  15 20 20.5  -06 00 53  +000848.6 -000051.8  01 46 05.3  211.786 32.534  14.78  39375 15.7
2010-05-01  00:40:00  15 29 47.1  -06 09 34  +000851.3 -000052.5  01 46 40.3  211.883 32.346  16.59  39325 15.7
2010-05-01  00:50:00  15 39 15.6  -06 18 22  +000854.2 -000053.1  01 47 13.4  211.970 32.159  18.53  39272 15.7
2010-05-01  01:00:00  15 48 46.1  -06 27 16  +000857.2 -000053.7  01 47 44.6  212.048 31.974  20.54  39217 15.7
2010-05-01  01:10:00  15 58 18.6  -06 36 15  +000860.4 -000054.1  01 48 13.7  212.115 31.790  22.63  39159 15.7
2010-05-01  01:20:00  16 07 53.3  -06 45 19  +000863.7 -000054.5  01 48 40.7  212.171 31.609  24.76  39098 15.7
2010-05-01  01:30:00  16 17 30.2  -06 54 25  +000867.1 -000054.8  01 49 05.5  212.217 31.430  26.94  39035 15.7
2010-05-01  01:40:00  16 27 09.4  -07 03 34  +000870.6 -000055.0  01 49 27.9  212.251 31.254  29.15  38970 15.7
