ЭФЕМЕРИДЫ ПО ОБЪЕКТУ:  90095
Для пункта:  10016 Маяки   46 23'50.68"   30 16'17.74"    14m
C   2010-04-15 12:00
по  2010-05-01 12:00
Шаг  0:10:00
Мин.угол места:          10 град
Макс.угол места Солнца: -10 град
Стандартный блеск :      9.0 (зв.вел.)

ОБОЗНАЧЕНИЯ
RA        прямое восхождение, тек.эпоха
DECL      склонение, тек.эпоха
RARate    скорость по пр.восх., арксек/мин
DeclRate  скорость по склонению, арксек/мин
HourAng   часовой угол
Az        азимут
Um        угол места
Phase     фазовый угол
Range     дальность
Mag       зв.величина (оценка)

   Date        UTC        RA         DECL      RARate   DeclRate    HourAng      Az     Um    Phase  Range  Mag
2010-04-21  18:00:00  04 36 57.9  +07 11 26  +000985.7 +000045.4  05 22 54.8  268.278 11.588 140.43  39045 19.4
2010-04-21  18:10:00  04 47 55.2  +07 18 05  +000986.0 +000034.4  05 21 59.2  268.188 11.828 137.78  39039 19.2
2010-04-21  18:20:00  04 58 52.5  +07 22 54  +000986.0 +000023.4  05 21 03.5  268.076 12.045 135.13  39038 19.0
2010-04-21  18:30:00  05 09 49.7  +07 25 52  +000985.6 +000012.3  05 20 07.9  267.942 12.241 132.46  39040 18.8
2010-04-21  18:40:00  05 20 46.6  +07 26 59  +000984.9 +000001.2  05 19 12.7  267.788 12.413 129.80  39047 18.7
2010-04-21  18:50:00  05 31 42.9  +07 26 15  +000983.9 -000009.9  05 18 18.1  267.613 12.561 127.12  39058 18.5
2010-04-21  19:00:00  05 42 38.3  +07 23 41  +000982.5 -000020.9  05 17 24.3  267.419 12.685 124.45  39074 18.4
2010-04-21  19:10:00  05 53 32.8  +07 19 18  +000980.8 -000031.8  05 16 31.4  267.205 12.783 121.77  39093 18.2
2010-04-21  19:20:00  06 04 26.0  +07 13 05  +000978.8 -000042.6  05 15 39.9  266.975 12.857 119.11  39117 18.1
2010-04-21  19:30:00  06 15 17.7  +07 05 05  +000976.4 -000053.3  05 14 49.8  266.727 12.905 116.43  39145 18.0
2010-04-21  19:40:00  06 26 07.8  +06 55 20  +000973.8 -000063.7  05 14 01.3  266.463 12.927 113.77  39176 17.8
2010-04-21  19:50:00  06 36 56.1  +06 43 51  +000970.9 -000074.0  05 13 14.7  266.184 12.922 111.09  39212 17.7
2010-04-21  20:00:00  06 47 42.3  +06 30 41  +000967.7 -000084.0  05 12 30.1  265.892 12.892 108.44  39252 17.6
2010-04-21  20:10:00  06 58 26.4  +06 15 53  +000964.3 -000093.7  05 11 47.7  265.586 12.835 105.77  39296 17.5
2010-04-21  20:20:00  07 09 08.0  +05 59 28  +000960.7 -000103.2  05 11 07.7  265.270 12.752 103.12  39343 17.4
2010-04-21  20:30:00  07 19 47.3  +05 41 30  +000956.9 -000112.3  05 10 30.1  264.942 12.643 100.46  39394 17.3
2010-04-21  20:40:00  07 30 23.9  +05 22 03  +000952.9 -000121.1  05 09 55.1  264.606 12.509  97.82  39449 17.2
2010-04-21  20:50:00  07 40 57.8  +05 01 10  +000948.8 -000129.5  05 09 22.9  264.260 12.349  95.18  39507 17.1
2010-04-21  21:00:00  07 51 28.9  +04 38 54  +000944.6 -000137.6  05 08 53.4  263.908 12.164  92.55  39569 17.1
2010-04-21  21:10:00  08 01 57.2  +04 15 19  +000940.2 -000145.3  05 08 26.8  263.550 11.955  89.92  39633 17.0
2010-04-21  21:20:00  08 12 22.5  +03 50 29  +000935.8 -000152.6  05 08 03.0  263.186 11.722  87.30  39701 16.9
2010-04-21  21:30:00  08 22 44.9  +03 24 29  +000931.4 -000159.5  05 07 42.3  262.818 11.465  84.68  39772 16.8
2010-04-21  21:40:00  08 33 04.4  +02 57 21  +000927.0 -000166.0  05 07 24.5  262.448 11.187  82.08  39846 16.8
2010-04-21  21:50:00  08 43 20.9  +02 29 11  +000922.5 -000172.0  05 07 09.6  262.074 10.887  79.47  39922 16.7
2010-04-21  22:00:00  08 53 34.5  +02 00 02  +000918.1 -000177.7  05 06 57.7  261.700 10.566  76.89  40000 16.7
2010-04-21  22:10:00  09 03 45.1  +01 29 59  +000913.8 -000182.9  05 06 48.7  261.324 10.225  74.30  40081 16.6

   Date        UTC        RA         DECL      RARate   DeclRate    HourAng      Az     Um    Phase  Range  Mag
2010-04-22  18:00:00  05 07 09.9  +07 30 07  +000986.8 +000015.7  04 56 39.4  263.666 16.327 134.01  38606 18.9
2010-04-22  18:10:00  05 18 07.6  +07 31 47  +000986.2 +000004.4  04 55 43.3  263.512 16.508 131.34  38612 18.7
2010-04-22  18:20:00  05 29 04.8  +07 31 36  +000985.3 -000006.8  04 54 47.8  263.336 16.664 128.68  38622 18.6
2010-04-22  18:30:00  05 40 01.2  +07 29 32  +000984.0 -000017.9  04 53 53.0  263.141 16.795 126.00  38636 18.4
2010-04-22  18:40:00  05 50 56.6  +07 25 37  +000982.3 -000029.0  04 52 59.2  262.926 16.902 123.34  38655 18.3
2010-04-22  18:50:00  06 01 50.9  +07 19 52  +000980.4 -000040.0  04 52 06.6  262.692 16.982 120.66  38677 18.1
2010-04-22  19:00:00  06 12 43.8  +07 12 18  +000978.1 -000050.8  04 51 15.4  262.441 17.037 117.99  38704 18.0
2010-04-22  19:10:00  06 23 35.0  +07 02 57  +000975.5 -000061.4  04 50 25.8  262.173 17.065 115.31  38735 17.9
2010-04-22  19:20:00  06 34 24.4  +06 51 50  +000972.7 -000071.9  04 49 38.0  261.890 17.067 112.65  38770 17.8
2010-04-22  19:30:00  06 45 11.8  +06 39 01  +000969.5 -000082.0  04 48 52.3  261.592 17.041 109.98  38808 17.6
2010-04-22  19:40:00  06 55 57.0  +06 24 30  +000966.1 -000092.0  04 48 08.7  261.281 16.989 107.32  38851 17.5
2010-04-22  19:50:00  07 06 39.9  +06 08 22  +000962.5 -000101.6  04 47 27.4  260.959 16.911 104.66  38897 17.4
2010-04-22  20:00:00  07 17 20.3  +05 50 39  +000958.7 -000110.9  04 46 48.6  260.625 16.806 102.01  38948 17.3
2010-04-22  20:10:00  07 27 58.2  +05 31 24  +000954.7 -000119.9  04 46 12.4  260.282 16.674  99.36  39001 17.3
2010-04-22  20:20:00  07 38 33.3  +05 10 42  +000950.6 -000128.6  04 45 39.0  259.930 16.516  96.72  39058 17.2
2010-04-22  20:30:00  07 49 05.6  +04 48 34  +000946.3 -000136.8  04 45 08.3  259.571 16.333  94.08  39119 17.1
2010-04-22  20:40:00  07 59 35.1  +04 25 06  +000942.0 -000144.7  04 44 40.5  259.206 16.125  91.45  39183 17.0
2010-04-22  20:50:00  08 10 01.6  +04 00 21  +000937.5 -000152.2  04 44 15.6  258.835 15.892  88.82  39250 16.9
2010-04-22  21:00:00  08 20 25.1  +03 34 23  +000933.1 -000159.3  04 43 53.7  258.461 15.636  86.21  39319 16.9
2010-04-22  21:10:00  08 30 45.7  +03 07 17  +000928.6 -000166.0  04 43 34.8  258.084 15.356  83.59  39392 16.8
2010-04-22  21:20:00  08 41 03.2  +02 39 06  +000924.1 -000172.2  04 43 18.9  257.705 15.054  81.00  39467 16.7
2010-04-22  21:30:00  08 51 17.8  +02 09 54  +000919.6 -000178.0  04 43 06.0  257.324 14.731  78.39  39545 16.7
2010-04-22  21:40:00  09 01 29.4  +01 39 47  +000915.2 -000183.4  04 42 56.0  256.943 14.388  75.81  39625 16.6
2010-04-22  21:50:00  09 11 38.1  +01 08 47  +000910.9 -000188.4  04 42 48.9  256.563 14.025  73.23  39708 16.6
2010-04-22  22:00:00  09 21 44.0  +00 37 01  +000906.7 -000192.9  04 42 44.7  256.184 13.643  70.66  39792 16.5
2010-04-22  22:10:00  09 31 47.0  +00 04 31  +000902.5 -000196.9  04 42 43.3  255.807 13.245  68.09  39878 16.5
2010-04-22  22:20:00  09 41 47.4  -00 28 37  +000898.5 -000200.6  04 42 44.6  255.433 12.830  65.54  39965 16.4
2010-04-22  22:30:00  09 51 45.1  -01 02 19  +000894.7 -000203.8  04 42 48.5  255.061 12.401  62.99  40054 16.4
2010-04-22  22:40:00  10 01 40.3  -01 36 32  +000891.0 -000206.6  04 42 54.9  254.693 11.958  60.46  40145 16.3
2010-04-22  22:50:00  10 11 33.2  -02 11 10  +000887.5 -000209.0  04 43 03.7  254.329 11.502  57.92  40236 16.3
2010-04-22  23:00:00  10 21 23.8  -02 46 10  +000884.2 -000210.9  04 43 14.8  253.969 11.036  55.41  40327 16.2
2010-04-22  23:10:00  10 31 12.2  -03 21 27  +000881.1 -000212.5  04 43 28.0  253.614 10.559  52.89  40420 16.2
2010-04-22  23:20:00  10 40 58.6  -03 56 58  +000878.2 -000213.6  04 43 43.2  253.263 10.074  50.40  40513 16.2

   Date        UTC        RA         DECL      RARate   DeclRate    HourAng      Az     Um    Phase  Range  Mag
2010-04-23  18:00:00  05 37 39.8  +07 35 12  +000985.4 -000014.9  04 30 06.0  258.681 20.912 127.50  38212 18.5
2010-04-23  18:10:00  05 48 36.3  +07 31 47  +000983.9 -000026.1  04 29 11.2  258.462 21.025 124.82  38230 18.3
2010-04-23  18:20:00  05 59 31.6  +07 26 30  +000982.0 -000037.3  04 28 17.5  258.224 21.112 122.15  38252 18.2
2010-04-23  18:30:00  06 10 25.5  +07 19 23  +000979.7 -000048.2  04 27 25.3  257.967 21.172 119.47  38277 18.1
2010-04-23  18:40:00  06 21 17.8  +07 10 26  +000977.2 -000059.0  04 26 34.6  257.694 21.205 116.81  38307 17.9
2010-04-23  18:50:00  06 32 08.4  +06 59 43  +000974.4 -000069.7  04 25 45.7  257.404 21.210 114.13  38341 17.8
2010-04-23  19:00:00  06 42 56.9  +06 47 14  +000971.3 -000080.0  04 24 58.8  257.100 21.189 111.47  38379 17.7
2010-04-23  19:10:00  06 53 43.3  +06 33 03  +000967.9 -000090.1  04 24 14.0  256.782 21.140 108.80  38421 17.6
2010-04-23  19:20:00  07 04 27.4  +06 17 12  +000964.3 -000100.0  04 23 31.6  256.452 21.064 106.15  38466 17.5
2010-04-23  19:30:00  07 15 09.0  +05 59 45  +000960.5 -000109.5  04 22 51.6  256.111 20.961 103.48  38516 17.4
2010-04-23  19:40:00  07 25 48.0  +05 40 43  +000956.5 -000118.7  04 22 14.2  255.760 20.830 100.84  38568 17.3
2010-04-23  19:50:00  07 36 24.3  +05 20 12  +000952.4 -000127.5  04 21 39.6  255.401 20.673  98.19  38625 17.2
2010-04-23  20:00:00  07 46 57.8  +04 58 14  +000948.1 -000136.0  04 21 07.7  255.034 20.490  95.55  38684 17.1
2010-04-23  20:10:00  07 57 28.4  +04 34 54  +000943.7 -000144.1  04 20 38.8  254.662 20.280  92.91  38747 17.0
2010-04-23  20:20:00  08 07 56.1  +04 10 15  +000939.2 -000151.7  04 20 12.8  254.284 20.046  90.29  38813 17.0
2010-04-23  20:30:00  08 18 20.7  +03 44 21  +000934.7 -000159.0  04 19 49.8  253.903 19.787  87.66  38882 16.9
2010-04-23  20:40:00  08 28 42.3  +03 17 16  +000930.2 -000165.9  04 19 29.8  253.519 19.504  85.06  38954 16.8
2010-04-23  20:50:00  08 39 00.9  +02 49 05  +000925.6 -000172.3  04 19 12.8  253.133 19.199  82.44  39029 16.7
2010-04-23  21:00:00  08 49 16.5  +02 19 51  +000921.1 -000178.3  04 18 58.9  252.747 18.871  79.85  39106 16.7
2010-04-23  21:10:00  08 59 29.1  +01 49 40  +000916.6 -000183.9  04 18 48.0  252.361 18.523  77.25  39186 16.6
2010-04-23  21:20:00  09 09 38.7  +01 18 36  +000912.2 -000189.0  04 18 40.0  251.977 18.154  74.68  39267 16.6
2010-04-23  21:30:00  09 19 45.4  +00 46 42  +000907.9 -000193.7  04 18 34.9  251.594 17.766  72.09  39351 16.5
2010-04-23  21:40:00  09 29 49.3  +00 14 04  +000903.7 -000197.9  04 18 32.7  251.214 17.360  69.53  39437 16.5
2010-04-23  21:50:00  09 39 50.4  -00 19 15  +000899.6 -000201.7  04 18 33.2  250.836 16.938  66.97  39524 16.4
2010-04-23  22:00:00  09 49 48.8  -00 53 09  +000895.7 -000205.1  04 18 36.4  250.463 16.500  64.43  39612 16.4
2010-04-23  22:10:00  09 59 44.7  -01 27 35  +000892.0 -000208.0  04 18 42.2  250.094 16.048  61.88  39702 16.3
2010-04-23  22:20:00  10 09 38.1  -02 02 28  +000888.4 -000210.5  04 18 50.4  249.729 15.584  59.35  39793 16.3
2010-04-23  22:30:00  10 19 29.3  -02 37 44  +000885.0 -000212.6  04 19 00.9  249.370 15.107  56.82  39885 16.2
2010-04-23  22:40:00  10 29 18.2  -03 13 18  +000881.8 -000214.3  04 19 13.7  249.016 14.620  54.31  39977 16.2
2010-04-23  22:50:00  10 39 05.0  -03 49 08  +000878.8 -000215.5  04 19 28.5  248.667 14.124  51.80  40070 16.2
2010-04-23  23:00:00  10 48 50.0  -04 25 08  +000876.0 -000216.4  04 19 45.2  248.324 13.620  49.31  40163 16.1
2010-04-23  23:10:00  10 58 33.1  -05 01 14  +000873.5 -000216.8  04 20 03.6  247.987 13.109  46.82  40256 16.1
2010-04-23  23:20:00  11 08 14.7  -05 37 23  +000871.2 -000216.9  04 20 23.7  247.657 12.593  44.34  40349 16.1
2010-04-23  23:30:00  11 17 54.8  -06 13 31  +000869.1 -000216.6  04 20 45.3  247.332 12.074  41.87  40442 16.1
2010-04-23  23:40:00  11 27 33.6  -06 49 34  +000867.3 -000215.9  04 21 08.1  247.014 11.551  39.41  40534 16.0
2010-04-23  23:50:00  11 37 11.2  -07 25 28  +000865.7 -000214.9  04 21 32.1  246.701 11.028  36.95  40625 16.0
2010-04-24  00:00:00  11 46 47.9  -08 01 10  +000864.4 -000213.4  04 21 57.1  246.395 10.504  34.51  40715 16.0

   Date        UTC        RA         DECL      RARate   DeclRate    HourAng      Az     Um    Phase  Range  Mag
2010-04-24  18:00:00  06 08 22.8  +07 26 16  +000981.3 -000045.6  04 03 19.6  253.244 25.279 120.90  37869 18.1
2010-04-24  18:10:00  06 19 16.2  +07 17 45  +000978.9 -000056.6  04 02 27.8  252.963 25.316 118.22  37898 18.0
2010-04-24  18:20:00  06 30 07.9  +07 07 25  +000976.1 -000067.4  04 01 37.8  252.665 25.324 115.56  37932 17.8
2010-04-24  18:30:00  06 40 57.6  +06 55 19  +000973.0 -000077.9  04 00 49.7  252.353 25.305 112.89  37969 17.7
2010-04-24  18:40:00  06 51 45.1  +06 41 28  +000969.6 -000088.2  04 00 03.8  252.027 25.257 110.23  38010 17.6
2010-04-24  18:50:00  07 02 30.4  +06 25 55  +000966.1 -000098.2  03 59 20.2  251.688 25.182 107.56  38054 17.5
2010-04-24  19:00:00  07 13 13.2  +06 08 44  +000962.3 -000107.9  03 58 39.1  251.338 25.078 104.91  38103 17.4
2010-04-24  19:10:00  07 23 53.4  +05 49 57  +000958.3 -000117.3  03 58 00.5  250.978 24.947 102.25  38155 17.3
2010-04-24  19:20:00  07 34 30.8  +05 29 39  +000954.1 -000126.3  03 57 24.7  250.610 24.788  99.60  38211 17.2
2010-04-24  19:30:00  07 45 05.4  +05 07 52  +000949.8 -000135.0  03 56 51.7  250.235 24.602  96.95  38270 17.1
2010-04-24  19:40:00  07 55 37.2  +04 44 40  +000945.4 -000143.3  03 56 21.6  249.855 24.390  94.32  38332 17.1
2010-04-24  19:50:00  08 06 05.9  +04 20 08  +000940.9 -000151.2  03 55 54.5  249.470 24.152  91.69  38397 17.0
2010-04-24  20:00:00  08 16 31.7  +03 54 18  +000936.3 -000158.6  03 55 30.4  249.081 23.888  89.07  38465 16.9
2010-04-24  20:10:00  08 26 54.3  +03 27 16  +000931.7 -000165.7  03 55 09.4  248.691 23.600  86.45  38537 16.8
2010-04-24  20:20:00  08 37 14.0  +02 59 06  +000927.1 -000172.3  03 54 51.4  248.300 23.289  83.84  38611 16.8
2010-04-24  20:30:00  08 47 30.5  +02 29 52  +000922.5 -000178.5  03 54 36.5  247.909 22.954  81.23  38687 16.7
2010-04-24  20:40:00  08 57 44.0  +01 59 39  +000918.0 -000184.2  03 54 24.7  247.518 22.598  78.65  38766 16.6
2010-04-24  20:50:00  09 07 54.5  +01 28 30  +000913.5 -000189.5  03 54 15.8  247.130 22.221  76.05  38847 16.6
2010-04-24  21:00:00  09 18 02.1  +00 56 31  +000909.1 -000194.3  03 54 09.9  246.745 21.825  73.48  38930 16.5
2010-04-24  21:10:00  09 28 06.7  +00 23 45  +000904.9 -000198.7  03 54 06.9  246.362 21.410  70.90  39016 16.5
2010-04-24  21:20:00  09 38 08.6  -00 09 43  +000900.7 -000202.7  03 54 06.6  245.984 20.978  68.35  39102 16.4
2010-04-24  21:30:00  09 48 07.7  -00 43 48  +000896.7 -000206.2  03 54 09.1  245.611 20.530  65.79  39191 16.4
2010-04-24  21:40:00  09 58 04.3  -01 18 26  +000892.9 -000209.3  03 54 14.3  245.242 20.067  63.25  39280 16.3
2010-04-24  21:50:00  10 07 58.3  -01 53 32  +000889.2 -000211.9  03 54 21.9  244.880 19.591  60.71  39371 16.3
2010-04-24  22:00:00  10 17 49.9  -02 29 03  +000885.7 -000214.2  03 54 31.9  244.523 19.102  58.19  39462 16.2
2010-04-24  22:10:00  10 27 39.3  -03 04 54  +000882.4 -000216.0  03 54 44.2  244.172 18.603  55.66  39555 16.2
2010-04-24  22:20:00  10 37 26.6  -03 41 02  +000879.4 -000217.4  03 54 58.5  243.827 18.094  53.16  39648 16.2
2010-04-24  22:30:00  10 47 11.9  -04 17 20  +000876.5 -000218.3  03 55 14.9  243.490 17.577  50.65  39741 16.1
2010-04-24  22:40:00  10 56 55.3  -04 53 47  +000873.9 -000218.9  03 55 33.0  243.158 17.053  48.17  39834 16.1
2010-04-24  22:50:00  11 06 37.2  -05 30 17  +000871.5 -000219.1  03 55 52.9  242.834 16.523  45.68  39927 16.1
2010-04-24  23:00:00  11 16 17.4  -06 06 47  +000869.4 -000218.8  03 56 14.2  242.516 15.989  43.21  40020 16.0
2010-04-24  23:10:00  11 25 56.4  -06 43 13  +000867.5 -000218.3  03 56 36.9  242.206 15.453  40.74  40113 16.0
2010-04-24  23:20:00  11 35 34.1  -07 19 31  +000865.8 -000217.3  03 57 00.8  241.902 14.914  38.29  40204 16.0
2010-04-24  23:30:00  11 45 10.8  -07 55 37  +000864.4 -000216.0  03 57 25.8  241.604 14.376  35.84  40295 16.0
2010-04-24  23:40:00  11 54 46.7  -08 31 29  +000863.2 -000214.3  03 57 51.6  241.314 13.838  33.41  40385 16.0
2010-04-24  23:50:00  12 04 21.8  -09 07 01  +000862.3 -000212.2  03 58 18.1  241.030 13.302  30.97  40473 15.9
2010-04-25  00:00:00  12 13 56.4  -09 42 12  +000861.5 -000209.8  03 58 45.1  240.753 12.770  28.55  40560 15.9
2010-04-25  00:10:00  12 23 30.6  -10 16 57  +000861.1 -000207.1  03 59 12.6  240.482 12.243  26.14  40645 15.9
2010-04-25  00:20:00  12 33 04.5  -10 51 14  +000860.8 -000204.1  03 59 40.3  240.218 11.721  23.74  40728 15.9
2010-04-25  00:30:00  12 42 38.4  -11 24 58  +000860.8 -000200.7  04 00 08.0  239.961 11.206  21.34  40809 15.9
2010-04-25  00:40:00  12 52 12.4  -11 58 07  +000861.0 -000197.0  04 00 35.7  239.709 10.698  18.97  40888 15.9
2010-04-25  00:50:00  13 01 46.5  -12 30 38  +000861.4 -000193.1  04 01 03.2  239.464 10.200  16.59  40965 15.9

   Date        UTC        RA         DECL      RARate   DeclRate    HourAng      Az     Um    Phase  Range  Mag
2010-04-25  18:00:00  06 39 13.5  +07 03 11  +000974.7 -000075.7  03 36 25.5  247.279 29.353 114.25  37581 17.8
2010-04-25  18:10:00  06 50 02.2  +06 49 41  +000971.3 -000086.2  03 35 38.4  246.942 29.305 111.57  37622 17.6
2010-04-25  18:20:00  07 00 48.5  +06 34 28  +000967.8 -000096.4  03 34 53.7  246.593 29.228 108.92  37666 17.5
2010-04-25  18:30:00  07 11 32.5  +06 17 34  +000964.0 -000106.3  03 34 11.4  246.233 29.122 106.25  37714 17.4
2010-04-25  18:40:00  07 22 13.8  +05 59 04  +000960.0 -000115.8  03 33 31.7  245.864 28.987 103.60  37766 17.3
2010-04-25  18:50:00  07 32 52.4  +05 38 59  +000955.8 -000125.1  03 32 54.8  245.487 28.825 100.94  37821 17.2
2010-04-25  19:00:00  07 43 28.1  +05 17 24  +000951.5 -000133.9  03 32 20.7  245.103 28.634  98.31  37879 17.2
2010-04-25  19:10:00  07 54 01.0  +04 54 22  +000947.0 -000142.4  03 31 49.5  244.715 28.416  95.66  37941 17.1
2010-04-25  19:20:00  08 04 30.8  +04 29 57  +000942.5 -000150.4  03 31 21.3  244.322 28.172  93.03  38005 17.0
2010-04-25  19:30:00  08 14 57.6  +04 04 14  +000937.9 -000158.1  03 30 56.1  243.927 27.901  90.40  38073 16.9
2010-04-25  19:40:00  08 25 21.3  +03 37 17  +000933.2 -000165.3  03 30 34.0  243.531 27.606  87.79  38144 16.8
2010-04-25  19:50:00  08 35 41.9  +03 09 10  +000928.6 -000172.1  03 30 15.1  243.135 27.285  85.17  38217 16.8
2010-04-25  20:00:00  08 45 59.4  +02 39 56  +000923.9 -000178.5  03 29 59.2  242.740 26.942  82.57  38293 16.7
2010-04-25  20:10:00  08 56 13.9  +02 09 42  +000919.3 -000184.4  03 29 46.4  242.348 26.576  79.97  38371 16.6
2010-04-25  20:20:00  09 06 25.2  +01 38 30  +000914.8 -000189.8  03 29 36.7  241.958 26.189  77.38  38452 16.6
2010-04-25  20:30:00  09 16 33.7  +01 06 26  +000910.4 -000194.9  03 29 29.9  241.571 25.782  74.79  38535 16.5
2010-04-25  20:40:00  09 26 39.1  +00 33 34  +000906.0 -000199.4  03 29 26.1  241.190 25.355  72.23  38619 16.5
2010-04-25  20:50:00  09 36 41.7  -00 00 01  +000901.8 -000203.6  03 29 25.2  240.813 24.911  69.66  38706 16.4
2010-04-25  21:00:00  09 46 41.5  -00 34 16  +000897.7 -000207.2  03 29 27.0  240.442 24.451  67.11  38794 16.4
2010-04-25  21:10:00  09 56 38.7  -01 09 05  +000893.8 -000210.5  03 29 31.5  240.078 23.975  64.55  38883 16.3
2010-04-25  21:20:00  10 06 33.3  -01 44 24  +000890.0 -000213.3  03 29 38.5  239.720 23.485  62.02  38973 16.3
2010-04-25  21:30:00  10 16 25.4  -02 20 08  +000886.5 -000215.6  03 29 48.0  239.369 22.982  59.48  39065 16.2
2010-04-25  21:40:00  10 26 15.3  -02 56 15  +000883.1 -000217.5  03 29 59.8  239.025 22.469  56.97  39157 16.2
2010-04-25  21:50:00  10 36 03.0  -03 32 38  +000880.0 -000219.0  03 30 13.8  238.688 21.945  54.45  39250 16.2
2010-04-25  22:00:00  10 45 48.6  -04 09 14  +000877.0 -000220.1  03 30 29.7  238.359 21.413  51.95  39343 16.1
2010-04-25  22:10:00  10 55 32.4  -04 45 59  +000874.3 -000220.8  03 30 47.6  238.037 20.874  49.45  39436 16.1
2010-04-25  22:20:00  11 05 14.5  -05 22 49  +000871.9 -000221.1  03 31 07.2  237.723 20.329  46.97  39530 16.1
2010-04-25  22:30:00  11 14 55.0  -05 59 40  +000869.6 -000221.0  03 31 28.3  237.416 19.780  44.49  39623 16.0
2010-04-25  22:40:00  11 24 34.0  -06 36 28  +000867.7 -000220.5  03 31 50.9  237.117 19.227  42.03  39716 16.0
2010-04-25  22:50:00  11 34 11.9  -07 13 09  +000865.9 -000219.6  03 32 14.7  236.825 18.673  39.56  39808 16.0
2010-04-25  23:00:00  11 43 48.7  -07 49 39  +000864.4 -000218.4  03 32 39.6  236.540 18.118  37.12  39899 16.0
2010-04-25  23:10:00  11 53 24.5  -08 25 55  +000863.2 -000216.8  03 33 05.4  236.263 17.564  34.67  39989 15.9
2010-04-25  23:20:00  12 02 59.6  -09 01 53  +000862.2 -000214.8  03 33 31.9  235.992 17.012  32.24  40078 15.9
2010-04-25  23:30:00  12 12 34.1  -09 37 30  +000861.4 -000212.5  03 33 59.1  235.729 16.464  29.81  40166 15.9
2010-04-25  23:40:00  12 22 08.2  -10 12 42  +000860.9 -000209.8  03 34 26.6  235.472 15.919  27.40  40252 15.9
2010-04-25  23:50:00  12 31 41.9  -10 47 26  +000860.6 -000206.8  03 34 54.5  235.222 15.381  24.99  40336 15.9
2010-04-26  00:00:00  12 41 15.6  -11 21 38  +000860.5 -000203.5  03 35 22.5  234.979 14.849  22.60  40418 15.9
2010-04-26  00:10:00  12 50 49.3  -11 55 15  +000860.6 -000199.9  03 35 50.4  234.742 14.325  20.21  40498 15.9
2010-04-26  00:20:00  13 00 23.2  -12 28 15  +000861.0 -000196.0  03 36 18.2  234.511 13.810  17.84  40576 15.8
2010-04-26  00:30:00  13 09 57.3  -13 00 34  +000861.6 -000191.7  03 36 45.7  234.286 13.305  15.47  40651 15.8
2010-04-26  00:40:00  13 19 32.0  -13 32 09  +000862.3 -000187.2  03 37 12.7  234.068 12.812  13.14  40724 15.8
2010-04-26  00:50:00  13 29 07.1  -14 02 57  +000863.3 -000182.4  03 37 39.1  233.856 12.330  10.81  40794 15.8
2010-04-26  01:00:00  13 38 43.0  -14 32 56     <<SHADOW>>        03 38 04.9  233.650 11.861   8.54  40861 ----
2010-04-26  01:10:00  13 48 19.7  -15 02 02     <<SHADOW>>        03 38 29.9  233.449 11.406   6.34  40925 ----
2010-04-26  01:20:00  13 57 57.3  -15 30 14     <<SHADOW>>        03 38 53.9  233.256 10.966   4.34  40985 ----
2010-04-26  01:30:00  14 07 35.9  -15 57 27     <<SHADOW>>        03 39 17.0  233.068 10.541   2.92  41042 ----
2010-04-26  01:40:00  14 17 15.6  -16 23 40     <<SHADOW>>        03 39 38.9  232.886 10.133   3.08  41096 ----

   Date        UTC        RA         DECL      RARate   DeclRate    HourAng      Az     Um    Phase  Range  Mag
2010-04-26  18:10:00  07 20 48.7  +06 07 58  +000961.6 -000114.2  03 08 48.5  240.337 32.905 104.89  37404 17.4
2010-04-26  18:20:00  07 31 28.4  +05 48 09  +000957.4 -000123.6  03 08 10.4  239.951 32.736 102.24  37459 17.3
2010-04-26  18:30:00  07 42 05.3  +05 26 47  +000953.1 -000132.7  03 07 35.2  239.559 32.538  99.59  37517 17.2
2010-04-26  18:40:00  07 52 39.2  +05 03 57  +000948.6 -000141.3  03 07 02.9  239.163 32.312  96.95  37578 17.1
2010-04-26  18:50:00  08 03 10.1  +04 39 42  +000944.1 -000149.6  03 06 33.6  238.764 32.059  94.31  37642 17.0
2010-04-26  19:00:00  08 13 37.9  +04 14 07  +000939.4 -000157.4  03 06 07.4  238.364 31.779  91.69  37709 16.9
2010-04-26  19:10:00  08 24 02.6  +03 47 15  +000934.7 -000164.8  03 05 44.3  237.964 31.473  89.06  37780 16.9
2010-04-26  19:20:00  08 34 24.2  +03 19 12  +000930.0 -000171.8  03 05 24.4  237.565 31.142  86.45  37852 16.8
2010-04-26  19:30:00  08 44 42.7  +02 50 01  +000925.3 -000178.3  03 05 07.6  237.169 30.787  83.83  37928 16.7
2010-04-26  19:40:00  08 54 58.0  +02 19 47  +000920.7 -000184.4  03 04 53.9  236.776 30.409  81.24  38006 16.7
2010-04-26  19:50:00  09 05 10.3  +01 48 34  +000916.1 -000190.1  03 04 43.3  236.388 30.009  78.64  38086 16.6
2010-04-26  20:00:00  09 15 19.5  +01 16 27  +000911.6 -000195.2  03 04 35.7  236.004 29.588  76.06  38168 16.5
2010-04-26  20:10:00  09 25 25.7  +00 43 31  +000907.1 -000200.0  03 04 31.1  235.627 29.149  73.48  38252 16.5
2010-04-26  20:20:00  09 35 29.0  +00 09 49  +000902.8 -000204.3  03 04 29.4  235.256 28.690  70.92  38338 16.4
2010-04-26  20:30:00  09 45 29.5  -00 24 33  +000898.7 -000208.1  03 04 30.6  234.892 28.215  68.35  38426 16.4
2010-04-26  20:40:00  09 55 27.3  -00 59 31  +000894.7 -000211.5  03 04 34.5  234.536 27.724  65.81  38515 16.3
2010-04-26  20:50:00  10 05 22.5  -01 35 01  +000890.9 -000214.4  03 04 40.9  234.187 27.219  63.26  38605 16.3
2010-04-26  21:00:00  10 15 15.2  -02 10 58  +000887.2 -000216.9  03 04 49.9  233.846 26.702  60.74  38696 16.2
2010-04-26  21:10:00  10 25 05.5  -02 47 18  +000883.8 -000219.0  03 05 01.2  233.514 26.172  58.21  38789 16.2
2010-04-26  21:20:00  10 34 53.6  -03 23 56  +000880.6 -000220.6  03 05 14.7  233.190 25.633  55.70  38881 16.2
2010-04-26  21:30:00  10 44 39.7  -04 00 48  +000877.6 -000221.8  03 05 30.3  232.874 25.085  53.18  38974 16.1
2010-04-26  21:40:00  10 54 23.8  -04 37 50  +000874.8 -000222.6  03 05 47.9  232.567 24.529  50.69  39068 16.1
2010-04-26  21:50:00  11 04 06.1  -05 14 59  +000872.2 -000223.0  03 06 07.2  232.268 23.967  48.20  39161 16.1
2010-04-26  22:00:00  11 13 46.8  -05 52 09  +000869.9 -000223.0  03 06 28.2  231.978 23.401  45.72  39254 16.0
2010-04-26  22:10:00  11 23 26.0  -06 29 18  +000867.9 -000222.6  03 06 50.5  231.695 22.832  43.25  39347 16.0
2010-04-26  22:20:00  11 33 04.0  -07 06 20  +000866.0 -000221.8  03 07 14.2  231.420 22.261  40.79  39440 16.0
2010-04-26  22:30:00  11 42 40.8  -07 43 13  +000864.5 -000220.7  03 07 39.0  231.154 21.689  38.33  39531 16.0
2010-04-26  22:40:00  11 52 16.7  -08 19 52  +000863.2 -000219.1  03 08 04.8  230.894 21.117  35.89  39622 15.9
2010-04-26  22:50:00  12 01 51.8  -08 56 14  +000862.1 -000217.2  03 08 31.4  230.642 20.548  33.45  39712 15.9
2010-04-26  23:00:00  12 11 26.2  -09 32 16  +000861.2 -000215.0  03 08 58.6  230.398 19.982  31.03  39800 15.9
2010-04-26  23:10:00  12 21 00.1  -10 07 53  +000860.7 -000212.4  03 09 26.3  230.160 19.421  28.60  39886 15.9
2010-04-26  23:20:00  12 30 33.8  -10 43 03  +000860.3 -000209.5  03 09 54.3  229.929 18.865  26.20  39971 15.9
2010-04-26  23:30:00  12 40 07.3  -11 17 42  +000860.2 -000206.3  03 10 22.4  229.704 18.316  23.79  40055 15.9
2010-04-26  23:40:00  12 49 40.7  -11 51 47  +000860.3 -000202.7  03 10 50.6  229.486 17.774  21.41  40136 15.8
2010-04-26  23:50:00  12 59 14.3  -12 25 15  +000860.6 -000198.8  03 11 18.6  229.274 17.242  19.03  40214 15.8
2010-04-27  00:00:00  13 08 48.2  -12 58 02  +000861.1 -000194.6  03 11 46.4  229.068 16.720  16.66  40291 15.8
2010-04-27  00:10:00  13 18 22.5  -13 30 06  +000861.8 -000190.1  03 12 13.7  228.868 16.209  14.31  40365 15.8
2010-04-27  00:20:00  13 27 57.4  -14 01 24  +000862.8 -000185.3  03 12 40.5  228.674 15.710  11.98  40436 15.8
2010-04-27  00:30:00  13 37 32.9  -14 31 52     <<SHADOW>>        03 13 06.7  228.485 15.225   9.67  40504 ----
2010-04-27  00:40:00  13 47 09.2  -15 01 28     <<SHADOW>>        03 13 32.0  228.302 14.753   7.43  40569 ----
2010-04-27  00:50:00  13 56 46.4  -15 30 10     <<SHADOW>>        03 13 56.4  228.125 14.296   5.28  40631 ----
2010-04-27  01:00:00  14 06 24.6  -15 57 54     <<SHADOW>>        03 14 19.9  227.953 13.855   3.46  40690 ----
2010-04-27  01:10:00  14 16 03.8  -16 24 38     <<SHADOW>>        03 14 42.3  227.787 13.430   2.68  40745 ----
2010-04-27  01:20:00  14 25 44.3  -16 50 19     <<SHADOW>>        03 15 03.5  227.626 13.022   3.68  40797 ----
2010-04-27  01:30:00  14 35 25.9  -17 14 55  +000873.4 -000144.3  03 15 23.5  227.472 12.633   5.56  40845 15.8
2010-04-27  01:40:00  14 45 08.9  -17 38 23  +000875.4 -000137.4  03 15 42.2  227.323 12.262   7.70  40889 15.8
2010-04-27  01:50:00  14 54 53.1  -18 00 42  +000877.5 -000130.3  03 15 59.6  227.180 11.910   9.94  40930 15.8

   Date        UTC        RA         DECL      RARate   DeclRate    HourAng      Az     Um    Phase  Range  Mag
2010-04-27  18:10:00  07 51 30.9  +05 13 20  +000950.2 -000140.1  02 42 02.8  233.113 36.019  98.17  37248 17.1
2010-04-27  18:20:00  08 02 02.8  +04 49 17  +000945.6 -000148.5  02 41 32.5  232.710 35.755  95.54  37312 17.0
2010-04-27  18:30:00  08 12 31.7  +04 23 51  +000940.9 -000156.5  02 41 05.3  232.308 35.462  92.90  37379 17.0
2010-04-27  18:40:00  08 22 57.4  +03 57 08  +000936.2 -000164.1  02 40 41.2  231.907 35.144  90.29  37448 16.9
2010-04-27  18:50:00  08 33 19.9  +03 29 11  +000931.5 -000171.3  02 40 20.3  231.510 34.799  87.66  37521 16.8
2010-04-27  19:00:00  08 43 39.3  +03 00 04  +000926.7 -000178.0  02 40 02.6  231.116 34.431  85.06  37596 16.7
2010-04-27  19:10:00  08 53 55.6  +02 29 52  +000922.0 -000184.3  02 39 48.0  230.728 34.038  82.45  37673 16.7
2010-04-27  19:20:00  09 04 08.7  +01 58 40  +000917.3 -000190.1  02 39 36.5  230.346 33.624  79.86  37753 16.6
2010-04-27  19:30:00  09 14 18.7  +01 26 32  +000912.7 -000195.4  02 39 28.1  229.970 33.188  77.27  37835 16.5
2010-04-27  19:40:00  09 24 25.7  +00 53 33  +000908.3 -000200.3  02 39 22.8  229.603 32.733  74.70  37919 16.5
2010-04-27  19:50:00  09 34 29.8  +00 19 48  +000903.9 -000204.7  02 39 20.4  229.243 32.259  72.12  38005 16.4
2010-04-27  20:00:00  09 44 30.9  -00 14 40  +000899.7 -000208.7  02 39 20.8  228.892 31.767  69.56  38092 16.4
2010-04-27  20:10:00  09 54 29.3  -00 49 45  +000895.6 -000212.3  02 39 24.1  228.550 31.260  67.00  38181 16.3
2010-04-27  20:20:00  10 04 25.1  -01 25 24  +000891.7 -000215.3  02 39 29.9  228.217 30.739  64.47  38270 16.3
2010-04-27  20:30:00  10 14 18.3  -02 01 31  +000888.0 -000218.0  02 39 38.4  227.894 30.204  61.92  38361 16.3
2010-04-27  20:40:00  10 24 09.1  -02 38 02  +000884.5 -000220.2  02 39 49.2  227.580 29.658  59.40  38453 16.2
2010-04-27  20:50:00  10 33 57.7  -03 14 53  +000881.2 -000221.9  02 40 02.3  227.275 29.101  56.88  38546 16.2
2010-04-27  21:00:00  10 43 44.1  -03 52 00  +000878.1 -000223.3  02 40 17.5  226.980 28.536  54.38  38639 16.1
2010-04-27  21:10:00  10 53 28.5  -04 29 18  +000875.2 -000224.2  02 40 34.8  226.694 27.963  51.87  38732 16.1
2010-04-27  21:20:00  11 03 11.1  -05 06 43  +000872.6 -000224.7  02 40 53.8  226.417 27.384  49.38  38826 16.1
2010-04-27  21:30:00  11 12 52.1  -05 44 11  +000870.2 -000224.8  02 41 14.5  226.150 26.800  46.89  38919 16.0
2010-04-27  21:40:00  11 22 31.5  -06 21 38  +000868.1 -000224.5  02 41 36.7  225.891 26.213  44.43  39012 16.0
2010-04-27  21:50:00  11 32 09.6  -06 59 01  +000866.2 -000223.8  02 42 00.2  225.640 25.625  41.96  39104 16.0
2010-04-27  22:00:00  11 41 46.5  -07 36 14  +000864.6 -000222.8  02 42 25.0  225.398 25.035  39.51  39196 16.0
2010-04-27  22:10:00  11 51 22.4  -08 13 15  +000863.2 -000221.3  02 42 50.7  225.163 24.447  37.05  39287 15.9
2010-04-27  22:20:00  12 00 57.5  -08 49 60  +000862.0 -000219.5  02 43 17.3  224.936 23.860  34.62  39377 15.9
2010-04-27  22:30:00  12 10 31.9  -09 26 25  +000861.1 -000217.4  02 43 44.6  224.717 23.276  32.18  39466 15.9
2010-04-27  22:40:00  12 20 05.8  -10 02 27  +000860.5 -000214.9  02 44 12.3  224.504 22.697  29.77  39553 15.9
2010-04-27  22:50:00  12 29 39.3  -10 38 01  +000860.1 -000212.0  02 44 40.4  224.298 22.124  27.35  39639 15.9
2010-04-27  23:00:00  12 39 12.6  -11 13 06  +000859.9 -000208.8  02 45 08.7  224.099 21.558  24.95  39723 15.8
2010-04-27  23:10:00  12 48 45.9  -11 47 37  +000860.0 -000205.3  02 45 37.1  223.905 20.999  22.55  39804 15.8
2010-04-27  23:20:00  12 58 19.3  -12 21 32  +000860.2 -000201.5  02 46 05.4  223.718 20.450  20.17  39884 15.8
2010-04-27  23:30:00  13 07 52.9  -12 54 47  +000860.7 -000197.4  02 46 33.4  223.536 19.910  17.79  39961 15.8
2010-04-27  23:40:00  13 17 26.9  -13 27 18  +000861.4 -000192.9  02 47 01.0  223.359 19.382  15.44  40036 15.8
2010-04-27  23:50:00  13 27 01.5  -13 59 04  +000862.3 -000188.2  02 47 28.1  223.188 18.866  13.09  40108 15.8
2010-04-28  00:00:00  13 36 36.6  -14 30 01  +000863.3 -000183.1  02 47 54.5  223.022 18.364  10.77  40178 15.8
2010-04-28  00:10:00  13 46 12.6  -15 00 06     <<SHADOW>>        02 48 20.2  222.861 17.875   8.48  40244 ----
2010-04-28  00:20:00  13 55 49.4  -15 29 17     <<SHADOW>>        02 48 45.1  222.704 17.402   6.27  40308 ----
2010-04-28  00:30:00  14 05 27.2  -15 57 31     <<SHADOW>>        02 49 08.9  222.553 16.944   4.23  40368 ----
2010-04-28  00:40:00  14 15 06.1  -16 24 44     <<SHADOW>>        02 49 31.7  222.406 16.503   2.77  40424 ----
2010-04-28  00:50:00  14 24 46.1  -16 50 55     <<SHADOW>>        02 49 53.3  222.265 16.079   2.92  40478 ----
2010-04-28  01:00:00  14 34 27.3  -17 16 02     <<SHADOW>>        02 50 13.8  222.128 15.674   4.52  40527 ----
2010-04-28  01:10:00  14 44 09.8  -17 40 01  +000874.8 -000140.4  02 50 32.9  221.996 15.287   6.59  40573 15.8
2010-04-28  01:20:00  14 53 53.7  -18 02 50  +000876.8 -000133.4  02 50 50.7  221.869 14.920   8.79  40615 15.8
2010-04-28  01:30:00  15 03 38.9  -18 24 27  +000878.9 -000126.0  02 51 07.1  221.748 14.574  11.06  40654 15.8
2010-04-28  01:40:00  15 13 25.5  -18 44 50  +000881.0 -000118.5  02 51 22.1  221.631 14.248  13.34  40688 15.8
2010-04-28  01:50:00  15 23 13.6  -19 03 57  +000883.2 -000110.8  02 51 35.6  221.521 13.943  15.65  40718 15.8

   Date        UTC        RA         DECL      RARate   DeclRate    HourAng      Az     Um    Phase  Range  Mag
2010-04-28  18:10:00  08 22 04.3  +04 06 51  +000937.6 -000163.2  02 15 25.9  225.279 38.549  91.45  37154 16.9
2010-04-28  18:20:00  08 32 27.8  +03 39 02  +000932.9 -000170.5  02 15 04.1  224.889 38.189  88.84  37227 16.8
2010-04-28  18:30:00  08 42 48.2  +03 10 02  +000928.1 -000177.4  02 14 45.4  224.504 37.804  86.22  37301 16.7
2010-04-28  18:40:00  08 53 05.3  +02 39 55  +000923.3 -000183.9  02 14 29.9  224.127 37.395  83.62  37378 16.7
2010-04-28  18:50:00  09 03 19.2  +02 08 46  +000918.6 -000189.8  02 14 17.6  223.759 36.964  81.02  37458 16.6
2010-04-28  19:00:00  09 13 30.1  +01 36 39  +000913.9 -000195.4  02 14 08.4  223.399 36.512  78.44  37539 16.6
2010-04-28  19:10:00  09 23 37.8  +01 03 40  +000909.4 -000200.4  02 14 02.3  223.049 36.039  75.85  37623 16.5
2010-04-28  19:20:00  09 33 42.6  +00 29 52  +000904.9 -000205.0  02 13 59.2  222.709 35.548  73.28  37708 16.4
2010-04-28  19:30:00  09 43 44.5  -00 04 39  +000900.7 -000209.1  02 13 58.9  222.379 35.040  70.71  37795 16.4
2010-04-28  19:40:00  09 53 43.5  -00 39 49  +000896.5 -000212.8  02 14 01.5  222.060 34.515  68.16  37883 16.3
2010-04-28  19:50:00  10 03 39.9  -01 15 34  +000892.6 -000216.1  02 14 06.8  221.752 33.976  65.61  37973 16.3
2010-04-28  20:00:00  10 13 33.6  -01 51 49  +000888.8 -000218.8  02 14 14.7  221.454 33.424  63.08  38064 16.3
2010-04-28  20:10:00  10 23 24.9  -02 28 30  +000885.2 -000221.2  02 14 25.0  221.167 32.860  60.54  38155 16.2
2010-04-28  20:20:00  10 33 13.9  -03 05 31  +000881.8 -000223.1  02 14 37.7  220.891 32.286  58.03  38248 16.2
2010-04-28  20:30:00  10 43 00.7  -03 42 50  +000878.6 -000224.5  02 14 52.5  220.625 31.703  55.51  38340 16.1
2010-04-28  20:40:00  10 52 45.5  -04 20 21  +000875.7 -000225.6  02 15 09.4  220.370 31.113  53.01  38434 16.1
2010-04-28  20:50:00  11 02 28.4  -04 58 01  +000873.0 -000226.2  02 15 28.1  220.124 30.517  50.51  38527 16.1
2010-04-28  21:00:00  11 12 09.6  -05 35 44  +000870.6 -000226.4  02 15 48.6  219.888 29.916  48.03  38620 16.0
2010-04-28  21:10:00  11 21 49.3  -06 13 28  +000868.4 -000226.3  02 16 10.6  219.661 29.312  45.55  38713 16.0
2010-04-28  21:20:00  11 31 27.5  -06 51 08  +000866.4 -000225.7  02 16 34.0  219.443 28.706  43.09  38806 16.0
2010-04-28  21:30:00  11 41 04.5  -07 28 41  +000864.7 -000224.7  02 16 58.6  219.234 28.100  40.62  38898 16.0
2010-04-28  21:40:00  11 50 40.5  -08 06 01  +000863.3 -000223.4  02 17 24.2  219.032 27.494  38.18  38989 15.9
2010-04-28  21:50:00  12 00 15.6  -08 43 07  +000862.1 -000221.7  02 17 50.8  218.838 26.890  35.73  39079 15.9
2010-04-28  22:00:00  12 09 50.0  -09 19 54  +000861.1 -000219.6  02 18 18.0  218.651 26.290  33.30  39168 15.9
2010-04-28  22:10:00  12 19 23.8  -09 56 18  +000860.4 -000217.2  02 18 45.8  218.471 25.694  30.87  39256 15.9
2010-04-28  22:20:00  12 28 57.3  -10 32 16  +000859.9 -000214.4  02 19 14.0  218.298 25.104  28.46  39342 15.9
2010-04-28  22:30:00  12 38 30.5  -11 07 44  +000859.7 -000211.3  02 19 42.5  218.131 24.521  26.05  39426 15.8
2010-04-28  22:40:00  12 48 03.6  -11 42 40  +000859.7 -000207.8  02 20 11.0  217.969 23.946  23.66  39509 15.8
2010-04-28  22:50:00  12 57 36.8  -12 17 00  +000859.9 -000204.1  02 20 39.4  217.812 23.380  21.26  39589 15.8
2010-04-28  23:00:00  13 07 10.2  -12 50 41  +000860.4 -000200.0  02 21 07.7  217.661 22.824  18.89  39667 15.8
2010-04-28  23:10:00  13 16 44.0  -13 23 39  +000861.0 -000195.6  02 21 35.5  217.514 22.280  16.52  39743 15.8
2010-04-28  23:20:00  13 26 18.3  -13 55 52  +000861.8 -000190.9  02 22 02.9  217.372 21.748  14.17  39816 15.8
2010-04-28  23:30:00  13 35 53.2  -14 27 16  +000862.9 -000185.9  02 22 29.6  217.235 21.229  11.83  39887 15.8
2010-04-28  23:40:00  13 45 28.8  -14 57 49  +000864.1 -000180.6  02 22 55.7  217.101 20.724   9.52  39954 15.8
2010-04-28  23:50:00  13 55 05.3  -15 27 28     <<SHADOW>>        02 23 20.8  216.971 20.235   7.26  40018 ----
2010-04-29  00:00:00  14 04 42.7  -15 56 10     <<SHADOW>>        02 23 45.0  216.846 19.761   5.10  40080 ----
2010-04-29  00:10:00  14 14 21.2  -16 23 52     <<SHADOW>>        02 24 08.2  216.724 19.304   3.24  40138 ----
2010-04-29  00:20:00  14 24 00.8  -16 50 33     <<SHADOW>>        02 24 30.2  216.606 18.865   2.48  40192 ----
2010-04-29  00:30:00  14 33 41.7  -17 16 08     <<SHADOW>>        02 24 51.0  216.491 18.444   3.59  40243 ----
2010-04-29  00:40:00  14 43 23.8  -17 40 37  +000874.2 -000143.4  02 25 10.5  216.381 18.043   5.53  40291 15.8
2010-04-29  00:50:00  14 53 07.2  -18 03 56  +000876.2 -000136.3  02 25 28.7  216.274 17.661   7.70  40334 15.8
2010-04-29  01:00:00  15 02 52.1  -18 26 03  +000878.3 -000129.0  02 25 45.5  216.171 17.299   9.94  40374 15.8
2010-04-29  01:10:00  15 12 38.3  -18 46 56  +000880.4 -000121.5  02 26 00.9  216.072 16.959  12.23  40410 15.8
2010-04-29  01:20:00  15 22 26.0  -19 06 33  +000882.6 -000113.8  02 26 14.9  215.978 16.640  14.52  40442 15.8
2010-04-29  01:30:00  15 32 15.1  -19 24 52  +000884.8 -000105.9  02 26 27.4  215.888 16.343  16.83  40469 15.8
2010-04-29  01:40:00  15 42 05.7  -19 41 51  +000887.0 -000097.8  02 26 38.5  215.802 16.068  19.14  40493 15.9

   Date        UTC        RA         DECL      RARate   DeclRate    HourAng      Az     Um    Phase  Range  Mag
2010-04-29  18:10:00  08 52 25.7  +02 49 51  +000924.6 -000183.2  01 49 01.1  216.913 40.399  84.74  37124 16.7
2010-04-29  18:20:00  09 02 40.5  +02 18 47  +000919.8 -000189.4  01 48 48.0  216.568 39.950  82.15  37203 16.6
2010-04-29  18:30:00  09 12 52.1  +01 46 45  +000915.1 -000195.1  01 48 38.0  216.234 39.480  79.55  37285 16.6
2010-04-29  18:40:00  09 23 00.6  +01 13 48  +000910.5 -000200.3  01 48 31.1  215.912 38.989  76.97  37368 16.5
2010-04-29  18:50:00  09 33 06.1  +00 40 01  +000906.0 -000205.0  01 48 27.3  215.603 38.481  74.39  37453 16.5
2010-04-29  19:00:00  09 43 08.7  +00 05 29  +000901.7 -000209.3  01 48 26.4  215.305 37.955  71.83  37539 16.4
2010-04-29  19:10:00  09 53 08.4  -00 29 44  +000897.5 -000213.1  01 48 28.3  215.020 37.413  69.27  37627 16.4
2010-04-29  19:20:00  10 03 05.3  -01 05 33  +000893.4 -000216.5  01 48 33.0  214.747 36.857  66.72  37716 16.3
2010-04-29  19:30:00  10 12 59.6  -01 41 53  +000889.6 -000219.4  01 48 40.3  214.487 36.287  64.18  37807 16.3
2010-04-29  19:40:00  10 22 51.4  -02 18 40  +000885.9 -000221.9  01 48 50.2  214.238 35.707  61.65  37898 16.2
2010-04-29  19:50:00  10 32 40.9  -02 55 50  +000882.5 -000224.0  01 49 02.3  214.001 35.116  59.12  37990 16.2
2010-04-29  20:00:00  10 42 28.1  -03 33 18  +000879.2 -000225.6  01 49 16.8  213.776 34.517  56.61  38083 16.1
2010-04-29  20:10:00  10 52 13.3  -04 10 60  +000876.3 -000226.7  01 49 33.2  213.561 33.910  54.10  38176 16.1
2010-04-29  20:20:00  11 01 56.5  -04 48 51  +000873.5 -000227.5  01 49 51.6  213.357 33.298  51.61  38269 16.1
2010-04-29  20:30:00  11 11 38.0  -05 26 48  +000871.0 -000227.8  01 50 11.8  213.163 32.681  49.12  38362 16.0
2010-04-29  20:40:00  11 21 17.9  -06 04 46  +000868.7 -000227.7  01 50 33.6  212.978 32.061  46.64  38455 16.0
2010-04-29  20:50:00  11 30 56.3  -06 42 42  +000866.7 -000227.3  01 50 56.8  212.803 31.439  44.17  38548 16.0
2010-04-29  21:00:00  11 40 33.5  -07 20 31  +000864.9 -000226.4  01 51 21.2  212.636 30.817  41.71  38640 16.0
2010-04-29  21:10:00  11 50 09.6  -07 58 09  +000863.4 -000225.2  01 51 46.8  212.477 30.196  39.25  38731 15.9
2010-04-29  21:20:00  11 59 44.8  -08 35 33  +000862.1 -000223.6  01 52 13.2  212.325 29.577  36.81  38821 15.9
2010-04-29  21:30:00  12 09 19.2  -09 12 39  +000861.1 -000221.6  01 52 40.5  212.180 28.961  34.37  38911 15.9
2010-04-29  21:40:00  12 18 53.0  -09 49 24  +000860.4 -000219.2  01 53 08.3  212.042 28.350  31.95  38998 15.9
2010-04-29  21:50:00  12 28 26.4  -10 25 43  +000859.8 -000216.5  01 53 36.5  211.909 27.745  29.52  39085 15.9
2010-04-29  22:00:00  12 37 59.5  -11 01 34  +000859.6 -000213.5  01 54 05.0  211.782 27.147  27.12  39170 15.8
2010-04-29  22:10:00  12 47 32.6  -11 36 52  +000859.5 -000210.1  01 54 33.7  211.660 26.557  24.71  39253 15.8
2010-04-29  22:20:00  12 57 05.6  -12 11 35  +000859.7 -000206.4  01 55 02.3  211.542 25.976  22.32  39334 15.8
2010-04-29  22:30:00  13 06 38.9  -12 45 40  +000860.1 -000202.4  01 55 30.7  211.429 25.406  19.93  39412 15.8
2010-04-29  22:40:00  13 16 12.4  -13 19 03  +000860.7 -000198.1  01 55 58.7  211.319 24.847  17.57  39489 15.8
2010-04-29  22:50:00  13 25 46.5  -13 51 41  +000861.5 -000193.5  01 56 26.3  211.213 24.300  15.20  39563 15.8
2010-04-29  23:00:00  13 35 21.1  -14 23 31  +000862.5 -000188.5  01 56 53.3  211.111 23.766  12.86  39634 15.8
2010-04-29  23:10:00  13 44 56.5  -14 54 31  +000863.6 -000183.3  01 57 19.6  211.011 23.247  10.53  39702 15.8
2010-04-29  23:20:00  13 54 32.7  -15 24 36     <<SHADOW>>        01 57 45.1  210.914 22.743   8.24  39768 ----
2010-04-29  23:30:00  14 04 09.8  -15 53 46     <<SHADOW>>        01 58 09.6  210.820 22.255   6.01  39830 ----
2010-04-29  23:40:00  14 13 48.0  -16 21 56     <<SHADOW>>        01 58 33.1  210.728 21.784   3.95  39889 ----
2010-04-29  23:50:00  14 23 27.2  -16 49 04     <<SHADOW>>        01 58 55.4  210.639 21.330   2.48  39945 ----
2010-04-30  00:00:00  14 33 07.7  -17 15 08     <<SHADOW>>        01 59 16.6  210.552 20.895   2.79  39997 ----
2010-04-30  00:10:00  14 42 49.5  -17 40 05     <<SHADOW>>        01 59 36.5  210.467 20.479   4.53  40046 ----
2010-04-30  00:20:00  14 52 32.5  -18 03 52  +000875.6 -000139.2  01 59 55.0  210.385 20.083   6.65  40091 15.8
2010-04-30  00:30:00  15 02 17.0  -18 26 28  +000877.7 -000131.9  02 00 12.2  210.306 19.708   8.88  40132 15.8
2010-04-30  00:40:00  15 12 02.8  -18 47 51  +000879.9 -000124.4  02 00 28.0  210.229 19.354  11.15  40169 15.8
2010-04-30  00:50:00  15 21 50.2  -19 07 57  +000882.0 -000116.7  02 00 42.4  210.154 19.021  13.45  40202 15.8
2010-04-30  01:00:00  15 31 38.9  -19 26 45  +000884.2 -000108.8  02 00 55.3  210.083 18.711  15.75  40231 15.8
2010-04-30  01:10:00  15 41 29.1  -19 44 13  +000886.4 -000100.7  02 01 06.7  210.014 18.424  18.06  40257 15.8
2010-04-30  01:20:00  15 51 20.8  -20 00 19  +000888.6 -000092.5  02 01 16.7  209.949 18.160  20.37  40278 15.8
2010-04-30  01:30:00  16 01 13.9  -20 15 02  +000890.7 -000084.0  02 01 25.2  209.887 17.919  22.69  40294 15.9
2010-04-30  01:40:00  16 11 08.4  -20 28 19  +000892.8 -000075.4  02 01 32.4  209.829 17.703  25.01  40307 15.9

   Date        UTC        RA         DECL      RARate   DeclRate    HourAng      Az     Um    Phase  Range  Mag
2010-04-30  18:10:00  09 22 32.4  +01 23 54  +000911.6 -000199.8  01 22 50.9  208.167 41.495  78.05  37157 16.5
2010-04-30  18:20:00  09 32 38.6  +00 50 10  +000907.1 -000204.7  01 22 46.4  207.901 40.970  75.48  37241 16.5
2010-04-30  18:30:00  09 42 41.8  +00 15 40  +000902.6 -000209.2  01 22 44.8  207.649 40.427  72.90  37328 16.4
2010-04-30  18:40:00  09 52 42.2  -00 19 32  +000898.4 -000213.2  01 22 46.1  207.411 39.869  70.35  37415 16.4
2010-04-30  18:50:00  10 02 39.7  -00 55 22  +000894.3 -000216.7  01 22 50.2  207.187 39.297  67.79  37504 16.3
2010-04-30  19:00:00  10 12 34.6  -01 31 45  +000890.4 -000219.8  01 22 57.0  206.976 38.713  65.25  37594 16.3
2010-04-30  19:10:00  10 22 27.0  -02 08 36  +000886.7 -000222.4  01 23 06.3  206.779 38.117  62.71  37685 16.2
2010-04-30  19:20:00  10 32 16.9  -02 45 51  +000883.2 -000224.5  01 23 18.0  206.594 37.512  60.19  37777 16.2
2010-04-30  19:30:00  10 42 04.6  -03 23 25  +000879.9 -000226.3  01 23 31.9  206.421 36.898  57.67  37869 16.1
2010-04-30  19:40:00  10 51 50.1  -04 01 15  +000876.8 -000227.6  01 23 48.0  206.260 36.278  55.17  37962 16.1
2010-04-30  19:50:00  11 01 33.7  -04 39 16  +000874.0 -000228.5  01 24 06.1  206.109 35.652  52.66  38055 16.1
2010-04-30  20:00:00  11 11 15.5  -05 17 23  +000871.4 -000228.9  01 24 25.9  205.968 35.021  50.18  38148 16.0
2010-04-30  20:10:00  11 20 55.7  -05 55 33  +000869.1 -000229.0  01 24 47.4  205.837 34.388  47.69  38241 16.0
2010-04-30  20:20:00  11 30 34.3  -06 33 41  +000867.0 -000228.6  01 25 10.4  205.715 33.753  45.22  38333 16.0
2010-04-30  20:30:00  11 40 11.7  -07 11 44  +000865.2 -000227.9  01 25 34.6  205.602 33.118  42.75  38425 16.0
2010-04-30  20:40:00  11 49 48.0  -07 49 37  +000863.6 -000226.7  01 26 00.0  205.495 32.484  40.30  38516 15.9
2010-04-30  20:50:00  11 59 23.3  -08 27 17  +000862.3 -000225.2  01 26 26.4  205.396 31.853  37.85  38607 15.9
2010-04-30  21:00:00  12 08 57.8  -09 04 40  +000861.2 -000223.3  01 26 53.5  205.302 31.225  35.42  38696 15.9
2010-04-30  21:10:00  12 18 31.6  -09 41 43  +000860.4 -000221.1  01 27 21.3  205.215 30.602  32.98  38784 15.9
2010-04-30  21:20:00  12 28 05.0  -10 18 21  +000859.8 -000218.5  01 27 49.5  205.132 29.984  30.56  38871 15.8
2010-04-30  21:30:00  12 37 38.1  -10 54 31  +000859.5 -000215.5  01 28 18.1  205.054 29.374  28.14  38956 15.8
2010-04-30  21:40:00  12 47 11.1  -11 30 10  +000859.4 -000212.2  01 28 46.8  204.980 28.772  25.75  39039 15.8
2010-04-30  21:50:00  12 56 44.0  -12 05 15  +000859.5 -000208.6  01 29 15.5  204.910 28.179  23.34  39120 15.8
2010-04-30  22:00:00  13 06 17.2  -12 39 41  +000859.9 -000204.7  01 29 44.0  204.842 27.596  20.96  39199 15.8
2010-04-30  22:10:00  13 15 50.6  -13 13 27  +000860.4 -000200.4  01 30 12.2  204.777 27.025  18.58  39276 15.8
2010-04-30  22:20:00  13 25 24.4  -13 46 28  +000861.2 -000195.8  01 30 40.0  204.715 26.466  16.21  39351 15.8
2010-04-30  22:30:00  13 34 58.9  -14 18 42  +000862.1 -000190.9  01 31 07.2  204.654 25.920  13.85  39423 15.8
2010-04-30  22:40:00  13 44 34.0  -14 50 06  +000863.3 -000185.8  01 31 33.7  204.595 25.389  11.52  39492 15.8
2010-04-30  22:50:00  13 54 09.9  -15 20 37  +000864.6 -000180.3  01 31 59.4  204.537 24.872   9.20  39558 15.8
2010-04-30  23:00:00  14 03 46.8  -15 50 12     <<SHADOW>>        01 32 24.2  204.481 24.372   6.93  39621 ----
2010-04-30  23:10:00  14 13 24.7  -16 18 48     <<SHADOW>>        01 32 48.0  204.425 23.889   4.74  39681 ----
2010-04-30  23:20:00  14 23 03.7  -16 46 23     <<SHADOW>>        01 33 10.6  204.370 23.423   2.87  39738 ----
2010-04-30  23:30:00  14 32 43.8  -17 12 53     <<SHADOW>>        01 33 32.1  204.316 22.976   2.24  39791 ----
2010-04-30  23:40:00  14 42 25.2  -17 38 18     <<SHADOW>>        01 33 52.3  204.263 22.547   3.59  39841 ----
2010-04-30  23:50:00  14 52 08.0  -18 02 33     <<SHADOW>>        01 34 11.2  204.210 22.139   5.64  39887 ----
2010-05-01  00:00:00  15 01 52.1  -18 25 37  +000877.2 -000134.7  01 34 28.8  204.159 21.752   7.84  39930 15.8
2010-05-01  00:10:00  15 11 37.6  -18 47 27  +000879.3 -000127.3  01 34 44.9  204.107 21.385  10.11  39968 15.8
2010-05-01  00:20:00  15 21 24.6  -19 08 01  +000881.5 -000119.6  01 34 59.6  204.057 21.041  12.40  40003 15.8
2010-05-01  00:30:00  15 31 13.0  -19 27 18  +000883.7 -000111.7  01 35 12.8  204.008 20.718  14.71  40033 15.8
2010-05-01  00:40:00  15 41 02.8  -19 45 14  +000885.9 -000103.6  01 35 24.6  203.960 20.419  17.01  40060 15.8
2010-05-01  00:50:00  15 50 54.1  -20 01 49  +000888.1 -000095.3  01 35 34.9  203.914 20.143  19.33  40082 15.8
2010-05-01  01:00:00  16 00 46.9  -20 17 00  +000890.2 -000086.9  01 35 43.8  203.869 19.891  21.64  40101 15.8
2010-05-01  01:10:00  16 10 41.1  -20 30 46  +000892.3 -000078.3  01 35 51.3  203.826 19.664  23.97  40115 15.9
2010-05-01  01:20:00  16 20 36.6  -20 43 05  +000894.4 -000069.5  01 35 57.4  203.785 19.461  26.28  40124 15.9
2010-05-01  01:30:00  16 30 33.5  -20 53 56  +000896.3 -000060.6  01 36 02.1  203.747 19.282  28.61  40130 15.9
2010-05-01  01:40:00  16 40 31.7  -21 03 17  +000898.2 -000051.6  01 36 05.6  203.712 19.130  30.92  40131 15.9
