ЭФЕМЕРИДЫ ПО ОБЪЕКТУ:  90094
Для пункта:  10016 Маяки   46 23'50.68"   30 16'17.74"    14m
C   2010-04-15 12:00
по  2010-05-01 12:00
Шаг  0:10:00
Мин.угол места:          10 град
Макс.угол места Солнца: -10 град
Стандартный блеск :      8.3 (зв.вел.)

ОБОЗНАЧЕНИЯ
RA        прямое восхождение, тек.эпоха
DECL      склонение, тек.эпоха
RARate    скорость по пр.восх., арксек/мин
DeclRate  скорость по склонению, арксек/мин
HourAng   часовой угол
Az        азимут
Um        угол места
Phase     фазовый угол
Range     дальность
Mag       зв.величина (оценка)

   Date        UTC        RA         DECL      RARate   DeclRate    HourAng      Az     Um    Phase  Range  Mag
2010-04-15  17:50:00  09 29 01.3  +03 54 28  +000848.4 -000199.8  23 57 10.4  178.957 47.506  62.82  38387 15.6
2010-04-15  18:00:00  09 38 26.3  +03 20 37  +000846.6 -000206.2  23 57 47.1  179.190 46.943  60.41  38404 15.5
2010-04-15  18:10:00  09 47 50.1  +02 45 44  +000844.9 -000212.3  23 58 24.9  179.426 46.364  58.00  38421 15.5
2010-04-15  18:20:00  09 57 12.9  +02 09 53  +000843.4 -000217.9  23 59 03.8  179.664 45.767  55.59  38440 15.4
2010-04-15  18:30:00  10 06 34.7  +01 33 07  +000842.0 -000223.2  23 59 43.7  179.904 45.155  53.17  38458 15.4
2010-04-15  18:40:00  10 15 55.5  +00 55 30  +000840.7 -000228.1  00 00 24.4  180.143 44.528  50.77  38477 15.4
2010-04-15  18:50:00  10 25 15.6  +00 17 06  +000839.7 -000232.6  00 01 06.0  180.381 43.887  48.35  38497 15.3
2010-04-15  19:00:00  10 34 35.1  -00 22 02  +000838.8 -000236.8  00 01 48.1  180.618 43.234  45.94  38517 15.3
2010-04-15  19:10:00  10 43 54.1  -01 01 48  +000838.1 -000240.5  00 02 30.8  180.853 42.569  43.53  38538 15.3
2010-04-15  19:20:00  10 53 12.7  -01 42 10  +000837.7 -000243.8  00 03 13.8  181.085 41.895  41.12  38560 15.2
2010-04-15  19:30:00  11 02 31.1  -02 23 03  +000837.4 -000246.7  00 03 57.1  181.312 41.211  38.70  38582 15.2
2010-04-15  19:40:00  11 11 49.3  -03 04 23  +000837.4 -000249.2  00 04 40.5  181.535 40.519  36.30  38604 15.2
2010-04-15  19:50:00  11 21 07.7  -03 46 06  +000837.7 -000251.3  00 05 23.8  181.753 39.820  33.88  38627 15.2
2010-04-15  20:00:00  11 30 26.3  -04 28 08  +000838.1 -000253.0  00 06 06.8  181.964 39.116  31.47  38650 15.1
2010-04-15  20:10:00  11 39 45.2  -05 10 24  +000838.8 -000254.2  00 06 49.5  182.169 38.407  29.06  38674 15.1
2010-04-15  20:20:00  11 49 04.8  -05 52 51  +000839.8 -000255.0  00 07 31.6  182.366 37.695  26.66  38698 15.1
2010-04-15  20:30:00  11 58 25.0  -06 35 23  +000841.0 -000255.4  00 08 13.0  182.555 36.981  24.25  38723 15.1
2010-04-15  20:40:00  12 07 46.2  -07 17 57  +000842.5 -000255.3  00 08 53.5  182.735 36.267  21.86  38748 15.1
2010-04-15  20:50:00  12 17 08.4  -08 00 29  +000844.2 -000254.9  00 09 32.9  182.906 35.553  19.46  38773 15.1
2010-04-15  21:00:00  12 26 31.9  -08 42 53  +000846.2 -000254.0  00 10 11.1  183.067 34.841  17.09  38798 15.0
2010-04-15  21:10:00  12 35 56.7  -09 25 06  +000848.4 -000252.6  00 10 47.9  183.218 34.132  14.72  38824 15.0
2010-04-15  21:20:00  12 45 23.1  -10 07 04  +000850.9 -000250.8  00 11 23.1  183.358 33.427  12.38  38849 15.0
2010-04-15  21:30:00  12 54 51.2  -10 48 41  +000853.6 -000248.6  00 11 56.7  183.487 32.728  10.07  38875 15.0
2010-04-15  21:40:00  13 04 21.2  -11 29 54  +000856.5 -000245.9  00 12 28.3  183.605 32.036   7.86  38901 15.0
2010-04-15  21:50:00  13 13 53.2  -12 10 39     <<SHADOW>>        00 12 57.9  183.711 31.353   5.79  38926 ----
2010-04-15  22:00:00  13 23 27.4  -12 50 50     <<SHADOW>>        00 13 25.4  183.805 30.679   4.17  38951 ----
2010-04-15  22:10:00  13 33 03.9  -13 30 24     <<SHADOW>>        00 13 50.5  183.887 30.015   3.59  38976 ----
2010-04-15  22:20:00  13 42 42.9  -14 09 15     <<SHADOW>>        00 14 13.2  183.956 29.364   4.50  39001 ----
2010-04-15  22:30:00  13 52 24.3  -14 47 21     <<SHADOW>>        00 14 33.4  184.013 28.726   6.28  39025 ----
2010-04-15  22:40:00  14 02 08.5  -15 24 36     <<SHADOW>>        00 14 50.9  184.057 28.102   8.39  39049 ----
2010-04-15  22:50:00  14 11 55.4  -16 00 56  +000882.4 -000215.2  00 15 05.7  184.089 27.494  10.64  39072 15.0
2010-04-15  23:00:00  14 21 45.1  -16 36 18  +000886.8 -000209.0  00 15 17.6  184.109 26.903  12.95  39095 15.0
2010-04-15  23:10:00  14 31 37.7  -17 10 36  +000891.2 -000202.5  00 15 26.6  184.116 26.330  15.31  39117 15.1
2010-04-15  23:20:00  14 41 33.3  -17 43 47  +000895.6 -000195.6  00 15 32.6  184.111 25.777  17.68  39138 15.1
2010-04-15  23:30:00  14 51 31.9  -18 15 47  +000900.1 -000188.3  00 15 35.7  184.094 25.244  20.07  39158 15.1
2010-04-15  23:40:00  15 01 33.5  -18 46 31  +000904.7 -000180.5  00 15 35.7  184.064 24.732  22.46  39177 15.1
2010-04-15  23:50:00  15 11 38.1  -19 15 57  +000909.2 -000172.4  00 15 32.8  184.024 24.243  24.87  39195 15.1
2010-04-16  00:00:00  15 21 45.8  -19 43 59  +000913.7 -000164.0  00 15 26.8  183.972 23.777  27.27  39211 15.1
2010-04-16  00:10:00  15 31 56.4  -20 10 35  +000918.1 -000155.1  00 15 17.8  183.909 23.336  29.69  39227 15.2
2010-04-16  00:20:00  15 42 09.9  -20 35 41  +000922.4 -000145.9  00 15 05.9  183.836 22.921  32.10  39241 15.2
2010-04-16  00:30:00  15 52 26.2  -20 59 13  +000926.6 -000136.4  00 14 51.2  183.754 22.532  34.53  39254 15.2
2010-04-16  00:40:00  16 02 45.4  -21 21 09  +000930.7 -000126.6  00 14 33.7  183.661 22.170  36.94  39265 15.2
2010-04-16  00:50:00  16 13 07.1  -21 41 24  +000934.5 -000116.5  00 14 13.6  183.560 21.836  39.37  39275 15.3
2010-04-16  01:00:00  16 23 31.3  -21 59 58  +000938.2 -000106.1  00 13 51.0  183.451 21.531  41.79  39284 15.3
2010-04-16  01:10:00  16 33 58.0  -22 16 46  +000941.6 -000095.4  00 13 26.1  183.335 21.256  44.22  39290 15.3
2010-04-16  01:20:00  16 44 26.8  -22 31 46  +000944.7 -000084.5  00 12 58.9  183.211 21.011  46.64  39295 15.4
2010-04-16  01:30:00  16 54 57.6  -22 44 56  +000947.6 -000073.4  00 12 29.8  183.082 20.796  49.07  39299 15.4
2010-04-16  01:40:00  17 05 30.2  -22 56 14  +000950.1 -000062.1  00 11 58.8  182.947 20.612  51.49  39301 15.4
2010-04-16  01:50:00  17 16 04.3  -23 05 38  +000952.4 -000050.7  00 11 26.3  182.807 20.460  53.93  39301 15.5
2010-04-16  02:00:00  17 26 39.9  -23 13 07  +000954.2 -000039.1  00 10 52.4  182.664 20.341  56.35  39299 15.5
2010-04-16  02:10:00  17 37 16.5  -23 18 39  +000955.7 -000027.4  00 10 17.4  182.518 20.253  58.79  39295 15.5

   Date        UTC        RA         DECL      RARate   DeclRate    HourAng      Az     Um    Phase  Range  Mag
2010-04-16  17:50:00  09 04 32.8  +05 06 45  +000853.2 -000184.0  00 25 35.5  189.613 48.345  69.99  38375 15.7
2010-04-16  18:00:00  09 14 01.0  +04 35 29  +000851.2 -000191.2  00 26 09.0  189.729 47.811  67.59  38392 15.7
2010-04-16  18:10:00  09 23 27.8  +04 03 02  +000849.2 -000198.0  00 26 43.8  189.848 47.257  65.17  38410 15.6
2010-04-16  18:20:00  09 32 53.3  +03 29 29  +000847.4 -000204.5  00 27 19.9  189.969 46.684  62.77  38428 15.6
2010-04-16  18:30:00  09 42 17.6  +02 54 54  +000845.6 -000210.6  00 27 57.3  190.091 46.093  60.35  38447 15.5
2010-04-16  18:40:00  09 51 40.8  +02 19 19  +000844.0 -000216.3  00 28 35.7  190.216 45.485  57.94  38466 15.5
2010-04-16  18:50:00  10 01 03.0  +01 42 48  +000842.6 -000221.7  00 29 15.1  190.341 44.861  55.53  38486 15.4
2010-04-16  19:00:00  10 10 24.3  +01 05 26  +000841.2 -000226.7  00 29 55.5  190.466 44.222  53.12  38507 15.4
2010-04-16  19:10:00  10 19 44.7  +00 27 15  +000840.1 -000231.3  00 30 36.7  190.591 43.569  50.70  38528 15.4
2010-04-16  19:20:00  10 29 04.5  -00 11 39  +000839.2 -000235.5  00 31 18.6  190.715 42.904  48.29  38549 15.3
2010-04-16  19:30:00  10 38 23.6  -00 51 14  +000838.4 -000239.3  00 32 01.1  190.838 42.227  45.87  38572 15.3
2010-04-16  19:40:00  10 47 42.4  -01 31 24  +000837.9 -000242.7  00 32 44.0  190.959 41.540  43.47  38595 15.3
2010-04-16  19:50:00  10 57 00.9  -02 12 07  +000837.5 -000245.7  00 33 27.2  191.077 40.843  41.05  38618 15.2
2010-04-16  20:00:00  11 06 19.2  -02 53 17  +000837.4 -000248.3  00 34 10.5  191.191 40.139  38.64  38642 15.2
2010-04-16  20:10:00  11 15 37.5  -03 34 51  +000837.6 -000250.5  00 34 53.8  191.302 39.428  36.23  38666 15.2
2010-04-16  20:20:00  11 24 56.0  -04 16 45  +000837.9 -000252.2  00 35 37.0  191.409 38.712  33.82  38691 15.2
2010-04-16  20:30:00  11 34 14.8  -04 58 54  +000838.5 -000253.5  00 36 19.8  191.510 37.992  31.41  38716 15.1
2010-04-16  20:40:00  11 43 34.1  -05 41 15  +000839.4 -000254.4  00 37 02.1  191.606 37.269  29.00  38742 15.1
2010-04-16  20:50:00  11 52 54.1  -06 23 42  +000840.5 -000254.9  00 37 43.8  191.696 36.544  26.59  38768 15.1
2010-04-16  21:00:00  12 02 14.9  -07 06 12  +000841.9 -000255.0  00 38 24.6  191.779 35.819  24.20  38794 15.1
2010-04-16  21:10:00  12 11 36.6  -07 48 40  +000843.5 -000254.6  00 39 04.5  191.856 35.095  21.80  38820 15.1
2010-04-16  21:20:00  12 20 59.6  -08 31 02  +000845.4 -000253.8  00 39 43.2  191.925 34.373  19.42  38847 15.1
2010-04-16  21:30:00  12 30 23.8  -09 13 14  +000847.5 -000252.5  00 40 20.6  191.986 33.655  17.03  38874 15.1
2010-04-16  21:40:00  12 39 49.6  -09 55 12  +000849.8 -000250.9  00 40 56.5  192.038 32.941  14.68  38900 15.0
2010-04-16  21:50:00  12 49 17.0  -10 36 50  +000852.4 -000248.7  00 41 30.7  192.083 32.234  12.33  38927 15.0
2010-04-16  22:00:00  12 58 46.2  -11 18 06  +000855.3 -000246.2  00 42 03.1  192.118 31.535  10.05  38954 15.0
2010-04-16  22:10:00  13 08 17.4  -11 58 53  +000858.3 -000243.2  00 42 33.6  192.144 30.844   7.83  38980 15.0
2010-04-16  22:20:00  13 17 50.7  -12 39 09     <<SHADOW>>        00 43 02.0  192.161 30.163   5.80  39006 ----
2010-04-16  22:30:00  13 27 26.2  -13 18 48     <<SHADOW>>        00 43 28.1  192.168 29.494   4.20  39032 ----
2010-04-16  22:40:00  13 37 04.1  -13 57 46     <<SHADOW>>        00 43 51.8  192.166 28.837   3.67  39058 ----
2010-04-16  22:50:00  13 46 44.5  -14 36 00     <<SHADOW>>        00 44 13.0  192.153 28.194   4.60  39083 ----
2010-04-16  23:00:00  13 56 27.6  -15 13 25     <<SHADOW>>        00 44 31.6  192.131 27.567   6.37  39107 ----
2010-04-16  23:10:00  14 06 13.3  -15 49 56     <<SHADOW>>        00 44 47.6  192.099 26.956   8.48  39131 ----
2010-04-16  23:20:00  14 16 01.9  -16 25 29  +000885.0 -000210.3  00 45 00.7  192.058 26.362  10.72  39154 15.0
2010-04-16  23:30:00  14 25 53.3  -17 00 01  +000889.3 -000203.9  00 45 10.9  192.006 25.787  13.03  39176 15.0
2010-04-16  23:40:00  14 35 47.6  -17 33 26  +000893.8 -000197.1  00 45 18.2  191.946 25.232  15.37  39197 15.1
2010-04-16  23:50:00  14 45 45.0  -18 05 42  +000898.3 -000189.9  00 45 22.5  191.876 24.697  17.75  39217 15.1
2010-04-17  00:00:00  14 55 45.3  -18 36 44  +000902.8 -000182.3  00 45 23.8  191.797 24.185  20.13  39236 15.1
2010-04-17  00:10:00  15 05 48.7  -19 06 28  +000907.3 -000174.4  00 45 22.0  191.709 23.696  22.53  39254 15.1
2010-04-17  00:20:00  15 15 55.1  -19 34 50  +000911.8 -000166.0  00 45 17.3  191.613 23.231  24.92  39271 15.1
2010-04-17  00:30:00  15 26 04.4  -20 01 47  +000916.3 -000157.3  00 45 09.6  191.508 22.791  27.34  39286 15.1
2010-04-17  00:40:00  15 36 16.7  -20 27 15  +000920.6 -000148.3  00 44 58.9  191.397 22.377  29.74  39300 15.2
2010-04-17  00:50:00  15 46 31.9  -20 51 11  +000924.9 -000138.9  00 44 45.4  191.278 21.990  32.16  39313 15.2
2010-04-17  01:00:00  15 56 49.9  -21 13 32  +000929.0 -000129.2  00 44 29.1  191.153 21.631  34.57  39324 15.2
2010-04-17  01:10:00  16 07 10.5  -21 34 14  +000932.9 -000119.2  00 44 10.1  191.021 21.300  37.00  39333 15.2
2010-04-17  01:20:00  16 17 33.7  -21 53 14  +000936.7 -000108.9  00 43 48.5  190.885 20.998  39.41  39341 15.3
2010-04-17  01:30:00  16 27 59.3  -22 10 30  +000940.2 -000098.3  00 43 24.5  190.744 20.726  41.84  39347 15.3
2010-04-17  01:40:00  16 38 27.2  -22 25 60  +000943.4 -000087.5  00 42 58.3  190.598 20.484  44.26  39351 15.3
2010-04-17  01:50:00  16 48 57.2  -22 39 40  +000946.4 -000076.5  00 42 30.0  190.450 20.274  46.69  39354 15.4
2010-04-17  02:00:00  16 59 29.1  -22 51 29  +000949.1 -000065.3  00 41 59.7  190.299 20.094  49.11  39355 15.4
2010-04-17  02:10:00  17 10 02.6  -23 01 25  +000951.4 -000053.9  00 41 27.9  190.147 19.946  51.55  39354 15.4

   Date        UTC        RA         DECL      RARate   DeclRate    HourAng      Az     Um    Phase  Range  Mag
2010-04-17  17:50:00  08 39 59.7  +06 12 05  +000858.5 -000166.3  00 54 05.2  200.387 48.145  77.14  38425 15.9
2010-04-17  18:00:00  08 49 31.3  +05 43 43  +000856.3 -000174.2  00 54 35.2  200.397 47.656  74.74  38442 15.8
2010-04-17  18:10:00  08 59 01.4  +05 14 03  +000854.2 -000181.7  00 55 06.7  200.408 47.145  72.33  38460 15.8
2010-04-17  18:20:00  09 08 30.2  +04 43 09  +000852.1 -000189.0  00 55 39.6  200.420 46.612  69.92  38478 15.7
2010-04-17  18:30:00  09 17 57.6  +04 11 05  +000850.1 -000195.9  00 56 13.8  200.433 46.059  67.51  38497 15.7
2010-04-17  18:40:00  09 27 23.7  +03 37 53  +000848.3 -000202.4  00 56 49.3  200.446 45.487  65.10  38517 15.6
2010-04-17  18:50:00  09 36 48.6  +03 03 38  +000846.5 -000208.6  00 57 26.1  200.461 44.896  62.68  38537 15.6
2010-04-17  19:00:00  09 46 12.4  +02 28 23  +000844.8 -000214.4  00 58 04.0  200.477 44.288  60.28  38557 15.5
2010-04-17  19:10:00  09 55 35.1  +01 52 12  +000843.3 -000219.8  00 58 42.9  200.493 43.663  57.86  38579 15.5
2010-04-17  19:20:00  10 04 56.8  +01 15 08  +000841.9 -000224.9  00 59 22.8  200.510 43.023  55.45  38601 15.5
2010-04-17  19:30:00  10 14 17.7  +00 37 15  +000840.7 -000229.6  01 00 03.6  200.527 42.370  53.03  38623 15.4
2010-04-17  19:40:00  10 23 37.8  -00 01 22  +000839.7 -000233.8  01 00 45.2  200.543 41.703  50.63  38646 15.4
2010-04-17  19:50:00  10 32 57.3  -00 40 40  +000838.8 -000237.7  01 01 27.3  200.559 41.025  48.21  38670 15.3
2010-04-17  20:00:00  10 42 16.3  -01 20 35  +000838.2 -000241.2  01 02 09.9  200.573 40.337  45.80  38694 15.3
2010-04-17  20:10:00  10 51 35.0  -02 01 03  +000837.8 -000244.3  01 02 52.9  200.587 39.639  43.38  38719 15.3
2010-04-17  20:20:00  11 00 53.4  -02 41 59  +000837.6 -000246.9  01 03 36.1  200.598 38.934  40.97  38744 15.3
2010-04-17  20:30:00  11 10 11.8  -03 23 20  +000837.6 -000249.2  01 04 19.3  200.607 38.222  38.55  38770 15.2
2010-04-17  20:40:00  11 19 30.3  -04 05 01  +000837.9 -000251.0  01 05 02.5  200.613 37.504  36.15  38796 15.2
2010-04-17  20:50:00  11 28 49.1  -04 46 59  +000838.4 -000252.4  01 05 45.4  200.616 36.782  33.73  38823 15.2
2010-04-17  21:00:00  11 38 08.2  -05 29 09  +000839.2 -000253.4  01 06 27.8  200.616 36.058  31.33  38850 15.2
2010-04-17  21:10:00  11 47 28.0  -06 11 27  +000840.2 -000254.0  01 07 09.7  200.611 35.332  28.92  38877 15.1
2010-04-17  21:20:00  11 56 48.5  -06 53 48  +000841.4 -000254.2  01 07 50.8  200.602 34.606  26.52  38904 15.1
2010-04-17  21:30:00  12 06 10.0  -07 36 08  +000842.9 -000253.9  01 08 31.0  200.588 33.881  24.12  38932 15.1
2010-04-17  21:40:00  12 15 32.5  -08 18 24  +000844.7 -000253.2  01 09 10.1  200.569 33.158  21.73  38960 15.1
2010-04-17  21:50:00  12 24 56.3  -09 00 30  +000846.7 -000252.0  01 09 48.0  200.545 32.440  19.33  38988 15.1
2010-04-17  22:00:00  12 34 21.5  -09 42 23  +000848.9 -000250.5  01 10 24.5  200.514 31.726  16.97  39016 15.1
2010-04-17  22:10:00  12 43 48.2  -10 23 58  +000851.4 -000248.5  01 10 59.3  200.478 31.019  14.60  39043 15.0
2010-04-17  22:20:00  12 53 16.8  -11 05 11  +000854.2 -000246.0  01 11 32.4  200.434 30.320  12.27  39071 15.0
2010-04-17  22:30:00  13 02 47.2  -11 45 58  +000857.1 -000243.2  01 12 03.7  200.385 29.630   9.98  39098 15.0
2010-04-17  22:40:00  13 12 19.6  -12 26 13     <<SHADOW>>        01 12 32.8  200.328 28.950   7.78  39125 ----
2010-04-17  22:50:00  13 21 54.3  -13 05 54     <<SHADOW>>        01 12 59.8  200.264 28.282   5.76  39151 ----
2010-04-17  23:00:00  13 31 31.3  -13 44 55     <<SHADOW>>        01 13 24.5  200.194 27.627   4.20  39178 ----
2010-04-17  23:10:00  13 41 10.7  -14 23 13     <<SHADOW>>        01 13 46.8  200.116 26.987   3.72  39203 ----
2010-04-17  23:20:00  13 50 52.6  -15 00 43     <<SHADOW>>        01 14 06.4  200.031 26.361   4.68  39228 ----
2010-04-17  23:30:00  14 00 37.3  -15 37 20     <<SHADOW>>        01 14 23.4  199.938 25.753   6.46  39252 ----
2010-04-17  23:40:00  14 10 24.7  -16 13 02  +000883.2 -000211.2  01 14 37.7  199.839 25.162   8.56  39275 15.0
2010-04-17  23:50:00  14 20 14.9  -16 47 43  +000887.5 -000204.9  01 14 49.1  199.732 24.590  10.80  39297 15.0
2010-04-18  00:00:00  14 30 08.1  -17 21 20  +000891.9 -000198.3  01 14 57.6  199.619 24.038  13.11  39319 15.1
2010-04-18  00:10:00  14 40 04.2  -17 53 48  +000896.4 -000191.2  01 15 03.1  199.499 23.508  15.46  39339 15.1
2010-04-18  00:20:00  14 50 03.3  -18 25 03  +000900.9 -000183.8  01 15 05.7  199.373 23.000  17.82  39358 15.1
2010-04-18  00:30:00  15 00 05.4  -18 55 03  +000905.4 -000176.0  01 15 05.2  199.241 22.515  20.21  39375 15.1
2010-04-18  00:40:00  15 10 10.5  -19 23 42  +000909.9 -000167.8  01 15 01.7  199.102 22.055  22.59  39392 15.1
2010-04-18  00:50:00  15 20 18.6  -19 50 57  +000914.4 -000159.2  01 14 55.3  198.959 21.620  25.00  39407 15.1
2010-04-18  01:00:00  15 30 29.6  -20 16 45  +000918.8 -000150.3  01 14 45.9  198.811 21.211  27.40  39421 15.2
2010-04-18  01:10:00  15 40 43.6  -20 41 02  +000923.1 -000141.0  01 14 33.5  198.658 20.829  29.82  39433 15.2
2010-04-18  01:20:00  15 51 00.4  -21 03 45  +000927.2 -000131.5  01 14 18.4  198.502 20.475  32.22  39443 15.2
2010-04-18  01:30:00  16 01 19.9  -21 24 51  +000931.2 -000121.6  01 14 00.6  198.342 20.149  34.65  39452 15.2
2010-04-18  01:40:00  16 11 42.0  -21 44 16  +000935.1 -000111.4  01 13 40.1  198.180 19.853  37.06  39459 15.2
2010-04-18  01:50:00  16 22 06.5  -22 01 58  +000938.7 -000101.0  01 13 17.2  198.016 19.586  39.48  39465 15.3
2010-04-18  02:00:00  16 32 33.5  -22 17 55  +000942.0 -000090.3  01 12 51.9  197.851 19.350  41.90  39469 15.3

   Date        UTC        RA         DECL      RARate   DeclRate    HourAng      Az     Um    Phase  Range  Mag
2010-04-18  17:50:00  08 15 24.3  +07 09 36  +000863.9 -000146.8  01 22 37.1  210.832 46.932  84.27  38537 16.1
2010-04-18  18:00:00  08 24 59.5  +06 44 25  +000861.7 -000155.4  01 23 03.6  210.764 46.501  81.87  38554 16.0
2010-04-18  18:10:00  08 34 33.2  +06 17 50  +000859.5 -000163.6  01 23 31.5  210.692 46.046  79.45  38571 15.9
2010-04-18  18:20:00  08 44 05.5  +05 49 54  +000857.4 -000171.5  01 24 00.8  210.619 45.568  77.05  38589 15.9
2010-04-18  18:30:00  08 53 36.4  +05 20 40  +000855.3 -000179.1  01 24 31.6  210.545 45.067  74.63  38608 15.8
2010-04-18  18:40:00  09 03 05.9  +04 50 12  +000853.2 -000186.4  01 25 03.7  210.470 44.544  72.23  38628 15.8
2010-04-18  18:50:00  09 12 34.0  +04 18 33  +000851.2 -000193.4  01 25 37.3  210.394 44.002  69.81  38648 15.7
2010-04-18  19:00:00  09 22 00.8  +03 45 46  +000849.2 -000200.0  01 26 12.1  210.317 43.439  67.41  38669 15.7
2010-04-18  19:10:00  09 31 26.4  +03 11 55  +000847.4 -000206.2  01 26 48.2  210.241 42.858  64.99  38690 15.6
2010-04-18  19:20:00  09 40 50.7  +02 37 04  +000845.7 -000212.1  01 27 25.5  210.164 42.259  62.58  38712 15.6
2010-04-18  19:30:00  09 50 14.0  +02 01 15  +000844.1 -000217.6  01 28 03.9  210.088 41.644  60.16  38734 15.5
2010-04-18  19:40:00  09 59 36.2  +01 24 34  +000842.7 -000222.7  01 28 43.2  210.011 41.013  57.76  38758 15.5
2010-04-18  19:50:00  10 08 57.6  +00 47 03  +000841.4 -000227.4  01 29 23.5  209.935 40.369  55.34  38782 15.5
2010-04-18  20:00:00  10 18 18.2  +00 08 47  +000840.3 -000231.8  01 30 04.6  209.858 39.711  52.93  38806 15.4
2010-04-18  20:10:00  10 27 38.1  -00 30 11  +000839.4 -000235.7  01 30 46.3  209.782 39.041  50.51  38831 15.4
2010-04-18  20:20:00  10 36 57.5  -01 09 46  +000838.7 -000239.3  01 31 28.6  209.704 38.361  48.10  38857 15.4
2010-04-18  20:30:00  10 46 16.4  -01 49 55  +000838.2 -000242.4  01 32 11.3  209.626 37.671  45.68  38883 15.3
2010-04-18  20:40:00  10 55 35.1  -02 30 33  +000837.9 -000245.2  01 32 54.2  209.548 36.974  43.27  38910 15.3
2010-04-18  20:50:00  11 04 53.7  -03 11 37  +000837.9 -000247.5  01 33 37.3  209.468 36.269  40.85  38937 15.3
2010-04-18  21:00:00  11 14 12.3  -03 53 02  +000838.0 -000249.4  01 34 20.3  209.386 35.559  38.45  38964 15.2
2010-04-18  21:10:00  11 23 31.1  -04 34 44  +000838.4 -000250.9  01 35 03.2  209.303 34.845  36.03  38992 15.2
2010-04-18  21:20:00  11 32 50.3  -05 16 39  +000839.1 -000252.0  01 35 45.6  209.217 34.128  33.63  39020 15.2
2010-04-18  21:30:00  11 42 09.9  -05 58 43  +000840.0 -000252.7  01 36 27.6  209.130 33.409  31.21  39049 15.2
2010-04-18  21:40:00  11 51 30.3  -06 40 51  +000841.1 -000252.9  01 37 08.9  209.039 32.690  28.81  39077 15.1
2010-04-18  21:50:00  12 00 51.5  -07 22 60  +000842.5 -000252.7  01 37 49.3  208.945 31.973  26.40  39106 15.1
2010-04-18  22:00:00  12 10 13.7  -08 05 05  +000844.2 -000252.1  01 38 28.8  208.848 31.258  24.01  39135 15.1
2010-04-18  22:10:00  12 19 37.1  -08 47 01  +000846.1 -000251.1  01 39 07.0  208.748 30.546  21.61  39164 15.1
2010-04-18  22:20:00  12 29 01.8  -09 28 45  +000848.2 -000249.6  01 39 43.9  208.643 29.840  19.23  39192 15.1
2010-04-18  22:30:00  12 38 28.1  -10 10 13  +000850.6 -000247.8  01 40 19.3  208.535 29.140  16.85  39221 15.1
2010-04-18  22:40:00  12 47 56.0  -10 51 19  +000853.2 -000245.4  01 40 53.0  208.422 28.448  14.50  39249 15.1
2010-04-18  22:50:00  12 57 25.8  -11 32 00  +000856.1 -000242.7  01 41 24.9  208.304 27.766  12.17  39277 15.1
2010-04-18  23:00:00  13 06 57.5  -12 12 12  +000859.1 -000239.5  01 41 54.8  208.182 27.093   9.89  39305 15.0
2010-04-18  23:10:00  13 16 31.3  -12 51 50     <<SHADOW>>        01 42 22.6  208.055 26.433   7.69  39332 ----
2010-04-18  23:20:00  13 26 07.4  -13 30 50     <<SHADOW>>        01 42 48.2  207.924 25.785   5.69  39358 ----
2010-04-18  23:30:00  13 35 45.9  -14 09 08     <<SHADOW>>        01 43 11.4  207.787 25.152   4.16  39384 ----
2010-04-18  23:40:00  13 45 26.9  -14 46 39     <<SHADOW>>        01 43 32.0  207.645 24.535   3.74  39409 ----
2010-04-18  23:50:00  13 55 10.5  -15 23 19     <<SHADOW>>        01 43 50.1  207.499 23.934   4.75  39434 ----
2010-04-19  00:00:00  14 04 56.8  -15 59 05     <<SHADOW>>        01 44 05.4  207.347 23.351   6.54  39457 ----
2010-04-19  00:10:00  14 14 45.9  -16 33 52  +000885.8 -000205.6  01 44 17.9  207.192 22.787   8.65  39479 15.1
2010-04-19  00:20:00  14 24 37.9  -17 07 36  +000890.1 -000199.1  01 44 27.6  207.031 22.243  10.89  39500 15.1
2010-04-19  00:30:00  14 34 32.8  -17 40 13  +000894.6 -000192.2  01 44 34.3  206.866 21.721  13.21  39521 15.1
2010-04-19  00:40:00  14 44 30.7  -18 11 39  +000899.0 -000184.9  01 44 38.1  206.698 21.221  15.54  39539 15.1
2010-04-19  00:50:00  14 54 31.5  -18 41 51  +000903.5 -000177.3  01 44 38.9  206.525 20.744  17.92  39557 15.1
2010-04-19  01:00:00  15 04 35.4  -19 10 43  +000908.0 -000169.2  01 44 36.7  206.350 20.292  20.29  39573 15.1
2010-04-19  01:10:00  15 14 42.2  -19 38 14  +000912.5 -000160.8  01 44 31.5  206.171 19.864  22.69  39588 15.1
2010-04-19  01:20:00  15 24 52.0  -20 04 18  +000916.9 -000152.0  01 44 23.3  205.990 19.463  25.09  39601 15.1
2010-04-19  01:30:00  15 35 04.7  -20 28 54  +000921.2 -000142.9  01 44 12.2  205.807 19.089  27.50  39613 15.2
2010-04-19  01:40:00  15 45 20.3  -20 51 56  +000925.4 -000133.5  01 43 58.3  205.623 18.742  29.90  39622 15.2
2010-04-19  01:50:00  15 55 38.6  -21 13 23  +000929.5 -000123.8  01 43 41.7  205.438 18.424  32.32  39631 15.2
2010-04-19  02:00:00  16 05 59.5  -21 33 11  +000933.4 -000113.8  01 43 22.4  205.253 18.135  34.73  39637 15.2

   Date        UTC        RA         DECL      RARate   DeclRate    HourAng      Az     Um    Phase  Range  Mag
2010-04-19  17:50:00  07 50 49.5  +07 58 34  +000869.2 -000125.9  01 51 08.5  220.593 44.807  91.35  38708 16.3
2010-04-19  18:00:00  08 00 28.2  +07 36 49  +000867.1 -000135.0  01 51 31.4  220.481 44.441  88.95  38724 16.2
2010-04-19  18:10:00  08 10 05.6  +07 13 35  +000865.0 -000143.9  01 51 55.7  220.362 44.050  86.54  38742 16.1
2010-04-19  18:20:00  08 19 41.5  +06 48 53  +000862.8 -000152.4  01 52 21.4  220.237 43.634  84.14  38759 16.1
2010-04-19  18:30:00  08 29 16.1  +06 22 48  +000860.7 -000160.7  01 52 48.5  220.107 43.195  81.72  38778 16.0
2010-04-19  18:40:00  08 38 49.1  +05 55 21  +000858.5 -000168.6  01 53 17.1  219.973 42.733  79.32  38797 16.0
2010-04-19  18:50:00  08 48 20.7  +05 26 37  +000856.4 -000176.3  01 53 47.1  219.836 42.248  76.90  38817 15.9
2010-04-19  19:00:00  08 57 51.0  +04 56 37  +000854.3 -000183.6  01 54 18.5  219.695 41.743  74.50  38838 15.8
2010-04-19  19:10:00  09 07 19.8  +04 25 26  +000852.3 -000190.6  01 54 51.3  219.552 41.216  72.08  38859 15.8
2010-04-19  19:20:00  09 16 47.4  +03 53 07  +000850.3 -000197.2  01 55 25.4  219.407 40.670  69.67  38881 15.7
2010-04-19  19:30:00  09 26 13.6  +03 19 43  +000848.5 -000203.5  01 56 00.8  219.260 40.105  67.25  38903 15.7
2010-04-19  19:40:00  09 35 38.7  +02 45 18  +000846.7 -000209.4  01 56 37.4  219.113 39.523  64.85  38926 15.6
2010-04-19  19:50:00  09 45 02.6  +02 09 56  +000845.1 -000215.0  01 57 15.1  218.965 38.924  62.43  38950 15.6
2010-04-19  20:00:00  09 54 25.5  +01 33 41  +000843.6 -000220.1  01 57 53.8  218.816 38.309  60.02  38975 15.5
2010-04-19  20:10:00  10 03 47.4  +00 56 35  +000842.3 -000224.9  01 58 33.5  218.666 37.680  57.60  39000 15.5
2010-04-19  20:20:00  10 13 08.5  +00 18 43  +000841.1 -000229.3  01 59 14.1  218.517 37.038  55.19  39026 15.5
2010-04-19  20:30:00  10 22 28.9  -00 19 51  +000840.1 -000233.4  01 59 55.3  218.366 36.383  52.77  39052 15.4
2010-04-19  20:40:00  10 31 48.8  -00 59 03  +000839.3 -000237.0  02 00 37.1  218.216 35.718  50.36  39079 15.4
2010-04-19  20:50:00  10 41 08.1  -01 38 49  +000838.8 -000240.2  02 01 19.4  218.065 35.043  47.94  39106 15.4
2010-04-19  21:00:00  10 50 27.1  -02 19 05  +000838.4 -000243.0  02 02 02.0  217.914 34.360  45.53  39134 15.3
2010-04-19  21:10:00  10 59 46.0  -02 59 48  +000838.2 -000245.4  02 02 44.8  217.762 33.670  43.11  39163 15.3
2010-04-19  21:20:00  11 09 04.8  -03 40 52  +000838.3 -000247.4  02 03 27.7  217.609 32.975  40.70  39191 15.3
2010-04-19  21:30:00  11 18 23.8  -04 22 15  +000838.6 -000249.0  02 04 10.3  217.455 32.274  38.29  39220 15.2
2010-04-19  21:40:00  11 27 43.0  -05 03 51  +000839.2 -000250.2  02 04 52.8  217.300 31.571  35.88  39250 15.2
2010-04-19  21:50:00  11 37 02.7  -05 45 37  +000839.9 -000250.9  02 05 34.7  217.144 30.866  33.47  39279 15.2
2010-04-19  22:00:00  11 46 23.0  -06 27 29  +000841.0 -000251.3  02 06 16.1  216.986 30.161  31.06  39309 15.2
2010-04-19  22:10:00  11 55 44.0  -07 09 22  +000842.3 -000251.2  02 06 56.6  216.826 29.456  28.65  39338 15.2
2010-04-19  22:20:00  12 05 06.1  -07 51 11  +000843.8 -000250.7  02 07 36.3  216.665 28.754  26.26  39368 15.1
2010-04-19  22:30:00  12 14 29.2  -08 32 54  +000845.6 -000249.8  02 08 14.8  216.501 28.056  23.85  39398 15.1
2010-04-19  22:40:00  12 23 53.6  -09 14 26  +000847.6 -000248.4  02 08 52.0  216.334 27.362  21.47  39427 15.1
2010-04-19  22:50:00  12 33 19.4  -09 55 42  +000849.9 -000246.7  02 09 27.9  216.166 26.675  19.08  39457 15.1
2010-04-19  23:00:00  12 42 46.8  -10 36 38  +000852.4 -000244.5  02 10 02.1  215.994 25.996  16.71  39486 15.1
2010-04-19  23:10:00  12 52 16.0  -11 17 10  +000855.2 -000241.9  02 10 34.6  215.819 25.326  14.35  39514 15.1
2010-04-19  23:20:00  13 01 47.1  -11 57 14  +000858.1 -000238.8  02 11 05.1  215.642 24.666  12.03  39542 15.1
2010-04-19  23:30:00  13 11 20.2  -12 36 45  +000861.3 -000235.4  02 11 33.6  215.461 24.017   9.74  39570 15.1
2010-04-19  23:40:00  13 20 55.5  -13 15 40     <<SHADOW>>        02 11 60.0  215.278 23.382   7.55  39597 ----
2010-04-19  23:50:00  13 30 33.1  -13 53 54     <<SHADOW>>        02 12 24.0  215.091 22.761   5.56  39623 ----
2010-04-20  00:00:00  13 40 13.2  -14 31 23     <<SHADOW>>        02 12 45.5  214.901 22.155   4.07  39648 ----
2010-04-20  00:10:00  13 49 55.9  -15 08 03     <<SHADOW>>        02 13 04.5  214.709 21.565   3.73  39672 ----
2010-04-20  00:20:00  13 59 41.1  -15 43 50     <<SHADOW>>        02 13 20.9  214.513 20.994   4.80  39696 ----
2010-04-20  00:30:00  14 09 29.2  -16 18 39     <<SHADOW>>        02 13 34.5  214.314 20.441   6.64  39718 ----
2010-04-20  00:40:00  14 19 20.1  -16 52 27  +000888.5 -000199.6  02 13 45.3  214.114 19.909   8.76  39739 15.1
2010-04-20  00:50:00  14 29 13.8  -17 25 10  +000892.8 -000192.8  02 13 53.1  213.910 19.397  11.01  39759 15.1
2010-04-20  01:00:00  14 39 10.5  -17 56 43  +000897.2 -000185.7  02 13 58.1  213.705 18.908  13.32  39778 15.1
2010-04-20  01:10:00  14 49 10.1  -18 27 03  +000901.7 -000178.2  02 14 00.1  213.498 18.442  15.67  39795 15.1
2010-04-20  01:20:00  14 59 12.8  -18 56 06  +000906.2 -000170.3  02 13 59.1  213.290 18.000  18.04  39811 15.1
2010-04-20  01:30:00  15 09 18.4  -19 23 49  +000910.6 -000162.1  02 13 55.2  213.082 17.583  20.43  39825 15.1
2010-04-20  01:40:00  15 19 26.9  -19 50 07  +000915.0 -000153.5  02 13 48.2  212.872 17.191  22.81  39838 15.1
2010-04-20  01:50:00  15 29 38.4  -20 14 58  +000919.4 -000144.6  02 13 38.4  212.663 16.827  25.22  39849 15.2
2010-04-20  02:00:00  15 39 52.7  -20 38 18  +000923.6 -000135.3  02 13 25.7  212.455 16.489  27.62  39858 15.2

   Date        UTC        RA         DECL      RARate   DeclRate    HourAng      Az     Um    Phase  Range  Mag
2010-04-20  18:00:00  07 36 00.4  +08 20 21  +000872.2 -000113.4  02 19 55.8  229.353 41.613  95.99  38951 16.4
2010-04-20  18:10:00  07 45 41.2  +08 00 40  +000870.2 -000122.7  02 20 16.6  229.219 41.289  93.57  38967 16.4
2010-04-20  18:20:00  07 55 20.7  +07 39 27  +000868.2 -000131.8  02 20 38.8  229.075 40.941  91.17  38985 16.3
2010-04-20  18:30:00  08 04 58.8  +07 16 45  +000866.1 -000140.7  02 21 02.3  228.922 40.568  88.76  39003 16.2
2010-04-20  18:40:00  08 14 35.5  +06 52 35  +000864.0 -000149.2  02 21 27.2  228.761 40.170  86.35  39022 16.2
2010-04-20  18:50:00  08 24 10.8  +06 27 01  +000861.9 -000157.5  02 21 53.6  228.592 39.750  83.94  39041 16.1
2010-04-20  19:00:00  08 33 44.6  +06 00 06  +000859.7 -000165.5  02 22 21.4  228.418 39.307  81.53  39061 16.0
2010-04-20  19:10:00  08 43 17.0  +05 31 53  +000857.6 -000173.1  02 22 50.6  228.238 38.842  79.12  39082 16.0
2010-04-20  19:20:00  08 52 48.1  +05 02 24  +000855.5 -000180.5  02 23 21.2  228.053 38.355  76.71  39104 15.9
2010-04-20  19:30:00  09 02 17.7  +04 31 44  +000853.4 -000187.5  02 23 53.2  227.864 37.848  74.29  39126 15.8
2010-04-20  19:40:00  09 11 46.0  +03 59 55  +000851.5 -000194.2  02 24 26.6  227.671 37.322  71.88  39149 15.8
2010-04-20  19:50:00  09 21 13.0  +03 27 01  +000849.6 -000200.5  02 25 01.2  227.476 36.777  69.46  39173 15.7
2010-04-20  20:00:00  09 30 38.8  +02 53 06  +000847.8 -000206.5  02 25 37.1  227.278 36.214  67.06  39197 15.7
2010-04-20  20:10:00  09 40 03.4  +02 18 13  +000846.1 -000212.1  02 26 14.1  227.079 35.635  64.63  39222 15.7
2010-04-20  20:20:00  09 49 27.0  +01 42 26  +000844.6 -000217.3  02 26 52.2  226.878 35.040  62.23  39248 15.6
2010-04-20  20:30:00  09 58 49.6  +01 05 49  +000843.2 -000222.1  02 27 31.2  226.675 34.431  59.81  39274 15.6
2010-04-20  20:40:00  10 08 11.3  +00 28 25  +000842.0 -000226.6  02 28 11.1  226.472 33.808  57.40  39301 15.5
2010-04-20  20:50:00  10 17 32.3  -00 09 42  +000841.0 -000230.7  02 28 51.8  226.268 33.173  54.98  39329 15.5
2010-04-20  21:00:00  10 26 52.6  -00 48 27  +000840.1 -000234.4  02 29 33.1  226.063 32.527  52.57  39357 15.4
2010-04-20  21:10:00  10 36 12.5  -01 27 47  +000839.4 -000237.6  02 30 14.9  225.858 31.871  50.14  39385 15.4
2010-04-20  21:20:00  10 45 31.9  -02 07 39  +000839.0 -000240.5  02 30 57.1  225.652 31.207  47.74  39414 15.4
2010-04-20  21:30:00  10 54 51.1  -02 47 57  +000838.7 -000243.0  02 31 39.5  225.445 30.536  45.32  39444 15.3
2010-04-20  21:40:00  11 04 10.3  -03 28 37  +000838.7 -000245.1  02 32 22.1  225.238 29.858  42.91  39473 15.3
2010-04-20  21:50:00  11 13 29.4  -04 09 37  +000838.9 -000246.8  02 33 04.5  225.030 29.176  40.49  39503 15.3
2010-04-20  22:00:00  11 22 48.9  -04 50 51  +000839.4 -000248.0  02 33 46.7  224.822 28.491  38.08  39534 15.3
2010-04-20  22:10:00  11 32 08.7  -05 32 16  +000840.1 -000248.9  02 34 28.6  224.612 27.803  35.67  39564 15.2
2010-04-20  22:20:00  11 41 29.0  -06 13 47  +000841.0 -000249.3  02 35 09.9  224.402 27.115  33.26  39595 15.2
2010-04-20  22:30:00  11 50 50.0  -06 55 21  +000842.2 -000249.3  02 35 50.5  224.190 26.428  30.85  39625 15.2
2010-04-20  22:40:00  12 00 11.9  -07 36 53  +000843.6 -000248.9  02 36 30.2  223.978 25.743  28.45  39656 15.2
2010-04-20  22:50:00  12 09 34.9  -08 18 18  +000845.3 -000248.1  02 37 08.9  223.764 25.061  26.04  39686 15.2
2010-04-20  23:00:00  12 18 59.0  -08 59 34  +000847.2 -000246.9  02 37 46.4  223.548 24.384  23.65  39716 15.1
2010-04-20  23:10:00  12 28 24.5  -09 40 35  +000849.4 -000245.2  02 38 22.5  223.331 23.713  21.25  39746 15.1
2010-04-20  23:20:00  12 37 51.6  -10 21 17  +000851.8 -000243.2  02 38 57.2  223.112 23.050  18.87  39776 15.1
2010-04-20  23:30:00  12 47 20.3  -11 01 37  +000854.4 -000240.7  02 39 30.1  222.892 22.395  16.50  39805 15.1
2010-04-20  23:40:00  12 56 50.8  -11 41 29  +000857.3 -000237.8  02 40 01.2  222.670 21.750  14.15  39833 15.1
2010-04-20  23:50:00  13 06 23.3  -12 20 51  +000860.3 -000234.5  02 40 30.3  222.446 21.117  11.81  39861 15.1
2010-04-21  00:00:00  13 15 58.0  -12 59 38     <<SHADOW>>        02 40 57.3  222.220 20.497   9.54  39888 ----
2010-04-21  00:10:00  13 25 34.9  -13 37 45     <<SHADOW>>        02 41 22.1  221.992 19.890   7.34  39915 ----
2010-04-21  00:20:00  13 35 14.1  -14 15 08     <<SHADOW>>        02 41 44.5  221.763 19.298   5.37  39940 ----
2010-04-21  00:30:00  13 44 55.9  -14 51 44     <<SHADOW>>        02 42 04.4  221.532 18.723   3.92  39964 ----
2010-04-21  00:40:00  13 54 40.2  -15 27 29     <<SHADOW>>        02 42 21.6  221.300 18.165   3.70  39988 ----
2010-04-21  00:50:00  14 04 27.3  -16 02 17     <<SHADOW>>        02 42 36.2  221.067 17.626   4.88  40010 ----
2010-04-21  01:00:00  14 14 17.1  -16 36 06  +000886.9 -000199.7  02 42 48.0  220.832 17.107   6.75  40031 15.1
2010-04-21  01:10:00  14 24 09.8  -17 08 51  +000891.2 -000193.2  02 42 57.0  220.597 16.608   8.90  40050 15.1
2010-04-21  01:20:00  14 34 05.3  -17 40 29  +000895.5 -000186.2  02 43 03.1  220.361 16.131  11.16  40069 15.1
2010-04-21  01:30:00  14 44 03.8  -18 10 55  +000900.0 -000178.9  02 43 06.3  220.126 15.677  13.49  40085 15.1
2010-04-21  01:40:00  14 54 05.3  -18 40 05  +000904.4 -000171.2  02 43 06.5  219.891 15.247  15.83  40101 15.1
2010-04-21  01:50:00  15 04 09.7  -19 07 57  +000908.8 -000163.1  02 43 03.7  219.657 14.841  18.21  40114 15.1
2010-04-21  02:00:00  15 14 17.0  -19 34 27  +000913.2 -000154.7  02 42 58.0  219.424 14.461  20.59  40127 15.1

   Date        UTC        RA         DECL      RARate   DeclRate    HourAng      Az     Um    Phase  Range  Mag
2010-04-21  18:00:00  07 11 39.0  +08 54 35  +000876.7 -000090.8  02 48 13.7  237.331 38.172 102.96  39229 16.7
2010-04-21  18:10:00  07 21 22.9  +08 38 38  +000875.0 -000100.5  02 48 31.5  237.208 37.914 100.55  39245 16.6
2010-04-21  18:20:00  07 31 05.6  +08 21 05  +000873.2 -000110.1  02 48 50.4  237.071 37.631  98.15  39262 16.5
2010-04-21  18:30:00  07 40 47.1  +08 01 58  +000871.3 -000119.4  02 49 10.5  236.921 37.324  95.73  39280 16.4
2010-04-21  18:40:00  07 50 27.3  +07 41 18  +000869.3 -000128.5  02 49 32.0  236.760 36.993  93.33  39298 16.4
2010-04-21  18:50:00  08 00 06.2  +07 19 09  +000867.2 -000137.3  02 49 54.8  236.587 36.638  90.91  39316 16.3
2010-04-21  19:00:00  08 09 43.6  +06 55 33  +000865.2 -000145.9  02 50 18.9  236.405 36.259  88.51  39336 16.2
2010-04-21  19:10:00  08 19 19.7  +06 30 32  +000863.0 -000154.2  02 50 44.5  236.214 35.858  86.09  39356 16.2
2010-04-21  19:20:00  08 28 54.4  +06 04 11  +000860.9 -000162.1  02 51 11.5  236.015 35.434  83.69  39377 16.1
2010-04-21  19:30:00  08 38 27.6  +05 36 31  +000858.8 -000169.8  02 51 39.9  235.809 34.989  81.27  39399 16.0
2010-04-21  19:40:00  08 47 59.4  +05 07 35  +000856.7 -000177.2  02 52 09.7  235.597 34.523  78.86  39422 16.0
2010-04-21  19:50:00  08 57 29.8  +04 37 28  +000854.6 -000184.2  02 52 40.9  235.379 34.037  76.44  39445 15.9
2010-04-21  20:00:00  09 06 58.9  +04 06 12  +000852.7 -000190.9  02 53 13.5  235.157 33.531  74.03  39469 15.9
2010-04-21  20:10:00  09 16 26.7  +03 33 51  +000850.8 -000197.3  02 53 47.3  234.930 33.007  71.61  39494 15.8
2010-04-21  20:20:00  09 25 53.3  +03 00 28  +000848.9 -000203.3  02 54 22.4  234.700 32.465  69.21  39519 15.8
2010-04-21  20:30:00  09 35 18.7  +02 26 06  +000847.2 -000208.9  02 54 58.7  234.466 31.907  66.78  39545 15.7
2010-04-21  20:40:00  09 44 43.0  +01 50 51  +000845.7 -000214.2  02 55 36.0  234.231 31.333  64.37  39572 15.7
2010-04-21  20:50:00  09 54 06.3  +01 14 44  +000844.2 -000219.1  02 56 14.4  233.993 30.745  61.95  39599 15.6
2010-04-21  21:00:00  10 03 28.7  +00 37 51  +000843.0 -000223.6  02 56 53.6  233.753 30.143  59.54  39627 15.6
2010-04-21  21:10:00  10 12 50.3  +00 00 14  +000841.9 -000227.7  02 57 33.7  233.511 29.529  57.12  39656 15.5
2010-04-21  21:20:00  10 22 11.2  -00 38 02  +000840.9 -000231.5  02 58 14.4  233.269 28.904  54.71  39685 15.5
2010-04-21  21:30:00  10 31 31.6  -01 16 54  +000840.2 -000234.8  02 58 55.6  233.025 28.269  52.29  39714 15.5
2010-04-21  21:40:00  10 40 51.5  -01 56 17  +000839.7 -000237.8  02 59 37.3  232.780 27.626  49.88  39744 15.4
2010-04-21  21:50:00  10 50 11.2  -02 36 08  +000839.4 -000240.3  03 00 19.3  232.534 26.974  47.46  39775 15.4
2010-04-21  22:00:00  10 59 30.7  -03 16 22  +000839.2 -000242.5  03 01 01.5  232.288 26.317  45.05  39806 15.4
2010-04-21  22:10:00  11 08 50.2  -03 56 56  +000839.4 -000244.2  03 01 43.6  232.041 25.655  42.63  39836 15.3
2010-04-21  22:20:00  11 18 09.9  -04 37 45  +000839.7 -000245.6  03 02 25.5  231.793 24.989  40.22  39868 15.3
2010-04-21  22:30:00  11 27 29.9  -05 18 46  +000840.3 -000246.5  03 03 07.2  231.544 24.322  37.81  39899 15.3
2010-04-21  22:40:00  11 36 50.4  -05 59 54  +000841.2 -000247.0  03 03 48.4  231.295 23.653  35.40  39930 15.3
2010-04-21  22:50:00  11 46 11.5  -06 41 05  +000842.2 -000247.2  03 04 28.9  231.044 22.985  32.98  39961 15.2
2010-04-21  23:00:00  11 55 33.4  -07 22 16  +000843.6 -000246.9  03 05 08.6  230.793 22.318  30.58  39993 15.2
2010-04-21  23:10:00  12 04 56.3  -08 03 21  +000845.1 -000246.2  03 05 47.4  230.541 21.655  28.17  40024 15.2
2010-04-21  23:20:00  12 14 20.3  -08 44 18  +000846.9 -000245.0  03 06 25.0  230.288 20.996  25.78  40054 15.2
2010-04-21  23:30:00  12 23 45.6  -09 25 01  +000849.0 -000243.5  03 07 01.4  230.034 20.343  23.37  40085 15.2
2010-04-21  23:40:00  12 33 12.3  -10 05 27  +000851.3 -000241.6  03 07 36.3  229.779 19.697  20.99  40115 15.1
2010-04-21  23:50:00  12 42 40.6  -10 45 31  +000853.8 -000239.2  03 08 09.6  229.523 19.060  18.60  40144 15.1
2010-04-22  00:00:00  12 52 10.7  -11 25 10  +000856.6 -000236.5  03 08 41.1  229.266 18.432  16.23  40173 15.1
2010-04-22  00:10:00  13 01 42.8  -12 04 19  +000859.5 -000233.3  03 09 10.8  229.008 17.815  13.86  40201 15.1
2010-04-22  00:20:00  13 11 16.8  -12 42 54  +000862.7 -000229.7  03 09 38.3  228.749 17.211  11.54  40228 15.1
2010-04-22  00:30:00  13 20 53.0  -13 20 51     <<SHADOW>>        03 10 03.7  228.489 16.620   9.25  40254 ----
2010-04-22  00:40:00  13 30 31.6  -13 58 06     <<SHADOW>>        03 10 26.8  228.228 16.044   7.07  40280 ----
2010-04-22  00:50:00  13 40 12.6  -14 34 36     <<SHADOW>>        03 10 47.5  227.967 15.484   5.10  40304 ----
2010-04-22  01:00:00  13 49 56.1  -15 10 15     <<SHADOW>>        03 11 05.6  227.706 14.942   3.72  40327 ----
2010-04-22  01:10:00  13 59 42.3  -15 44 60     <<SHADOW>>        03 11 21.1  227.444 14.417   3.66  40349 ----
2010-04-22  01:20:00  14 09 31.1  -16 18 47     <<SHADOW>>        03 11 33.9  227.182 13.912   4.96  40370 ----
2010-04-22  01:30:00  14 19 22.8  -16 51 31  +000889.6 -000193.2  03 11 43.9  226.921 13.427   6.91  40389 15.1
2010-04-22  01:40:00  14 29 17.3  -17 23 10  +000893.9 -000186.5  03 11 51.0  226.661 12.963   9.08  40407 15.1
2010-04-22  01:50:00  14 39 14.7  -17 53 40  +000898.3 -000179.3  03 11 55.2  226.402 12.522  11.37  40423 15.1
2010-04-22  02:00:00  14 49 15.0  -18 22 56  +000902.7 -000171.8  03 11 56.5  226.145 12.104  13.69  40438 15.1

   Date        UTC        RA         DECL      RARate   DeclRate    HourAng      Az     Um    Phase  Range  Mag
2010-04-22  18:00:00  06 47 27.1  +09 19 19  +000880.5 -000067.5  03 16 22.2  244.469 34.260 109.86  39555 17.0
2010-04-22  18:10:00  06 57 13.6  +09 07 13  +000879.1 -000077.6  03 16 37.3  244.373 34.064 107.45  39571 16.9
2010-04-22  18:20:00  07 06 59.2  +08 53 28  +000877.6 -000087.4  03 16 53.4  244.262 33.844 105.05  39586 16.8
2010-04-22  18:30:00  07 16 43.7  +08 38 05  +000875.9 -000097.2  03 17 10.5  244.134 33.600 102.63  39603 16.7
2010-04-22  18:40:00  07 26 27.1  +08 21 06  +000874.2 -000106.7  03 17 28.8  243.991 33.333 100.23  39620 16.6
2010-04-22  18:50:00  07 36 09.2  +08 02 32  +000872.3 -000116.0  03 17 48.3  243.835 33.041  97.82  39638 16.5
2010-04-22  19:00:00  07 45 50.1  +07 42 27  +000870.4 -000125.0  03 18 09.0  243.666 32.726  95.42  39657 16.5
2010-04-22  19:10:00  07 55 29.7  +07 20 53  +000868.4 -000133.8  03 18 31.1  243.484 32.388  93.00  39677 16.4
2010-04-22  19:20:00  08 05 07.9  +06 57 51  +000866.3 -000142.4  03 18 54.5  243.292 32.027  90.60  39697 16.3
2010-04-22  19:30:00  08 14 44.8  +06 33 26  +000864.2 -000150.7  03 19 19.3  243.090 31.644  88.18  39718 16.2
2010-04-22  19:40:00  08 24 20.2  +06 07 39  +000862.1 -000158.7  03 19 45.5  242.879 31.239  85.77  39740 16.2
2010-04-22  19:50:00  08 33 54.2  +05 40 34  +000860.0 -000166.3  03 20 13.1  242.659 30.813  83.35  39762 16.1
2010-04-22  20:00:00  08 43 26.8  +05 12 13  +000857.9 -000173.7  03 20 42.1  242.432 30.367  80.95  39786 16.0
2010-04-22  20:10:00  08 52 58.1  +04 42 41  +000855.9 -000180.8  03 21 12.5  242.198 29.901  78.52  39810 16.0
2010-04-22  20:20:00  09 02 28.0  +04 11 59  +000853.9 -000187.5  03 21 44.3  241.959 29.415  76.12  39835 15.9
2010-04-22  20:30:00  09 11 56.6  +03 40 12  +000852.0 -000193.9  03 22 17.3  241.714 28.911  73.69  39860 15.9
2010-04-22  20:40:00  09 21 24.0  +03 07 23  +000850.1 -000199.9  03 22 51.6  241.464 28.390  71.29  39887 15.8
2010-04-22  20:50:00  09 30 50.1  +02 33 36  +000848.4 -000205.5  03 23 27.1  241.210 27.853  68.86  39914 15.8
2010-04-22  21:00:00  09 40 15.2  +01 58 54  +000846.8 -000210.9  03 24 03.7  240.953 27.300  66.45  39941 15.7
2010-04-22  21:10:00  09 49 39.2  +01 23 20  +000845.3 -000215.8  03 24 41.3  240.693 26.733  64.03  39970 15.7
2010-04-22  21:20:00  09 59 02.3  +00 46 59  +000844.0 -000220.4  03 25 19.8  240.430 26.152  61.62  39999 15.6
2010-04-22  21:30:00  10 08 24.6  +00 09 54  +000842.8 -000224.5  03 25 59.2  240.164 25.559  59.20  40028 15.6
2010-04-22  21:40:00  10 17 46.2  -00 27 50  +000841.9 -000228.3  03 26 39.3  239.897 24.954  56.79  40058 15.6
2010-04-22  21:50:00  10 27 07.1  -01 06 11  +000841.1 -000231.7  03 27 19.9  239.627 24.340  54.37  40089 15.5
2010-04-22  22:00:00  10 36 27.6  -01 45 04  +000840.5 -000234.8  03 28 01.1  239.357 23.717  51.96  40119 15.5
2010-04-22  22:10:00  10 45 47.8  -02 24 25  +000840.1 -000237.4  03 28 42.6  239.084 23.087  49.54  40151 15.4
2010-04-22  22:20:00  10 55 07.7  -03 04 10  +000839.9 -000239.6  03 29 24.2  238.811 22.450  47.13  40182 15.4
2010-04-22  22:30:00  11 04 27.7  -03 44 16  +000839.9 -000241.4  03 30 06.0  238.537 21.808  44.71  40214 15.4
2010-04-22  22:40:00  11 13 47.7  -04 24 38  +000840.2 -000242.9  03 30 47.6  238.261 21.162  42.30  40246 15.4
2010-04-22  22:50:00  11 23 08.0  -05 05 12  +000840.7 -000243.9  03 31 28.9  237.985 20.514  39.88  40277 15.3
2010-04-22  23:00:00  11 32 28.7  -05 45 54  +000841.4 -000244.5  03 32 09.9  237.707 19.865  37.47  40309 15.3
2010-04-22  23:10:00  11 41 49.9  -06 26 41  +000842.4 -000244.7  03 32 50.3  237.429 19.216  35.05  40341 15.3
2010-04-22  23:20:00  11 51 11.9  -07 07 28  +000843.6 -000244.6  03 33 29.9  237.150 18.569  32.65  40373 15.3
2010-04-22  23:30:00  12 00 34.8  -07 48 11  +000845.1 -000244.0  03 34 08.6  236.870 17.924  30.24  40404 15.2
2010-04-22  23:40:00  12 09 58.8  -08 28 46  +000846.8 -000243.0  03 34 46.3  236.589 17.284  27.84  40435 15.2
2010-04-22  23:50:00  12 19 24.0  -09 09 09  +000848.8 -000241.5  03 35 22.8  236.307 16.649  25.43  40466 15.2
2010-04-23  00:00:00  12 28 50.5  -09 49 16  +000850.9 -000239.7  03 35 57.9  236.025 16.021  23.04  40496 15.2
2010-04-23  00:10:00  12 38 18.6  -10 29 02  +000853.4 -000237.5  03 36 31.5  235.742 15.401  20.64  40526 15.2
2010-04-23  00:20:00  12 47 48.4  -11 08 25  +000856.0 -000234.9  03 37 03.3  235.459 14.791  18.26  40554 15.1
2010-04-23  00:30:00  12 57 20.0  -11 47 18  +000858.9 -000231.8  03 37 33.4  235.174 14.191  15.88  40582 15.1
2010-04-23  00:40:00  13 06 53.6  -12 25 40  +000861.9 -000228.4  03 38 01.4  234.890 13.603  13.52  40610 15.1
2010-04-23  00:50:00  13 16 29.2  -13 03 25  +000865.2 -000224.5  03 38 27.4  234.605 13.029  11.18  40636 15.1
2010-04-23  01:00:00  13 26 07.2  -13 40 30     <<SHADOW>>        03 38 51.1  234.320 12.469   8.91  40661 ----
2010-04-23  01:10:00  13 35 47.5  -14 16 50     <<SHADOW>>        03 39 12.4  234.035 11.924   6.71  40685 ----
2010-04-23  01:20:00  13 45 30.3  -14 52 21     <<SHADOW>>        03 39 31.3  233.750 11.396   4.77  40708 ----
2010-04-23  01:30:00  13 55 15.6  -15 27 01     <<SHADOW>>        03 39 47.6  233.467 10.886   3.47  40730 ----
2010-04-23  01:40:00  14 05 03.6  -16 00 43     <<SHADOW>>        03 40 01.2  233.184 10.395   3.62  40750 ----

   Date        UTC        RA         DECL      RARate   DeclRate    HourAng      Az     Um    Phase  Range  Mag
2010-04-23  18:00:00  06 23 27.5  +09 34 29  +000883.4 -000043.9  03 44 18.3  250.871 29.998 116.67  39924 17.3
2010-04-23  18:10:00  06 33 16.1  +09 26 19  +000882.4 -000054.1  03 44 31.3  250.814 29.861 114.27  39938 17.2
2010-04-23  18:20:00  06 43 04.0  +09 16 27  +000881.2 -000064.2  03 44 45.1  250.738 29.700 111.87  39953 17.1
2010-04-23  18:30:00  06 52 51.1  +09 04 55  +000879.9 -000074.2  03 44 59.7  250.644 29.516 109.46  39968 17.0
2010-04-23  18:40:00  07 02 37.2  +08 51 43  +000878.4 -000084.1  03 45 15.2  250.533 29.308 107.06  39985 16.9
2010-04-23  18:50:00  07 12 22.2  +08 36 54  +000876.8 -000093.7  03 45 31.8  250.406 29.077 104.65  40002 16.8
2010-04-23  19:00:00  07 22 06.2  +08 20 29  +000875.1 -000103.2  03 45 49.5  250.263 28.823 102.25  40019 16.7
2010-04-23  19:10:00  07 31 49.0  +08 02 31  +000873.3 -000112.5  03 46 08.3  250.106 28.546  99.83  40038 16.6
2010-04-23  19:20:00  07 41 30.6  +07 43 01  +000871.4 -000121.5  03 46 28.4  249.936 28.246  97.43  40057 16.5
2010-04-23  19:30:00  07 51 10.9  +07 22 02  +000869.4 -000130.3  03 46 49.7  249.753 27.924  95.01  40078 16.5
2010-04-23  19:40:00  08 00 49.9  +06 59 36  +000867.4 -000138.8  03 47 12.4  249.558 27.579  92.61  40099 16.4
2010-04-23  19:50:00  08 10 27.4  +06 35 47  +000865.3 -000147.1  03 47 36.5  249.352 27.213  90.19  40120 16.3
2010-04-23  20:00:00  08 20 03.7  +06 10 36  +000863.3 -000155.0  03 48 01.9  249.136 26.825  87.78  40143 16.3
2010-04-23  20:10:00  08 29 38.5  +05 44 07  +000861.2 -000162.7  03 48 28.7  248.911 26.417  85.36  40166 16.2
2010-04-23  20:20:00  08 39 11.9  +05 16 23  +000859.1 -000170.1  03 48 56.9  248.678 25.988  82.95  40190 16.1
2010-04-23  20:30:00  08 48 43.9  +04 47 26  +000857.1 -000177.2  03 49 26.5  248.437 25.540  80.53  40215 16.1
2010-04-23  20:40:00  08 58 14.7  +04 17 20  +000855.1 -000183.9  03 49 57.4  248.189 25.073  78.12  40241 16.0
2010-04-23  20:50:00  09 07 44.1  +03 46 09  +000853.2 -000190.3  03 50 29.7  247.935 24.589  75.70  40267 15.9
2010-04-23  21:00:00  09 17 12.2  +03 13 56  +000851.3 -000196.3  03 51 03.2  247.676 24.087  73.29  40294 15.9
2010-04-23  21:10:00  09 26 39.2  +02 40 44  +000849.6 -000202.0  03 51 37.9  247.411 23.569  70.87  40322 15.8
2010-04-23  21:20:00  09 36 05.0  +02 06 37  +000847.9 -000207.4  03 52 13.7  247.142 23.035  68.46  40351 15.8
2010-04-23  21:30:00  09 45 29.8  +01 31 38  +000846.4 -000212.3  03 52 50.5  246.869 22.487  66.04  40380 15.7
2010-04-23  21:40:00  09 54 53.6  +00 55 51  +000845.1 -000216.9  03 53 28.4  246.593 21.926  63.63  40409 15.7
2010-04-23  21:50:00  10 04 16.6  +00 19 20  +000843.9 -000221.2  03 54 07.0  246.313 21.353  61.20  40440 15.7
2010-04-23  22:00:00  10 13 38.8  -00 17 51  +000842.8 -000225.0  03 54 46.4  246.031 20.768  58.79  40470 15.6
2010-04-23  22:10:00  10 23 00.4  -00 55 39  +000842.0 -000228.5  03 55 26.5  245.746 20.174  56.37  40501 15.6
2010-04-23  22:20:00  10 32 21.5  -01 34 00  +000841.3 -000231.6  03 56 07.1  245.459 19.570  53.96  40533 15.5
2010-04-23  22:30:00  10 41 42.2  -02 12 50  +000840.9 -000234.3  03 56 48.0  245.169 18.959  51.54  40565 15.5
2010-04-23  22:40:00  10 51 02.7  -02 52 04  +000840.6 -000236.6  03 57 29.2  244.879 18.342  49.13  40597 15.5
2010-04-23  22:50:00  11 00 23.0  -03 31 40  +000840.6 -000238.5  03 58 10.4  244.586 17.719  46.71  40629 15.4
2010-04-23  23:00:00  11 09 43.5  -04 11 33  +000840.8 -000240.0  03 58 51.6  244.292 17.093  44.30  40661 15.4
2010-04-23  23:10:00  11 19 04.1  -04 51 39  +000841.2 -000241.1  03 59 32.7  243.997 16.464  41.88  40694 15.4
2010-04-23  23:20:00  11 28 25.1  -05 31 54  +000841.8 -000241.8  04 00 13.3  243.700 15.833  39.47  40726 15.3
2010-04-23  23:30:00  11 37 46.6  -06 12 14  +000842.7 -000242.1  04 00 53.5  243.403 15.203  37.05  40758 15.3
2010-04-23  23:40:00  11 47 08.7  -06 52 35  +000843.8 -000242.1  04 01 33.0  243.104 14.574  34.65  40790 15.3
2010-04-23  23:50:00  11 56 31.7  -07 32 54  +000845.2 -000241.6  04 02 11.6  242.804 13.947  32.23  40822 15.3
2010-04-24  00:00:00  12 05 55.7  -08 13 06  +000846.8 -000240.7  04 02 49.3  242.503 13.325  29.83  40853 15.2
2010-04-24  00:10:00  12 15 20.9  -08 53 06  +000848.7 -000239.4  04 03 25.8  242.202 12.708  27.42  40884 15.2
2010-04-24  00:20:00  12 24 47.3  -09 32 52  +000850.7 -000237.7  04 04 01.0  241.900 12.097  25.02  40914 15.2
2010-04-24  00:30:00  12 34 15.2  -10 12 19  +000853.1 -000235.6  04 04 34.7  241.597 11.494  22.61  40944 15.2
2010-04-24  00:40:00  12 43 44.7  -10 51 23  +000855.6 -000233.1  04 05 06.8  241.294 10.900  20.22  40972 15.2
2010-04-24  00:50:00  12 53 16.0  -11 30 01  +000858.4 -000230.2  04 05 37.1  240.990 10.316  17.83  41000 15.2

   Date        UTC        RA         DECL      RARate   DeclRate    HourAng      Az     Um    Phase  Range  Mag
2010-04-24  18:00:00  05 59 43.0  +09 40 14  +000885.3 -000020.2  04 11 59.4  256.661 25.488 123.40  40328 17.7
2010-04-24  18:10:00  06 09 33.1  +09 36 00  +000884.7 -000030.5  04 12 11.0  256.646 25.404 121.00  40341 17.5
2010-04-24  18:20:00  06 19 22.6  +09 30 04  +000883.9 -000040.8  04 12 23.1  256.612 25.297 118.61  40355 17.4
2010-04-24  18:30:00  06 29 11.6  +09 22 25  +000883.0 -000050.9  04 12 35.7  256.559 25.169 116.20  40369 17.3
2010-04-24  18:40:00  06 38 59.9  +09 13 06  +000881.9 -000061.0  04 12 49.1  256.486 25.017 113.80  40384 17.2
2010-04-24  18:50:00  06 48 47.4  +09 02 06  +000880.6 -000070.9  04 13 03.2  256.396 24.843 111.39  40400 17.1
2010-04-24  19:00:00  06 58 34.0  +08 49 28  +000879.2 -000080.7  04 13 18.2  256.289 24.647 108.99  40417 17.0
2010-04-24  19:10:00  07 08 19.7  +08 35 13  +000877.7 -000090.3  04 13 34.2  256.165 24.427 106.58  40434 16.9
2010-04-24  19:20:00  07 18 04.2  +08 19 23  +000876.0 -000099.7  04 13 51.3  256.026 24.185 104.18  40453 16.8
2010-04-24  19:30:00  07 27 47.7  +08 02 00  +000874.3 -000108.9  04 14 09.5  255.872 23.921 101.76  40472 16.7
2010-04-24  19:40:00  07 37 29.9  +07 43 06  +000872.4 -000117.9  04 14 28.9  255.705 23.635  99.36  40492 16.6
2010-04-24  19:50:00  07 47 10.9  +07 22 43  +000870.5 -000126.6  04 14 49.6  255.524 23.326  96.94  40513 16.6
2010-04-24  20:00:00  07 56 50.5  +07 00 54  +000868.5 -000135.2  04 15 11.6  255.331 22.996  94.54  40534 16.5
2010-04-24  20:10:00  08 06 28.9  +06 37 41  +000866.5 -000143.4  04 15 34.9  255.126 22.644  92.12  40556 16.4
2010-04-24  20:20:00  08 16 05.8  +06 13 07  +000864.4 -000151.4  04 15 59.6  254.911 22.272  89.71  40580 16.3
2010-04-24  20:30:00  08 25 41.4  +05 47 14  +000862.3 -000159.0  04 16 25.6  254.687 21.879  87.29  40603 16.3
2010-04-24  20:40:00  08 35 15.6  +05 20 07  +000860.3 -000166.4  04 16 53.1  254.453 21.467  84.88  40628 16.2
2010-04-24  20:50:00  08 44 48.5  +04 51 47  +000858.3 -000173.5  04 17 21.9  254.211 21.035  82.46  40654 16.1
2010-04-24  21:00:00  08 54 20.0  +04 22 19  +000856.3 -000180.2  04 17 52.0  253.961 20.585  80.05  40680 16.1
2010-04-24  21:10:00  09 03 50.2  +03 51 44  +000854.3 -000186.6  04 18 23.4  253.704 20.118  77.63  40707 16.0
2010-04-24  21:20:00  09 13 19.1  +03 20 08  +000852.5 -000192.7  04 18 56.1  253.441 19.633  75.22  40735 16.0
2010-04-24  21:30:00  09 22 46.8  +02 47 32  +000850.7 -000198.4  04 19 30.0  253.172 19.132  72.80  40764 15.9
2010-04-24  21:40:00  09 32 13.4  +02 14 01  +000849.1 -000203.8  04 20 05.1  252.898 18.616  70.39  40793 15.9
2010-04-24  21:50:00  09 41 39.0  +01 39 38  +000847.5 -000208.8  04 20 41.2  252.620 18.086  67.97  40822 15.8
2010-04-24  22:00:00  09 51 03.5  +01 04 27  +000846.1 -000213.4  04 21 18.3  252.337 17.543  65.56  40853 15.8
2010-04-24  22:10:00  10 00 27.2  +00 28 31  +000844.9 -000217.7  04 21 56.3  252.050 16.987  63.13  40883 15.7
2010-04-24  22:20:00  10 09 50.1  -00 08 06  +000843.8 -000221.6  04 22 35.0  251.759 16.421  60.72  40915 15.7
2010-04-24  22:30:00  10 19 12.3  -00 45 20  +000842.9 -000225.1  04 23 14.4  251.466 15.844  58.30  40946 15.6
2010-04-24  22:40:00  10 28 34.0  -01 23 07  +000842.2 -000228.3  04 23 54.3  251.169 15.259  55.89  40978 15.6
2010-04-24  22:50:00  10 37 55.3  -02 01 24  +000841.7 -000231.0  04 24 34.7  250.870 14.665  53.47  41011 15.5
2010-04-24  23:00:00  10 47 16.3  -02 40 07  +000841.4 -000233.4  04 25 15.3  250.569 14.066  51.06  41043 15.5
2010-04-24  23:10:00  10 56 37.2  -03 19 11  +000841.3 -000235.4  04 25 56.1  250.265 13.461  48.63  41076 15.5
2010-04-24  23:20:00  11 05 58.1  -03 58 33  +000841.4 -000237.0  04 26 36.9  249.960 12.852  46.22  41108 15.4
2010-04-24  23:30:00  11 15 19.1  -04 38 10  +000841.7 -000238.2  04 27 17.5  249.652 12.240  43.80  41141 15.4
2010-04-24  23:40:00  11 24 40.4  -05 17 56  +000842.3 -000239.0  04 27 57.9  249.343 11.627  41.40  41174 15.4
2010-04-24  23:50:00  11 34 02.2  -05 57 48  +000843.1 -000239.4  04 28 37.7  249.033 11.014  38.97  41206 15.4
2010-04-25  00:00:00  11 43 24.5  -06 37 43  +000844.1 -000239.4  04 29 17.0  248.721 10.401  36.57  41238 15.3

   Date        UTC        RA         DECL      RARate   DeclRate    HourAng      Az     Um    Phase  Range  Mag
2010-04-25  18:00:00  05 36 15.8  +09 36 46  +000886.3 +000003.3  04 39 23.2  261.955 20.806 130.03  40762 18.1
2010-04-25  18:10:00  05 46 06.5  +09 36 28  +000886.1 -000007.0  04 39 34.0  261.986 20.771 127.63  40774 17.9
2010-04-25  18:20:00  05 55 57.2  +09 34 26  +000885.7 -000017.3  04 39 45.1  261.996 20.715 125.25  40787 17.8
2010-04-25  18:30:00  06 05 47.5  +09 30 42  +000885.2 -000027.5  04 39 56.4  261.985 20.638 122.84  40800 17.7
2010-04-25  18:40:00  06 15 37.4  +09 25 16  +000884.5 -000037.7  04 40 08.1  261.956 20.539 120.45  40814 17.5
2010-04-25  18:50:00  06 25 26.7  +09 18 09  +000883.6 -000047.8  04 40 20.4  261.907 20.419 118.05  40828 17.4
2010-04-25  19:00:00  06 35 15.4  +09 09 21  +000882.5 -000057.7  04 40 33.4  261.840 20.276 115.65  40844 17.3
2010-04-25  19:10:00  06 45 03.4  +08 58 54  +000881.3 -000067.6  04 40 47.0  261.755 20.111 113.24  40860 17.2
2010-04-25  19:20:00  06 54 50.5  +08 46 50  +000880.0 -000077.3  04 41 01.6  261.653 19.924 110.84  40877 17.1
2010-04-25  19:30:00  07 04 36.7  +08 33 09  +000878.5 -000086.8  04 41 17.1  261.535 19.715 108.43  40895 17.0
2010-04-25  19:40:00  07 14 21.8  +08 17 54  +000876.9 -000096.2  04 41 33.6  261.401 19.484 106.03  40913 16.9
2010-04-25  19:50:00  07 24 05.8  +08 01 06  +000875.2 -000105.3  04 41 51.2  261.253 19.231 103.61  40933 16.8
2010-04-25  20:00:00  07 33 48.7  +07 42 48  +000873.4 -000114.3  04 42 10.0  261.090 18.957 101.21  40953 16.7
2010-04-25  20:10:00  07 43 30.3  +07 23 02  +000871.5 -000123.0  04 42 30.0  260.914 18.660  98.79  40975 16.6
2010-04-25  20:20:00  07 53 10.7  +07 01 49  +000869.5 -000131.5  04 42 51.3  260.726 18.343  96.39  40997 16.6
2010-04-25  20:30:00  08 02 49.7  +06 39 13  +000867.5 -000139.7  04 43 13.9  260.526 18.004  93.97  41019 16.5
2010-04-25  20:40:00  08 12 27.4  +06 15 16  +000865.5 -000147.6  04 43 37.8  260.315 17.646  91.56  41043 16.4
2010-04-25  20:50:00  08 22 03.7  +05 50 01  +000863.5 -000155.3  04 44 03.1  260.094 17.267  89.14  41068 16.3
2010-04-25  21:00:00  08 31 38.7  +05 23 31  +000861.4 -000162.7  04 44 29.8  259.863 16.868  86.73  41093 16.3
2010-04-25  21:10:00  08 41 12.3  +04 55 49  +000859.4 -000169.7  04 44 57.9  259.624 16.451  84.31  41119 16.2
2010-04-25  21:20:00  08 50 44.6  +04 26 58  +000857.4 -000176.4  04 45 27.2  259.376 16.016  81.90  41146 16.1
2010-04-25  21:30:00  09 00 15.5  +03 57 01  +000855.5 -000182.9  04 45 57.9  259.121 15.563  79.48  41174 16.1
2010-04-25  21:40:00  09 09 45.3  +03 26 02  +000853.6 -000189.0  04 46 29.8  258.858 15.093  77.07  41202 16.0
2010-04-25  21:50:00  09 19 13.8  +02 54 03  +000851.9 -000194.7  04 47 03.0  258.590 14.608  74.65  41231 16.0
2010-04-25  22:00:00  09 28 41.1  +02 21 09  +000850.2 -000200.1  04 47 37.3  258.316 14.107  72.24  41261 15.9
2010-04-25  22:10:00  09 38 07.4  +01 47 22  +000848.6 -000205.1  04 48 12.6  258.036 13.593  69.82  41291 15.9
2010-04-25  22:20:00  09 47 32.7  +01 12 47  +000847.2 -000209.8  04 48 49.0  257.751 13.065  67.40  41322 15.8
2010-04-25  22:30:00  09 56 57.0  +00 37 27  +000845.9 -000214.1  04 49 26.3  257.462 12.525  64.98  41353 15.8
2010-04-25  22:40:00  10 06 20.6  +00 01 26  +000844.8 -000218.1  04 50 04.3  257.169 11.975  62.57  41385 15.7
2010-04-25  22:50:00  10 15 43.5  -00 35 13  +000843.9 -000221.7  04 50 43.0  256.871 11.414  60.15  41417 15.7
2010-04-25  23:00:00  10 25 05.9  -01 12 27  +000843.1 -000224.9  04 51 22.4  256.571 10.844  57.74  41449 15.6
2010-04-25  23:10:00  10 34 27.7  -01 50 10  +000842.5 -000227.7  04 52 02.1  256.267 10.267  55.31  41482 15.6

   Date        UTC        RA         DECL      RARate   DeclRate    HourAng      Az     Um    Phase  Range  Mag
2010-04-26  18:10:00  05 22 58.5  +09 27 60  +000886.5 +000016.1  05 06 38.7  266.937 16.024 134.15  41231 18.4
2010-04-26  18:20:00  05 32 49.5  +09 29 50  +000886.6 +000005.9  05 06 49.3  266.991 16.016 131.78  41242 18.2
2010-04-26  18:30:00  05 42 40.5  +09 29 58  +000886.4 -000004.3  05 06 59.9  267.026 15.987 129.39  41254 18.1
2010-04-26  18:40:00  05 52 31.4  +09 28 24  +000886.1 -000014.5  05 07 10.7  267.040 15.937 127.00  41266 17.9
2010-04-26  18:50:00  06 02 21.9  +09 25 09  +000885.6 -000024.6  05 07 21.8  267.034 15.867 124.60  41279 17.8
2010-04-26  19:00:00  06 12 12.1  +09 20 13  +000885.0 -000034.6  05 07 33.2  267.009 15.775 122.22  41293 17.7
2010-04-26  19:10:00  06 22 01.9  +09 13 36  +000884.1 -000044.6  05 07 45.1  266.966 15.662 119.81  41308 17.5
2010-04-26  19:20:00  06 31 51.0  +09 05 20  +000883.1 -000054.5  05 07 57.7  266.905 15.527 117.42  41324 17.4
2010-04-26  19:30:00  06 41 39.3  +08 55 26  +000882.0 -000064.3  05 08 10.9  266.826 15.371 115.01  41340 17.3
2010-04-26  19:40:00  06 51 26.9  +08 43 55  +000880.7 -000073.9  05 08 25.0  266.730 15.193 112.61  41358 17.2
2010-04-26  19:50:00  07 01 13.6  +08 30 49  +000879.3 -000083.4  05 08 40.0  266.619 14.993 110.20  41376 17.1
2010-04-26  20:00:00  07 10 59.3  +08 16 08  +000877.7 -000092.7  05 08 55.9  266.491 14.771 107.80  41395 17.0
2010-04-26  20:10:00  07 20 43.9  +07 59 56  +000876.1 -000101.8  05 09 13.0  266.350 14.528 105.38  41414 16.9
2010-04-26  20:20:00  07 30 27.3  +07 42 14  +000874.3 -000110.7  05 09 31.2  266.194 14.264 102.98  41435 16.8
2010-04-26  20:30:00  07 40 09.6  +07 23 03  +000872.5 -000119.4  05 09 50.6  266.024 13.978 100.56  41457 16.7
2010-04-26  20:40:00  07 49 50.6  +07 02 27  +000870.5 -000127.8  05 10 11.2  265.843 13.672  98.16  41479 16.6
2010-04-26  20:50:00  07 59 30.3  +06 40 28  +000868.6 -000136.0  05 10 33.1  265.649 13.345  95.74  41502 16.6
2010-04-26  21:00:00  08 09 08.7  +06 17 09  +000866.6 -000143.9  05 10 56.4  265.444 12.998  93.33  41526 16.5
2010-04-26  21:10:00  08 18 45.7  +05 52 31  +000864.6 -000151.5  05 11 21.0  265.229 12.631  90.91  41551 16.4
2010-04-26  21:20:00  08 28 21.4  +05 26 39  +000862.5 -000158.9  05 11 46.9  265.003 12.244  88.50  41577 16.4
2010-04-26  21:30:00  08 37 55.8  +04 59 35  +000860.5 -000165.9  05 12 14.2  264.769 11.840  86.08  41604 16.3
2010-04-26  21:40:00  08 47 28.8  +04 31 21  +000858.6 -000172.7  05 12 42.8  264.526 11.417  83.67  41631 16.2
2010-04-26  21:50:00  08 57 00.5  +04 02 02  +000856.6 -000179.1  05 13 12.8  264.275 10.977  81.25  41659 16.2
2010-04-26  22:00:00  09 06 31.0  +03 31 40  +000854.8 -000185.2  05 13 43.9  264.017 10.520  78.84  41688 16.1
2010-04-26  22:10:00  09 16 00.2  +03 00 19  +000853.0 -000191.0  05 14 16.3  263.751 10.048  76.42  41718 16.0

   Date        UTC        RA         DECL      RARate   DeclRate    HourAng      Az     Um    Phase  Range  Mag
2010-04-27  18:10:00  05 00 10.3  +09 10 59  +000886.1 +000038.5  05 33 23.4  271.592 11.212 140.55  41706 18.9
2010-04-27  18:20:00  05 10 01.1  +09 16 35  +000886.5 +000028.6  05 33 34.2  271.691 11.247 138.19  41715 18.7
2010-04-27  18:30:00  05 19 52.2  +09 20 30  +000886.7 +000018.5  05 33 44.8  271.769 11.264 135.82  41725 18.5
2010-04-27  18:40:00  05 29 43.4  +09 22 45  +000886.8 +000008.5  05 33 55.2  271.827 11.261 133.44  41736 18.3
2010-04-27  18:50:00  05 39 34.6  +09 23 20  +000886.7 -000001.6  05 34 05.7  271.865 11.237 131.06  41748 18.2
2010-04-27  19:00:00  05 49 25.6  +09 22 13  +000886.5 -000011.7  05 34 16.3  271.884 11.194 128.68  41760 18.0
2010-04-27  19:10:00  05 59 16.5  +09 19 27  +000886.0 -000021.7  05 34 27.1  271.883 11.130 126.28  41773 17.9
2010-04-27  19:20:00  06 09 07.0  +09 14 60  +000885.4 -000031.6  05 34 38.2  271.864 11.045 123.89  41787 17.8
2010-04-27  19:30:00  06 18 57.0  +09 08 54  +000884.7 -000041.5  05 34 49.8  271.826 10.939 121.49  41802 17.6
2010-04-27  19:40:00  06 28 46.5  +09 01 10  +000883.7 -000051.3  05 35 02.0  271.771 10.811 119.10  41818 17.5
2010-04-27  19:50:00  06 38 35.3  +08 51 48  +000882.6 -000061.0  05 35 14.9  271.699 10.663 116.69  41834 17.4
2010-04-27  20:00:00  06 48 23.3  +08 40 50  +000881.4 -000070.6  05 35 28.5  271.610 10.493 114.29  41851 17.3
2010-04-27  20:10:00  06 58 10.4  +08 28 17  +000880.0 -000080.0  05 35 43.0  271.505 10.301 111.88  41870 17.2
2010-04-27  20:20:00  07 07 56.6  +08 14 11  +000878.5 -000089.2  05 35 58.5  271.386 10.088 109.48  41889 17.1
