ЭФЕМЕРИДЫ ПО ОБЪЕКТУ:  90101
Для пункта:  10016 Маяки   46 23'50.68"   30 16'17.74"    14m
C   2010-04-15 12:00
по  2010-05-01 12:00
Шаг  0:10:00
Мин.угол места:          10 град
Макс.угол места Солнца: -10 град
Стандартный блеск :      8.3 (зв.вел.)

ОБОЗНАЧЕНИЯ
RA        прямое восхождение, тек.эпоха
DECL      склонение, тек.эпоха
RARate    скорость по пр.восх., арксек/мин
DeclRate  скорость по склонению, арксек/мин
HourAng   часовой угол
Az        азимут
Um        угол места
Phase     фазовый угол
Range     дальность
Mag       зв.величина (оценка)

   Date        UTC        RA         DECL      RARate   DeclRate    HourAng      Az     Um    Phase  Range  Mag
2010-04-25  18:00:00  13 51 28.1  -14 29 18  +000903.4 -000147.3  20 24 10.9  126.774 12.224   5.24  40660 15.1
2010-04-25  18:10:00  14 01 31.0  -14 53 23  +000905.5 -000141.6  20 24 09.6  127.004 11.891   3.09  40687 15.1
2010-04-25  18:20:00  14 11 35.3  -15 16 29     <<SHADOW>>        20 24 06.9  127.219 11.569   1.95  40715 ----
2010-04-25  18:30:00  14 21 40.9  -15 38 35     <<SHADOW>>        20 24 03.0  127.419 11.257   3.19  40745 ----
2010-04-25  18:40:00  14 31 47.6  -15 59 36     <<SHADOW>>        20 23 57.9  127.605 10.957   5.34  40776 ----
2010-04-25  18:50:00  14 41 55.5  -16 19 30     <<SHADOW>>        20 23 51.7  127.776 10.670   7.68  40807 ----
2010-04-25  19:00:00  14 52 04.3  -16 38 16     <<SHADOW>>        20 23 44.5  127.933 10.396  10.06  40840 ----
2010-04-25  19:10:00  15 02 14.0  -16 55 50     <<SHADOW>>        20 23 36.4  128.075 10.137  12.48  40873 ----

   Date        UTC        RA         DECL      RARate   DeclRate    HourAng      Az     Um    Phase  Range  Mag
2010-04-25  23:30:00  19 23 59.6  -16 46 27  +000874.3 +000101.2  20 22 33.5  127.775 10.123  74.57  41691 16.0
2010-04-25  23:40:00  19 33 41.2  -16 29 04  +000870.6 +000107.4  20 22 53.5  127.674 10.407  76.90  41710 16.1
2010-04-25  23:50:00  19 43 20.4  -16 10 39  +000866.8 +000113.4  20 23 16.1  127.572 10.710  79.23  41728 16.1
2010-04-26  00:00:00  19 52 57.0  -15 51 16  +000863.1 +000119.2  20 23 41.1  127.468 11.033  81.54  41744 16.2
2010-04-26  00:10:00  20 02 31.2  -15 30 57  +000859.3 +000124.7  20 24 08.6  127.364 11.374  83.87  41758 16.2
2010-04-26  00:20:00  20 12 02.8  -15 09 44  +000855.6 +000129.9  20 24 38.6  127.260 11.734  86.17  41771 16.3
2010-04-26  00:30:00  20 21 31.9  -14 47 39  +000851.8 +000134.9  20 25 11.1  127.157 12.111  88.49  41783 16.4
2010-04-26  00:40:00  20 30 58.6  -14 24 46  +000848.1 +000139.7  20 25 46.1  127.054 12.505  90.78  41793 16.4
2010-04-26  00:50:00  20 40 22.8  -14 01 07  +000844.5 +000144.2  20 26 23.5  126.951 12.915  93.09  41801 16.5
2010-04-26  01:00:00  20 49 44.6  -13 36 44  +000840.9 +000148.4  20 27 03.3  126.851 13.341  95.38  41808 16.6
2010-04-26  01:10:00  20 59 04.1  -13 11 40  +000837.5 +000152.3  20 27 45.5  126.752 13.782  97.67  41813 16.6
2010-04-26  01:20:00  21 08 21.3  -12 45 59  +000834.1 +000156.0  20 28 30.0  126.654 14.237  99.95  41817 16.7
2010-04-26  01:30:00  21 17 36.2  -12 19 42  +000830.8 +000159.4  20 29 16.7  126.559 14.706 102.24  41819 16.8
2010-04-26  01:40:00  21 26 49.0  -11 52 52  +000827.6 +000162.5  20 30 05.5  126.467 15.187 104.51  41820 16.9
2010-04-26  01:50:00  21 35 59.7  -11 25 32  +000824.5 +000165.4  20 30 56.5  126.377 15.680 106.79  41819 17.0

   Date        UTC        RA         DECL      RARate   DeclRate    HourAng      Az     Um    Phase  Range  Mag
2010-04-26  18:10:00  12 40 44.9  -11 51 56  +000887.9 -000181.0  21 48 52.2  144.307 24.742  23.36  39505 15.1
2010-04-26  18:20:00  12 50 37.6  -12 21 48  +000890.3 -000177.3  21 49 01.1  144.568 24.303  20.92  39525 15.1
2010-04-26  18:30:00  13 00 32.0  -12 51 01  +000892.6 -000173.2  21 49 08.5  144.816 23.871  18.47  39546 15.1
2010-04-26  18:40:00  13 10 27.8  -13 19 31  +000895.0 -000168.8  21 49 14.2  145.050 23.446  16.03  39569 15.1
2010-04-26  18:50:00  13 20 25.3  -13 47 15  +000897.3 -000164.0  21 49 18.4  145.271 23.030  13.60  39594 15.1
2010-04-26  19:00:00  13 30 24.2  -14 14 11  +000899.6 -000159.0  21 49 21.1  145.478 22.624  11.19  39619 15.1
2010-04-26  19:10:00  13 40 24.7  -14 40 13  +000901.8 -000153.5  21 49 22.3  145.672 22.229   8.80  39647 15.1
2010-04-26  19:20:00  13 50 26.6  -15 05 21  +000904.0 -000147.8  21 49 22.0  145.852 21.845   6.47  39675 15.1
2010-04-26  19:30:00  14 00 30.0  -15 29 29  +000906.0 -000141.8  21 49 20.3  146.019 21.473   4.28  39705 15.1
2010-04-26  19:40:00  14 10 34.7  -15 52 36     <<SHADOW>>        21 49 17.3  146.172 21.115   2.64  39735 ----
2010-04-26  19:50:00  14 20 40.6  -16 14 38     <<SHADOW>>        21 49 12.9  146.312 20.772   2.75  39767 ----
2010-04-26  20:00:00  14 30 47.8  -16 35 33     <<SHADOW>>        21 49 07.4  146.439 20.443   4.49  39800 ----
2010-04-26  20:10:00  14 40 56.0  -16 55 18     <<SHADOW>>        21 49 00.8  146.552 20.130   6.70  39833 ----
2010-04-26  20:20:00  14 51 05.3  -17 13 52     <<SHADOW>>        21 48 53.2  146.653 19.835   9.02  39867 ----
2010-04-26  20:30:00  15 01 15.4  -17 31 11     <<SHADOW>>        21 48 44.7  146.742 19.556  11.40  39902 ----
2010-04-26  20:40:00  15 11 26.4  -17 47 14  +000916.9 -000092.4  21 48 35.4  146.819 19.296  13.78  39937 15.1
2010-04-26  20:50:00  15 21 37.9  -18 01 58  +000917.7 -000084.5  21 48 25.5  146.884 19.055  16.19  39972 15.1
2010-04-26  21:00:00  15 31 49.9  -18 15 23  +000918.4 -000076.4  21 48 15.1  146.937 18.833  18.59  40008 15.1
2010-04-26  21:10:00  15 42 02.3  -18 27 27  +000918.8 -000068.2  21 48 04.4  146.980 18.632  21.01  40044 15.1
2010-04-26  21:20:00  15 52 15.0  -18 38 08  +000919.0 -000059.9  21 47 53.4  147.013 18.451  23.42  40080 15.2
2010-04-26  21:30:00  16 02 27.6  -18 47 25  +000919.0 -000051.5  21 47 42.4  147.035 18.292  25.83  40116 15.2
2010-04-26  21:40:00  16 12 40.2  -18 55 18  +000918.7 -000043.0  21 47 31.5  147.048 18.154  28.23  40152 15.2
2010-04-26  21:50:00  16 22 52.5  -19 01 46  +000918.2 -000034.5  21 47 20.8  147.053 18.039  30.64  40188 15.2
2010-04-26  22:00:00  16 33 04.3  -19 06 49  +000917.4 -000025.9  21 47 10.6  147.049 17.946  33.04  40223 15.2
2010-04-26  22:10:00  16 43 15.6  -19 10 25  +000916.4 -000017.3  21 47 01.0  147.038 17.875  35.44  40258 15.3
2010-04-26  22:20:00  16 53 26.1  -19 12 36  +000915.1 -000008.8  21 46 52.2  147.019 17.828  37.83  40293 15.3
2010-04-26  22:30:00  17 03 35.6  -19 13 21  +000913.6 -000000.2  21 46 44.2  146.995 17.804  40.23  40327 15.3
2010-04-26  22:40:00  17 13 44.1  -19 12 40  +000911.9 +000008.3  21 46 37.4  146.964 17.804  42.61  40361 15.4
2010-04-26  22:50:00  17 23 51.4  -19 10 35  +000909.9 +000016.8  21 46 31.7  146.928 17.827  45.00  40393 15.4
2010-04-26  23:00:00  17 33 57.3  -19 07 05  +000907.7 +000025.1  21 46 27.5  146.888 17.874  47.37  40425 15.4
2010-04-26  23:10:00  17 44 01.6  -19 02 13  +000905.3 +000033.4  21 46 24.8  146.843 17.944  49.75  40456 15.5
2010-04-26  23:20:00  17 54 04.3  -18 55 58  +000902.7 +000041.6  21 46 23.8  146.796 18.038  52.11  40487 15.5
2010-04-26  23:30:00  18 04 05.1  -18 48 22  +000899.9 +000049.6  21 46 24.6  146.745 18.155  54.49  40516 15.5
2010-04-26  23:40:00  18 14 04.1  -18 39 26  +000896.9 +000057.5  21 46 27.3  146.693 18.296  56.84  40544 15.6
2010-04-26  23:50:00  18 24 01.0  -18 29 13  +000893.8 +000065.2  21 46 32.0  146.639 18.460  59.20  40571 15.6
2010-04-27  00:00:00  18 33 55.8  -18 17 43  +000890.5 +000072.8  21 46 38.9  146.585 18.646  61.55  40597 15.7
2010-04-27  00:10:00  18 43 48.3  -18 04 58  +000887.1 +000080.1  21 46 47.9  146.530 18.855  63.90  40622 15.7
2010-04-27  00:20:00  18 53 38.6  -17 51 01  +000883.6 +000087.3  21 46 59.4  146.475 19.086  66.24  40645 15.8
2010-04-27  00:30:00  19 03 26.4  -17 35 53  +000880.0 +000094.2  21 47 13.1  146.421 19.339  68.59  40668 15.8
2010-04-27  00:40:00  19 13 11.8  -17 19 37  +000876.3 +000101.0  21 47 29.4  146.369 19.614  70.91  40689 15.9
2010-04-27  00:50:00  19 22 54.8  -17 02 15  +000872.5 +000107.5  21 47 48.1  146.319 19.909  73.25  40708 15.9
2010-04-27  01:00:00  19 32 35.2  -16 43 49  +000868.7 +000113.7  21 48 09.3  146.270 20.224  75.57  40727 16.0
2010-04-27  01:10:00  19 42 13.0  -16 24 21  +000864.8 +000119.8  21 48 33.1  146.225 20.560  77.90  40744 16.0
2010-04-27  01:20:00  19 51 48.3  -16 03 55  +000861.0 +000125.5  21 48 59.5  146.183 20.914  80.21  40760 16.1
2010-04-27  01:30:00  20 01 21.0  -15 42 32  +000857.1 +000131.0  21 49 28.4  146.144 21.287  82.53  40774 16.1
2010-04-27  01:40:00  20 10 51.1  -15 20 15  +000853.3 +000136.3  21 49 59.9  146.110 21.678  84.83  40787 16.2
2010-04-27  01:50:00  20 20 18.7  -14 57 07  +000849.5 +000141.3  21 50 34.0  146.079 22.086  87.14  40798 16.3

   Date        UTC        RA         DECL      RARate   DeclRate    HourAng      Az     Um    Phase  Range  Mag
2010-04-27  18:10:00  11 19 37.6  -08 02 03  +000870.2 -000199.6  23 13 56.1  166.103 34.606  44.62  38843 15.3
2010-04-27  18:20:00  11 29 18.5  -08 35 15  +000872.2 -000198.7  23 14 16.9  166.317 34.074  42.17  38852 15.3
2010-04-27  18:30:00  11 39 00.7  -09 08 15  +000874.3 -000197.3  23 14 36.3  166.520 33.545  39.72  38863 15.2
2010-04-27  18:40:00  11 48 44.3  -09 41 01  +000876.5 -000195.6  23 14 54.4  166.713 33.018  37.27  38876 15.2
2010-04-27  18:50:00  11 58 29.3  -10 13 27  +000878.7 -000193.5  23 15 11.0  166.896 32.495  34.81  38891 15.2
2010-04-27  19:00:00  12 08 15.9  -10 45 30  +000881.0 -000191.1  23 15 26.0  167.068 31.978  32.37  38907 15.2
2010-04-27  19:10:00  12 18 04.0  -11 17 07  +000883.3 -000188.2  23 15 39.6  167.229 31.466  29.91  38925 15.1
2010-04-27  19:20:00  12 27 53.6  -11 48 13  +000885.7 -000185.0  23 15 51.6  167.379 30.961  27.46  38944 15.1
2010-04-27  19:30:00  12 37 44.9  -12 18 45  +000888.0 -000181.4  23 16 02.0  167.519 30.465  25.01  38966 15.1
2010-04-27  19:40:00  12 47 37.7  -12 48 40  +000890.4 -000177.4  23 16 10.8  167.647 29.978  22.57  38988 15.1
2010-04-27  19:50:00  12 57 32.1  -13 17 53  +000892.8 -000173.1  23 16 18.0  167.765 29.501  20.13  39012 15.1
2010-04-27  20:00:00  13 07 28.1  -13 46 21  +000895.2 -000168.5  23 16 23.7  167.873 29.035  17.70  39038 15.1
2010-04-27  20:10:00  13 17 25.7  -14 14 02  +000897.5 -000163.5  23 16 27.7  167.970 28.581  15.27  39065 15.1
2010-04-27  20:20:00  13 27 24.8  -14 40 50  +000899.9 -000158.1  23 16 30.2  168.056 28.141  12.86  39093 15.0
2010-04-27  20:30:00  13 37 25.5  -15 06 44  +000902.1 -000152.5  23 16 31.2  168.132 27.715  10.47  39122 15.0
2010-04-27  20:40:00  13 47 27.6  -15 31 39  +000904.3 -000146.5  23 16 30.7  168.199 27.303   8.13  39152 15.0
2010-04-27  20:50:00  13 57 31.2  -15 55 33  +000906.4 -000140.3  23 16 28.8  168.256 26.908   5.88  39183 15.0
2010-04-27  21:00:00  14 07 36.1  -16 18 24     <<SHADOW>>        23 16 25.5  168.303 26.530   3.88  39215 ----
2010-04-27  21:10:00  14 17 42.3  -16 40 08     <<SHADOW>>        23 16 21.0  168.342 26.169   2.75  39248 ----
2010-04-27  21:20:00  14 27 49.7  -17 00 42     <<SHADOW>>        23 16 15.2  168.372 25.826   3.46  39281 ----
2010-04-27  21:30:00  14 37 58.2  -17 20 04     <<SHADOW>>        23 16 08.4  168.394 25.503   5.33  39315 ----
2010-04-27  21:40:00  14 48 07.7  -17 38 12     <<SHADOW>>        23 16 00.5  168.409 25.199   7.53  39350 ----
2010-04-27  21:50:00  14 58 18.1  -17 55 04  +000916.2 -000097.3  23 15 51.8  168.416 24.916   9.85  39385 15.0
2010-04-27  22:00:00  15 08 29.2  -18 10 38  +000917.2 -000089.4  23 15 42.3  168.417 24.654  12.20  39420 15.1
2010-04-27  22:10:00  15 18 41.0  -18 24 52  +000918.1 -000081.3  23 15 32.1  168.411 24.413  14.58  39456 15.1
2010-04-27  22:20:00  15 28 53.2  -18 37 44  +000918.7 -000073.1  23 15 21.5  168.400 24.195  16.97  39491 15.1
2010-04-27  22:30:00  15 39 05.8  -18 49 13  +000919.1 -000064.7  23 15 10.6  168.384 23.999  19.37  39527 15.1
2010-04-27  22:40:00  15 49 18.6  -18 59 17  +000919.2 -000056.2  23 14 59.4  168.363 23.827  21.76  39563 15.1
2010-04-27  22:50:00  15 59 31.4  -19 07 57  +000919.2 -000047.6  23 14 48.3  168.339 23.678  24.17  39598 15.1
2010-04-27  23:00:00  16 09 44.1  -19 15 10  +000918.8 -000039.0  23 14 37.2  168.312 23.552  26.56  39633 15.2
2010-04-27  23:10:00  16 19 56.5  -19 20 57  +000918.3 -000030.3  23 14 26.5  168.282 23.451  28.96  39668 15.2
2010-04-27  23:20:00  16 30 08.4  -19 25 17  +000917.4 -000021.6  23 14 16.2  168.250 23.373  31.35  39703 15.2
2010-04-27  23:30:00  16 40 19.7  -19 28 10  +000916.4 -000012.9  23 14 06.6  168.217 23.320  33.75  39737 15.2
2010-04-27  23:40:00  16 50 30.2  -19 29 35  +000915.1 -000004.2  23 13 57.7  168.183 23.291  36.13  39771 15.3
2010-04-27  23:50:00  17 00 39.7  -19 29 34  +000913.5 +000004.5  23 13 49.9  168.150 23.287  38.52  39804 15.3
2010-04-28  00:00:00  17 10 48.1  -19 28 06  +000911.7 +000013.1  23 13 43.1  168.117 23.307  40.90  39837 15.3
2010-04-28  00:10:00  17 20 55.2  -19 25 13  +000909.6 +000021.6  23 13 37.6  168.086 23.352  43.28  39868 15.3
2010-04-28  00:20:00  17 31 00.9  -19 20 54  +000907.4 +000030.1  23 13 33.6  168.057 23.420  45.65  39899 15.4
2010-04-28  00:30:00  17 41 05.0  -19 15 11  +000904.9 +000038.5  23 13 31.1  168.031 23.513  48.03  39929 15.4
2010-04-28  00:40:00  17 51 07.4  -19 08 05  +000902.2 +000046.7  23 13 30.3  168.008 23.629  50.39  39959 15.4
2010-04-28  00:50:00  18 01 08.0  -18 59 38  +000899.4 +000054.8  23 13 31.4  167.990 23.769  52.76  39987 15.5
2010-04-28  01:00:00  18 11 06.5  -18 49 51  +000896.3 +000062.7  23 13 34.5  167.976 23.933  55.11  40015 15.5
2010-04-28  01:10:00  18 21 03.0  -18 38 45  +000893.1 +000070.5  23 13 39.7  167.967 24.118  57.47  40041 15.6
2010-04-28  01:20:00  18 30 57.3  -18 26 22  +000889.8 +000078.1  23 13 47.0  167.964 24.327  59.81  40067 15.6
2010-04-28  01:30:00  18 40 49.4  -18 12 44  +000886.3 +000085.4  23 13 56.6  167.967 24.557  62.16  40091 15.7
2010-04-28  01:40:00  18 50 39.1  -17 57 54  +000882.7 +000092.6  23 14 08.5  167.978 24.809  64.50  40115 15.7
2010-04-28  01:50:00  19 00 26.3  -17 41 53  +000879.0 +000099.6  23 14 22.9  167.996 25.081  66.84  40137 15.7

   Date        UTC        RA         DECL      RARate   DeclRate    HourAng      Az     Um    Phase  Range  Mag
2010-04-28  18:10:00  09 59 08.6  -03 54 56  +000857.4 -000195.1  00 38 21.6  192.345 38.975  65.97  38796 15.7
2010-04-28  18:20:00  10 08 40.7  -04 27 36  +000858.7 -000196.9  00 38 51.2  192.397 38.418  63.54  38794 15.6
2010-04-28  18:30:00  10 18 13.7  -05 00 32  +000860.1 -000198.3  00 39 19.9  192.443 37.858  61.10  38794 15.6
2010-04-28  18:40:00  10 27 47.6  -05 33 41  +000861.6 -000199.4  00 39 47.6  192.482 37.294  58.67  38797 15.5
2010-04-28  18:50:00  10 37 22.5  -06 06 58  +000863.2 -000200.0  00 40 14.3  192.515 36.729  56.22  38800 15.5
2010-04-28  19:00:00  10 46 58.6  -06 40 21  +000864.9 -000200.4  00 40 39.9  192.541 36.163  53.79  38806 15.4
2010-04-28  19:10:00  10 56 35.8  -07 13 44  +000866.7 -000200.3  00 41 04.4  192.561 35.598  51.34  38813 15.4
2010-04-28  19:20:00  11 06 14.1  -07 47 06  +000868.5 -000199.9  00 41 27.6  192.574 35.034  48.90  38822 15.4
2010-04-28  19:30:00  11 15 53.8  -08 20 21  +000870.4 -000199.1  00 41 49.6  192.581 34.472  46.44  38833 15.3
2010-04-28  19:40:00  11 25 34.8  -08 53 26  +000872.5 -000197.9  00 42 10.3  192.582 33.914  44.00  38846 15.3
2010-04-28  19:50:00  11 35 17.1  -09 26 18  +000874.6 -000196.4  00 42 29.6  192.576 33.361  41.54  38860 15.3
2010-04-28  20:00:00  11 45 00.9  -09 58 52  +000876.7 -000194.4  00 42 47.5  192.564 32.813  39.10  38875 15.2
2010-04-28  20:10:00  11 54 46.1  -10 31 06  +000878.9 -000192.1  00 43 03.9  192.546 32.272  36.64  38893 15.2
2010-04-28  20:20:00  12 04 32.8  -11 02 54  +000881.2 -000189.4  00 43 18.8  192.522 31.739  34.20  38912 15.2
2010-04-28  20:30:00  12 14 21.0  -11 34 13  +000883.5 -000186.4  00 43 32.2  192.492 31.214  31.75  38932 15.2
2010-04-28  20:40:00  12 24 10.8  -12 05 00  +000885.9 -000183.0  00 43 44.1  192.456 30.700  29.30  38954 15.1
2010-04-28  20:50:00  12 34 02.2  -12 35 11  +000888.3 -000179.2  00 43 54.3  192.415 30.196  26.85  38977 15.1
2010-04-28  21:00:00  12 43 55.2  -13 04 43  +000890.7 -000175.0  00 44 02.9  192.369 29.705  24.42  39001 15.1
2010-04-28  21:10:00  12 53 49.8  -13 33 31  +000893.1 -000170.6  00 44 10.0  192.318 29.226  21.97  39027 15.1
2010-04-28  21:20:00  13 03 46.0  -14 01 33  +000895.4 -000165.7  00 44 15.5  192.263 28.761  19.54  39054 15.1
2010-04-28  21:30:00  13 13 43.7  -14 28 45  +000897.8 -000160.6  00 44 19.4  192.203 28.310  17.11  39082 15.1
2010-04-28  21:40:00  13 23 43.0  -14 55 04  +000900.1 -000155.1  00 44 21.8  192.139 27.875  14.70  39111 15.1
2010-04-28  21:50:00  13 33 43.8  -15 20 26  +000902.3 -000149.3  00 44 22.6  192.071 27.457  12.30  39140 15.0
2010-04-28  22:00:00  13 43 46.1  -15 44 49  +000904.5 -000143.2  00 44 22.0  192.000 27.055   9.94  39171 15.0
2010-04-28  22:10:00  13 53 49.8  -16 08 09     <<SHADOW>>        00 44 19.9  191.926 26.672   7.62  39202 ----
2010-04-28  22:20:00  14 03 54.8  -16 30 24     <<SHADOW>>        00 44 16.5  191.849 26.307   5.43  39235 ----
2010-04-28  22:30:00  14 14 01.1  -16 51 31     <<SHADOW>>        00 44 11.8  191.771 25.962   3.58  39267 ----
2010-04-28  22:40:00  14 24 08.6  -17 11 27     <<SHADOW>>        00 44 06.0  191.691 25.636   2.85  39301 ----
2010-04-28  22:50:00  14 34 17.2  -17 30 11     <<SHADOW>>        00 43 59.0  191.611 25.332   3.92  39334 ----
2010-04-28  23:00:00  14 44 26.8  -17 47 39     <<SHADOW>>        00 43 51.1  191.529 25.048   5.86  39368 ----
2010-04-28  23:10:00  14 54 37.3  -18 03 50  +000916.3 -000093.2  00 43 42.2  191.448 24.786   8.09  39403 15.0
2010-04-28  23:20:00  15 04 48.5  -18 18 42  +000917.3 -000085.2  00 43 32.7  191.368 24.546  10.39  39437 15.1
2010-04-28  23:30:00  15 15 00.3  -18 32 14  +000918.1 -000077.0  00 43 22.5  191.289 24.329  12.75  39472 15.1
2010-04-28  23:40:00  15 25 12.6  -18 44 22  +000918.7 -000068.7  00 43 11.9  191.212 24.135  15.12  39506 15.1
2010-04-28  23:50:00  15 35 25.2  -18 55 08  +000919.1 -000060.3  00 43 00.9  191.137 23.963  17.51  39541 15.1
2010-04-29  00:00:00  15 45 38.0  -19 04 28  +000919.2 -000051.8  00 42 49.7  191.066 23.815  19.89  39575 15.1
2010-04-29  00:10:00  15 55 50.8  -19 12 23  +000919.1 -000043.2  00 42 38.6  190.998 23.691  22.29  39610 15.1
2010-04-29  00:20:00  16 06 03.4  -19 18 51  +000918.8 -000034.5  00 42 27.6  190.935 23.590  24.68  39644 15.1
2010-04-29  00:30:00  16 16 15.8  -19 23 53  +000918.2 -000025.8  00 42 16.9  190.877 23.513  27.08  39678 15.2
2010-04-29  00:40:00  16 26 27.6  -19 27 27  +000917.3 -000017.1  00 42 06.7  190.825 23.460  29.46  39711 15.2
2010-04-29  00:50:00  16 36 38.8  -19 29 34  +000916.2 -000008.3  00 41 57.1  190.779 23.430  31.86  39744 15.2
2010-04-29  01:00:00  16 46 49.2  -19 30 14  +000914.9 +000000.4  00 41 48.4  190.740 23.423  34.24  39777 15.2
2010-04-29  01:10:00  16 56 58.6  -19 29 27  +000913.3 +000009.1  00 41 40.6  190.709 23.441  36.63  39809 15.3
2010-04-29  01:20:00  17 07 06.9  -19 27 13  +000911.5 +000017.7  00 41 34.0  190.686 23.481  39.01  39840 15.3
2010-04-29  01:30:00  17 17 13.8  -19 23 34  +000909.4 +000026.2  00 41 28.7  190.673 23.544  41.39  39871 15.3
2010-04-29  01:40:00  17 27 19.4  -19 18 30  +000907.1 +000034.6  00 41 24.8  190.669 23.630  43.76  39902 15.4

   Date        UTC        RA         DECL      RARate   DeclRate    HourAng      Az     Um    Phase  Range  Mag
2010-04-29  18:10:00  08 40 06.0  -00 05 16  +000850.7 -000169.2  02 01 20.9  218.896 36.449  86.98  39359 16.2
2010-04-29  18:20:00  08 49 33.3  -00 33 49  +000851.5 -000173.3  02 01 55.1  218.801 35.958  84.58  39349 16.1
2010-04-29  18:30:00  08 59 01.2  -01 03 02  +000852.2 -000177.2  02 02 28.9  218.698 35.459  82.17  39340 16.1
2010-04-29  18:40:00  09 08 29.7  -01 32 51  +000853.1 -000180.7  02 03 02.1  218.589 34.950  79.77  39333 16.0
2010-04-29  18:50:00  09 17 58.7  -02 03 14  +000854.0 -000183.9  02 03 34.7  218.473 34.435  77.34  39327 15.9
2010-04-29  19:00:00  09 27 28.3  -02 34 08  +000854.9 -000186.8  02 04 06.7  218.352 33.912  74.93  39322 15.9
2010-04-29  19:10:00  09 36 58.6  -03 05 28  +000856.0 -000189.3  02 04 38.1  218.225 33.384  72.50  39320 15.8
2010-04-29  19:20:00  09 46 29.6  -03 37 13  +000857.1 -000191.5  02 05 08.7  218.093 32.852  70.08  39319 15.8
2010-04-29  19:30:00  09 56 01.4  -04 09 18  +000858.3 -000193.4  02 05 38.5  217.956 32.315  67.65  39319 15.7
2010-04-29  19:40:00  10 05 34.1  -04 41 40  +000859.6 -000194.9  02 06 07.5  217.814 31.776  65.22  39321 15.7
2010-04-29  19:50:00  10 15 07.6  -05 14 15  +000861.0 -000196.1  02 06 35.6  217.668 31.234  62.78  39325 15.6
2010-04-29  20:00:00  10 24 42.1  -05 47 01  +000862.5 -000196.9  02 07 02.8  217.518 30.692  60.35  39330 15.6
2010-04-29  20:10:00  10 34 17.6  -06 19 53  +000864.1 -000197.4  02 07 28.9  217.364 30.149  57.90  39337 15.5
2010-04-29  20:20:00  10 43 54.2  -06 52 48  +000865.7 -000197.5  02 07 53.9  217.206 29.608  55.47  39346 15.5
2010-04-29  20:30:00  10 53 32.0  -07 25 43  +000867.5 -000197.3  02 08 17.8  217.045 29.069  53.02  39356 15.5
2010-04-29  20:40:00  11 03 10.9  -07 58 32  +000869.3 -000196.6  02 08 40.6  216.881 28.532  50.58  39368 15.4
2010-04-29  20:50:00  11 12 51.0  -08 31 14  +000871.2 -000195.6  02 09 02.0  216.714 28.000  48.12  39381 15.4
2010-04-29  21:00:00  11 22 32.5  -09 03 44  +000873.2 -000194.3  02 09 22.2  216.545 27.473  45.68  39396 15.3
2010-04-29  21:10:00  11 32 15.3  -09 35 58  +000875.3 -000192.5  02 09 41.0  216.373 26.952  43.23  39412 15.3
2010-04-29  21:20:00  11 41 59.6  -10 07 53  +000877.4 -000190.4  02 09 58.4  216.199 26.438  40.78  39429 15.3
2010-04-29  21:30:00  11 51 45.3  -10 39 26  +000879.6 -000188.0  02 10 14.4  216.024 25.933  38.33  39448 15.3
2010-04-29  21:40:00  12 01 32.4  -11 10 31  +000881.9 -000185.1  02 10 28.9  215.846 25.436  35.89  39469 15.2
2010-04-29  21:50:00  12 11 21.1  -11 41 07  +000884.2 -000181.9  02 10 41.9  215.668 24.950  33.43  39490 15.2
2010-04-29  22:00:00  12 21 11.3  -12 11 09  +000886.5 -000178.4  02 10 53.3  215.489 24.474  30.99  39513 15.2
2010-04-29  22:10:00  12 31 03.0  -12 40 33  +000888.8 -000174.5  02 11 03.2  215.309 24.010  28.54  39537 15.2
2010-04-29  22:20:00  12 40 56.4  -13 09 17  +000891.2 -000170.2  02 11 11.5  215.130 23.559  26.10  39562 15.1
2010-04-29  22:30:00  12 50 51.3  -13 37 17  +000893.5 -000165.6  02 11 18.2  214.950 23.122  23.65  39588 15.1
2010-04-29  22:40:00  13 00 47.7  -14 04 29  +000895.9 -000160.7  02 11 23.4  214.771 22.699  21.22  39615 15.1
2010-04-29  22:50:00  13 10 45.8  -14 30 50  +000898.2 -000155.5  02 11 27.1  214.593 22.292  18.79  39642 15.1
2010-04-29  23:00:00  13 20 45.3  -14 56 18  +000900.4 -000149.9  02 11 29.2  214.416 21.900  16.37  39671 15.1
2010-04-29  23:10:00  13 30 46.3  -15 20 48  +000902.6 -000144.1  02 11 29.8  214.242 21.525  13.95  39700 15.1
2010-04-29  23:20:00  13 40 48.7  -15 44 18  +000904.7 -000137.9  02 11 29.0  214.069 21.168  11.56  39730 15.1
2010-04-29  23:30:00  13 50 52.6  -16 06 46     <<SHADOW>>        02 11 26.8  213.900 20.828   9.19  39761 ----
2010-04-29  23:40:00  14 00 57.8  -16 28 08     <<SHADOW>>        02 11 23.3  213.734 20.508   6.89  39792 ----
2010-04-29  23:50:00  14 11 04.2  -16 48 21     <<SHADOW>>        02 11 18.5  213.572 20.206   4.73  39824 ----
2010-04-30  00:00:00  14 21 11.7  -17 07 24     <<SHADOW>>        02 11 12.6  213.414 19.924   3.03  39856 ----
2010-04-30  00:10:00  14 31 20.4  -17 25 14     <<SHADOW>>        02 11 05.6  213.262 19.662   2.82  39888 ----
2010-04-30  00:20:00  14 41 29.9  -17 41 49     <<SHADOW>>        02 10 57.7  213.115 19.421   4.31  39921 ----
2010-04-30  00:30:00  14 51 40.4  -17 57 07  +000916.2 -000087.9  02 10 48.9  212.974 19.201   6.41  39954 15.1
2010-04-30  00:40:00  15 01 51.5  -18 11 07  +000917.2 -000079.9  02 10 39.4  212.841 19.001   8.68  39987 15.1
2010-04-30  00:50:00  15 12 03.2  -18 23 46  +000918.0 -000071.8  02 10 29.3  212.714 18.823  11.02  40020 15.1
2010-04-30  01:00:00  15 22 15.4  -18 35 03  +000918.5 -000063.6  02 10 18.8  212.596 18.666  13.38  40053 15.1
2010-04-30  01:10:00  15 32 27.9  -18 44 56  +000918.9 -000055.2  02 10 07.9  212.486 18.531  15.77  40086 15.1
2010-04-30  01:20:00  15 42 40.5  -18 53 26  +000919.0 -000046.7  02 09 56.9  212.386 18.418  18.15  40119 15.1
2010-04-30  01:30:00  15 52 53.1  -19 00 31  +000918.8 -000038.2  02 09 46.0  212.295 18.326  20.55  40152 15.1
2010-04-30  01:40:00  16 03 05.5  -19 06 10  +000918.5 -000029.6  02 09 35.2  212.216 18.256  22.94  40185 15.2

   Date        UTC        RA         DECL      RARate   DeclRate    HourAng      Az     Um    Phase  Range  Mag
2010-04-30  18:10:00  07 23 08.8  +02 57 59  +000847.8 -000127.3  03 22 14.5  241.217 28.359 107.27  40439 16.9
2010-04-30  18:20:00  07 32 34.2  +02 36 17  +000848.3 -000133.2  03 22 50.8  241.105 27.980 104.92  40423 16.8
2010-04-30  18:30:00  07 41 59.9  +02 13 37  +000848.9 -000138.8  03 23 26.7  240.982 27.589 102.54  40408 16.7
2010-04-30  18:40:00  07 51 26.0  +01 50 02  +000849.4 -000144.1  03 24 02.3  240.848 27.186 100.18  40393 16.7
2010-04-30  18:50:00  08 00 52.5  +01 25 35  +000849.9 -000149.3  03 24 37.5  240.704 26.772  97.79  40380 16.6
2010-04-30  19:00:00  08 10 19.3  +01 00 18  +000850.5 -000154.2  03 25 12.3  240.550 26.348  95.41  40368 16.5
2010-04-30  19:10:00  08 19 46.5  +00 34 12  +000851.1 -000158.8  03 25 46.8  240.387 25.914  93.02  40358 16.4
2010-04-30  19:20:00  08 29 14.0  +00 07 22  +000851.7 -000163.2  03 26 20.8  240.216 25.471  90.63  40348 16.3
2010-04-30  19:30:00  08 38 42.1  -00 20 11  +000852.4 -000167.3  03 26 54.4  240.037 25.019  88.23  40340 16.3
2010-04-30  19:40:00  08 48 10.5  -00 48 24  +000853.1 -000171.2  03 27 27.6  239.850 24.559  85.83  40333 16.2
2010-04-30  19:50:00  08 57 39.5  -01 17 13  +000853.8 -000174.7  03 28 00.3  239.655 24.092  83.41  40327 16.1
2010-04-30  20:00:00  09 07 09.0  -01 46 37  +000854.7 -000177.9  03 28 32.4  239.454 23.619  81.01  40323 16.1
2010-04-30  20:10:00  09 16 39.1  -02 16 31  +000855.6 -000180.9  03 29 04.0  239.247 23.140  78.59  40321 16.0
2010-04-30  20:20:00  09 26 09.8  -02 46 53  +000856.5 -000183.5  03 29 35.0  239.034 22.656  76.17  40320 16.0
2010-04-30  20:30:00  09 35 41.1  -03 17 39  +000857.6 -000185.8  03 30 05.2  238.816 22.168  73.74  40320 15.9
2010-04-30  20:40:00  09 45 13.2  -03 48 47  +000858.7 -000187.7  03 30 34.8  238.593 21.676  71.32  40321 15.8
2010-04-30  20:50:00  09 54 46.0  -04 20 13  +000859.9 -000189.4  03 31 03.6  238.365 21.183  68.89  40325 15.8
2010-04-30  21:00:00  10 04 19.7  -04 51 54  +000861.2 -000190.7  03 31 31.6  238.133 20.687  66.46  40329 15.7
2010-04-30  21:10:00  10 13 54.2  -05 23 46  +000862.5 -000191.6  03 31 58.7  237.897 20.191  64.02  40335 15.7
2010-04-30  21:20:00  10 23 29.7  -05 55 45  +000864.0 -000192.2  03 32 24.8  237.658 19.696  61.59  40343 15.7
2010-04-30  21:30:00  10 33 06.2  -06 27 49  +000865.5 -000192.5  03 32 50.0  237.416 19.202  59.14  40352 15.6
2010-04-30  21:40:00  10 42 43.8  -06 59 54  +000867.1 -000192.4  03 33 14.1  237.171 18.710  56.71  40362 15.6
2010-04-30  21:50:00  10 52 22.4  -07 31 56  +000868.9 -000191.9  03 33 37.1  236.924 18.221  54.25  40374 15.5
2010-04-30  22:00:00  11 02 02.3  -08 03 51  +000870.7 -000191.1  03 33 58.9  236.675 17.736  51.82  40387 15.5
2010-04-30  22:10:00  11 11 43.3  -08 35 37  +000872.5 -000190.0  03 34 19.4  236.425 17.256  49.36  40401 15.5
2010-04-30  22:20:00  11 21 25.7  -09 07 10  +000874.5 -000188.4  03 34 38.7  236.173 16.781  46.92  40417 15.4
2010-04-30  22:30:00  11 31 09.4  -09 38 25  +000876.5 -000186.6  03 34 56.7  235.921 16.314  44.47  40434 15.4
2010-04-30  22:40:00  11 40 54.4  -10 09 20  +000878.6 -000184.3  03 35 13.3  235.668 15.855  42.02  40452 15.4
2010-04-30  22:50:00  11 50 40.9  -10 39 50  +000880.8 -000181.7  03 35 28.5  235.416 15.404  39.57  40471 15.3
2010-04-30  23:00:00  12 00 28.8  -11 09 54  +000883.0 -000178.8  03 35 42.2  235.164 14.962  37.12  40492 15.3
2010-04-30  23:10:00  12 10 18.2  -11 39 25  +000885.2 -000175.5  03 35 54.5  234.913 14.531  34.67  40513 15.3
2010-04-30  23:20:00  12 20 09.0  -12 08 23  +000887.5 -000171.9  03 36 05.2  234.663 14.112  32.23  40536 15.3
2010-04-30  23:30:00  12 30 01.4  -12 36 42  +000889.7 -000167.9  03 36 14.5  234.415 13.704  29.77  40559 15.2
2010-04-30  23:40:00  12 39 55.3  -13 04 20  +000892.0 -000163.6  03 36 22.2  234.169 13.309  27.33  40583 15.2
2010-04-30  23:50:00  12 49 50.8  -13 31 13  +000894.3 -000159.0  03 36 28.4  233.926 12.927  24.88  40608 15.2
2010-05-01  00:00:00  12 59 47.7  -13 57 19  +000896.6 -000154.0  03 36 33.1  233.687 12.560  22.44  40634 15.2
2010-05-01  00:10:00  13 09 46.2  -14 22 33  +000898.8 -000148.8  03 36 36.3  233.451 12.208  20.00  40661 15.2
2010-05-01  00:20:00  13 19 46.1  -14 46 54  +000901.0 -000143.2  03 36 38.0  233.220 11.871  17.57  40688 15.2
2010-05-01  00:30:00  13 29 47.5  -15 10 17  +000903.1 -000137.4  03 36 38.3  232.994 11.550  15.14  40716 15.1
2010-05-01  00:40:00  13 39 50.2  -15 32 41  +000905.1 -000131.3  03 36 37.2  232.773 11.246  12.73  40745 15.1
2010-05-01  00:50:00  13 49 54.3  -15 54 02     <<SHADOW>>        03 36 34.7  232.558 10.959  10.32  40774 ----
2010-05-01  01:00:00  13 59 59.7  -16 14 18     <<SHADOW>>        03 36 31.0  232.350 10.690   7.95  40804 ----
2010-05-01  01:10:00  14 10 06.2  -16 33 27     <<SHADOW>>        03 36 26.2  232.149 10.438   5.64  40834 ----
2010-05-01  01:20:00  14 20 13.9  -16 51 25     <<SHADOW>>        03 36 20.1  231.956 10.205   3.52  40864 ----
