ЭФЕМЕРИДЫ ПО ОБЪЕКТУ:  90110
Для пункта:  10016 Маяки   46 23'50.68"   30 16'17.74"    14m
C   2010-04-15 12:00
по  2010-05-01 12:00
Шаг  0:10:00
Мин.угол места:          10 град
Макс.угол места Солнца: -10 град
Стандартный блеск :      9.3 (зв.вел.)

ОБОЗНАЧЕНИЯ
RA        прямое восхождение, тек.эпоха
DECL      склонение, тек.эпоха
RARate    скорость по пр.восх., арксек/мин
DeclRate  скорость по склонению, арксек/мин
HourAng   часовой угол
Az        азимут
Um        угол места
Phase     фазовый угол
Range     дальность
Mag       зв.величина (оценка)

   Date        UTC        RA         DECL      RARate   DeclRate    HourAng      Az     Um    Phase  Range  Mag
2010-04-26  18:10:00  05 17 20.1  +06 55 08  +001024.6 -000004.2  05 12 17.1  266.142 13.223 135.03  37999 19.2
2010-04-26  18:20:00  05 28 44.2  +06 53 28  +001027.9 -000015.9  05 10 54.5  265.869 13.440 132.27  37919 19.1
2010-04-26  18:30:00  05 40 10.5  +06 49 51  +001030.9 -000027.7  05 09 29.9  265.566 13.639 129.48  37845 18.9
2010-04-26  18:40:00  05 51 38.6  +06 44 15  +001033.4 -000039.5  05 08 03.4  265.234 13.819 126.69  37777 18.7
2010-04-26  18:50:00  06 03 08.2  +06 36 41  +001035.4 -000051.3  05 06 35.5  264.873 13.980 123.88  37714 18.5
2010-04-26  19:00:00  06 14 39.0  +06 27 09  +001036.9 -000063.1  05 05 06.3  264.485 14.120 121.06  37658 18.4
2010-04-26  19:10:00  06 26 10.7  +06 15 40  +001038.0 -000074.7  05 03 36.3  264.070 14.239 118.22  37608 18.3
2010-04-26  19:20:00  06 37 42.9  +06 02 15  +001038.6 -000086.2  05 02 05.7  263.631 14.336 115.38  37564 18.1
2010-04-26  19:30:00  06 49 15.4  +05 46 56  +001038.8 -000097.5  05 00 34.9  263.168 14.410 112.52  37528 18.0
2010-04-26  19:40:00  07 00 47.8  +05 29 45  +001038.5 -000108.6  04 59 04.1  262.682 14.461 109.67  37498 17.9
2010-04-26  19:50:00  07 12 19.9  +05 10 44  +001037.7 -000119.4  04 57 33.6  262.176 14.488 106.80  37475 17.7
2010-04-26  20:00:00  07 23 51.4  +04 49 58  +001036.6 -000129.9  04 56 03.8  261.650 14.492 103.94  37458 17.6
2010-04-26  20:10:00  07 35 21.9  +04 27 28  +001035.0 -000140.0  04 54 34.9  261.107 14.471 101.06  37449 17.5
2010-04-26  20:20:00  07 46 51.3  +04 03 19  +001033.1 -000149.7  04 53 07.2  260.548 14.426  98.19  37448 17.4
2010-04-26  20:30:00  07 58 19.3  +03 37 36  +001030.8 -000158.9  04 51 40.9  259.976 14.356  95.31  37453 17.3
2010-04-26  20:40:00  08 09 45.6  +03 10 22  +001028.2 -000167.7  04 50 16.2  259.391 14.263  92.44  37465 17.2
2010-04-26  20:50:00  08 21 10.1  +02 41 43  +001025.3 -000176.0  04 48 53.3  258.795 14.146  89.56  37484 17.2
2010-04-26  21:00:00  08 32 32.7  +02 11 43  +001022.2 -000183.8  04 47 32.4  258.191 14.005  86.69  37511 17.1
2010-04-26  21:10:00  08 43 53.0  +01 40 28  +001018.8 -000191.0  04 46 13.7  257.579 13.842  83.82  37544 17.0
2010-04-26  21:20:00  08 55 11.1  +01 08 04  +001015.3 -000197.7  04 44 57.3  256.963 13.657  80.96  37584 16.9
2010-04-26  21:30:00  09 06 26.7  +00 34 37  +001011.5 -000203.7  04 43 43.3  256.343 13.450  78.10  37631 16.9
2010-04-26  21:40:00  09 17 39.7  +00 00 12  +001007.7 -000209.2  04 42 31.9  255.721 13.223  75.25  37684 16.8
2010-04-26  21:50:00  09 28 50.2  -00 35 05  +001003.7 -000214.1  04 41 23.1  255.099 12.977  72.40  37744 16.7
2010-04-26  22:00:00  09 39 58.0  -01 11 08  +000999.7 -000218.3  04 40 16.9  254.478 12.712  69.57  37810 16.7
2010-04-26  22:10:00  09 51 03.1  -01 47 51  +000995.6 -000222.0  04 39 13.4  253.859 12.429  66.73  37881 16.6
2010-04-26  22:20:00  10 02 05.5  -02 25 07  +000991.5 -000225.0  04 38 12.7  253.245 12.131  63.92  37959 16.6
2010-04-26  22:30:00  10 13 05.2  -03 02 50  +000987.4 -000227.5  04 37 14.7  252.635 11.818  61.10  38042 16.5
2010-04-26  22:40:00  10 24 02.1  -03 40 54  +000983.3 -000229.3  04 36 19.4  252.032 11.492  58.31  38131 16.5
2010-04-26  22:50:00  10 34 56.3  -04 19 14  +000979.3 -000230.5  04 35 26.8  251.436 11.154  55.52  38224 16.4
2010-04-26  23:00:00  10 45 47.8  -04 57 43  +000975.4 -000231.2  04 34 36.9  250.849 10.805  52.75  38322 16.4
2010-04-26  23:10:00  10 56 36.8  -05 36 15  +000971.5 -000231.3  04 33 49.6  250.271 10.446  49.98  38424 16.4
2010-04-26  23:20:00  11 07 23.2  -06 14 46  +000967.7 -000230.8  04 33 04.9  249.702 10.080  47.24  38531 16.3

   Date        UTC        RA         DECL      RARate   DeclRate    HourAng      Az     Um    Phase  Range  Mag
2010-04-27  18:10:00  05 56 36.9  +06 47 41  +001036.7 -000044.3  04 36 56.8  259.427 19.174 126.38  37205 18.7
2010-04-27  18:20:00  06 08 08.6  +06 39 18  +001038.5 -000056.3  04 35 26.7  259.037 19.327 123.57  37145 18.5
2010-04-27  18:30:00  06 19 41.5  +06 28 56  +001039.9 -000068.2  04 33 55.5  258.619 19.457 120.73  37092 18.3
2010-04-27  18:40:00  06 31 15.1  +06 16 35  +001040.8 -000080.0  04 32 23.5  258.174 19.565 117.90  37045 18.2
2010-04-27  18:50:00  06 42 49.2  +06 02 17  +001041.3 -000091.6  04 30 51.1  257.704 19.650 115.04  37005 18.1
2010-04-27  19:00:00  06 54 23.4  +05 46 04  +001041.3 -000103.0  04 29 18.5  257.210 19.710 112.18  36971 17.9
2010-04-27  19:10:00  07 05 57.4  +05 27 57  +001040.8 -000114.2  04 27 46.1  256.693 19.746 109.31  36944 17.8
2010-04-27  19:20:00  07 17 31.0  +05 08 01  +001039.8 -000125.0  04 26 14.2  256.156 19.757 106.45  36924 17.7
2010-04-27  19:30:00  07 29 03.8  +04 46 18  +001038.5 -000135.5  04 24 43.1  255.599 19.743 103.56  36911 17.6
2010-04-27  19:40:00  07 40 35.6  +04 22 51  +001036.8 -000145.7  04 23 12.9  255.026 19.703 100.69  36906 17.5
2010-04-27  19:50:00  07 52 06.0  +03 57 46  +001034.6 -000155.3  04 21 44.1  254.438 19.638  97.80  36907 17.4
2010-04-27  20:00:00  08 03 35.0  +03 31 06  +001032.2 -000164.6  04 20 16.8  253.836 19.548  94.93  36916 17.3
2010-04-27  20:10:00  08 15 02.2  +03 02 56  +001029.4 -000173.3  04 18 51.2  253.224 19.432  92.04  36932 17.2
2010-04-27  20:20:00  08 26 27.5  +02 33 21  +001026.4 -000181.5  04 17 27.5  252.601 19.291  89.17  36954 17.1
2010-04-27  20:30:00  08 37 50.7  +02 02 27  +001023.1 -000189.2  04 16 06.0  251.972 19.126  86.28  36984 17.0
2010-04-27  20:40:00  08 49 11.6  +01 30 19  +001019.6 -000196.3  04 14 46.8  251.337 18.938  83.41  37021 17.0
2010-04-27  20:50:00  09 00 30.1  +00 57 02  +001015.9 -000202.9  04 13 29.9  250.699 18.726  80.54  37065 16.9
2010-04-27  21:00:00  09 11 46.0  +00 22 44  +001012.0 -000208.8  04 12 15.6  250.058 18.492  77.68  37115 16.8
2010-04-27  21:10:00  09 22 59.4  -00 12 31  +001008.0 -000214.1  04 11 03.9  249.418 18.238  74.82  37172 16.8
2010-04-27  21:20:00  09 34 10.0  -00 48 36  +001003.9 -000218.8  04 09 54.9  248.779 17.963  71.98  37235 16.7
2010-04-27  21:30:00  09 45 18.0  -01 25 26  +000999.8 -000222.9  04 08 48.6  248.143 17.670  69.13  37305 16.6
2010-04-27  21:40:00  09 56 23.1  -02 02 52  +000995.7 -000226.3  04 07 45.1  247.511 17.359  66.30  37380 16.6
2010-04-27  21:50:00  10 07 25.5  -02 40 50  +000991.5 -000229.2  04 06 44.3  246.885 17.031  63.47  37461 16.5
2010-04-27  22:00:00  10 18 25.1  -03 19 13  +000987.3 -000231.4  04 05 46.4  246.267 16.689  60.67  37548 16.5
2010-04-27  22:10:00  10 29 21.9  -03 57 56  +000983.2 -000233.0  04 04 51.2  245.657 16.334  57.86  37639 16.4
2010-04-27  22:20:00  10 40 16.0  -04 36 51  +000979.1 -000234.0  04 03 58.8  245.056 15.966  55.08  37736 16.4
2010-04-27  22:30:00  10 51 07.4  -05 15 53  +000975.1 -000234.4  04 03 09.0  244.465 15.588  52.30  37837 16.4
2010-04-27  22:40:00  11 01 56.1  -05 54 57  +000971.2 -000234.2  04 02 21.9  243.885 15.201  49.55  37943 16.3
2010-04-27  22:50:00  11 12 42.3  -06 33 56  +000967.3 -000233.5  04 01 37.4  243.318 14.806  46.79  38052 16.3
2010-04-27  23:00:00  11 23 25.9  -07 12 45  +000963.6 -000232.2  04 00 55.4  242.763 14.406  44.07  38166 16.3
2010-04-27  23:10:00  11 34 07.1  -07 51 19  +000960.0 -000230.4  04 00 15.8  242.221 14.001  41.34  38283 16.2
2010-04-27  23:20:00  11 44 46.0  -08 29 33  +000956.5 -000228.1  03 59 38.7  241.693 13.593  38.64  38402 16.2
2010-04-27  23:30:00  11 55 22.5  -09 07 20  +000953.1 -000225.3  03 59 03.8  241.180 13.183  35.95  38525 16.2
2010-04-27  23:40:00  12 05 56.8  -09 44 38  +000949.9 -000222.1  03 58 31.1  240.681 12.773  33.28  38650 16.2
2010-04-27  23:50:00  12 16 29.1  -10 21 21  +000946.8 -000218.4  03 58 00.4  240.197 12.365  30.62  38777 16.1
2010-04-28  00:00:00  12 26 59.3  -10 57 24  +000943.8 -000214.2  03 57 31.9  239.728 11.958  27.99  38905 16.1
2010-04-28  00:10:00  12 37 27.6  -11 32 44  +000941.0 -000209.7  03 57 05.2  239.275 11.556  25.36  39035 16.1
2010-04-28  00:20:00  12 47 54.0  -12 07 16  +000938.3 -000204.7  03 56 40.5  238.838 11.158  22.77  39166 16.1
2010-04-28  00:30:00  12 58 18.6  -12 40 57  +000935.6 -000199.4  03 56 17.5  238.418 10.767  20.18  39298 16.1
2010-04-28  00:40:00  13 08 41.5  -13 13 44  +000933.1 -000193.8  03 55 56.2  238.013 10.382  17.62  39430 16.1
2010-04-28  00:50:00  13 19 02.8  -13 45 32  +000930.7 -000187.8  03 55 36.6  237.625 10.006  15.07  39563 16.1

   Date        UTC        RA         DECL      RARate   DeclRate    HourAng      Az     Um    Phase  Range  Mag
2010-04-28  18:10:00  06 36 48.0  +06 17 00  +001043.6 -000085.3  04 00 42.2  251.861 24.846 117.44  36512 18.2
2010-04-28  18:20:00  06 48 23.9  +06 01 48  +001043.9 -000097.1  03 59 08.0  251.354 24.912 114.59  36475 18.0
2010-04-28  18:30:00  06 59 59.8  +05 44 39  +001043.7 -000108.6  03 57 33.7  250.822 24.953 111.72  36445 17.9
2010-04-28  18:40:00  07 11 35.4  +05 25 37  +001043.0 -000119.8  03 55 59.8  250.268 24.967 108.85  36422 17.8
2010-04-28  18:50:00  07 23 10.3  +05 04 44  +001041.9 -000130.7  03 54 26.5  249.694 24.955 105.96  36406 17.6
2010-04-28  19:00:00  07 34 44.4  +04 42 04  +001040.3 -000141.2  03 52 54.0  249.101 24.916 103.09  36397 17.5
2010-04-28  19:10:00  07 46 17.4  +04 17 41  +001038.4 -000151.3  03 51 22.8  248.493 24.850 100.19  36395 17.4
2010-04-28  19:20:00  07 57 48.9  +03 51 39  +001036.1 -000161.0  03 49 52.9  247.871 24.757  97.31  36400 17.3
2010-04-28  19:30:00  08 09 18.7  +03 24 03  +001033.4 -000170.2  03 48 24.7  247.237 24.637  94.42  36413 17.2
2010-04-28  19:40:00  08 20 46.7  +02 54 57  +001030.5 -000178.9  03 46 58.3  246.593 24.491  91.54  36433 17.2
2010-04-28  19:50:00  08 32 12.7  +02 24 28  +001027.3 -000187.0  03 45 34.0  245.942 24.319  88.64  36459 17.1
2010-04-28  20:00:00  08 43 36.4  +01 52 40  +001023.8 -000194.5  03 44 11.9  245.285 24.122  85.77  36493 17.0
2010-04-28  20:10:00  08 54 57.7  +01 19 39  +001020.1 -000201.5  03 42 52.2  244.625 23.899  82.88  36534 16.9
2010-04-28  20:20:00  09 06 16.5  +00 45 31  +001016.3 -000207.9  03 41 35.1  243.963 23.654  80.02  36582 16.8
2010-04-28  20:30:00  09 17 32.7  +00 10 23  +001012.3 -000213.7  03 40 20.5  243.302 23.385  77.14  36636 16.8
2010-04-28  20:40:00  09 28 46.3  -00 25 40  +001008.2 -000218.8  03 39 08.6  242.643 23.095  74.29  36697 16.7
2010-04-28  20:50:00  09 39 57.0  -01 02 32  +001004.0 -000223.3  03 37 59.5  241.988 22.785  71.43  36764 16.7
2010-04-28  21:00:00  09 51 05.0  -01 40 05  +000999.8 -000227.2  03 36 53.2  241.339 22.455  68.59  36837 16.6
2010-04-28  21:10:00  10 02 10.1  -02 18 14  +000995.5 -000230.4  03 35 49.7  240.696 22.108  65.75  36916 16.5
2010-04-28  21:20:00  10 13 12.4  -02 56 52  +000991.3 -000233.1  03 34 49.1  240.062 21.744  62.94  37001 16.5
2010-04-28  21:30:00  10 24 11.8  -03 35 53  +000987.0 -000235.0  03 33 51.3  239.437 21.366  60.12  37092 16.4
2010-04-28  21:40:00  10 35 08.4  -04 15 10  +000982.8 -000236.4  03 32 56.3  238.823 20.974  57.32  37187 16.4
2010-04-28  21:50:00  10 46 02.3  -04 54 39  +000978.7 -000237.2  03 32 04.1  238.221 20.571  54.53  37287 16.4
2010-04-28  22:00:00  10 56 53.4  -05 34 12  +000974.7 -000237.3  03 31 14.6  237.631 20.158  51.76  37392 16.3
2010-04-28  22:10:00  11 07 41.9  -06 13 44  +000970.7 -000236.9  03 30 27.8  237.054 19.736  49.00  37501 16.3
2010-04-28  22:20:00  11 18 27.7  -06 53 09  +000966.9 -000236.0  03 29 43.6  236.491 19.307  46.26  37614 16.3
2010-04-28  22:30:00  11 29 11.0  -07 32 22  +000963.1 -000234.4  03 29 01.9  235.943 18.873  43.52  37730 16.2
2010-04-28  22:40:00  11 39 51.9  -08 11 16  +000959.5 -000232.4  03 28 22.7  235.410 18.436  40.81  37850 16.2
2010-04-28  22:50:00  11 50 30.4  -08 49 48  +000956.0 -000229.8  03 27 45.9  234.892 17.996  38.10  37973 16.2
2010-04-28  23:00:00  12 01 06.6  -09 27 52  +000952.6 -000226.8  03 27 11.3  234.390 17.556  35.42  38098 16.2
2010-04-28  23:10:00  12 11 40.6  -10 05 23  +000949.4 -000223.3  03 26 38.9  233.903 17.116  32.75  38226 16.1
2010-04-28  23:20:00  12 22 12.5  -10 42 17  +000946.3 -000219.4  03 26 08.7  233.434 16.679  30.10  38355 16.1
2010-04-28  23:30:00  12 32 42.3  -11 18 29  +000943.3 -000215.0  03 25 40.5  232.980 16.245  27.46  38487 16.1
2010-04-28  23:40:00  12 43 10.2  -11 53 55  +000940.4 -000210.2  03 25 14.3  232.543 15.816  24.85  38619 16.1
2010-04-28  23:50:00  12 53 36.2  -12 28 32  +000937.7 -000205.0  03 24 49.9  232.123 15.393  22.24  38752 16.1
2010-04-29  00:00:00  13 04 00.5  -13 02 15  +000935.1 -000199.5  03 24 27.3  231.720 14.977  19.67  38886 16.1
2010-04-29  00:10:00  13 14 23.0  -13 35 01  +000932.5 -000193.6  03 24 06.4  231.334 14.570  17.11  39021 16.1
2010-04-29  00:20:00  13 24 43.9  -14 06 47  +000930.1 -000187.5  03 23 47.1  230.965 14.172  14.58  39155 16.1
2010-04-29  00:30:00  13 35 03.2  -14 37 30  +000927.8 -000181.0  03 23 29.5  230.612 13.784  12.06  39289 16.1
2010-04-29  00:40:00  13 45 21.0  -15 07 06     <<SHADOW>>        03 23 13.4  230.277 13.408   9.60  39422 ----
2010-04-29  00:50:00  13 55 37.2  -15 35 34     <<SHADOW>>        03 22 58.7  229.959 13.043   7.19  39554 ----
2010-04-29  01:00:00  14 05 52.1  -16 02 50     <<SHADOW>>        03 22 45.5  229.659 12.692   4.91  39685 ----
2010-04-29  01:10:00  14 16 05.6  -16 28 53     <<SHADOW>>        03 22 33.7  229.375 12.354   3.00  39815 ----
2010-04-29  01:20:00  14 26 17.6  -16 53 40     <<SHADOW>>        03 22 23.2  229.109 12.031   2.53  39943 ----
2010-04-29  01:30:00  14 36 28.4  -17 17 10     <<SHADOW>>        03 22 14.1  228.860 11.722   4.00  40068 ----
2010-04-29  01:40:00  14 46 37.8  -17 39 20  +000913.1 -000129.0  03 22 06.4  228.628 11.429   6.12  40192 16.1

   Date        UTC        RA         DECL      RARate   DeclRate    HourAng      Az     Um    Phase  Range  Mag
2010-04-29  18:10:00  07 17 40.8  +05 22 37  +001045.1 -000125.4  03 23 46.0  243.251 30.033 108.26  35941 17.7
2010-04-29  18:20:00  07 29 17.1  +05 00 48  +001043.7 -000136.3  03 22 11.4  242.635 29.989 105.38  35929 17.6
2010-04-29  18:30:00  07 40 52.3  +04 37 12  +001042.0 -000146.8  03 20 37.8  242.002 29.917 102.49  35925 17.5
2010-04-29  18:40:00  07 52 26.3  +04 11 53  +001039.8 -000156.9  03 19 05.4  241.355 29.815  99.60  35927 17.4
2010-04-29  18:50:00  08 03 58.7  +03 44 55  +001037.3 -000166.5  03 17 34.7  240.696 29.686  96.70  35937 17.3
2010-04-29  19:00:00  08 15 29.3  +03 16 23  +001034.5 -000175.7  03 16 05.7  240.027 29.528  93.81  35954 17.2
2010-04-29  19:10:00  08 26 58.0  +02 46 23  +001031.4 -000184.2  03 14 38.7  239.351 29.342  90.91  35978 17.1
2010-04-29  19:20:00  08 38 24.4  +02 15 00  +001028.0 -000192.3  03 13 13.9  238.670 29.129  88.03  36009 17.0
2010-04-29  19:30:00  08 49 48.5  +01 42 20  +001024.3 -000199.7  03 11 51.4  237.987 28.890  85.14  36048 16.9
2010-04-29  19:40:00  09 01 10.2  +01 08 28  +001020.5 -000206.5  03 10 31.4  237.303 28.626  82.26  36093 16.9
2010-04-29  19:50:00  09 12 29.2  +00 33 31  +001016.5 -000212.7  03 09 14.0  236.620 28.337  79.38  36145 16.8
2010-04-29  20:00:00  09 23 45.5  -00 02 24  +001012.4 -000218.3  03 07 59.4  235.941 28.025  76.51  36204 16.7
2010-04-29  20:10:00  09 34 59.1  -00 39 13  +001008.2 -000223.3  03 06 47.4  235.268 27.691  73.64  36269 16.7
2010-04-29  20:20:00  09 46 09.8  -01 16 48  +001003.9 -000227.6  03 05 38.4  234.601 27.337  70.79  36340 16.6
2010-04-29  20:30:00  09 57 17.6  -01 55 03  +000999.6 -000231.2  03 04 32.2  233.943 26.963  67.94  36418 16.6
2010-04-29  20:40:00  10 08 22.6  -02 33 51  +000995.2 -000234.3  03 03 28.9  233.296 26.572  65.11  36501 16.5
2010-04-29  20:50:00  10 19 24.6  -03 13 06  +000990.9 -000236.6  03 02 28.5  232.659 26.165  62.28  36590 16.5
2010-04-29  21:00:00  10 30 23.8  -03 52 42  +000986.6 -000238.4  03 01 30.9  232.035 25.743  59.48  36684 16.4
2010-04-29  21:10:00  10 41 20.1  -04 32 32  +000982.4 -000239.5  03 00 36.2  231.424 25.309  56.67  36783 16.4
2010-04-29  21:20:00  10 52 13.7  -05 12 30  +000978.2 -000240.0  02 59 44.3  230.827 24.864  53.89  36887 16.3
2010-04-29  21:30:00  11 03 04.4  -05 52 31  +000974.1 -000240.0  02 58 55.2  230.245 24.409  51.11  36995 16.3
2010-04-29  21:40:00  11 13 52.5  -06 32 27  +000970.1 -000239.3  02 58 08.8  229.679 23.947  48.36  37108 16.3
2010-04-29  21:50:00  11 24 38.0  -07 12 15  +000966.2 -000238.1  02 57 25.0  229.129 23.480  45.61  37224 16.2
2010-04-29  22:00:00  11 35 20.9  -07 51 47  +000962.5 -000236.3  02 56 43.7  228.595 23.008  42.88  37344 16.2
2010-04-29  22:10:00  11 46 01.3  -08 30 59  +000958.8 -000234.0  02 56 04.9  228.078 22.533  40.16  37467 16.2
2010-04-29  22:20:00  11 56 39.4  -09 09 46  +000955.3 -000231.2  02 55 28.5  227.578 22.057  37.47  37593 16.1
2010-04-29  22:30:00  12 07 15.2  -09 48 02  +000952.0 -000227.9  02 54 54.3  227.095 21.582  34.78  37721 16.1
2010-04-29  22:40:00  12 17 48.7  -10 25 43  +000948.7 -000224.2  02 54 22.4  226.629 21.110  32.13  37852 16.1
2010-04-29  22:50:00  12 28 20.2  -11 02 44  +000945.6 -000220.0  02 53 52.6  226.181 20.640  29.47  37984 16.1
2010-04-29  23:00:00  12 38 49.6  -11 39 02  +000942.6 -000215.4  02 53 24.9  225.751 20.176  26.85  38118 16.1
2010-04-29  23:10:00  12 49 17.0  -12 14 31  +000939.8 -000210.4  02 52 59.0  225.337 19.718  24.23  38253 16.1
2010-04-29  23:20:00  12 59 42.6  -12 49 09  +000937.0 -000205.0  02 52 35.1  224.941 19.267  21.64  38388 16.1
2010-04-29  23:30:00  13 10 06.4  -13 22 51  +000934.4 -000199.3  02 52 12.9  224.563 18.825  19.06  38524 16.0
2010-04-29  23:40:00  13 20 28.5  -13 55 34  +000931.9 -000193.2  02 51 52.5  224.201 18.393  16.51  38660 16.0
2010-04-29  23:50:00  13 30 49.0  -14 27 14  +000929.4 -000186.8  02 51 33.7  223.857 17.971  13.98  38796 16.0
2010-04-30  00:00:00  13 41 07.8  -14 57 50  +000927.1 -000180.2  02 51 16.5  223.530 17.562  11.49  38932 16.0
2010-04-30  00:10:00  13 51 25.1  -15 27 17     <<SHADOW>>        02 51 00.8  223.220 17.165   9.02  39067 ----
2010-04-30  00:20:00  14 01 40.9  -15 55 34     <<SHADOW>>        02 50 46.7  222.927 16.782   6.63  39200 ----
2010-04-30  00:30:00  14 11 55.3  -16 22 37     <<SHADOW>>        02 50 33.9  222.651 16.413   4.38  39333 ----
2010-04-30  00:40:00  14 22 08.2  -16 48 26     <<SHADOW>>        02 50 22.6  222.392 16.059   2.65  39463 ----
2010-04-30  00:50:00  14 32 19.8  -17 12 57     <<SHADOW>>        02 50 12.7  222.150 15.721   2.67  39592 ----
2010-04-30  01:00:00  14 42 30.0  -17 36 09     <<SHADOW>>        02 50 04.1  221.925 15.399   4.39  39718 ----
2010-04-30  01:10:00  14 52 38.9  -17 58 01  +000912.2 -000127.1  02 49 56.9  221.717 15.094   6.59  39843 16.1
2010-04-30  01:20:00  15 02 46.3  -18 18 30  +000910.2 -000118.8  02 49 51.1  221.525 14.805   8.90  39964 16.1
2010-04-30  01:30:00  15 12 52.5  -18 37 36  +000908.2 -000110.4  02 49 46.6  221.351 14.535  11.25  40083 16.1
2010-04-30  01:40:00  15 22 57.3  -18 55 17  +000906.2 -000101.9  02 49 43.5  221.193 14.282  13.60  40198 16.1

   Date        UTC        RA         DECL      RARate   DeclRate    HourAng      Az     Um    Phase  Range  Mag
2010-04-30  18:10:00  07 59 00.6  +04 05 21  +001041.0 -000162.4  02 46 22.8  233.443 34.478  98.89  35513 17.3
2010-04-30  18:20:00  08 10 33.7  +03 37 28  +001038.3 -000171.9  02 44 51.3  232.748 34.301  96.00  35527 17.2
2010-04-30  18:30:00  08 22 04.9  +03 08 03  +001035.3 -000181.0  02 43 21.7  232.047 34.094  93.09  35549 17.1
2010-04-30  18:40:00  08 33 34.0  +02 37 11  +001032.0 -000189.4  02 41 54.3  231.342 33.859  90.20  35578 17.1
2010-04-30  18:50:00  08 45 00.8  +02 04 57  +001028.4 -000197.3  02 40 29.1  230.635 33.596  87.30  35614 17.0
2010-04-30  19:00:00  08 56 25.1  +01 31 27  +001024.6 -000204.6  02 39 06.4  229.930 33.305  84.42  35657 16.9
2010-04-30  19:10:00  09 07 46.9  +00 56 47  +001020.6 -000211.2  02 37 46.3  229.229 32.989  81.52  35707 16.8
2010-04-30  19:20:00  09 19 06.0  +00 21 04  +001016.5 -000217.3  02 36 28.9  228.533 32.648  78.65  35764 16.8
2010-04-30  19:30:00  09 30 22.3  -00 15 36  +001012.3 -000222.7  02 35 14.2  227.844 32.284  75.77  35827 16.7
2010-04-30  19:40:00  09 41 35.7  -00 53 07  +001008.0 -000227.4  02 34 02.5  227.165 31.897  72.91  35897 16.6
2010-04-30  19:50:00  09 52 46.2  -01 31 22  +001003.6 -000231.5  02 32 53.6  226.497 31.491  70.05  35973 16.6
2010-04-30  20:00:00  10 03 53.8  -02 10 14  +000999.2 -000234.9  02 31 47.7  225.841 31.065  67.21  36055 16.5
2010-04-30  20:10:00  10 14 58.4  -02 49 38  +000994.7 -000237.7  02 30 44.7  225.198 30.623  64.37  36143 16.5
2010-04-30  20:20:00  10 26 00.1  -03 29 26  +000990.4 -000239.8  02 29 44.6  224.570 30.166  61.55  36236 16.4
2010-04-30  20:30:00  10 36 58.9  -04 09 32  +000986.0 -000241.3  02 28 47.5  223.958 29.695  58.73  36334 16.4
2010-04-30  20:40:00  10 47 54.8  -04 49 51  +000981.7 -000242.2  02 27 53.2  223.362 29.212  55.94  36437 16.3
2010-04-30  20:50:00  10 58 47.9  -05 30 15  +000977.5 -000242.5  02 27 01.8  222.783 28.720  53.15  36545 16.3
2010-04-30  21:00:00  11 09 38.2  -06 10 38  +000973.4 -000242.1  02 26 13.1  222.222 28.220  50.38  36657 16.3
2010-04-30  21:10:00  11 20 25.8  -06 50 56  +000969.4 -000241.2  02 25 27.1  221.678 27.713  47.62  36773 16.2
2010-04-30  21:20:00  11 31 10.7  -07 31 01  +000965.5 -000239.8  02 24 43.8  221.153 27.202  44.89  36893 16.2
2010-04-30  21:30:00  11 41 53.1  -08 10 49  +000961.7 -000237.7  02 24 03.1  220.646 26.688  42.15  37017 16.2
2010-04-30  21:40:00  11 52 33.1  -08 50 14  +000958.1 -000235.2  02 23 24.8  220.157 26.174  39.45  37143 16.1
2010-04-30  21:50:00  12 03 10.7  -09 29 12  +000954.6 -000232.2  02 22 48.8  219.686 25.659  36.75  37272 16.1
2010-04-30  22:00:00  12 13 45.9  -10 07 36  +000951.2 -000228.6  02 22 15.2  219.234 25.148  34.08  37403 16.1
2010-04-30  22:10:00  12 24 19.0  -10 45 23  +000948.0 -000224.7  02 21 43.8  218.800 24.639  31.41  37536 16.1
2010-04-30  22:20:00  12 34 49.9  -11 22 28  +000944.9 -000220.3  02 21 14.5  218.385 24.136  28.77  37671 16.1
2010-04-30  22:30:00  12 45 18.8  -11 58 47  +000941.9 -000215.4  02 20 47.2  217.987 23.640  26.14  37807 16.1
2010-04-30  22:40:00  12 55 45.8  -12 34 16  +000939.0 -000210.2  02 20 21.9  217.607 23.151  23.54  37945 16.0
2010-04-30  22:50:00  13 06 10.9  -13 08 50  +000936.3 -000204.6  02 19 58.5  217.245 22.672  20.94  38082 16.0
2010-04-30  23:00:00  13 16 34.2  -13 42 28  +000933.7 -000198.7  02 19 36.8  216.900 22.203  18.38  38220 16.0
2010-04-30  23:10:00  13 26 55.8  -14 15 04  +000931.1 -000192.4  02 19 16.8  216.572 21.746  15.83  38359 16.0
2010-04-30  23:20:00  13 37 15.8  -14 46 35  +000928.7 -000185.9  02 18 58.5  216.261 21.300  13.31  38496 16.0
2010-04-30  23:30:00  13 47 34.1  -15 17 00  +000926.3 -000179.0  02 18 41.8  215.967 20.869  10.81  38633 16.0
2010-04-30  23:40:00  13 57 50.9  -15 46 15     <<SHADOW>>        02 18 26.7  215.690 20.452   8.37  38769 ----
2010-04-30  23:50:00  14 08 06.2  -16 14 18     <<SHADOW>>        02 18 13.1  215.429 20.050   5.99  38904 ----
2010-05-01  00:00:00  14 18 20.0  -16 41 06     <<SHADOW>>        02 18 00.9  215.185 19.664   3.80  39038 ----
2010-05-01  00:10:00  14 28 32.4  -17 06 38     <<SHADOW>>        02 17 50.1  214.956 19.294   2.33  39169 ----
2010-05-01  00:20:00  14 38 43.4  -17 30 50     <<SHADOW>>        02 17 40.8  214.744 18.942   2.94  39299 ----
2010-05-01  00:30:00  14 48 53.0  -17 53 43     <<SHADOW>>        02 17 32.8  214.548 18.608   4.89  39426 ----
2010-05-01  00:40:00  14 59 01.2  -18 15 13  +000911.3 -000124.9  02 17 26.2  214.368 18.291   7.13  39550 16.1
2010-05-01  00:50:00  15 09 08.0  -18 35 20  +000909.2 -000116.5  02 17 21.0  214.204 17.994   9.46  39672 16.1
2010-05-01  01:00:00  15 19 13.5  -18 54 03  +000907.1 -000108.0  02 17 17.2  214.055 17.716  11.81  39791 16.1
2010-05-01  01:10:00  15 29 17.5  -19 11 20  +000905.0 -000099.4  02 17 14.8  213.923 17.456  14.17  39906 16.1
2010-05-01  01:20:00  15 39 20.2  -19 27 10  +000902.9 -000090.7  02 17 13.8  213.806 17.217  16.52  40018 16.1
2010-05-01  01:30:00  15 49 21.5  -19 41 34  +000900.8 -000082.0  02 17 14.2  213.706 16.997  18.88  40127 16.1
2010-05-01  01:40:00  15 59 21.2  -19 54 30  +000898.6 -000073.2  02 17 16.0  213.621 16.797  21.22  40231 16.1
