ЭФЕМЕРИДЫ ПО ОБЪЕКТУ:  90119
Для пункта:  10016 Маяки   46 23'50.68"   30 16'17.74"    14m
C   2010-04-15 12:00
по  2010-05-01 12:00
Шаг  0:10:00
Мин.угол места:          10 град
Макс.угол места Солнца: -10 град
Стандартный блеск :      9.8 (зв.вел.)

ОБОЗНАЧЕНИЯ
RA        прямое восхождение, тек.эпоха
DECL      склонение, тек.эпоха
RARate    скорость по пр.восх., арксек/мин
DeclRate  скорость по склонению, арксек/мин
HourAng   часовой угол
Az        азимут
Um        угол места
Phase     фазовый угол
Range     дальность
Mag       зв.величина (оценка)

   Date        UTC        RA         DECL      RARate   DeclRate    HourAng      Az     Um    Phase  Range  Mag
2010-04-15  17:50:00  11 23 48.9  -10 30 44  +001020.4 -000154.4  22 02 22.9  147.096 27.297  32.30  35805 16.5
2010-04-15  18:00:00  11 35 10.2  -10 56 14  +001023.5 -000151.5  22 01 03.2  146.940 26.780  29.51  35812 16.5
2010-04-15  18:10:00  11 46 33.5  -11 21 13  +001026.5 -000148.2  21 59 41.5  146.775 26.267  26.71  35821 16.4
2010-04-15  18:20:00  11 57 58.9  -11 45 38  +001029.6 -000144.6  21 58 17.8  146.599 25.760  23.94  35831 16.4
2010-04-15  18:30:00  12 09 26.3  -12 09 24  +001032.6 -000140.5  21 56 52.0  146.413 25.259  21.16  35842 16.4
2010-04-15  18:40:00  12 20 55.7  -12 32 27  +001035.6 -000136.1  21 55 24.2  146.216 24.765  18.41  35855 16.4
2010-04-15  18:50:00  12 32 27.1  -12 54 44  +001038.5 -000131.3  21 53 54.5  146.008 24.280  15.68  35869 16.4
2010-04-15  19:00:00  12 44 00.5  -13 16 11  +001041.4 -000126.1  21 52 22.8  145.790 23.804  13.00  35884 16.4
2010-04-15  19:10:00  12 55 35.7  -13 36 45  +001044.2 -000120.6  21 50 49.2  145.560 23.339  10.39  35900 16.3
2010-04-15  19:20:00  13 07 12.6  -13 56 22  +001046.8 -000114.8  21 49 13.9  145.319 22.884   7.96  35918 16.3
2010-04-15  19:30:00  13 18 51.4  -14 14 59     <<SHADOW>>        21 47 36.8  145.067 22.441   5.91  35937 ----
2010-04-15  19:40:00  13 30 31.7  -14 32 34     <<SHADOW>>        21 45 58.1  144.804 22.011   4.75  35957 ----
2010-04-15  19:50:00  13 42 13.5  -14 49 02     <<SHADOW>>        21 44 17.9  144.530 21.594   5.15  35978 ----
2010-04-15  20:00:00  13 53 56.8  -15 04 21     <<SHADOW>>        21 42 36.3  144.244 21.192   6.82  36000 ----
2010-04-15  20:10:00  14 05 41.3  -15 18 29     <<SHADOW>>        21 40 53.4  143.947 20.805   9.11  36023 ----
2010-04-15  20:20:00  14 17 27.0  -15 31 24     <<SHADOW>>        21 39 09.4  143.640 20.433  11.64  36047 ----
2010-04-15  20:30:00  14 29 13.7  -15 43 03  +001060.7 -000066.0  21 37 24.4  143.322 20.078  14.29  36072 16.4
2010-04-15  20:40:00  14 41 01.2  -15 53 24  +001061.8 -000058.2  21 35 38.5  142.993 19.740  17.00  36098 16.4
2010-04-15  20:50:00  14 52 49.4  -16 02 26  +001062.7 -000050.2  21 33 52.0  142.654 19.419  19.76  36125 16.4
2010-04-15  21:00:00  15 04 38.0  -16 10 07  +001063.3 -000042.0  21 32 04.9  142.305 19.116  22.53  36153 16.4
2010-04-15  21:10:00  15 16 27.0  -16 16 26  +001063.7 -000033.8  21 30 17.6  141.947 18.832  25.32  36181 16.4
2010-04-15  21:20:00  15 28 16.2  -16 21 23  +001063.7 -000025.5  21 28 30.1  141.579 18.568  28.11  36210 16.5
2010-04-15  21:30:00  15 40 05.3  -16 24 56  +001063.6 -000017.1  21 26 42.6  141.202 18.322  30.92  36239 16.5
2010-04-15  21:40:00  15 51 54.2  -16 27 05  +001063.1 -000008.7  21 24 55.3  140.817 18.096  33.72  36269 16.5
2010-04-15  21:50:00  16 03 42.7  -16 27 51  +001062.3 -000000.3  21 23 08.5  140.423 17.890  36.54  36300 16.6
2010-04-15  22:00:00  16 15 30.6  -16 27 12  +001061.3 +000008.1  21 21 22.2  140.022 17.704  39.34  36331 16.6
2010-04-15  22:10:00  16 27 17.8  -16 25 10  +001060.1 +000016.4  21 19 36.7  139.614 17.539  42.16  36362 16.6
2010-04-15  22:20:00  16 39 04.0  -16 21 45  +001058.5 +000024.6  21 17 52.1  139.198 17.393  44.96  36394 16.7
2010-04-15  22:30:00  16 50 49.0  -16 16 58  +001056.7 +000032.8  21 16 08.7  138.777 17.269  47.78  36426 16.7
2010-04-15  22:40:00  17 02 32.8  -16 10 50  +001054.7 +000040.8  21 14 26.6  138.350 17.164  50.58  36458 16.7
2010-04-15  22:50:00  17 14 15.2  -16 03 22  +001052.4 +000048.7  21 12 45.8  137.917 17.080  53.39  36490 16.8
2010-04-15  23:00:00  17 25 56.0  -15 54 36  +001049.9 +000056.4  21 11 06.7  137.480 17.016  56.19  36522 16.8
2010-04-15  23:10:00  17 37 35.1  -15 44 34  +001047.3 +000064.0  21 09 29.2  137.038 16.973  58.99  36554 16.9
2010-04-15  23:20:00  17 49 12.3  -15 33 18  +001044.4 +000071.3  21 07 53.6  136.592 16.948  61.78  36587 16.9
2010-04-15  23:30:00  18 00 47.6  -15 20 50  +001041.4 +000078.4  21 06 20.0  136.143 16.943  64.58  36619 17.0
2010-04-15  23:40:00  18 12 20.7  -15 07 12  +001038.2 +000085.2  21 04 48.5  135.691 16.958  67.37  36651 17.1
2010-04-15  23:50:00  18 23 51.8  -14 52 26  +001034.9 +000091.8  21 03 19.1  135.237 16.990  70.16  36683 17.1
2010-04-16  00:00:00  18 35 20.6  -14 36 36  +001031.5 +000098.2  21 01 52.0  134.780 17.041  72.93  36715 17.2
2010-04-16  00:10:00  18 46 47.1  -14 19 44  +001028.0 +000104.2  21 00 27.1  134.322 17.110  75.72  36747 17.2
2010-04-16  00:20:00  18 58 11.2  -14 01 53  +001024.4 +000110.0  20 59 04.6  133.864 17.195  78.48  36778 17.3
2010-04-16  00:30:00  19 09 32.9  -13 43 06  +001020.8 +000115.4  20 57 44.5  133.404 17.297  81.26  36809 17.4
2010-04-16  00:40:00  19 20 52.2  -13 23 26  +001017.1 +000120.5  20 56 26.9  132.944 17.415  84.01  36840 17.5
2010-04-16  00:50:00  19 32 09.0  -13 02 56  +001013.4 +000125.3  20 55 11.7  132.485 17.548  86.78  36870 17.5
2010-04-16  01:00:00  19 43 23.4  -12 41 41  +001009.7 +000129.8  20 53 59.0  132.026 17.695  89.52  36900 17.6
2010-04-16  01:10:00  19 54 35.4  -12 19 42  +001006.1 +000133.9  20 52 48.7  131.568 17.856  92.28  36929 17.7
2010-04-16  01:20:00  20 05 44.9  -11 57 03  +001002.5 +000137.7  20 51 40.8  131.112 18.030  95.01  36958 17.8
2010-04-16  01:30:00  20 16 52.0  -11 33 48  +000998.9 +000141.2  20 50 35.3  130.657 18.215  97.76  36987 17.9
2010-04-16  01:40:00  20 27 56.7  -11 10 00  +000995.4 +000144.3  20 49 32.2  130.204 18.412 100.48  37015 18.0
2010-04-16  01:50:00  20 38 59.2  -10 45 43  +000991.9 +000147.0  20 48 31.4  129.753 18.619 103.21  37042 18.1
2010-04-16  02:00:00  20 49 59.3  -10 21 01  +000988.6 +000149.4  20 47 32.9  129.305 18.836 105.93  37069 18.2
2010-04-16  02:10:00  21 00 57.3  -09 55 56  +000985.3 +000151.5  20 46 36.6  128.860 19.061 108.65  37095 18.3

   Date        UTC        RA         DECL      RARate   DeclRate    HourAng      Az     Um    Phase  Range  Mag
2010-04-23  18:00:00  05 30 00.2  +00 48 10  +000964.9 -000076.2  04 37 45.7  255.357 14.615 127.86  38223 19.3
2010-04-23  18:10:00  05 40 43.7  +00 34 57  +000965.9 -000082.4  04 37 03.7  255.070 14.567 125.21  38189 19.1
2010-04-23  18:20:00  05 51 28.0  +00 20 43  +000966.9 -000088.3  04 36 21.1  254.770 14.508 122.57  38156 19.0
2010-04-23  18:30:00  06 02 13.0  +00 05 30  +000967.9 -000094.2  04 35 37.8  254.457 14.439 119.91  38122 18.9
2010-04-23  18:40:00  06 12 58.6  -00 10 40  +000969.0 -000099.8  04 34 53.8  254.131 14.359 117.25  38088 18.7
2010-04-23  18:50:00  06 23 44.9  -00 27 45  +000970.0 -000105.3  04 34 09.1  253.792 14.269 114.57  38055 18.6
2010-04-23  19:00:00  06 34 32.0  -00 45 44  +000971.2 -000110.5  04 33 23.7  253.441 14.170 111.89  38021 18.5
2010-04-23  19:10:00  06 45 19.8  -01 04 35  +000972.3 -000115.6  04 32 37.5  253.078 14.061 109.20  37988 18.4
2010-04-23  19:20:00  06 56 08.4  -01 24 15  +000973.6 -000120.4  04 31 50.5  252.704 13.944 106.50  37955 18.3
2010-04-23  19:30:00  07 06 57.9  -01 44 42  +000974.8 -000125.0  04 31 02.7  252.318 13.818 103.80  37922 18.2
2010-04-23  19:40:00  07 17 48.3  -02 05 54  +000976.2 -000129.3  04 30 14.0  251.922 13.685 101.09  37889 18.1
2010-04-23  19:50:00  07 28 39.5  -02 27 47  +000977.5 -000133.4  04 29 24.4  251.516 13.545  98.37  37857 18.0
2010-04-23  20:00:00  07 39 31.7  -02 50 20  +000979.0 -000137.2  04 28 33.9  251.099 13.398  95.65  37825 17.9
2010-04-23  20:10:00  07 50 24.8  -03 13 29  +000980.5 -000140.7  04 27 42.4  250.674 13.245  92.92  37793 17.8
2010-04-23  20:20:00  08 01 19.0  -03 37 12  +000982.1 -000143.9  04 26 49.8  250.239 13.088  90.19  37762 17.7
2010-04-23  20:30:00  08 12 14.3  -04 01 25  +000983.8 -000146.8  04 25 56.2  249.796 12.926  87.44  37731 17.6
2010-04-23  20:40:00  08 23 10.8  -04 26 07  +000985.6 -000149.4  04 25 01.3  249.344 12.760  84.70  37701 17.5
2010-04-23  20:50:00  08 34 08.4  -04 51 12  +000987.4 -000151.6  04 24 05.3  248.885 12.591  81.95  37672 17.5
2010-04-23  21:00:00  08 45 07.3  -05 16 38  +000989.3 -000153.5  04 23 08.1  248.419 12.420  79.19  37643 17.4
2010-04-23  21:10:00  08 56 07.5  -05 42 22  +000991.3 -000155.1  04 22 09.5  247.947 12.248  76.43  37615 17.3
2010-04-23  21:20:00  09 07 09.1  -06 08 19  +000993.4 -000156.4  04 21 09.6  247.468 12.076  73.67  37587 17.2
2010-04-23  21:30:00  09 18 12.0  -06 34 28  +000995.5 -000157.3  04 20 08.3  246.983 11.903  70.89  37560 17.2
2010-04-23  21:40:00  09 29 16.4  -07 00 43  +000997.8 -000157.8  04 19 05.5  246.494 11.732  68.12  37534 17.1
2010-04-23  21:50:00  09 40 22.4  -07 27 02  +001000.1 -000157.9  04 18 01.2  245.999 11.563  65.33  37508 17.1
2010-04-23  22:00:00  09 51 29.9  -07 53 21  +001002.5 -000157.7  04 16 55.3  245.501 11.396  62.56  37483 17.0
2010-04-23  22:10:00  10 02 39.1  -08 19 35  +001004.9 -000157.1  04 15 47.8  244.999 11.234  59.76  37459 17.0
2010-04-23  22:20:00  10 13 49.9  -08 45 42  +001007.5 -000156.1  04 14 38.7  244.494 11.076  56.98  37436 16.9
2010-04-23  22:30:00  10 25 02.4  -09 11 37  +001010.0 -000154.8  04 13 27.8  243.986 10.923  54.18  37413 16.9
2010-04-23  22:40:00  10 36 16.6  -09 37 17  +001012.7 -000153.1  04 12 15.3  243.477 10.777  51.38  37391 16.8
2010-04-23  22:50:00  10 47 32.6  -10 02 37  +001015.3 -000150.9  04 11 00.9  242.965 10.638  48.58  37370 16.8
2010-04-23  23:00:00  10 58 50.4  -10 27 34  +001018.0 -000148.4  04 09 44.8  242.453 10.507  45.78  37350 16.7
2010-04-23  23:10:00  11 10 09.9  -10 52 05  +001020.7 -000145.6  04 08 26.8  241.941 10.385  42.97  37330 16.7
2010-04-23  23:20:00  11 21 31.3  -11 16 05  +001023.4 -000142.3  04 07 07.1  241.429 10.273  40.17  37311 16.7
2010-04-23  23:30:00  11 32 54.5  -11 39 30  +001026.1 -000138.7  04 05 45.6  240.918 10.170  37.35  37293 16.6
2010-04-23  23:40:00  11 44 19.5  -12 02 18  +001028.8 -000134.7  04 04 22.2  240.409 10.079  34.55  37276 16.6
2010-04-23  23:50:00  11 55 46.2  -12 24 24  +001031.5 -000130.4  04 02 57.1  239.902 10.000  31.73  37259 16.6

   Date        UTC        RA         DECL      RARate   DeclRate    HourAng      Az     Um    Phase  Range  Mag
2010-04-24  01:40:00  14 03 22.1  -15 26 20     <<SHADOW>>        03 45 39.3  234.644 10.077   2.75  37121 ----
2010-04-24  01:50:00  14 15 04.9  -15 36 07     <<SHADOW>>        03 43 58.1  234.212 10.181   3.55  37112 ----

   Date        UTC        RA         DECL      RARate   DeclRate    HourAng      Az     Um    Phase  Range  Mag
2010-04-24  18:00:00  07 55 47.6  -03 14 51  +000985.8 -000146.4  02 15 54.8  221.146 32.002  92.42  35989 17.7
2010-04-24  18:10:00  08 06 45.4  -03 39 32  +000987.4 -000149.9  02 14 58.7  220.681 31.741  89.66  35964 17.6
2010-04-24  18:20:00  08 17 44.2  -04 04 47  +000989.2 -000153.0  02 14 01.4  220.210 31.472  86.91  35940 17.5
2010-04-24  18:30:00  08 28 44.3  -04 30 31  +000991.0 -000155.7  02 13 03.0  219.732 31.195  84.14  35917 17.4
2010-04-24  18:40:00  08 39 45.6  -04 56 40  +000993.0 -000158.2  02 12 03.3  219.249 30.913  81.38  35895 17.3
2010-04-24  18:50:00  08 50 48.3  -05 23 13  +000995.0 -000160.3  02 11 02.3  218.759 30.625  78.60  35873 17.3
2010-04-24  19:00:00  09 01 52.4  -05 50 05  +000997.1 -000162.0  02 09 59.9  218.264 30.333  75.83  35853 17.2
2010-04-24  19:10:00  09 12 57.8  -06 17 12  +000999.3 -000163.3  02 08 56.1  217.764 30.037  73.03  35833 17.1
2010-04-24  19:20:00  09 24 04.8  -06 44 31  +001001.5 -000164.3  02 07 50.8  217.259 29.739  70.25  35815 17.1
2010-04-24  19:30:00  09 35 13.2  -07 11 57  +001003.9 -000164.9  02 06 43.9  216.751 29.439  67.45  35797 17.0
2010-04-24  19:40:00  09 46 23.3  -07 39 28  +001006.3 -000165.1  02 05 35.5  216.238 29.138  64.66  35781 17.0
2010-04-24  19:50:00  09 57 35.0  -08 06 58  +001008.8 -000164.9  02 04 25.5  215.722 28.838  61.85  35765 16.9
2010-04-24  20:00:00  10 08 48.4  -08 34 25  +001011.4 -000164.3  02 03 13.6  215.203 28.540  59.05  35751 16.8
2010-04-24  20:10:00  10 20 03.6  -09 01 44  +001014.0 -000163.3  02 02 00.2  214.681 28.243  56.23  35738 16.8
2010-04-24  20:20:00  10 31 20.5  -09 28 50  +001016.7 -000161.9  02 00 44.9  214.156 27.950  53.42  35726 16.7
2010-04-24  20:30:00  10 42 39.2  -09 55 41  +001019.4 -000160.1  01 59 27.9  213.629 27.662  50.60  35715 16.7
2010-04-24  20:40:00  10 53 59.7  -10 22 12  +001022.2 -000157.9  01 58 09.0  213.101 27.379  47.79  35705 16.7
2010-04-24  20:50:00  11 05 22.1  -10 48 19  +001025.0 -000155.3  01 56 48.2  212.570 27.102  44.96  35696 16.6
2010-04-24  21:00:00  11 16 46.3  -11 13 58  +001027.8 -000152.3  01 55 25.7  212.039 26.833  42.14  35688 16.6
2010-04-24  21:10:00  11 28 12.4  -11 39 05  +001030.6 -000149.0  01 54 01.2  211.507 26.572  39.31  35682 16.6
2010-04-24  21:20:00  11 39 40.4  -12 03 36  +001033.3 -000145.2  01 52 34.8  210.974 26.320  36.49  35676 16.5
2010-04-24  21:30:00  11 51 10.2  -12 27 27  +001036.1 -000141.0  01 51 06.7  210.441 26.079  33.66  35671 16.5
2010-04-24  21:40:00  12 02 41.8  -12 50 35  +001038.8 -000136.5  01 49 36.7  209.908 25.848  30.84  35668 16.5
2010-04-24  21:50:00  12 14 15.3  -13 12 55  +001041.4 -000131.6  01 48 04.9  209.376 25.630  28.00  35665 16.4
2010-04-24  22:00:00  12 25 50.4  -13 34 25  +001044.0 -000126.3  01 46 31.4  208.845 25.424  25.18  35664 16.4
2010-04-24  22:10:00  12 37 27.3  -13 55 00  +001046.5 -000120.7  01 44 56.2  208.315 25.232  22.36  35663 16.4
2010-04-24  22:20:00  12 49 05.7  -14 14 38  +001048.9 -000114.8  01 43 19.4  207.787 25.055  19.55  35663 16.4
2010-04-24  22:30:00  13 00 45.7  -14 33 14  +001051.1 -000108.5  01 41 41.0  207.261 24.893  16.74  35664 16.4
2010-04-24  22:40:00  13 12 27.2  -14 50 47  +001053.2 -000102.0  01 40 01.2  206.737 24.746  13.95  35666 16.3
2010-04-24  22:50:00  13 24 09.9  -15 07 13  +001055.1 -000095.1  01 38 20.1  206.217 24.616  11.18  35669 16.3
2010-04-24  23:00:00  13 35 54.0  -15 22 29     <<SHADOW>>        01 36 37.7  205.699 24.503   8.47  35672 ----
2010-04-24  23:10:00  13 47 39.1  -15 36 33     <<SHADOW>>        01 34 54.2  205.186 24.408   5.88  35676 ----
2010-04-24  23:20:00  13 59 25.2  -15 49 23     <<SHADOW>>        01 33 09.8  204.677 24.331   3.69  35681 ----
2010-04-24  23:30:00  14 11 12.1  -16 00 56     <<SHADOW>>        01 31 24.5  204.172 24.272   2.96  35687 ----
2010-04-24  23:40:00  14 22 59.7  -16 11 11     <<SHADOW>>        01 29 38.5  203.672 24.232   4.48  35693 ----
2010-04-24  23:50:00  14 34 47.8  -16 20 06  +001062.5 -000049.4  01 27 52.1  203.178 24.211   6.90  35699 16.3
2010-04-25  00:00:00  14 46 36.3  -16 27 39  +001062.9 -000041.2  01 26 05.2  202.690 24.210   9.54  35707 16.3
2010-04-25  00:10:00  14 58 25.0  -16 33 49  +001063.0 -000032.9  01 24 18.2  202.208 24.228  12.27  35714 16.3
2010-04-25  00:20:00  15 10 13.6  -16 38 36  +001062.9 -000024.5  01 22 31.2  201.733 24.267  15.03  35722 16.4
2010-04-25  00:30:00  15 22 02.1  -16 41 59  +001062.5 -000016.0  01 20 44.3  201.266 24.325  17.82  35731 16.4
2010-04-25  00:40:00  15 33 50.3  -16 43 57  +001061.9 -000007.6  01 18 57.8  200.806 24.403  20.61  35740 16.4
2010-04-25  00:50:00  15 45 37.9  -16 44 31  +001061.0 +000000.9  01 17 11.8  200.354 24.501  23.42  35749 16.4
2010-04-25  01:00:00  15 57 24.8  -16 43 40  +001059.8 +000009.4  01 15 26.6  199.910 24.619  26.21  35759 16.4
2010-04-25  01:10:00  16 09 10.9  -16 41 24  +001058.3 +000017.8  01 13 42.2  199.475 24.757  29.02  35769 16.5
2010-04-25  01:20:00  16 20 55.9  -16 37 45  +001056.6 +000026.1  01 11 58.8  199.050 24.914  31.82  35779 16.5
2010-04-25  01:30:00  16 32 39.6  -16 32 43  +001054.7 +000034.3  01 10 16.7  198.633 25.090  34.63  35789 16.5
2010-04-25  01:40:00  16 44 22.1  -16 26 20  +001052.5 +000042.4  01 08 35.9  198.227 25.285  37.42  35799 16.5
2010-04-25  01:50:00  16 56 02.9  -16 18 36  +001050.1 +000050.4  01 06 56.7  197.831 25.499  40.22  35810 16.6

   Date        UTC        RA         DECL      RARate   DeclRate    HourAng      Az     Um    Phase  Range  Mag
2010-04-25  18:00:00  10 31 03.4  -09 00 50  +001017.6 -000165.2  23 44 35.5  175.383 34.482  54.39  35195 16.7
2010-04-25  18:10:00  10 42 22.7  -09 28 15  +001020.2 -000163.7  23 43 17.8  175.030 34.007  51.56  35196 16.7
2010-04-25  18:20:00  10 53 43.8  -09 55 23  +001023.0 -000161.9  23 41 58.4  174.672 33.535  48.74  35198 16.6
2010-04-25  18:30:00  11 05 06.7  -10 22 11  +001025.7 -000159.6  23 40 37.2  174.310 33.067  45.90  35202 16.6
2010-04-25  18:40:00  11 16 31.4  -10 48 34  +001028.4 -000157.0  23 39 14.1  173.944 32.604  43.08  35207 16.6
2010-04-25  18:50:00  11 27 57.9  -11 14 29  +001031.2 -000153.9  23 37 49.2  173.573 32.147  40.23  35214 16.5
2010-04-25  19:00:00  11 39 26.3  -11 39 51  +001033.9 -000150.4  23 36 22.5  173.198 31.697  37.41  35222 16.5
2010-04-25  19:10:00  11 50 56.5  -12 04 36  +001036.7 -000146.5  23 34 53.9  172.817 31.255  34.56  35232 16.5
2010-04-25  19:20:00  12 02 28.6  -12 28 40  +001039.4 -000142.3  23 33 23.5  172.432 30.822  31.73  35243 16.4
2010-04-25  19:30:00  12 14 02.3  -12 51 60  +001042.0 -000137.6  23 31 51.4  172.042 30.399  28.89  35255 16.4
2010-04-25  19:40:00  12 25 37.8  -13 14 31  +001044.5 -000132.6  23 30 17.5  171.647 29.987  26.06  35268 16.4
2010-04-25  19:50:00  12 37 15.0  -13 36 11  +001047.0 -000127.2  23 28 42.0  171.247 29.587  23.22  35283 16.4
2010-04-25  20:00:00  12 48 53.8  -13 56 55  +001049.3 -000121.5  23 27 04.9  170.843 29.201  20.40  35299 16.4
2010-04-25  20:10:00  13 00 34.1  -14 16 41  +001051.6 -000115.5  23 25 26.2  170.433 28.827  17.57  35316 16.3
2010-04-25  20:20:00  13 12 15.9  -14 35 24  +001053.7 -000109.1  23 23 46.1  170.019 28.469  14.76  35334 16.3
2010-04-25  20:30:00  13 23 59.0  -14 53 02  +001055.6 -000102.5  23 22 04.6  169.601 28.125  11.95  35353 16.3
2010-04-25  20:40:00  13 35 43.3  -15 09 33  +001057.4 -000095.5  23 20 21.9  169.178 27.798   9.20  35373 16.3
2010-04-25  20:50:00  13 47 28.8  -15 24 53  +001058.9 -000088.4  23 18 38.1  168.751 27.488   6.50  35394 16.3
2010-04-25  21:00:00  13 59 15.2  -15 38 59     <<SHADOW>>        23 16 53.3  168.320 27.196   4.03  35416 ----
2010-04-25  21:10:00  14 11 02.5  -15 51 51     <<SHADOW>>        23 15 07.7  167.885 26.921   2.54  35439 ----
2010-04-25  21:20:00  14 22 50.5  -16 03 25     <<SHADOW>>        23 13 21.3  167.446 26.665   3.58  35462 ----
2010-04-25  21:30:00  14 34 39.0  -16 13 40     <<SHADOW>>        23 11 34.5  167.005 26.429   5.95  35487 ----
2010-04-25  21:40:00  14 46 27.8  -16 22 34     <<SHADOW>>        23 09 47.2  166.560 26.212   8.60  35512 ----
2010-04-25  21:50:00  14 58 16.9  -16 30 06  +001063.7 -000041.1  23 07 59.8  166.112 26.015  11.35  35537 16.3
2010-04-25  22:00:00  15 10 06.1  -16 36 15  +001063.6 -000032.7  23 06 12.3  165.662 25.839  14.12  35563 16.3
2010-04-25  22:10:00  15 21 55.0  -16 40 60  +001063.3 -000024.3  23 04 25.0  165.210 25.684  16.92  35589 16.4
2010-04-25  22:20:00  15 33 43.7  -16 44 21  +001062.7 -000015.8  23 02 38.0  164.757 25.549  19.71  35616 16.4
2010-04-25  22:30:00  15 45 31.8  -16 46 16  +001061.8 -000007.3  23 00 51.4  164.301 25.436  22.53  35643 16.4
2010-04-25  22:40:00  15 57 19.3  -16 46 47  +001060.6 +000001.2  22 59 05.6  163.845 25.344  25.33  35670 16.4
2010-04-25  22:50:00  16 09 05.9  -16 45 54  +001059.2 +000009.6  22 57 20.7  163.388 25.274  28.14  35697 16.4
2010-04-25  23:00:00  16 20 51.5  -16 43 36  +001057.5 +000018.0  22 55 36.7  162.931 25.224  30.94  35724 16.5
2010-04-25  23:10:00  16 32 35.9  -16 39 55  +001055.6 +000026.3  22 53 54.0  162.474 25.197  33.75  35752 16.5
2010-04-25  23:20:00  16 44 18.9  -16 34 51  +001053.5 +000034.5  22 52 12.6  162.017 25.190  36.54  35779 16.5
2010-04-25  23:30:00  16 56 00.4  -16 28 26  +001051.1 +000042.5  22 50 32.7  161.561 25.205  39.34  35807 16.6
2010-04-25  23:40:00  17 07 40.3  -16 20 41  +001048.5 +000050.4  22 48 54.5  161.106 25.240  42.13  35834 16.6
2010-04-25  23:50:00  17 19 18.4  -16 11 38  +001045.7 +000058.2  22 47 18.0  160.652 25.296  44.92  35861 16.6
2010-04-26  00:00:00  17 30 54.5  -16 01 19  +001042.7 +000065.7  22 45 43.6  160.200 25.372  47.70  35888 16.7
2010-04-26  00:10:00  17 42 28.6  -15 49 45  +001039.6 +000073.1  22 44 11.1  159.750 25.468  50.49  35915 16.7
2010-04-26  00:20:00  17 54 00.6  -15 36 59  +001036.3 +000080.2  22 42 40.8  159.302 25.583  53.26  35941 16.8
2010-04-26  00:30:00  18 05 30.3  -15 23 02  +001032.9 +000087.0  22 41 12.7  158.857 25.717  56.04  35967 16.8
2010-04-26  00:40:00  18 16 57.8  -15 07 59  +001029.4 +000093.6  22 39 46.9  158.414 25.870  58.80  35993 16.9
2010-04-26  00:50:00  18 28 22.8  -14 51 51  +001025.8 +000100.0  22 38 23.5  157.975 26.040  61.57  36018 16.9
2010-04-26  01:00:00  18 39 45.5  -14 34 41  +001022.1 +000106.0  22 37 02.5  157.539 26.227  64.32  36043 17.0
2010-04-26  01:10:00  18 51 05.6  -14 16 32  +001018.4 +000111.8  22 35 44.0  157.106 26.431  67.08  36067 17.0
2010-04-26  01:20:00  19 02 23.3  -13 57 27  +001014.6 +000117.2  22 34 28.0  156.678 26.651  69.82  36091 17.1
2010-04-26  01:30:00  19 13 38.4  -13 37 29  +001010.8 +000122.4  22 33 14.5  156.252 26.886  72.57  36114 17.1
2010-04-26  01:40:00  19 24 51.0  -13 16 41  +001007.0 +000127.2  22 32 03.5  155.831 27.135  75.30  36137 17.2
2010-04-26  01:50:00  19 36 01.1  -12 55 07  +001003.3 +000131.6  22 30 55.0  155.414 27.397  78.04  36159 17.3

   Date        UTC        RA         DECL      RARate   DeclRate    HourAng      Az     Um    Phase  Range  Mag
2010-04-26  18:10:00  13 22 12.0  -14 05 05  +001049.7 -000106.2  21 07 25.1  135.725 18.170  13.14  36317 16.4
2010-04-26  18:20:00  13 33 52.4  -14 22 15  +001051.4 -000099.7  21 05 46.4  135.511 17.723  10.33  36350 16.4
2010-04-26  18:30:00  13 45 33.8  -14 38 19  +001052.9 -000093.0  21 04 06.6  135.286 17.290   7.53  36384 16.4
2010-04-26  18:40:00  13 57 16.3  -14 53 14  +001054.3 -000086.0  21 02 25.8  135.050 16.871   4.80  36420 16.4
2010-04-26  18:50:00  14 08 59.5  -15 06 58     <<SHADOW>>        21 00 44.2  134.802 16.467   2.31  36456 ----
2010-04-26  19:00:00  14 20 43.5  -15 19 29     <<SHADOW>>        20 59 01.9  134.543 16.078   1.95  36493 ----
2010-04-26  19:10:00  14 32 28.0  -15 30 45     <<SHADOW>>        20 57 19.0  134.274 15.705   4.29  36531 ----
2010-04-26  19:20:00  14 44 12.9  -15 40 44     <<SHADOW>>        20 55 35.7  133.994 15.350   6.99  36570 ----
2010-04-26  19:30:00  14 55 58.1  -15 49 25     <<SHADOW>>        20 53 52.2  133.703 15.011   9.78  36610 ----
2010-04-26  19:40:00  15 07 43.3  -15 56 46  +001057.8 -000040.1  20 52 08.6  133.402 14.691  12.57  36650 16.4
2010-04-26  19:50:00  15 19 28.5  -16 02 47  +001057.6 -000032.0  20 50 25.1  133.091 14.389  15.38  36691 16.4
2010-04-26  20:00:00  15 31 13.4  -16 07 27  +001057.1 -000023.9  20 48 41.9  132.770 14.105  18.18  36732 16.4
2010-04-26  20:10:00  15 42 57.8  -16 10 45  +001056.3 -000015.7  20 46 59.0  132.440 13.841  21.00  36773 16.5
2010-04-26  20:20:00  15 54 41.7  -16 12 42  +001055.3 -000007.5  20 45 16.8  132.101 13.596  23.80  36815 16.5
2010-04-26  20:30:00  16 06 24.8  -16 13 17  +001054.0 +000000.6  20 43 35.3  131.754 13.371  26.61  36857 16.5
2010-04-26  20:40:00  16 18 07.0  -16 12 30  +001052.5 +000008.8  20 41 54.8  131.398 13.166  29.40  36900 16.5
2010-04-26  20:50:00  16 29 48.1  -16 10 22  +001050.7 +000016.8  20 40 15.3  131.034 12.981  32.21  36942 16.6
2010-04-26  21:00:00  16 41 27.9  -16 06 54  +001048.7 +000024.8  20 38 37.1  130.664 12.816  35.00  36984 16.6
2010-04-26  21:10:00  16 53 06.4  -16 02 06  +001046.5 +000032.7  20 37 00.3  130.286 12.671  37.79  37026 16.6
2010-04-26  21:20:00  17 04 43.3  -15 56 01  +001044.1 +000040.4  20 35 25.1  129.902 12.547  40.57  37068 16.7
2010-04-26  21:30:00  17 16 18.5  -15 48 38  +001041.5 +000048.0  20 33 51.5  129.512 12.442  43.36  37110 16.7
2010-04-26  21:40:00  17 27 51.9  -15 40 00  +001038.7 +000055.5  20 32 19.7  129.117 12.358  46.13  37151 16.7
2010-04-26  21:50:00  17 39 23.5  -15 30 09  +001035.8 +000062.7  20 30 49.8  128.716 12.293  48.91  37192 16.8
2010-04-26  22:00:00  17 50 53.0  -15 19 07  +001032.7 +000069.8  20 29 21.9  128.312 12.248  51.67  37233 16.8
2010-04-26  22:10:00  18 02 20.3  -15 06 55  +001029.4 +000076.6  20 27 56.2  127.903 12.223  54.44  37273 16.9
2010-04-26  22:20:00  18 13 45.5  -14 53 36  +001026.1 +000083.2  20 26 32.7  127.491 12.216  57.20  37312 16.9
2010-04-26  22:30:00  18 25 08.5  -14 39 13  +001022.7 +000089.5  20 25 11.4  127.076 12.227  59.96  37351 17.0
2010-04-26  22:40:00  18 36 29.1  -14 23 47  +001019.1 +000095.6  20 23 52.4  126.658 12.257  62.70  37389 17.0
2010-04-26  22:50:00  18 47 47.3  -14 07 22  +001015.6 +000101.4  20 22 35.8  126.238 12.304  65.45  37426 17.1
2010-04-26  23:00:00  18 59 03.2  -13 50 00  +001011.9 +000106.9  20 21 21.6  125.817 12.369  68.18  37463 17.1
2010-04-26  23:10:00  19 10 16.6  -13 31 45  +001008.3 +000112.1  20 20 09.8  125.394 12.450  70.91  37499 17.2
2010-04-26  23:20:00  19 21 27.5  -13 12 39  +001004.6 +000117.1  20 19 00.5  124.970 12.546  73.63  37534 17.2
2010-04-26  23:30:00  19 32 36.1  -12 52 45  +001001.0 +000121.7  20 17 53.6  124.546 12.658  76.36  37568 17.3
2010-04-26  23:40:00  19 43 42.2  -12 32 06  +000997.4 +000126.0  20 16 49.1  124.122 12.784  79.07  37601 17.4
2010-04-26  23:50:00  19 54 46.0  -12 10 46  +000993.8 +000130.0  20 15 47.0  123.698 12.925  81.79  37633 17.4
2010-04-27  00:00:00  20 05 47.4  -11 48 47  +000990.3 +000133.7  20 14 47.3  123.275 13.078  84.48  37664 17.5
2010-04-27  00:10:00  20 16 46.4  -11 26 13  +000986.9 +000137.0  20 13 49.9  122.853 13.243  87.19  37694 17.6
2010-04-27  00:20:00  20 27 43.2  -11 03 08  +000983.5 +000140.0  20 12 54.7  122.432 13.420  89.87  37723 17.7
2010-04-27  00:30:00  20 38 37.8  -10 39 34  +000980.2 +000142.7  20 12 01.8  122.013 13.607  92.57  37751 17.8
2010-04-27  00:40:00  20 49 30.2  -10 15 35  +000977.1 +000145.1  20 11 11.0  121.596 13.804  95.24  37778 17.8
2010-04-27  00:50:00  21 00 20.6  -09 51 13  +000974.0 +000147.1  20 10 22.3  121.181 14.010  97.92  37803 17.9
2010-04-27  01:00:00  21 11 08.9  -09 26 33  +000971.1 +000148.8  20 09 35.5  120.768 14.224 100.58  37828 18.0
2010-04-27  01:10:00  21 21 55.4  -09 01 38  +000968.3 +000150.2  20 08 50.7  120.358 14.445 103.25  37852 18.1
2010-04-27  01:20:00  21 32 40.1  -08 36 30  +000965.7 +000151.3  20 08 07.7  119.951 14.672 105.90  37874 18.2
2010-04-27  01:30:00  21 43 23.0  -08 11 13  +000963.2 +000152.0  20 07 26.4  119.547 14.904 108.55  37896 18.3
2010-04-27  01:40:00  21 54 04.3  -07 45 51  +000960.8 +000152.4  20 06 46.7  119.147 15.141 111.19  37916 18.5
2010-04-27  01:50:00  22 04 44.1  -07 20 26  +000958.6 +000152.5  20 06 08.6  118.750 15.381 113.83  37935 18.6
