ЭФЕМЕРИДЫ ПО ОБЪЕКТУ:  90114
Для пункта:  10016 Маяки   46 23'50.68"   30 16'17.74"    14m
C   2010-02-01 12:00
по  2010-02-16 12:00
Шаг  0:10:00
Мин.угол места:          10 град
Макс.угол места Солнца: -10 град
Стандартный блеск :      9.0 (зв.вел.)

ОБОЗНАЧЕНИЯ
RA        прямое восхождение, тек.эпоха
DECL      склонение, тек.эпоха
RARate    скорость по пр.восх., арксек/мин
DeclRate  скорость по склонению, арксек/мин
HourAng   часовой угол
Az        азимут
Um        угол места
Phase     фазовый угол
Range     дальность
Mag       зв.величина (оценка)

   Date        UTC        RA         DECL      RARate   DeclRate    HourAng      Az     Um    Phase  Range  Mag
2010-02-01  16:00:00  07 59 49.0  +07 31 29  +000922.6 -000036.0  18 48 16.2   93.528 13.755  17.60  40290 15.8
2010-02-01  16:10:00  08 10 03.6  +07 24 40  +000921.4 -000045.7  18 48 03.1   93.569 13.636  15.62  40306 15.8
2010-02-01  16:20:00  08 20 17.5  +07 16 15  +000920.0 -000055.3  18 47 51.0   93.632 13.500  13.85  40324 15.8
2010-02-01  16:30:00  08 30 30.3  +07 06 15  +000918.4 -000064.8  18 47 39.8   93.717 13.348  12.33  40343 15.8
2010-02-01  16:40:00  08 40 42.0  +06 54 40  +000916.7 -000074.1  18 47 29.7   93.824 13.180  11.20  40363 15.8
2010-02-01  16:50:00  08 50 52.5  +06 41 34  +000914.8 -000083.2  18 47 20.8   93.952 12.997  10.58  40385 15.8
2010-02-01  17:00:00  09 01 01.8  +06 26 57     <<SHADOW>>        18 47 13.2   94.102 12.799  10.54  40408 ----
2010-02-01  17:10:00  09 11 09.7  +06 10 52     <<SHADOW>>        18 47 07.0   94.273 12.588  11.10  40433 ----
2010-02-01  17:20:00  09 21 16.1  +05 53 20     <<SHADOW>>        18 47 02.1   94.465 12.363  12.17  40458 ----
2010-02-01  17:30:00  09 31 21.1  +05 34 26     <<SHADOW>>        18 46 58.8   94.677 12.125  13.63  40485 ----
2010-02-01  17:40:00  09 41 24.6  +05 14 10     <<SHADOW>>        18 46 56.9   94.910 11.876  15.37  40513 ----
2010-02-01  17:50:00  09 51 26.6  +04 52 35  +000901.8 -000133.3  18 46 56.6   95.162 11.614  17.31  40542 15.8
2010-02-01  18:00:00  10 01 27.0  +04 29 45  +000899.4 -000140.7  18 46 57.9   95.434 11.342  19.38  40572 15.9
2010-02-01  18:10:00  10 11 25.8  +04 05 42  +000897.1 -000147.8  18 47 00.7   95.723 11.059  21.55  40603 15.9
2010-02-01  18:20:00  10 21 23.1  +03 40 29  +000894.7 -000154.6  18 47 05.0   96.031 10.767  23.78  40634 15.9
2010-02-01  18:30:00  10 31 18.8  +03 14 10  +000892.5 -000161.1  18 47 11.0   96.356 10.465  26.07  40667 15.9
2010-02-01  18:40:00  10 41 13.0  +02 46 48  +000890.2 -000167.3  18 47 18.4   96.697 10.154  28.39  40700 15.9

   Date        UTC        RA         DECL      RARate   DeclRate    HourAng      Az     Um    Phase  Range  Mag
2010-02-02  16:10:00  08 14 08.4  +07 21 31  +000920.9 -000049.6  18 47 55.0   93.582 13.574  15.49  40314 15.8
2010-02-02  16:20:00  08 24 21.8  +07 12 27  +000919.4 -000059.1  18 47 43.2   93.654 13.432  13.69  40332 15.8
2010-02-02  16:30:00  08 34 34.2  +07 01 48  +000917.7 -000068.5  18 47 32.4   93.747 13.273  12.16  40352 15.8
2010-02-02  16:40:00  08 44 45.4  +06 49 37  +000916.0 -000077.8  18 47 22.8   93.863 13.099  11.02  40373 15.8
2010-02-02  16:50:00  08 54 55.4  +06 35 53  +000914.0 -000086.8  18 47 14.5   94.000 12.910  10.39  40395 15.8
2010-02-02  17:00:00  09 05 04.1  +06 20 41     <<SHADOW>>        18 47 07.4   94.158 12.707  10.35  40419 ----
2010-02-02  17:10:00  09 15 11.5  +06 04 00     <<SHADOW>>        18 47 01.7   94.337 12.490  10.93  40444 ----
2010-02-02  17:20:00  09 25 17.3  +05 45 55     <<SHADOW>>        18 46 57.5   94.538 12.260  12.01  40470 ----
2010-02-02  17:30:00  09 35 21.7  +05 26 27     <<SHADOW>>        18 46 54.8   94.759 12.018  13.50  40497 ----
2010-02-02  17:40:00  09 45 24.6  +05 05 39     <<SHADOW>>        18 46 53.5   94.999 11.763  15.25  40526 ----
2010-02-02  17:50:00  09 55 25.9  +04 43 34  +000900.8 -000136.3  18 46 53.9   95.259 11.498  17.21  40555 15.8
2010-02-02  18:00:00  10 05 25.6  +04 20 14  +000898.4 -000143.6  18 46 55.8   95.538 11.221  19.29  40585 15.9
2010-02-02  18:10:00  10 15 23.8  +03 55 43  +000896.1 -000150.6  18 46 59.2   95.836 10.934  21.47  40616 15.9
2010-02-02  18:20:00  10 25 20.5  +03 30 03  +000893.8 -000157.3  18 47 04.2   96.150 10.638  23.71  40648 15.9
2010-02-02  18:30:00  10 35 15.6  +03 03 18  +000891.5 -000163.7  18 47 10.8   96.482 10.333  26.01  40681 15.9
2010-02-02  18:40:00  10 45 09.2  +02 35 30  +000889.3 -000169.7  18 47 18.8   96.829 10.018  28.33  40715 15.9

   Date        UTC        RA         DECL      RARate   DeclRate    HourAng      Az     Um    Phase  Range  Mag
2010-02-03  16:10:00  08 18 12.6  +07 18 08  +000920.3 -000053.5  18 47 47.3   93.599 13.512  15.35  40321 15.8
2010-02-03  16:20:00  08 28 25.6  +07 08 26  +000918.7 -000063.0  18 47 35.9   93.679 13.363  13.54  40340 15.8
2010-02-03  16:30:00  08 38 37.6  +06 57 09  +000917.0 -000072.3  18 47 25.6   93.781 13.198  12.00  40360 15.8
2010-02-03  16:40:00  08 48 48.4  +06 44 20  +000915.2 -000081.5  18 47 16.5   93.905 13.018  10.84  40382 15.8
2010-02-03  16:50:00  08 58 57.9  +06 30 01  +000913.2 -000090.4  18 47 08.6   94.051 12.823  10.20  40405 15.8
2010-02-03  17:00:00  09 09 06.0  +06 14 13     <<SHADOW>>        18 47 02.1   94.218 12.614  10.17  40430 ----
2010-02-03  17:10:00  09 19 12.7  +05 56 58     <<SHADOW>>        18 46 57.0   94.406 12.392  10.76  40455 ----
2010-02-03  17:20:00  09 29 18.0  +05 38 19     <<SHADOW>>        18 46 53.4   94.615 12.157  11.86  40482 ----
2010-02-03  17:30:00  09 39 21.8  +05 18 19     <<SHADOW>>        18 46 51.2   94.844 11.909  13.36  40509 ----
2010-02-03  17:40:00  09 49 24.0  +04 56 59     <<SHADOW>>        18 46 50.6   95.092 11.650  15.13  40538 ----
2010-02-03  17:50:00  09 59 24.7  +04 34 23     <<SHADOW>>        18 46 51.6   95.360 11.380  17.11  40568 ----
2010-02-03  18:00:00  10 09 23.8  +04 10 34  +000897.5 -000146.5  18 46 54.1   95.647 11.100  19.19  40599 15.9
2010-02-03  18:10:00  10 19 21.4  +03 45 34  +000895.2 -000153.4  18 46 58.2   95.951 10.809  21.39  40630 15.9
2010-02-03  18:20:00  10 29 17.4  +03 19 28  +000892.9 -000159.9  18 47 03.9   96.272 10.509  23.63  40663 15.9
2010-02-03  18:30:00  10 39 11.9  +02 52 17  +000890.6 -000166.1  18 47 11.0   96.610 10.200  25.94  40696 15.9

   Date        UTC        RA         DECL      RARate   DeclRate    HourAng      Az     Um    Phase  Range  Mag
2010-02-04  16:10:00  08 22 16.4  +07 14 31  +000919.7 -000057.3  18 47 40.0   93.619 13.448  15.21  40329 15.8
2010-02-04  16:20:00  08 32 29.0  +07 04 11  +000918.1 -000066.7  18 47 29.1   93.709 13.292  13.39  40348 15.8
2010-02-04  16:30:00  08 42 40.5  +06 52 17  +000916.3 -000076.0  18 47 19.2   93.820 13.121  11.83  40369 15.8
2010-02-04  16:40:00  08 52 50.8  +06 38 52  +000914.4 -000085.1  18 47 10.6   93.952 12.935  10.66  40392 15.8
2010-02-04  16:50:00  09 02 59.8  +06 23 56  +000912.4 -000094.0  18 47 03.2   94.107 12.734  10.01  40415 15.8
2010-02-04  17:00:00  09 13 07.4  +06 07 33     <<SHADOW>>        18 46 57.3   94.282 12.520   9.98  40440 ----
2010-02-04  17:10:00  09 23 13.5  +05 49 44     <<SHADOW>>        18 46 52.8   94.478 12.293  10.58  40466 ----
2010-02-04  17:20:00  09 33 18.2  +05 30 32     <<SHADOW>>        18 46 49.7   94.695 12.053  11.70  40493 ----
2010-02-04  17:30:00  09 43 21.4  +05 09 59     <<SHADOW>>        18 46 48.2   94.932 11.800  13.23  40522 ----
2010-02-04  17:40:00  09 53 23.0  +04 48 08     <<SHADOW>>        18 46 48.2   95.189 11.537  15.02  40551 ----
2010-02-04  17:50:00  10 03 23.0  +04 25 03     <<SHADOW>>        18 46 49.8   95.464 11.262  17.00  40581 ----
2010-02-04  18:00:00  10 13 21.5  +04 00 45  +000896.5 -000149.3  18 46 53.0   95.758 10.978  19.10  40612 15.9
2010-02-04  18:10:00  10 23 18.4  +03 35 18  +000894.2 -000156.0  18 46 57.7   96.069 10.683  21.31  40644 15.9
2010-02-04  18:20:00  10 33 13.8  +03 08 45  +000891.9 -000162.5  18 47 04.0   96.397 10.379  23.56  40677 15.9
2010-02-04  18:30:00  10 43 07.7  +02 41 10  +000889.7 -000168.6  18 47 11.8   96.742 10.067  25.87  40710 15.9

   Date        UTC        RA         DECL      RARate   DeclRate    HourAng      Az     Um    Phase  Range  Mag
2010-02-05  16:10:00  08 26 19.7  +07 10 40  +000919.1 -000061.1  18 47 33.3   93.645 13.382  15.07  40336 15.8
2010-02-05  16:20:00  08 36 31.9  +06 59 42  +000917.4 -000070.5  18 47 22.8   93.743 13.220  13.24  40357 15.8
2010-02-05  16:30:00  08 46 42.9  +06 47 12  +000915.6 -000079.7  18 47 13.4   93.862 13.043  11.66  40378 15.8
2010-02-05  16:40:00  08 56 52.7  +06 33 10  +000913.7 -000088.7  18 47 05.2   94.004 12.851  10.48  40401 15.8
2010-02-05  16:50:00  09 07 01.1  +06 17 39  +000911.6 -000097.5  18 46 58.4   94.166 12.645   9.82  40425 15.8
2010-02-05  17:00:00  09 17 08.2  +06 00 41     <<SHADOW>>        18 46 53.0   94.350 12.425   9.79  40451 ----
2010-02-05  17:10:00  09 27 13.8  +05 42 18     <<SHADOW>>        18 46 49.1   94.555 12.193  10.41  40477 ----
2010-02-05  17:20:00  09 37 17.8  +05 22 33     <<SHADOW>>        18 46 46.7   94.780 11.948  11.55  40505 ----
2010-02-05  17:30:00  09 47 20.4  +05 01 29     <<SHADOW>>        18 46 45.8   95.024 11.691  13.09  40534 ----
2010-02-05  17:40:00  09 57 21.4  +04 39 08     <<SHADOW>>        18 46 46.4   95.289 11.423  14.90  40563 ----
2010-02-05  17:50:00  10 07 20.8  +04 15 33     <<SHADOW>>        18 46 48.6   95.571 11.144  16.90  40594 ----
2010-02-05  18:00:00  10 17 18.6  +03 50 47  +000895.6 -000152.0  18 46 52.4   95.872 10.855  19.01  40625 15.9
2010-02-05  18:10:00  10 27 14.9  +03 24 53  +000893.3 -000158.7  18 46 57.8   96.191 10.557  21.22  40658 15.9
2010-02-05  18:20:00  10 37 09.7  +02 57 54  +000891.0 -000165.0  18 47 04.7   96.526 10.250  23.49  40691 15.9

   Date        UTC        RA         DECL      RARate   DeclRate    HourAng      Az     Um    Phase  Range  Mag
2010-02-06  16:10:00  08 30 22.4  +07 06 34  +000918.5 -000064.9  18 47 27.2   93.675 13.315  14.94  40344 15.8
2010-02-06  16:20:00  08 40 34.1  +06 54 59  +000916.8 -000074.2  18 47 17.1   93.781 13.147  13.09  40365 15.8
2010-02-06  16:30:00  08 50 44.7  +06 41 52  +000914.9 -000083.3  18 47 08.1   93.909 12.964  11.49  40387 15.8
2010-02-06  16:40:00  09 00 54.0  +06 27 14  +000912.9 -000092.2  18 47 00.5   94.059 12.766  10.29  40411 15.8
2010-02-06  16:50:00  09 11 01.9  +06 11 08  +000910.8 -000101.0  18 46 54.2   94.230 12.554   9.63  40435 15.8
2010-02-06  17:00:00  09 21 08.4  +05 53 36     <<SHADOW>>        18 46 49.4   94.423 12.329   9.60  40461 ----
2010-02-06  17:10:00  09 31 13.4  +05 34 40     <<SHADOW>>        18 46 46.0   94.635 12.092  10.23  40488 ----
2010-02-06  17:20:00  09 41 16.8  +05 14 23     <<SHADOW>>        18 46 44.2   94.868 11.842  11.39  40516 ----
2010-02-06  17:30:00  09 51 18.8  +04 52 47     <<SHADOW>>        18 46 43.9   95.121 11.581  12.96  40546 ----
2010-02-06  17:40:00  10 01 19.1  +04 29 56     <<SHADOW>>        18 46 45.2   95.392 11.308  14.78  40576 ----
2010-02-06  17:50:00  10 11 17.9  +04 05 52     <<SHADOW>>        18 46 48.0   95.683 11.025  16.80  40607 ----
2010-02-06  18:00:00  10 21 15.2  +03 40 39  +000894.7 -000154.7  18 46 52.4   95.991 10.733  18.92  40638 15.9
2010-02-06  18:10:00  10 31 10.9  +03 14 18  +000892.4 -000161.2  18 46 58.4   96.316 10.431  21.14  40671 15.9
2010-02-06  18:20:00  10 41 05.0  +02 46 55  +000890.1 -000167.4  18 47 05.9   96.657 10.120  23.41  40704 15.9

   Date        UTC        RA         DECL      RARate   DeclRate    HourAng      Az     Um    Phase  Range  Mag
2010-02-07  16:10:00  08 34 24.5  +07 02 13  +000917.9 -000068.6  18 47 21.7   93.709 13.247  14.80  40352 15.8
2010-02-07  16:20:00  08 44 35.8  +06 50 01  +000916.1 -000077.8  18 47 12.0   93.825 13.073  12.94  40373 15.8
2010-02-07  16:30:00  08 54 45.8  +06 36 17  +000914.1 -000086.9  18 47 03.5   93.961 12.884  11.32  40396 15.8
2010-02-07  16:40:00  09 04 54.6  +06 21 04  +000912.1 -000095.7  18 46 56.4   94.120 12.680  10.11  40420 15.8
2010-02-07  16:50:00  09 15 02.0  +06 04 23  +000910.0 -000104.4  18 46 50.7   94.299 12.463   9.43  40445 15.8
2010-02-07  17:00:00  09 25 07.9  +05 46 17     <<SHADOW>>        18 46 46.4   94.500 12.233   9.41  40472 ----
2010-02-07  17:10:00  09 35 12.3  +05 26 49     <<SHADOW>>        18 46 43.7   94.720 11.990  10.05  40499 ----
2010-02-07  17:20:00  09 45 15.2  +05 05 60     <<SHADOW>>        18 46 42.4   94.961 11.736  11.24  40528 ----
2010-02-07  17:30:00  09 55 16.5  +04 43 54     <<SHADOW>>        18 46 42.7   95.221 11.470  12.82  40557 ----
2010-02-07  17:40:00  10 05 16.3  +04 20 33     <<SHADOW>>        18 46 44.6   95.501 11.193  14.66  40588 ----
2010-02-07  17:50:00  10 15 14.4  +03 56 01     <<SHADOW>>        18 46 48.1   95.798 10.906  16.69  40619 ----
2010-02-07  18:00:00  10 25 11.1  +03 30 21  +000893.8 -000157.4  18 46 53.1   96.113 10.610  18.83  40652 15.9
2010-02-07  18:10:00  10 35 06.1  +03 03 35  +000891.5 -000163.7  18 46 59.7   96.444 10.304  21.06  40685 15.9

   Date        UTC        RA         DECL      RARate   DeclRate    HourAng      Az     Um    Phase  Range  Mag
2010-02-08  16:10:00  08 38 25.9  +06 57 36  +000917.2 -000072.3  18 47 16.8   93.749 13.178  14.67  40360 15.8
2010-02-08  16:20:00  08 48 36.8  +06 44 47  +000915.3 -000081.5  18 47 07.6   93.873 12.997  12.79  40382 15.8
2010-02-08  16:30:00  08 58 46.3  +06 30 28  +000913.4 -000090.4  18 46 59.6   94.018 12.802  11.16  40405 15.8
2010-02-08  16:40:00  09 08 54.6  +06 14 39  +000911.3 -000099.2  18 46 53.0   94.185 12.593   9.93  40430 15.8
2010-02-08  16:50:00  09 19 01.4  +05 57 24  +000909.1 -000107.7  18 46 47.9   94.373 12.371   9.24  40456 15.8
2010-02-08  17:00:00  09 29 06.7  +05 38 45     <<SHADOW>>        18 46 44.2   94.581 12.136   9.22  40482 ----
2010-02-08  17:10:00  09 39 10.5  +05 18 45     <<SHADOW>>        18 46 42.0   94.810 11.888   9.88  40510 ----
2010-02-08  17:20:00  09 49 12.8  +04 57 25     <<SHADOW>>        18 46 41.3   95.059 11.629  11.08  40539 ----
2010-02-08  17:30:00  09 59 13.5  +04 34 49     <<SHADOW>>        18 46 42.3   95.326 11.359  12.69  40569 ----
2010-02-08  17:40:00  10 09 12.7  +04 10 59     <<SHADOW>>        18 46 44.8   95.613 11.078  14.54  40600 ----
2010-02-08  17:50:00  10 19 10.2  +03 45 60     <<SHADOW>>        18 46 48.8   95.917 10.787  16.59  40632 ----
2010-02-08  18:00:00  10 29 06.3  +03 19 53  +000892.9 -000159.9  18 46 54.5   96.239 10.487  18.74  40665 15.9
2010-02-08  18:10:00  10 39 00.8  +02 52 42  +000890.6 -000166.2  18 47 01.6   96.577 10.178  20.98  40698 15.9

   Date        UTC        RA         DECL      RARate   DeclRate    HourAng      Az     Um    Phase  Range  Mag
2010-02-09  16:20:00  08 52 37.1  +06 39 18  +000914.6 -000085.0  18 47 03.8   93.926 12.921  12.64  40391 15.8
2010-02-09  16:30:00  09 02 46.1  +06 24 23  +000912.6 -000093.9  18 46 56.4   94.080 12.720  11.00  40415 15.8
2010-02-09  16:40:00  09 12 53.8  +06 08 00  +000910.5 -000102.6  18 46 50.3   94.255 12.506   9.75  40440 15.8
2010-02-09  16:50:00  09 23 00.1  +05 50 12     <<SHADOW>>        18 46 45.7   94.451 12.278   9.05  40466 ----
2010-02-09  17:00:00  09 33 04.8  +05 31 00     <<SHADOW>>        18 46 42.6   94.668 12.038   9.03  40493 ----
2010-02-09  17:10:00  09 43 08.1  +05 10 28     <<SHADOW>>        18 46 41.0   94.904 11.786   9.70  40522 ----
2010-02-09  17:20:00  09 53 09.7  +04 48 37     <<SHADOW>>        18 46 41.0   95.161 11.522  10.92  40551 ----
2010-02-09  17:30:00  10 03 09.8  +04 25 32     <<SHADOW>>        18 46 42.5   95.436 11.247  12.55  40581 ----
2010-02-09  17:40:00  10 13 08.4  +04 01 14     <<SHADOW>>        18 46 45.6   95.729 10.962  14.43  40613 ----
2010-02-09  17:50:00  10 23 05.3  +03 35 47     <<SHADOW>>        18 46 50.3   96.041 10.668  16.49  40645 ----
2010-02-09  18:00:00  10 33 00.7  +03 09 15  +000892.0 -000162.5  18 46 56.5   96.369 10.364  18.65  40678 15.9
2010-02-09  18:10:00  10 42 54.6  +02 41 39  +000889.7 -000168.6  18 47 04.3   96.713 10.052  20.90  40711 15.9

   Date        UTC        RA         DECL      RARate   DeclRate    HourAng      Az     Um    Phase  Range  Mag
2010-02-10  16:20:00  08 56 36.7  +06 33 35  +000913.8 -000088.6  18 47 00.8   93.985 12.843  12.50  40400 15.8
2010-02-10  16:30:00  09 06 45.2  +06 18 04  +000911.8 -000097.4  18 46 53.9   94.147 12.637  10.83  40424 15.8
2010-02-10  16:40:00  09 16 52.3  +06 01 07  +000909.6 -000106.0  18 46 48.4   94.331 12.417   9.56  40450 15.8
2010-02-10  16:50:00  09 26 58.0  +05 42 46     <<SHADOW>>        18 46 44.3   94.535 12.184   8.85  40476 ----
2010-02-10  17:00:00  09 37 02.2  +05 23 02     <<SHADOW>>        18 46 41.8   94.759 11.939   8.84  40504 ----
2010-02-10  17:10:00  09 47 04.8  +05 01 58     <<SHADOW>>        18 46 40.8   95.004 11.682   9.52  40533 ----
2010-02-10  17:20:00  09 57 05.9  +04 39 37     <<SHADOW>>        18 46 41.4   95.267 11.414  10.77  40563 ----
2010-02-10  17:30:00  10 07 05.4  +04 16 03     <<SHADOW>>        18 46 43.5   95.550 11.136  12.42  40593 ----
2010-02-10  17:40:00  10 17 03.3  +03 51 18     <<SHADOW>>        18 46 47.3   95.850 10.847  14.31  40625 ----
2010-02-10  17:50:00  10 26 59.6  +03 25 24     <<SHADOW>>        18 46 52.6   96.169 10.549  16.38  40657 ----
2010-02-10  18:00:00  10 36 54.5  +02 58 26  +000891.1 -000164.9  18 46 59.4   96.503 10.241  18.55  40691 15.9

   Date        UTC        RA         DECL      RARate   DeclRate    HourAng      Az     Um    Phase  Range  Mag
2010-02-11  16:20:00  09 00 35.6  +06 27 36  +000913.0 -000092.1  18 46 58.4   94.048 12.765  12.36  40409 15.8
2010-02-11  16:30:00  09 10 43.6  +06 11 32  +000910.9 -000100.8  18 46 52.1   94.219 12.553  10.67  40434 15.8
2010-02-11  16:40:00  09 20 50.1  +05 54 01  +000908.8 -000109.3  18 46 47.1   94.411 12.328   9.38  40460 15.8
2010-02-11  16:50:00  09 30 55.2  +05 35 06     <<SHADOW>>        18 46 43.7   94.623 12.090   8.66  40487 ----
2010-02-11  17:00:00  09 40 58.8  +05 14 50     <<SHADOW>>        18 46 41.7   94.855 11.840   8.65  40515 ----
2010-02-11  17:10:00  09 51 00.8  +04 53 16     <<SHADOW>>        18 46 41.4   95.107 11.579   9.35  40544 ----
2010-02-11  17:20:00  10 01 01.3  +04 30 26     <<SHADOW>>        18 46 42.6   95.379 11.307  10.61  40574 ----
2010-02-11  17:30:00  10 11 00.2  +04 06 23     <<SHADOW>>        18 46 45.3   95.668 11.024  12.28  40605 ----
2010-02-11  17:40:00  10 20 57.5  +03 41 10     <<SHADOW>>        18 46 49.7   95.976 10.731  14.19  40637 ----
2010-02-11  17:50:00  10 30 53.2  +03 14 51     <<SHADOW>>        18 46 55.5   96.301 10.429  16.28  40670 ----
2010-02-11  18:00:00  10 40 47.5  +02 47 28  +000890.2 -000167.3  18 47 02.9   96.641 10.118  18.46  40704 15.9

   Date        UTC        RA         DECL      RARate   DeclRate    HourAng      Az     Um    Phase  Range  Mag
2010-02-12  16:20:00  09 04 33.8  +06 21 24  +000912.2 -000095.6  18 46 56.7   94.117 12.685  12.22  40418 15.8
2010-02-12  16:30:00  09 14 41.2  +06 04 45  +000910.1 -000104.2  18 46 50.9   94.296 12.468  10.52  40444 15.8
2010-02-12  16:40:00  09 24 47.2  +05 46 41  +000907.9 -000112.6  18 46 46.6   94.495 12.238   9.21  40470 15.8
2010-02-12  16:50:00  09 34 51.7  +05 27 14     <<SHADOW>>        18 46 43.7   94.716 11.996   8.47  40497 ----
2010-02-12  17:00:00  09 44 54.7  +05 06 27     <<SHADOW>>        18 46 42.4   94.956 11.741   8.45  40526 ----
2010-02-12  17:10:00  09 54 56.1  +04 44 22     <<SHADOW>>        18 46 42.6   95.216 11.475   9.17  40556 ----
2010-02-12  17:20:00  10 04 55.9  +04 21 03     <<SHADOW>>        18 46 44.4   95.494 11.199  10.46  40586 ----
2010-02-12  17:30:00  10 14 54.2  +03 56 32     <<SHADOW>>        18 46 47.8   95.791 10.912  12.14  40618 ----
2010-02-12  17:40:00  10 24 50.9  +03 30 53     <<SHADOW>>        18 46 52.8   96.105 10.615  14.07  40650 ----
2010-02-12  17:50:00  10 34 46.1  +03 04 08     <<SHADOW>>        18 46 59.3   96.437 10.310  16.18  40683 ----

   Date        UTC        RA         DECL      RARate   DeclRate    HourAng      Az     Um    Phase  Range  Mag
2010-02-13  16:20:00  09 08 31.3  +06 14 59  +000911.4 -000099.0  18 46 55.7   94.189 12.605  12.09  40428 15.8
2010-02-13  16:30:00  09 18 38.2  +05 57 46  +000909.2 -000107.6  18 46 50.5   94.377 12.383  10.36  40453 15.8
2010-02-13  16:40:00  09 28 43.6  +05 39 09  +000907.0 -000115.9  18 46 46.7   94.585 12.148   9.03  40480 15.8
2010-02-13  16:50:00  09 38 47.5  +05 19 10     <<SHADOW>>        18 46 44.5   94.813 11.900   8.27  40508 ----
2010-02-13  17:00:00  09 48 49.9  +04 57 51     <<SHADOW>>        18 46 43.8   95.061 11.641   8.26  40537 ----
2010-02-13  17:10:00  09 58 50.7  +04 35 17     <<SHADOW>>        18 46 44.6   95.328 11.371   8.99  40567 ----
2010-02-13  17:20:00  10 08 49.9  +04 11 29     <<SHADOW>>        18 46 47.1   95.614 11.090  10.30  40598 ----
2010-02-13  17:30:00  10 18 47.5  +03 46 31     <<SHADOW>>        18 46 51.0   95.918 10.800  12.01  40630 ----
2010-02-13  17:40:00  10 28 43.6  +03 20 25     <<SHADOW>>        18 46 56.6   96.239 10.500  13.96  40662 ----
2010-02-13  17:50:00  10 38 38.2  +02 53 16     <<SHADOW>>        18 47 03.7   96.577 10.191  16.07  40696 ----

   Date        UTC        RA         DECL      RARate   DeclRate    HourAng      Az     Um    Phase  Range  Mag
2010-02-14  16:20:00  09 12 28.3  +06 08 21  +000910.5 -000102.4  18 46 55.4   94.267 12.524  11.95  40437 15.8
2010-02-14  16:30:00  09 22 34.6  +05 50 34  +000908.3 -000110.9  18 46 50.7   94.462 12.297  10.20  40464 15.8
2010-02-14  16:40:00  09 32 39.4  +05 31 24  +000906.1 -000119.1  18 46 47.5   94.678 12.057   8.85  40491 15.8
2010-02-14  16:50:00  09 42 42.7  +05 10 54     <<SHADOW>>        18 46 45.9   94.914 11.805   8.08  40519 ----
2010-02-14  17:00:00  09 52 44.4  +04 49 05     <<SHADOW>>        18 46 45.8   95.170 11.541   8.07  40548 ----
2010-02-14  17:10:00  10 02 44.6  +04 26 01     <<SHADOW>>        18 46 47.3   95.445 11.267   8.81  40579 ----
2010-02-14  17:20:00  10 12 43.2  +04 01 45     <<SHADOW>>        18 46 50.3   95.738 10.982  10.14  40610 ----
2010-02-14  17:30:00  10 22 40.2  +03 36 20     <<SHADOW>>        18 46 54.9   96.049 10.688  11.88  40642 ----
2010-02-14  17:40:00  10 32 35.7  +03 09 49     <<SHADOW>>        18 47 01.1   96.376 10.384  13.84  40675 ----
2010-02-14  17:50:00  10 42 29.7  +02 42 15     <<SHADOW>>        18 47 08.8   96.720 10.072  15.97  40708 ----

   Date        UTC        RA         DECL      RARate   DeclRate    HourAng      Az     Um    Phase  Range  Mag
2010-02-15  16:20:00  09 16 24.6  +06 01 31  +000909.7 -000105.8  18 46 55.6   94.348 12.442  11.82  40447 15.8
2010-02-15  16:30:00  09 26 30.3  +05 43 11  +000907.4 -000114.1  18 46 51.5   94.552 12.210  10.05  40474 15.8
2010-02-15  16:40:00  09 36 34.6  +05 23 29  +000905.2 -000122.2  18 46 48.9   94.776 11.965   8.67  40502 15.8
2010-02-15  16:50:00  09 46 37.2  +05 02 27     <<SHADOW>>        18 46 47.9   95.020 11.709   7.89  40530 ----
2010-02-15  17:00:00  09 56 38.3  +04 40 08     <<SHADOW>>        18 46 48.4   95.283 11.441   7.87  40560 ----
2010-02-15  17:10:00  10 06 37.9  +04 16 36     <<SHADOW>>        18 46 50.5   95.565 11.162   8.64  40591 ----
2010-02-15  17:20:00  10 16 35.8  +03 51 52     <<SHADOW>>        18 46 54.2   95.865 10.874   9.99  40622 ----
2010-02-15  17:30:00  10 26 32.2  +03 26 00     <<SHADOW>>        18 46 59.5   96.183 10.576  11.74  40654 ----
2010-02-15  17:40:00  10 36 27.1  +02 59 04     <<SHADOW>>        18 47 06.2   96.517 10.268  13.72  40688 ----
