ЭФЕМЕРИДЫ ПО ОБЪЕКТУ:  90124
Для пункта:  10016 Маяки   46 23'50.68"   30 16'17.74"    14m
C   2010-04-15 12:00
по  2010-05-01 12:00
Шаг  0:10:00
Мин.угол места:          10 град
Макс.угол места Солнца: -10 град
Стандартный блеск :      8.8 (зв.вел.)

ОБОЗНАЧЕНИЯ
RA        прямое восхождение, тек.эпоха
DECL      склонение, тек.эпоха
RARate    скорость по пр.восх., арксек/мин
DeclRate  скорость по склонению, арксек/мин
HourAng   часовой угол
Az        азимут
Um        угол места
Phase     фазовый угол
Range     дальность
Mag       зв.величина (оценка)

   Date        UTC        RA         DECL      RARate   DeclRate    HourAng      Az     Um    Phase  Range  Mag
2010-04-23  18:00:00  05 56 03.0  +00 48 13  +000899.4 -000092.2  04 11 42.8  250.239 18.904 121.56  39402 18.0
2010-04-23  18:10:00  06 06 00.9  +00 32 28  +000894.3 -000096.8  04 11 46.5  250.072 18.694 119.09  39510 17.9
2010-04-23  18:20:00  06 15 55.6  +00 15 58  +000889.5 -000101.2  04 11 53.5  249.907 18.466 116.63  39616 17.8
2010-04-23  18:30:00  06 25 47.0  -00 01 15  +000884.8 -000105.3  04 12 03.8  249.746 18.220 114.17  39720 17.7
2010-04-23  18:40:00  06 35 35.3  -00 19 08  +000880.3 -000109.2  04 12 17.1  249.588 17.957 111.73  39822 17.6
2010-04-23  18:50:00  06 45 20.7  -00 37 38  +000876.0 -000112.8  04 12 33.3  249.433 17.678 109.29  39923 17.5
2010-04-23  19:00:00  06 55 03.3  -00 56 44  +000871.9 -000116.3  04 12 52.4  249.281 17.383 106.86  40021 17.4
2010-04-23  19:10:00  07 04 43.3  -01 16 22  +000868.0 -000119.4  04 13 14.1  249.132 17.075 104.44  40116 17.3
2010-04-23  19:20:00  07 14 20.7  -01 36 32  +000864.3 -000122.4  04 13 38.3  248.987 16.753 102.03  40208 17.2
2010-04-23  19:30:00  07 23 55.8  -01 57 10  +000860.9 -000125.1  04 14 04.8  248.844 16.419  99.62  40298 17.1
2010-04-23  19:40:00  07 33 28.7  -02 18 13  +000857.7 -000127.6  04 14 33.6  248.704 16.073  97.23  40385 17.1
2010-04-23  19:50:00  07 42 59.5  -02 39 41  +000854.8 -000129.9  04 15 04.4  248.567 15.716  94.84  40468 17.0
2010-04-23  20:00:00  07 52 28.4  -03 01 30  +000852.1 -000131.9  04 15 37.1  248.433 15.350  92.46  40548 16.9
2010-04-23  20:10:00  08 01 55.7  -03 23 39  +000849.7 -000133.8  04 16 11.5  248.301 14.975  90.08  40624 16.8
2010-04-23  20:20:00  08 11 21.4  -03 46 05  +000847.5 -000135.4  04 16 47.5  248.171 14.593  87.71  40697 16.8
2010-04-23  20:30:00  08 20 45.7  -04 08 46  +000845.6 -000136.8  04 17 24.8  248.044 14.203  85.34  40765 16.7
2010-04-23  20:40:00  08 30 08.9  -04 31 40  +000843.9 -000138.0  04 18 03.2  247.918 13.808  82.99  40830 16.7
2010-04-23  20:50:00  08 39 31.0  -04 54 45  +000842.5 -000139.0  04 18 42.7  247.794 13.407  80.62  40891 16.6
2010-04-23  21:00:00  08 48 52.3  -05 17 59  +000841.4 -000139.7  04 19 23.1  247.671 13.003  78.28  40947 16.5
2010-04-23  21:10:00  08 58 12.9  -05 41 19  +000840.5 -000140.3  04 20 04.1  247.550 12.595  75.92  40999 16.5
2010-04-23  21:20:00  09 07 33.1  -06 04 44  +000840.0 -000140.7  04 20 45.6  247.429 12.185  73.58  41047 16.4
2010-04-23  21:30:00  09 16 52.9  -06 28 12  +000839.6 -000140.8  04 21 27.4  247.309 11.774  71.23  41090 16.4
2010-04-23  21:40:00  09 26 12.7  -06 51 40  +000839.6 -000140.8  04 22 09.3  247.189 11.362  68.90  41128 16.3
2010-04-23  21:50:00  09 35 32.5  -07 15 08  +000839.9 -000140.6  04 22 51.1  247.069 10.952  66.55  41161 16.3
2010-04-23  22:00:00  09 44 52.6  -07 38 31  +000840.4 -000140.1  04 23 32.7  246.950 10.542  64.21  41190 16.2
2010-04-23  22:10:00  09 54 13.1  -08 01 50  +000841.1 -000139.5  04 24 13.8  246.829 10.135  61.87  41214 16.2

   Date        UTC        RA         DECL      RARate   DeclRate    HourAng      Az     Um    Phase  Range  Mag
2010-04-24  18:00:00  07 34 04.0  -02 10 29  +000857.9 -000130.7  02 37 38.4  227.308 30.330  97.95  38963 17.0
2010-04-24  18:10:00  07 43 34.9  -02 32 29  +000854.8 -000133.2  02 38 09.1  227.221 29.949  95.55  39046 16.9
2010-04-24  18:20:00  07 53 03.8  -02 54 52  +000851.9 -000135.4  02 38 41.9  227.138 29.558  93.17  39126 16.9
2010-04-24  18:30:00  08 02 30.8  -03 17 36  +000849.3 -000137.4  02 39 16.5  227.061 29.159  90.79  39202 16.8
2010-04-24  18:40:00  08 11 56.3  -03 40 40  +000847.0 -000139.3  02 39 52.7  226.987 28.751  88.43  39275 16.7
2010-04-24  18:50:00  08 21 20.3  -04 04 01  +000844.9 -000140.9  02 40 30.3  226.917 28.336  86.05  39343 16.7
2010-04-24  19:00:00  08 30 43.0  -04 27 36  +000843.1 -000142.2  02 41 09.3  226.850 27.915  83.70  39408 16.6
2010-04-24  19:10:00  08 40 04.5  -04 51 25  +000841.6 -000143.4  02 41 49.4  226.787 27.488  81.34  39469 16.5
2010-04-24  19:20:00  08 49 25.2  -05 15 23  +000840.4 -000144.3  02 42 30.3  226.725 27.057  78.99  39526 16.5
2010-04-24  19:30:00  08 58 45.1  -05 39 30  +000839.4 -000145.0  02 43 12.1  226.666 26.623  76.63  39578 16.4
2010-04-24  19:40:00  09 08 04.4  -06 03 43  +000838.7 -000145.6  02 43 54.4  226.607 26.186  74.30  39627 16.4
2010-04-24  19:50:00  09 17 23.4  -06 28 01  +000838.3 -000145.9  02 44 37.1  226.550 25.747  71.95  39670 16.3
2010-04-24  20:00:00  09 26 42.3  -06 52 20  +000838.2 -000146.0  02 45 19.8  226.494 25.308  69.61  39710 16.3
2010-04-24  20:10:00  09 36 01.1  -07 16 39  +000838.3 -000145.8  02 46 02.7  226.437 24.869  67.27  39744 16.2
2010-04-24  20:20:00  09 45 20.1  -07 40 56  +000838.7 -000145.5  02 46 45.3  226.380 24.430  64.93  39774 16.2
2010-04-24  20:30:00  09 54 39.4  -08 05 09  +000839.4 -000145.0  02 47 27.6  226.322 23.994  62.59  39799 16.1
2010-04-24  20:40:00  10 03 59.4  -08 29 16  +000840.4 -000144.3  02 48 09.3  226.263 23.560  60.26  39820 16.1
2010-04-24  20:50:00  10 13 20.1  -08 53 14  +000841.7 -000143.3  02 48 50.2  226.203 23.130  57.92  39835 16.1
2010-04-24  21:00:00  10 22 41.7  -09 17 02  +000843.2 -000142.2  02 49 30.3  226.140 22.704  55.58  39846 16.0
2010-04-24  21:10:00  10 32 04.5  -09 40 37  +000845.1 -000140.8  02 50 09.1  226.075 22.284  53.24  39852 16.0
2010-04-24  21:20:00  10 41 28.5  -10 03 58  +000847.1 -000139.3  02 50 46.7  226.008 21.870  50.90  39852 15.9
2010-04-24  21:30:00  10 50 54.0  -10 27 02  +000849.5 -000137.5  02 51 22.9  225.937 21.464  48.55  39848 15.9
2010-04-24  21:40:00  11 00 21.2  -10 49 48  +000852.1 -000135.5  02 51 57.3  225.862 21.065  46.21  39838 15.9
2010-04-24  21:50:00  11 09 50.2  -11 12 13  +000855.0 -000133.4  02 52 30.0  225.784 20.675  43.86  39824 15.8
2010-04-24  22:00:00  11 19 21.2  -11 34 15  +000858.1 -000131.0  02 53 00.6  225.702 20.295  41.51  39804 15.8
2010-04-24  22:10:00  11 28 54.4  -11 55 51  +000861.5 -000128.4  02 53 29.1  225.616 19.925  39.15  39779 15.8
2010-04-24  22:20:00  11 38 29.9  -12 17 01  +000865.1 -000125.5  02 53 55.2  225.525 19.567  36.79  39749 15.8
2010-04-24  22:30:00  11 48 07.9  -12 37 41  +000868.9 -000122.5  02 54 18.9  225.429 19.220  34.42  39714 15.7
2010-04-24  22:40:00  11 57 48.5  -12 57 50  +000873.0 -000119.2  02 54 39.9  225.328 18.887  32.05  39674 15.7
2010-04-24  22:50:00  12 07 31.9  -13 17 25  +000877.3 -000115.7  02 54 58.1  225.222 18.568  29.67  39629 15.7
2010-04-24  23:00:00  12 17 18.3  -13 36 24  +000881.9 -000112.0  02 55 13.3  225.111 18.264  27.29  39579 15.7
2010-04-24  23:10:00  12 27 07.8  -13 54 45  +000886.6 -000108.1  02 55 25.5  224.994 17.974  24.90  39524 15.6
2010-04-24  23:20:00  12 37 00.5  -14 12 26  +000891.5 -000104.0  02 55 34.5  224.872 17.701  22.51  39464 15.6
2010-04-24  23:30:00  12 46 56.5  -14 29 24  +000896.6 -000099.6  02 55 40.1  224.743 17.446  20.11  39399 15.6
2010-04-24  23:40:00  12 56 56.1  -14 45 37  +000901.9 -000095.0  02 55 42.2  224.609 17.207  17.72  39330 15.6
2010-04-24  23:50:00  13 06 59.2  -15 01 02  +000907.4 -000090.1  02 55 40.7  224.469 16.988  15.32  39255 15.6
2010-04-25  00:00:00  13 17 06.0  -15 15 39  +000913.0 -000085.1  02 55 35.6  224.323 16.787  12.93  39176 15.5
2010-04-25  00:10:00  13 27 16.5  -15 29 23     <<SHADOW>>        02 55 26.6  224.171 16.607  10.55  39093 ----
2010-04-25  00:20:00  13 37 31.0  -15 42 14     <<SHADOW>>        02 55 13.8  224.014 16.447   8.23  39005 ----
2010-04-25  00:30:00  13 47 49.4  -15 54 08     <<SHADOW>>        02 54 57.1  223.850 16.308   6.01  38913 ----
2010-04-25  00:40:00  13 58 11.8  -16 05 04     <<SHADOW>>        02 54 36.3  223.681 16.191   4.10  38816 ----
2010-04-25  00:50:00  14 08 38.3  -16 14 59     <<SHADOW>>        02 54 11.4  223.505 16.097   3.17  38716 ----
2010-04-25  01:00:00  14 19 09.0  -16 23 51     <<SHADOW>>        02 53 42.4  223.325 16.025   3.99  38612 ----
2010-04-25  01:10:00  14 29 43.8  -16 31 39  +000955.3 -000043.4  02 53 09.3  223.138 15.978   5.90  38504 15.5
2010-04-25  01:20:00  14 40 22.7  -16 38 19  +000961.6 -000036.6  02 52 31.9  222.946 15.954   8.16  38392 15.5
2010-04-25  01:30:00  14 51 05.9  -16 43 50  +000968.0 -000029.6  02 51 50.4  222.749 15.955  10.59  38277 15.5
2010-04-25  01:40:00  15 01 53.3  -16 48 10  +000974.3 -000022.4  02 51 04.6  222.546 15.981  13.07  38159 15.5
2010-04-25  01:50:00  15 12 44.9  -16 51 18  +000980.5 -000015.0  02 50 14.7  222.339 16.032  15.61  38038 15.5

   Date        UTC        RA         DECL      RARate   DeclRate    HourAng      Az     Um    Phase  Range  Mag
2010-04-25  18:00:00  09 11 35.7  -05 57 25  +000838.2 -000148.7  01 04 03.3  199.758 35.744  74.30  38760 16.3
2010-04-25  18:10:00  09 20 54.4  -06 22 15  +000837.8 -000149.1  01 04 46.2  199.851 35.300  71.95  38803 16.3
2010-04-25  18:20:00  09 30 12.8  -06 47 08  +000837.6 -000149.4  01 05 29.4  199.944 34.854  69.62  38841 16.2
2010-04-25  18:30:00  09 39 31.2  -07 12 02  +000837.7 -000149.4  01 06 12.6  200.035 34.409  67.27  38875 16.2
2010-04-25  18:40:00  09 48 49.8  -07 36 56  +000838.1 -000149.3  01 06 55.7  200.124 33.963  64.94  38904 16.1
2010-04-25  18:50:00  09 58 08.7  -08 01 47  +000838.7 -000148.9  01 07 38.4  200.210 33.519  62.59  38928 16.1
2010-04-25  19:00:00  10 07 28.2  -08 26 33  +000839.7 -000148.3  01 08 20.6  200.293 33.076  60.26  38948 16.1
2010-04-25  19:10:00  10 16 48.4  -08 51 11  +000840.9 -000147.4  01 09 02.1  200.372 32.637  57.92  38963 16.0
2010-04-25  19:20:00  10 26 09.5  -09 15 41  +000842.4 -000146.4  01 09 42.6  200.446 32.200  55.59  38974 16.0
2010-04-25  19:30:00  10 35 31.7  -09 39 59  +000844.2 -000145.2  01 10 22.0  200.514 31.768  53.24  38980 15.9
2010-04-25  19:40:00  10 44 55.2  -10 04 04  +000846.3 -000143.7  01 11 00.1  200.577 31.340  50.91  38981 15.9
2010-04-25  19:50:00  10 54 20.2  -10 27 53  +000848.6 -000142.0  01 11 36.8  200.632 30.918  48.56  38977 15.9
2010-04-25  20:00:00  11 03 46.8  -10 51 24  +000851.3 -000140.2  01 12 11.8  200.681 30.503  46.22  38968 15.8
2010-04-25  20:10:00  11 13 15.3  -11 14 35  +000854.1 -000138.0  01 12 45.0  200.722 30.095  43.86  38955 15.8
2010-04-25  20:20:00  11 22 45.7  -11 37 24  +000857.3 -000135.7  01 13 16.2  200.755 29.695  41.51  38936 15.8
2010-04-25  20:30:00  11 32 18.4  -11 59 49  +000860.7 -000133.2  01 13 45.2  200.780 29.304  39.15  38913 15.7
2010-04-25  20:40:00  11 41 53.3  -12 21 47  +000864.3 -000130.4  01 14 11.9  200.795 28.922  36.80  38886 15.7
2010-04-25  20:50:00  11 51 30.8  -12 43 16  +000868.2 -000127.4  01 14 36.0  200.801 28.551  34.42  38853 15.7
2010-04-25  21:00:00  12 01 11.0  -13 04 14  +000872.3 -000124.2  01 14 57.5  200.797 28.191  32.06  38815 15.7
2010-04-25  21:10:00  12 10 53.9  -13 24 39  +000876.7 -000120.7  01 15 16.2  200.783 27.842  29.68  38773 15.6
2010-04-25  21:20:00  12 20 39.9  -13 44 28  +000881.2 -000117.0  01 15 31.9  200.759 27.507  27.30  38726 15.6
2010-04-25  21:30:00  12 30 29.0  -14 03 40  +000886.0 -000113.1  01 15 44.5  200.724 27.184  24.91  38674 15.6
2010-04-25  21:40:00  12 40 21.3  -14 22 10  +000891.0 -000109.0  01 15 53.8  200.678 26.876  22.52  38618 15.6
2010-04-25  21:50:00  12 50 17.0  -14 39 58  +000896.2 -000104.6  01 15 59.7  200.620 26.583  20.12  38558 15.6
2010-04-25  22:00:00  13 00 16.2  -14 57 02  +000901.5 -000100.0  01 16 02.1  200.551 26.305  17.73  38492 15.5
2010-04-25  22:10:00  13 10 19.1  -15 13 17  +000907.1 -000095.1  01 16 00.9  200.470 26.044  15.33  38423 15.5
2010-04-25  22:20:00  13 20 25.7  -15 28 44  +000912.8 -000090.0  01 15 56.0  200.377 25.800  12.95  38349 15.5
2010-04-25  22:30:00  13 30 36.1  -15 43 18  +000918.6 -000084.7  01 15 47.2  200.272 25.574  10.57  38270 15.5
2010-04-25  22:40:00  13 40 50.5  -15 56 57     <<SHADOW>>        01 15 34.4  200.155 25.366   8.25  38188 ----
2010-04-25  22:50:00  13 51 08.9  -16 09 40     <<SHADOW>>        01 15 17.7  200.026 25.177   6.02  38102 ----
2010-04-25  23:00:00  14 01 31.3  -16 21 24     <<SHADOW>>        01 14 56.9  199.884 25.008   4.11  38012 ----
2010-04-25  23:10:00  14 11 57.9  -16 32 06     <<SHADOW>>        01 14 31.9  199.729 24.859   3.15  37918 ----
2010-04-25  23:20:00  14 22 28.7  -16 41 45     <<SHADOW>>        01 14 02.8  199.562 24.731   3.96  37820 ----
2010-04-25  23:30:00  14 33 03.7  -16 50 18     <<SHADOW>>        01 13 29.4  199.382 24.625   5.86  37719 ----
2010-04-25  23:40:00  14 43 43.0  -16 57 42  +000962.1 -000041.0  01 12 51.8  199.189 24.541   8.13  37615 15.4
2010-04-25  23:50:00  14 54 26.5  -17 03 57  +000968.5 -000033.9  01 12 09.9  198.984 24.479  10.55  37508 15.4
2010-04-26  00:00:00  15 05 14.3  -17 08 59  +000974.9 -000026.6  01 11 23.7  198.766 24.440  13.03  37398 15.4
2010-04-26  00:10:00  15 16 06.4  -17 12 48  +000981.3 -000019.1  01 10 33.3  198.536 24.425  15.57  37285 15.5
2010-04-26  00:20:00  15 27 02.7  -17 15 20  +000987.7 -000011.4  01 09 38.6  198.292 24.433  18.13  37169 15.5
2010-04-26  00:30:00  15 38 03.3  -17 16 35  +000993.9 -000003.5  01 08 39.7  198.036 24.466  20.73  37051 15.5
2010-04-26  00:40:00  15 49 08.0  -17 16 31  +001000.1 +000004.5  01 07 36.7  197.768 24.522  23.34  36932 15.5
2010-04-26  00:50:00  16 00 16.8  -17 15 06  +001006.3 +000012.6  01 06 29.5  197.487 24.604  25.99  36810 15.5
2010-04-26  01:00:00  16 11 29.6  -17 12 19  +001012.2 +000020.8  01 05 18.3  197.193 24.710  28.64  36687 15.5
2010-04-26  01:10:00  16 22 46.3  -17 08 09  +001018.1 +000029.2  01 04 03.2  196.888 24.841  31.33  36563 15.5
2010-04-26  01:20:00  16 34 07.0  -17 02 36  +001023.8 +000037.6  01 02 44.2  196.570 24.997  34.02  36437 15.5
2010-04-26  01:30:00  16 45 31.4  -16 55 37  +001029.4 +000046.1  01 01 21.5  196.239 25.178  36.75  36311 15.6
2010-04-26  01:40:00  16 56 59.4  -16 47 14  +001034.8 +000054.6  00 59 55.1  195.897 25.384  39.48  36185 15.6
2010-04-26  01:50:00  17 08 31.0  -16 37 26  +001040.0 +000063.1  00 58 25.1  195.542 25.614  42.24  36058 15.6

   Date        UTC        RA         DECL      RARate   DeclRate    HourAng      Az     Um    Phase  Range  Mag
2010-04-26  18:10:00  10 59 16.1  -10 17 04  +000849.0 -000144.1  23 30 21.1  171.302 32.930  48.23  38810 15.9
2010-04-26  18:20:00  11 08 42.9  -10 40 56  +000851.6 -000142.3  23 30 55.8  171.520 32.550  45.89  38801 15.8
2010-04-26  18:30:00  11 18 11.6  -11 04 30  +000854.5 -000140.3  23 31 28.8  171.726 32.173  43.53  38787 15.8
2010-04-26  18:40:00  11 27 42.3  -11 27 42  +000857.6 -000138.1  23 31 59.7  171.920 31.801  41.18  38768 15.8
2010-04-26  18:50:00  11 37 15.2  -11 50 31  +000861.0 -000135.7  23 32 28.5  172.101 31.434  38.81  38745 15.7
2010-04-26  19:00:00  11 46 50.3  -12 12 55  +000864.6 -000133.0  23 32 55.0  172.268 31.072  36.45  38718 15.7
2010-04-26  19:10:00  11 56 28.0  -12 34 50  +000868.4 -000130.1  23 33 19.0  172.422 30.718  34.07  38686 15.7
2010-04-26  19:20:00  12 06 08.3  -12 56 16  +000872.5 -000126.9  23 33 40.3  172.560 30.370  31.71  38649 15.6
2010-04-26  19:30:00  12 15 51.4  -13 17 08  +000876.8 -000123.6  23 33 58.9  172.684 30.031  29.32  38609 15.6
2010-04-26  19:40:00  12 25 37.5  -13 37 26  +000881.4 -000120.0  23 34 14.5  172.791 29.699  26.94  38563 15.6
2010-04-26  19:50:00  12 35 26.7  -13 57 07  +000886.2 -000116.1  23 34 26.9  172.882 29.377  24.54  38514 15.6
2010-04-26  20:00:00  12 45 19.1  -14 16 08  +000891.1 -000112.0  23 34 36.1  172.957 29.065  22.15  38460 15.6
2010-04-26  20:10:00  12 55 14.9  -14 34 27  +000896.3 -000107.7  23 34 42.0  173.014 28.763  19.74  38402 15.5
2010-04-26  20:20:00  13 05 14.1  -14 52 01  +000901.6 -000103.1  23 34 44.4  173.053 28.472  17.34  38340 15.5
2010-04-26  20:30:00  13 15 17.0  -15 08 49  +000907.1 -000098.3  23 34 43.1  173.075 28.192  14.93  38274 15.5
2010-04-26  20:40:00  13 25 23.6  -15 24 47  +000912.8 -000093.3  23 34 38.1  173.079 27.925  12.54  38204 15.5
2010-04-26  20:50:00  13 35 34.1  -15 39 53  +000918.6 -000088.0  23 34 29.4  173.064 27.672  10.15  38131 15.5
2010-04-26  21:00:00  13 45 48.4  -15 54 06  +000924.5 -000082.4  23 34 16.6  173.029 27.431   7.80  38053 15.5
2010-04-26  21:10:00  13 56 06.7  -16 07 21     <<SHADOW>>        23 33 60.0  172.976 27.205   5.55  37972 ----
2010-04-26  21:20:00  14 06 29.1  -16 19 38     <<SHADOW>>        23 33 39.2  172.904 26.994   3.63  37888 ----
2010-04-26  21:30:00  14 16 55.7  -16 30 54     <<SHADOW>>        23 33 14.3  172.811 26.798   2.82  37800 ----
2010-04-26  21:40:00  14 27 26.3  -16 41 06     <<SHADOW>>        23 32 45.3  172.699 26.619   3.92  37709 ----
2010-04-26  21:50:00  14 38 01.2  -16 50 12     <<SHADOW>>        23 32 12.1  172.567 26.455   5.98  37615 ----
2010-04-26  22:00:00  14 48 40.3  -16 58 09     <<SHADOW>>        23 31 34.6  172.415 26.309   8.32  37518 ----
2010-04-26  22:10:00  14 59 23.7  -17 04 57  +000968.2 -000037.2  23 30 52.9  172.243 26.180  10.77  37418 15.4
2010-04-26  22:20:00  15 10 11.3  -17 10 32  +000974.6 -000029.8  23 30 06.9  172.051 26.070  13.27  37316 15.4
2010-04-26  22:30:00  15 21 03.1  -17 14 54  +000980.9 -000022.3  23 29 16.7  171.838 25.977  15.83  37211 15.4
2010-04-26  22:40:00  15 31 59.2  -17 17 59  +000987.2 -000014.6  23 28 22.3  171.604 25.904  18.40  37105 15.5
2010-04-26  22:50:00  15 42 59.4  -17 19 46  +000993.4 -000006.8  23 27 23.7  171.350 25.849  21.00  36996 15.5
2010-04-26  23:00:00  15 54 03.7  -17 20 13  +000999.6 +000001.3  23 26 21.0  171.076 25.814  23.62  36886 15.5
2010-04-26  23:10:00  16 05 12.1  -17 19 20  +001005.6 +000009.4  23 25 14.3  170.781 25.798  26.27  36774 15.5
2010-04-26  23:20:00  16 16 24.5  -17 17 04  +001011.6 +000017.7  23 24 03.6  170.466 25.803  28.92  36661 15.5
2010-04-26  23:30:00  16 27 40.8  -17 13 26  +001017.4 +000026.1  23 22 48.9  170.130 25.827  31.61  36547 15.5
2010-04-26  23:40:00  16 39 00.9  -17 08 22  +001023.0 +000034.6  23 21 30.4  169.774 25.871  34.30  36432 15.5
2010-04-26  23:50:00  16 50 24.8  -17 01 54  +001028.5 +000043.1  23 20 08.2  169.397 25.935  37.02  36317 15.6
2010-04-27  00:00:00  17 01 52.2  -16 54 01  +001033.8 +000051.6  23 18 42.4  169.000 26.019  39.75  36202 15.6
2010-04-27  00:10:00  17 13 23.1  -16 44 42  +001038.9 +000060.2  23 17 13.1  168.584 26.123  42.51  36086 15.6
2010-04-27  00:20:00  17 24 57.4  -16 33 57  +001043.8 +000068.8  23 15 40.5  168.147 26.247  45.27  35971 15.6
2010-04-27  00:30:00  17 36 34.8  -16 21 46  +001048.5 +000077.3  23 14 04.7  167.691 26.390  48.07  35857 15.7
2010-04-27  00:40:00  17 48 15.4  -16 08 11  +001053.0 +000085.7  23 12 25.9  167.215 26.552  50.86  35744 15.7
2010-04-27  00:50:00  17 59 58.8  -15 53 12  +001057.3 +000094.1  23 10 44.0  166.720 26.732  53.69  35632 15.7
2010-04-27  01:00:00  18 11 45.0  -15 36 51  +001061.3 +000102.3  23 08 59.5  166.205 26.931  56.52  35522 15.8
2010-04-27  01:10:00  18 23 33.8  -15 19 08  +001065.1 +000110.3  23 07 12.3  165.672 27.147  59.39  35413 15.8
2010-04-27  01:20:00  18 35 25.1  -15 00 05  +001068.7 +000118.2  23 05 22.7  165.119 27.379  62.25  35307 15.9
2010-04-27  01:30:00  18 47 18.7  -14 39 45  +001072.0 +000125.8  23 03 30.8  164.549 27.628  65.14  35203 15.9
2010-04-27  01:40:00  18 59 14.3  -14 18 10  +001075.0 +000133.2  23 01 36.8  163.960 27.892  68.04  35102 16.0
2010-04-27  01:50:00  19 11 11.9  -13 55 23  +001077.8 +000140.2  22 59 40.8  163.354 28.170  70.96  35005 16.0

   Date        UTC        RA         DECL      RARate   DeclRate    HourAng      Az     Um    Phase  Range  Mag
2010-04-27  18:10:00  12 39 49.8  -13 34 27  +000886.5 -000116.7  21 53 43.9  146.251 23.655  24.34  39082 15.6
2010-04-27  18:20:00  12 49 42.4  -13 53 35  +000891.3 -000112.8  21 53 53.0  146.425 23.376  21.94  39030 15.6
2010-04-27  18:30:00  12 59 38.2  -14 12 02  +000896.3 -000108.6  21 53 58.7  146.579 23.103  19.52  38973 15.6
2010-04-27  18:40:00  13 09 37.5  -14 29 45  +000901.5 -000104.1  21 54 01.1  146.715 22.835  17.11  38914 15.6
2010-04-27  18:50:00  13 19 40.3  -14 46 44  +000906.9 -000099.4  21 53 60.0  146.830 22.572  14.68  38850 15.5
2010-04-27  19:00:00  13 29 46.7  -15 02 54  +000912.4 -000094.5  21 53 55.2  146.924 22.317  12.26  38783 15.5
2010-04-27  19:10:00  13 39 56.9  -15 18 13  +000918.0 -000089.3  21 53 46.7  146.998 22.068   9.84  38713 15.5
2010-04-27  19:20:00  13 50 10.8  -15 32 40  +000923.8 -000083.9  21 53 34.4  147.050 21.827   7.45  38639 15.5
2010-04-27  19:30:00  14 00 28.6  -15 46 11  +000929.7 -000078.3  21 53 18.2  147.080 21.595   5.11  38562 15.5
2010-04-27  19:40:00  14 10 50.4  -15 58 44     <<SHADOW>>        21 52 58.1  147.088 21.370   3.04  38482 ----
2010-04-27  19:50:00  14 21 16.2  -16 10 18     <<SHADOW>>        21 52 34.0  147.073 21.155   2.19  38399 ----
2010-04-27  20:00:00  14 31 46.0  -16 20 49     <<SHADOW>>        21 52 05.8  147.035 20.950   3.61  38313 ----
2010-04-27  20:10:00  14 42 19.9  -16 30 15     <<SHADOW>>        21 51 33.5  146.974 20.755   5.85  38225 ----
2010-04-27  20:20:00  14 52 57.9  -16 38 34     <<SHADOW>>        21 50 57.1  146.889 20.570   8.27  38134 ----
2010-04-27  20:30:00  15 03 40.1  -16 45 44     <<SHADOW>>        21 50 16.6  146.781 20.397  10.77  38041 ----
2010-04-27  20:40:00  15 14 26.4  -16 51 44  +000972.5 -000032.3  21 49 32.0  146.649 20.235  13.30  37946 15.5
2010-04-27  20:50:00  15 25 16.7  -16 56 30  +000978.6 -000024.9  21 48 43.3  146.492 20.084  15.87  37849 15.5
2010-04-27  21:00:00  15 36 11.2  -17 00 01  +000984.7 -000017.3  21 47 50.4  146.312 19.947  18.45  37750 15.5
2010-04-27  21:10:00  15 47 09.7  -17 02 16  +000990.8 -000009.6  21 46 53.6  146.107 19.822  21.07  37650 15.5
2010-04-27  21:20:00  15 58 12.2  -17 03 12  +000996.7 -000001.7  21 45 52.7  145.878 19.709  23.68  37548 15.5
2010-04-27  21:30:00  16 09 18.6  -17 02 49  +001002.5 +000006.4  21 44 48.0  145.625 19.611  26.33  37445 15.5
2010-04-27  21:40:00  16 20 28.8  -17 01 04  +001008.3 +000014.5  21 43 39.4  145.348 19.525  28.99  37341 15.5
2010-04-27  21:50:00  16 31 42.9  -16 57 58  +001013.9 +000022.8  21 42 26.9  145.046 19.454  31.67  37237 15.6
2010-04-27  22:00:00  16 43 00.6  -16 53 29  +001019.3 +000031.1  21 41 10.8  144.721 19.396  34.36  37132 15.6
2010-04-27  22:10:00  16 54 22.0  -16 47 36  +001024.6 +000039.5  21 39 51.1  144.371 19.352  37.08  37027 15.6
2010-04-27  22:20:00  17 05 46.8  -16 40 19  +001029.7 +000047.9  21 38 28.0  143.998 19.322  39.80  36922 15.6
2010-04-27  22:30:00  17 17 14.9  -16 31 38  +001034.7 +000056.4  21 37 01.5  143.601 19.307  42.55  36818 15.7
2010-04-27  22:40:00  17 28 46.2  -16 21 32  +001039.4 +000064.8  21 35 31.8  143.182 19.305  45.30  36714 15.7
2010-04-27  22:50:00  17 40 20.7  -16 10 02  +001043.9 +000073.2  21 33 59.0  142.740 19.317  48.09  36611 15.7
2010-04-27  23:00:00  17 51 58.1  -15 57 09  +001048.2 +000081.5  21 32 23.3  142.275 19.343  50.88  36509 15.8
2010-04-27  23:10:00  18 03 38.2  -15 42 53  +001052.3 +000089.7  21 30 44.7  141.788 19.382  53.69  36409 15.8
2010-04-27  23:20:00  18 15 21.1  -15 27 16  +001056.2 +000097.8  21 29 03.5  141.279 19.434  56.51  36310 15.8
2010-04-27  23:30:00  18 27 06.4  -15 10 18  +001059.8 +000105.7  21 27 19.9  140.750 19.499  59.36  36213 15.9
2010-04-27  23:40:00  18 38 54.1  -14 52 02  +001063.2 +000113.4  21 25 33.8  140.200 19.577  62.21  36119 15.9
2010-04-27  23:50:00  18 50 43.9  -14 32 30  +001066.3 +000121.0  21 23 45.7  139.630 19.666  65.09  36027 16.0
2010-04-28  00:00:00  19 02 35.7  -14 11 44  +001069.2 +000128.2  21 21 55.5  139.041 19.766  67.96  35938 16.0
2010-04-28  00:10:00  19 14 29.5  -13 49 47  +001071.9 +000135.2  21 20 03.4  138.433 19.877  70.87  35853 16.1
2010-04-28  00:20:00  19 26 24.9  -13 26 42  +001074.4 +000141.9  21 18 09.6  137.807 19.997  73.77  35771 16.1
2010-04-28  00:30:00  19 38 21.9  -13 02 31  +001076.6 +000148.2  21 16 14.2  137.165 20.127  76.70  35692 16.2
2010-04-28  00:40:00  19 50 20.3  -12 37 19  +001078.6 +000154.1  21 14 17.5  136.506 20.265  79.63  35618 16.3
2010-04-28  00:50:00  20 02 19.9  -12 11 10  +001080.3 +000159.7  21 12 19.5  135.832 20.411  82.59  35548 16.3
2010-04-28  01:00:00  20 14 20.6  -11 44 07  +001081.8 +000164.8  21 10 20.4  135.144 20.563  85.54  35482 16.4
2010-04-28  01:10:00  20 26 22.3  -11 16 16  +001083.2 +000169.5  21 08 20.4  134.442 20.720  88.51  35422 16.5
2010-04-28  01:20:00  20 38 24.8  -10 47 40  +001084.3 +000173.7  21 06 19.5  133.728 20.882  91.48  35366 16.6
2010-04-28  01:30:00  20 50 27.9  -10 18 24  +001085.1 +000177.4  21 04 18.0  133.004 21.048  94.46  35316 16.7
2010-04-28  01:40:00  21 02 31.6  -09 48 34  +001085.8 +000180.5  21 02 16.0  132.269 21.216  97.44  35271 16.8
2010-04-28  01:50:00  21 14 35.6  -09 18 16  +001086.3 +000183.2  21 00 13.6  131.526 21.385 100.44  35231 16.9
