ЭФЕМЕРИДЫ ПО ОБЪЕКТУ:  90136
Для пункта:  10016 Маяки   46 23'50.68"   30 16'17.74"    14m
C   2010-04-15 12:00
по  2010-05-01 12:00
Шаг  0:10:00
Мин.угол места:          10 град
Макс.угол места Солнца: -10 град
Стандартный блеск :      8.6 (зв.вел.)

ОБОЗНАЧЕНИЯ
RA        прямое восхождение, тек.эпоха
DECL      склонение, тек.эпоха
RARate    скорость по пр.восх., арксек/мин
DeclRate  скорость по склонению, арксек/мин
HourAng   часовой угол
Az        азимут
Um        угол места
Phase     фазовый угол
Range     дальность
Mag       зв.величина (оценка)

   Date        UTC        RA         DECL      RARate   DeclRate    HourAng      Az     Um    Phase  Range  Mag
2010-04-21  18:00:00  07 30 55.0  -06 12 05  +001101.0 -000147.4  02 28 57.7  222.891 27.878  95.17  34308 16.4
2010-04-21  18:10:00  07 43 06.8  -06 36 39  +001094.4 -000147.4  02 26 47.5  222.136 27.770  92.12  34420 16.3
2010-04-21  18:20:00  07 55 14.2  -07 01 12  +001087.7 -000147.0  02 24 41.8  221.401 27.648  89.10  34538 16.3
2010-04-21  18:30:00  08 07 17.1  -07 25 38  +001080.9 -000146.1  02 22 40.6  220.689 27.514  86.10  34660 16.2
2010-04-21  18:40:00  08 19 15.4  -07 49 53  +001074.1 -000144.9  02 20 43.9  219.998 27.370  83.12  34786 16.1
2010-04-21  18:50:00  08 31 09.2  -08 13 55  +001067.2 -000143.3  02 18 51.7  219.332 27.217  80.15  34915 16.0
2010-04-21  19:00:00  08 42 58.4  -08 37 38  +001060.4 -000141.3  02 17 04.2  218.689 27.056  77.22  35048 16.0
2010-04-21  19:10:00  08 54 43.1  -09 00 59  +001053.6 -000138.9  02 15 21.1  218.071 26.889  74.30  35183 15.9
2010-04-21  19:20:00  09 06 23.2  -09 23 55  +001046.8 -000136.3  02 13 42.7  217.478 26.717  71.41  35321 15.9
2010-04-21  19:30:00  09 17 58.8  -09 46 23  +001040.1 -000133.3  02 12 08.7  216.909 26.541  68.52  35460 15.8
2010-04-21  19:40:00  09 29 30.0  -10 08 20  +001033.4 -000130.0  02 10 39.2  216.366 26.362  65.68  35601 15.8
2010-04-21  19:50:00  09 40 56.7  -10 29 43  +001026.8 -000126.5  02 09 14.1  215.847 26.182  62.84  35743 15.7
2010-04-21  20:00:00  09 52 19.1  -10 50 29  +001020.3 -000122.7  02 07 53.4  215.354 26.001  60.04  35886 15.7
2010-04-21  20:10:00  10 03 37.1  -11 10 36  +001013.9 -000118.7  02 06 36.9  214.885 25.821  57.24  36029 15.6
2010-04-21  20:20:00  10 14 51.0  -11 30 03  +001007.6 -000114.5  02 05 24.8  214.441 25.642  54.49  36171 15.6
2010-04-21  20:30:00  10 26 00.6  -11 48 46  +001001.4 -000110.1  02 04 16.7  214.022 25.465  51.73  36314 15.6
2010-04-21  20:40:00  10 37 06.2  -12 06 46  +000995.4 -000105.6  02 03 12.8  213.626 25.292  49.02  36455 15.5
2010-04-21  20:50:00  10 48 07.8  -12 23 58  +000989.4 -000100.9  02 02 12.8  213.254 25.122  46.31  36594 15.5
2010-04-21  21:00:00  10 59 05.5  -12 40 23  +000983.6 -000096.1  02 01 16.8  212.906 24.958  43.63  36733 15.5
2010-04-21  21:10:00  11 09 59.3  -12 55 60  +000977.9 -000091.1  02 00 24.6  212.580 24.798  40.96  36869 15.4
2010-04-21  21:20:00  11 20 49.4  -13 10 46  +000972.4 -000086.1  01 59 36.2  212.277 24.645  38.33  37003 15.4
2010-04-21  21:30:00  11 31 35.9  -13 24 42  +000967.0 -000081.0  01 58 51.3  211.996 24.499  35.70  37134 15.4
2010-04-21  21:40:00  11 42 18.8  -13 37 45  +000961.8 -000075.8  01 58 10.1  211.736 24.360  33.10  37262 15.4
2010-04-21  21:50:00  11 52 58.3  -13 49 57  +000956.7 -000070.5  01 57 32.2  211.497 24.228  30.51  37387 15.4
2010-04-21  22:00:00  12 03 34.4  -14 01 15  +000951.7 -000065.2  01 56 57.8  211.279 24.105  27.95  37509 15.3
2010-04-21  22:10:00  12 14 07.3  -14 11 40  +000946.9 -000059.8  01 56 26.5  211.080 23.990  25.40  37627 15.3
2010-04-21  22:20:00  12 24 37.0  -14 21 12  +000942.3 -000054.4  01 55 58.5  210.901 23.883  22.88  37741 15.3
2010-04-21  22:30:00  12 35 03.7  -14 29 49  +000937.8 -000049.0  01 55 33.4  210.741 23.786  20.36  37851 15.3
2010-04-21  22:40:00  12 45 27.4  -14 37 33  +000933.5 -000043.6  01 55 11.3  210.599 23.699  17.88  37957 15.3
2010-04-21  22:50:00  12 55 48.3  -14 44 22  +000929.3 -000038.2  01 54 52.1  210.475 23.621  15.41  38057 15.3
2010-04-21  23:00:00  13 06 06.5  -14 50 17  +000925.3 -000032.8  01 54 35.5  210.368 23.553  12.98  38153 15.3
2010-04-21  23:10:00  13 16 22.0  -14 55 18     <<SHADOW>>        01 54 21.6  210.279 23.495  10.58  38244 ----
2010-04-21  23:20:00  13 26 35.1  -14 59 26     <<SHADOW>>        01 54 10.2  210.205 23.448   8.25  38330 ----
2010-04-21  23:30:00  13 36 45.7  -15 02 39     <<SHADOW>>        01 54 01.2  210.147 23.410   6.02  38411 ----
2010-04-21  23:40:00  13 46 54.0  -15 04 60     <<SHADOW>>        01 53 54.6  210.105 23.384   4.10  38486 ----
2010-04-21  23:50:00  13 57 00.2  -15 06 27     <<SHADOW>>        01 53 50.0  210.077 23.368   3.04  38556 ----
2010-04-22  00:00:00  14 07 04.2  -15 07 02     <<SHADOW>>        01 53 47.6  210.063 23.362   3.68  38620 ----
2010-04-22  00:10:00  14 17 06.4  -15 06 44     <<SHADOW>>        01 53 47.1  210.063 23.367   5.45  38678 ----
2010-04-22  00:20:00  14 27 06.7  -15 05 35  +000899.1 +000009.5  01 53 48.5  210.076 23.383   7.57  38730 15.3
2010-04-22  00:30:00  14 37 05.2  -15 03 35  +000896.6 +000014.6  01 53 51.6  210.101 23.410   9.84  38776 15.3
2010-04-22  00:40:00  14 47 02.2  -15 00 44  +000894.3 +000019.6  01 53 56.2  210.139 23.447  12.14  38816 15.3
2010-04-22  00:50:00  14 56 57.7  -14 57 04  +000892.2 +000024.5  01 54 02.4  210.188 23.496  14.48  38850 15.3
2010-04-22  01:00:00  15 06 51.8  -14 52 34  +000890.2 +000029.4  01 54 09.9  210.249 23.555  16.82  38878 15.4
2010-04-22  01:10:00  15 16 44.7  -14 47 15  +000888.5 +000034.3  01 54 18.7  210.319 23.625  19.18  38899 15.4
2010-04-22  01:20:00  15 26 36.5  -14 41 09  +000886.9 +000039.0  01 54 28.5  210.400 23.705  21.54  38914 15.4
2010-04-22  01:30:00  15 36 27.3  -14 34 16  +000885.5 +000043.7  01 54 39.4  210.489 23.797  23.91  38923 15.4
2010-04-22  01:40:00  15 46 17.2  -14 26 36  +000884.4 +000048.3  01 54 51.0  210.588 23.899  26.27  38925 15.4
2010-04-22  01:50:00  15 56 06.5  -14 18 11  +000883.4 +000052.8  01 55 03.4  210.695 24.011  28.64  38922 15.4
2010-04-22  02:00:00  16 05 55.1  -14 09 01  +000882.6 +000057.2  01 55 16.4  210.809 24.134  31.01  38911 15.5

   Date        UTC        RA         DECL      RARate   DeclRate    HourAng      Az     Um    Phase  Range  Mag
2010-04-22  18:00:00  10 36 54.0  -11 48 57  +001001.8 -000112.4  23 26 55.3  170.515 31.315  49.88  35714 15.5
2010-04-22  18:10:00  10 47 59.8  -12 07 18  +000995.6 -000107.9  23 25 51.1  170.253 30.980  47.15  35868 15.5
2010-04-22  18:20:00  10 59 01.6  -12 24 55  +000989.6 -000103.3  23 24 51.0  170.012 30.659  44.45  36021 15.4
2010-04-22  18:30:00  11 09 59.3  -12 41 43  +000983.7 -000098.5  23 23 54.9  169.789 30.353  41.76  36171 15.4
2010-04-22  18:40:00  11 20 53.2  -12 57 44  +000977.9 -000093.6  23 23 02.7  169.585 30.062  39.11  36319 15.4
2010-04-22  18:50:00  11 31 43.2  -13 12 55  +000972.3 -000088.6  23 22 14.3  169.398 29.785  36.46  36464 15.4
2010-04-22  19:00:00  11 42 29.5  -13 27 15  +000966.8 -000083.5  23 21 29.6  169.227 29.525  33.84  36605 15.3
2010-04-22  19:10:00  11 53 12.3  -13 40 44  +000961.5 -000078.3  23 20 48.5  169.073 29.280  31.23  36744 15.3
2010-04-22  19:20:00  12 03 51.5  -13 53 21  +000956.3 -000073.1  23 20 10.9  168.932 29.051  28.65  36878 15.3
2010-04-22  19:30:00  12 14 27.4  -14 05 05  +000951.3 -000067.8  23 19 36.7  168.807 28.838  26.08  37009 15.3
2010-04-22  19:40:00  12 24 60.0  -14 15 57  +000946.4 -000062.5  23 19 05.7  168.694 28.641  23.54  37135 15.3
2010-04-22  19:50:00  12 35 29.4  -14 25 55  +000941.8 -000057.1  23 18 38.0  168.594 28.461  21.01  37257 15.3
2010-04-22  20:00:00  12 45 55.7  -14 34 59  +000937.2 -000051.7  23 18 13.3  168.507 28.297  18.51  37375 15.3
2010-04-22  20:10:00  12 56 19.0  -14 43 09  +000932.9 -000046.3  23 17 51.6  168.430 28.150  16.03  37487 15.3
2010-04-22  20:20:00  13 06 39.5  -14 50 26  +000928.6 -000040.9  23 17 32.7  168.365 28.019  13.58  37594 15.3
2010-04-22  20:30:00  13 16 57.3  -14 56 48  +000924.6 -000035.5  23 17 16.6  168.310 27.905  11.15  37696 15.3
2010-04-22  20:40:00  13 27 12.4  -15 02 16  +000920.7 -000030.1  23 17 03.2  168.264 27.807   8.78  37793 15.3
2010-04-22  20:50:00  13 37 25.0  -15 06 51     <<SHADOW>>        23 16 52.2  168.227 27.725   6.49  37884 ----
2010-04-22  21:00:00  13 47 35.1  -15 10 32     <<SHADOW>>        23 16 43.7  168.199 27.659   4.42  37970 ----
2010-04-22  21:10:00  13 57 43.0  -15 13 20     <<SHADOW>>        23 16 37.5  168.179 27.609   3.00  38050 ----
2010-04-22  21:20:00  14 07 48.7  -15 15 14     <<SHADOW>>        23 16 33.5  168.166 27.576   3.22  38123 ----
2010-04-22  21:30:00  14 17 52.3  -15 16 16     <<SHADOW>>        23 16 31.5  168.160 27.557   4.86  38191 ----
2010-04-22  21:40:00  14 27 53.9  -15 16 26     <<SHADOW>>        23 16 31.5  168.160 27.555   6.95  38252 ----
2010-04-22  21:50:00  14 37 53.7  -15 15 44  +000898.4 +000006.8  23 16 33.3  168.167 27.567   9.21  38308 15.3
2010-04-22  22:00:00  14 47 51.8  -15 14 10  +000895.9 +000011.9  23 16 36.9  168.178 27.595  11.52  38357 15.3
2010-04-22  22:10:00  14 57 48.3  -15 11 46  +000893.6 +000017.0  23 16 42.0  168.195 27.638  13.86  38399 15.3
2010-04-22  22:20:00  15 07 43.4  -15 08 32  +000891.5 +000022.0  23 16 48.6  168.215 27.695  16.21  38435 15.3
2010-04-22  22:30:00  15 17 37.1  -15 04 27  +000889.6 +000026.9  23 16 56.6  168.240 27.767  18.57  38465 15.3
2010-04-22  22:40:00  15 27 29.5  -14 59 34  +000887.9 +000031.8  23 17 05.7  168.268 27.853  20.92  38488 15.4
2010-04-22  22:50:00  15 37 20.9  -14 53 52  +000886.3 +000036.6  23 17 16.0  168.299 27.953  23.29  38505 15.4
2010-04-22  23:00:00  15 47 11.3  -14 47 23  +000885.0 +000041.3  23 17 27.2  168.332 28.066  25.65  38515 15.4
2010-04-22  23:10:00  15 57 00.9  -14 40 06  +000883.8 +000046.0  23 17 39.3  168.366 28.193  28.02  38519 15.4
2010-04-22  23:20:00  16 06 49.8  -14 32 04  +000882.9 +000050.5  23 17 52.0  168.402 28.333  30.38  38516 15.4
2010-04-22  23:30:00  16 16 38.2  -14 23 16  +000882.2 +000055.0  23 18 05.3  168.439 28.486  32.75  38507 15.4
2010-04-22  23:40:00  16 26 26.1  -14 13 43  +000881.7 +000059.5  23 18 19.0  168.475 28.651  35.12  38491 15.5
2010-04-22  23:50:00  16 36 13.8  -14 03 27  +000881.4 +000063.8  23 18 33.0  168.511 28.829  37.50  38469 15.5
2010-04-23  00:00:00  16 46 01.4  -13 52 28  +000881.3 +000068.0  23 18 47.0  168.546 29.018  39.86  38440 15.5
2010-04-23  00:10:00  16 55 49.0  -13 40 47  +000881.5 +000072.2  23 19 01.1  168.579 29.219  42.25  38405 15.5
2010-04-23  00:20:00  17 05 36.7  -13 28 25  +000881.8 +000076.2  23 19 15.0  168.610 29.431  44.63  38364 15.6
2010-04-23  00:30:00  17 15 24.8  -13 15 23  +000882.5 +000080.2  23 19 28.5  168.637 29.654  47.02  38316 15.6
2010-04-23  00:40:00  17 25 13.4  -13 01 42  +000883.3 +000084.0  23 19 41.6  168.661 29.887  49.41  38263 15.6
2010-04-23  00:50:00  17 35 02.6  -12 47 23  +000884.4 +000087.8  23 19 54.0  168.681 30.130  51.81  38203 15.7
2010-04-23  01:00:00  17 44 52.7  -12 32 27  +000885.7 +000091.4  23 20 05.6  168.695 30.383  54.21  38137 15.7
2010-04-23  01:10:00  17 54 43.7  -12 16 55  +000887.3 +000094.9  23 20 16.3  168.703 30.646  56.63  38066 15.7
2010-04-23  01:20:00  18 04 35.8  -12 00 49  +000889.2 +000098.3  23 20 25.8  168.704 30.917  59.04  37989 15.8
2010-04-23  01:30:00  18 14 29.2  -11 44 10  +000891.2 +000101.6  23 20 33.9  168.698 31.196  61.48  37907 15.8
2010-04-23  01:40:00  18 24 24.2  -11 26 58  +000893.6 +000104.7  23 20 40.7  168.684 31.484  63.91  37819 15.9
2010-04-23  01:50:00  18 34 20.8  -11 09 16  +000896.2 +000107.7  23 20 45.7  168.660 31.779  66.36  37726 15.9
2010-04-23  02:00:00  18 44 19.2  -10 51 05  +000899.1 +000110.5  23 20 48.9  168.626 32.081  68.81  37627 15.9

   Date        UTC        RA         DECL      RARate   DeclRate    HourAng      Az     Um    Phase  Range  Mag
2010-04-23  18:00:00  13 25 36.5  -14 23 03  +000923.2 -000037.3  20 42 09.3  130.433 14.732   9.72  38934 15.3
2010-04-23  18:10:00  13 35 50.7  -14 28 50  +000919.5 -000032.1  20 41 56.7  130.443 14.624   7.31  39035 15.3
2010-04-23  18:20:00  13 46 02.5  -14 33 45  +000915.9 -000027.0  20 41 46.6  130.453 14.533   4.99  39131 15.3
2010-04-23  18:30:00  13 56 12.0  -14 37 49     <<SHADOW>>        20 41 38.8  130.464 14.459   2.90  39221 ----
2010-04-23  18:40:00  14 06 19.2  -14 41 02     <<SHADOW>>        20 41 33.2  130.474 14.402   2.02  39304 ----
2010-04-23  18:50:00  14 16 24.4  -14 43 23     <<SHADOW>>        20 41 29.6  130.484 14.361   3.42  39382 ----
2010-04-23  19:00:00  14 26 27.6  -14 44 53     <<SHADOW>>        20 41 28.1  130.492 14.336   5.57  39453 ----
2010-04-23  19:10:00  14 36 28.9  -14 45 32     <<SHADOW>>        20 41 28.4  130.500 14.328   7.88  39518 ----
2010-04-23  19:20:00  14 46 28.5  -14 45 22     <<SHADOW>>        20 41 30.5  130.505 14.335  10.23  39577 ----
2010-04-23  19:30:00  14 56 26.4  -14 44 21  +000895.7 +000008.5  20 41 34.2  130.509 14.357  12.61  39629 15.4
2010-04-23  19:40:00  15 06 22.8  -14 42 31  +000893.5 +000013.5  20 41 39.4  130.510 14.394  14.98  39674 15.4
2010-04-23  19:50:00  15 16 17.8  -14 39 52  +000891.5 +000018.3  20 41 46.1  130.508 14.446  17.36  39713 15.4
2010-04-23  20:00:00  15 26 11.6  -14 36 25  +000889.7 +000023.1  20 41 54.0  130.504 14.512  19.73  39746 15.4
2010-04-23  20:10:00  15 36 04.1  -14 32 10  +000888.0 +000027.9  20 42 03.1  130.496 14.591  22.12  39772 15.4
2010-04-23  20:20:00  15 45 55.7  -14 27 08  +000886.6 +000032.6  20 42 13.2  130.484 14.684  24.49  39791 15.4
2010-04-23  20:30:00  15 55 46.3  -14 21 19  +000885.3 +000037.2  20 42 24.2  130.469 14.789  26.87  39804 15.5
2010-04-23  20:40:00  16 05 36.1  -14 14 44  +000884.2 +000041.8  20 42 36.0  130.449 14.907  29.24  39810 15.5
2010-04-23  20:50:00  16 15 25.3  -14 07 24  +000883.4 +000046.3  20 42 48.4  130.424 15.037  31.62  39809 15.5
2010-04-23  21:00:00  16 25 14.0  -13 59 19  +000882.7 +000050.7  20 43 01.4  130.394 15.179  33.99  39802 15.5
2010-04-23  21:10:00  16 35 02.3  -13 50 31  +000882.2 +000055.0  20 43 14.7  130.359 15.331  36.37  39789 15.6
2010-04-23  21:20:00  16 44 50.4  -13 40 60  +000882.0 +000059.3  20 43 28.3  130.318 15.495  38.75  39769 15.6
2010-04-23  21:30:00  16 54 38.3  -13 30 46  +000881.9 +000063.4  20 43 42.0  130.270 15.668  41.13  39742 15.6
2010-04-23  21:40:00  17 04 26.4  -13 19 51  +000882.1 +000067.5  20 43 55.6  130.216 15.851  43.51  39710 15.6
2010-04-23  21:50:00  17 14 14.6  -13 08 16  +000882.5 +000071.5  20 44 09.1  130.155 16.043  45.90  39670 15.7
2010-04-23  22:00:00  17 24 03.1  -12 56 01  +000883.1 +000075.4  20 44 22.1  130.087 16.243  48.29  39625 15.7
2010-04-23  22:10:00  17 33 52.1  -12 43 07  +000884.0 +000079.3  20 44 34.8  130.010 16.451  50.69  39574 15.7
2010-04-23  22:20:00  17 43 41.8  -12 29 36  +000885.1 +000083.0  20 44 46.7  129.926 16.667  53.09  39517 15.8
2010-04-23  22:30:00  17 53 32.3  -12 15 29  +000886.4 +000086.6  20 44 57.9  129.832 16.890  55.50  39454 15.8
2010-04-23  22:40:00  18 03 23.8  -12 00 45  +000888.0 +000090.1  20 45 08.1  129.730 17.118  57.91  39386 15.8
2010-04-23  22:50:00  18 13 16.3  -11 45 28  +000889.8 +000093.4  20 45 17.2  129.618 17.353  60.34  39311 15.9
2010-04-23  23:00:00  18 23 10.2  -11 29 37  +000891.8 +000096.7  20 45 24.9  129.495 17.592  62.76  39232 15.9
2010-04-23  23:10:00  18 33 05.5  -11 13 15  +000894.1 +000099.8  20 45 31.3  129.362 17.835  65.20  39147 16.0
2010-04-23  23:20:00  18 43 02.4  -10 56 21  +000896.7 +000102.8  20 45 36.0  129.219 18.081  67.64  39057 16.0
2010-04-23  23:30:00  18 53 01.1  -10 38 59  +000899.5 +000105.7  20 45 38.9  129.063 18.331  70.11  38962 16.0
2010-04-23  23:40:00  19 03 01.8  -10 21 08  +000902.5 +000108.4  20 45 39.9  128.896 18.582  72.57  38863 16.1
2010-04-23  23:50:00  19 13 04.6  -10 02 51  +000905.9 +000111.0  20 45 38.8  128.716 18.835  75.06  38759 16.1
2010-04-24  00:00:00  19 23 09.7  -09 44 09  +000909.5 +000113.4  20 45 35.3  128.523 19.088  77.54  38651 16.2
2010-04-24  00:10:00  19 33 17.2  -09 25 04  +000913.3 +000115.6  20 45 29.4  128.317 19.341  80.05  38539 16.3
2010-04-24  00:20:00  19 43 27.5  -09 05 38  +000917.4 +000117.7  20 45 20.8  128.097 19.592  82.56  38423 16.3
2010-04-24  00:30:00  19 53 40.6  -08 45 51  +000921.8 +000119.6  20 45 09.3  127.862 19.842  85.10  38303 16.4
2010-04-24  00:40:00  20 03 56.6  -08 25 47  +000926.5 +000121.3  20 44 54.9  127.613 20.088  87.64  38180 16.4
2010-04-24  00:50:00  20 14 15.9  -08 05 26  +000931.4 +000122.8  20 44 37.3  127.349 20.330  90.20  38055 16.5
2010-04-24  01:00:00  20 24 38.5  -07 44 52  +000936.5 +000124.1  20 44 16.3  127.069 20.568  92.77  37926 16.6
2010-04-24  01:10:00  20 35 04.6  -07 24 06  +000941.9 +000125.1  20 43 51.8  126.774 20.799  95.36  37795 16.7
2010-04-24  01:20:00  20 45 34.5  -07 03 10  +000947.6 +000126.0  20 43 23.6  126.462 21.023  97.96  37662 16.7
2010-04-24  01:30:00  20 56 08.2  -06 42 07  +000953.5 +000126.5  20 42 51.5  126.133 21.240 100.59  37527 16.8
2010-04-24  01:40:00  21 06 45.9  -06 21 00  +000959.7 +000126.9  20 42 15.5  125.788 21.447 103.22  37391 16.9
2010-04-24  01:50:00  21 17 27.8  -05 59 51  +000966.1 +000127.0  20 41 35.2  125.426 21.644 105.88  37254 17.0

   Date        UTC        RA         DECL      RARate   DeclRate    HourAng      Az     Um    Phase  Range  Mag
2010-04-30  18:10:00  07 46 12.8  -06 45 38  +001091.2 -000146.1  02 59 10.6  229.789 23.626  99.10  34832 16.6
2010-04-30  18:20:00  07 58 18.0  -07 09 56  +001084.6 -000145.5  02 57 07.0  229.082 23.551  96.12  34948 16.5
2010-04-30  18:30:00  08 10 18.8  -07 34 07  +001077.9 -000144.5  02 55 07.8  228.394 23.465  93.14  35068 16.4
2010-04-30  18:40:00  08 22 15.2  -07 58 05  +001071.1 -000143.1  02 53 13.1  227.727 23.369  90.19  35191 16.3
2010-04-30  18:50:00  08 34 07.0  -08 21 47  +001064.4 -000141.3  02 51 22.9  227.082 23.263  87.26  35319 16.3
2010-04-30  19:00:00  08 45 54.3  -08 45 10  +001057.6 -000139.1  02 49 37.2  226.458 23.148  84.35  35449 16.2
2010-04-30  19:10:00  08 57 37.2  -09 08 09  +001050.9 -000136.7  02 47 56.1  225.858 23.027  81.45  35582 16.1
2010-04-30  19:20:00  09 09 15.5  -09 30 42  +001044.2 -000133.8  02 46 19.4  225.280 22.900  78.58  35718 16.1
2010-04-30  19:30:00  09 20 49.4  -09 52 45  +001037.5 -000130.7  02 44 47.1  224.725 22.768  75.72  35855 16.0
2010-04-30  19:40:00  09 32 18.8  -10 14 16  +001030.9 -000127.4  02 43 19.3  224.194 22.632  72.90  35994 15.9
2010-04-30  19:50:00  09 43 44.0  -10 35 12  +001024.4 -000123.7  02 41 55.8  223.687 22.494  70.08  36133 15.9
2010-04-30  20:00:00  09 55 04.7  -10 55 30  +001018.0 -000119.9  02 40 36.7  223.203 22.354  67.30  36273 15.8
2010-04-30  20:10:00  10 06 21.3  -11 15 09  +001011.6 -000115.8  02 39 21.8  222.743 22.213  64.52  36414 15.8
2010-04-30  20:20:00  10 17 33.6  -11 34 06  +001005.4 -000111.5  02 38 11.1  222.307 22.072  61.78  36554 15.7
2010-04-30  20:30:00  10 28 41.9  -11 52 20  +000999.3 -000107.1  02 37 04.5  221.894 21.933  59.04  36694 15.7
2010-04-30  20:40:00  10 39 46.1  -12 09 48  +000993.3 -000102.5  02 36 01.9  221.504 21.795  56.34  36832 15.7
2010-04-30  20:50:00  10 50 46.3  -12 26 30  +000987.4 -000097.8  02 35 03.3  221.137 21.660  53.64  36970 15.6
2010-04-30  21:00:00  11 01 42.7  -12 42 23  +000981.7 -000092.9  02 34 08.6  220.793 21.529  50.98  37106 15.6
2010-04-30  21:10:00  11 12 35.3  -12 57 27  +000976.1 -000087.9  02 33 17.7  220.471 21.401  48.32  37239 15.6
2010-04-30  21:20:00  11 23 24.1  -13 11 41  +000970.6 -000082.8  02 32 30.4  220.172 21.278  45.69  37371 15.5
2010-04-30  21:30:00  11 34 09.4  -13 25 04  +000965.3 -000077.7  02 31 46.8  219.894 21.160  43.07  37500 15.5
2010-04-30  21:40:00  11 44 51.2  -13 37 35  +000960.1 -000072.5  02 31 06.7  219.637 21.048  40.48  37626 15.5
2010-04-30  21:50:00  11 55 29.6  -13 49 14  +000955.0 -000067.2  02 30 29.9  219.401 20.942  37.89  37749 15.5
2010-04-30  22:00:00  12 06 04.6  -13 59 59  +000950.1 -000061.9  02 29 56.5  219.185 20.843  35.33  37868 15.4
2010-04-30  22:10:00  12 16 36.4  -14 09 51  +000945.4 -000056.5  02 29 26.3  218.990 20.751  32.77  37984 15.4
2010-04-30  22:20:00  12 27 05.1  -14 18 50  +000940.8 -000051.2  02 28 59.3  218.814 20.666  30.24  38096 15.4
2010-04-30  22:30:00  12 37 30.8  -14 26 55  +000936.3 -000045.8  02 28 35.2  218.657 20.588  27.72  38203 15.4
2010-04-30  22:40:00  12 47 53.6  -14 34 05  +000932.0 -000040.4  02 28 14.1  218.519 20.519  25.22  38306 15.4
2010-04-30  22:50:00  12 58 13.6  -14 40 22  +000927.9 -000035.0  02 27 55.8  218.398 20.458  22.71  38405 15.4
2010-04-30  23:00:00  13 08 30.9  -14 45 45  +000923.9 -000029.6  02 27 40.2  218.296 20.405  20.24  38499 15.3
2010-04-30  23:10:00  13 18 45.5  -14 50 14  +000920.1 -000024.2  02 27 27.1  218.210 20.361  17.76  38588 15.3
2010-04-30  23:20:00  13 28 57.7  -14 53 50  +000916.4 -000018.9  02 27 16.6  218.142 20.326  15.31  38672 15.3
2010-04-30  23:30:00  13 39 07.5  -14 56 33  +000913.0 -000013.6  02 27 08.4  218.089 20.300  12.85  38750 15.3
2010-04-30  23:40:00  13 49 15.0  -14 58 22  +000909.6 -000008.3  02 27 02.6  218.052 20.283  10.42  38823 15.3
2010-04-30  23:50:00  13 59 20.4  -14 59 19     <<SHADOW>>        02 26 58.9  218.030 20.276   7.98  38891 ----
2010-05-01  00:00:00  14 09 23.7  -14 59 25     <<SHADOW>>        02 26 57.2  218.023 20.277   5.57  38953 ----
2010-05-01  00:10:00  14 19 25.1  -14 58 38     <<SHADOW>>        02 26 57.4  218.030 20.288   3.15  39009 ----
2010-05-01  00:20:00  14 29 24.6  -14 57 00     <<SHADOW>>        02 26 59.5  218.051 20.309   0.75  39059 ----
2010-05-01  00:30:00  14 39 22.5  -14 54 32  +000895.6 +000017.3  02 27 03.3  218.085 20.339   1.66  39104 15.3
2010-05-01  00:40:00  14 49 18.7  -14 51 14  +000893.3 +000022.3  02 27 08.7  218.131 20.379   4.05  39142 15.3
2010-05-01  00:50:00  14 59 13.6  -14 47 07  +000891.2 +000027.2  02 27 15.5  218.190 20.429   6.44  39174 15.3
2010-05-01  01:00:00  15 09 07.0  -14 42 11  +000889.3 +000032.0  02 27 23.7  218.260 20.488   8.82  39200 15.3
2010-05-01  01:10:00  15 18 59.3  -14 36 28  +000887.5 +000036.7  02 27 33.1  218.342 20.557  11.21  39220 15.3
2010-05-01  01:20:00  15 28 50.5  -14 29 57  +000886.0 +000041.4  02 27 43.5  218.433 20.635  13.59  39234 15.4
2010-05-01  01:30:00  15 38 40.7  -14 22 40  +000884.7 +000046.0  02 27 55.0  218.535 20.724  15.97  39241 15.4
2010-05-01  01:40:00  15 48 30.1  -14 14 38  +000883.5 +000050.5  02 28 07.2  218.646 20.822  18.34  39242 15.4
