ЭФЕМЕРИДЫ ПО ОБЪЕКТУ:  90139
Для пункта:  10016 Маяки   46 23'50.68"   30 16'17.74"    14m
C   2010-04-15 12:00
по  2010-05-01 12:00
Шаг  0:10:00
Мин.угол места:          10 град
Макс.угол места Солнца: -10 град
Стандартный блеск :      9.0 (зв.вел.)

ОБОЗНАЧЕНИЯ
RA        прямое восхождение, тек.эпоха
DECL      склонение, тек.эпоха
RARate    скорость по пр.восх., арксек/мин
DeclRate  скорость по склонению, арксек/мин
HourAng   часовой угол
Az        азимут
Um        угол места
Phase     фазовый угол
Range     дальность
Mag       зв.величина (оценка)

   Date        UTC        RA         DECL      RARate   DeclRate    HourAng      Az     Um    Phase  Range  Mag
2010-04-22  18:00:00  13 15 40.0  -10 00 15  +000811.6 -000254.9  20 48 09.3  129.239 19.208  11.42  41285 15.9
2010-04-22  18:10:00  13 24 42.2  -10 42 35  +000815.1 -000253.1  20 49 08.7  129.859 18.746   9.10  41280 15.8
2010-04-22  18:20:00  13 33 46.9  -11 24 35  +000818.9 -000250.9  20 50 05.7  130.463 18.280   6.80  41274 15.8
2010-04-22  18:30:00  13 42 54.2  -12 06 11  +000822.9 -000248.2  20 51 00.0  131.049 17.812   4.50  41268 15.8
2010-04-22  18:40:00  13 52 04.2  -12 47 19  +000827.2 -000245.2  20 51 51.6  131.617 17.343   2.31  41262 15.8
2010-04-22  18:50:00  14 01 17.2  -13 27 53     <<SHADOW>>        20 52 40.3  132.165 16.872   1.11  41256 ----
2010-04-22  19:00:00  14 10 33.2  -14 07 51     <<SHADOW>>        20 53 25.9  132.694 16.401   2.85  41250 ----
2010-04-22  19:10:00  14 19 52.5  -14 47 07     <<SHADOW>>        20 54 08.2  133.201 15.932   5.10  41243 ----
2010-04-22  19:20:00  14 29 15.2  -15 25 38     <<SHADOW>>        20 54 47.2  133.686 15.465   7.41  41237 ----
2010-04-22  19:30:00  14 38 41.3  -16 03 19     <<SHADOW>>        20 55 22.8  134.148 15.000   9.75  41230 ----
2010-04-22  19:40:00  14 48 11.0  -16 40 05     <<SHADOW>>        20 55 54.7  134.588 14.540  12.08  41222 ----
2010-04-22  19:50:00  14 57 44.3  -17 15 53  +000862.8 -000211.7  20 56 23.1  135.003 14.085  14.44  41215 15.9
2010-04-22  20:00:00  15 07 21.4  -17 50 37  +000868.4 -000205.1  20 56 47.6  135.393 13.637  16.79  41207 15.9
2010-04-22  20:10:00  15 17 02.2  -18 24 14  +000874.2 -000198.2  20 57 08.4  135.759 13.196  19.15  41198 15.9
2010-04-22  20:20:00  15 26 46.9  -18 56 40  +000879.9 -000190.8  20 57 25.4  136.099 12.764  21.51  41190 15.9
2010-04-22  20:30:00  15 36 35.4  -19 27 49  +000885.7 -000183.0  20 57 38.5  136.413 12.342  23.88  41181 15.9
2010-04-22  20:40:00  15 46 27.8  -19 57 39  +000891.4 -000174.8  20 57 47.7  136.701 11.931  26.24  41171 15.9
2010-04-22  20:50:00  15 56 24.0  -20 26 04  +000897.2 -000166.2  20 57 53.2  136.963 11.532  28.62  41161 16.0
2010-04-22  21:00:00  16 06 24.0  -20 53 01  +000902.8 -000157.2  20 57 54.8  137.199 11.147  30.99  41150 16.0
2010-04-22  21:10:00  16 16 27.7  -21 18 27  +000908.3 -000147.8  20 57 52.8  137.408 10.776  33.37  41139 16.0
2010-04-22  21:20:00  16 26 35.0  -21 42 16  +000913.6 -000138.0  20 57 47.1  137.591 10.421  35.75  41127 16.0
2010-04-22  21:30:00  16 36 45.8  -22 04 26  +000918.8 -000127.9  20 57 37.9  137.748 10.084  38.14  41115 16.0

   Date        UTC        RA         DECL      RARate   DeclRate    HourAng      Az     Um    Phase  Range  Mag
2010-04-23  01:50:00  21 09 29.7  -20 18 55  +000925.1 +000173.5  20 45 36.8  134.389 10.156 100.91  40476 17.4
2010-04-23  02:00:00  21 19 45.1  -19 49 13  +000920.9 +000182.9  20 45 23.1  134.077 10.548 103.34  40440 17.5

   Date        UTC        RA         DECL      RARate   DeclRate    HourAng      Az     Um    Phase  Range  Mag
2010-04-23  18:00:00  12 18 46.8  -05 58 16  +000793.9 -000262.1  21 48 59.0  141.540 30.101  27.03  40531 15.9
2010-04-23  18:10:00  12 27 36.6  -06 41 59  +000795.7 -000262.5  21 50 10.8  142.209 29.570  24.72  40533 15.9
2010-04-23  18:20:00  12 36 27.8  -07 25 45  +000797.9 -000262.6  21 51 21.3  142.865 29.032  22.42  40535 15.9
2010-04-23  18:30:00  12 45 20.6  -08 09 30  +000800.4 -000262.3  21 52 30.2  143.507 28.488  20.10  40536 15.9
2010-04-23  18:40:00  12 54 15.0  -08 53 09  +000803.1 -000261.6  21 53 37.4  144.133 27.939  17.80  40537 15.8
2010-04-23  18:50:00  13 03 11.4  -09 36 40  +000806.1 -000260.4  21 54 42.6  144.743 27.385  15.49  40538 15.8
2010-04-23  19:00:00  13 12 09.9  -10 19 56  +000809.4 -000258.9  21 55 45.8  145.335 26.828  13.19  40539 15.8
2010-04-23  19:10:00  13 21 10.7  -11 02 56  +000813.0 -000256.9  21 56 46.6  145.908 26.269  10.88  40539 15.8
2010-04-23  19:20:00  13 30 14.0  -11 45 33  +000816.8 -000254.5  21 57 45.0  146.461 25.709   8.60  40539 15.8
2010-04-23  19:30:00  13 39 19.9  -12 27 45  +000820.9 -000251.7  21 58 40.8  146.995 25.148   6.32  40539 15.8
2010-04-23  19:40:00  13 48 28.6  -13 09 26  +000825.3 -000248.5  21 59 33.7  147.507 24.589   4.12  40539 15.8
2010-04-23  19:50:00  13 57 40.3  -13 50 33     <<SHADOW>>        22 00 23.6  147.997 24.031   2.17  40538 ----
2010-04-23  20:00:00  14 06 55.1  -14 31 02     <<SHADOW>>        22 01 10.4  148.464 23.476   1.86  40537 ----
2010-04-23  20:10:00  14 16 13.2  -15 10 47     <<SHADOW>>        22 01 54.0  148.909 22.926   3.62  40535 ----
2010-04-23  20:20:00  14 25 34.7  -15 49 45     <<SHADOW>>        22 02 34.1  149.330 22.381   5.81  40533 ----
2010-04-23  20:30:00  14 34 59.7  -16 27 50     <<SHADOW>>        22 03 10.7  149.727 21.843   8.09  40531 ----
2010-04-23  20:40:00  14 44 28.4  -17 04 60     <<SHADOW>>        22 03 43.7  150.099 21.313  10.40  40528 ----
2010-04-23  20:50:00  14 54 00.7  -17 41 09  +000861.4 -000213.7  22 04 13.0  150.447 20.792  12.73  40524 15.8
2010-04-23  21:00:00  15 03 36.9  -18 16 13  +000867.1 -000207.0  22 04 38.5  150.770 20.282  15.06  40520 15.8
2010-04-23  21:10:00  15 13 16.9  -18 50 08  +000873.0 -000199.9  22 05 00.1  151.068 19.784  17.41  40515 15.8
2010-04-23  21:20:00  15 23 00.8  -19 22 50  +000878.8 -000192.3  22 05 17.8  151.340 19.298  19.75  40510 15.9
2010-04-23  21:30:00  15 32 48.7  -19 54 13  +000884.7 -000184.3  22 05 31.6  151.588 18.827  22.12  40504 15.9
2010-04-23  21:40:00  15 42 40.4  -20 24 15  +000890.6 -000175.9  22 05 41.5  151.810 18.371  24.47  40497 15.9
2010-04-23  21:50:00  15 52 36.1  -20 52 51  +000896.4 -000167.1  22 05 47.5  152.007 17.932  26.84  40489 15.9
2010-04-23  22:00:00  16 02 35.6  -21 19 57  +000902.1 -000157.9  22 05 49.6  152.179 17.511  29.20  40481 15.9
2010-04-23  22:10:00  16 12 38.9  -21 45 29  +000907.8 -000148.4  22 05 48.0  152.327 17.110  31.57  40471 15.9
2010-04-23  22:20:00  16 22 45.9  -22 09 24  +000913.3 -000138.4  22 05 42.6  152.450 16.728  33.94  40461 16.0
2010-04-23  22:30:00  16 32 56.5  -22 31 37  +000918.6 -000128.1  22 05 33.6  152.549 16.369  36.32  40449 16.0
2010-04-23  22:40:00  16 43 10.6  -22 52 05  +000923.6 -000117.5  22 05 21.2  152.624 16.032  38.69  40437 16.0
2010-04-23  22:50:00  16 53 28.0  -23 10 46  +000928.5 -000106.6  22 05 05.5  152.677 15.719  41.08  40423 16.0
2010-04-23  23:00:00  17 03 48.5  -23 27 36  +000933.0 -000095.3  22 04 46.6  152.707 15.431  43.45  40409 16.1
2010-04-23  23:10:00  17 14 11.9  -23 42 32  +000937.2 -000083.8  22 04 24.8  152.715 15.168  45.85  40393 16.1
2010-04-23  23:20:00  17 24 38.0  -23 55 32  +000941.1 -000072.1  22 04 00.4  152.702 14.933  48.23  40376 16.1
2010-04-23  23:30:00  17 35 06.6  -24 06 33  +000944.6 -000060.1  22 03 33.4  152.668 14.725  50.63  40357 16.2
2010-04-23  23:40:00  17 45 37.4  -24 15 33  +000947.7 -000047.9  22 03 04.3  152.615 14.546  53.02  40338 16.2
2010-04-23  23:50:00  17 56 10.1  -24 22 31  +000950.4 -000035.6  22 02 33.2  152.542 14.396  55.42  40317 16.2
2010-04-24  00:00:00  18 06 44.4  -24 27 25  +000952.6 -000023.1  22 02 00.5  152.452 14.276  57.82  40295 16.3
2010-04-24  00:10:00  18 17 20.1  -24 30 13  +000954.4 -000010.5  22 01 26.5  152.344 14.187  60.23  40272 16.3
2010-04-24  00:20:00  18 27 56.9  -24 30 55  +000955.7 +000002.1  22 00 51.4  152.220 14.129  62.63  40247 16.4
2010-04-24  00:30:00  18 38 34.3  -24 29 31  +000956.6 +000014.8  22 00 15.6  152.081 14.103  65.04  40222 16.4
2010-04-24  00:40:00  18 49 12.2  -24 26 00  +000957.0 +000027.4  21 59 39.3  151.927 14.109  67.45  40194 16.5
2010-04-24  00:50:00  18 59 50.2  -24 20 23  +000956.9 +000040.1  21 59 03.0  151.759 14.147  69.87  40166 16.5
2010-04-24  01:00:00  19 10 27.9  -24 12 39  +000956.3 +000052.7  21 58 26.9  151.580 14.218  72.28  40137 16.6
2010-04-24  01:10:00  19 21 05.2  -24 02 50  +000955.3 +000065.2  21 57 51.3  151.388 14.322  74.70  40106 16.6
2010-04-24  01:20:00  19 31 41.6  -23 50 56  +000953.9 +000077.5  21 57 16.5  151.187 14.459  77.11  40074 16.7
2010-04-24  01:30:00  19 42 17.0  -23 36 59  +000952.1 +000089.7  21 56 42.7  150.975 14.628  79.54  40042 16.7
2010-04-24  01:40:00  19 52 51.0  -23 21 02  +000949.9 +000101.7  21 56 10.4  150.756 14.830  81.96  40008 16.8
2010-04-24  01:50:00  20 03 23.4  -23 03 06  +000947.3 +000113.5  21 55 39.6  150.528 15.065  84.40  39973 16.8

   Date        UTC        RA         DECL      RARate   DeclRate    HourAng      Az     Um    Phase  Range  Mag
2010-04-24  18:00:00  11 21 40.5  -01 50 10  +000787.0 -000255.1  22 50 01.9  157.135 39.362  42.82  39990 16.0
2010-04-24  18:10:00  11 30 25.1  -02 32 54  +000787.1 -000257.7  22 51 18.9  157.776 38.760  40.52  40001 16.0
2010-04-24  18:20:00  11 39 10.0  -03 16 03  +000787.6 -000259.9  22 52 35.6  158.406 38.148  38.23  40010 16.0
2010-04-24  18:30:00  11 47 55.3  -03 59 31  +000788.3 -000261.8  22 53 52.0  159.026 37.526  35.93  40020 16.0
2010-04-24  18:40:00  11 56 41.2  -04 43 17  +000789.3 -000263.2  22 55 07.8  159.633 36.896  33.65  40029 15.9
2010-04-24  18:50:00  12 05 27.8  -05 27 15  +000790.6 -000264.3  22 56 22.8  160.226 36.258  31.34  40038 15.9
2010-04-24  19:00:00  12 14 15.4  -06 11 22  +000792.2 -000265.1  22 57 36.9  160.805 35.613  29.05  40047 15.9
2010-04-24  19:10:00  12 23 04.1  -06 55 35  +000794.1 -000265.4  22 58 49.8  161.368 34.963  26.74  40055 15.9
2010-04-24  19:20:00  12 31 54.2  -07 39 48  +000796.2 -000265.3  23 00 01.4  161.915 34.309  24.45  40063 15.9
2010-04-24  19:30:00  12 40 45.8  -08 23 59  +000798.7 -000264.8  23 01 11.4  162.445 33.651  22.14  40071 15.8
2010-04-24  19:40:00  12 49 39.1  -09 08 03  +000801.4 -000263.9  23 02 19.7  162.957 32.991  19.85  40078 15.8
2010-04-24  19:50:00  12 58 34.4  -09 51 57  +000804.4 -000262.6  23 03 26.1  163.450 32.330  17.54  40085 15.8
2010-04-24  20:00:00  13 07 31.8  -10 35 35  +000807.7 -000260.9  23 04 30.3  163.923 31.668  15.25  40092 15.8
2010-04-24  20:10:00  13 16 31.4  -11 18 54  +000811.3 -000258.8  23 05 32.3  164.377 31.008  12.95  40098 15.8
2010-04-24  20:20:00  13 25 33.6  -12 01 50  +000815.2 -000256.3  23 06 31.8  164.809 30.351  10.68  40104 15.8
2010-04-24  20:30:00  13 34 38.4  -12 44 18  +000819.3 -000253.3  23 07 28.7  165.221 29.697   8.41  40109 15.8
2010-04-24  20:40:00  13 43 46.0  -13 26 15  +000823.7 -000249.9  23 08 22.7  165.612 29.048   6.20  40114 15.8
2010-04-24  20:50:00  13 52 56.6  -14 07 36     <<SHADOW>>        23 09 13.7  165.981 28.406   4.09  40119 ----
2010-04-24  21:00:00  14 02 10.4  -14 48 16     <<SHADOW>>        23 10 01.6  166.327 27.771   2.45  40122 ----
2010-04-24  21:10:00  14 11 27.4  -15 28 12     <<SHADOW>>        23 10 46.2  166.652 27.145   2.48  40126 ----
2010-04-24  21:20:00  14 20 47.9  -16 07 18     <<SHADOW>>        23 11 27.3  166.954 26.529   4.15  40128 ----
2010-04-24  21:30:00  14 30 11.9  -16 45 32     <<SHADOW>>        23 12 05.0  167.234 25.924   6.27  40130 ----
2010-04-24  21:40:00  14 39 39.6  -17 22 48     <<SHADOW>>        23 12 38.9  167.490 25.332   8.50  40131 ----
2010-04-24  21:50:00  14 49 11.0  -17 59 02  +000860.0 -000214.2  23 13 09.2  167.725 24.754  10.79  40131 15.8
2010-04-24  22:00:00  14 58 46.3  -18 34 10  +000865.8 -000207.3  23 13 35.5  167.937 24.191  13.09  40130 15.8
2010-04-24  22:10:00  15 08 25.4  -19 08 08  +000871.7 -000200.1  23 13 58.0  168.126 23.645  15.42  40128 15.8
2010-04-24  22:20:00  15 18 08.5  -19 40 50  +000877.6 -000192.4  23 14 16.6  168.293 23.117  17.74  40125 15.8
2010-04-24  22:30:00  15 27 55.5  -20 12 14  +000883.5 -000184.3  23 14 31.2  168.439 22.608  20.09  40121 15.8
2010-04-24  22:40:00  15 37 46.5  -20 42 15  +000889.5 -000175.8  23 14 41.9  168.563 22.119  22.43  40116 15.9
2010-04-24  22:50:00  15 47 41.5  -21 10 49  +000895.4 -000166.9  23 14 48.5  168.665 21.652  24.79  40110 15.9
2010-04-24  23:00:00  15 57 40.4  -21 37 51  +000901.2 -000157.6  23 14 51.3  168.747 21.208  27.13  40103 15.9
2010-04-24  23:10:00  16 07 43.1  -22 03 19  +000906.9 -000147.9  23 14 50.2  168.808 20.787  29.50  40094 15.9
2010-04-24  23:20:00  16 17 49.6  -22 27 08  +000912.5 -000137.8  23 14 45.4  168.850 20.392  31.86  40085 15.9
2010-04-24  23:30:00  16 27 59.7  -22 49 15  +000917.9 -000127.4  23 14 36.9  168.872 20.022  34.23  40073 15.9
2010-04-24  23:40:00  16 38 13.3  -23 09 36  +000923.1 -000116.7  23 14 24.9  168.876 19.680  36.59  40061 16.0
2010-04-24  23:50:00  16 48 30.4  -23 28 08  +000928.0 -000105.7  23 14 09.5  168.861 19.366  38.97  40046 16.0
2010-04-25  00:00:00  16 58 50.6  -23 44 48  +000932.6 -000094.3  23 13 51.0  168.830 19.081  41.34  40031 16.0
2010-04-25  00:10:00  17 09 13.8  -23 59 34  +000936.9 -000082.7  23 13 29.4  168.782 18.825  43.73  40014 16.1
2010-04-25  00:20:00  17 19 39.7  -24 12 22  +000940.9 -000070.9  23 13 05.1  168.719 18.601  46.11  39996 16.1
2010-04-25  00:30:00  17 30 08.2  -24 23 11  +000944.5 -000058.8  23 12 38.2  168.641 18.407  48.50  39976 16.1
2010-04-25  00:40:00  17 40 39.0  -24 31 57  +000947.7 -000046.5  23 12 09.1  168.549 18.246  50.88  39954 16.2
2010-04-25  00:50:00  17 51 11.7  -24 38 41  +000950.5 -000034.1  23 11 38.0  168.444 18.118  53.28  39931 16.2
2010-04-25  01:00:00  18 01 46.1  -24 43 19  +000952.8 -000021.5  23 11 05.2  168.327 18.022  55.67  39907 16.2
2010-04-25  01:10:00  18 12 22.0  -24 45 50  +000954.7 -000008.8  23 10 31.0  168.200 17.961  58.08  39881 16.3
2010-04-25  01:20:00  18 22 58.9  -24 46 15  +000956.1 +000003.9  23 09 55.7  168.062 17.933  60.48  39853 16.3
2010-04-25  01:30:00  18 33 36.7  -24 44 32  +000957.0 +000016.7  23 09 19.6  167.916 17.940  62.89  39825 16.3
2010-04-25  01:40:00  18 44 14.8  -24 40 41  +000957.5 +000029.5  23 08 43.1  167.761 17.981  65.29  39795 16.4
2010-04-25  01:50:00  18 54 53.2  -24 34 42  +000957.5 +000042.3  23 08 06.4  167.600 18.057  67.71  39763 16.4

   Date        UTC        RA         DECL      RARate   DeclRate    HourAng      Az     Um    Phase  Range  Mag
2010-04-25  18:00:00  10 24 03.9  +02 07 23  +000790.8 -000234.2  23 51 35.0  176.989 45.688  58.71  39703 16.3
2010-04-25  18:10:00  10 32 50.7  +01 27 57  +000789.5 -000238.9  23 52 49.9  177.464 45.041  56.42  39722 16.2
2010-04-25  18:20:00  10 41 36.7  +00 47 47  +000788.4 -000243.1  23 54 05.6  177.934 44.381  54.14  39740 16.2
2010-04-25  18:30:00  10 50 21.9  +00 06 56  +000787.5 -000247.1  23 55 21.9  178.397 43.707  51.85  39758 16.2
2010-04-25  18:40:00  10 59 06.7  -00 34 33  +000786.9 -000250.6  23 56 38.8  178.853 43.021  49.57  39775 16.1
2010-04-25  18:50:00  11 07 51.2  -01 16 36  +000786.5 -000253.8  23 57 56.0  179.301 42.324  47.27  39792 16.1
2010-04-25  19:00:00  11 16 35.5  -01 59 09  +000786.4 -000256.7  23 59 13.3  179.740 41.617  44.99  39809 16.1
2010-04-25  19:10:00  11 25 19.8  -02 42 08  +000786.5 -000259.1  00 00 30.6  180.169 40.900  42.69  39826 16.0
2010-04-25  19:20:00  11 34 04.3  -03 25 30  +000787.0 -000261.2  00 01 47.8  180.587 40.176  40.41  39843 16.0
2010-04-25  19:30:00  11 42 49.2  -04 09 11  +000787.7 -000262.9  00 03 04.6  180.993 39.445  38.11  39859 16.0
2010-04-25  19:40:00  11 51 34.6  -04 53 08  +000788.6 -000264.3  00 04 20.8  181.388 38.708  35.82  39875 16.0
2010-04-25  19:50:00  12 00 20.7  -05 37 15  +000789.9 -000265.2  00 05 36.3  181.769 37.967  33.52  39890 15.9
2010-04-25  20:00:00  12 09 07.8  -06 21 30  +000791.4 -000265.8  00 06 50.8  182.137 37.222  31.23  39905 15.9
2010-04-25  20:10:00  12 17 56.1  -07 05 49  +000793.3 -000265.9  00 08 04.2  182.490 36.475  28.93  39920 15.9
2010-04-25  20:20:00  12 26 45.6  -07 50 07  +000795.4 -000265.7  00 09 16.3  182.829 35.728  26.64  39934 15.9
2010-04-25  20:30:00  12 35 36.7  -08 34 22  +000797.8 -000265.0  00 10 26.9  183.153 34.980  24.34  39948 15.9
2010-04-25  20:40:00  12 44 29.5  -09 18 27  +000800.6 -000264.0  00 11 35.8  183.461 34.235  22.05  39962 15.8
2010-04-25  20:50:00  12 53 24.2  -10 02 21  +000803.6 -000262.6  00 12 42.7  183.753 33.492  19.75  39975 15.8
2010-04-25  21:00:00  13 02 20.9  -10 45 57  +000806.8 -000260.7  00 13 47.6  184.029 32.753  17.46  39987 15.8
2010-04-25  21:10:00  13 11 20.0  -11 29 14  +000810.4 -000258.5  00 14 50.2  184.288 32.020  15.17  39999 15.8
2010-04-25  21:20:00  13 20 21.5  -12 12 06  +000814.2 -000255.8  00 15 50.3  184.530 31.293  12.90  40010 15.8
2010-04-25  21:30:00  13 29 25.7  -12 54 29  +000818.3 -000252.7  00 16 47.8  184.755 30.575  10.63  40020 15.8
2010-04-25  21:40:00  13 38 32.6  -13 36 18  +000822.6 -000249.2  00 17 42.5  184.963 29.865   8.40  40030 15.8
2010-04-25  21:50:00  13 47 42.6  -14 17 31  +000827.2 -000245.3  00 18 34.2  185.153 29.167   6.23  40039 15.8
2010-04-25  22:00:00  13 56 55.6  -14 58 03     <<SHADOW>>        00 19 22.7  185.326 28.480   4.24  40047 ----
2010-04-25  22:10:00  14 06 12.0  -15 37 48     <<SHADOW>>        00 20 08.0  185.481 27.806   2.81  40054 ----
2010-04-25  22:20:00  14 15 31.7  -16 16 44     <<SHADOW>>        00 20 49.9  185.619 27.148   2.94  40060 ----
2010-04-25  22:30:00  14 24 55.0  -16 54 46     <<SHADOW>>        00 21 28.3  185.740 26.504   4.52  40065 ----
2010-04-25  22:40:00  14 34 22.0  -17 31 49     <<SHADOW>>        00 22 03.0  185.843 25.878   6.55  40069 ----
2010-04-25  22:50:00  14 43 52.7  -18 07 50  +000858.9 -000212.8  00 22 33.9  185.930 25.271   8.75  40071 15.8
2010-04-25  23:00:00  14 53 27.2  -18 42 43  +000864.7 -000205.9  00 23 01.0  185.999 24.683  11.01  40073 15.8
2010-04-25  23:10:00  15 03 05.6  -19 16 26  +000870.6 -000198.6  00 23 24.3  186.052 24.116  13.30  40073 15.8
2010-04-25  23:20:00  15 12 47.9  -19 48 53  +000876.5 -000190.8  00 23 43.6  186.089 23.570  15.60  40072 15.8
2010-04-25  23:30:00  15 22 34.3  -20 20 01  +000882.5 -000182.7  00 23 58.9  186.110 23.048  17.93  40069 15.8
2010-04-25  23:40:00  15 32 24.6  -20 49 46  +000888.4 -000174.1  00 24 10.2  186.116 22.551  20.26  40065 15.8
2010-04-25  23:50:00  15 42 18.8  -21 18 03  +000894.4 -000165.2  00 24 17.6  186.106 22.079  22.60  40059 15.8
2010-04-26  00:00:00  15 52 17.0  -21 44 48  +000900.2 -000155.9  00 24 21.1  186.083 21.633  24.94  40052 15.9
2010-04-26  00:10:00  16 02 19.0  -22 09 59  +000905.9 -000146.2  00 24 20.7  186.046 21.215  27.30  40044 15.9
2010-04-26  00:20:00  16 12 24.9  -22 33 31  +000911.6 -000136.1  00 24 16.5  185.996 20.825  29.64  40033 15.9
2010-04-26  00:30:00  16 22 34.4  -22 55 20  +000917.0 -000125.7  00 24 08.6  185.933 20.465  32.01  40021 15.9
2010-04-26  00:40:00  16 32 47.5  -23 15 23  +000922.2 -000114.9  00 23 57.2  185.859 20.135  34.37  40007 15.9
2010-04-26  00:50:00  16 43 03.9  -23 33 38  +000927.2 -000103.9  00 23 42.3  185.775 19.836  36.74  39992 16.0
2010-04-26  01:00:00  16 53 23.6  -23 50 00  +000931.9 -000092.5  00 23 24.3  185.680 19.569  39.11  39975 16.0
2010-04-26  01:10:00  17 03 46.3  -24 04 28  +000936.2 -000080.9  00 23 03.2  185.576 19.335  41.49  39956 16.0
2010-04-26  01:20:00  17 14 11.9  -24 16 58  +000940.3 -000069.1  00 22 39.3  185.464 19.134  43.86  39936 16.1
2010-04-26  01:30:00  17 24 40.0  -24 27 29  +000944.0 -000057.0  00 22 12.9  185.345 18.966  46.25  39913 16.1
2010-04-26  01:40:00  17 35 10.4  -24 35 57  +000947.2 -000044.7  00 21 44.1  185.220 18.833  48.63  39890 16.1
2010-04-26  01:50:00  17 45 42.8  -24 42 22  +000950.1 -000032.2  00 21 13.3  185.089 18.734  51.03  39864 16.2

   Date        UTC        RA         DECL      RARate   DeclRate    HourAng      Az     Um    Phase  Range  Mag
2010-04-26  18:10:00  09 34 43.1  +05 03 46  +000801.1 -000206.9  00 54 54.0  200.272 46.991  72.31  39715 16.5
2010-04-26  18:20:00  09 43 36.4  +04 28 46  +000798.8 -000213.1  00 56 02.4  200.469 46.357  70.03  39741 16.5
2010-04-26  18:30:00  09 52 28.3  +03 52 45  +000796.7 -000218.9  00 57 12.2  200.664 45.704  67.74  39767 16.4
2010-04-26  18:40:00  10 01 18.8  +03 15 48  +000794.8 -000224.5  00 58 23.3  200.857 45.034  65.46  39792 16.4
2010-04-26  18:50:00  10 10 08.1  +02 37 57  +000793.1 -000229.7  00 59 35.7  201.049 44.349  63.17  39817 16.4
2010-04-26  19:00:00  10 18 56.2  +01 59 16  +000791.5 -000234.5  01 00 49.1  201.237 43.648  60.90  39842 16.3
2010-04-26  19:10:00  10 27 43.5  +01 19 48  +000790.2 -000239.0  01 02 03.5  201.423 42.934  58.60  39867 16.3
2010-04-26  19:20:00  10 36 29.9  +00 39 37  +000789.1 -000243.1  01 03 18.8  201.605 42.207  56.32  39892 16.2
2010-04-26  19:30:00  10 45 15.6  -00 01 13  +000788.2 -000246.9  01 04 34.7  201.782 41.468  54.03  39916 16.2
2010-04-26  19:40:00  10 54 00.8  -00 42 39  +000787.5 -000250.3  01 05 51.1  201.955 40.719  51.75  39940 16.2
2010-04-26  19:50:00  11 02 45.7  -01 24 37  +000787.1 -000253.3  01 07 07.9  202.123 39.960  49.45  39964 16.1
2010-04-26  20:00:00  11 11 30.4  -02 07 04  +000787.0 -000256.0  01 08 24.8  202.285 39.194  47.17  39988 16.1
2010-04-26  20:10:00  11 20 15.0  -02 49 55  +000787.1 -000258.3  01 09 41.8  202.441 38.420  44.87  40011 16.1
2010-04-26  20:20:00  11 28 59.9  -03 33 08  +000787.5 -000260.2  01 10 58.6  202.591 37.641  42.59  40034 16.0
2010-04-26  20:30:00  11 37 45.0  -04 16 37  +000788.1 -000261.7  01 12 15.1  202.733 36.858  40.29  40056 16.0
2010-04-26  20:40:00  11 46 30.7  -05 00 21  +000789.1 -000262.9  01 13 31.0  202.868 36.071  38.00  40078 16.0
2010-04-26  20:50:00  11 55 17.2  -05 44 14  +000790.3 -000263.7  01 14 46.3  202.995 35.283  35.70  40100 16.0
2010-04-26  21:00:00  12 04 04.5  -06 28 13  +000791.8 -000264.1  01 16 00.5  203.113 34.494  33.42  40121 15.9
2010-04-26  21:10:00  12 12 53.0  -07 12 14  +000793.6 -000264.1  01 17 13.7  203.223 33.705  31.11  40142 15.9
2010-04-26  21:20:00  12 21 42.7  -07 56 14  +000795.7 -000263.7  01 18 25.7  203.323 32.919  28.83  40162 15.9
2010-04-26  21:30:00  12 30 33.9  -08 40 07  +000798.0 -000262.9  01 19 36.1  203.414 32.135  26.53  40181 15.9
2010-04-26  21:40:00  12 39 26.8  -09 23 51  +000800.7 -000261.8  01 20 44.8  203.496 31.357  24.24  40200 15.9
2010-04-26  21:50:00  12 48 21.6  -10 07 21  +000803.7 -000260.2  01 21 51.7  203.567 30.584  21.94  40218 15.9
2010-04-26  22:00:00  12 57 18.4  -10 50 34  +000806.9 -000258.2  01 22 56.5  203.628 29.818  19.66  40235 15.8
2010-04-26  22:10:00  13 06 17.5  -11 33 25  +000810.4 -000255.9  01 23 59.1  203.678 29.061  17.36  40251 15.8
2010-04-26  22:20:00  13 15 19.0  -12 15 50  +000814.2 -000253.1  01 24 59.2  203.718 28.313  15.09  40266 15.8
2010-04-26  22:30:00  13 24 23.1  -12 57 46  +000818.2 -000249.9  01 25 56.8  203.747 27.577  12.82  40281 15.8
2010-04-26  22:40:00  13 33 29.9  -13 39 07  +000822.5 -000246.3  01 26 51.5  203.765 26.853  10.58  40294 15.8
2010-04-26  22:50:00  13 42 39.8  -14 19 51  +000827.0 -000242.3  01 27 43.4  203.772 26.142   8.36  40306 15.8
2010-04-26  23:00:00  13 51 52.7  -14 59 53     <<SHADOW>>        01 28 32.1  203.768 25.447   6.24  40317 ----
2010-04-26  23:10:00  14 01 08.8  -15 39 08     <<SHADOW>>        01 29 17.6  203.753 24.767   4.31  40327 ----
2010-04-26  23:20:00  14 10 28.3  -16 17 33     <<SHADOW>>        01 29 59.8  203.728 24.106   3.03  40335 ----
2010-04-26  23:30:00  14 19 51.3  -16 55 03     <<SHADOW>>        01 30 38.4  203.691 23.463   3.26  40342 ----
2010-04-26  23:40:00  14 29 17.9  -17 31 35     <<SHADOW>>        01 31 13.4  203.645 22.840   4.79  40347 ----
2010-04-26  23:50:00  14 38 48.3  -18 07 04     <<SHADOW>>        01 31 44.7  203.587 22.238   6.80  40351 ----
2010-04-27  00:00:00  14 48 22.4  -18 41 26  +000864.1 -000202.7  01 32 12.2  203.520 21.658   8.96  40354 15.8
2010-04-27  00:10:00  14 58 00.4  -19 14 37  +000869.9 -000195.4  01 32 35.9  203.444 21.102  11.21  40355 15.8
2010-04-27  00:20:00  15 07 42.3  -19 46 33  +000875.8 -000187.7  01 32 55.6  203.357 20.570  13.48  40354 15.8
2010-04-27  00:30:00  15 17 28.1  -20 17 09  +000881.7 -000179.6  01 33 11.5  203.263 20.064  15.79  40351 15.8
2010-04-27  00:40:00  15 27 17.9  -20 46 23  +000887.6 -000171.0  01 33 23.3  203.159 19.584  18.10  40347 15.8
2010-04-27  00:50:00  15 37 11.6  -21 14 09  +000893.5 -000162.1  01 33 31.3  203.049 19.132  20.43  40341 15.9
2010-04-27  01:00:00  15 47 09.2  -21 40 25  +000899.3 -000152.9  01 33 35.3  202.930 18.709  22.76  40333 15.9
2010-04-27  01:10:00  15 57 10.7  -22 05 05  +000905.1 -000143.2  01 33 35.4  202.806 18.315  25.11  40323 15.9
2010-04-27  01:20:00  16 07 15.9  -22 28 08  +000910.7 -000133.2  01 33 31.8  202.675 17.951  27.45  40311 15.9
2010-04-27  01:30:00  16 17 24.8  -22 49 29  +000916.1 -000122.9  01 33 24.6  202.540 17.618  29.81  40298 15.9
2010-04-27  01:40:00  16 27 37.3  -23 09 04  +000921.3 -000112.2  01 33 13.8  202.400 17.317  32.17  40282 15.9
2010-04-27  01:50:00  16 37 53.1  -23 26 52  +000926.2 -000101.2  01 32 59.6  202.257 17.049  34.54  40265 16.0

   Date        UTC        RA         DECL      RARate   DeclRate    HourAng      Az     Um    Phase  Range  Mag
2010-04-27  18:10:00  08 36 04.7  +07 59 11  +000818.3 -000163.2  01 57 29.0  222.550 44.090  88.08  39977 17.0
2010-04-27  18:20:00  08 45 09.3  +07 31 20  +000815.5 -000171.1  01 58 26.0  222.535 43.570  85.80  40010 16.9
2010-04-27  18:30:00  08 54 12.1  +07 02 11  +000812.8 -000178.7  01 59 24.9  222.517 43.026  83.51  40042 16.8
2010-04-27  18:40:00  09 03 13.0  +06 31 47  +000810.1 -000186.0  02 00 25.6  222.495 42.461  81.23  40074 16.8
2010-04-27  18:50:00  09 12 12.2  +06 00 11  +000807.5 -000193.0  02 01 28.0  222.470 41.875  78.94  40106 16.7
2010-04-27  19:00:00  09 21 09.8  +05 27 27  +000805.0 -000199.7  02 02 32.2  222.443 41.268  76.66  40139 16.7
2010-04-27  19:10:00  09 30 05.7  +04 53 38  +000802.7 -000206.1  02 03 37.9  222.414 40.643  74.37  40170 16.6
2010-04-27  19:20:00  09 39 00.1  +04 18 47  +000800.5 -000212.1  02 04 45.1  222.382 39.999  72.09  40202 16.6
2010-04-27  19:30:00  09 47 53.0  +03 42 58  +000798.4 -000217.7  02 05 53.8  222.349 39.337  69.79  40234 16.5
2010-04-27  19:40:00  09 56 44.6  +03 06 14  +000796.5 -000223.1  02 07 03.9  222.315 38.660  67.51  40265 16.5
2010-04-27  19:50:00  10 05 35.0  +02 28 38  +000794.7 -000228.1  02 08 15.1  222.278 37.967  65.22  40296 16.4
2010-04-27  20:00:00  10 14 24.3  +01 50 13  +000793.2 -000232.7  02 09 27.5  222.240 37.260  62.94  40327 16.4
2010-04-27  20:10:00  10 23 12.6  +01 11 04  +000791.8 -000237.0  02 10 40.8  222.200 36.540  60.64  40358 16.3
2010-04-27  20:20:00  10 32 00.1  +00 31 14  +000790.7 -000241.0  02 11 54.9  222.158 35.809  58.36  40389 16.3
2010-04-27  20:30:00  10 40 46.9  -00 09 14  +000789.8 -000244.5  02 13 09.8  222.114 35.067  56.06  40419 16.3
2010-04-27  20:40:00  10 49 33.2  -00 50 15  +000789.1 -000247.7  02 14 25.1  222.068 34.315  53.78  40449 16.2
2010-04-27  20:50:00  10 58 19.2  -01 31 47  +000788.7 -000250.6  02 15 40.8  222.020 33.556  51.48  40479 16.2
2010-04-27  21:00:00  11 07 04.9  -02 13 46  +000788.5 -000253.1  02 16 56.7  221.969 32.789  49.20  40508 16.2
2010-04-27  21:10:00  11 15 50.6  -02 56 08  +000788.6 -000255.2  02 18 12.6  221.915 32.017  46.90  40537 16.1
2010-04-27  21:20:00  11 24 36.5  -03 38 49  +000789.0 -000257.0  02 19 28.4  221.859 31.240  44.61  40565 16.1
2010-04-27  21:30:00  11 33 22.7  -04 21 47  +000789.6 -000258.4  02 20 43.9  221.798 30.460  42.31  40593 16.1
2010-04-27  21:40:00  11 42 09.4  -05 04 56  +000790.5 -000259.4  02 21 58.8  221.734 29.679  40.02  40620 16.0
2010-04-27  21:50:00  11 50 56.7  -05 48 13  +000791.7 -000260.0  02 23 13.1  221.667 28.897  37.72  40647 16.0
2010-04-27  22:00:00  11 59 45.0  -06 31 34  +000793.2 -000260.3  02 24 26.5  221.595 28.115  35.44  40673 16.0
2010-04-27  22:10:00  12 08 34.3  -07 14 57  +000794.9 -000260.1  02 25 38.8  221.518 27.336  33.13  40698 16.0
2010-04-27  22:20:00  12 17 24.9  -07 58 16  +000796.9 -000259.6  02 26 49.8  221.437 26.560  30.85  40722 16.0
2010-04-27  22:30:00  12 26 17.0  -08 41 29  +000799.3 -000258.8  02 27 59.4  221.351 25.788  28.54  40746 15.9
2010-04-27  22:40:00  12 35 10.7  -09 24 30  +000801.9 -000257.5  02 29 07.4  221.260 25.023  26.26  40768 15.9
2010-04-27  22:50:00  12 44 06.2  -10 07 17  +000804.7 -000255.8  02 30 13.5  221.163 24.265  23.96  40790 15.9
2010-04-27  23:00:00  12 53 03.7  -10 49 46  +000807.9 -000253.8  02 31 17.6  221.061 23.516  21.67  40810 15.9
2010-04-27  23:10:00  13 02 03.4  -11 31 52  +000811.3 -000251.3  02 32 19.5  220.953 22.777  19.37  40829 15.9
2010-04-27  23:20:00  13 11 05.6  -12 13 31  +000815.0 -000248.5  02 33 19.1  220.840 22.049  17.10  40848 15.9
2010-04-27  23:30:00  13 20 10.2  -12 54 41  +000819.0 -000245.3  02 34 16.1  220.720 21.333  14.81  40864 15.8
2010-04-27  23:40:00  13 29 17.6  -13 35 16  +000823.2 -000241.6  02 35 10.3  220.595 20.632  12.56  40880 15.8
2010-04-27  23:50:00  13 38 27.9  -14 15 12  +000827.6 -000237.6  02 36 01.7  220.464 19.945  10.31  40894 15.8
2010-04-28  00:00:00  13 47 41.2  -14 54 27     <<SHADOW>>        02 36 50.0  220.327 19.275   8.12  40906 ----
2010-04-28  00:10:00  13 56 57.6  -15 32 55     <<SHADOW>>        02 37 35.2  220.184 18.622   6.01  40917 ----
2010-04-28  00:20:00  14 06 17.4  -16 10 32     <<SHADOW>>        02 38 17.0  220.035 17.989   4.15  40926 ----
2010-04-28  00:30:00  14 15 40.7  -16 47 15     <<SHADOW>>        02 38 55.4  219.881 17.375   3.03  40934 ----
2010-04-28  00:40:00  14 25 07.5  -17 23 00     <<SHADOW>>        02 39 30.3  219.722 16.783   3.46  40939 ----
2010-04-28  00:50:00  14 34 37.9  -17 57 42     <<SHADOW>>        02 40 01.5  219.558 16.212   5.07  40943 ----
2010-04-28  01:00:00  14 44 12.1  -18 31 18  +000864.1 -000198.1  02 40 29.0  219.390 15.665   7.09  40945 15.8
2010-04-28  01:10:00  14 53 50.1  -19 03 43  +000869.8 -000190.9  02 40 52.6  219.217 15.143   9.28  40946 15.8
2010-04-28  01:20:00  15 03 31.9  -19 34 54  +000875.6 -000183.2  02 41 12.5  219.041 14.646  11.52  40944 15.8
2010-04-28  01:30:00  15 13 17.6  -20 04 46  +000881.5 -000175.2  02 41 28.4  218.861 14.175  13.80  40940 15.8
2010-04-28  01:40:00  15 23 07.1  -20 33 16  +000887.3 -000166.7  02 41 40.5  218.679 13.732  16.10  40934 15.9
2010-04-28  01:50:00  15 33 00.6  -21 00 20  +000893.1 -000157.9  02 41 48.7  218.495 13.317  18.43  40927 15.9

   Date        UTC        RA         DECL      RARate   DeclRate    HourAng      Az     Um    Phase  Range  Mag
2010-04-28  18:10:00  07 37 12.3  +10 02 14  +000836.7 -000110.0  03 00 18.0  241.196 37.285 103.65  40485 17.5
2010-04-28  18:20:00  07 46 29.2  +09 43 07  +000834.1 -000119.3  03 01 02.7  241.133 36.920 101.37  40522 17.4
2010-04-28  18:30:00  07 55 44.4  +09 22 28  +000831.4 -000128.4  03 01 49.2  241.058 36.531  99.07  40559 17.3
2010-04-28  18:40:00  08 04 57.7  +09 00 20  +000828.6 -000137.2  03 02 37.5  240.974 36.118  96.78  40596 17.3
2010-04-28  18:50:00  08 14 09.2  +08 36 44  +000825.8 -000145.8  03 03 27.6  240.880 35.680  94.48  40633 17.2
2010-04-28  19:00:00  08 23 18.8  +08 11 45  +000823.1 -000154.1  03 04 19.6  240.777 35.219  92.19  40670 17.1
2010-04-28  19:10:00  08 32 26.6  +07 45 24  +000820.3 -000162.1  03 05 13.5  240.667 34.736  89.89  40707 17.0
2010-04-28  19:20:00  08 41 32.6  +07 17 44  +000817.5 -000169.8  03 06 09.2  240.550 34.229  87.61  40744 17.0
2010-04-28  19:30:00  08 50 36.7  +06 48 50  +000814.9 -000177.2  03 07 06.7  240.427 33.702  85.31  40781 16.9
2010-04-28  19:40:00  08 59 39.0  +06 18 42  +000812.2 -000184.3  03 08 06.0  240.299 33.153  83.03  40818 16.9
2010-04-28  19:50:00  09 08 39.7  +05 47 25  +000809.7 -000191.0  03 09 07.0  240.165 32.585  80.73  40855 16.8
2010-04-28  20:00:00  09 17 38.6  +05 15 02  +000807.2 -000197.5  03 10 09.7  240.028 31.997  78.44  40892 16.7
2010-04-28  20:10:00  09 26 36.0  +04 41 36  +000804.9 -000203.6  03 11 14.0  239.886 31.391  76.15  40929 16.7
2010-04-28  20:20:00  09 35 31.9  +04 07 11  +000802.7 -000209.4  03 12 19.7  239.741 30.768  73.86  40966 16.6
2010-04-28  20:30:00  09 44 26.3  +03 31 49  +000800.7 -000214.9  03 13 26.9  239.594 30.128  71.56  41003 16.6
2010-04-28  20:40:00  09 53 19.4  +02 55 34  +000798.8 -000220.0  03 14 35.5  239.443 29.473  69.28  41039 16.5
2010-04-28  20:50:00  10 02 11.4  +02 18 29  +000797.0 -000224.8  03 15 45.2  239.290 28.804  66.98  41075 16.5
2010-04-28  21:00:00  10 11 02.2  +01 40 39  +000795.5 -000229.3  03 16 56.0  239.135 28.121  64.69  41111 16.5
2010-04-28  21:10:00  10 19 52.1  +01 02 05  +000794.2 -000233.4  03 18 07.7  238.977 27.426  62.40  41147 16.4
2010-04-28  21:20:00  10 28 41.2  +00 22 53  +000793.1 -000237.1  03 19 20.3  238.818 26.720  60.11  41183 16.4
2010-04-28  21:30:00  10 37 29.6  -00 16 55  +000792.2 -000240.5  03 20 33.5  238.657 26.004  57.81  41218 16.3
2010-04-28  21:40:00  10 46 17.4  -00 57 16  +000791.5 -000243.5  03 21 47.3  238.493 25.280  55.52  41252 16.3
2010-04-28  21:50:00  10 55 05.0  -01 38 05  +000791.1 -000246.2  03 23 01.4  238.328 24.548  53.22  41287 16.3
2010-04-28  22:00:00  11 03 52.3  -02 19 19  +000790.9 -000248.5  03 24 15.8  238.161 23.810  50.94  41320 16.2
2010-04-28  22:10:00  11 12 39.5  -03 00 55  +000791.0 -000250.5  03 25 30.1  237.991 23.067  48.64  41353 16.2
2010-04-28  22:20:00  11 21 26.9  -03 42 48  +000791.3 -000252.1  03 26 44.4  237.820 22.320  46.35  41386 16.2
2010-04-28  22:30:00  11 30 14.7  -04 24 55  +000791.9 -000253.3  03 27 58.3  237.646 21.571  44.05  41418 16.1
2010-04-28  22:40:00  11 39 02.9  -05 07 14  +000792.8 -000254.2  03 29 11.7  237.470 20.820  41.76  41448 16.1
2010-04-28  22:50:00  11 47 51.7  -05 49 39  +000793.9 -000254.7  03 30 24.5  237.291 20.070  39.45  41478 16.1
2010-04-28  23:00:00  11 56 41.5  -06 32 07  +000795.3 -000254.9  03 31 36.4  237.110 19.321  37.16  41508 16.1
2010-04-28  23:10:00  12 05 32.3  -07 14 35  +000797.1 -000254.6  03 32 47.2  236.926 18.575  34.86  41536 16.0
2010-04-28  23:20:00  12 14 24.3  -07 56 59  +000799.0 -000254.0  03 33 56.9  236.738 17.834  32.57  41563 16.0
2010-04-28  23:30:00  12 23 17.7  -08 39 15  +000801.3 -000253.1  03 35 05.1  236.548 17.097  30.26  41589 16.0
2010-04-28  23:40:00  12 32 12.8  -09 21 19  +000803.9 -000251.7  03 36 11.7  236.355 16.367  27.97  41613 16.0
2010-04-28  23:50:00  12 41 09.6  -10 03 08  +000806.7 -000250.0  03 37 16.5  236.158 15.646  25.67  41637 16.0
2010-04-29  00:00:00  12 50 08.4  -10 44 38  +000809.8 -000247.9  03 38 19.4  235.958 14.933  23.38  41659 15.9
2010-04-29  00:10:00  12 59 09.3  -11 25 45  +000813.1 -000245.4  03 39 20.1  235.755 14.231  21.08  41679 15.9
2010-04-29  00:20:00  13 08 12.6  -12 06 26  +000816.8 -000242.6  03 40 18.4  235.548 13.541  18.79  41699 15.9
2010-04-29  00:30:00  13 17 18.4  -12 46 35  +000820.6 -000239.3  03 41 14.3  235.338 12.865  16.50  41716 15.9
2010-04-29  00:40:00  13 26 26.9  -13 26 11  +000824.7 -000235.7  03 42 07.5  235.125 12.202  14.22  41732 15.9
2010-04-29  00:50:00  13 35 38.1  -14 05 08  +000829.1 -000231.7  03 42 57.8  234.909 11.556  11.95  41746 15.9
2010-04-29  01:00:00  13 44 52.4  -14 43 23     <<SHADOW>>        03 43 45.2  234.689 10.926   9.71  41758 ----
2010-04-29  01:10:00  13 54 09.7  -15 20 51     <<SHADOW>>        03 44 29.5  234.467 10.314   7.51  41769 ----

   Date        UTC        RA         DECL      RARate   DeclRate    HourAng      Az     Um    Phase  Range  Mag
2010-04-29  18:10:00  06 38 35.6  +11 05 39  +000852.0 -000050.9  04 02 51.3  255.905 28.060 118.93  41197 18.2
2010-04-29  18:20:00  06 48 02.9  +10 56 20  +000850.0 -000061.1  04 03 25.5  255.901 27.851 116.63  41236 18.1
2010-04-29  18:30:00  06 57 28.9  +10 45 19  +000848.0 -000071.1  04 04 01.2  255.880 27.617 114.32  41275 18.0
2010-04-29  18:40:00  07 06 53.5  +10 32 38  +000845.8 -000081.0  04 04 38.2  255.844 27.359 112.03  41314 17.9
2010-04-29  18:50:00  07 16 16.6  +10 18 19  +000843.5 -000090.7  04 05 16.8  255.792 27.077 109.72  41354 17.8
2010-04-29  19:00:00  07 25 38.1  +10 02 25  +000841.0 -000100.2  04 05 56.9  255.725 26.770 107.43  41393 17.7
2010-04-29  19:10:00  07 34 57.9  +09 44 56  +000838.5 -000109.5  04 06 38.7  255.645 26.440 105.12  41433 17.6
2010-04-29  19:20:00  07 44 16.1  +09 25 56  +000835.9 -000118.5  04 07 22.3  255.553 26.086 102.83  41473 17.5
2010-04-29  19:30:00  07 53 32.4  +09 05 27  +000833.3 -000127.3  04 08 07.5  255.448 25.708 100.52  41514 17.4
2010-04-29  19:40:00  08 02 47.1  +08 43 30  +000830.6 -000135.9  04 08 54.5  255.333 25.308  98.23  41554 17.4
2010-04-29  19:50:00  08 11 59.9  +08 20 10  +000827.9 -000144.2  04 09 43.4  255.207 24.885  95.92  41595 17.3
2010-04-29  20:00:00  08 21 10.8  +07 55 27  +000825.1 -000152.2  04 10 34.0  255.072 24.440  93.63  41635 17.2
2010-04-29  20:10:00  08 30 20.0  +07 29 26  +000822.4 -000160.0  04 11 26.5  254.928 23.973  91.33  41676 17.1
2010-04-29  20:20:00  08 39 27.4  +07 02 09  +000819.7 -000167.4  04 12 20.8  254.776 23.486  89.04  41717 17.1
2010-04-29  20:30:00  08 48 33.0  +06 33 39  +000817.1 -000174.6  04 13 16.8  254.617 22.978  86.73  41758 17.0
2010-04-29  20:40:00  08 57 36.9  +06 03 59  +000814.5 -000181.4  04 14 14.6  254.452 22.450  84.44  41799 16.9
2010-04-29  20:50:00  09 06 39.1  +05 33 12  +000812.0 -000188.0  04 15 14.0  254.280 21.903  82.14  41840 16.9
2010-04-29  21:00:00  09 15 39.6  +05 01 21  +000809.7 -000194.2  04 16 15.1  254.103 21.339  79.85  41881 16.8
2010-04-29  21:10:00  09 24 38.6  +04 28 29  +000807.4 -000200.1  04 17 17.7  253.920 20.757  77.55  41921 16.8
2010-04-29  21:20:00  09 33 36.2  +03 54 40  +000805.2 -000205.7  04 18 21.9  253.733 20.158  75.26  41962 16.7
2010-04-29  21:30:00  09 42 32.3  +03 19 57  +000803.2 -000210.9  04 19 27.4  253.542 19.545  72.96  42002 16.7
2010-04-29  21:40:00  09 51 27.2  +02 44 22  +000801.4 -000215.8  04 20 34.2  253.347 18.916  70.67  42043 16.6
2010-04-29  21:50:00  10 00 20.8  +02 08 01  +000799.7 -000220.4  04 21 42.1  253.149 18.275  68.37  42083 16.6
2010-04-29  22:00:00  10 09 13.4  +01 30 55  +000798.2 -000224.7  04 22 51.1  252.947 17.620  66.08  42122 16.5
2010-04-29  22:10:00  10 18 05.1  +00 53 09  +000796.9 -000228.6  04 24 01.1  252.742 16.955  63.78  42162 16.5
2010-04-29  22:20:00  10 26 56.0  +00 14 45  +000795.8 -000232.1  04 25 11.9  252.534 16.279  61.49  42201 16.4
2010-04-29  22:30:00  10 35 46.2  -00 24 13  +000794.9 -000235.3  04 26 23.3  252.323 15.594  59.18  42239 16.4
2010-04-29  22:40:00  10 44 36.0  -01 03 41  +000794.3 -000238.2  04 27 35.2  252.109 14.901  56.90  42277 16.4
2010-04-29  22:50:00  10 53 25.3  -01 43 36  +000793.9 -000240.7  04 28 47.5  251.893 14.202  54.59  42314 16.3
2010-04-29  23:00:00  11 02 14.5  -02 23 54  +000793.7 -000242.9  04 29 60.0  251.674 13.497  52.30  42350 16.3
2010-04-29  23:10:00  11 11 03.6  -03 04 33  +000793.8 -000244.7  04 31 12.5  251.453 12.787  50.00  42386 16.3
2010-04-29  23:20:00  11 19 52.9  -03 45 27  +000794.1 -000246.2  04 32 24.8  251.229 12.074  47.71  42421 16.2
2010-04-29  23:30:00  11 28 42.5  -04 26 35  +000794.7 -000247.3  04 33 36.9  251.002 11.360  45.40  42454 16.2
2010-04-29  23:40:00  11 37 32.5  -05 07 53  +000795.6 -000248.1  04 34 48.5  250.773 10.645  43.11  42487 16.2

   Date        UTC        RA         DECL      RARate   DeclRate    HourAng      Az     Um    Phase  Range  Mag
2010-04-30  18:10:00  05 40 49.6  +11 07 35  +000861.2 +000010.2  05 04 33.8  267.769 17.568 133.81  42062 19.1
2010-04-30  18:20:00  05 50 23.4  +11 08 25  +000860.3 -000000.3  05 05 01.6  267.864 17.498 131.52  42099 18.9
2010-04-30  18:30:00  05 59 56.6  +11 07 31  +000859.3 -000010.7  05 05 30.1  267.940 17.405 129.21  42138 18.8
2010-04-30  18:40:00  06 09 29.0  +11 04 52  +000858.0 -000021.0  05 05 59.3  267.996 17.290 126.91  42176 18.7
2010-04-30  18:50:00  06 19 00.6  +11 00 31  +000856.6 -000031.3  05 06 29.4  268.035 17.152 124.60  42216 18.5
2010-04-30  19:00:00  06 28 31.1  +10 54 27  +000855.0 -000041.5  05 07 00.4  268.055 16.991 122.30  42255 18.4
2010-04-30  19:10:00  06 38 00.6  +10 46 42  +000853.3 -000051.5  05 07 32.6  268.059 16.806 119.99  42295 18.3
2010-04-30  19:20:00  06 47 28.9  +10 37 17  +000851.4 -000061.4  05 08 06.0  268.045 16.599 117.69  42336 18.2
2010-04-30  19:30:00  06 56 55.8  +10 26 14  +000849.4 -000071.2  05 08 40.7  268.016 16.367 115.38  42376 18.1
2010-04-30  19:40:00  07 06 21.3  +10 13 34  +000847.2 -000080.8  05 09 16.8  267.972 16.113 113.08  42417 18.0
2010-04-30  19:50:00  07 15 45.4  +09 59 19  +000845.0 -000090.2  05 09 54.4  267.914 15.836 110.76  42459 17.9
2010-04-30  20:00:00  07 25 08.0  +09 43 31  +000842.6 -000099.4  05 10 33.5  267.842 15.535 108.47  42501 17.8
2010-04-30  20:10:00  07 34 28.9  +09 26 11  +000840.1 -000108.4  05 11 14.2  267.757 15.212 106.15  42543 17.7
2010-04-30  20:20:00  07 43 48.1  +09 07 23  +000837.6 -000117.2  05 11 56.6  267.659 14.866 103.86  42585 17.6
2010-04-30  20:30:00  07 53 05.7  +08 47 09  +000835.0 -000125.7  05 12 40.7  267.550 14.497 101.55  42628 17.5
2010-04-30  20:40:00  08 02 21.5  +08 25 30  +000832.4 -000134.0  05 13 26.6  267.431 14.107  99.25  42671 17.4
2010-04-30  20:50:00  08 11 35.5  +08 02 30  +000829.7 -000142.0  05 14 14.2  267.301 13.695  96.94  42714 17.4
2010-04-30  21:00:00  08 20 47.8  +07 38 10  +000827.1 -000149.8  05 15 03.5  267.162 13.262  94.64  42757 17.3
2010-04-30  21:10:00  08 29 58.3  +07 12 35  +000824.4 -000157.3  05 15 54.7  267.014 12.808  92.34  42800 17.2
2010-04-30  21:20:00  08 39 07.0  +06 45 46  +000821.8 -000164.5  05 16 47.6  266.857 12.335  90.04  42844 17.2
2010-04-30  21:30:00  08 48 14.0  +06 17 46  +000819.3 -000171.4  05 17 42.2  266.693 11.842  87.73  42887 17.1
2010-04-30  21:40:00  08 57 19.4  +05 48 39  +000816.8 -000178.0  05 18 38.5  266.522 11.330  85.44  42931 17.0
2010-04-30  21:50:00  09 06 23.1  +05 18 28  +000814.3 -000184.3  05 19 36.4  266.345 10.800  83.13  42974 17.0
2010-04-30  22:00:00  09 15 25.2  +04 47 15  +000812.0 -000190.3  05 20 36.0  266.161 10.254  80.84  43018 16.9
