ЭФЕМЕРИДЫ ПО ОБЪЕКТУ:  90130
Для пункта:  10016 Маяки   46 23'50.68"   30 16'17.74"    14m
C   2010-04-15 12:00
по  2010-05-01 12:00
Шаг  0:10:00
Мин.угол места:          10 град
Макс.угол места Солнца: -10 град
Стандартный блеск :      9.4 (зв.вел.)

ОБОЗНАЧЕНИЯ
RA        прямое восхождение, тек.эпоха
DECL      склонение, тек.эпоха
RARate    скорость по пр.восх., арксек/мин
DeclRate  скорость по склонению, арксек/мин
HourAng   часовой угол
Az        азимут
Um        угол места
Phase     фазовый угол
Range     дальность
Mag       зв.величина (оценка)

   Date        UTC        RA         DECL      RARate   DeclRate    HourAng      Az     Um    Phase  Range  Mag
2010-04-15  17:50:00  11 22 00.4  +00 31 50  +000714.4 -000006.4  22 04 11.3  142.340 37.599  34.72  42616 16.5
2010-04-15  18:00:00  11 29 55.6  +00 30 29  +000711.2 -000009.7  22 06 17.8  142.957 37.800  32.86  42695 16.5
2010-04-15  18:10:00  11 37 48.7  +00 28 36  +000708.2 -000013.0  22 08 26.3  143.592 37.992  30.99  42768 16.5
2010-04-15  18:20:00  11 45 39.9  +00 26 10  +000705.5 -000016.2  22 10 36.7  144.243 38.175  29.16  42834 16.4
2010-04-15  18:30:00  11 53 29.5  +00 23 12  +000703.1 -000019.4  22 12 48.9  144.911 38.350  27.33  42893 16.4
2010-04-15  18:40:00  12 01 17.4  +00 19 43  +000700.8 -000022.5  22 15 02.5  145.594 38.516  25.53  42945 16.4
2010-04-15  18:50:00  12 09 04.0  +00 15 42  +000698.8 -000025.6  22 17 17.6  146.292 38.671  23.74  42990 16.4
2010-04-15  19:00:00  12 16 49.3  +00 11 11  +000697.1 -000028.6  22 19 33.9  147.002 38.817  21.99  43029 16.4
2010-04-15  19:10:00  12 24 33.5  +00 06 09  +000695.6 -000031.6  22 21 51.4  147.725 38.952  20.26  43060 16.4
2010-04-15  19:20:00  12 32 16.8  +00 00 38  +000694.3 -000034.6  22 24 09.7  148.459 39.077  18.58  43085 16.4
2010-04-15  19:30:00  12 39 59.3  -00 05 22  +000693.3 -000037.5  22 26 28.9  149.203 39.190  16.94  43103 16.4
2010-04-15  19:40:00  12 47 41.2  -00 11 52  +000692.4 -000040.4  22 28 48.6  149.957 39.292  15.36  43113 16.4
2010-04-15  19:50:00  12 55 22.6  -00 18 50  +000691.9 -000043.2  22 31 08.8  150.718 39.382  13.85  43117 16.4
2010-04-15  20:00:00  13 03 03.8  -00 26 17  +000691.6 -000046.0  22 33 29.3  151.486 39.460  12.47  43114 16.4
2010-04-15  20:10:00  13 10 44.8  -00 34 11  +000691.5 -000048.8  22 35 49.9  152.259 39.526  11.22  43104 16.3
2010-04-15  20:20:00  13 18 25.8  -00 42 33  +000691.6 -000051.6  22 38 10.6  153.037 39.580  10.18  43087 16.3
2010-04-15  20:30:00  13 26 07.0  -00 51 22  +000692.0 -000054.2  22 40 31.0  153.818 39.620   9.39  43063 16.3
2010-04-15  20:40:00  13 33 48.6  -01 00 38  +000692.7 -000056.9  22 42 51.1  154.601 39.648   8.96  43032 16.3
2010-04-15  20:50:00  13 41 30.7  -01 10 20  +000693.6 -000059.5  22 45 10.6  155.385 39.663   8.91  42995 16.3
2010-04-15  21:00:00  13 49 13.4  -01 20 28  +000694.7 -000062.1  22 47 29.5  156.168 39.665   9.26  42951 16.3
2010-04-15  21:10:00  13 56 57.1  -01 31 02  +000696.1 -000064.6  22 49 47.5  156.949 39.653   9.97  42900 16.3
2010-04-15  21:20:00  14 04 41.7  -01 42 01  +000697.8 -000067.1  22 52 04.6  157.727 39.628  10.97  42842 16.3
2010-04-15  21:30:00  14 12 27.5  -01 53 25  +000699.7 -000069.6  22 54 20.4  158.500 39.590  12.20  42778 16.3
2010-04-15  21:40:00  14 20 14.7  -02 05 13  +000701.9 -000072.0  22 56 34.9  159.267 39.539  13.58  42707 16.3
2010-04-15  21:50:00  14 28 03.4  -02 17 26  +000704.3 -000074.4  22 58 47.8  160.026 39.475  15.10  42630 16.3
2010-04-15  22:00:00  14 35 53.8  -02 30 01  +000707.0 -000076.7  23 00 59.0  160.777 39.397  16.70  42546 16.3
2010-04-15  22:10:00  14 43 46.1  -02 43 00  +000710.0 -000079.0  23 03 08.4  161.518 39.306  18.38  42456 16.3
2010-04-15  22:20:00  14 51 40.5  -02 56 22  +000713.2 -000081.3  23 05 15.6  162.248 39.202  20.10  42360 16.4
2010-04-15  22:30:00  14 59 37.1  -03 10 06  +000716.7 -000083.5  23 07 20.7  162.965 39.085  21.88  42257 16.4
2010-04-15  22:40:00  15 07 36.1  -03 24 12  +000720.5 -000085.6  23 09 23.3  163.669 38.956  23.69  42149 16.4
2010-04-15  22:50:00  15 15 37.8  -03 38 39  +000724.6 -000087.7  23 11 23.2  164.357 38.815  25.54  42034 16.4
2010-04-15  23:00:00  15 23 42.3  -03 53 27  +000729.0 -000089.8  23 13 20.3  165.028 38.661  27.42  41914 16.4
2010-04-15  23:10:00  15 31 49.8  -04 08 34  +000733.6 -000091.7  23 15 14.5  165.682 38.496  29.32  41788 16.4
2010-04-15  23:20:00  15 40 00.6  -04 24 01  +000738.6 -000093.7  23 17 05.4  166.317 38.319  31.25  41656 16.4
2010-04-15  23:30:00  15 48 14.7  -04 39 47  +000743.9 -000095.5  23 18 52.9  166.931 38.131  33.20  41518 16.4
2010-04-15  23:40:00  15 56 32.4  -04 55 52  +000749.4 -000097.3  23 20 36.8  167.525 37.933  35.17  41376 16.4
2010-04-15  23:50:00  16 04 53.9  -05 12 13  +000755.3 -000099.0  23 22 16.9  168.096 37.724  37.17  41228 16.4
2010-04-16  00:00:00  16 13 19.5  -05 28 51  +000761.5 -000100.6  23 23 53.0  168.643 37.505  39.19  41075 16.5
2010-04-16  00:10:00  16 21 49.3  -05 45 45  +000768.0 -000102.1  23 25 24.9  169.165 37.276  41.23  40917 16.5
2010-04-16  00:20:00  16 30 23.6  -06 02 53  +000774.8 -000103.6  23 26 52.3  169.662 37.039  43.29  40755 16.5
2010-04-16  00:30:00  16 39 02.5  -06 20 16  +000782.0 -000104.9  23 28 15.0  170.131 36.794  45.37  40588 16.5
2010-04-16  00:40:00  16 47 46.2  -06 37 51  +000789.4 -000106.1  23 29 32.9  170.573 36.540  47.47  40416 16.5
2010-04-16  00:50:00  16 56 35.0  -06 55 38  +000797.2 -000107.2  23 30 45.8  170.986 36.279  49.60  40241 16.5
2010-04-16  01:00:00  17 05 29.1  -07 13 35  +000805.3 -000108.2  23 31 53.3  171.370 36.011  51.74  40061 16.6
2010-04-16  01:10:00  17 14 28.8  -07 31 41  +000813.8 -000109.0  23 32 55.2  171.722 35.737  53.92  39878 16.6
2010-04-16  01:20:00  17 23 34.2  -07 49 55  +000822.6 -000109.7  23 33 51.4  172.043 35.458  56.11  39692 16.6
2010-04-16  01:30:00  17 32 45.6  -08 08 15  +000831.7 -000110.3  23 34 41.7  172.331 35.173  58.33  39502 16.6
2010-04-16  01:40:00  17 42 03.2  -08 26 40  +000841.1 -000110.6  23 35 25.7  172.586 34.884  60.56  39309 16.7
2010-04-16  01:50:00  17 51 27.2  -08 45 07  +000850.9 -000110.8  23 36 03.4  172.808 34.592  62.83  39114 16.7
2010-04-16  02:00:00  18 00 57.7  -09 03 36  +000860.9 -000110.8  23 36 34.6  172.995 34.296  65.12  38916 16.7
2010-04-16  02:10:00  18 10 35.1  -09 22 03  +000871.4 -000110.6  23 36 58.8  173.146 33.998  67.44  38716 16.8

   Date        UTC        RA         DECL      RARate   DeclRate    HourAng      Az     Um    Phase  Range  Mag
2010-04-16  17:50:00  11 23 30.2  +00 31 28  +000715.5 -000007.1  22 06 38.1  143.046 37.849  35.34  42561 16.5
2010-04-16  18:00:00  11 31 26.1  +00 30 00  +000712.2 -000010.4  22 08 43.8  143.664 38.043  33.47  42642 16.5
2010-04-16  18:10:00  11 39 19.9  +00 28 00  +000709.2 -000013.7  22 10 51.7  144.300 38.228  31.61  42716 16.5
2010-04-16  18:20:00  11 47 11.9  +00 25 27  +000706.5 -000016.9  22 13 01.4  144.953 38.405  29.78  42784 16.4
2010-04-16  18:30:00  11 55 02.0  +00 22 22  +000704.0 -000020.1  22 15 12.9  145.623 38.573  27.95  42845 16.4
2010-04-16  18:40:00  12 02 50.5  +00 18 46  +000701.7 -000023.2  22 17 26.0  146.308 38.732  26.15  42899 16.4
2010-04-16  18:50:00  12 10 37.6  +00 14 38  +000699.6 -000026.3  22 19 40.5  147.007 38.881  24.36  42947 16.4
2010-04-16  19:00:00  12 18 23.4  +00 10 00  +000697.8 -000029.3  22 21 56.4  147.719 39.020  22.61  42987 16.4
2010-04-16  19:10:00  12 26 08.1  +00 04 52  +000696.2 -000032.3  22 24 13.3  148.444 39.148  20.88  43020 16.4
2010-04-16  19:20:00  12 33 51.8  -00 00 46  +000694.9 -000035.3  22 26 31.3  149.180 39.266  19.20  43047 16.4
2010-04-16  19:30:00  12 41 34.7  -00 06 53  +000693.8 -000038.2  22 28 50.0  149.926 39.372  17.55  43067 16.4
2010-04-16  19:40:00  12 49 17.0  -00 13 30  +000693.0 -000041.1  22 31 09.4  150.682 39.467  15.97  43080 16.4
2010-04-16  19:50:00  12 56 58.7  -00 20 34  +000692.3 -000043.9  22 33 29.3  151.445 39.550  14.45  43086 16.4
2010-04-16  20:00:00  13 04 40.2  -00 28 07  +000692.0 -000046.7  22 35 49.5  152.215 39.621  13.05  43085 16.4
2010-04-16  20:10:00  13 12 21.4  -00 36 08  +000691.8 -000049.4  22 38 09.9  152.990 39.680  11.77  43077 16.4
2010-04-16  20:20:00  13 20 02.6  -00 44 36  +000691.9 -000052.2  22 40 30.3  153.770 39.727  10.69  43062 16.3
2010-04-16  20:30:00  13 27 44.0  -00 53 31  +000692.3 -000054.8  22 42 50.6  154.553 39.761   9.84  43040 16.3
2010-04-16  20:40:00  13 35 25.8  -01 02 53  +000692.9 -000057.5  22 45 10.5  155.338 39.782   9.32  43012 16.3
2010-04-16  20:50:00  13 43 07.9  -01 12 41  +000693.7 -000060.1  22 47 29.9  156.123 39.790   9.15  42976 16.3
2010-04-16  21:00:00  13 50 50.8  -01 22 55  +000694.8 -000062.6  22 49 48.7  156.908 39.785   9.38  42934 16.3
2010-04-16  21:10:00  13 58 34.4  -01 33 34  +000696.2 -000065.2  22 52 06.7  157.690 39.767   9.98  42885 16.3
2010-04-16  21:20:00  14 06 19.0  -01 44 38  +000697.8 -000067.6  22 54 23.8  158.469 39.736  10.88  42830 16.3
2010-04-16  21:30:00  14 14 04.8  -01 56 06  +000699.6 -000070.1  22 56 39.6  159.243 39.691  12.02  42768 16.3
2010-04-16  21:40:00  14 21 51.9  -02 07 59  +000701.7 -000072.5  22 58 54.2  160.012 39.634  13.35  42699 16.3
2010-04-16  21:50:00  14 29 40.5  -02 20 16  +000704.1 -000074.8  23 01 07.2  160.772 39.563  14.81  42624 16.3
2010-04-16  22:00:00  14 37 30.8  -02 32 56  +000706.7 -000077.1  23 03 18.6  161.525 39.479  16.37  42543 16.3
2010-04-16  22:10:00  14 45 22.9  -02 45 59  +000709.7 -000079.4  23 05 28.1  162.267 39.382  18.02  42455 16.3
2010-04-16  22:20:00  14 53 17.0  -02 59 24  +000712.8 -000081.6  23 07 35.6  162.998 39.273  19.72  42361 16.4
2010-04-16  22:30:00  15 01 13.4  -03 13 11  +000716.3 -000083.8  23 09 40.9  163.716 39.151  21.48  42260 16.4
2010-04-16  22:40:00  15 09 12.2  -03 27 20  +000720.1 -000085.9  23 11 43.8  164.420 39.016  23.27  42154 16.4
2010-04-16  22:50:00  15 17 13.5  -03 41 49  +000724.1 -000088.0  23 13 44.0  165.108 38.869  25.10  42041 16.4
2010-04-16  23:00:00  15 25 17.6  -03 56 40  +000728.4 -000090.0  23 15 41.6  165.781 38.711  26.96  41923 16.4
2010-04-16  23:10:00  15 33 24.7  -04 11 49  +000733.0 -000091.9  23 17 36.1  166.436 38.541  28.86  41799 16.4
2010-04-16  23:20:00  15 41 35.0  -04 27 18  +000737.9 -000093.8  23 19 27.5  167.071 38.359  30.77  41669 16.4
2010-04-16  23:30:00  15 49 48.6  -04 43 05  +000743.1 -000095.6  23 21 15.5  167.687 38.167  32.71  41534 16.4
2010-04-16  23:40:00  15 58 05.8  -04 59 10  +000748.6 -000097.4  23 22 60.0  168.281 37.964  34.67  41393 16.4
2010-04-16  23:50:00  16 06 26.8  -05 15 32  +000754.4 -000099.0  23 24 40.6  168.852 37.751  36.67  41247 16.4
2010-04-17  00:00:00  16 14 51.8  -05 32 10  +000760.5 -000100.6  23 26 17.3  169.400 37.529  38.67  41096 16.5
2010-04-17  00:10:00  16 23 20.9  -05 49 04  +000766.9 -000102.1  23 27 49.9  169.924 37.297  40.71  40940 16.5
2010-04-17  00:20:00  16 31 54.4  -06 06 12  +000773.7 -000103.5  23 29 18.0  170.421 37.057  42.75  40780 16.5
2010-04-17  00:30:00  16 40 32.5  -06 23 34  +000780.8 -000104.8  23 30 41.5  170.892 36.808  44.83  40614 16.5
2010-04-17  00:40:00  16 49 15.5  -06 41 07  +000788.2 -000105.9  23 32 00.2  171.335 36.552  46.92  40445 16.5
2010-04-17  00:50:00  16 58 03.5  -06 58 52  +000795.9 -000107.0  23 33 13.8  171.749 36.289  49.04  40271 16.5
2010-04-17  01:00:00  17 06 56.7  -07 16 47  +000804.0 -000107.9  23 34 22.2  172.133 36.020  51.18  40093 16.6
2010-04-17  01:10:00  17 15 55.5  -07 34 51  +000812.4 -000108.7  23 35 25.1  172.487 35.744  53.35  39911 16.6
2010-04-17  01:20:00  17 24 59.8  -07 53 02  +000821.0 -000109.4  23 36 22.4  172.810 35.463  55.52  39726 16.6
2010-04-17  01:30:00  17 34 10.2  -08 11 19  +000830.1 -000109.9  23 37 13.7  173.101 35.178  57.74  39538 16.6
2010-04-17  01:40:00  17 43 26.6  -08 29 40  +000839.4 -000110.2  23 37 58.9  173.358 34.888  59.96  39346 16.7
2010-04-17  01:50:00  17 52 49.5  -08 48 03  +000849.1 -000110.4  23 38 37.7  173.582 34.595  62.23  39152 16.7
2010-04-17  02:00:00  18 02 18.9  -09 06 27  +000859.2 -000110.4  23 39 09.9  173.771 34.300  64.50  38955 16.7
2010-04-17  02:10:00  18 11 55.1  -09 24 49  +000869.5 -000110.1  23 39 35.4  173.924 34.002  66.81  38757 16.8

   Date        UTC        RA         DECL      RARate   DeclRate    HourAng      Az     Um    Phase  Range  Mag
2010-04-17  17:50:00  11 24 59.7  +00 31 06  +000716.6 -000007.8  22 09 05.1  143.757 38.096  35.96  42506 16.5
2010-04-17  18:00:00  11 32 56.4  +00 29 32  +000713.3 -000011.1  22 11 10.1  144.377 38.283  34.09  42589 16.5
2010-04-17  18:10:00  11 40 50.9  +00 27 25  +000710.2 -000014.4  22 13 17.3  145.015 38.462  32.23  42665 16.5
2010-04-17  18:20:00  11 48 43.4  +00 24 45  +000707.4 -000017.6  22 15 26.4  145.669 38.632  30.40  42735 16.5
2010-04-17  18:30:00  11 56 34.2  +00 21 34  +000704.8 -000020.7  22 17 37.3  146.341 38.793  28.57  42797 16.4
2010-04-17  18:40:00  12 04 23.3  +00 17 50  +000702.5 -000023.9  22 19 49.8  147.027 38.945  26.77  42853 16.4
2010-04-17  18:50:00  12 12 10.9  +00 13 36  +000700.4 -000027.0  22 22 03.8  147.728 39.087  24.98  42903 16.4
2010-04-17  19:00:00  12 19 57.3  +00 08 51  +000698.6 -000030.0  22 24 19.1  148.442 39.218  23.23  42945 16.4
2010-04-17  19:10:00  12 27 42.4  +00 03 36  +000696.9 -000033.0  22 26 35.6  149.169 39.340  21.50  42981 16.4
2010-04-17  19:20:00  12 35 26.6  -00 02 09  +000695.5 -000035.9  22 28 53.1  149.907 39.451  19.82  43009 16.4
2010-04-17  19:30:00  12 43 09.9  -00 08 23  +000694.4 -000038.8  22 31 11.4  150.655 39.550  18.17  43031 16.4
2010-04-17  19:40:00  12 50 52.5  -00 15 06  +000693.5 -000041.7  22 33 30.5  151.412 39.638  16.58  43046 16.4
2010-04-17  19:50:00  12 58 34.6  -00 22 17  +000692.8 -000044.5  22 35 50.0  152.177 39.714  15.06  43054 16.4
2010-04-17  20:00:00  13 06 16.3  -00 29 57  +000692.4 -000047.3  22 38 09.9  152.948 39.778  13.64  43055 16.4
2010-04-17  20:10:00  13 13 57.8  -00 38 04  +000692.2 -000050.1  22 40 30.0  153.726 39.830  12.33  43049 16.4
2010-04-17  20:20:00  13 21 39.3  -00 46 38  +000692.2 -000052.8  22 42 50.2  154.507 39.870  11.21  43036 16.3
2010-04-17  20:30:00  13 29 20.9  -00 55 39  +000692.5 -000055.4  22 45 10.3  155.291 39.897  10.30  43017 16.3
2010-04-17  20:40:00  13 37 02.7  -01 05 06  +000693.1 -000058.0  22 47 30.0  156.078 39.911   9.69  42990 16.3
2010-04-17  20:50:00  13 44 45.0  -01 14 60  +000693.9 -000060.6  22 49 49.4  156.864 39.913   9.43  42957 16.3
2010-04-17  21:00:00  13 52 28.0  -01 25 19  +000694.9 -000063.2  22 52 08.1  157.650 39.901   9.54  42917 16.3
2010-04-17  21:10:00  14 00 11.7  -01 36 03  +000696.2 -000065.7  22 54 26.0  158.434 39.876  10.02  42871 16.3
2010-04-17  21:20:00  14 07 56.3  -01 47 12  +000697.8 -000068.1  22 56 43.1  159.214 39.839  10.82  42817 16.3
2010-04-17  21:30:00  14 15 42.1  -01 58 46  +000699.6 -000070.6  22 58 58.9  159.989 39.788  11.88  42757 16.3
2010-04-17  21:40:00  14 23 29.1  -02 10 43  +000701.6 -000072.9  23 01 13.5  160.759 39.724  13.13  42691 16.3
2010-04-17  21:50:00  14 31 17.6  -02 23 04  +000703.9 -000075.3  23 03 26.7  161.520 39.647  14.54  42618 16.3
2010-04-17  22:00:00  14 39 07.8  -02 35 48  +000706.5 -000077.5  23 05 38.2  162.273 39.557  16.06  42538 16.3
2010-04-17  22:10:00  14 46 59.7  -02 48 55  +000709.4 -000079.8  23 07 47.9  163.016 39.454  17.67  42453 16.3
2010-04-17  22:20:00  14 54 53.6  -03 02 24  +000712.5 -000082.0  23 09 55.6  163.748 39.339  19.34  42361 16.4
2010-04-17  22:30:00  15 02 49.8  -03 16 15  +000715.9 -000084.1  23 12 01.1  164.467 39.211  21.08  42263 16.4
2010-04-17  22:40:00  15 10 48.3  -03 30 26  +000719.6 -000086.2  23 14 04.2  165.171 39.071  22.85  42158 16.4
2010-04-17  22:50:00  15 18 49.3  -03 44 58  +000723.6 -000088.2  23 16 04.8  165.861 38.919  24.67  42048 16.4
2010-04-17  23:00:00  15 26 53.1  -03 59 51  +000727.8 -000090.2  23 18 02.7  166.534 38.755  26.51  41931 16.4
2010-04-17  23:10:00  15 34 59.8  -04 15 02  +000732.4 -000092.1  23 19 57.6  167.189 38.580  28.39  41809 16.4
2010-04-17  23:20:00  15 43 09.7  -04 30 33  +000737.2 -000094.0  23 21 49.4  167.825 38.394  30.29  41681 16.4
2010-04-17  23:30:00  15 51 22.8  -04 46 21  +000742.3 -000095.7  23 23 37.9  168.441 38.198  32.23  41548 16.4
2010-04-17  23:40:00  15 59 39.5  -05 02 27  +000747.8 -000097.4  23 25 22.9  169.036 37.991  34.18  41410 16.4
2010-04-17  23:50:00  16 07 59.9  -05 18 50  +000753.5 -000099.1  23 27 04.1  169.608 37.774  36.16  41266 16.4
2010-04-18  00:00:00  16 16 24.3  -05 35 28  +000759.6 -000100.6  23 28 41.4  170.156 37.548  38.15  41116 16.4
2010-04-18  00:10:00  16 24 52.8  -05 52 22  +000766.0 -000102.0  23 30 14.5  170.680 37.313  40.18  40962 16.5
2010-04-18  00:20:00  16 33 25.6  -06 09 29  +000772.7 -000103.4  23 31 43.3  171.178 37.069  42.22  40803 16.5
2010-04-18  00:30:00  16 42 03.1  -06 26 49  +000779.7 -000104.6  23 33 07.5  171.650 36.818  44.29  40640 16.5
2010-04-18  00:40:00  16 50 45.2  -06 44 22  +000787.0 -000105.8  23 34 27.0  172.094 36.559  46.37  40472 16.5
2010-04-18  00:50:00  16 59 32.4  -07 02 05  +000794.6 -000106.8  23 35 41.5  172.509 36.294  48.49  40300 16.5
2010-04-18  01:00:00  17 08 24.8  -07 19 58  +000802.6 -000107.7  23 36 50.7  172.895 36.022  50.61  40123 16.6
2010-04-18  01:10:00  17 17 22.6  -07 37 59  +000810.9 -000108.5  23 37 54.5  173.250 35.745  52.77  39943 16.6
2010-04-18  01:20:00  17 26 26.1  -07 56 07  +000819.6 -000109.1  23 38 52.7  173.575 35.463  54.94  39760 16.6
2010-04-18  01:30:00  17 35 35.5  -08 14 21  +000828.6 -000109.6  23 39 45.0  173.866 35.177  57.15  39573 16.6
2010-04-18  01:40:00  17 44 50.9  -08 32 38  +000837.9 -000109.8  23 40 31.2  174.125 34.887  59.37  39382 16.7
2010-04-18  01:50:00  17 54 12.5  -08 50 58  +000847.4 -000110.0  23 41 11.2  174.352 34.593  61.62  39190 16.7
2010-04-18  02:00:00  18 03 40.8  -09 09 17  +000857.4 -000109.9  23 41 44.6  174.543 34.298  63.89  38994 16.7

   Date        UTC        RA         DECL      RARate   DeclRate    HourAng      Az     Um    Phase  Range  Mag
2010-04-18  17:50:00  11 26 28.8  +00 30 45  +000717.7 -000008.4  22 11 32.6  144.476 38.339  36.58  42451 16.5
2010-04-18  18:00:00  11 34 26.1  +00 29 04  +000714.4 -000011.8  22 13 36.9  145.097 38.519  34.71  42536 16.5
2010-04-18  18:10:00  11 42 21.4  +00 26 50  +000711.3 -000015.0  22 15 43.3  145.735 38.691  32.85  42614 16.5
2010-04-18  18:20:00  11 50 14.6  +00 24 03  +000708.4 -000018.3  22 17 51.7  146.392 38.854  31.02  42685 16.5
2010-04-18  18:30:00  11 58 06.0  +00 20 45  +000705.8 -000021.4  22 20 02.0  147.064 39.009  29.19  42750 16.4
2010-04-18  18:40:00  12 05 55.7  +00 16 55  +000703.4 -000024.6  22 22 13.9  147.752 39.154  27.39  42808 16.4
2010-04-18  18:50:00  12 13 43.9  +00 12 34  +000701.2 -000027.6  22 24 27.4  148.455 39.289  25.60  42859 16.4
2010-04-18  19:00:00  12 21 30.7  +00 07 42  +000699.3 -000030.7  22 26 42.2  149.171 39.414  23.86  42903 16.4
2010-04-18  19:10:00  12 29 16.3  +00 02 21  +000697.6 -000033.7  22 28 58.2  149.899 39.528  22.12  42941 16.4
2010-04-18  19:20:00  12 37 01.0  -00 03 31  +000696.2 -000036.6  22 31 15.2  150.639 39.632  20.44  42972 16.4
2010-04-18  19:30:00  12 44 44.7  -00 09 52  +000695.0 -000039.5  22 33 33.2  151.388 39.724  18.78  42995 16.4
2010-04-18  19:40:00  12 52 27.7  -00 16 41  +000694.0 -000042.4  22 35 51.8  152.147 39.805  17.19  43012 16.4
2010-04-18  19:50:00  13 00 10.1  -00 23 59  +000693.3 -000045.2  22 38 11.0  152.914 39.874  15.66  43022 16.4
2010-04-18  20:00:00  13 07 52.1  -00 31 44  +000692.8 -000047.9  22 40 30.6  153.687 39.932  14.23  43025 16.4
2010-04-18  20:10:00  13 15 33.9  -00 39 58  +000692.6 -000050.7  22 42 50.5  154.465 39.977  12.90  43021 16.4
2010-04-18  20:20:00  13 23 15.6  -00 48 38  +000692.6 -000053.4  22 45 10.4  155.248 40.009  11.74  43011 16.3
2010-04-18  20:30:00  13 30 57.4  -00 57 45  +000692.8 -000056.0  22 47 30.3  156.034 40.029  10.78  42994 16.3
2010-04-18  20:40:00  13 38 39.5  -01 07 18  +000693.3 -000058.6  22 49 49.9  156.822 40.037  10.09  42969 16.3
2010-04-18  20:50:00  13 46 21.9  -01 17 17  +000694.1 -000061.2  22 52 09.1  157.609 40.031   9.73  42938 16.3
2010-04-18  21:00:00  13 54 04.9  -01 27 42  +000695.0 -000063.7  22 54 27.7  158.396 40.013   9.73  42900 16.3
2010-04-18  21:10:00  14 01 48.7  -01 38 31  +000696.3 -000066.2  22 56 45.6  159.181 39.982  10.09  42856 16.3
2010-04-18  21:20:00  14 09 33.3  -01 49 45  +000697.8 -000068.6  22 59 02.6  159.962 39.937  10.79  42805 16.3
2010-04-18  21:30:00  14 17 19.1  -02 01 23  +000699.5 -000071.0  23 01 18.5  160.739 39.880  11.76  42747 16.3
2010-04-18  21:40:00  14 25 06.1  -02 13 26  +000701.5 -000073.4  23 03 33.1  161.509 39.809  12.94  42683 16.3
2010-04-18  21:50:00  14 32 54.5  -02 25 51  +000703.8 -000075.7  23 05 46.3  162.271 39.726  14.29  42612 16.3
2010-04-18  22:00:00  14 40 44.6  -02 38 39  +000706.3 -000077.9  23 07 57.9  163.025 39.630  15.76  42534 16.3
2010-04-18  22:10:00  14 48 36.4  -02 51 49  +000709.1 -000080.1  23 10 07.8  163.768 39.522  17.34  42451 16.3
2010-04-18  22:20:00  14 56 30.1  -03 05 22  +000712.2 -000082.3  23 12 15.6  164.500 39.400  18.98  42361 16.3
2010-04-18  22:30:00  15 04 26.1  -03 19 15  +000715.6 -000084.4  23 14 21.4  165.219 39.267  20.69  42264 16.4
2010-04-18  22:40:00  15 12 24.3  -03 33 30  +000719.2 -000086.5  23 16 24.8  165.924 39.122  22.44  42162 16.4
2010-04-18  22:50:00  15 20 25.0  -03 48 05  +000723.1 -000088.5  23 18 25.7  166.614 38.964  24.24  42054 16.4
2010-04-18  23:00:00  15 28 28.5  -04 02 59  +000727.3 -000090.4  23 20 23.9  167.288 38.796  26.07  41940 16.4
2010-04-18  23:10:00  15 36 34.8  -04 18 13  +000731.8 -000092.3  23 22 19.2  167.943 38.616  27.94  41820 16.4
2010-04-18  23:20:00  15 44 44.3  -04 33 45  +000736.6 -000094.1  23 24 11.4  168.579 38.425  29.82  41694 16.4
2010-04-18  23:30:00  15 52 57.0  -04 49 35  +000741.7 -000095.8  23 26 00.3  169.196 38.224  31.75  41562 16.4
2010-04-18  23:40:00  16 01 13.2  -05 05 42  +000747.0 -000097.5  23 27 45.7  169.791 38.013  33.68  41425 16.4
2010-04-18  23:50:00  16 09 33.1  -05 22 05  +000752.7 -000099.1  23 29 27.4  170.363 37.792  35.66  41283 16.4
2010-04-19  00:00:00  16 17 56.8  -05 38 44  +000758.7 -000100.6  23 31 05.3  170.912 37.562  37.64  41136 16.4
2010-04-19  00:10:00  16 26 24.7  -05 55 37  +000765.0 -000102.0  23 32 39.1  171.437 37.323  39.66  40984 16.5
2010-04-19  00:20:00  16 34 56.9  -06 12 44  +000771.6 -000103.3  23 34 08.5  171.936 37.077  41.69  40827 16.5
2010-04-19  00:30:00  16 43 33.7  -06 30 03  +000778.6 -000104.5  23 35 33.5  172.408 36.823  43.75  40665 16.5
2010-04-19  00:40:00  16 52 15.1  -06 47 34  +000785.9 -000105.6  23 36 53.6  172.852 36.561  45.82  40499 16.5
2010-04-19  00:50:00  17 01 01.5  -07 05 15  +000793.5 -000106.6  23 38 08.9  173.268 36.294  47.93  40328 16.5
2010-04-19  01:00:00  17 09 53.1  -07 23 06  +000801.4 -000107.5  23 39 18.9  173.655 36.020  50.05  40153 16.6
2010-04-19  01:10:00  17 18 50.0  -07 41 05  +000809.6 -000108.2  23 40 23.7  174.012 35.741  52.20  39975 16.6
2010-04-19  01:20:00  17 27 52.5  -07 59 10  +000818.1 -000108.8  23 41 22.8  174.338 35.458  54.37  39793 16.6
2010-04-19  01:30:00  17 37 00.9  -08 17 20  +000827.0 -000109.2  23 42 16.1  174.631 35.170  56.56  39607 16.6
2010-04-19  01:40:00  17 46 15.3  -08 35 34  +000836.3 -000109.5  23 43 03.3  174.892 34.880  58.77  39418 16.7
2010-04-19  01:50:00  17 55 36.0  -08 53 49  +000845.8 -000109.5  23 43 44.2  175.119 34.586  61.02  39226 16.7
2010-04-19  02:00:00  18 05 03.2  -09 12 05  +000855.7 -000109.4  23 44 18.7  175.313 34.291  63.28  39032 16.7

   Date        UTC        RA         DECL      RARate   DeclRate    HourAng      Az     Um    Phase  Range  Mag
2010-04-19  17:50:00  11 27 57.6  +00 30 22  +000718.8 -000009.1  22 14 00.4  145.201 38.578  37.20  42397 16.5
2010-04-19  18:00:00  11 35 55.7  +00 28 34  +000715.4 -000012.4  22 16 03.9  145.822 38.751  35.34  42484 16.5
2010-04-19  18:10:00  11 43 51.6  +00 26 14  +000712.3 -000015.7  22 18 09.7  146.463 38.916  33.47  42564 16.5
2010-04-19  18:20:00  11 51 45.5  +00 23 21  +000709.3 -000018.9  22 20 17.4  147.120 39.073  31.64  42637 16.5
2010-04-19  18:30:00  11 59 37.4  +00 19 55  +000706.7 -000022.1  22 22 27.1  147.794 39.220  29.81  42703 16.4
2010-04-19  18:40:00  12 07 27.8  +00 15 58  +000704.2 -000025.2  22 24 38.4  148.484 39.358  28.01  42763 16.4
2010-04-19  18:50:00  12 15 16.5  +00 11 31  +000702.0 -000028.3  22 26 51.3  149.188 39.486  26.23  42816 16.4
2010-04-19  19:00:00  12 23 03.9  +00 06 32  +000700.1 -000031.3  22 29 05.6  149.905 39.604  24.48  42863 16.4
2010-04-19  19:10:00  12 30 50.0  +00 01 04  +000698.3 -000034.3  22 31 21.1  150.635 39.712  22.74  42902 16.4
2010-04-19  19:20:00  12 38 35.0  -00 04 54  +000696.8 -000037.3  22 33 37.7  151.376 39.808  21.06  42935 16.4
2010-04-19  19:30:00  12 46 19.1  -00 11 21  +000695.6 -000040.1  22 35 55.2  152.127 39.894  19.40  42960 16.4
2010-04-19  19:40:00  12 54 02.5  -00 18 17  +000694.6 -000043.0  22 38 13.5  152.888 39.968  17.80  42979 16.4
2010-04-19  19:50:00  13 01 45.3  -00 25 41  +000693.8 -000045.8  22 40 32.4  153.655 40.030  16.26  42991 16.4
2010-04-19  20:00:00  13 09 27.7  -00 33 33  +000693.3 -000048.6  22 42 51.7  154.430 40.080  14.81  42996 16.4
2010-04-19  20:10:00  13 17 09.7  -00 41 52  +000693.0 -000051.3  22 45 11.3  155.210 40.118  13.47  42995 16.4
2010-04-19  20:20:00  13 24 51.7  -00 50 38  +000692.9 -000053.9  22 47 31.0  155.994 40.144  12.27  42986 16.3
2010-04-19  20:30:00  13 32 33.6  -00 59 51  +000693.1 -000056.6  22 49 50.6  156.781 40.157  11.26  42971 16.3
2010-04-19  20:40:00  13 40 15.8  -01 09 30  +000693.5 -000059.2  22 52 10.0  157.570 40.158  10.51  42948 16.3
2010-04-19  20:50:00  13 47 58.4  -01 19 34  +000694.2 -000061.7  22 54 29.1  158.359 40.145  10.05  42919 16.3
2010-04-19  21:00:00  13 55 41.6  -01 30 04  +000695.2 -000064.2  22 56 47.6  159.147 40.120   9.95  42884 16.3
2010-04-19  21:10:00  14 03 25.4  -01 40 59  +000696.4 -000066.7  22 59 05.4  159.932 40.082  10.20  42841 16.3
2010-04-19  21:20:00  14 11 10.1  -01 52 17  +000697.8 -000069.1  23 01 22.4  160.714 40.031  10.79  42792 16.3
2010-04-19  21:30:00  14 18 55.8  -02 04 00  +000699.5 -000071.5  23 03 38.3  161.491 39.967  11.67  42737 16.3
2010-04-19  21:40:00  14 26 42.8  -02 16 07  +000701.5 -000073.8  23 05 53.0  162.262 39.891  12.77  42674 16.3
2010-04-19  21:50:00  14 34 31.2  -02 28 36  +000703.7 -000076.1  23 08 06.2  163.025 39.801  14.06  42605 16.3
2010-04-19  22:00:00  14 42 21.1  -02 41 28  +000706.2 -000078.3  23 10 17.9  163.779 39.699  15.48  42530 16.3
2010-04-19  22:10:00  14 50 12.7  -02 54 42  +000708.9 -000080.5  23 12 27.9  164.523 39.585  17.02  42449 16.3
2010-04-19  22:20:00  14 58 06.3  -03 08 18  +000711.9 -000082.6  23 14 36.0  165.255 39.458  18.62  42361 16.3
2010-04-19  22:30:00  15 06 02.0  -03 22 15  +000715.2 -000084.7  23 16 41.9  165.975 39.319  20.31  42267 16.4
2010-04-19  22:40:00  15 14 00.0  -03 36 32  +000718.8 -000086.7  23 18 45.6  166.680 39.168  22.03  42166 16.4
2010-04-19  22:50:00  15 22 00.5  -03 51 09  +000722.7 -000088.7  23 20 46.8  167.370 39.005  23.82  42060 16.4
2010-04-19  23:00:00  15 30 03.6  -04 06 06  +000726.8 -000090.6  23 22 45.3  168.043 38.831  25.63  41948 16.4
2010-04-19  23:10:00  15 38 09.6  -04 21 21  +000731.2 -000092.4  23 24 40.9  168.699 38.646  27.48  41829 16.4
2010-04-19  23:20:00  15 46 18.6  -04 36 55  +000735.9 -000094.2  23 26 33.5  169.336 38.451  29.35  41706 16.4
2010-04-19  23:30:00  15 54 30.9  -04 52 46  +000741.0 -000095.9  23 28 22.9  169.952 38.245  31.27  41576 16.4
2010-04-19  23:40:00  16 02 46.6  -05 08 53  +000746.3 -000097.6  23 30 08.8  170.547 38.030  33.19  41442 16.4
2010-04-19  23:50:00  16 11 06.0  -05 25 17  +000751.9 -000099.1  23 31 51.1  171.120 37.805  35.15  41301 16.4
2010-04-20  00:00:00  16 19 29.3  -05 41 55  +000757.9 -000100.6  23 33 29.5  171.669 37.572  37.13  41156 16.4
2010-04-20  00:10:00  16 27 56.6  -05 58 48  +000764.1 -000102.0  23 35 03.8  172.194 37.330  39.14  41005 16.5
2010-04-20  00:20:00  16 36 28.1  -06 15 54  +000770.7 -000103.2  23 36 33.9  172.693 37.080  41.16  40850 16.5
2010-04-20  00:30:00  16 45 04.1  -06 33 13  +000777.5 -000104.4  23 37 59.6  173.166 36.823  43.21  40690 16.5
2010-04-20  00:40:00  16 53 44.9  -06 50 43  +000784.7 -000105.5  23 39 20.5  173.611 36.559  45.28  40525 16.5
2010-04-20  00:50:00  17 02 30.5  -07 08 23  +000792.3 -000106.4  23 40 36.5  174.028 36.289  47.38  40356 16.5
2010-04-20  01:00:00  17 11 21.3  -07 26 11  +000800.1 -000107.2  23 41 47.4  174.416 36.013  49.49  40183 16.5
2010-04-20  01:10:00  17 20 17.4  -07 44 07  +000808.3 -000107.9  23 42 52.9  174.773 35.733  51.63  40006 16.6
2010-04-20  01:20:00  17 29 19.0  -08 02 09  +000816.8 -000108.5  23 43 52.9  175.100 35.448  53.79  39825 16.6
2010-04-20  01:30:00  17 38 26.5  -08 20 16  +000825.6 -000108.9  23 44 47.1  175.395 35.159  55.98  39641 16.6
2010-04-20  01:40:00  17 47 39.8  -08 38 26  +000834.7 -000109.1  23 45 35.4  175.658 34.868  58.18  39454 16.6
2010-04-20  01:50:00  17 56 59.4  -08 56 38  +000844.2 -000109.1  23 46 17.4  175.887 34.574  60.42  39263 16.7
2010-04-20  02:00:00  18 06 25.5  -09 14 49  +000854.0 -000109.0  23 46 53.0  176.082 34.278  62.67  39070 16.7

   Date        UTC        RA         DECL      RARate   DeclRate    HourAng      Az     Um    Phase  Range  Mag
2010-04-20  18:00:00  11 37 25.1  +00 28 02  +000716.5 -000013.1  22 18 31.1  146.554 38.978  35.96  42433 16.5
2010-04-20  18:10:00  11 45 21.7  +00 25 34  +000713.3 -000016.4  22 20 36.1  147.196 39.137  34.10  42514 16.5
2010-04-20  18:20:00  11 53 16.2  +00 22 35  +000710.3 -000019.6  22 22 43.3  147.854 39.286  32.26  42589 16.5
2010-04-20  18:30:00  12 01 08.8  +00 19 03  +000707.6 -000022.8  22 24 52.3  148.530 39.427  30.43  42658 16.4
2010-04-20  18:40:00  12 08 59.7  +00 14 60  +000705.1 -000025.9  22 27 03.1  149.221 39.558  28.64  42719 16.4
2010-04-20  18:50:00  12 16 49.0  +00 10 25  +000702.8 -000029.0  22 29 15.4  149.926 39.679  26.85  42774 16.4
2010-04-20  19:00:00  12 24 36.8  +00 05 21  +000700.8 -000032.0  22 31 29.2  150.645 39.790  25.10  42822 16.4
2010-04-20  19:10:00  12 32 23.4  -00 00 15  +000699.0 -000035.0  22 33 44.2  151.376 39.891  23.36  42864 16.4
2010-04-20  19:20:00  12 40 08.9  -00 06 19  +000697.5 -000037.9  22 36 00.4  152.118 39.980  21.68  42898 16.4
2010-04-20  19:30:00  12 47 53.5  -00 12 52  +000696.2 -000040.8  22 38 17.5  152.871 40.058  20.01  42926 16.4
2010-04-20  19:40:00  12 55 37.2  -00 19 55  +000695.1 -000043.6  22 40 35.4  153.633 40.125  18.41  42947 16.4
2010-04-20  19:50:00  13 03 20.3  -00 27 25  +000694.3 -000046.4  22 42 53.9  154.402 40.181  16.86  42961 16.4
2010-04-20  20:00:00  13 11 02.9  -00 35 22  +000693.7 -000049.2  22 45 12.9  155.178 40.224  15.40  42968 16.4
2010-04-20  20:10:00  13 18 45.3  -00 43 48  +000693.3 -000051.9  22 47 32.2  155.959 40.255  14.04  42968 16.4
2010-04-20  20:20:00  13 26 27.5  -00 52 40  +000693.2 -000054.5  22 49 51.7  156.744 40.274  12.81  42962 16.3
2010-04-20  20:30:00  13 34 09.7  -01 01 58  +000693.4 -000057.1  22 52 11.1  157.532 40.280  11.76  42949 16.3
2010-04-20  20:40:00  13 41 52.0  -01 11 42  +000693.8 -000059.7  22 54 30.4  158.322 40.273  10.94  42928 16.3
2010-04-20  20:50:00  13 49 34.7  -01 21 52  +000694.4 -000062.2  22 56 49.4  159.112 40.254  10.40  42901 16.3
2010-04-20  21:00:00  13 57 18.0  -01 32 27  +000695.3 -000064.7  22 59 07.8  159.901 40.223  10.20  42868 16.3
2010-04-20  21:10:00  14 05 01.8  -01 43 26  +000696.4 -000067.1  23 01 25.5  160.687 40.178  10.34  42827 16.3
2010-04-20  21:20:00  14 12 46.6  -01 54 50  +000697.8 -000069.5  23 03 42.4  161.470 40.120  10.82  42780 16.3
2010-04-20  21:30:00  14 20 32.3  -02 06 37  +000699.5 -000071.9  23 05 58.3  162.247 40.050  11.60  42727 16.3
2010-04-20  21:40:00  14 28 19.3  -02 18 48  +000701.4 -000074.2  23 08 13.1  163.018 39.967  12.63  42667 16.3
2010-04-20  21:50:00  14 36 07.5  -02 31 21  +000703.5 -000076.5  23 10 26.4  163.782 39.871  13.85  42600 16.3
2010-04-20  22:00:00  14 43 57.4  -02 44 17  +000706.0 -000078.7  23 12 38.2  164.536 39.763  15.22  42527 16.3
2010-04-20  22:10:00  14 51 48.9  -02 57 34  +000708.7 -000080.8  23 14 48.4  165.280 39.643  16.71  42447 16.3
2010-04-20  22:20:00  14 59 42.3  -03 11 13  +000711.6 -000082.9  23 16 56.6  166.013 39.510  18.28  42361 16.3
2010-04-20  22:30:00  15 07 37.8  -03 25 13  +000714.9 -000085.0  23 19 02.7  166.732 39.365  19.93  42269 16.3
2010-04-20  22:40:00  15 15 35.5  -03 39 33  +000718.4 -000087.0  23 21 06.7  167.438 39.209  21.64  42171 16.4
2010-04-20  22:50:00  15 23 35.7  -03 54 12  +000722.2 -000088.9  23 23 08.1  168.128 39.041  23.40  42067 16.4
2010-04-20  23:00:00  15 31 38.5  -04 09 11  +000726.3 -000090.8  23 25 07.0  168.801 38.862  25.19  41957 16.4
2010-04-20  23:10:00  15 39 44.1  -04 24 28  +000730.7 -000092.6  23 27 03.0  169.457 38.672  27.03  41840 16.4
2010-04-20  23:20:00  15 47 52.8  -04 40 03  +000735.3 -000094.3  23 28 56.0  170.093 38.472  28.89  41718 16.4
2010-04-20  23:30:00  15 56 04.6  -04 55 55  +000740.3 -000096.0  23 30 45.8  170.710 38.262  30.79  41591 16.4
2010-04-20  23:40:00  16 04 19.9  -05 12 03  +000745.6 -000097.6  23 32 32.1  171.305 38.043  32.70  41458 16.4
2010-04-20  23:50:00  16 12 38.7  -05 28 27  +000751.1 -000099.1  23 34 15.0  171.878 37.814  34.65  41320 16.4
2010-04-21  00:00:00  16 21 01.4  -05 45 05  +000757.0 -000100.6  23 35 53.9  172.428 37.577  36.62  41176 16.4
2010-04-21  00:10:00  16 29 28.1  -06 01 58  +000763.2 -000101.9  23 37 28.9  172.953 37.331  38.62  41027 16.4
2010-04-21  00:20:00  16 37 59.0  -06 19 03  +000769.7 -000103.1  23 38 59.6  173.452 37.078  40.63  40874 16.5
2010-04-21  00:30:00  16 46 34.4  -06 36 20  +000776.5 -000104.3  23 40 25.9  173.925 36.818  42.68  40715 16.5
2010-04-21  00:40:00  16 55 14.4  -06 53 48  +000783.6 -000105.3  23 41 47.5  174.371 36.552  44.73  40552 16.5
2010-04-21  00:50:00  17 03 59.3  -07 11 26  +000791.1 -000106.2  23 43 04.2  174.789 36.279  46.82  40385 16.5
2010-04-21  01:00:00  17 12 49.2  -07 29 13  +000798.8 -000107.0  23 44 16.0  175.178 36.002  48.92  40213 16.5
2010-04-21  01:10:00  17 21 44.4  -07 47 06  +000807.0 -000107.7  23 45 22.4  175.536 35.719  51.06  40038 16.6
2010-04-21  01:20:00  17 30 45.2  -08 05 05  +000815.4 -000108.2  23 46 23.3  175.864 35.433  53.21  39858 16.6
2010-04-21  01:30:00  17 39 51.6  -08 23 09  +000824.1 -000108.5  23 47 18.4  176.160 35.143  55.39  39675 16.6
2010-04-21  01:40:00  17 49 04.1  -08 41 15  +000833.2 -000108.7  23 48 07.6  176.424 34.851  57.59  39489 16.6
2010-04-21  01:50:00  17 58 22.7  -08 59 22  +000842.6 -000108.7  23 48 50.7  176.655 34.557  59.82  39300 16.7
2010-04-21  02:00:00  18 07 47.7  -09 17 28  +000852.4 -000108.5  23 49 27.4  176.852 34.261  62.06  39108 16.7

   Date        UTC        RA         DECL      RARate   DeclRate    HourAng      Az     Um    Phase  Range  Mag
2010-04-21  18:00:00  11 38 54.5  +00 27 25  +000717.5 -000013.7  22 20 58.2  147.291 39.199  36.58  42383 16.5
2010-04-21  18:10:00  11 46 51.8  +00 24 51  +000714.3 -000017.0  22 23 02.6  147.933 39.351  34.72  42466 16.5
2010-04-21  18:20:00  11 54 47.0  +00 21 45  +000711.2 -000020.2  22 25 09.0  148.593 39.494  32.88  42543 16.5
2010-04-21  18:30:00  12 02 40.2  +00 18 06  +000708.5 -000023.4  22 27 17.4  149.270 39.628  31.05  42613 16.5
2010-04-21  18:40:00  12 10 31.7  +00 13 56  +000705.9 -000026.5  22 29 27.6  149.962 39.752  29.26  42677 16.4
2010-04-21  18:50:00  12 18 21.5  +00 09 15  +000703.6 -000029.6  22 31 39.4  150.668 39.866  27.47  42733 16.4
2010-04-21  19:00:00  12 26 09.9  +00 04 04  +000701.5 -000032.6  22 33 52.7  151.389 39.970  25.72  42783 16.4
2010-04-21  19:10:00  12 33 56.9  -00 01 37  +000699.7 -000035.6  22 36 07.3  152.121 40.063  23.98  42827 16.4
2010-04-21  19:20:00  12 41 42.8  -00 07 48  +000698.1 -000038.5  22 38 23.0  152.865 40.146  22.29  42863 16.4
2010-04-21  19:30:00  12 49 27.8  -00 14 27  +000696.7 -000041.4  22 40 39.7  153.619 40.217  20.63  42893 16.4
2010-04-21  19:40:00  12 57 11.9  -00 21 36  +000695.6 -000044.2  22 42 57.3  154.381 40.277  19.02  42916 16.4
2010-04-21  19:50:00  13 04 55.3  -00 29 12  +000694.7 -000047.0  22 45 15.5  155.152 40.325  17.46  42932 16.4
2010-04-21  20:00:00  13 12 38.3  -00 37 16  +000694.1 -000049.7  22 47 34.2  155.929 40.362  15.99  42941 16.4
2010-04-21  20:10:00  13 20 20.9  -00 45 47  +000693.7 -000052.4  22 49 53.2  156.711 40.386  14.61  42943 16.4
2010-04-21  20:20:00  13 28 03.3  -00 54 45  +000693.6 -000055.1  22 52 12.5  157.498 40.397  13.36  42939 16.3
2010-04-21  20:30:00  13 35 45.7  -01 04 08  +000693.6 -000057.7  22 54 31.7  158.287 40.397  12.26  42927 16.3
2010-04-21  20:40:00  13 43 28.2  -01 13 58  +000694.0 -000060.2  22 56 50.8  159.077 40.384  11.39  42909 16.3
2010-04-21  20:50:00  13 51 11.0  -01 24 13  +000694.6 -000062.7  22 59 09.6  159.868 40.358  10.77  42885 16.3
2010-04-21  21:00:00  13 58 54.3  -01 34 53  +000695.4 -000065.2  23 01 28.0  160.657 40.319  10.47  42853 16.3
2010-04-21  21:10:00  14 06 38.3  -01 45 57  +000696.5 -000067.6  23 03 45.7  161.444 40.268  10.50  42815 16.3
2010-04-21  21:20:00  14 14 23.0  -01 57 25  +000697.8 -000070.0  23 06 02.5  162.227 40.204  10.88  42770 16.3
2010-04-21  21:30:00  14 22 08.8  -02 09 17  +000699.4 -000072.3  23 08 18.5  163.005 40.127  11.56  42718 16.3
2010-04-21  21:40:00  14 29 55.6  -02 21 31  +000701.3 -000074.6  23 10 33.2  163.777 40.038  12.50  42660 16.3
2010-04-21  21:50:00  14 37 43.9  -02 34 08  +000703.4 -000076.8  23 12 46.7  164.540 39.936  13.66  42595 16.3
2010-04-21  22:00:00  14 45 33.5  -02 47 08  +000705.8 -000079.0  23 14 58.6  165.295 39.821  14.97  42524 16.3
2010-04-21  22:10:00  14 53 24.9  -03 00 28  +000708.4 -000081.1  23 17 08.9  166.040 39.695  16.41  42447 16.3
2010-04-21  22:20:00  15 01 18.1  -03 14 10  +000711.3 -000083.2  23 19 17.3  166.772 39.556  17.95  42363 16.3
2010-04-21  22:30:00  15 09 13.4  -03 28 12  +000714.5 -000085.2  23 21 23.7  167.492 39.406  19.57  42273 16.3
2010-04-21  22:40:00  15 17 10.9  -03 42 35  +000718.0 -000087.2  23 23 27.8  168.197 39.244  21.25  42177 16.4
2010-04-21  22:50:00  15 25 10.8  -03 57 16  +000721.7 -000089.1  23 25 29.6  168.887 39.071  22.98  42074 16.4
2010-04-21  23:00:00  15 33 13.2  -04 12 16  +000725.8 -000090.9  23 27 28.8  169.560 38.887  24.76  41966 16.4
2010-04-21  23:10:00  15 41 18.5  -04 27 35  +000730.1 -000092.7  23 29 25.2  170.216 38.693  26.58  41852 16.4
2010-04-21  23:20:00  15 49 26.7  -04 43 11  +000734.7 -000094.4  23 31 18.6  170.853 38.488  28.42  41732 16.4
2010-04-21  23:30:00  15 57 38.1  -04 59 04  +000739.6 -000096.1  23 33 08.8  171.469 38.274  30.31  41606 16.4
2010-04-21  23:40:00  16 05 52.9  -05 15 13  +000744.8 -000097.6  23 34 55.7  172.064 38.050  32.21  41475 16.4
2010-04-21  23:50:00  16 14 11.2  -05 31 36  +000750.3 -000099.1  23 36 39.0  172.637 37.817  34.15  41339 16.4
2010-04-22  00:00:00  16 22 33.3  -05 48 15  +000756.1 -000100.5  23 38 18.5  173.187 37.576  36.11  41197 16.4
2010-04-22  00:10:00  16 30 59.4  -06 05 06  +000762.3 -000101.8  23 39 54.1  173.712 37.327  38.10  41050 16.4
2010-04-22  00:20:00  16 39 29.7  -06 22 11  +000768.7 -000103.0  23 41 25.5  174.212 37.071  40.10  40898 16.5
2010-04-22  00:30:00  16 48 04.3  -06 39 27  +000775.4 -000104.1  23 42 52.4  174.686 36.808  42.14  40741 16.5
2010-04-22  00:40:00  16 56 43.6  -06 56 53  +000782.5 -000105.1  23 44 14.8  175.132 36.539  44.19  40580 16.5
2010-04-22  00:50:00  17 05 27.7  -07 14 29  +000789.9 -000106.0  23 45 32.3  175.550 36.264  46.27  40414 16.5
2010-04-22  01:00:00  17 14 16.9  -07 32 13  +000797.6 -000106.7  23 46 44.8  175.940 35.985  48.36  40244 16.5
2010-04-22  01:10:00  17 23 11.3  -07 50 03  +000805.7 -000107.3  23 47 52.1  176.299 35.701  50.49  40070 16.6
2010-04-22  01:20:00  17 32 11.1  -08 07 59  +000814.0 -000107.8  23 48 53.9  176.628 35.413  52.63  39892 16.6
2010-04-22  01:30:00  17 41 16.6  -08 25 59  +000822.7 -000108.1  23 49 50.0  176.926 35.122  54.80  39711 16.6
2010-04-22  01:40:00  17 50 28.0  -08 44 01  +000831.7 -000108.3  23 50 40.3  177.191 34.829  56.99  39526 16.6
2010-04-22  01:50:00  17 59 45.6  -09 02 04  +000841.0 -000108.3  23 51 24.4  177.424 34.535  59.21  39338 16.7
2010-04-22  02:00:00  18 09 09.4  -09 20 06  +000850.7 -000108.0  23 52 02.1  177.623 34.239  61.45  39147 16.7

   Date        UTC        RA         DECL      RARate   DeclRate    HourAng      Az     Um    Phase  Range  Mag
2010-04-22  18:00:00  11 40 24.4  +00 26 43  +000718.6 -000014.4  22 23 24.9  148.031 39.414  37.20  42334 16.5
2010-04-22  18:10:00  11 48 22.3  +00 24 03  +000715.3 -000017.7  22 25 28.6  148.674 39.559  35.34  42419 16.5
2010-04-22  18:20:00  11 56 18.1  +00 20 50  +000712.2 -000020.9  22 27 34.5  149.335 39.695  33.50  42497 16.5
2010-04-22  18:30:00  12 04 11.9  +00 17 05  +000709.3 -000024.1  22 29 42.3  150.013 39.822  31.68  42569 16.5
2010-04-22  18:40:00  12 12 04.0  +00 12 48  +000706.7 -000027.2  22 31 51.9  150.706 39.939  29.88  42634 16.4
2010-04-22  18:50:00  12 19 54.3  +00 08 01  +000704.4 -000030.3  22 34 03.2  151.414 40.047  28.09  42693 16.4
2010-04-22  19:00:00  12 27 43.2  +00 02 43  +000702.3 -000033.3  22 36 15.9  152.135 40.143  26.34  42745 16.4
2010-04-22  19:10:00  12 35 30.7  -00 03 05  +000700.4 -000036.3  22 38 30.0  152.869 40.230  24.60  42790 16.4
2010-04-22  19:20:00  12 43 17.1  -00 09 22  +000698.7 -000039.2  22 40 45.3  153.614 40.305  22.91  42829 16.4
2010-04-22  19:30:00  12 51 02.4  -00 16 08  +000697.3 -000042.0  22 43 01.7  154.369 40.370  21.24  42860 16.4
2010-04-22  19:40:00  12 58 46.9  -00 23 22  +000696.1 -000044.8  22 45 18.8  155.133 40.422  19.63  42885 16.4
2010-04-22  19:50:00  13 06 30.6  -00 31 05  +000695.2 -000047.6  22 47 36.7  155.904 40.464  18.06  42903 16.4
2010-04-22  20:00:00  13 14 13.9  -00 39 14  +000694.5 -000050.3  22 49 55.1  156.682 40.493  16.58  42914 16.4
2010-04-22  20:10:00  13 21 56.7  -00 47 51  +000694.1 -000053.0  22 52 13.9  157.465 40.510  15.18  42919 16.4
2010-04-22  20:20:00  13 29 39.3  -00 56 55  +000693.9 -000055.6  22 54 32.9  158.253 40.515  13.90  42916 16.4
2010-04-22  20:30:00  13 37 21.9  -01 06 24  +000693.9 -000058.2  22 56 52.0  159.043 40.507  12.77  42907 16.3
2010-04-22  20:40:00  13 45 04.6  -01 16 19  +000694.2 -000060.7  22 59 11.0  159.834 40.487  11.84  42891 16.3
2010-04-22  20:50:00  13 52 47.6  -01 26 39  +000694.7 -000063.2  23 01 29.6  160.625 40.454  11.15  42868 16.3
2010-04-22  21:00:00  14 00 31.0  -01 37 23  +000695.5 -000065.7  23 03 47.9  161.415 40.409  10.76  42839 16.3
2010-04-22  21:10:00  14 08 15.0  -01 48 32  +000696.5 -000068.1  23 06 05.5  162.202 40.351  10.70  42803 16.3
2010-04-22  21:20:00  14 15 59.7  -02 00 05  +000697.8 -000070.4  23 08 22.4  162.986 40.280  10.97  42760 16.3
2010-04-22  21:30:00  14 23 45.4  -02 12 00  +000699.4 -000072.7  23 10 38.4  163.764 40.197  11.55  42710 16.3
2010-04-22  21:40:00  14 31 32.2  -02 24 19  +000701.2 -000075.0  23 12 53.2  164.536 40.102  12.41  42654 16.3
2010-04-22  21:50:00  14 39 20.4  -02 36 60  +000703.2 -000077.2  23 15 06.7  165.300 39.994  13.48  42592 16.3
2010-04-22  22:00:00  14 47 09.9  -02 50 02  +000705.6 -000079.3  23 17 18.8  166.055 39.873  14.74  42523 16.3
2010-04-22  22:10:00  14 55 01.2  -03 03 26  +000708.1 -000081.4  23 19 29.2  166.799 39.741  16.13  42447 16.3
2010-04-22  22:20:00  15 02 54.2  -03 17 11  +000711.0 -000083.5  23 21 37.8  167.531 39.597  17.63  42366 16.3
2010-04-22  22:30:00  15 10 49.2  -03 31 16  +000714.1 -000085.5  23 23 44.4  168.251 39.441  19.21  42278 16.3
2010-04-22  22:40:00  15 18 46.4  -03 45 40  +000717.5 -000087.4  23 25 48.9  168.956 39.274  20.86  42184 16.4
2010-04-22  22:50:00  15 26 46.0  -04 00 24  +000721.2 -000089.3  23 27 50.9  169.646 39.095  22.58  42083 16.4
2010-04-22  23:00:00  15 34 48.1  -04 15 26  +000725.2 -000091.1  23 29 50.4  170.320 38.906  24.33  41977 16.4
2010-04-22  23:10:00  15 42 53.0  -04 30 45  +000729.5 -000092.8  23 31 47.2  170.975 38.707  26.14  41865 16.4
2010-04-22  23:20:00  15 51 00.8  -04 46 22  +000734.0 -000094.5  23 33 41.0  171.611 38.498  27.97  41747 16.4
2010-04-22  23:30:00  15 59 11.8  -05 02 15  +000738.9 -000096.1  23 35 31.7  172.228 38.279  29.84  41623 16.4
2010-04-22  23:40:00  16 07 26.0  -05 18 25  +000744.0 -000097.6  23 37 19.1  172.823 38.051  31.73  41494 16.4
2010-04-22  23:50:00  16 15 43.8  -05 34 48  +000749.5 -000099.1  23 39 03.0  173.396 37.814  33.66  41359 16.4
2010-04-23  00:00:00  16 24 05.3  -05 51 26  +000755.2 -000100.4  23 40 43.1  173.946 37.570  35.60  41219 16.4
2010-04-23  00:10:00  16 32 30.8  -06 08 17  +000761.3 -000101.7  23 42 19.2  174.471 37.317  37.58  41074 16.4
2010-04-23  00:20:00  16 41 00.4  -06 25 20  +000767.7 -000102.9  23 43 51.3  174.971 37.058  39.57  40924 16.5
2010-04-23  00:30:00  16 49 34.4  -06 42 34  +000774.4 -000103.9  23 45 18.9  175.445 36.792  41.60  40769 16.5
2010-04-23  00:40:00  16 58 13.0  -06 59 59  +000781.4 -000104.9  23 46 42.0  175.892 36.521  43.64  40609 16.5
2010-04-23  00:50:00  17 06 56.2  -07 17 32  +000788.7 -000105.7  23 48 00.4  176.312 36.244  45.71  40445 16.5
2010-04-23  01:00:00  17 15 44.5  -07 35 13  +000796.3 -000106.4  23 49 13.7  176.702 35.962  47.80  40276 16.5
2010-04-23  01:10:00  17 24 38.0  -07 53 01  +000804.3 -000107.0  23 50 21.9  177.062 35.676  49.92  40104 16.5
2010-04-23  01:20:00  17 33 37.0  -08 10 53  +000812.6 -000107.4  23 51 24.6  177.392 35.387  52.05  39927 16.6
2010-04-23  01:30:00  17 42 41.6  -08 28 49  +000821.2 -000107.7  23 52 21.6  177.691 35.096  54.22  39747 16.6
2010-04-23  01:40:00  17 51 52.0  -08 46 47  +000830.2 -000107.8  23 53 12.9  177.958 34.802  56.39  39563 16.6
2010-04-23  01:50:00  18 01 08.5  -09 04 45  +000839.4 -000107.8  23 53 58.0  178.192 34.507  58.61  39376 16.6
2010-04-23  02:00:00  18 10 31.2  -09 22 42  +000848.9 -000107.5  23 54 37.0  178.394 34.211  60.83  39187 16.7

   Date        UTC        RA         DECL      RARate   DeclRate    HourAng      Az     Um    Phase  Range  Mag
2010-04-23  18:00:00  11 41 54.6  +00 25 57  +000719.6 -000015.1  22 25 51.2  148.773 39.622  37.82  42285 16.5
2010-04-23  18:10:00  11 49 53.3  +00 23 10  +000716.2 -000018.4  22 27 54.2  149.418 39.760  35.96  42372 16.5
2010-04-23  18:20:00  11 57 49.8  +00 19 50  +000713.1 -000021.6  22 29 59.4  150.079 39.890  34.12  42452 16.5
2010-04-23  18:30:00  12 05 44.2  +00 15 58  +000710.2 -000024.8  22 32 06.6  150.758 40.009  32.29  42526 16.5
2010-04-23  18:40:00  12 13 36.8  +00 11 35  +000707.6 -000027.9  22 34 15.6  151.452 40.120  30.50  42593 16.4
2010-04-23  18:50:00  12 21 27.7  +00 06 40  +000705.2 -000030.9  22 36 26.4  152.161 40.220  28.71  42654 16.4
2010-04-23  19:00:00  12 29 17.1  +00 01 16  +000703.0 -000033.9  22 38 38.6  152.884 40.310  26.95  42707 16.4
2010-04-23  19:10:00  12 37 05.0  -00 04 38  +000701.0 -000036.9  22 40 52.3  153.618 40.389  25.21  42754 16.4
2010-04-23  19:20:00  12 44 51.8  -00 11 02  +000699.3 -000039.8  22 43 07.2  154.364 40.458  23.52  42795 16.4
2010-04-23  19:30:00  12 52 37.6  -00 17 54  +000697.9 -000042.7  22 45 23.1  155.120 40.515  21.85  42829 16.4
2010-04-23  19:40:00  13 00 22.4  -00 25 15  +000696.7 -000045.5  22 47 39.9  155.885 40.560  20.23  42855 16.4
2010-04-23  19:50:00  13 08 06.5  -00 33 03  +000695.7 -000048.2  22 49 57.4  156.657 40.594  18.66  42875 16.4
2010-04-23  20:00:00  13 15 50.0  -00 41 19  +000694.9 -000050.9  22 52 15.5  157.436 40.617  17.17  42889 16.4
2010-04-23  20:10:00  13 23 33.1  -00 50 01  +000694.4 -000053.6  22 54 34.1  158.220 40.627  15.75  42895 16.4
2010-04-23  20:20:00  13 31 16.0  -00 59 10  +000694.2 -000056.2  22 56 52.9  159.008 40.625  14.45  42895 16.4
2010-04-23  20:30:00  13 38 58.7  -01 08 45  +000694.2 -000058.7  22 59 11.7  159.798 40.610  13.28  42887 16.3
2010-04-23  20:40:00  13 46 41.6  -01 18 45  +000694.4 -000061.3  23 01 30.5  160.590 40.583  12.31  42874 16.3
2010-04-23  20:50:00  13 54 24.6  -01 29 10  +000694.9 -000063.7  23 03 49.1  161.382 40.544  11.55  42853 16.3
2010-04-23  21:00:00  14 02 08.1  -01 39 60  +000695.6 -000066.2  23 06 07.3  162.172 40.492  11.08  42826 16.3
2010-04-23  21:10:00  14 09 52.2  -01 51 13  +000696.6 -000068.5  23 08 24.9  162.960 40.427  10.92  42792 16.3
2010-04-23  21:20:00  14 17 37.0  -02 02 50  +000697.8 -000070.8  23 10 41.7  163.744 40.350  11.09  42751 16.3
2010-04-23  21:30:00  14 25 22.7  -02 14 50  +000699.3 -000073.1  23 12 57.7  164.522 40.260  11.57  42703 16.3
2010-04-23  21:40:00  14 33 09.4  -02 27 12  +000701.1 -000075.3  23 15 12.5  165.294 40.159  12.33  42649 16.3
2010-04-23  21:50:00  14 40 57.4  -02 39 57  +000703.1 -000077.5  23 17 26.2  166.058 40.044  13.34  42589 16.3
2010-04-23  22:00:00  14 48 46.9  -02 53 03  +000705.3 -000079.7  23 19 38.4  166.812 39.918  14.52  42522 16.3
2010-04-23  22:10:00  14 56 37.9  -03 06 30  +000707.9 -000081.7  23 21 49.0  167.557 39.780  15.86  42449 16.3
2010-04-23  22:20:00  15 04 30.8  -03 20 17  +000710.7 -000083.7  23 23 57.8  168.289 39.630  17.32  42369 16.3
2010-04-23  22:30:00  15 12 25.6  -03 34 25  +000713.8 -000085.7  23 26 04.6  169.008 39.468  18.87  42283 16.3
2010-04-23  22:40:00  15 20 22.5  -03 48 51  +000717.1 -000087.6  23 28 09.3  169.713 39.296  20.49  42191 16.3
2010-04-23  22:50:00  15 28 21.8  -04 03 36  +000720.8 -000089.4  23 30 11.7  170.403 39.112  22.18  42093 16.4
2010-04-23  23:00:00  15 36 23.5  -04 18 40  +000724.7 -000091.2  23 32 11.6  171.076 38.918  23.91  41989 16.4
2010-04-23  23:10:00  15 44 28.0  -04 34 01  +000728.9 -000092.9  23 34 08.7  171.731 38.714  25.70  41878 16.4
2010-04-23  23:20:00  15 52 35.4  -04 49 39  +000733.4 -000094.6  23 36 03.0  172.368 38.500  27.51  41762 16.4
2010-04-23  23:30:00  16 00 45.9  -05 05 32  +000738.2 -000096.1  23 37 54.1  172.984 38.277  29.37  41641 16.4
2010-04-23  23:40:00  16 08 59.7  -05 21 41  +000743.2 -000097.6  23 39 42.0  173.579 38.045  31.25  41513 16.4
2010-04-23  23:50:00  16 17 17.0  -05 38 05  +000748.6 -000099.0  23 41 26.4  174.152 37.805  33.17  41380 16.4
2010-04-24  00:00:00  16 25 37.9  -05 54 42  +000754.3 -000100.4  23 43 07.0  174.702 37.556  35.10  41242 16.4
2010-04-24  00:10:00  16 34 02.7  -06 11 32  +000760.3 -000101.6  23 44 43.9  175.227 37.301  37.07  41099 16.4
2010-04-24  00:20:00  16 42 31.7  -06 28 34  +000766.6 -000102.7  23 46 16.6  175.728 37.038  39.05  40951 16.4
2010-04-24  00:30:00  16 51 04.9  -06 45 46  +000773.2 -000103.7  23 47 45.0  176.202 36.770  41.07  40797 16.5
2010-04-24  00:40:00  16 59 42.7  -07 03 08  +000780.2 -000104.7  23 49 08.8  176.650 36.496  43.10  40639 16.5
2010-04-24  00:50:00  17 08 25.2  -07 20 39  +000787.5 -000105.5  23 50 27.9  177.069 36.216  45.16  40477 16.5
2010-04-24  01:00:00  17 17 12.7  -07 38 17  +000795.0 -000106.1  23 51 42.1  177.460 35.933  47.24  40310 16.5
2010-04-24  01:10:00  17 26 05.4  -07 56 01  +000802.9 -000106.7  23 52 51.1  177.822 35.646  49.35  40138 16.5
2010-04-24  01:20:00  17 35 03.3  -08 13 50  +000811.1 -000107.1  23 53 54.8  178.154 35.355  51.47  39963 16.6
2010-04-24  01:30:00  17 44 06.9  -08 31 42  +000819.7 -000107.3  23 54 52.9  178.454 35.062  53.63  39785 16.6
2010-04-24  01:40:00  17 53 16.2  -08 49 36  +000828.6 -000107.4  23 55 45.2  178.723 34.768  55.80  39602 16.6
2010-04-24  01:50:00  18 02 31.7  -09 07 29  +000837.7 -000107.3  23 56 31.4  178.959 34.472  58.01  39417 16.6

   Date        UTC        RA         DECL      RARate   DeclRate    HourAng      Az     Um    Phase  Range  Mag
2010-04-24  18:00:00  11 43 25.6  +00 25 06  +000720.7 -000015.8  22 28 16.8  149.518 39.824  38.44  42237 16.5
2010-04-24  18:10:00  11 51 24.9  +00 22 12  +000717.3 -000019.1  22 30 19.2  150.163 39.955  36.57  42325 16.5
2010-04-24  18:20:00  11 59 22.0  +00 18 45  +000714.1 -000022.3  22 32 23.7  150.825 40.077  34.74  42407 16.5
2010-04-24  18:30:00  12 07 17.0  +00 14 47  +000711.1 -000025.4  22 34 30.3  151.505 40.190  32.91  42483 16.5
2010-04-24  18:40:00  12 15 10.2  +00 10 17  +000708.4 -000028.6  22 36 38.8  152.200 40.293  31.11  42552 16.4
2010-04-24  18:50:00  12 23 01.7  +00 05 15  +000706.0 -000031.6  22 38 48.9  152.909 40.386  29.32  42614 16.4
2010-04-24  19:00:00  12 30 51.6  -00 00 16  +000703.7 -000034.6  22 41 00.7  153.633 40.469  27.56  42670 16.4
2010-04-24  19:10:00  12 38 40.0  -00 06 17  +000701.7 -000037.6  22 43 13.8  154.368 40.541  25.82  42719 16.4
2010-04-24  19:20:00  12 46 27.3  -00 12 47  +000700.0 -000040.5  22 45 28.3  155.115 40.603  24.13  42761 16.4
2010-04-24  19:30:00  12 54 13.4  -00 19 46  +000698.5 -000043.3  22 47 43.8  155.871 40.653  22.45  42797 16.4
2010-04-24  19:40:00  13 01 58.6  -00 27 13  +000697.2 -000046.1  22 50 00.2  156.637 40.691  20.83  42826 16.4
2010-04-24  19:50:00  13 09 43.0  -00 35 07  +000696.2 -000048.8  22 52 17.4  157.410 40.718  19.25  42847 16.4
2010-04-24  20:00:00  13 17 26.9  -00 43 29  +000695.4 -000051.5  22 54 35.2  158.189 40.733  17.75  42863 16.4
2010-04-24  20:10:00  13 25 10.2  -00 52 18  +000694.8 -000054.2  22 56 53.5  158.974 40.736  16.31  42872 16.4
2010-04-24  20:20:00  13 32 53.3  -01 01 32  +000694.5 -000056.8  22 59 12.1  159.762 40.727  14.99  42873 16.4
2010-04-24  20:30:00  13 40 36.3  -01 11 13  +000694.4 -000059.3  23 01 30.7  160.553 40.706  13.79  42868 16.3
2010-04-24  20:40:00  13 48 19.3  -01 21 18  +000694.6 -000061.8  23 03 49.4  161.345 40.672  12.78  42856 16.3
2010-04-24  20:50:00  13 56 02.5  -01 31 48  +000695.1 -000064.2  23 06 07.8  162.137 40.626  11.96  42838 16.3
2010-04-24  21:00:00  14 03 46.1  -01 42 43  +000695.7 -000066.6  23 08 25.9  162.927 40.567  11.41  42812 16.3
2010-04-24  21:10:00  14 11 30.2  -01 54 01  +000696.6 -000069.0  23 10 43.4  163.715 40.496  11.16  42781 16.3
2010-04-24  21:20:00  14 19 15.0  -02 05 42  +000697.8 -000071.3  23 13 00.2  164.499 40.412  11.23  42742 16.3
2010-04-24  21:30:00  14 27 00.7  -02 17 47  +000699.3 -000073.5  23 15 16.2  165.277 40.316  11.61  42697 16.3
2010-04-24  21:40:00  14 34 47.4  -02 30 13  +000701.0 -000075.7  23 17 31.1  166.049 40.208  12.29  42645 16.3
2010-04-24  21:50:00  14 42 35.4  -02 43 01  +000702.9 -000077.9  23 19 44.8  166.813 40.087  13.21  42587 16.3
2010-04-24  22:00:00  14 50 24.7  -02 56 10  +000705.1 -000080.0  23 21 57.1  167.567 39.955  14.33  42522 16.3
2010-04-24  22:10:00  14 58 15.6  -03 09 40  +000707.6 -000082.0  23 24 07.8  168.311 39.811  15.62  42450 16.3
2010-04-24  22:20:00  15 06 08.2  -03 23 31  +000710.4 -000084.0  23 26 16.9  169.043 39.655  17.02  42373 16.3
2010-04-24  22:30:00  15 14 02.8  -03 37 40  +000713.4 -000085.9  23 28 23.9  169.762 39.488  18.54  42289 16.3
2010-04-24  22:40:00  15 21 59.5  -03 52 09  +000716.7 -000087.8  23 30 28.9  170.466 39.310  20.13  42199 16.3
2010-04-24  22:50:00  15 29 58.4  -04 06 56  +000720.3 -000089.6  23 32 31.6  171.156 39.121  21.79  42103 16.4
2010-04-24  23:00:00  15 37 59.9  -04 22 01  +000724.1 -000091.3  23 34 31.8  171.828 38.922  23.50  42001 16.4
2010-04-24  23:10:00  15 46 04.0  -04 37 23  +000728.3 -000093.0  23 36 29.3  172.483 38.714  25.27  41893 16.4
2010-04-24  23:20:00  15 54 11.0  -04 53 01  +000732.7 -000094.6  23 38 23.9  173.119 38.495  27.07  41778 16.4
2010-04-24  23:30:00  16 02 21.0  -05 08 56  +000737.4 -000096.2  23 40 15.6  173.735 38.268  28.91  41659 16.4
2010-04-24  23:40:00  16 10 34.3  -05 25 05  +000742.5 -000097.6  23 42 04.0  174.330 38.032  30.77  41534 16.4
2010-04-24  23:50:00  16 18 51.0  -05 41 28  +000747.8 -000099.0  23 43 48.9  174.903 37.787  32.68  41403 16.4
2010-04-25  00:00:00  16 27 11.4  -05 58 04  +000753.4 -000100.3  23 45 30.2  175.453 37.536  34.60  41266 16.4
2010-04-25  00:10:00  16 35 35.6  -06 14 53  +000759.4 -000101.5  23 47 07.6  175.978 37.277  36.56  41125 16.4
2010-04-25  00:20:00  16 44 03.9  -06 31 53  +000765.6 -000102.5  23 48 40.9  176.479 37.011  38.53  40978 16.4
2010-04-25  00:30:00  16 52 36.5  -06 49 04  +000772.2 -000103.5  23 50 10.0  176.953 36.740  40.54  40826 16.5
2010-04-25  00:40:00  17 01 13.4  -07 06 24  +000779.0 -000104.4  23 51 34.7  177.402 36.463  42.56  40670 16.5
2010-04-25  00:50:00  17 09 55.1  -07 23 52  +000786.2 -000105.2  23 52 54.6  177.822 36.182  44.62  40509 16.5
2010-04-25  01:00:00  17 18 41.8  -07 41 27  +000793.7 -000105.8  23 54 09.6  178.214 35.896  46.68  40344 16.5
2010-04-25  01:10:00  17 27 33.5  -07 59 08  +000801.6 -000106.3  23 55 19.5  178.576 35.607  48.79  40174 16.5
2010-04-25  01:20:00  17 36 30.6  -08 16 52  +000809.7 -000106.7  23 56 24.1  178.909 35.315  50.90  40001 16.6
2010-04-25  01:30:00  17 45 33.2  -08 34 40  +000818.2 -000106.9  23 57 23.1  179.211 35.022  53.05  39823 16.6
2010-04-25  01:40:00  17 54 41.6  -08 52 29  +000827.0 -000106.9  23 58 16.4  179.481 34.727  55.21  39642 16.6
2010-04-25  01:50:00  18 03 55.8  -09 10 18  +000836.1 -000106.8  23 59 03.8  179.720 34.431  57.41  39458 16.6

   Date        UTC        RA         DECL      RARate   DeclRate    HourAng      Az     Um    Phase  Range  Mag
2010-04-25  18:00:00  11 44 56.9  +00 24 14  +000721.8 -000016.5  22 30 42.1  150.265 40.020  39.06  42187 16.5
2010-04-25  18:10:00  11 52 57.0  +00 21 12  +000718.3 -000019.8  22 32 43.6  150.910 40.144  37.19  42278 16.5
2010-04-25  18:20:00  12 00 54.7  +00 17 38  +000715.1 -000023.0  22 34 47.5  151.573 40.259  35.35  42362 16.5
2010-04-25  18:30:00  12 08 50.5  +00 13 33  +000712.1 -000026.2  22 36 53.4  152.253 40.365  33.52  42439 16.5
2010-04-25  18:40:00  12 16 44.2  +00 08 55  +000709.3 -000029.3  22 39 01.3  152.949 40.461  31.72  42510 16.5
2010-04-25  18:50:00  12 24 36.2  +00 03 47  +000706.8 -000032.3  22 41 10.9  153.659 40.547  29.93  42574 16.4
2010-04-25  19:00:00  12 32 26.7  -00 01 51  +000704.5 -000035.3  22 43 22.1  154.382 40.622  28.17  42632 16.4
2010-04-25  19:10:00  12 40 15.6  -00 07 58  +000702.4 -000038.2  22 45 34.8  155.119 40.687  26.43  42683 16.4
2010-04-25  19:20:00  12 48 03.3  -00 14 36  +000700.7 -000041.1  22 47 48.7  155.866 40.741  24.73  42727 16.4
2010-04-25  19:30:00  12 55 49.9  -00 21 41  +000699.1 -000044.0  22 50 03.8  156.623 40.784  23.05  42765 16.4
2010-04-25  19:40:00  13 03 35.5  -00 29 15  +000697.8 -000046.7  22 52 19.9  157.389 40.815  21.43  42796 16.4
2010-04-25  19:50:00  13 11 20.3  -00 37 16  +000696.7 -000049.5  22 54 36.7  158.162 40.835  19.84  42820 16.4
2010-04-25  20:00:00  13 19 04.5  -00 45 44  +000695.8 -000052.1  22 56 54.2  158.942 40.843  18.33  42837 16.4
2010-04-25  20:10:00  13 26 48.1  -00 54 38  +000695.2 -000054.8  22 59 12.2  159.727 40.839  16.88  42847 16.4
2010-04-25  20:20:00  13 34 31.5  -01 03 59  +000694.9 -000057.3  23 01 30.5  160.515 40.823  15.54  42851 16.4
2010-04-25  20:30:00  13 42 14.7  -01 13 45  +000694.7 -000059.9  23 03 48.9  161.306 40.794  14.31  42848 16.3
2010-04-25  20:40:00  13 49 57.9  -01 23 56  +000694.9 -000062.3  23 06 07.4  162.098 40.753  13.25  42839 16.3
2010-04-25  20:50:00  13 57 41.2  -01 34 32  +000695.3 -000064.8  23 08 25.6  162.890 40.700  12.38  42822 16.3
2010-04-25  21:00:00  14 05 24.9  -01 45 31  +000695.9 -000067.1  23 10 43.6  163.680 40.635  11.76  42799 16.3
2010-04-25  21:10:00  14 13 09.1  -01 56 54  +000696.8 -000069.4  23 13 01.0  164.468 40.557  11.42  42769 16.3
2010-04-25  21:20:00  14 20 54.0  -02 08 40  +000697.9 -000071.7  23 15 17.8  165.251 40.467  11.40  42733 16.3
2010-04-25  21:30:00  14 28 39.7  -02 20 48  +000699.3 -000073.9  23 17 33.8  166.029 40.364  11.68  42689 16.3
2010-04-25  21:40:00  14 36 26.4  -02 33 19  +000700.9 -000076.1  23 19 48.7  166.800 40.249  12.27  42640 16.3
2010-04-25  21:50:00  14 44 14.3  -02 46 11  +000702.8 -000078.2  23 22 02.5  167.563 40.123  13.11  42584 16.3
2010-04-25  22:00:00  14 52 03.5  -02 59 24  +000705.0 -000080.3  23 24 14.9  168.317 39.984  14.16  42521 16.3
2010-04-25  22:10:00  14 59 54.3  -03 12 57  +000707.4 -000082.3  23 26 25.7  169.060 39.834  15.39  42452 16.3
2010-04-25  22:20:00  15 07 46.8  -03 26 50  +000710.1 -000084.3  23 28 34.9  169.792 39.673  16.75  42377 16.3
2010-04-25  22:30:00  15 15 41.1  -03 41 02  +000713.1 -000086.2  23 30 42.2  170.510 39.500  18.22  42295 16.3
2010-04-25  22:40:00  15 23 37.6  -03 55 33  +000716.3 -000088.0  23 32 47.4  171.214 39.317  19.78  42207 16.3
2010-04-25  22:50:00  15 31 36.2  -04 10 23  +000719.8 -000089.8  23 34 50.4  171.903 39.123  21.42  42113 16.4
2010-04-25  23:00:00  15 39 37.4  -04 25 29  +000723.6 -000091.5  23 36 50.9  172.575 38.919  23.10  42013 16.4
2010-04-25  23:10:00  15 47 41.1  -04 40 52  +000727.7 -000093.1  23 38 48.8  173.229 38.706  24.85  41907 16.4
2010-04-25  23:20:00  15 55 47.7  -04 56 31  +000732.1 -000094.7  23 40 43.8  173.864 38.483  26.63  41795 16.4
2010-04-25  23:30:00  16 03 57.3  -05 12 26  +000736.8 -000096.2  23 42 35.8  174.480 38.251  28.46  41677 16.4
2010-04-25  23:40:00  16 12 10.1  -05 28 35  +000741.7 -000097.6  23 44 24.7  175.074 38.011  30.31  41554 16.4
2010-04-25  23:50:00  16 20 26.3  -05 44 58  +000747.0 -000098.9  23 46 10.1  175.646 37.763  32.20  41425 16.4
2010-04-26  00:00:00  16 28 46.1  -06 01 34  +000752.5 -000100.2  23 47 52.0  176.196 37.507  34.11  41290 16.4
2010-04-26  00:10:00  16 37 09.7  -06 18 21  +000758.4 -000101.3  23 49 30.0  176.722 37.245  36.06  41151 16.4
2010-04-26  00:20:00  16 45 37.4  -06 35 20  +000764.6 -000102.4  23 51 04.0  177.222 36.976  38.02  41006 16.4
2010-04-26  00:30:00  16 54 09.2  -06 52 29  +000771.1 -000103.3  23 52 33.8  177.697 36.702  40.02  40856 16.5
2010-04-26  00:40:00  17 02 45.5  -07 09 46  +000777.9 -000104.2  23 53 59.1  178.146 36.423  42.03  40701 16.5
2010-04-26  00:50:00  17 11 26.5  -07 27 11  +000785.0 -000104.9  23 55 19.8  178.566 36.139  44.08  40542 16.5
2010-04-26  01:00:00  17 20 12.3  -07 44 43  +000792.5 -000105.5  23 56 35.6  178.959 35.852  46.13  40378 16.5
2010-04-26  01:10:00  17 29 03.1  -08 02 21  +000800.2 -000105.9  23 57 46.5  179.323 35.561  48.23  40211 16.5
2010-04-26  01:20:00  17 37 59.2  -08 20 02  +000808.3 -000106.2  23 58 52.0  179.657 35.268  50.33  40038 16.5
2010-04-26  01:30:00  17 47 00.9  -08 37 45  +000816.7 -000106.4  23 59 52.0  179.960 34.973  52.47  39863 16.6
2010-04-26  01:40:00  17 56 08.2  -08 55 29  +000825.4 -000106.4  00 00 46.3  180.232 34.678  54.63  39683 16.6
2010-04-26  01:50:00  18 05 21.5  -09 13 13  +000834.4 -000106.2  00 01 34.7  180.472 34.381  56.82  39500 16.6

   Date        UTC        RA         DECL      RARate   DeclRate    HourAng      Az     Um    Phase  Range  Mag
2010-04-26  18:10:00  11 54 29.3  +00 20 13  +000719.4 -000020.5  22 35 07.8  151.659 40.327  37.80  42230 16.5
2010-04-26  18:20:00  12 02 27.8  +00 16 31  +000716.1 -000023.7  22 37 11.0  152.323 40.435  35.96  42315 16.5
2010-04-26  18:30:00  12 10 24.2  +00 12 18  +000713.0 -000026.9  22 39 16.3  153.003 40.534  34.13  42395 16.5
2010-04-26  18:40:00  12 18 18.6  +00 07 33  +000710.2 -000030.0  22 41 23.4  153.699 40.622  32.33  42468 16.5
2010-04-26  18:50:00  12 26 11.3  +00 02 18  +000707.7 -000033.0  22 43 32.4  154.409 40.701  30.54  42534 16.4
2010-04-26  19:00:00  12 34 02.2  -00 03 27  +000705.3 -000036.0  22 45 43.1  155.133 40.769  28.78  42593 16.4
2010-04-26  19:10:00  12 41 51.7  -00 09 42  +000703.2 -000038.9  22 47 55.3  155.870 40.827  27.03  42646 16.4
2010-04-26  19:20:00  12 49 39.9  -00 16 26  +000701.4 -000041.8  22 50 08.7  156.617 40.874  25.33  42692 16.4
2010-04-26  19:30:00  12 57 26.9  -00 23 38  +000699.7 -000044.6  22 52 23.3  157.374 40.909  23.65  42732 16.4
2010-04-26  19:40:00  13 05 13.0  -00 31 18  +000698.4 -000047.4  22 54 39.0  158.141 40.934  22.02  42764 16.4
2010-04-26  19:50:00  13 12 58.2  -00 39 26  +000697.2 -000050.1  22 56 55.4  158.914 40.946  20.43  42791 16.4
2010-04-26  20:00:00  13 20 42.7  -00 48 01  +000696.3 -000052.8  22 59 12.5  159.694 40.947  18.90  42810 16.4
2010-04-26  20:10:00  13 28 26.7  -00 57 02  +000695.7 -000055.4  23 01 30.2  160.478 40.935  17.44  42823 16.4
2010-04-26  20:20:00  13 36 10.3  -01 06 28  +000695.3 -000057.9  23 03 48.2  161.267 40.912  16.08  42829 16.4
2010-04-26  20:30:00  13 43 53.7  -01 16 20  +000695.1 -000060.4  23 06 06.4  162.057 40.876  14.83  42828 16.4
2010-04-26  20:40:00  13 51 37.1  -01 26 37  +000695.2 -000062.9  23 08 24.6  162.849 40.829  13.73  42820 16.3
2010-04-26  20:50:00  13 59 20.7  -01 37 17  +000695.5 -000065.3  23 10 42.7  163.640 40.769  12.81  42806 16.3
2010-04-26  21:00:00  14 07 04.5  -01 48 23  +000696.1 -000067.6  23 13 00.5  164.430 40.696  12.13  42785 16.3
2010-04-26  21:10:00  14 14 48.8  -01 59 51  +000696.9 -000069.9  23 15 17.9  165.217 40.611  11.71  42757 16.3
2010-04-26  21:20:00  14 22 33.8  -02 11 41  +000698.0 -000072.2  23 17 34.6  166.000 40.514  11.59  42723 16.3
2010-04-26  21:30:00  14 30 19.5  -02 23 54  +000699.3 -000074.4  23 19 50.5  166.777 40.405  11.78  42682 16.3
2010-04-26  21:40:00  14 38 06.2  -02 36 29  +000700.9 -000076.5  23 22 05.4  167.548 40.285  12.27  42634 16.3
2010-04-26  21:50:00  14 45 54.1  -02 49 25  +000702.7 -000078.6  23 24 19.2  168.310 40.152  13.03  42580 16.3
2010-04-26  22:00:00  14 53 43.3  -03 02 41  +000704.9 -000080.6  23 26 31.6  169.063 40.007  14.01  42520 16.3
2010-04-26  22:10:00  15 01 33.9  -03 16 18  +000707.2 -000082.6  23 28 42.6  169.805 39.851  15.17  42453 16.3
2010-04-26  22:20:00  15 09 26.3  -03 30 14  +000709.9 -000084.6  23 30 51.9  170.536 39.684  16.49  42380 16.3
2010-04-26  22:30:00  15 17 20.5  -03 44 29  +000712.8 -000086.4  23 32 59.4  171.253 39.506  17.92  42300 16.3
2010-04-26  22:40:00  15 25 16.7  -03 59 02  +000716.0 -000088.2  23 35 04.8  171.956 39.317  19.44  42214 16.3
2010-04-26  22:50:00  15 33 15.2  -04 13 53  +000719.4 -000090.0  23 37 08.0  172.644 39.118  21.05  42122 16.3
2010-04-26  23:00:00  15 41 16.0  -04 29 01  +000723.2 -000091.6  23 39 08.7  173.315 38.909  22.71  42024 16.4
2010-04-26  23:10:00  15 49 19.5  -04 44 26  +000727.2 -000093.2  23 41 06.9  173.968 38.691  24.44  41920 16.4
2010-04-26  23:20:00  15 57 25.7  -05 00 06  +000731.5 -000094.8  23 43 02.4  174.603 38.463  26.20  41810 16.4
2010-04-26  23:30:00  16 05 34.8  -05 16 01  +000736.1 -000096.2  23 44 54.9  175.217 38.227  28.01  41695 16.4
2010-04-26  23:40:00  16 13 47.2  -05 32 11  +000741.0 -000097.6  23 46 44.1  175.811 37.983  29.85  41573 16.4
2010-04-26  23:50:00  16 22 02.9  -05 48 33  +000746.2 -000098.9  23 48 30.0  176.383 37.731  31.73  41446 16.4
2010-04-27  00:00:00  16 30 22.3  -06 05 08  +000751.7 -000100.1  23 50 12.4  176.932 37.472  33.62  41314 16.4
2010-04-27  00:10:00  16 38 45.3  -06 21 55  +000757.6 -000101.2  23 51 50.9  177.457 37.206  35.56  41176 16.4
2010-04-27  00:20:00  16 47 12.4  -06 38 52  +000763.7 -000102.2  23 53 25.5  177.957 36.935  37.51  41033 16.4
2010-04-27  00:30:00  16 55 43.5  -06 55 59  +000770.1 -000103.1  23 54 56.0  178.433 36.658  39.50  40885 16.5
2010-04-27  00:40:00  17 04 19.1  -07 13 14  +000776.8 -000103.9  23 56 22.1  178.881 36.376  41.50  40732 16.5
2010-04-27  00:50:00  17 12 59.3  -07 30 37  +000783.9 -000104.6  23 57 43.5  179.302 36.090  43.54  40575 16.5
2010-04-27  01:00:00  17 21 44.3  -07 48 06  +000791.2 -000105.1  23 59 00.2  179.695 35.801  45.59  40413 16.5
2010-04-27  01:10:00  17 30 34.4  -08 05 39  +000798.9 -000105.6  00 00 11.8  180.060 35.508  47.68  40246 16.5
2010-04-27  01:20:00  17 39 29.6  -08 23 17  +000806.9 -000105.8  00 01 18.2  180.394 35.214  49.77  40076 16.5
2010-04-27  01:30:00  17 48 30.3  -08 40 56  +000815.3 -000105.9  00 02 19.1  180.699 34.918  51.91  39901 16.6
2010-04-27  01:40:00  17 57 36.6  -08 58 35  +000823.9 -000105.9  00 03 14.5  180.973 34.621  54.05  39723 16.6
2010-04-27  01:50:00  18 06 48.8  -09 16 14  +000832.8 -000105.7  00 04 03.9  181.215 34.325  56.23  39542 16.6

   Date        UTC        RA         DECL      RARate   DeclRate    HourAng      Az     Um    Phase  Range  Mag
2010-04-27  18:10:00  11 56 01.8  +00 19 14  +000720.5 -000021.3  22 37 31.9  152.413 40.506  38.41  42181 16.5
2010-04-27  18:20:00  12 04 01.0  +00 15 25  +000717.2 -000024.5  22 39 34.3  153.076 40.606  36.57  42269 16.5
2010-04-27  18:30:00  12 11 58.1  +00 11 04  +000714.1 -000027.6  22 41 38.9  153.756 40.698  34.74  42350 16.5
2010-04-27  18:40:00  12 19 53.2  +00 06 13  +000711.2 -000030.7  22 43 45.4  154.452 40.779  32.94  42424 16.5
2010-04-27  18:50:00  12 27 46.4  +00 00 50  +000708.6 -000033.8  22 45 53.9  155.163 40.851  31.14  42492 16.4
2010-04-27  19:00:00  12 35 38.0  -00 05 02  +000706.2 -000036.7  22 48 03.9  155.887 40.912  29.38  42553 16.4
2010-04-27  19:10:00  12 43 28.1  -00 11 25  +000704.0 -000039.7  22 50 15.5  156.623 40.962  27.64  42608 16.4
2010-04-27  19:20:00  12 51 16.8  -00 18 16  +000702.1 -000042.5  22 52 28.4  157.370 41.001  25.93  42657 16.4
2010-04-27  19:30:00  12 59 04.3  -00 25 35  +000700.4 -000045.3  22 54 42.5  158.127 41.029  24.25  42698 16.4
2010-04-27  19:40:00  13 06 50.8  -00 33 22  +000699.0 -000048.1  22 56 57.7  158.893 41.046  22.61  42733 16.4
2010-04-27  19:50:00  13 14 36.4  -00 41 36  +000697.8 -000050.8  22 59 13.8  159.666 41.051  21.01  42761 16.4
2010-04-27  20:00:00  13 22 21.3  -00 50 17  +000696.9 -000053.4  23 01 30.5  160.446 41.045  19.48  42782 16.4
2010-04-27  20:10:00  13 30 05.6  -00 59 24  +000696.2 -000056.0  23 03 47.8  161.230 41.026  18.00  42797 16.4
2010-04-27  20:20:00  13 37 49.6  -01 08 58  +000695.7 -000058.5  23 06 05.5  162.018 40.996  16.62  42805 16.4
2010-04-27  20:30:00  13 45 33.3  -01 18 56  +000695.5 -000061.0  23 08 23.4  162.808 40.953  15.34  42806 16.4
2010-04-27  20:40:00  13 53 16.9  -01 29 18  +000695.5 -000063.5  23 10 41.4  163.599 40.898  14.21  42801 16.3
2010-04-27  20:50:00  14 01 00.7  -01 40 05  +000695.8 -000065.8  23 12 59.3  164.390 40.831  13.25  42788 16.3
2010-04-27  21:00:00  14 08 44.7  -01 51 15  +000696.3 -000068.2  23 15 16.9  165.179 40.752  12.50  42770 16.3
2010-04-27  21:10:00  14 16 29.2  -02 02 48  +000697.1 -000070.4  23 17 34.1  165.965 40.660  12.01  42744 16.3
2010-04-27  21:20:00  14 24 14.2  -02 14 43  +000698.1 -000072.7  23 19 50.7  166.747 40.557  11.80  42712 16.3
2010-04-27  21:30:00  14 32 00.0  -02 27 02  +000699.4 -000074.8  23 22 06.5  167.523 40.441  11.90  42673 16.3
2010-04-27  21:40:00  14 39 46.8  -02 39 41  +000700.9 -000077.0  23 24 21.4  168.292 40.314  12.30  42628 16.3
2010-04-27  21:50:00  14 47 34.7  -02 52 40  +000702.7 -000079.0  23 26 35.2  169.053 40.174  12.97  42576 16.3
2010-04-27  22:00:00  14 55 23.8  -03 06 01  +000704.8 -000081.0  23 28 47.7  169.805 40.024  13.88  42517 16.3
2010-04-27  22:10:00  15 03 14.4  -03 19 41  +000707.1 -000083.0  23 30 58.7  170.546 39.862  14.98  42453 16.3
2010-04-27  22:20:00  15 11 06.7  -03 33 40  +000709.7 -000084.9  23 33 08.1  171.275 39.689  16.24  42381 16.3
2010-04-27  22:30:00  15 19 00.8  -03 47 58  +000712.6 -000086.7  23 35 15.6  171.991 39.505  17.63  42304 16.3
2010-04-27  22:40:00  15 26 56.8  -04 02 34  +000715.7 -000088.5  23 37 21.2  172.693 39.311  19.12  42220 16.3
2010-04-27  22:50:00  15 34 55.0  -04 17 27  +000719.1 -000090.2  23 39 24.6  173.379 39.107  20.70  42130 16.3
2010-04-27  23:00:00  15 42 55.7  -04 32 37  +000722.8 -000091.8  23 41 25.7  174.049 38.893  22.33  42034 16.4
2010-04-27  23:10:00  15 50 58.8  -04 48 03  +000726.8 -000093.4  23 43 24.2  174.701 38.670  24.04  41932 16.4
2010-04-27  23:20:00  15 59 04.7  -05 03 44  +000731.0 -000094.9  23 45 19.9  175.335 38.437  25.78  41825 16.4
2010-04-27  23:30:00  16 07 13.6  -05 19 40  +000735.6 -000096.3  23 47 12.7  175.948 38.197  27.57  41711 16.4
2010-04-27  23:40:00  16 15 25.6  -05 35 49  +000740.4 -000097.6  23 49 02.3  176.541 37.949  29.39  41591 16.4
2010-04-27  23:50:00  16 23 40.8  -05 52 12  +000745.5 -000098.9  23 50 48.8  177.112 37.693  31.26  41467 16.4
2010-04-28  00:00:00  16 31 59.6  -06 08 47  +000751.0 -000100.0  23 52 31.6  177.660 37.430  33.14  41336 16.4
2010-04-28  00:10:00  16 40 22.1  -06 25 32  +000756.7 -000101.1  23 54 10.7  178.185 37.161  35.07  41200 16.4
2010-04-28  00:20:00  16 48 48.6  -06 42 28  +000762.8 -000102.1  23 55 45.9  178.685 36.886  37.01  41059 16.4
2010-04-28  00:30:00  16 57 19.2  -06 59 33  +000769.1 -000102.9  23 57 16.9  179.160 36.607  38.99  40913 16.4
2010-04-28  00:40:00  17 05 54.2  -07 16 46  +000775.8 -000103.7  23 58 43.6  179.608 36.322  40.98  40762 16.5
2010-04-28  00:50:00  17 14 33.7  -07 34 06  +000782.8 -000104.3  00 00 05.7  180.029 36.034  43.01  40606 16.5
2010-04-28  01:00:00  17 23 17.9  -07 51 32  +000790.1 -000104.8  00 01 23.2  180.423 35.743  45.05  40446 16.5
2010-04-28  01:10:00  17 32 07.1  -08 09 03  +000797.7 -000105.2  00 02 35.6  180.788 35.449  47.13  40282 16.5
2010-04-28  01:20:00  17 41 01.5  -08 26 36  +000805.6 -000105.4  00 03 42.8  181.123 35.153  49.22  40113 16.5
2010-04-28  01:30:00  17 50 01.3  -08 44 11  +000813.9 -000105.5  00 04 44.7  181.429 34.856  51.34  39940 16.6
2010-04-28  01:40:00  17 59 06.7  -09 01 46  +000822.4 -000105.4  00 05 40.9  181.703 34.559  53.48  39763 16.6
2010-04-28  01:50:00  18 08 18.0  -09 19 19  +000831.3 -000105.2  00 06 31.3  181.947 34.261  55.65  39583 16.6

   Date        UTC        RA         DECL      RARate   DeclRate    HourAng      Az     Um    Phase  Range  Mag
2010-04-28  18:10:00  11 57 34.0  +00 18 17  +000721.7 -000022.0  22 39 56.2  153.171 40.680  39.03  42132 16.5
2010-04-28  18:20:00  12 05 34.0  +00 14 21  +000718.3 -000025.2  22 41 57.9  153.834 40.774  37.18  42221 16.5
2010-04-28  18:30:00  12 13 31.9  +00 09 53  +000715.1 -000028.4  22 44 01.6  154.513 40.858  35.35  42304 16.5
2010-04-28  18:40:00  12 21 27.7  +00 04 53  +000712.2 -000031.5  22 46 07.5  155.209 40.932  33.55  42380 16.5
2010-04-28  18:50:00  12 29 21.6  -00 00 37  +000709.5 -000034.5  22 48 15.3  155.919 40.996  31.75  42450 16.5
2010-04-28  19:00:00  12 37 13.8  -00 06 37  +000707.1 -000037.5  22 50 24.7  156.643 41.050  29.99  42513 16.4
2010-04-28  19:10:00  12 45 04.4  -00 13 06  +000704.9 -000040.4  22 52 35.7  157.379 41.092  28.24  42570 16.4
2010-04-28  19:20:00  12 52 53.6  -00 20 04  +000702.9 -000043.2  22 54 48.1  158.126 41.124  26.53  42620 16.4
2010-04-28  19:30:00  13 00 41.6  -00 27 30  +000701.2 -000046.0  22 57 01.7  158.882 41.145  24.84  42663 16.4
2010-04-28  19:40:00  13 08 28.7  -00 35 25  +000699.7 -000048.8  22 59 16.4  159.648 41.154  23.20  42700 16.4
2010-04-28  19:50:00  13 16 14.7  -00 43 46  +000698.5 -000051.4  23 01 32.0  160.420 41.152  21.59  42731 16.4
2010-04-28  20:00:00  13 24 00.0  -00 52 33  +000697.5 -000054.1  23 03 48.3  161.199 41.138  20.05  42754 16.4
2010-04-28  20:10:00  13 31 44.7  -01 01 47  +000696.7 -000056.6  23 06 05.3  161.983 41.112  18.56  42771 16.4
2010-04-28  20:20:00  13 39 29.0  -01 11 26  +000696.2 -000059.2  23 08 22.6  162.770 41.075  17.17  42780 16.4
2010-04-28  20:30:00  13 47 13.0  -01 21 30  +000695.9 -000061.6  23 10 40.2  163.559 41.025  15.87  42784 16.4
2010-04-28  20:40:00  13 54 57.0  -01 31 58  +000695.9 -000064.0  23 12 57.9  164.349 40.963  14.70  42780 16.3
2010-04-28  20:50:00  14 02 41.0  -01 42 51  +000696.1 -000066.4  23 15 15.6  165.139 40.888  13.69  42770 16.3
2010-04-28  21:00:00  14 10 25.2  -01 54 06  +000696.6 -000068.7  23 17 33.0  165.927 40.802  12.89  42753 16.3
2010-04-28  21:10:00  14 18 09.8  -02 05 45  +000697.3 -000071.0  23 19 50.0  166.712 40.704  12.33  42730 16.3
2010-04-28  21:20:00  14 25 55.0  -02 17 45  +000698.3 -000073.1  23 22 06.4  167.492 40.594  12.04  42700 16.3
2010-04-28  21:30:00  14 33 41.0  -02 30 08  +000699.5 -000075.3  23 24 22.1  168.267 40.472  12.05  42663 16.3
2010-04-28  21:40:00  14 41 27.8  -02 42 51  +000701.0 -000077.4  23 26 36.9  169.035 40.338  12.35  42620 16.3
2010-04-28  21:50:00  14 49 15.7  -02 55 55  +000702.8 -000079.4  23 28 50.7  169.794 40.192  12.94  42570 16.3
2010-04-28  22:00:00  14 57 04.9  -03 09 20  +000704.8 -000081.4  23 31 03.2  170.545 40.035  13.77  42514 16.3
2010-04-28  22:10:00  15 04 55.5  -03 23 03  +000707.0 -000083.3  23 33 14.2  171.284 39.867  14.81  42451 16.3
2010-04-28  22:20:00  15 12 47.6  -03 37 06  +000709.6 -000085.2  23 35 23.7  172.012 39.689  16.01  42382 16.3
2010-04-28  22:30:00  15 20 41.6  -03 51 26  +000712.4 -000087.0  23 37 31.3  172.726 39.499  17.36  42307 16.3
2010-04-28  22:40:00  15 28 37.5  -04 06 05  +000715.5 -000088.7  23 39 37.1  173.426 39.300  18.81  42225 16.3
2010-04-28  22:50:00  15 36 35.6  -04 21 00  +000718.8 -000090.4  23 41 40.6  174.111 39.090  20.35  42137 16.3
2010-04-28  23:00:00  15 44 36.0  -04 36 12  +000722.5 -000092.0  23 43 41.8  174.779 38.871  21.96  42043 16.4
2010-04-28  23:10:00  15 52 38.9  -04 51 40  +000726.4 -000093.5  23 45 40.6  175.430 38.643  23.64  41944 16.4
2010-04-28  23:20:00  16 00 44.5  -05 07 22  +000730.6 -000095.0  23 47 36.6  176.062 38.406  25.36  41838 16.4
2010-04-28  23:30:00  16 08 53.1  -05 23 19  +000735.1 -000096.3  23 49 29.8  176.674 38.162  27.14  41726 16.4
2010-04-28  23:40:00  16 17 04.7  -05 39 29  +000739.8 -000097.6  23 51 19.8  177.266 37.909  28.95  41609 16.4
2010-04-28  23:50:00  16 25 19.6  -05 55 51  +000744.9 -000098.8  23 53 06.5  177.836 37.649  30.80  41486 16.4
2010-04-29  00:00:00  16 33 38.0  -06 12 25  +000750.3 -000100.0  23 54 49.8  178.383 37.383  32.67  41357 16.4
2010-04-29  00:10:00  16 42 00.1  -06 29 10  +000756.0 -000101.0  23 56 29.3  178.906 37.111  34.59  41223 16.4
2010-04-29  00:20:00  16 50 25.9  -06 46 05  +000761.9 -000101.9  23 58 05.1  179.406 36.833  36.52  41084 16.4
2010-04-29  00:30:00  16 58 56.0  -07 03 09  +000768.2 -000102.7  23 59 36.7  179.880 36.550  38.49  40940 16.4
2010-04-29  00:40:00  17 07 30.3  -07 20 20  +000774.8 -000103.5  00 01 04.0  180.328 36.263  40.47  40791 16.5
2010-04-29  00:50:00  17 16 09.2  -07 37 37  +000781.8 -000104.0  00 02 26.8  180.749 35.973  42.49  40637 16.5
2010-04-29  01:00:00  17 24 52.7  -07 55 00  +000789.0 -000104.5  00 03 44.9  181.142 35.679  44.52  40478 16.5
2010-04-29  01:10:00  17 33 41.2  -08 12 27  +000796.6 -000104.8  00 04 58.0  181.507 35.384  46.59  40315 16.5
2010-04-29  01:20:00  17 42 34.9  -08 29 57  +000804.4 -000105.0  00 06 06.0  181.843 35.087  48.67  40148 16.5
2010-04-29  01:30:00  17 51 33.8  -08 47 28  +000812.6 -000105.1  00 07 08.8  182.150 34.788  50.79  39977 16.6
2010-04-29  01:40:00  18 00 38.3  -09 04 58  +000821.1 -000105.0  00 08 05.9  182.426 34.490  52.91  39802 16.6

   Date        UTC        RA         DECL      RARate   DeclRate    HourAng      Az     Um    Phase  Range  Mag
2010-04-29  18:10:00  11 59 06.0  +00 17 22  +000722.9 -000022.8  22 42 20.8  153.934 40.851  39.64  42082 16.5
2010-04-29  18:20:00  12 07 06.8  +00 13 18  +000719.4 -000026.0  22 44 21.6  154.596 40.937  37.80  42173 16.5
2010-04-29  18:30:00  12 15 05.3  +00 08 43  +000716.2 -000029.1  22 46 24.7  155.275 41.014  35.96  42258 16.5
2010-04-29  18:40:00  12 23 01.8  +00 03 36  +000713.2 -000032.2  22 48 29.9  155.970 41.081  34.15  42336 16.5
2010-04-29  18:50:00  12 30 56.4  -00 02 01  +000710.5 -000035.2  22 50 37.0  156.680 41.137  32.36  42407 16.5
2010-04-29  19:00:00  12 38 49.3  -00 08 09  +000708.0 -000038.2  22 52 45.7  157.403 41.183  30.59  42473 16.4
2010-04-29  19:10:00  12 46 40.5  -00 14 45  +000705.8 -000041.1  22 54 56.1  158.138 41.218  28.84  42531 16.4
2010-04-29  19:20:00  12 54 30.4  -00 21 51  +000703.7 -000043.9  22 57 07.9  158.884 41.243  27.13  42583 16.4
2010-04-29  19:30:00  13 02 18.9  -00 29 24  +000702.0 -000046.7  22 59 21.0  159.641 41.256  25.43  42629 16.4
2010-04-29  19:40:00  13 10 06.4  -00 37 25  +000700.4 -000049.4  23 01 35.2  160.405 41.258  23.79  42667 16.4
2010-04-29  19:50:00  13 17 52.9  -00 45 52  +000699.1 -000052.1  23 03 50.3  161.177 41.249  22.18  42699 16.4
2010-04-29  20:00:00  13 25 38.6  -00 54 47  +000698.1 -000054.7  23 06 06.3  161.955 41.227  20.62  42725 16.4
2010-04-29  20:10:00  13 33 23.8  -01 04 07  +000697.3 -000057.3  23 08 22.7  162.737 41.194  19.12  42744 16.4
2010-04-29  20:20:00  13 41 08.4  -01 13 53  +000696.7 -000059.8  23 10 39.7  163.523 41.149  17.71  42755 16.4
2010-04-29  20:30:00  13 48 52.8  -01 24 03  +000696.4 -000062.2  23 12 57.0  164.312 41.092  16.39  42761 16.4
2010-04-29  20:40:00  13 56 37.0  -01 34 37  +000696.3 -000064.6  23 15 14.4  165.100 41.023  15.20  42759 16.3
2010-04-29  20:50:00  14 04 21.3  -01 45 35  +000696.5 -000066.9  23 17 31.8  165.889 40.942  14.15  42751 16.3
2010-04-29  21:00:00  14 12 05.8  -01 56 56  +000696.9 -000069.2  23 19 49.0  166.675 40.848  13.29  42736 16.3
2010-04-29  21:10:00  14 19 50.6  -02 08 39  +000697.6 -000071.5  23 22 05.8  167.459 40.743  12.66  42715 16.3
2010-04-29  21:20:00  14 27 36.0  -02 20 45  +000698.5 -000073.6  23 24 22.0  168.237 40.626  12.30  42687 16.3
2010-04-29  21:30:00  14 35 22.0  -02 33 12  +000699.7 -000075.8  23 26 37.6  169.011 40.498  12.21  42653 16.3
2010-04-29  21:40:00  14 43 09.0  -02 46 00  +000701.1 -000077.8  23 28 52.3  169.777 40.357  12.43  42611 16.3
2010-04-29  21:50:00  14 50 57.0  -02 59 08  +000702.8 -000079.8  23 31 06.0  170.535 40.205  12.93  42564 16.3
2010-04-29  22:00:00  14 58 46.2  -03 12 36  +000704.8 -000081.8  23 33 18.4  171.283 40.042  13.68  42509 16.3
2010-04-29  22:10:00  15 06 36.7  -03 26 23  +000707.0 -000083.6  23 35 29.5  172.021 39.869  14.65  42449 16.3
2010-04-29  22:20:00  15 14 28.9  -03 40 29  +000709.5 -000085.5  23 37 39.0  172.746 39.684  15.80  42382 16.3
2010-04-29  22:30:00  15 22 22.8  -03 54 53  +000712.3 -000087.2  23 39 46.7  173.459 39.489  17.10  42309 16.3
2010-04-29  22:40:00  15 30 18.6  -04 09 34  +000715.3 -000088.9  23 41 52.5  174.157 39.284  18.50  42229 16.3
2010-04-29  22:50:00  15 38 16.6  -04 24 32  +000718.6 -000090.6  23 43 56.2  174.840 39.069  20.02  42143 16.3
2010-04-29  23:00:00  15 46 16.8  -04 39 46  +000722.2 -000092.1  23 45 57.7  175.507 38.845  21.60  42052 16.3
2010-04-29  23:10:00  15 54 19.5  -04 55 15  +000726.0 -000093.6  23 47 56.6  176.156 38.612  23.25  41954 16.4
2010-04-29  23:20:00  16 02 24.9  -05 10 58  +000730.2 -000095.0  23 49 52.8  176.786 38.371  24.96  41850 16.4
2010-04-29  23:30:00  16 10 33.1  -05 26 55  +000734.6 -000096.4  23 51 46.2  177.396 38.122  26.72  41740 16.4
2010-04-29  23:40:00  16 18 44.4  -05 43 06  +000739.3 -000097.7  23 53 36.6  177.987 37.865  28.51  41625 16.4
2010-04-29  23:50:00  16 26 58.9  -05 59 29  +000744.3 -000098.8  23 55 23.7  178.555 37.601  30.34  41504 16.4
2010-04-30  00:00:00  16 35 16.9  -06 16 03  +000749.7 -000099.9  23 57 07.4  179.101 37.331  32.20  41377 16.4
2010-04-30  00:10:00  16 43 38.5  -06 32 47  +000755.3 -000100.9  23 58 47.4  179.623 37.056  34.11  41245 16.4
2010-04-30  00:20:00  16 52 04.0  -06 49 40  +000761.2 -000101.8  00 00 23.6  180.122 36.775  36.03  41108 16.4
2010-04-30  00:30:00  17 00 33.6  -07 06 42  +000767.5 -000102.6  00 01 55.7  180.595 36.489  37.99  40966 16.4
2010-04-30  00:40:00  17 09 07.3  -07 23 51  +000774.0 -000103.2  00 03 23.5  181.042 36.200  39.96  40818 16.5
2010-04-30  00:50:00  17 17 45.5  -07 41 07  +000780.8 -000103.8  00 04 47.0  181.463 35.907  41.97  40666 16.5
2010-04-30  01:00:00  17 26 28.4  -07 58 27  +000788.0 -000104.2  00 06 05.7  181.856 35.611  43.99  40509 16.5
2010-04-30  01:10:00  17 35 16.2  -08 15 51  +000795.5 -000104.5  00 07 19.6  182.222 35.314  46.05  40348 16.5
2010-04-30  01:20:00  17 44 09.1  -08 33 17  +000803.2 -000104.7  00 08 28.4  182.558 35.015  48.13  40182 16.5
2010-04-30  01:30:00  17 53 07.3  -08 50 44  +000811.4 -000104.7  00 09 31.8  182.864 34.716  50.23  40013 16.5
2010-04-30  01:40:00  18 02 11.0  -09 08 10  +000819.8 -000104.5  00 10 29.8  183.141 34.417  52.35  39839 16.6

   Date        UTC        RA         DECL      RARate   DeclRate    HourAng      Az     Um    Phase  Range  Mag
2010-04-30  18:10:00  12 00 37.5  +00 16 28  +000724.1 -000023.5  22 44 45.8  154.703 41.017  40.26  42033 16.5
2010-04-30  18:20:00  12 08 39.2  +00 12 16  +000720.6 -000026.7  22 46 45.8  155.364 41.096  38.41  42126 16.5
2010-04-30  18:30:00  12 16 38.5  +00 07 33  +000717.4 -000029.9  22 48 48.1  156.043 41.165  36.57  42212 16.5
2010-04-30  18:40:00  12 24 35.7  +00 02 19  +000714.3 -000032.9  22 50 52.6  156.737 41.224  34.76  42292 16.5
2010-04-30  18:50:00  12 32 31.0  -00 03 25  +000711.5 -000036.0  22 52 58.9  157.446 41.274  32.96  42365 16.5
2010-04-30  19:00:00  12 40 24.5  -00 09 40  +000709.0 -000038.9  22 55 07.1  158.168 41.312  31.20  42432 16.4
2010-04-30  19:10:00  12 48 16.3  -00 16 23  +000706.7 -000041.8  22 57 16.9  158.902 41.340  29.44  42492 16.4
2010-04-30  19:20:00  12 56 06.7  -00 23 35  +000704.6 -000044.6  22 59 28.1  159.648 41.357  27.73  42546 16.4
2010-04-30  19:30:00  13 03 55.9  -00 31 16  +000702.8 -000047.4  23 01 40.6  160.403 41.363  26.03  42593 16.4
2010-04-30  19:40:00  13 11 43.9  -00 39 24  +000701.2 -000050.1  23 03 54.2  161.166 41.357  24.38  42634 16.4
2010-04-30  19:50:00  13 19 30.9  -00 47 59  +000699.9 -000052.8  23 06 08.9  161.937 41.340  22.76  42668 16.4
2010-04-30  20:00:00  13 27 17.1  -00 56 59  +000698.7 -000055.4  23 08 24.3  162.714 41.312  21.20  42695 16.4
2010-04-30  20:10:00  13 35 02.6  -01 06 26  +000697.9 -000057.9  23 10 40.4  163.495 41.271  19.69  42716 16.4
2010-04-30  20:20:00  13 42 47.7  -01 16 17  +000697.3 -000060.4  23 12 57.0  164.280 41.219  18.26  42730 16.4
2010-04-30  20:30:00  13 50 32.4  -01 26 33  +000696.9 -000062.8  23 15 14.0  165.066 41.155  16.92  42737 16.4
2010-04-30  20:40:00  13 58 17.0  -01 37 14  +000696.8 -000065.2  23 17 31.0  165.854 41.078  15.69  42738 16.4
2010-04-30  20:50:00  14 06 01.5  -01 48 17  +000696.9 -000067.5  23 19 48.1  166.640 40.990  14.61  42732 16.3
2010-04-30  21:00:00  14 13 46.3  -01 59 44  +000697.3 -000069.8  23 22 05.0  167.425 40.890  13.70  42719 16.3
2010-04-30  21:10:00  14 21 31.3  -02 11 32  +000697.9 -000072.0  23 24 21.6  168.207 40.778  13.01  42700 16.3
2010-04-30  21:20:00  14 29 16.9  -02 23 43  +000698.8 -000074.1  23 26 37.7  168.984 40.654  12.57  42674 16.3
2010-04-30  21:30:00  14 37 03.1  -02 36 14  +000699.9 -000076.2  23 28 53.1  169.755 40.519  12.40  42641 16.3
2010-04-30  21:40:00  14 44 50.1  -02 49 07  +000701.3 -000078.2  23 31 07.7  170.519 40.372  12.53  42602 16.3
2010-04-30  21:50:00  14 52 38.2  -03 02 19  +000703.0 -000080.2  23 33 21.3  171.275 40.214  12.94  42557 16.3
2010-04-30  22:00:00  15 00 27.5  -03 15 51  +000704.9 -000082.1  23 35 33.7  172.021 40.045  13.61  42505 16.3
2010-04-30  22:10:00  15 08 18.1  -03 29 42  +000707.0 -000084.0  23 37 44.7  172.757 39.865  14.51  42446 16.3
2010-04-30  22:20:00  15 16 10.2  -03 43 51  +000709.5 -000085.8  23 39 54.2  173.481 39.675  15.60  42381 16.3
2010-04-30  22:30:00  15 24 04.1  -03 58 17  +000712.2 -000087.5  23 42 02.0  174.191 39.474  16.85  42310 16.3
2010-04-30  22:40:00  15 31 59.8  -04 13 01  +000715.1 -000089.2  23 44 07.9  174.887 39.264  18.21  42232 16.3
2010-04-30  22:50:00  15 39 57.7  -04 28 01  +000718.4 -000090.8  23 46 11.7  175.568 39.044  19.69  42149 16.3
2010-04-30  23:00:00  15 47 57.7  -04 43 17  +000721.9 -000092.3  23 48 13.3  176.232 38.815  21.24  42059 16.3
2010-04-30  23:10:00  15 56 00.3  -04 58 47  +000725.7 -000093.8  23 50 12.4  176.879 38.577  22.87  41963 16.4
2010-04-30  23:20:00  16 04 05.4  -05 14 32  +000729.8 -000095.2  23 52 08.9  177.508 38.331  24.55  41861 16.4
2010-04-30  23:30:00  16 12 13.4  -05 30 30  +000734.2 -000096.5  23 54 02.5  178.116 38.077  26.30  41754 16.4
2010-04-30  23:40:00  16 20 24.4  -05 46 41  +000738.9 -000097.7  23 55 53.2  178.705 37.817  28.07  41640 16.4
2010-04-30  23:50:00  16 28 38.6  -06 03 03  +000743.8 -000098.8  23 57 40.6  179.271 37.549  29.89  41521 16.4
2010-05-01  00:00:00  16 36 56.3  -06 19 37  +000749.1 -000099.8  23 59 24.6  179.816 37.276  31.74  41396 16.4
2010-05-01  00:10:00  16 45 17.4  -06 36 21  +000754.6 -000100.8  00 01 05.1  180.337 36.996  33.63  41266 16.4
2010-05-01  00:20:00  16 53 42.4  -06 53 13  +000760.5 -000101.7  00 02 41.7  180.834 36.712  35.54  41131 16.4
2010-05-01  00:30:00  17 02 11.5  -07 10 14  +000766.7 -000102.4  00 04 14.3  181.307 36.424  37.49  40991 16.4
2010-05-01  00:40:00  17 10 44.7  -07 27 21  +000773.1 -000103.0  00 05 42.7  181.753 36.132  39.45  40845 16.4
2010-05-01  00:50:00  17 19 22.4  -07 44 34  +000779.9 -000103.5  00 07 06.7  182.173 35.837  41.46  40694 16.5
2010-05-01  01:00:00  17 28 04.7  -08 01 51  +000787.0 -000103.9  00 08 26.0  182.566 35.539  43.47  40539 16.5
2010-05-01  01:10:00  17 36 51.9  -08 19 12  +000794.5 -000104.2  00 09 40.5  182.931 35.240  45.52  40380 16.5
2010-05-01  01:20:00  17 45 43.9  -08 36 34  +000802.1 -000104.3  00 10 50.1  183.267 34.940  47.58  40216 16.5
2010-05-01  01:30:00  17 54 41.4  -08 53 57  +000810.2 -000104.2  00 11 54.3  183.575 34.639  49.69  40048 16.5
2010-05-01  01:40:00  18 03 44.2  -09 11 19  +000818.5 -000104.1  00 12 53.1  183.852 34.339  51.80  39875 16.6
