ЭФЕМЕРИДЫ ПО ОБЪЕКТУ:  90145
Для пункта:  10016 Маяки   46 23'50.68"   30 16'17.74"    14m
C   2010-04-15 12:00
по  2010-05-01 12:00
Шаг  0:10:00
Мин.угол места:          10 град
Макс.угол места Солнца: -10 град
Стандартный блеск :      9.9 (зв.вел.)

ОБОЗНАЧЕНИЯ
RA        прямое восхождение, тек.эпоха
DECL      склонение, тек.эпоха
RARate    скорость по пр.восх., арксек/мин
DeclRate  скорость по склонению, арксек/мин
HourAng   часовой угол
Az        азимут
Um        угол места
Phase     фазовый угол
Range     дальность
Mag       зв.величина (оценка)

   Date        UTC        RA         DECL      RARate   DeclRate    HourAng      Az     Um    Phase  Range  Mag
2010-04-15  17:50:00  09 47 40.1  -07 52 35  +000963.7 +000026.7  23 38 31.7  173.463 35.515  56.15  35124 16.9
2010-04-15  18:00:00  09 58 19.6  -07 48 11  +000954.9 +000026.0  23 37 53.8  173.264 35.575  53.55  35280 16.8
2010-04-15  18:10:00  10 08 53.4  -07 43 55  +000946.8 +000025.3  23 37 21.6  173.094 35.636  50.96  35428 16.8
2010-04-15  18:20:00  10 19 22.1  -07 39 45  +000939.2 +000024.6  23 36 54.6  172.950 35.695  48.40  35566 16.8
2010-04-15  18:30:00  10 29 45.9  -07 35 43  +000932.3 +000023.8  23 36 32.4  172.830 35.754  45.85  35694 16.7
2010-04-15  18:40:00  10 40 05.3  -07 31 49  +000926.0 +000023.0  23 36 14.6  172.733 35.813  43.33  35812 16.7
2010-04-15  18:50:00  10 50 20.7  -07 28 03  +000920.3 +000022.2  23 36 00.9  172.656 35.870  40.81  35920 16.7
2010-04-15  19:00:00  11 00 32.6  -07 24 25  +000915.1 +000021.4  23 35 50.7  172.598 35.927  38.32  36018 16.7
2010-04-15  19:10:00  11 10 41.1  -07 20 55  +000910.6 +000020.6  23 35 43.8  172.556 35.982  35.82  36105 16.6
2010-04-15  19:20:00  11 20 46.8  -07 17 34  +000906.6 +000019.7  23 35 39.7  172.529 36.036  33.36  36182 16.6
2010-04-15  19:30:00  11 30 50.0  -07 14 21  +000903.1 +000018.8  23 35 38.2  172.516 36.089  30.89  36248 16.6
2010-04-15  19:40:00  11 40 51.1  -07 11 17  +000900.2 +000018.0  23 35 38.7  172.513 36.140  28.45  36304 16.6
2010-04-15  19:50:00  11 50 50.4  -07 08 22  +000897.9 +000017.1  23 35 41.1  172.519 36.189  26.00  36348 16.6
2010-04-15  20:00:00  12 00 48.4  -07 05 36  +000896.1 +000016.2  23 35 44.7  172.533 36.237  23.57  36382 16.5
2010-04-15  20:10:00  12 10 45.4  -07 02 59  +000894.9 +000015.2  23 35 49.4  172.551 36.282  21.14  36405 16.5
2010-04-15  20:20:00  12 20 41.7  -07 00 32  +000894.2 +000014.3  23 35 54.7  172.574 36.325  18.73  36418 16.5
2010-04-15  20:30:00  12 30 37.8  -06 58 14  +000894.0 +000013.3  23 36 00.3  172.598 36.365  16.32  36419 16.5
2010-04-15  20:40:00  12 40 33.9  -06 56 06  +000894.4 +000012.3  23 36 05.8  172.623 36.402  13.93  36409 16.5
2010-04-15  20:50:00  12 50 30.5  -06 54 07  +000895.4 +000011.3  23 36 10.8  172.645 36.437  11.56  36389 16.5
2010-04-15  21:00:00  13 00 27.9  -06 52 19  +000896.9 +000010.3  23 36 15.1  172.663 36.468   9.23  36358 16.5
2010-04-15  21:10:00  13 10 26.4  -06 50 41  +000898.9 +000009.3  23 36 18.2  172.676 36.497   6.97  36316 16.5
2010-04-15  21:20:00  13 20 26.5  -06 49 13  +000901.5 +000008.2  23 36 19.7  172.681 36.522   4.91  36263 16.5
2010-04-15  21:30:00  13 30 28.6  -06 47 56  +000904.6 +000007.2  23 36 19.3  172.677 36.543   3.42  36200 16.5
2010-04-15  21:40:00  13 40 32.8  -06 46 50  +000908.3 +000006.1  23 36 16.7  172.661 36.560   3.41  36126 16.4
2010-04-15  21:50:00  13 50 39.8  -06 45 55  +000912.6 +000005.0  23 36 11.4  172.632 36.574   4.89  36042 16.4
2010-04-15  22:00:00  14 00 49.8  -06 45 10  +000917.4 +000003.9  23 36 03.0  172.588 36.583   6.98  35948 16.4
2010-04-15  22:10:00  14 11 03.2  -06 44 38  +000922.8 +000002.7  23 35 51.3  172.527 36.587   9.30  35844 16.4
2010-04-15  22:20:00  14 21 20.3  -06 44 16  +000928.8 +000001.5  23 35 35.8  172.447 36.587  11.71  35729 16.4
2010-04-15  22:30:00  14 31 41.7  -06 44 07  +000935.4 +000000.3  23 35 16.0  172.345 36.582  14.19  35605 16.4
2010-04-15  22:40:00  14 42 07.7  -06 44 10  +000942.6 -000000.9  23 34 51.7  172.221 36.572  16.70  35472 16.5
2010-04-15  22:50:00  14 52 38.6  -06 44 26  +000950.3 -000002.1  23 34 22.4  172.071 36.557  19.26  35329 16.5
2010-04-15  23:00:00  15 03 14.9  -06 44 53  +000958.7 -000003.4  23 33 47.8  171.894 36.535  21.83  35177 16.5
2010-04-15  23:10:00  15 13 57.0  -06 45 34  +000967.7 -000004.7  23 33 07.3  171.688 36.507  24.45  35016 16.5
2010-04-15  23:20:00  15 24 45.3  -06 46 28  +000977.4 -000006.0  23 32 20.6  171.451 36.473  27.08  34847 16.5
2010-04-15  23:30:00  15 35 40.3  -06 47 35  +000987.6 -000007.4  23 31 27.3  171.181 36.431  29.76  34669 16.5
2010-04-15  23:40:00  15 46 42.3  -06 48 56  +000998.5 -000008.8  23 30 27.0  170.875 36.381  32.46  34484 16.5
2010-04-15  23:50:00  15 57 51.8  -06 50 30  +001010.1 -000010.1  23 29 19.1  170.533 36.324  35.20  34292 16.5
2010-04-16  00:00:00  16 09 09.2  -06 52 19  +001022.3 -000011.6  23 28 03.4  170.151 36.257  37.96  34093 16.5
2010-04-16  00:10:00  16 20 34.9  -06 54 22  +001035.2 -000013.0  23 26 39.2  169.728 36.181  40.77  33887 16.6
2010-04-16  00:20:00  16 32 09.5  -06 56 39  +001048.7 -000014.4  23 25 06.3  169.262 36.095  43.60  33675 16.6
2010-04-16  00:30:00  16 43 53.3  -06 59 11  +001062.9 -000015.9  23 23 24.1  168.750 35.997  46.48  33457 16.6
2010-04-16  00:40:00  16 55 46.8  -07 01 57  +001077.7 -000017.4  23 21 32.3  168.193 35.887  49.39  33235 16.6
2010-04-16  00:50:00  17 07 50.3  -07 04 58  +001093.2 -000018.9  23 19 30.4  167.587 35.764  52.35  33009 16.7
2010-04-16  01:00:00  17 20 04.4  -07 08 14  +001109.3 -000020.3  23 17 17.9  166.931 35.626  55.35  32779 16.7
2010-04-16  01:10:00  17 32 29.5  -07 11 45  +001126.1 -000021.8  23 14 54.5  166.223 35.473  58.39  32546 16.7
2010-04-16  01:20:00  17 45 06.0  -07 15 30  +001143.4 -000023.2  23 12 19.7  165.463 35.302  61.47  32310 16.8
2010-04-16  01:30:00  17 57 54.2  -07 19 30  +001161.4 -000024.7  23 09 33.1  164.648 35.113  64.61  32074 16.8
2010-04-16  01:40:00  18 10 54.6  -07 23 44  +001179.9 -000026.1  23 06 34.4  163.779 34.904  67.78  31836 16.9
2010-04-16  01:50:00  18 24 07.5  -07 28 11  +001198.9 -000027.4  23 03 23.1  162.854 34.674  71.02  31600 16.9
2010-04-16  02:00:00  18 37 33.0  -07 32 53  +001218.3 -000028.7  22 59 59.2  161.874 34.420  74.29  31364 17.0
2010-04-16  02:10:00  18 51 11.8  -07 37 46  +001238.2 -000030.0  22 56 22.0  160.838 34.141  77.62  31131 17.0

   Date        UTC        RA         DECL      RARate   DeclRate    HourAng      Az     Um    Phase  Range  Mag
2010-04-18  18:20:00  05 46 45.0  -08 45 16  +001234.4 +000020.4  04 21 21.3  245.804 10.032 117.04  33326 18.5
2010-04-18  18:30:00  06 00 22.0  -08 41 46  +001216.6 +000021.6  04 17 46.0  245.145 10.640 113.84  33517 18.4
2010-04-18  18:40:00  06 13 47.2  -08 38 05  +001199.0 +000022.6  04 14 22.4  244.522 11.217 110.67  33711 18.3
2010-04-18  18:50:00  06 27 00.7  -08 34 15  +001181.6 +000023.5  04 11 10.5  243.935 11.763 107.53  33909 18.2
2010-04-18  19:00:00  06 40 02.8  -08 30 17  +001164.6 +000024.2  04 08 10.1  243.384 12.279 104.43  34108 18.0
2010-04-18  19:10:00  06 52 53.7  -08 26 12  +001147.9 +000024.8  04 05 20.9  242.868 12.766 101.36  34309 17.9
2010-04-18  19:20:00  07 05 33.6  -08 22 01  +001131.8 +000025.3  04 02 42.6  242.387 13.225  98.33  34511 17.9
2010-04-18  19:30:00  07 18 02.8  -08 17 46  +001116.0 +000025.7  04 00 15.0  241.939 13.656  95.32  34712 17.8
2010-04-18  19:40:00  07 30 21.7  -08 13 28  +001100.6 +000026.0  03 57 57.8  241.524 14.060  92.37  34912 17.7
2010-04-18  19:50:00  07 42 30.5  -08 09 08  +001085.8 +000026.1  03 55 50.6  241.142 14.437  89.43  35111 17.6
2010-04-18  20:00:00  07 54 29.6  -08 04 46  +001071.6 +000026.2  03 53 53.2  240.790 14.790  86.55  35307 17.5
2010-04-18  20:10:00  08 06 19.4  -08 00 24  +001057.8 +000026.2  03 52 05.0  240.469 15.119  83.68  35499 17.5
2010-04-18  20:20:00  08 18 00.2  -07 56 02  +001044.6 +000026.1  03 50 25.9  240.177 15.424  80.86  35689 17.4
2010-04-18  20:30:00  08 29 32.5  -07 51 42  +001032.1 +000026.0  03 48 55.2  239.912 15.708  78.05  35874 17.4
2010-04-18  20:40:00  08 40 56.5  -07 47 23  +001020.0 +000025.8  03 47 32.9  239.675 15.970  75.29  36054 17.3
2010-04-18  20:50:00  08 52 12.7  -07 43 07  +001008.6 +000025.5  03 46 18.3  239.463 16.211  72.55  36228 17.2
2010-04-18  21:00:00  09 03 21.4  -07 38 54  +000997.7 +000025.1  03 45 11.2  239.276 16.433  69.85  36397 17.2
2010-04-18  21:10:00  09 14 23.0  -07 34 44  +000987.4 +000024.8  03 44 11.2  239.112 16.637  67.16  36560 17.1
2010-04-18  21:20:00  09 25 18.0  -07 30 39  +000977.7 +000024.3  03 43 17.9  238.970 16.823  64.51  36716 17.1
2010-04-18  21:30:00  09 36 06.7  -07 26 38  +000968.5 +000023.8  03 42 30.8  238.848 16.993  61.87  36865 17.1
2010-04-18  21:40:00  09 46 49.6  -07 22 42  +000960.0 +000023.3  03 41 49.6  238.746 17.147  59.26  37006 17.0
2010-04-18  21:50:00  09 57 26.9  -07 18 52  +000951.9 +000022.8  03 41 14.0  238.662 17.286  56.67  37139 17.0
2010-04-18  22:00:00  10 07 59.0  -07 15 07  +000944.5 +000022.2  03 40 43.5  238.594 17.411  54.10  37264 17.0
2010-04-18  22:10:00  10 18 26.3  -07 11 29  +000937.6 +000021.6  03 40 17.8  238.542 17.522  51.55  37381 16.9
2010-04-18  22:20:00  10 28 49.2  -07 07 56  +000931.2 +000020.9  03 39 56.6  238.505 17.622  49.02  37489 16.9
2010-04-18  22:30:00  10 39 08.1  -07 04 31  +000925.4 +000020.2  03 39 39.3  238.480 17.710  46.50  37588 16.9
2010-04-18  22:40:00  10 49 23.3  -07 01 12  +000920.2 +000019.5  03 39 25.8  238.467 17.788  44.00  37677 16.8
2010-04-18  22:50:00  10 59 35.2  -06 58 01  +000915.5 +000018.8  03 39 15.5  238.464 17.856  41.51  37758 16.8
2010-04-18  23:00:00  11 09 44.1  -06 54 57  +000911.3 +000018.0  03 39 08.2  238.470 17.915  39.04  37828 16.8
2010-04-18  23:10:00  11 19 50.5  -06 52 01  +000907.7 +000017.2  03 39 03.5  238.484 17.966  36.58  37888 16.8
2010-04-18  23:20:00  11 29 54.5  -06 49 13  +000904.6 +000016.4  03 39 01.1  238.505 18.009  34.13  37939 16.7
2010-04-18  23:30:00  11 39 56.7  -06 46 32  +000902.0 +000015.6  03 39 00.6  238.531 18.047  31.68  37979 16.7
2010-04-18  23:40:00  11 49 57.3  -06 44 01  +000899.9 +000014.8  03 39 01.6  238.561 18.078  29.26  38009 16.7
2010-04-18  23:50:00  11 59 56.7  -06 41 37  +000898.4 +000013.9  03 39 03.9  238.593 18.105  26.83  38028 16.7
2010-04-19  00:00:00  12 09 55.3  -06 39 23  +000897.4 +000013.0  03 39 06.9  238.627 18.127  24.43  38037 16.7
2010-04-19  00:10:00  12 19 53.3  -06 37 18  +000896.8 +000012.1  03 39 10.5  238.662 18.146  22.02  38035 16.6
2010-04-19  00:20:00  12 29 51.2  -06 35 22  +000896.8 +000011.1  03 39 14.3  238.695 18.163  19.64  38022 16.6
2010-04-19  00:30:00  12 39 49.2  -06 33 35  +000897.3 +000010.2  03 39 17.9  238.726 18.178  17.26  37998 16.6
2010-04-19  00:40:00  12 49 47.7  -06 31 58  +000898.4 +000009.2  03 39 21.0  238.754 18.192  14.92  37964 16.6
2010-04-19  00:50:00  12 59 47.1  -06 30 31  +000899.9 +000008.2  03 39 23.3  238.777 18.206  12.60  37918 16.6
2010-04-19  01:00:00  13 09 47.7  -06 29 14  +000902.0 +000007.2  03 39 24.3  238.794 18.221  10.36  37862 16.6
2010-04-19  01:10:00  13 19 49.9  -06 28 08  +000904.6 +000006.1  03 39 23.7  238.804 18.237   8.22  37795 16.6
2010-04-19  01:20:00  13 29 54.0  -06 27 12  +000907.7 +000005.0  03 39 21.3  238.805 18.255   6.34  37716 16.5
2010-04-19  01:30:00  13 40 00.4  -06 26 27  +000911.4 +000003.9  03 39 16.6  238.796 18.277   4.99  37627 16.5
2010-04-19  01:40:00  13 50 09.3  -06 25 54  +000915.6 +000002.8  03 39 09.3  238.776 18.302   4.70  37527 16.5
2010-04-19  01:50:00  14 00 21.3  -06 25 31  +000920.3 +000001.7  03 38 59.0  238.744 18.333   5.64  37416 16.5
2010-04-19  02:00:00  14 10 36.5  -06 25 21  +000925.6 +000000.5  03 38 45.4  238.698 18.368   7.37  37294 16.5

   Date        UTC        RA         DECL      RARate   DeclRate    HourAng      Az     Um    Phase  Range  Mag
2010-04-19  17:50:00  11 40 40.9  -07 09 04  +000907.9 +000019.2  22 01 17.1  145.322 30.290  32.16  36612 16.6
2010-04-19  18:00:00  11 50 45.1  -07 05 57  +000904.8 +000018.3  22 01 14.5  145.287 30.333  29.72  36677 16.6
2010-04-19  18:10:00  12 00 47.4  -07 02 59  +000902.2 +000017.4  22 01 13.9  145.262 30.378  27.28  36732 16.6
2010-04-19  18:20:00  12 10 48.2  -07 00 10  +000900.2 +000016.5  22 01 14.7  145.244 30.422  24.87  36776 16.6
2010-04-19  18:30:00  12 20 47.8  -06 57 30  +000898.7 +000015.5  22 01 16.8  145.233 30.466  22.46  36809 16.6
2010-04-19  18:40:00  12 30 46.7  -06 54 59  +000897.8 +000014.6  22 01 19.5  145.226 30.509  20.07  36832 16.6
2010-04-19  18:50:00  12 40 45.0  -06 52 38  +000897.4 +000013.6  22 01 22.8  145.222 30.551  17.69  36843 16.5
2010-04-19  19:00:00  12 50 43.3  -06 50 27  +000897.6 +000012.7  22 01 26.1  145.220 30.589  15.35  36844 16.5
2010-04-19  19:10:00  13 00 41.9  -06 48 25  +000898.2 +000011.7  22 01 29.2  145.218 30.626  13.03  36834 16.5
2010-04-19  19:20:00  13 10 41.1  -06 46 33  +000899.4 +000010.7  22 01 31.7  145.214 30.658  10.78  36813 16.5
2010-04-19  19:30:00  13 20 41.3  -06 44 52  +000901.2 +000009.7  22 01 33.1  145.208 30.687   8.62  36782 16.5
2010-04-19  19:40:00  13 30 42.8  -06 43 20  +000903.4 +000008.7  22 01 33.3  145.197 30.710   6.69  36741 16.5
2010-04-19  19:50:00  13 40 46.0  -06 41 59  +000906.3 +000007.6  22 01 31.7  145.179 30.728   5.21  36689 16.5
2010-04-19  20:00:00  13 50 51.2  -06 40 48  +000909.6 +000006.6  22 01 28.1  145.154 30.740   4.67  36626 16.5
2010-04-19  20:10:00  14 00 58.9  -06 39 48  +000913.5 +000005.5  22 01 22.0  145.120 30.746   5.37  36554 16.5
2010-04-19  20:20:00  14 11 09.4  -06 38 58  +000918.0 +000004.4  22 01 13.2  145.075 30.744   6.96  36472 16.5
2010-04-19  20:30:00  14 21 23.0  -06 38 20  +000923.0 +000003.3  22 01 01.2  145.017 30.734   8.99  36379 16.5
2010-04-19  20:40:00  14 31 40.2  -06 37 53  +000928.6 +000002.2  22 00 45.7  144.945 30.715  11.22  36278 16.5
2010-04-19  20:50:00  14 42 01.2  -06 37 36  +000934.7 +000001.0  22 00 26.3  144.857 30.687  13.58  36166 16.5
2010-04-19  21:00:00  14 52 26.6  -06 37 32  +000941.4 -000000.1  22 00 02.6  144.752 30.649  16.01  36046 16.5
2010-04-19  21:10:00  15 02 56.6  -06 37 40  +000948.7 -000001.3  21 59 34.3  144.628 30.600  18.50  35917 16.5
2010-04-19  21:20:00  15 13 31.6  -06 37 59  +000956.6 -000002.5  21 59 00.8  144.483 30.540  21.02  35779 16.5
2010-04-19  21:30:00  15 24 12.1  -06 38 30  +000965.0 -000003.7  21 58 22.0  144.317 30.467  23.59  35633 16.5
2010-04-19  21:40:00  15 34 58.5  -06 39 14  +000974.1 -000005.0  21 57 37.3  144.126 30.381  26.19  35479 16.5
2010-04-19  21:50:00  15 45 51.1  -06 40 10  +000983.8 -000006.2  21 56 46.3  143.911 30.280  28.83  35318 16.5
2010-04-19  22:00:00  15 56 50.3  -06 41 18  +000994.1 -000007.5  21 55 48.7  143.668 30.165  31.49  35149 16.5
2010-04-19  22:10:00  16 07 56.6  -06 42 40  +001004.9 -000008.8  21 54 44.1  143.397 30.034  34.19  34973 16.6
2010-04-19  22:20:00  16 19 10.3  -06 44 14  +001016.4 -000010.1  21 53 32.0  143.097 29.886  36.92  34791 16.6
2010-04-19  22:30:00  16 30 31.9  -06 46 02  +001028.5 -000011.4  21 52 12.1  142.765 29.721  39.69  34603 16.6
2010-04-19  22:40:00  16 42 01.8  -06 48 02  +001041.3 -000012.7  21 50 43.8  142.400 29.536  42.49  34409 16.6
2010-04-19  22:50:00  16 53 40.4  -06 50 16  +001054.6 -000014.0  21 49 06.9  142.002 29.332  45.34  34210 16.6
2010-04-19  23:00:00  17 05 28.1  -06 52 43  +001068.5 -000015.4  21 47 20.8  141.568 29.107  48.21  34007 16.7
2010-04-19  23:10:00  17 17 25.2  -06 55 24  +001083.1 -000016.7  21 45 25.3  141.098 28.859  51.13  33801 16.7
2010-04-19  23:20:00  17 29 32.2  -06 58 18  +001098.2 -000018.0  21 43 20.0  140.591 28.588  54.08  33591 16.7
2010-04-19  23:30:00  17 41 49.5  -07 01 25  +001113.9 -000019.3  21 41 04.3  140.045 28.293  57.08  33379 16.8
2010-04-19  23:40:00  17 54 17.5  -07 04 45  +001130.1 -000020.6  21 38 38.0  139.461 27.971  60.11  33165 16.8
2010-04-19  23:50:00  18 06 56.5  -07 08 17  +001146.9 -000021.9  21 36 00.7  138.836 27.623  63.20  32950 16.8
2010-04-20  00:00:00  18 19 46.8  -07 12 03  +001164.2 -000023.1  21 33 12.0  138.171 27.246  66.32  32735 16.9
2010-04-20  00:10:00  18 32 48.8  -07 15 60  +001181.9 -000024.3  21 30 11.6  137.465 26.840  69.50  32521 16.9
2010-04-20  00:20:00  18 46 02.7  -07 20 08  +001200.0 -000025.4  21 26 59.3  136.719 26.403  72.71  32308 17.0
2010-04-20  00:30:00  18 59 28.8  -07 24 29  +001218.5 -000026.5  21 23 34.9  135.932 25.934  75.98  32098 17.1
2010-04-20  00:40:00  19 13 07.3  -07 28 59  +001237.3 -000027.5  21 19 58.0  135.104 25.432  79.28  31891 17.1
2010-04-20  00:50:00  19 26 58.5  -07 33 38  +001256.3 -000028.4  21 16 08.5  134.236 24.895  82.65  31689 17.2
2010-04-20  01:00:00  19 41 02.4  -07 38 26  +001275.4 -000029.2  21 12 06.2  133.329 24.323  86.04  31492 17.3
2010-04-20  01:10:00  19 55 19.0  -07 43 21  +001294.6 -000029.8  21 07 51.2  132.383 23.716  89.50  31301 17.4
2010-04-20  01:20:00  20 09 48.5  -07 48 22  +001313.8 -000030.4  21 03 23.4  131.400 23.071  92.98  31118 17.5
2010-04-20  01:30:00  20 24 30.7  -07 53 28  +001332.8 -000030.7  20 58 42.8  130.381 22.390  96.52  30944 17.6
2010-04-20  01:40:00  20 39 25.4  -07 58 38  +001351.5 -000031.0  20 53 49.8  129.328 21.671 100.09  30779 17.7
2010-04-20  01:50:00  20 54 32.5  -08 03 48  +001369.8 -000031.0  20 48 44.3  128.242 20.914 103.71  30626 17.8
2010-04-20  02:00:00  21 09 51.7  -08 08 58  +001387.6 -000030.9  20 43 26.8  127.126 20.120 107.34  30483 17.9

   Date        UTC        RA         DECL      RARate   DeclRate    HourAng      Az     Um    Phase  Range  Mag
2010-04-22  18:00:00  07 34 54.7  -08 33 31  +001120.2 +000028.7  02 28 54.6  221.643 25.801  94.53  33507 17.7
2010-04-22  18:10:00  07 47 16.2  -08 28 44  +001104.5 +000028.8  02 26 34.7  221.115 26.138  91.57  33714 17.6
2010-04-22  18:20:00  07 59 27.5  -08 23 55  +001089.3 +000028.9  02 24 25.1  220.625 26.453  88.65  33919 17.5
2010-04-22  18:30:00  08 11 28.8  -08 19 07  +001074.7 +000028.8  02 22 25.4  220.174 26.747  85.76  34120 17.4
2010-04-22  18:40:00  08 23 20.6  -08 14 19  +001060.7 +000028.7  02 20 35.3  219.758 27.022  82.92  34318 17.4
2010-04-22  18:50:00  08 35 03.2  -08 09 34  +001047.2 +000028.5  02 18 54.3  219.379 27.277  80.09  34512 17.3
2010-04-22  19:00:00  08 46 37.2  -08 04 51  +001034.5 +000028.2  02 17 22.0  219.032 27.516  77.31  34701 17.3
2010-04-22  19:10:00  08 58 02.7  -08 00 11  +001022.2 +000027.8  02 15 58.1  218.719 27.737  74.55  34884 17.2
2010-04-22  19:20:00  09 09 20.3  -07 55 35  +001010.6 +000027.4  02 14 42.1  218.438 27.942  71.83  35062 17.2
2010-04-22  19:30:00  09 20 30.3  -07 51 04  +000999.6 +000026.9  02 13 33.7  218.186 28.132  69.12  35233 17.1
2010-04-22  19:40:00  09 31 33.2  -07 46 37  +000989.2 +000026.4  02 12 32.5  217.963 28.307  66.45  35398 17.1
2010-04-22  19:50:00  09 42 29.4  -07 42 15  +000979.4 +000025.9  02 11 37.9  217.767 28.469  63.80  35555 17.0
2010-04-22  20:00:00  09 53 19.2  -07 37 60  +000970.2 +000025.3  02 10 49.8  217.596 28.618  61.18  35705 17.0
2010-04-22  20:10:00  10 04 03.2  -07 33 51  +000961.6 +000024.6  02 10 07.4  217.449 28.755  58.57  35847 16.9
2010-04-22  20:20:00  10 14 41.6  -07 29 48  +000953.6 +000024.0  02 09 30.7  217.325 28.880  56.00  35981 16.9
2010-04-22  20:30:00  10 25 14.8  -07 25 52  +000946.1 +000023.3  02 08 59.1  217.221 28.995  53.43  36107 16.9
2010-04-22  20:40:00  10 35 43.2  -07 22 03  +000939.3 +000022.5  02 08 32.3  217.137 29.099  50.90  36223 16.8
2010-04-22  20:50:00  10 46 07.3  -07 18 21  +000933.0 +000021.8  02 08 09.9  217.070 29.194  48.37  36331 16.8
2010-04-22  21:00:00  10 56 27.3  -07 14 47  +000927.2 +000021.0  02 07 51.5  217.020 29.279  45.87  36429 16.8
2010-04-22  21:10:00  11 06 43.7  -07 11 22  +000922.1 +000020.2  02 07 36.8  216.983 29.357  43.37  36518 16.8
2010-04-22  21:20:00  11 16 56.9  -07 08 04  +000917.5 +000019.4  02 07 25.2  216.960 29.427  40.90  36597 16.7
2010-04-22  21:30:00  11 27 07.2  -07 04 55  +000913.4 +000018.5  02 07 16.6  216.948 29.489  38.44  36667 16.7
2010-04-22  21:40:00  11 37 14.9  -07 01 54  +000909.9 +000017.6  02 07 10.5  216.946 29.545  35.99  36726 16.7
2010-04-22  21:50:00  11 47 20.5  -06 59 02  +000906.9 +000016.7  02 07 06.6  216.952 29.596  33.55  36775 16.7
2010-04-22  22:00:00  11 57 24.2  -06 56 19  +000904.4 +000015.8  02 07 04.5  216.964 29.640  31.13  36814 16.6
2010-04-22  22:10:00  12 07 26.5  -06 53 46  +000902.5 +000014.9  02 07 03.8  216.982 29.680  28.71  36843 16.6
2010-04-22  22:20:00  12 17 27.7  -06 51 22  +000901.1 +000013.9  02 07 04.3  217.003 29.716  26.32  36861 16.6
2010-04-22  22:30:00  12 27 28.2  -06 49 07  +000900.3 +000013.0  02 07 05.5  217.026 29.748  23.93  36869 16.6
2010-04-22  22:40:00  12 37 28.2  -06 47 02  +000900.0 +000012.0  02 07 07.0  217.050 29.776  21.56  36866 16.6
2010-04-22  22:50:00  12 47 28.3  -06 45 08  +000900.2 +000011.0  02 07 08.7  217.072 29.803  19.21  36852 16.5
2010-04-22  23:00:00  12 57 28.6  -06 43 23  +000900.9 +000009.9  02 07 10.0  217.092 29.827  16.89  36827 16.5
2010-04-22  23:10:00  13 07 29.6  -06 41 49  +000902.2 +000008.9  02 07 10.6  217.107 29.849  14.60  36792 16.5
2010-04-22  23:20:00  13 17 31.7  -06 40 26  +000904.0 +000007.8  02 07 10.2  217.117 29.871  12.39  36747 16.5
2010-04-22  23:30:00  13 27 35.1  -06 39 13  +000906.4 +000006.7  02 07 08.4  217.119 29.892  10.27  36690 16.5
2010-04-22  23:40:00  13 37 40.3  -06 38 12  +000909.2 +000005.6  02 07 04.9  217.112 29.914   8.35  36623 16.5
2010-04-22  23:50:00  13 47 47.5  -06 37 22  +000912.7 +000004.4  02 06 59.2  217.094 29.936   6.79  36545 16.5
2010-04-23  00:00:00  13 57 57.3  -06 36 43  +000916.7 +000003.3  02 06 51.1  217.064 29.960   5.91  36457 16.5
2010-04-23  00:10:00  14 08 09.9  -06 36 16  +000921.2 +000002.1  02 06 40.2  217.020 29.986   6.00  36358 16.5
2010-04-23  00:20:00  14 18 25.6  -06 36 01  +000926.3 +000000.9  02 06 26.1  216.961 30.014   7.06  36248 16.5
2010-04-23  00:30:00  14 28 45.0  -06 35 59  +000931.9 -000000.4  02 06 08.3  216.884 30.045   8.76  36129 16.5
2010-04-23  00:40:00  14 39 08.3  -06 36 09  +000938.2 -000001.7  02 05 46.7  216.788 30.080  10.79  35999 16.5
2010-04-23  00:50:00  14 49 36.0  -06 36 32  +000945.0 -000003.0  02 05 20.7  216.672 30.119  13.03  35859 16.5
2010-04-23  01:00:00  15 00 08.4  -06 37 09  +000952.4 -000004.3  02 04 49.9  216.533 30.162  15.39  35710 16.5
2010-04-23  01:10:00  15 10 45.9  -06 37 58  +000960.3 -000005.6  02 04 14.0  216.370 30.211  17.83  35550 16.5
2010-04-23  01:20:00  15 21 29.0  -06 39 02  +000968.9 -000007.0  02 03 32.6  216.181 30.265  20.33  35381 16.5
2010-04-23  01:30:00  15 32 18.0  -06 40 19  +000978.2 -000008.5  02 02 45.2  215.964 30.326  22.89  35203 16.5
2010-04-23  01:40:00  15 43 13.3  -06 41 51  +000988.0 -000009.9  02 01 51.5  215.716 30.393  25.48  35016 16.5
2010-04-23  01:50:00  15 54 15.4  -06 43 38  +000998.5 -000011.4  02 00 51.1  215.437 30.467  28.13  34821 16.5
2010-04-23  02:00:00  16 05 24.6  -06 45 39  +001009.5 -000012.9  01 59 43.5  215.124 30.548  30.80  34617 16.5

   Date        UTC        RA         DECL      RARate   DeclRate    HourAng      Az     Um    Phase  Range  Mag
2010-04-23  18:00:00  13 38 42.2  -06 31 34  +000905.0 +000009.1  20 29 03.6  123.027 19.425   8.93  37780 16.6
2010-04-23  18:10:00  13 48 46.3  -06 30 09  +000907.4 +000008.1  20 29 01.2  123.004 19.439   7.35  37739 16.5
2010-04-23  18:20:00  13 58 52.2  -06 28 53  +000910.3 +000007.1  20 28 57.0  122.976 19.446   6.38  37688 16.5
2010-04-23  18:30:00  14 09 00.1  -06 27 48  +000913.7 +000006.0  20 28 50.6  122.942 19.445   6.29  37627 16.5
2010-04-23  18:40:00  14 19 10.6  -06 26 53  +000917.7 +000005.0  20 28 41.8  122.901 19.436   7.14  37556 16.5
2010-04-23  18:50:00  14 29 23.9  -06 26 08  +000922.2 +000004.0  20 28 30.2  122.852 19.418   8.65  37476 16.5
2010-04-23  19:00:00  14 39 40.3  -06 25 34  +000927.2 +000002.9  20 28 15.4  122.793 19.390  10.56  37386 16.5
2010-04-23  19:10:00  14 50 00.3  -06 25 10  +000932.8 +000001.8  20 27 57.0  122.724 19.351  12.70  37287 16.5
2010-04-23  19:20:00  15 00 24.2  -06 24 57  +000938.9 +000000.7  20 27 34.8  122.642 19.300  14.98  37179 16.5
2010-04-23  19:30:00  15 10 52.3  -06 24 56  +000945.6 -000000.4  20 27 08.3  122.548 19.237  17.35  37063 16.5
2010-04-23  19:40:00  15 21 25.1  -06 25 06  +000952.8 -000001.5  20 26 37.2  122.439 19.159  19.79  36938 16.6
2010-04-23  19:50:00  15 32 02.8  -06 25 26  +000960.6 -000002.6  20 26 01.1  122.314 19.067  22.28  36806 16.6
2010-04-23  20:00:00  15 42 45.9  -06 25 59  +000968.9 -000003.8  20 25 19.6  122.173 18.959  24.81  36665 16.6
2010-04-23  20:10:00  15 53 34.8  -06 26 42  +000977.8 -000005.0  20 24 32.4  122.013 18.834  27.39  36517 16.6
2010-04-23  20:20:00  16 04 29.7  -06 27 38  +000987.2 -000006.1  20 23 39.1  121.835 18.691  30.00  36362 16.6
2010-04-23  20:30:00  16 15 31.2  -06 28 45  +000997.2 -000007.3  20 22 39.3  121.635 18.530  32.65  36200 16.6
2010-04-23  20:40:00  16 26 39.5  -06 30 05  +001007.8 -000008.5  20 21 32.7  121.415 18.349  35.33  36033 16.6
2010-04-23  20:50:00  16 37 55.0  -06 31 36  +001019.0 -000009.7  20 20 18.7  121.171 18.147  38.05  35859 16.6
2010-04-23  21:00:00  16 49 18.2  -06 33 19  +001030.7 -000010.9  20 18 57.2  120.904 17.923  40.80  35681 16.7
2010-04-23  21:10:00  17 00 49.4  -06 35 15  +001043.0 -000012.1  20 17 27.7  120.611 17.676  43.60  35497 16.7
2010-04-23  21:20:00  17 12 29.0  -06 37 22  +001055.8 -000013.4  20 15 49.7  120.293 17.406  46.42  35310 16.7
2010-04-23  21:30:00  17 24 17.3  -06 39 42  +001069.2 -000014.6  20 14 03.1  119.948 17.109  49.28  35119 16.7
2010-04-23  21:40:00  17 36 14.7  -06 42 14  +001083.1 -000015.8  20 12 07.3  119.575 16.787  52.18  34925 16.8
2010-04-23  21:50:00  17 48 21.5  -06 44 58  +001097.6 -000017.0  20 10 02.1  119.173 16.437  55.12  34728 16.8
2010-04-23  22:00:00  18 00 38.1  -06 47 53  +001112.5 -000018.1  20 07 47.1  118.742 16.059  58.10  34530 16.9
2010-04-23  22:10:00  18 13 04.9  -06 51 01  +001127.9 -000019.3  20 05 22.0  118.281 15.651  61.12  34331 16.9
2010-04-23  22:20:00  18 25 42.1  -06 54 19  +001143.8 -000020.4  20 02 46.4  117.788 15.213  64.17  34132 16.9
2010-04-23  22:30:00  18 38 30.1  -06 57 48  +001160.1 -000021.5  20 00 00.1  117.264 14.744  67.28  33934 17.0
2010-04-23  22:40:00  18 51 29.0  -07 01 28  +001176.7 -000022.5  19 57 02.8  116.709 14.242  70.42  33737 17.0
2010-04-23  22:50:00  19 04 39.1  -07 05 18  +001193.7 -000023.4  19 53 54.3  116.121 13.707  73.61  33542 17.1
2010-04-23  23:00:00  19 18 00.6  -07 09 17  +001210.9 -000024.3  19 50 34.5  115.501 13.138  76.84  33351 17.2
2010-04-23  23:10:00  19 31 33.7  -07 13 25  +001228.4 -000025.2  19 47 03.1  114.849 12.535  80.11  33163 17.2
2010-04-23  23:20:00  19 45 18.5  -07 17 40  +001246.0 -000025.9  19 43 19.9  114.164 11.896  83.42  32981 17.3
2010-04-23  23:30:00  19 59 15.1  -07 22 02  +001263.7 -000026.5  19 39 25.0  113.446 11.222  86.79  32804 17.4
2010-04-23  23:40:00  20 13 23.4  -07 26 31  +001281.4 -000027.0  19 35 18.3  112.697 10.513  90.18  32635 17.5

   Date        UTC        RA         DECL      RARate   DeclRate    HourAng      Az     Um    Phase  Range  Mag
2010-04-26  18:10:00  09 51 17.2  -07 52 10  +000988.9 +000027.6  00 38 19.9  191.623 35.063  65.17  34770 17.0
2010-04-26  18:20:00  10 02 13.2  -07 47 38  +000979.2 +000026.9  00 37 25.5  191.364 35.169  62.54  34931 17.0
2010-04-26  18:30:00  10 13 03.0  -07 43 13  +000970.2 +000026.2  00 36 37.4  191.135 35.269  59.93  35084 16.9
2010-04-26  18:40:00  10 23 47.1  -07 38 55  +000961.8 +000025.4  00 35 55.0  190.934 35.363  57.35  35229 16.9
2010-04-26  18:50:00  10 34 25.6  -07 34 45  +000953.9 +000024.7  00 35 18.1  190.760 35.452  54.78  35364 16.8
2010-04-26  19:00:00  10 44 59.1  -07 30 42  +000946.7 +000023.9  00 34 46.2  190.610 35.536  52.24  35491 16.8
2010-04-26  19:10:00  10 55 28.0  -07 26 48  +000940.0 +000023.0  00 34 19.0  190.484 35.615  49.71  35609 16.8
2010-04-26  19:20:00  11 05 52.6  -07 23 01  +000933.9 +000022.2  00 33 56.1  190.378 35.689  47.20  35718 16.8
2010-04-26  19:30:00  11 16 13.3  -07 19 24  +000928.3 +000021.3  00 33 37.0  190.291 35.759  44.71  35816 16.7
2010-04-26  19:40:00  11 26 30.5  -07 15 55  +000923.4 +000020.4  00 33 21.5  190.221 35.824  42.24  35905 16.7
2010-04-26  19:50:00  11 36 44.7  -07 12 36  +000919.0 +000019.5  00 33 08.9  190.166 35.886  39.77  35985 16.7
2010-04-26  20:00:00  11 46 56.0  -07 09 25  +000915.2 +000018.6  00 32 59.2  190.125 35.943  37.34  36054 16.7
2010-04-26  20:10:00  11 57 05.0  -07 06 24  +000911.9 +000017.7  00 32 51.9  190.095 35.997  34.90  36113 16.6
2010-04-26  20:20:00  12 07 11.9  -07 03 32  +000909.1 +000016.7  00 32 46.6  190.075 36.047  32.49  36162 16.6
2010-04-26  20:30:00  12 17 17.2  -07 00 50  +000906.9 +000015.7  00 32 42.9  190.063 36.094  30.08  36200 16.6
2010-04-26  20:40:00  12 27 21.2  -06 58 17  +000905.2 +000014.7  00 32 40.5  190.058 36.137  27.70  36228 16.6
2010-04-26  20:50:00  12 37 24.3  -06 55 55  +000904.1 +000013.7  00 32 39.1  190.056 36.177  25.33  36246 16.6
2010-04-26  21:00:00  12 47 26.9  -06 53 43  +000903.5 +000012.7  00 32 38.2  190.057 36.214  22.98  36253 16.5
2010-04-26  21:10:00  12 57 29.2  -06 51 41  +000903.5 +000011.7  00 32 37.5  190.059 36.248  20.65  36250 16.5
2010-04-26  21:20:00  13 07 31.6  -06 49 50  +000903.9 +000010.6  00 32 36.7  190.060 36.279  18.37  36236 16.5
2010-04-26  21:30:00  13 17 34.6  -06 48 09  +000905.0 +000009.5  00 32 35.4  190.057 36.307  16.12  36212 16.5
2010-04-26  21:40:00  13 27 38.3  -06 46 39  +000906.5 +000008.4  00 32 33.3  190.050 36.333  13.95  36177 16.5
2010-04-26  21:50:00  13 37 43.3  -06 45 20  +000908.6 +000007.3  00 32 29.9  190.036 36.356  11.87  36132 16.5
2010-04-26  22:00:00  13 47 49.9  -06 44 13  +000911.2 +000006.2  00 32 25.0  190.014 36.377   9.99  36076 16.5
2010-04-26  22:10:00  13 57 58.4  -06 43 17  +000914.4 +000005.0  00 32 18.1  189.981 36.396   8.40  36010 16.5
2010-04-26  22:20:00  14 08 09.3  -06 42 32  +000918.1 +000003.9  00 32 08.9  189.936 36.413   7.33  35934 16.4
2010-04-26  22:30:00  14 18 22.8  -06 41 60  +000922.4 +000002.7  00 31 57.1  189.877 36.428   7.02  35847 16.4
2010-04-26  22:40:00  14 28 39.3  -06 41 39  +000927.3 +000001.5  00 31 42.2  189.802 36.441   7.58  35751 16.4
2010-04-26  22:50:00  14 38 59.2  -06 41 31  +000932.7 +000000.2  00 31 23.9  189.709 36.452   8.86  35644 16.4
2010-04-26  23:00:00  14 49 23.0  -06 41 35  +000938.7 -000001.0  00 31 01.8  189.595 36.462  10.60  35528 16.4
2010-04-26  23:10:00  14 59 50.9  -06 41 52  +000945.2 -000002.3  00 30 35.5  189.460 36.470  12.64  35402 16.4
2010-04-26  23:20:00  15 10 23.4  -06 42 22  +000952.4 -000003.6  00 30 04.7  189.302 36.476  14.85  35268 16.4
2010-04-26  23:30:00  15 21 00.8  -06 43 05  +000960.1 -000005.0  00 29 28.9  189.117 36.480  17.19  35123 16.4
2010-04-26  23:40:00  15 31 43.6  -06 44 02  +000968.4 -000006.3  00 28 47.7  188.904 36.483  19.61  34970 16.4
2010-04-26  23:50:00  15 42 32.2  -06 45 12  +000977.4 -000007.7  00 28 00.8  188.662 36.484  22.11  34808 16.4
2010-04-27  00:00:00  15 53 26.9  -06 46 36  +000986.9 -000009.1  00 27 07.7  188.387 36.484  24.65  34638 16.4
2010-04-27  00:10:00  16 04 28.2  -06 48 15  +000997.1 -000010.5  00 26 08.1  188.078 36.481  27.25  34459 16.5
2010-04-27  00:20:00  16 15 36.5  -06 50 07  +001007.9 -000012.0  00 25 01.4  187.733 36.476  29.88  34273 16.5
2010-04-27  00:30:00  16 26 52.2  -06 52 15  +001019.3 -000013.5  00 23 47.4  187.350 36.469  32.57  34080 16.5
2010-04-27  00:40:00  16 38 15.7  -06 54 37  +001031.4 -000015.0  00 22 25.5  186.926 36.459  35.28  33880 16.5
2010-04-27  00:50:00  16 49 47.5  -06 57 14  +001044.1 -000016.5  00 20 55.3  186.459 36.445  38.05  33673 16.5
2010-04-27  01:00:00  17 01 28.0  -07 00 06  +001057.5 -000018.0  00 19 16.5  185.948 36.428  40.85  33460 16.5
2010-04-27  01:10:00  17 13 17.6  -07 03 14  +001071.5 -000019.5  00 17 28.5  185.390 36.407  43.70  33242 16.6
2010-04-27  01:20:00  17 25 16.8  -07 06 36  +001086.1 -000021.0  00 15 31.0  184.783 36.381  46.58  33018 16.6
2010-04-27  01:30:00  17 37 25.9  -07 10 14  +001101.4 -000022.5  00 13 23.5  184.125 36.349  49.51  32791 16.6
2010-04-27  01:40:00  17 49 45.3  -07 14 08  +001117.2 -000024.1  00 11 05.7  183.416 36.310  52.48  32559 16.6
2010-04-27  01:50:00  18 02 15.6  -07 18 16  +001133.7 -000025.6  00 08 37.1  182.651 36.264  55.50  32325 16.7

   Date        UTC        RA         DECL      RARate   DeclRate    HourAng      Az     Um    Phase  Range  Mag
2010-04-30  00:30:00  12 29 58.4  -06 26 51  +000907.1 +000011.9  04 32 30.8  249.461 10.019  30.28  38690 16.7
2010-04-30  00:40:00  12 40 02.8  -06 24 56  +000906.3 +000011.0  04 32 28.0  249.473 10.051  27.93  38693 16.7
2010-04-30  00:50:00  12 50 06.9  -06 23 11  +000905.9 +000010.0  04 32 25.6  249.484 10.079  25.60  38685 16.7
2010-04-30  01:00:00  13 00 10.9  -06 21 36  +000906.1 +000009.1  04 32 23.2  249.494 10.106  23.30  38666 16.7
2010-04-30  01:10:00  13 10 15.2  -06 20 10  +000906.7 +000008.1  04 32 20.6  249.502 10.131  21.02  38637 16.7
2010-04-30  01:20:00  13 20 20.0  -06 18 55  +000907.9 +000007.0  04 32 17.4  249.505 10.155  18.79  38598 16.6
2010-04-30  01:30:00  13 30 25.8  -06 17 50  +000909.5 +000006.0  04 32 13.3  249.504 10.180  16.62  38548 16.6
2010-04-30  01:40:00  13 40 32.8  -06 16 55  +000911.7 +000004.9  04 32 07.9  249.497 10.207  14.55  38487 16.6

   Date        UTC        RA         DECL      RARate   DeclRate    HourAng      Az     Um    Phase  Range  Mag
2010-04-30  18:10:00  11 46 58.3  -07 12 22  +000924.7 +000020.1  22 58 25.1  161.323 34.668  41.03  35933 16.7
2010-04-30  18:20:00  11 57 13.5  -07 09 07  +000920.7 +000019.1  22 58 11.6  161.242 34.708  38.60  36013 16.7
2010-04-30  18:30:00  12 07 26.0  -07 06 01  +000917.1 +000018.1  22 58 00.6  161.174 34.748  36.17  36083 16.6
2010-04-30  18:40:00  12 17 36.4  -07 03 04  +000914.2 +000017.2  22 57 51.9  161.118 34.788  33.77  36142 16.6
2010-04-30  18:50:00  12 27 45.0  -07 00 18  +000911.7 +000016.2  22 57 44.9  161.071 34.827  31.37  36191 16.6
2010-04-30  19:00:00  12 37 52.2  -06 57 41  +000909.8 +000015.2  22 57 39.4  161.032 34.864  29.01  36229 16.6
2010-04-30  19:10:00  12 47 58.2  -06 55 15  +000908.4 +000014.1  22 57 35.0  160.999 34.899  26.65  36257 16.6
2010-04-30  19:20:00  12 58 03.5  -06 52 59  +000907.6 +000013.1  22 57 31.3  160.971 34.933  24.33  36275 16.5
2010-04-30  19:30:00  13 08 08.5  -06 50 53  +000907.3 +000012.1  22 57 28.0  160.944 34.964  22.03  36283 16.5
2010-04-30  19:40:00  13 18 13.5  -06 48 58  +000907.5 +000011.0  22 57 24.7  160.919 34.992  19.78  36280 16.5
2010-04-30  19:50:00  13 28 18.7  -06 47 14  +000908.3 +000009.9  22 57 21.1  160.894 35.017  17.56  36266 16.5
2010-04-30  20:00:00  13 38 24.6  -06 45 40  +000909.6 +000008.8  22 57 16.8  160.865 35.038  15.44  36242 16.5
2010-04-30  20:10:00  13 48 31.6  -06 44 17  +000911.4 +000007.7  22 57 11.5  160.833 35.055  13.41  36208 16.5
2010-04-30  20:20:00  13 58 39.9  -06 43 05  +000913.7 +000006.6  22 57 04.8  160.794 35.068  11.57  36164 16.5
2010-04-30  20:30:00  14 08 50.0  -06 42 05  +000916.6 +000005.5  22 56 56.3  160.748 35.077   9.99  36110 16.5
2010-04-30  20:40:00  14 19 02.3  -06 41 16  +000920.1 +000004.3  22 56 45.7  160.692 35.080   8.84  36046 16.5
2010-04-30  20:50:00  14 29 16.9  -06 40 39  +000924.0 +000003.2  22 56 32.7  160.625 35.078   8.29  35972 16.4
2010-04-30  21:00:00  14 39 34.4  -06 40 13  +000928.6 +000002.0  22 56 16.9  160.545 35.069   8.48  35889 16.4
2010-04-30  21:10:00  14 49 55.1  -06 39 59  +000933.6 +000000.8  22 55 57.8  160.450 35.055   9.37  35795 16.4
2010-04-30  21:20:00  15 00 19.4  -06 39 58  +000939.3 -000000.4  22 55 35.2  160.339 35.033  10.80  35693 16.4
2010-04-30  21:30:00  15 10 47.6  -06 40 08  +000945.5 -000001.7  22 55 08.6  160.209 35.005  12.61  35581 16.4
2010-04-30  21:40:00  15 21 20.1  -06 40 31  +000952.2 -000002.9  22 54 37.7  160.059 34.968  14.64  35460 16.4
2010-04-30  21:50:00  15 31 57.4  -06 41 07  +000959.6 -000004.2  22 54 02.1  159.888 34.924  16.85  35331 16.4
2010-04-30  22:00:00  15 42 39.7  -06 41 56  +000967.5 -000005.5  22 53 21.5  159.693 34.870  19.17  35194 16.4
2010-04-30  22:10:00  15 53 27.5  -06 42 57  +000976.0 -000006.8  22 52 35.3  159.472 34.807  21.58  35048 16.5
2010-04-30  22:20:00  16 04 21.1  -06 44 12  +000985.1 -000008.1  22 51 43.3  159.224 34.735  24.05  34894 16.5
2010-04-30  22:30:00  16 15 21.0  -06 45 40  +000994.8 -000009.5  22 50 45.0  158.947 34.651  26.59  34733 16.5
2010-04-30  22:40:00  16 26 27.6  -06 47 21  +001005.1 -000010.8  22 49 40.1  158.640 34.556  29.17  34564 16.5
2010-04-30  22:50:00  16 37 41.2  -06 49 16  +001016.0 -000012.2  22 48 28.1  158.300 34.450  31.81  34389 16.5
2010-04-30  23:00:00  16 49 02.3  -06 51 25  +001027.4 -000013.6  22 47 08.7  157.927 34.330  34.48  34208 16.5
2010-04-30  23:10:00  17 00 31.2  -06 53 48  +001039.5 -000014.9  22 45 41.4  157.518 34.197  37.21  34021 16.5
2010-04-30  23:20:00  17 12 08.4  -06 56 24  +001052.2 -000016.3  22 44 05.9  157.072 34.049  39.97  33828 16.5
2010-04-30  23:30:00  17 23 54.3  -06 59 14  +001065.5 -000017.7  22 42 21.6  156.588 33.885  42.78  33630 16.6
2010-04-30  23:40:00  17 35 49.2  -07 02 18  +001079.4 -000019.1  22 40 28.3  156.064 33.706  45.62  33429 16.6
2010-04-30  23:50:00  17 47 53.6  -07 05 36  +001093.9 -000020.4  22 38 25.6  155.498 33.508  48.51  33223 16.6
2010-05-01  00:00:00  18 00 07.9  -07 09 07  +001109.0 -000021.8  22 36 13.0  154.891 33.292  51.44  33014 16.6
2010-05-01  00:10:00  18 12 32.3  -07 12 53  +001124.5 -000023.2  22 33 50.2  154.240 33.056  54.42  32803 16.7
2010-05-01  00:20:00  18 25 07.3  -07 16 51  +001140.7 -000024.5  22 31 16.9  153.545 32.799  57.43  32590 16.7
2010-05-01  00:30:00  18 37 53.3  -07 21 02  +001157.3 -000025.7  22 28 32.5  152.805 32.520  60.49  32376 16.8
2010-05-01  00:40:00  18 50 50.5  -07 25 25  +001174.5 -000026.9  22 25 36.9  152.020 32.217  63.59  32162 16.8
2010-05-01  00:50:00  19 03 59.3  -07 30 00  +001192.0 -000028.1  22 22 29.8  151.189 31.889  66.75  31949 16.8
2010-05-01  01:00:00  19 17 19.9  -07 34 47  +001210.0 -000029.2  22 19 10.8  150.312 31.535  69.94  31737 16.9
2010-05-01  01:10:00  19 30 52.6  -07 39 44  +001228.2 -000030.2  22 15 39.7  149.389 31.153  73.19  31528 17.0
2010-05-01  01:20:00  19 44 37.5  -07 44 51  +001246.7 -000031.1  22 11 56.5  148.422 30.742  76.46  31321 17.0
2010-05-01  01:30:00  19 58 34.9  -07 50 06  +001265.5 -000031.9  22 08 00.8  147.410 30.301  79.80  31119 17.1
2010-05-01  01:40:00  20 12 44.8  -07 55 29  +001284.4 -000032.6  22 03 52.5  146.354 29.828  83.17  30923 17.2
