ЭФЕМЕРИДЫ ПО ОБЪЕКТУ:  90148
Для пункта:  10016 Маяки   46 23'50.68"   30 16'17.74"    14m
C   2010-04-15 12:00
по  2010-05-01 12:00
Шаг  0:10:00
Мин.угол места:          10 град
Макс.угол места Солнца: -10 град
Стандартный блеск :      9.9 (зв.вел.)

ОБОЗНАЧЕНИЯ
RA        прямое восхождение, тек.эпоха
DECL      склонение, тек.эпоха
RARate    скорость по пр.восх., арксек/мин
DeclRate  скорость по склонению, арксек/мин
HourAng   часовой угол
Az        азимут
Um        угол места
Phase     фазовый угол
Range     дальность
Mag       зв.величина (оценка)

   Date        UTC        RA         DECL      RARate   DeclRate    HourAng      Az     Um    Phase  Range  Mag
2010-04-15  17:50:00  05 08 02.9  -03 05 34  +001149.2 -000083.9  04 18 08.8  248.888 14.892 125.41  34368 19.0
2010-04-15  18:00:00  05 20 54.4  -03 20 03  +001165.4 -000089.9  04 15 19.0  248.167 15.162 122.25  34099 18.8
2010-04-15  18:10:00  05 33 56.7  -03 35 32  +001181.5 -000095.8  04 12 18.3  247.398 15.444 119.03  33836 18.7
2010-04-15  18:20:00  05 47 09.8  -03 51 59  +001197.6 -000101.6  04 09 06.9  246.579 15.738 115.77  33579 18.5
2010-04-15  18:30:00  06 00 33.5  -04 09 24  +001213.5 -000107.3  04 05 44.9  245.712 16.045 112.45  33329 18.3
2010-04-15  18:40:00  06 14 07.7  -04 27 44  +001229.1 -000112.7  04 02 12.3  244.796 16.362 109.09  33088 18.2
2010-04-15  18:50:00  06 27 52.2  -04 46 57  +001244.4 -000117.8  03 58 29.4  243.833 16.688 105.67  32856 18.0
2010-04-15  19:00:00  06 41 46.9  -05 07 00  +001259.4 -000122.7  03 54 36.4  242.823 17.024 102.22  32634 17.9
2010-04-15  19:10:00  06 55 51.3  -05 27 49  +001273.8 -000127.1  03 50 33.6  241.767 17.368  98.72  32423 17.7
2010-04-15  19:20:00  07 10 05.1  -05 49 21  +001287.6 -000131.1  03 46 21.4  240.667 17.718  95.19  32224 17.6
2010-04-15  19:30:00  07 24 27.8  -06 11 29  +001300.7 -000134.6  03 42 00.3  239.526 18.073  91.60  32038 17.5
2010-04-15  19:40:00  07 38 59.1  -06 34 10  +001313.0 -000137.5  03 37 30.7  238.344 18.433  88.00  31866 17.4
2010-04-15  19:50:00  07 53 38.2  -06 57 17  +001324.4 -000139.8  03 32 53.2  237.124 18.795  84.35  31708 17.2
2010-04-15  20:00:00  08 08 24.7  -07 20 44  +001334.8 -000141.5  03 28 08.4  235.870 19.159  80.68  31566 17.1
2010-04-15  20:10:00  08 23 17.9  -07 44 25  +001344.2 -000142.4  03 23 16.9  234.584 19.523  76.97  31439 17.0
2010-04-15  20:20:00  08 38 16.8  -08 08 11  +001352.5 -000142.7  03 18 19.6  233.270 19.887  73.25  31328 16.9
2010-04-15  20:30:00  08 53 20.8  -08 31 56  +001359.5 -000142.2  03 13 17.2  231.931 20.247  69.51  31235 16.9
2010-04-15  20:40:00  09 08 29.1  -08 55 32  +001365.1 -000140.9  03 08 10.6  230.572 20.604  65.76  31159 16.8
2010-04-15  20:50:00  09 23 40.7  -09 18 51  +001369.5 -000138.8  03 03 00.6  229.197 20.957  61.99  31101 16.7
2010-04-15  21:00:00  09 38 54.7  -09 41 46  +001372.4 -000136.0  02 57 48.2  227.810 21.304  58.23  31061 16.6
2010-04-15  21:10:00  09 54 10.2  -10 04 09  +001373.8 -000132.4  02 52 34.4  226.416 21.644  54.45  31038 16.6
2010-04-15  21:20:00  10 09 26.3  -10 25 53  +001373.9 -000128.2  02 47 20.0  225.019 21.978  50.69  31034 16.5
2010-04-15  21:30:00  10 24 41.8  -10 46 50  +001372.4 -000123.2  02 42 06.1  223.625 22.304  46.93  31048 16.4
2010-04-15  21:40:00  10 39 55.8  -11 06 55  +001369.4 -000117.6  02 36 53.8  222.237 22.621  43.19  31079 16.4
2010-04-15  21:50:00  10 55 07.3  -11 26 02  +001365.0 -000111.5  02 31 43.9  220.862 22.930  39.45  31128 16.4
2010-04-15  22:00:00  11 10 15.4  -11 44 04  +001359.1 -000104.8  02 26 37.4  219.502 23.230  35.75  31193 16.3
2010-04-15  22:10:00  11 25 19.2  -12 00 57  +001351.9 -000097.7  02 21 35.3  218.162 23.522  32.06  31276 16.3
2010-04-15  22:20:00  11 40 17.7  -12 16 38  +001343.4 -000090.3  02 16 38.4  216.848 23.806  28.42  31374 16.3
2010-04-15  22:30:00  11 55 10.1  -12 31 03  +001333.6 -000082.5  02 11 47.6  215.561 24.081  24.80  31487 16.2
2010-04-15  22:40:00  12 09 55.6  -12 44 09  +001322.7 -000074.6  02 07 03.8  214.307 24.348  21.24  31616 16.2
2010-04-15  22:50:00  12 24 33.4  -12 55 54  +001310.6 -000066.4  02 02 27.6  213.089 24.608  17.72  31758 16.2
2010-04-15  23:00:00  12 39 02.9  -13 06 18  +001297.7 -000058.3  01 57 59.7  211.909 24.862  14.27  31913 16.2
2010-04-15  23:10:00  12 53 23.5  -13 15 19     <<SHADOW>>        01 53 40.9  210.770 25.109  10.92  32080 ----
2010-04-15  23:20:00  13 07 34.5  -13 22 59     <<SHADOW>>        01 49 31.5  209.676 25.350   7.73  32259 ----
2010-04-15  23:30:00  13 21 35.5  -13 29 18     <<SHADOW>>        01 45 32.1  208.627 25.587   4.96  32448 ----
2010-04-15  23:40:00  13 35 26.2  -13 34 16     <<SHADOW>>        01 41 43.1  207.626 25.819   3.57  32647 ----
2010-04-15  23:50:00  13 49 06.1  -13 37 57     <<SHADOW>>        01 38 04.8  206.674 26.047   4.83  32854 ----
2010-04-16  00:00:00  14 02 34.9  -13 40 22  +001204.9 -000010.7  01 34 37.6  205.772 26.272   7.44  33069 16.3
2010-04-16  00:10:00  14 15 52.6  -13 41 33  +001188.0 -000003.5  01 31 21.6  204.922 26.494  10.40  33291 16.3
2010-04-16  00:20:00  14 28 58.8  -13 41 33  +001170.8 +000003.4  01 28 17.0  204.123 26.714  13.44  33519 16.3
2010-04-16  00:30:00  14 41 53.6  -13 40 26  +001153.6 +000010.0  01 25 23.8  203.376 26.932  16.49  33752 16.3
2010-04-16  00:40:00  14 54 36.9  -13 38 14  +001136.3 +000016.3  01 22 42.2  202.682 27.149  19.52  33990 16.4
2010-04-16  00:50:00  15 07 08.7  -13 35 00  +001119.1 +000022.3  01 20 12.0  202.039 27.365  22.53  34230 16.4
2010-04-16  01:00:00  15 19 29.1  -13 30 49  +001102.0 +000028.0  01 17 53.3  201.449 27.580  25.49  34474 16.4
2010-04-16  01:10:00  15 31 38.1  -13 25 42  +001085.1 +000033.3  01 15 45.9  200.910 27.795  28.43  34719 16.5
2010-04-16  01:20:00  15 43 36.0  -13 19 44  +001068.4 +000038.3  01 13 49.7  200.422 28.009  31.32  34965 16.5
2010-04-16  01:30:00  15 55 22.8  -13 12 57  +001052.1 +000043.0  01 12 04.5  199.985 28.223  34.18  35212 16.6
2010-04-16  01:40:00  16 06 58.8  -13 05 26  +001036.0 +000047.3  01 10 30.1  199.597 28.437  36.99  35458 16.6
2010-04-16  01:50:00  16 18 24.2  -12 57 12  +001020.3 +000051.4  01 09 06.4  199.257 28.650  39.77  35703 16.7
2010-04-16  02:00:00  16 29 39.2  -12 48 20  +001004.9 +000055.1  01 07 53.0  198.965 28.863  42.50  35947 16.7
2010-04-16  02:10:00  16 40 44.2  -12 38 52  +000990.0 +000058.5  01 06 49.7  198.720 29.075  45.20  36189 16.8

   Date        UTC        RA         DECL      RARate   DeclRate    HourAng      Az     Um    Phase  Range  Mag
2010-04-16  17:50:00  08 57 01.4  -08 31 04  +001381.2 -000144.0  00 33 06.9  189.961 34.589  69.39  29970 16.8
2010-04-16  18:00:00  09 12 24.2  -08 54 59  +001386.8 -000142.7  00 27 45.7  188.313 34.339  65.58  29934 16.7
2010-04-16  18:10:00  09 27 50.2  -09 18 36  +001390.9 -000140.6  00 22 21.4  186.663 34.069  61.75  29917 16.6
2010-04-16  18:20:00  09 43 18.5  -09 41 48  +001393.5 -000137.7  00 16 54.8  185.016 33.778  57.93  29918 16.5
2010-04-16  18:30:00  09 58 47.9  -10 04 27  +001394.4 -000134.0  00 11 27.0  183.379 33.470  54.09  29938 16.5
2010-04-16  18:40:00  10 14 17.4  -10 26 26  +001393.8 -000129.6  00 05 59.1  181.758 33.146  50.28  29977 16.4
2010-04-16  18:50:00  10 29 46.0  -10 47 36  +001391.6 -000124.4  00 00 32.2  180.157 32.809  46.46  30035 16.4
2010-04-16  19:00:00  10 45 12.5  -11 07 53  +001387.8 -000118.7  23 55 07.3  178.582 32.461  42.67  30111 16.3
2010-04-16  19:10:00  11 00 36.1  -11 27 09  +001382.5 -000112.4  23 49 45.4  177.037 32.104  38.88  30204 16.3
2010-04-16  19:20:00  11 15 55.6  -11 45 20  +001375.7 -000105.6  23 44 27.5  175.526 31.743  35.14  30315 16.3
2010-04-16  19:30:00  11 31 10.2  -12 02 20  +001367.6 -000098.4  23 39 14.5  174.053 31.378  31.40  30442 16.2
2010-04-16  19:40:00  11 46 18.8  -12 18 06  +001358.0 -000090.8  23 34 07.6  172.621 31.014  27.72  30585 16.2
2010-04-16  19:50:00  12 01 20.6  -12 32 36  +001347.2 -000082.9  23 29 07.4  171.234 30.652  24.06  30743 16.2
2010-04-16  20:00:00  12 16 14.7  -12 45 45  +001335.2 -000074.9  23 24 14.9  169.893 30.297  20.46  30915 16.2
2010-04-16  20:10:00  12 31 00.6  -12 57 34  +001322.1 -000066.7  23 19 30.7  168.600 29.949  16.90  31101 16.2
2010-04-16  20:20:00  12 45 37.4  -13 07 60  +001308.1 -000058.5  23 14 55.6  167.356 29.612  13.42  31299 16.2
2010-04-16  20:30:00  13 00 04.6  -13 17 04  +001293.3 -000050.3  23 10 30.0  166.164 29.288  10.03  31508 16.2
2010-04-16  20:40:00  13 14 21.6  -13 24 47     <<SHADOW>>        23 06 14.6  165.023 28.979   6.84  31728 ----
2010-04-16  20:50:00  13 28 28.1  -13 31 09     <<SHADOW>>        23 02 09.8  163.934 28.687   4.16  31957 ----
2010-04-16  21:00:00  13 42 23.5  -13 36 12     <<SHADOW>>        22 58 16.0  162.898 28.413   3.37  32194 ----
2010-04-16  21:10:00  13 56 07.7  -13 39 57     <<SHADOW>>        22 54 33.5  161.914 28.158   5.30  32439 ----
2010-04-16  21:20:00  14 09 40.4  -13 42 27     <<SHADOW>>        22 51 02.4  160.981 27.925   8.14  32690 ----
2010-04-16  21:30:00  14 23 01.3  -13 43 45  +001192.6 -000004.3  22 47 43.1  160.101 27.713  11.20  32947 16.3
2010-04-16  21:40:00  14 36 10.5  -13 43 54  +001174.9 +000002.6  22 44 35.6  159.271 27.523  14.28  33209 16.3
2010-04-16  21:50:00  14 49 07.8  -13 42 56  +001157.1 +000009.1  22 41 39.9  158.492 27.357  17.37  33474 16.3
2010-04-16  22:00:00  15 01 53.3  -13 40 54  +001139.3 +000015.2  22 38 56.1  157.762 27.214  20.42  33741 16.4
2010-04-16  22:10:00  15 14 26.9  -13 37 52  +001121.7 +000021.1  22 36 24.1  157.081 27.095  23.44  34011 16.4
2010-04-16  22:20:00  15 26 48.9  -13 33 54  +001104.2 +000026.6  22 34 03.7  156.448 27.000  26.42  34282 16.4
2010-04-16  22:30:00  15 38 59.3  -13 29 02  +001087.0 +000031.8  22 31 55.0  155.861 26.928  29.37  34553 16.5
2010-04-16  22:40:00  15 50 58.3  -13 23 19  +001070.0 +000036.7  22 29 57.6  155.320 26.880  32.26  34823 16.5
2010-04-16  22:50:00  16 02 46.1  -13 16 49  +001053.4 +000041.2  22 28 11.5  154.823 26.854  35.13  35092 16.6
2010-04-16  23:00:00  16 14 22.8  -13 09 36  +001037.1 +000045.5  22 26 36.4  154.370 26.852  37.94  35360 16.6
2010-04-16  23:10:00  16 25 48.9  -13 01 41  +001021.1 +000049.4  22 25 12.0  153.960 26.872  40.73  35625 16.7
2010-04-16  23:20:00  16 37 04.5  -12 53 09  +001005.7 +000053.1  22 23 58.0  153.590 26.913  43.46  35887 16.7
2010-04-16  23:30:00  16 48 09.9  -12 44 01  +000990.6 +000056.4  22 22 54.3  153.260 26.975  46.17  36146 16.8
2010-04-16  23:40:00  16 59 05.4  -12 34 21  +000976.0 +000059.6  22 22 00.4  152.969 27.058  48.82  36400 16.8
2010-04-16  23:50:00  17 09 51.3  -12 24 11  +000961.8 +000062.4  22 21 16.1  152.716 27.160  51.45  36650 16.9
2010-04-17  00:00:00  17 20 28.0  -12 13 34  +000948.2 +000065.0  22 20 41.1  152.500 27.281  54.04  36895 16.9
2010-04-17  00:10:00  17 30 55.6  -12 02 32  +000934.9 +000067.4  22 20 15.1  152.320 27.421  56.60  37134 17.0
2010-04-17  00:20:00  17 41 14.6  -11 51 07  +000922.2 +000069.6  22 19 57.7  152.174 27.577  59.12  37367 17.0
2010-04-17  00:30:00  17 51 25.4  -11 39 21  +000910.0 +000071.5  22 19 48.6  152.062 27.750  61.62  37595 17.1
2010-04-17  00:40:00  18 01 28.1  -11 27 17  +000898.3 +000073.3  22 19 47.5  151.982 27.938  64.07  37815 17.2
2010-04-17  00:50:00  18 11 23.3  -11 14 56  +000887.1 +000074.9  22 19 54.0  151.933 28.141  66.51  38029 17.2
2010-04-17  01:00:00  18 21 11.1  -11 02 20  +000876.4 +000076.3  22 20 07.9  151.915 28.358  68.91  38235 17.3
2010-04-17  01:10:00  18 30 51.9  -10 49 31  +000866.1 +000077.5  22 20 28.7  151.926 28.588  71.29  38435 17.3
2010-04-17  01:20:00  18 40 25.9  -10 36 31  +000856.3 +000078.6  22 20 56.3  151.966 28.830  73.64  38626 17.4
2010-04-17  01:30:00  18 49 53.7  -10 23 20  +000847.0 +000079.6  22 21 30.2  152.033 29.083  75.97  38809 17.5
2010-04-17  01:40:00  18 59 15.4  -10 10 00  +000838.2 +000080.4  22 22 10.1  152.127 29.347  78.27  38985 17.5
2010-04-17  01:50:00  19 08 31.4  -09 56 33  +000829.9 +000081.1  22 22 55.7  152.246 29.620  80.56  39152 17.6
2010-04-17  02:00:00  19 17 42.0  -09 42 59  +000822.0 +000081.6  22 23 46.8  152.389 29.901  82.81  39311 17.7
2010-04-17  02:10:00  19 26 47.5  -09 29 21  +000814.6 +000082.1  22 24 42.9  152.557 30.191  85.06  39461 17.7

   Date        UTC        RA         DECL      RARate   DeclRate    HourAng      Az     Um    Phase  Range  Mag
2010-04-17  17:50:00  13 03 36.3  -12 33 33  +001279.8 -000050.7  20 30 28.6  126.944 14.681   9.73  32725 16.2
2010-04-17  18:00:00  13 17 44.5  -12 41 23  +001264.8 -000043.2  20 26 21.9  126.168 14.004   6.42  32978 16.3
2010-04-17  18:10:00  13 31 42.6  -12 47 58  +001249.2 -000035.8  20 22 25.6  125.423 13.363   3.44  33239 16.3
2010-04-17  18:20:00  13 45 30.0  -12 53 19     <<SHADOW>>        20 18 39.8  124.708 12.759   2.36  33508 ----
2010-04-17  18:30:00  13 59 06.6  -12 57 28     <<SHADOW>>        20 15 04.8  124.024 12.193   4.65  33783 ----
2010-04-17  18:40:00  14 12 32.2  -13 00 28     <<SHADOW>>        20 11 40.8  123.370 11.665   7.68  34063 ----
2010-04-17  18:50:00  14 25 46.6  -13 02 20     <<SHADOW>>        20 08 28.1  122.746 11.176  10.81  34347 ----
2010-04-17  19:00:00  14 38 49.8  -13 03 08     <<SHADOW>>        20 05 26.6  122.152 10.725  13.93  34635 ----
2010-04-17  19:10:00  14 51 41.6  -13 02 52  +001149.2 +000004.6  20 02 36.4  121.588 10.314  17.04  34926 16.4

   Date        UTC        RA         DECL      RARate   DeclRate    HourAng      Az     Um    Phase  Range  Mag
2010-04-17  23:10:00  19 11 03.6  -09 40 41  +000834.8 +000075.3  19 43 53.8  115.809 10.137  80.37  40925 17.7
2010-04-17  23:20:00  19 20 17.6  -09 28 05  +000827.1 +000075.9  19 44 41.5  115.829 10.424  82.64  41086 17.8
2010-04-17  23:30:00  19 29 26.5  -09 15 23  +000819.8 +000076.5  19 45 34.2  115.865 10.725  84.90  41239 17.8
2010-04-17  23:40:00  19 38 30.8  -09 02 35  +000813.0 +000077.0  19 46 31.6  115.916 11.039  87.12  41382 17.9
2010-04-17  23:50:00  19 47 30.6  -08 49 44  +000806.6 +000077.3  19 47 33.4  115.980 11.365  89.35  41515 18.0
2010-04-18  00:00:00  19 56 26.3  -08 36 49  +000800.6 +000077.6  19 48 39.3  116.059 11.703  91.54  41639 18.0
2010-04-18  00:10:00  20 05 18.1  -08 23 52  +000795.0 +000077.8  19 49 49.1  116.150 12.052  93.73  41753 18.1
2010-04-18  00:20:00  20 14 06.4  -08 10 54  +000789.8 +000077.9  19 51 02.5  116.253 12.410  95.90  41857 18.2
2010-04-18  00:30:00  20 22 51.3  -07 57 55  +000785.0 +000077.9  19 52 19.2  116.368 12.776  98.06  41951 18.3
2010-04-18  00:40:00  20 31 33.1  -07 44 56  +000780.6 +000077.8  19 53 39.1  116.494 13.151 100.20  42036 18.3
2010-04-18  00:50:00  20 40 12.2  -07 31 59  +000776.6 +000077.7  19 55 01.7  116.630 13.532 102.34  42110 18.4
2010-04-18  01:00:00  20 48 48.7  -07 19 03  +000773.0 +000077.5  19 56 26.8  116.776 13.920 104.45  42175 18.5
2010-04-18  01:10:00  20 57 23.0  -07 06 09  +000769.8 +000077.2  19 57 54.1  116.931 14.312 106.57  42230 18.6
2010-04-18  01:20:00  21 05 55.3  -06 53 19  +000767.0 +000076.9  19 59 23.5  117.094 14.709 108.67  42275 18.7
2010-04-18  01:30:00  21 14 25.8  -06 40 32  +000764.6 +000076.4  20 00 54.6  117.264 15.109 110.77  42309 18.8
2010-04-18  01:40:00  21 22 54.8  -06 27 50  +000762.5 +000076.0  20 02 27.3  117.442 15.513 112.85  42334 18.9
2010-04-18  01:50:00  21 31 22.5  -06 15 14  +000760.8 +000075.4  20 04 01.2  117.626 15.918 114.93  42349 19.0
2010-04-18  02:00:00  21 39 49.2  -06 02 42  +000759.5 +000074.8  20 05 36.2  117.816 16.324 117.00  42354 19.1

   Date        UTC        RA         DECL      RARate   DeclRate    HourAng      Az     Um    Phase  Range  Mag
2010-04-24  00:40:00  12 47 34.6  -12 42 37  +001272.9 -000048.7  04 01 17.0  239.386 10.008  19.13  33559 16.3
2010-04-24  00:50:00  13 01 38.3  -12 50 04  +001258.3 -000040.8  03 57 14.8  238.514 10.505  15.70  33726 16.3
2010-04-24  01:00:00  13 15 32.2  -12 56 14     <<SHADOW>>        03 53 22.6  237.684 10.990  12.32  33905 ----
2010-04-24  01:10:00  13 29 15.7  -13 01 06     <<SHADOW>>        03 49 40.8  236.896 11.461   8.98  34094 ----
2010-04-24  01:20:00  13 42 48.6  -13 04 42     <<SHADOW>>        03 46 09.5  236.153 11.919   5.69  34293 ----
2010-04-24  01:30:00  13 56 10.5  -13 07 06     <<SHADOW>>        03 42 49.2  235.456 12.362   2.45  34500 ----
2010-04-24  01:40:00  14 09 21.3  -13 08 18     <<SHADOW>>        03 39 40.1  234.804 12.792   0.85  34715 ----
2010-04-24  01:50:00  14 22 20.8  -13 08 22  +001160.8 +000003.0  03 36 42.2  234.198 13.207   3.95  34937 16.4

   Date        UTC        RA         DECL      RARate   DeclRate    HourAng      Az     Um    Phase  Range  Mag
2010-04-24  18:00:00  06 44 53.2  -05 18 16  +001289.9 -000127.0  03 26 49.2  236.840 21.015 109.05  31899 18.1
2010-04-24  18:10:00  06 59 18.3  -05 39 49  +001305.2 -000131.5  03 22 25.8  235.661 21.351 105.50  31688 17.9
2010-04-24  18:20:00  07 13 53.3  -06 02 04  +001319.8 -000135.5  03 17 52.4  234.432 21.689 101.91  31491 17.8
2010-04-24  18:30:00  07 28 37.8  -06 24 57  +001333.5 -000138.9  03 13 09.5  233.156 22.029  98.26  31308 17.6
2010-04-24  18:40:00  07 43 31.1  -06 48 20  +001346.3 -000141.7  03 08 17.8  231.836 22.369  94.59  31141 17.5
2010-04-24  18:50:00  07 58 32.8  -07 12 09  +001358.1 -000143.8  03 03 17.8  230.473 22.706  90.88  30990 17.4
2010-04-24  19:00:00  08 13 41.8  -07 36 14  +001368.7 -000145.2  02 58 10.5  229.074 23.041  87.14  30856 17.3
2010-04-24  19:10:00  08 28 57.4  -08 00 30  +001378.0 -000145.8  02 52 56.5  227.641 23.369  83.36  30740 17.2
2010-04-24  19:20:00  08 44 18.8  -08 24 48  +001385.9 -000145.6  02 47 36.8  226.178 23.692  79.57  30642 17.0
2010-04-24  19:30:00  08 59 44.9  -08 48 59  +001392.4 -000144.6  02 42 12.2  224.690 24.006  75.75  30564 16.9
2010-04-24  19:40:00  09 15 15.0  -09 12 57  +001397.4 -000142.8  02 36 43.9  223.183 24.312  71.93  30504 16.9
2010-04-24  19:50:00  09 30 47.7  -09 36 32  +001400.7 -000140.1  02 31 12.7  221.660 24.607  68.09  30464 16.8
2010-04-24  20:00:00  09 46 22.4  -09 59 37  +001402.6 -000136.6  02 25 39.7  220.128 24.891  64.26  30443 16.7
2010-04-24  20:10:00  10 01 57.5  -10 22 03  +001402.7 -000132.4  02 20 06.2  218.593 25.164  60.41  30442 16.6
2010-04-24  20:20:00  10 17 32.2  -10 43 42  +001401.1 -000127.4  02 14 33.2  217.059 25.425  56.59  30460 16.6
2010-04-24  20:30:00  10 33 05.3  -11 04 29  +001397.9 -000121.7  02 09 01.7  215.532 25.674  52.76  30498 16.5
2010-04-24  20:40:00  10 48 35.7  -11 24 15  +001393.0 -000115.5  02 03 33.0  214.018 25.911  48.96  30555 16.4
2010-04-24  20:50:00  11 04 02.3  -11 42 56  +001386.6 -000108.6  01 58 08.0  212.523 26.136  45.17  30630 16.4
2010-04-24  21:00:00  11 19 24.2  -12 00 27  +001378.7 -000101.3  01 52 47.8  211.050 26.350  41.41  30722 16.4
2010-04-24  21:10:00  11 34 40.3  -12 16 42  +001369.3 -000093.6  01 47 33.3  209.605 26.553  37.67  30833 16.3
2010-04-24  21:20:00  11 49 49.6  -12 31 39  +001358.5 -000085.6  01 42 25.6  208.194 26.746  33.98  30959 16.3
2010-04-24  21:30:00  12 04 51.3  -12 45 14  +001346.4 -000077.4  01 37 25.6  206.818 26.930  30.30  31102 16.3
2010-04-24  21:40:00  12 19 44.6  -12 57 26  +001333.2 -000069.0  01 32 34.0  205.484 27.106  26.68  31259 16.2
2010-04-24  21:50:00  12 34 28.6  -13 08 14  +001318.9 -000060.5  01 27 51.5  204.193 27.275  23.09  31430 16.2
2010-04-24  22:00:00  12 49 02.9  -13 17 38  +001303.7 -000052.1  01 23 18.9  202.949 27.439  19.55  31615 16.2
2010-04-24  22:10:00  13 03 26.7  -13 25 37  +001287.6 -000043.7  01 18 56.8  201.755 27.597  16.05  31811 16.2
2010-04-24  22:20:00  13 17 39.6  -13 32 12  +001270.9 -000035.4  01 14 45.5  200.612 27.752  12.61  32018 16.2
2010-04-24  22:30:00  13 31 41.1  -13 37 26  +001253.6 -000027.3  01 10 45.6  199.522 27.904   9.20  32236 16.2
2010-04-24  22:40:00  13 45 30.9  -13 41 19     <<SHADOW>>        01 06 57.5  198.487 28.054   5.86  32462 ----
2010-04-24  22:50:00  13 59 08.8  -13 43 55     <<SHADOW>>        01 03 21.3  197.508 28.204   2.60  32697 ----
2010-04-24  23:00:00  14 12 34.4  -13 45 17     <<SHADOW>>        00 59 57.2  196.586 28.353   1.00  32938 ----
2010-04-24  23:10:00  14 25 47.8  -13 45 26     <<SHADOW>>        00 56 45.5  195.720 28.504   4.01  33186 ----
2010-04-24  23:20:00  14 38 48.8  -13 44 27  +001162.2 +000009.3  00 53 46.1  194.912 28.657   7.14  33438 16.3
2010-04-24  23:30:00  14 51 37.4  -13 42 22  +001143.6 +000015.6  00 50 59.2  194.161 28.811  10.24  33695 16.3
2010-04-24  23:40:00  15 04 13.7  -13 39 15  +001125.2 +000021.7  00 48 24.6  193.466 28.968  13.29  33955 16.3
2010-04-24  23:50:00  15 16 37.7  -13 35 10  +001106.9 +000027.3  00 46 02.2  192.828 29.129  16.30  34217 16.4
2010-04-25  00:00:00  15 28 49.7  -13 30 10  +001088.9 +000032.7  00 43 51.9  192.245 29.292  19.25  34481 16.4
2010-04-25  00:10:00  15 40 49.7  -13 24 18  +001071.2 +000037.6  00 41 53.5  191.717 29.459  22.17  34746 16.4
2010-04-25  00:20:00  15 52 38.0  -13 17 38  +001053.8 +000042.3  00 40 06.8  191.243 29.630  25.03  35011 16.5
2010-04-25  00:30:00  16 04 14.8  -13 10 14  +001036.7 +000046.6  00 38 31.7  190.822 29.805  27.86  35275 16.5
2010-04-25  00:40:00  16 15 40.3  -13 02 08  +001020.1 +000050.6  00 37 07.7  190.453 29.983  30.63  35538 16.6
2010-04-25  00:50:00  16 26 55.0  -12 53 23  +001003.9 +000054.3  00 35 54.7  190.134 30.165  33.37  35799 16.6
2010-04-25  01:00:00  16 37 59.0  -12 44 03  +000988.2 +000057.7  00 34 52.4  189.865 30.351  36.06  36057 16.6
2010-04-25  01:10:00  16 48 52.7  -12 34 11  +000973.0 +000060.8  00 34 00.3  189.644 30.540  38.72  36312 16.7
2010-04-25  01:20:00  16 59 36.4  -12 23 49  +000958.2 +000063.6  00 33 18.2  189.470 30.731  41.33  36564 16.7
2010-04-25  01:30:00  17 10 10.5  -12 12 59  +000944.0 +000066.2  00 32 45.8  189.342 30.926  43.92  36811 16.8
2010-04-25  01:40:00  17 20 35.3  -12 01 45  +000930.3 +000068.6  00 32 22.7  189.257 31.123  46.46  37054 16.8
2010-04-25  01:50:00  17 30 51.0  -11 50 08  +000917.1 +000070.7  00 32 08.6  189.216 31.321  48.97  37292 16.9

   Date        UTC        RA         DECL      RARate   DeclRate    HourAng      Az     Um    Phase  Range  Mag
2010-04-25  18:00:00  10 54 34.7  -11 17 31  +001406.1 -000114.8  23 21 04.3  168.770 31.653  48.32  29944 16.4
2010-04-25  18:10:00  11 10 09.8  -11 36 05  +001398.7 -000107.9  23 15 30.8  167.245 31.148  44.49  30067 16.3
2010-04-25  18:20:00  11 25 39.4  -11 53 28  +001389.8 -000100.6  23 10 02.8  165.763 30.642  40.70  30208 16.3
2010-04-25  18:30:00  11 41 02.5  -12 09 36  +001379.3 -000092.9  23 04 41.4  164.326 30.139  36.94  30365 16.3
2010-04-25  18:40:00  11 56 18.2  -12 24 26  +001367.5 -000084.9  22 59 27.3  162.937 29.643  33.21  30539 16.2
2010-04-25  18:50:00  12 11 25.6  -12 37 55  +001354.5 -000076.8  22 54 21.5  161.599 29.156  29.52  30728 16.2
2010-04-25  19:00:00  12 26 24.0  -12 50 01  +001340.4 -000068.5  22 49 24.8  160.311 28.681  25.87  30931 16.2
2010-04-25  19:10:00  12 41 12.6  -13 00 45  +001325.2 -000060.2  22 44 37.9  159.076 28.222  22.26  31147 16.2
2010-04-25  19:20:00  12 55 50.8  -13 10 05  +001309.1 -000051.8  22 40 01.3  157.895 27.780  18.71  31375 16.2
2010-04-25  19:30:00  13 10 18.0  -13 18 02  +001292.3 -000043.6  22 35 35.7  156.766 27.358  15.19  31614 16.2
2010-04-25  19:40:00  13 24 33.8  -13 24 38  +001274.9 -000035.5  22 31 21.6  155.692 26.959  11.73  31863 16.2
2010-04-25  19:50:00  13 38 37.7  -13 29 54  +001256.9 -000027.6  22 27 19.3  154.671 26.583   8.31  32120 16.2
2010-04-25  20:00:00  13 52 29.6  -13 33 52  +001238.6 -000020.0  22 23 29.0  153.704 26.232   4.95  32386 16.2
2010-04-25  20:10:00  14 06 09.1  -13 36 34     <<SHADOW>>        22 19 51.2  152.789 25.907   1.65  32657 ----
2010-04-25  20:20:00  14 19 36.2  -13 38 04     <<SHADOW>>        22 16 25.7  151.926 25.610   1.65  32935 ----
2010-04-25  20:30:00  14 32 50.7  -13 38 24     <<SHADOW>>        22 13 12.9  151.114 25.340   4.86  33217 ----
2010-04-25  20:40:00  14 45 52.6  -13 37 37     <<SHADOW>>        22 10 12.7  150.352 25.099   8.01  33502 ----
2010-04-25  20:50:00  14 58 41.9  -13 35 48  +001144.6 +000014.0  22 07 25.0  149.640 24.887  11.12  33790 16.3
2010-04-25  21:00:00  15 11 18.7  -13 32 58  +001125.9 +000019.9  22 04 49.8  148.976 24.703  14.18  34080 16.4
2010-04-25  21:10:00  15 23 43.2  -13 29 12  +001107.5 +000025.3  22 02 27.0  148.359 24.548  17.19  34370 16.4
2010-04-25  21:20:00  15 35 55.4  -13 24 32  +001089.3 +000030.5  22 00 16.4  147.788 24.421  20.15  34661 16.4
2010-04-25  21:30:00  15 47 55.7  -13 19 03  +001071.5 +000035.3  21 58 17.7  147.261 24.323  23.07  34950 16.5
2010-04-25  21:40:00  15 59 44.2  -13 12 48  +001054.0 +000039.8  21 56 30.9  146.778 24.252  25.93  35239 16.5
2010-04-25  21:50:00  16 11 21.2  -13 05 49  +001037.0 +000044.0  21 54 55.6  146.338 24.208  28.76  35524 16.5
2010-04-25  22:00:00  16 22 46.9  -12 58 10  +001020.3 +000047.8  21 53 31.4  145.939 24.191  31.53  35807 16.6
2010-04-25  22:10:00  16 34 01.8  -12 49 53  +001004.2 +000051.4  21 52 18.3  145.580 24.199  34.28  36087 16.6
2010-04-25  22:20:00  16 45 06.0  -12 41 02  +000988.5 +000054.7  21 51 15.7  145.260 24.232  36.96  36362 16.7
2010-04-25  22:30:00  16 55 59.9  -12 31 40  +000973.3 +000057.8  21 50 23.4  144.977 24.289  39.63  36633 16.7
2010-04-25  22:40:00  17 06 43.8  -12 21 48  +000958.6 +000060.5  21 49 41.1  144.731 24.369  42.23  36899 16.8
2010-04-25  22:50:00  17 17 18.1  -12 11 30  +000944.4 +000063.1  21 49 08.5  144.521 24.472  44.82  37159 16.8
2010-04-25  23:00:00  17 27 43.1  -12 00 47  +000930.7 +000065.4  21 48 45.1  144.345 24.595  47.36  37413 16.9
2010-04-25  23:10:00  17 37 59.2  -11 49 42  +000917.6 +000067.5  21 48 30.7  144.202 24.739  49.87  37660 16.9
2010-04-25  23:20:00  17 48 06.7  -11 38 18  +000905.0 +000069.4  21 48 24.9  144.092 24.903  52.34  37901 17.0
2010-04-25  23:30:00  17 58 05.9  -11 26 35  +000892.9 +000071.1  21 48 27.3  144.013 25.085  54.79  38135 17.0
2010-04-25  23:40:00  18 07 57.2  -11 14 35  +000881.3 +000072.7  21 48 37.5  143.964 25.284  57.19  38361 17.1
2010-04-25  23:50:00  18 17 41.0  -11 02 22  +000870.2 +000074.1  21 48 55.4  143.944 25.500  59.58  38579 17.1
2010-04-26  00:00:00  18 27 17.6  -10 49 55  +000859.6 +000075.3  21 49 20.5  143.953 25.731  61.93  38790 17.2
2010-04-26  00:10:00  18 36 47.3  -10 37 17  +000849.5 +000076.3  21 49 52.5  143.988 25.977  64.26  38992 17.2
2010-04-26  00:20:00  18 46 10.4  -10 24 29  +000840.0 +000077.3  21 50 30.9  144.051 26.236  66.56  39186 17.3
2010-04-26  00:30:00  18 55 27.4  -10 11 33  +000830.9 +000078.1  21 51 15.7  144.138 26.508  68.84  39371 17.3
2010-04-26  00:40:00  19 04 38.4  -09 58 29  +000822.3 +000078.7  21 52 06.2  144.250 26.792  71.09  39547 17.4
2010-04-26  00:50:00  19 13 43.9  -09 45 18  +000814.2 +000079.3  21 53 02.4  144.386 27.086  73.33  39714 17.5
2010-04-26  01:00:00  19 22 44.1  -09 32 03  +000806.6 +000079.8  21 54 03.8  144.544 27.391  75.54  39872 17.5
2010-04-26  01:10:00  19 31 39.4  -09 18 44  +000799.3 +000080.1  21 55 10.2  144.724 27.704  77.74  40021 17.6
2010-04-26  01:20:00  19 40 30.0  -09 05 21  +000792.6 +000080.4  21 56 21.2  144.925 28.026  79.91  40160 17.6
2010-04-26  01:30:00  19 49 16.3  -08 51 57  +000786.3 +000080.5  21 57 36.6  145.146 28.355  82.07  40290 17.7
2010-04-26  01:40:00  19 57 58.5  -08 38 31  +000780.5 +000080.6  21 58 56.0  145.386 28.690  84.20  40410 17.8
2010-04-26  01:50:00  20 06 37.0  -08 25 05  +000775.1 +000080.6  22 00 19.1  145.645 29.031  86.34  40521 17.8

   Date        UTC        RA         DECL      RARate   DeclRate    HourAng      Az     Um    Phase  Range  Mag
2010-04-27  00:10:00  20 59 26.3  -06 56 58  +000758.7 +000074.7  19 31 10.0  111.577 10.229  98.50  42987 18.3
2010-04-27  00:20:00  21 07 51.3  -06 44 34  +000756.2 +000074.3  19 32 46.7  111.752 10.645 100.55  43026 18.4
2010-04-27  00:30:00  21 16 14.6  -06 32 13  +000753.9 +000073.9  19 34 25.0  111.933 11.064 102.62  43054 18.5
2010-04-27  00:40:00  21 24 36.5  -06 19 56  +000752.1 +000073.4  19 36 04.7  112.121 11.487 104.66  43072 18.6
2010-04-27  00:50:00  21 32 57.4  -06 07 45  +000750.6 +000072.9  19 37 45.4  112.315 11.910 106.71  43079 18.6
2010-04-27  01:00:00  21 41 17.5  -05 55 39  +000749.5 +000072.3  19 39 27.0  112.513 12.335 108.74  43076 18.7
2010-04-27  01:10:00  21 49 36.9  -05 43 40  +000748.8 +000071.6  19 41 09.2  112.715 12.760 110.78  43063 18.8
2010-04-27  01:20:00  21 57 56.0  -05 31 47  +000748.5 +000070.9  19 42 51.8  112.921 13.184 112.80  43040 18.9
2010-04-27  01:30:00  22 06 15.0  -05 20 01  +000748.5 +000070.2  19 44 34.5  113.130 13.606 114.83  43007 19.0
2010-04-27  01:40:00  22 14 34.1  -05 08 24  +000748.9 +000069.3  19 46 17.0  113.341 14.026 116.85  42963 19.1
2010-04-27  01:50:00  22 22 53.6  -04 56 55  +000749.7 +000068.4  19 47 59.1  113.554 14.443 118.87  42910 19.2
