ЭФЕМЕРИДЫ ПО ОБЪЕКТУ:  90146
Для пункта:  10016 Маяки   46 23'50.68"   30 16'17.74"    14m
C   2010-04-15 12:00
по  2010-05-01 12:00
Шаг  0:10:00
Мин.угол места:          10 град
Макс.угол места Солнца: -10 град
Стандартный блеск :      8.5 (зв.вел.)

ОБОЗНАЧЕНИЯ
RA        прямое восхождение, тек.эпоха
DECL      склонение, тек.эпоха
RARate    скорость по пр.восх., арксек/мин
DeclRate  скорость по склонению, арксек/мин
HourAng   часовой угол
Az        азимут
Um        угол места
Phase     фазовый угол
Range     дальность
Mag       зв.величина (оценка)

   Date        UTC        RA         DECL      RARate   DeclRate    HourAng      Az     Um    Phase  Range  Mag
2010-04-17  17:50:00  04 30 57.0  +01 12 11  +000944.2 -000048.3  05 03 07.9  260.434 10.635 137.13  39690 18.7
2010-04-17  18:00:00  04 41 25.4  +01 03 40  +000941.1 -000053.9  05 02 41.1  260.253 10.606 134.57  39747 18.5
2010-04-17  18:10:00  04 51 51.8  +00 54 14  +000938.0 -000059.3  05 02 16.3  260.067 10.561 132.00  39806 18.3
2010-04-17  18:20:00  05 02 16.1  +00 43 56  +000934.8 -000064.5  05 01 53.7  259.878 10.499 129.44  39868 18.2
2010-04-17  18:30:00  05 12 38.2  +00 32 46  +000931.6 -000069.5  05 01 33.2  259.686 10.420 126.87  39931 18.0
2010-04-17  18:40:00  05 22 58.2  +00 20 47  +000928.3 -000074.3  05 01 14.9  259.491 10.325 124.32  39996 17.9
2010-04-17  18:50:00  05 33 16.0  +00 08 00  +000925.0 -000078.9  05 00 58.7  259.294 10.215 121.76  40063 17.8
2010-04-17  19:00:00  05 43 31.6  -00 05 31  +000921.7 -000083.3  05 00 44.8  259.095 10.088 119.22  40132 17.6

   Date        UTC        RA         DECL      RARate   DeclRate    HourAng      Az     Um    Phase  Range  Mag
2010-04-18  17:50:00  05 01 43.6  +00 45 51  +000935.5 -000064.5  04 36 17.8  255.048 14.830 130.41  39405 18.2
2010-04-18  18:00:00  05 12 06.2  +00 34 40  +000932.3 -000069.6  04 35 56.8  254.852 14.749 127.86  39468 18.1
2010-04-18  18:10:00  05 22 26.6  +00 22 39  +000929.0 -000074.5  04 35 38.0  254.654 14.652 125.29  39533 17.9
2010-04-18  18:20:00  05 32 44.8  +00 09 51  +000925.6 -000079.2  04 35 21.5  254.454 14.538 122.75  39600 17.8
2010-04-18  18:30:00  05 43 00.8  -00 03 44  +000922.3 -000083.7  04 35 07.2  254.253 14.409 120.20  39669 17.7
2010-04-18  18:40:00  05 53 14.6  -00 18 03  +000918.9 -000088.0  04 34 55.1  254.051 14.264 117.66  39739 17.5
2010-04-18  18:50:00  06 03 26.1  -00 33 03  +000915.6 -000092.0  04 34 45.2  253.848 14.104 115.12  39810 17.4
2010-04-18  19:00:00  06 13 35.4  -00 48 43  +000912.3 -000095.9  04 34 37.5  253.645 13.929 112.60  39883 17.3
2010-04-18  19:10:00  06 23 42.5  -01 04 60  +000909.0 -000099.5  04 34 32.1  253.443 13.741 110.07  39956 17.2
2010-04-18  19:20:00  06 33 47.4  -01 21 51  +000905.7 -000102.8  04 34 28.8  253.241 13.539 107.56  40031 17.1
2010-04-18  19:30:00  06 43 50.1  -01 39 16  +000902.6 -000106.0  04 34 27.7  253.041 13.324 105.04  40106 17.0
2010-04-18  19:40:00  06 53 50.8  -01 57 10  +000899.4 -000108.9  04 34 28.7  252.842 13.097 102.54  40181 16.9
2010-04-18  19:50:00  07 03 49.4  -02 15 33  +000896.4 -000111.6  04 34 31.7  252.644 12.858 100.04  40257 16.8
2010-04-18  20:00:00  07 13 46.0  -02 34 21  +000893.4 -000114.0  04 34 36.8  252.449 12.608  97.56  40334 16.8
2010-04-18  20:10:00  07 23 40.6  -02 53 33  +000890.5 -000116.2  04 34 43.8  252.256 12.348  95.07  40410 16.7
2010-04-18  20:20:00  07 33 33.4  -03 13 05  +000887.7 -000118.2  04 34 52.7  252.065 12.079  92.60  40486 16.6
2010-04-18  20:30:00  07 43 24.3  -03 32 55  +000885.0 -000119.9  04 35 03.4  251.878 11.800  90.12  40562 16.5
2010-04-18  20:40:00  07 53 13.4  -03 53 02  +000882.5 -000121.4  04 35 15.9  251.693 11.513  87.66  40638 16.5
2010-04-18  20:50:00  08 03 00.9  -04 13 23  +000880.0 -000122.7  04 35 30.0  251.511 11.219  85.20  40713 16.4
2010-04-18  21:00:00  08 12 46.8  -04 33 55  +000877.7 -000123.7  04 35 45.8  251.333 10.917  82.76  40787 16.3
2010-04-18  21:10:00  08 22 31.3  -04 54 37  +000875.5 -000124.5  04 36 03.0  251.158 10.610  80.31  40861 16.3
2010-04-18  21:20:00  08 32 14.2  -05 15 25  +000873.5 -000125.1  04 36 21.7  250.986 10.297  77.88  40933 16.2

   Date        UTC        RA         DECL      RARate   DeclRate    HourAng      Az     Um    Phase  Range  Mag
2010-04-19  17:50:00  05 32 31.5  +00 11 40  +000926.2 -000079.5  04 09 26.4  249.365 18.808 123.65  39157 17.8
2010-04-19  18:00:00  05 42 47.8  -00 01 57  +000922.8 -000084.0  04 09 11.8  249.161 18.674 121.11  39225 17.7
2010-04-19  18:10:00  05 53 01.9  -00 16 19  +000919.4 -000088.4  04 08 59.3  248.957 18.524 118.57  39295 17.6
2010-04-19  18:20:00  06 03 13.7  -00 31 24  +000916.0 -000092.5  04 08 49.2  248.752 18.359 116.04  39367 17.4
2010-04-19  18:30:00  06 13 23.3  -00 47 09  +000912.7 -000096.4  04 08 41.3  248.548 18.179 113.50  39439 17.3
2010-04-19  18:40:00  06 23 30.6  -01 03 31  +000909.3 -000100.1  04 08 35.6  248.345 17.985 110.99  39513 17.2
2010-04-19  18:50:00  06 33 35.8  -01 20 29  +000906.1 -000103.5  04 08 32.1  248.142 17.777 108.46  39587 17.1
2010-04-19  19:00:00  06 43 38.7  -01 38 00  +000902.8 -000106.7  04 08 30.7  247.942 17.556 105.96  39662 17.0
2010-04-19  19:10:00  06 53 39.5  -01 56 03  +000899.7 -000109.7  04 08 31.6  247.743 17.323 103.45  39738 16.9
2010-04-19  19:20:00  07 03 38.3  -02 14 33  +000896.6 -000112.4  04 08 34.5  247.547 17.077 100.96  39814 16.9
2010-04-19  19:30:00  07 13 35.0  -02 33 30  +000893.6 -000114.9  04 08 39.4  247.353 16.821  98.46  39890 16.8
2010-04-19  19:40:00  07 23 29.7  -02 52 51  +000890.6 -000117.2  04 08 46.3  247.162 16.554  95.99  39966 16.7
2010-04-19  19:50:00  07 33 22.5  -03 12 32  +000887.8 -000119.2  04 08 55.2  246.974 16.277  93.51  40042 16.6
2010-04-19  20:00:00  07 43 13.5  -03 32 33  +000885.1 -000120.9  04 09 05.8  246.789 15.992  91.04  40118 16.5
2010-04-19  20:10:00  07 53 02.7  -03 52 51  +000882.5 -000122.5  04 09 18.3  246.607 15.697  88.57  40194 16.5
2010-04-19  20:20:00  08 02 50.2  -04 13 22  +000880.0 -000123.8  04 09 32.4  246.429 15.396  86.13  40269 16.4
2010-04-19  20:30:00  08 12 36.1  -04 34 06  +000877.7 -000124.9  04 09 48.2  246.255 15.087  83.67  40344 16.3
2010-04-19  20:40:00  08 22 20.4  -04 54 59  +000875.4 -000125.7  04 10 05.5  246.084 14.772  81.23  40417 16.3
2010-04-19  20:50:00  08 32 03.3  -05 15 60  +000873.3 -000126.4  04 10 24.2  245.918 14.451  78.79  40490 16.2
2010-04-19  21:00:00  08 41 44.9  -05 37 06  +000871.4 -000126.8  04 10 44.3  245.755 14.126  76.37  40561 16.2
2010-04-19  21:10:00  08 51 25.2  -05 58 14  +000869.6 -000126.9  04 11 05.6  245.596 13.797  73.94  40631 16.1
2010-04-19  21:20:00  09 01 04.3  -06 19 24  +000867.9 -000126.9  04 11 28.1  245.442 13.465  71.53  40700 16.1
2010-04-19  21:30:00  09 10 42.4  -06 40 32  +000866.4 -000126.6  04 11 51.7  245.291 13.130  69.11  40768 16.0
2010-04-19  21:40:00  09 20 19.5  -07 01 36  +000865.0 -000126.2  04 12 16.2  245.145 12.794  66.71  40833 16.0
2010-04-19  21:50:00  09 29 55.8  -07 22 35  +000863.8 -000125.5  04 12 41.6  245.002 12.456  64.30  40897 15.9
2010-04-19  22:00:00  09 39 31.3  -07 43 26  +000862.7 -000124.6  04 13 07.8  244.864 12.118  61.91  40959 15.9
2010-04-19  22:10:00  09 49 06.1  -08 04 07  +000861.8 -000123.6  04 13 34.6  244.730 11.781  59.51  41019 15.9
2010-04-19  22:20:00  09 58 40.3  -08 24 36  +000861.0 -000122.3  04 14 02.0  244.600 11.444  57.13  41077 15.8
2010-04-19  22:30:00  10 08 14.1  -08 44 52  +000860.4 -000120.8  04 14 29.8  244.474 11.110  54.75  41132 15.8
2010-04-19  22:40:00  10 17 47.6  -09 04 52  +000859.9 -000119.1  04 14 58.0  244.352 10.778  52.37  41185 15.7
2010-04-19  22:50:00  10 27 20.7  -09 24 34  +000859.6 -000117.3  04 15 26.5  244.234 10.449  50.00  41236 15.7
2010-04-19  23:00:00  10 36 53.7  -09 43 58  +000859.4 -000115.3  04 15 55.2  244.120 10.124  47.63  41284 15.7

   Date        UTC        RA         DECL      RARate   DeclRate    HourAng      Az     Um    Phase  Range  Mag
2010-04-20  18:00:00  06 13 28.6  -00 45 34  +000913.0 -000096.9  03 42 27.6  243.132 22.325 114.35  39021 17.4
2010-04-20  18:10:00  06 23 36.2  -01 02 01  +000909.6 -000100.6  03 42 21.6  242.929 22.123 111.82  39095 17.2
2010-04-20  18:20:00  06 33 41.5  -01 19 05  +000906.3 -000104.1  03 42 18.0  242.727 21.908 109.31  39169 17.1
2010-04-20  18:30:00  06 43 44.6  -01 36 42  +000903.1 -000107.4  03 42 16.5  242.528 21.680 106.80  39244 17.0
2010-04-20  18:40:00  06 53 45.6  -01 54 52  +000899.9 -000110.4  03 42 17.2  242.332 21.439 104.30  39319 17.0
2010-04-20  18:50:00  07 03 44.4  -02 13 30  +000896.7 -000113.2  03 42 20.0  242.138 21.186 101.80  39395 16.9
2010-04-20  19:00:00  07 13 41.2  -02 32 34  +000893.7 -000115.7  03 42 24.8  241.947 20.921  99.32  39472 16.8
2010-04-20  19:10:00  07 23 36.0  -02 52 03  +000890.7 -000118.0  03 42 31.7  241.760 20.646  96.83  39548 16.7
2010-04-20  19:20:00  07 33 28.9  -03 11 54  +000887.9 -000120.1  03 42 40.4  241.577 20.361  94.36  39624 16.6
2010-04-20  19:30:00  07 43 19.8  -03 32 05  +000885.1 -000121.9  03 42 51.1  241.397 20.067  91.88  39700 16.6
2010-04-20  19:40:00  07 53 09.0  -03 52 32  +000882.5 -000123.5  03 43 03.6  241.221 19.765  89.43  39776 16.5
2010-04-20  19:50:00  08 02 56.5  -04 13 14  +000880.0 -000124.9  03 43 17.7  241.049 19.455  86.97  39851 16.4
2010-04-20  20:00:00  08 12 42.3  -04 34 09  +000877.6 -000126.0  03 43 33.5  240.881 19.137  84.52  39925 16.4
2010-04-20  20:10:00  08 22 26.6  -04 55 13  +000875.3 -000126.9  03 43 50.9  240.717 18.814  82.08  39999 16.3
2010-04-20  20:20:00  08 32 09.4  -05 16 25  +000873.2 -000127.5  03 44 09.7  240.558 18.485  79.65  40071 16.2
2010-04-20  20:30:00  08 41 50.9  -05 37 43  +000871.2 -000128.0  03 44 29.9  240.403 18.151  77.21  40143 16.2
2010-04-20  20:40:00  08 51 31.1  -05 59 04  +000869.4 -000128.2  03 44 51.4  240.252 17.814  74.79  40213 16.1
2010-04-20  20:50:00  09 01 10.1  -06 20 26  +000867.7 -000128.2  03 45 14.0  240.106 17.473  72.37  40282 16.1
2010-04-20  21:00:00  09 10 48.0  -06 41 46  +000866.1 -000127.9  03 45 37.7  239.964 17.130  69.97  40350 16.0
2010-04-20  21:10:00  09 20 24.9  -07 03 04  +000864.7 -000127.5  03 46 02.4  239.826 16.785  67.55  40415 16.0
2010-04-20  21:20:00  09 30 01.0  -07 24 16  +000863.5 -000126.8  03 46 28.0  239.693 16.439  65.16  40479 15.9
2010-04-20  21:30:00  09 39 36.3  -07 45 20  +000862.4 -000126.0  03 46 54.4  239.564 16.092  62.76  40541 15.9
2010-04-20  21:40:00  09 49 10.9  -08 06 15  +000861.4 -000124.9  03 47 21.4  239.440 15.746  60.37  40601 15.8
2010-04-20  21:50:00  09 58 44.9  -08 26 58  +000860.7 -000123.7  03 47 49.1  239.319 15.402  57.98  40659 15.8
2010-04-20  22:00:00  10 08 18.4  -08 47 27  +000860.0 -000122.2  03 48 17.2  239.203 15.059  55.61  40715 15.8
2010-04-20  22:10:00  10 17 51.6  -09 07 41  +000859.5 -000120.5  03 48 45.6  239.091 14.719  53.22  40768 15.7
2010-04-20  22:20:00  10 27 24.5  -09 27 38  +000859.2 -000118.7  03 49 14.4  238.983 14.382  50.86  40819 15.7
2010-04-20  22:30:00  10 36 57.2  -09 47 15  +000859.0 -000116.7  03 49 43.3  238.879 14.049  48.48  40868 15.7
2010-04-20  22:40:00  10 46 29.8  -10 06 31  +000858.9 -000114.5  03 50 12.3  238.779 13.721  46.12  40913 15.6
2010-04-20  22:50:00  10 56 02.5  -10 25 24  +000859.0 -000112.1  03 50 41.3  238.683 13.397  43.76  40956 15.6
2010-04-20  23:00:00  11 05 35.2  -10 43 52  +000859.2 -000109.5  03 51 10.2  238.591 13.080  41.40  40996 15.6
2010-04-20  23:10:00  11 15 08.2  -11 01 54  +000859.6 -000106.8  03 51 38.9  238.503 12.769  39.04  41034 15.6
2010-04-20  23:20:00  11 24 41.4  -11 19 28  +000860.1 -000103.9  03 52 07.3  238.419 12.465  36.69  41068 15.5
2010-04-20  23:30:00  11 34 15.0  -11 36 31  +000860.7 -000100.8  03 52 35.4  238.338 12.169  34.34  41099 15.5
2010-04-20  23:40:00  11 43 49.0  -11 53 04  +000861.4 -000097.6  03 53 03.0  238.261 11.881  31.99  41127 15.5
2010-04-20  23:50:00  11 53 23.6  -12 09 03  +000862.3 -000094.2  03 53 30.1  238.188 11.601  29.64  41152 15.5
2010-04-21  00:00:00  12 02 58.8  -12 24 28  +000863.3 -000090.7  03 53 56.5  238.119 11.331  27.31  41174 15.4
2010-04-21  00:10:00  12 12 34.6  -12 39 17  +000864.3 -000087.0  03 54 22.3  238.054 11.070  24.96  41192 15.4
2010-04-21  00:20:00  12 22 11.2  -12 53 28  +000865.5 -000083.2  03 54 47.4  237.992 10.820  22.63  41207 15.4
2010-04-21  00:30:00  12 31 48.6  -13 07 01  +000866.8 -000079.2  03 55 11.6  237.934 10.581  20.29  41219 15.4
2010-04-21  00:40:00  12 41 26.9  -13 19 53  +000868.1 -000075.1  03 55 35.0  237.881 10.352  17.96  41227 15.4
2010-04-21  00:50:00  12 51 06.1  -13 32 03  +000869.5 -000070.9  03 55 57.4  237.831 10.135  15.64  41232 15.4

   Date        UTC        RA         DECL      RARate   DeclRate    HourAng      Az     Um    Phase  Range  Mag
2010-04-21  18:00:00  06 44 07.2  -01 35 21  +000903.2 -000108.0  03 15 45.5  236.727 25.642 107.58  38857 17.1
2010-04-21  18:10:00  06 54 08.3  -01 53 37  +000900.0 -000111.0  03 15 46.1  236.535 25.392 105.07  38932 17.0
2010-04-21  18:20:00  07 04 07.2  -02 12 21  +000896.8 -000113.9  03 15 48.8  236.346 25.130 102.58  39008 16.9
2010-04-21  18:30:00  07 14 04.1  -02 31 33  +000893.8 -000116.5  03 15 53.6  236.162 24.856 100.09  39084 16.8
2010-04-21  18:40:00  07 23 58.9  -02 51 10  +000890.8 -000118.8  03 16 00.4  235.981 24.572  97.61  39161 16.7
2010-04-21  18:50:00  07 33 51.8  -03 11 09  +000887.9 -000120.9  03 16 09.1  235.805 24.278  95.13  39237 16.6
2010-04-21  19:00:00  07 43 42.8  -03 31 28  +000885.1 -000122.8  03 16 19.8  235.633 23.975  92.67  39313 16.6
2010-04-21  19:10:00  07 53 31.9  -03 52 05  +000882.4 -000124.5  03 16 32.3  235.466 23.663  90.20  39388 16.5
2010-04-21  19:20:00  08 03 19.4  -04 12 57  +000879.9 -000125.8  03 16 46.5  235.303 23.343  87.75  39463 16.4
2010-04-21  19:30:00  08 13 05.1  -04 34 01  +000877.5 -000127.0  03 17 02.4  235.145 23.017  85.30  39538 16.4
2010-04-21  19:40:00  08 22 49.3  -04 55 16  +000875.2 -000127.9  03 17 19.8  234.991 22.684  82.86  39611 16.3
2010-04-21  19:50:00  08 32 32.1  -05 16 39  +000873.0 -000128.6  03 17 38.7  234.843 22.346  80.42  39684 16.2
2010-04-21  20:00:00  08 42 13.4  -05 38 08  +000871.0 -000129.1  03 17 59.0  234.699 22.003  78.00  39755 16.2
2010-04-21  20:10:00  08 51 53.4  -05 59 40  +000869.1 -000129.3  03 18 20.6  234.560 21.656  75.57  39825 16.1
2010-04-21  20:20:00  09 01 32.3  -06 21 14  +000867.4 -000129.4  03 18 43.4  234.426 21.306  73.16  39894 16.1
2010-04-21  20:30:00  09 11 10.0  -06 42 47  +000865.9 -000129.2  03 19 07.3  234.296 20.954  70.74  39962 16.0
2010-04-21  20:40:00  09 20 46.8  -07 04 16  +000864.4 -000128.7  03 19 32.2  234.171 20.600  68.35  40027 16.0
2010-04-21  20:50:00  09 30 22.7  -07 25 40  +000863.2 -000128.1  03 19 58.0  234.051 20.245  65.94  40091 15.9
2010-04-21  21:00:00  09 39 57.7  -07 46 58  +000862.1 -000127.3  03 20 24.6  233.935 19.890  63.55  40154 15.9
2010-04-21  21:10:00  09 49 32.1  -08 08 05  +000861.1 -000126.2  03 20 51.8  233.823 19.536  61.16  40214 15.8
2010-04-21  21:20:00  09 59 05.9  -08 29 01  +000860.3 -000125.0  03 21 19.7  233.716 19.183  58.78  40272 15.8
2010-04-21  21:30:00  10 08 39.2  -08 49 44  +000859.6 -000123.5  03 21 48.0  233.613 18.832  56.39  40328 15.8
2010-04-21  21:40:00  10 18 12.1  -09 10 11  +000859.1 -000121.9  03 22 16.7  233.514 18.483  54.02  40381 15.7
2010-04-21  21:50:00  10 27 44.8  -09 30 21  +000858.8 -000120.1  03 22 45.7  233.419 18.138  51.64  40432 15.7
2010-04-21  22:00:00  10 37 17.2  -09 50 12  +000858.6 -000118.0  03 23 14.9  233.328 17.797  49.28  40481 15.7
2010-04-21  22:10:00  10 46 49.6  -10 09 42  +000858.5 -000115.8  03 23 44.2  233.241 17.461  46.91  40526 15.6
2010-04-21  22:20:00  10 56 21.9  -10 28 48  +000858.6 -000113.5  03 24 13.5  233.158 17.130  44.55  40570 15.6
2010-04-21  22:30:00  11 05 54.4  -10 47 30  +000858.8 -000110.9  03 24 42.7  233.078 16.805  42.19  40610 15.6
2010-04-21  22:40:00  11 15 27.0  -11 05 46  +000859.2 -000108.2  03 25 11.7  233.003 16.486  39.84  40647 15.5
2010-04-21  22:50:00  11 24 60.0  -11 23 33  +000859.7 -000105.3  03 25 40.4  232.930 16.175  37.48  40682 15.5
2010-04-21  23:00:00  11 34 33.2  -11 40 50  +000860.3 -000102.2  03 26 08.8  232.862 15.872  35.14  40713 15.5
2010-04-21  23:10:00  11 44 07.0  -11 57 36  +000861.0 -000099.0  03 26 36.7  232.797 15.577  32.78  40742 15.5
2010-04-21  23:20:00  11 53 41.2  -12 13 49  +000861.8 -000095.6  03 27 04.0  232.735 15.290  30.45  40767 15.5
2010-04-21  23:30:00  12 03 16.1  -12 29 27  +000862.8 -000092.0  03 27 30.8  232.677 15.014  28.10  40789 15.4
2010-04-21  23:40:00  12 12 51.7  -12 44 29  +000863.9 -000088.3  03 27 56.9  232.622 14.747  25.76  40807 15.4
2010-04-21  23:50:00  12 22 28.0  -12 58 54  +000865.0 -000084.5  03 28 22.2  232.570 14.490  23.42  40823 15.4
2010-04-22  00:00:00  12 32 05.1  -13 12 39  +000866.3 -000080.5  03 28 46.8  232.522 14.245  21.09  40835 15.4
2010-04-22  00:10:00  12 41 43.1  -13 25 44  +000867.7 -000076.4  03 29 10.4  232.478 14.010  18.75  40844 15.4
2010-04-22  00:20:00  12 51 22.0  -13 38 07  +000869.1 -000072.2  03 29 33.2  232.437 13.788  16.43  40849 15.4
2010-04-22  00:30:00  13 01 01.9  -13 49 47  +000870.6 -000067.8  03 29 54.9  232.399 13.578  14.10  40851 15.3
2010-04-22  00:40:00  13 10 42.8  -14 00 43  +000872.2 -000063.3  03 30 15.6  232.365 13.380  11.80  40849 15.3
2010-04-22  00:50:00  13 20 24.9  -14 10 53     <<SHADOW>>        03 30 35.2  232.334 13.195   9.51  40844 ----
2010-04-22  01:00:00  13 30 08.0  -14 20 16     <<SHADOW>>        03 30 53.7  232.307 13.024   7.28  40836 ----
2010-04-22  01:10:00  13 39 52.4  -14 28 52     <<SHADOW>>        03 31 11.0  232.283 12.866   5.14  40824 ----
2010-04-22  01:20:00  13 49 37.9  -14 36 39     <<SHADOW>>        03 31 27.1  232.263 12.723   3.33  40808 ----
2010-04-22  01:30:00  13 59 24.6  -14 43 35     <<SHADOW>>        03 31 42.0  232.247 12.593   2.62  40790 ----
2010-04-22  01:40:00  14 09 12.6  -14 49 42     <<SHADOW>>        03 31 55.7  232.235 12.478   3.73  40767 ----
2010-04-22  01:50:00  14 19 01.9  -14 54 56  +000884.9 -000028.8  03 32 08.0  232.227 12.378   5.68  40742 15.3
2010-04-22  02:00:00  14 28 52.5  -14 59 18  +000886.8 -000023.6  03 32 19.1  232.222 12.293   7.86  40713 15.3

   Date        UTC        RA         DECL      RARate   DeclRate    HourAng      Az     Um    Phase  Range  Mag
2010-04-22  18:00:00  07 14 42.7  -02 30 25  +000893.8 -000117.1  02 49 06.6  229.925 28.562 100.80  38734 16.8
2010-04-22  18:10:00  07 24 37.5  -02 50 09  +000890.8 -000119.5  02 49 13.4  229.755 28.268  98.32  38810 16.7
2010-04-22  18:20:00  07 34 30.4  -03 10 15  +000887.9 -000121.7  02 49 22.2  229.590 27.963  95.85  38886 16.6
2010-04-22  18:30:00  07 44 21.3  -03 30 42  +000885.0 -000123.6  02 49 32.9  229.431 27.650  93.38  38962 16.6
2010-04-22  18:40:00  07 54 10.5  -03 51 27  +000882.3 -000125.3  02 49 45.4  229.276 27.328  90.92  39037 16.5
2010-04-22  18:50:00  08 03 57.8  -04 12 27  +000879.8 -000126.7  02 49 59.7  229.127 26.999  88.46  39112 16.4
2010-04-22  19:00:00  08 13 43.5  -04 33 41  +000877.3 -000127.9  02 50 15.6  228.983 26.663  86.02  39186 16.4
2010-04-22  19:10:00  08 23 27.7  -04 55 05  +000875.0 -000128.9  02 50 33.1  228.845 26.320  83.58  39259 16.3
2010-04-22  19:20:00  08 33 10.3  -05 16 38  +000872.8 -000129.6  02 50 52.1  228.711 25.973  81.15  39332 16.2
2010-04-22  19:30:00  08 42 51.5  -05 38 17  +000870.8 -000130.1  02 51 12.6  228.583 25.620  78.71  39403 16.2
2010-04-22  19:40:00  08 52 31.4  -05 59 60  +000868.9 -000130.4  02 51 34.3  228.460 25.264  76.30  39473 16.1
2010-04-22  19:50:00  09 02 10.1  -06 21 44  +000867.2 -000130.5  02 51 57.3  228.343 24.905  73.88  39542 16.1
2010-04-22  20:00:00  09 11 47.7  -06 43 28  +000865.6 -000130.3  02 52 21.3  228.230 24.544  71.47  39609 16.0
2010-04-22  20:10:00  09 21 24.3  -07 05 09  +000864.2 -000129.9  02 52 46.4  228.122 24.181  69.06  39675 16.0
2010-04-22  20:20:00  09 30 59.9  -07 26 45  +000862.9 -000129.3  02 53 12.3  228.018 23.817  66.67  39739 15.9
2010-04-22  20:30:00  09 40 34.8  -07 48 14  +000861.8 -000128.5  02 53 39.1  227.920 23.454  64.27  39801 15.9
2010-04-22  20:40:00  09 50 09.0  -08 09 34  +000860.8 -000127.4  02 54 06.6  227.826 23.091  61.89  39861 15.8
2010-04-22  20:50:00  09 59 42.6  -08 30 43  +000860.0 -000126.2  02 54 34.6  227.736 22.729  59.50  39919 15.8
2010-04-22  21:00:00  10 09 15.6  -08 51 38  +000859.3 -000124.8  02 55 03.2  227.650 22.370  57.12  39975 15.8
2010-04-22  21:10:00  10 18 48.3  -09 12 18  +000858.8 -000123.2  02 55 32.2  227.568 22.013  54.74  40028 15.7
2010-04-22  21:20:00  10 28 20.7  -09 32 40  +000858.4 -000121.3  02 56 01.4  227.491 21.660  52.38  40079 15.7
2010-04-22  21:30:00  10 37 52.9  -09 52 44  +000858.2 -000119.3  02 56 30.9  227.417 21.312  50.00  40128 15.6
2010-04-22  21:40:00  10 47 25.0  -10 12 26  +000858.1 -000117.1  02 57 00.4  227.347 20.968  47.65  40174 15.6
2010-04-22  21:50:00  10 56 57.1  -10 31 46  +000858.2 -000114.8  02 57 30.0  227.280 20.629  45.28  40217 15.6
2010-04-22  22:00:00  11 06 29.3  -10 50 41  +000858.4 -000112.2  02 57 59.4  227.217 20.297  42.93  40258 15.6
2010-04-22  22:10:00  11 16 01.7  -11 09 09  +000858.8 -000109.5  02 58 28.7  227.157 19.971  40.57  40295 15.5
2010-04-22  22:20:00  11 25 34.3  -11 27 10  +000859.2 -000106.6  02 58 57.6  227.101 19.653  38.22  40330 15.5
2010-04-22  22:30:00  11 35 07.4  -11 44 40  +000859.8 -000103.5  02 59 26.3  227.047 19.343  35.87  40361 15.5
2010-04-22  22:40:00  11 44 40.8  -12 01 39  +000860.6 -000100.3  02 59 54.5  226.997 19.041  33.53  40390 15.5
2010-04-22  22:50:00  11 54 14.8  -12 18 05  +000861.4 -000096.9  03 00 22.1  226.950 18.749  31.17  40415 15.4
2010-04-22  23:00:00  12 03 49.4  -12 33 56  +000862.4 -000093.3  03 00 49.1  226.906 18.465  28.84  40437 15.4
2010-04-22  23:10:00  12 13 24.7  -12 49 11  +000863.5 -000089.6  03 01 15.5  226.864 18.192  26.49  40456 15.4
2010-04-22  23:20:00  12 23 00.7  -13 03 48  +000864.6 -000085.8  03 01 41.1  226.826 17.930  24.16  40472 15.4
2010-04-22  23:30:00  12 32 37.6  -13 17 46  +000865.9 -000081.8  03 02 05.9  226.790 17.679  21.81  40484 15.4
2010-04-22  23:40:00  12 42 15.3  -13 31 03  +000867.3 -000077.6  03 02 29.9  226.757 17.439  19.49  40493 15.4
2010-04-22  23:50:00  12 51 53.9  -13 43 38  +000868.7 -000073.4  03 02 52.8  226.727 17.211  17.15  40499 15.3
2010-04-23  00:00:00  13 01 33.6  -13 55 30  +000870.2 -000069.0  03 03 14.8  226.699 16.996  14.83  40501 15.3
2010-04-23  00:10:00  13 11 14.3  -14 06 38  +000871.8 -000064.5  03 03 35.8  226.675 16.794  12.51  40500 15.3
2010-04-23  00:20:00  13 20 56.0  -14 16 60     <<SHADOW>>        03 03 55.7  226.653 16.604  10.21  40495 ----
2010-04-23  00:30:00  13 30 39.0  -14 26 34     <<SHADOW>>        03 04 14.4  226.635 16.428   7.94  40487 ----
2010-04-23  00:40:00  13 40 23.0  -14 35 21     <<SHADOW>>        03 04 31.9  226.619 16.267   5.74  40475 ----
2010-04-23  00:50:00  13 50 08.3  -14 43 19     <<SHADOW>>        03 04 48.3  226.606 16.119   3.73  40460 ----
2010-04-23  01:00:00  13 59 54.8  -14 50 26     <<SHADOW>>        03 05 03.4  226.596 15.986   2.47  40442 ----
2010-04-23  01:10:00  14 09 42.6  -14 56 43     <<SHADOW>>        03 05 17.3  226.589 15.867   3.08  40420 ----
2010-04-23  01:20:00  14 19 31.7  -15 02 07  +000884.6 -000029.8  03 05 29.9  226.586 15.764   4.90  40395 15.3
2010-04-23  01:30:00  14 29 22.1  -15 06 39  +000886.5 -000024.5  03 05 41.1  226.585 15.676   7.07  40367 15.3
2010-04-23  01:40:00  14 39 13.8  -15 10 17  +000888.5 -000019.1  03 05 51.1  226.588 15.603   9.34  40335 15.3
2010-04-23  01:50:00  14 49 06.8  -15 13 02  +000890.5 -000013.7  03 05 59.7  226.594 15.547  11.66  40300 15.3
2010-04-23  02:00:00  14 59 01.1  -15 14 51  +000892.5 -000008.2  03 06 07.0  226.604 15.505  14.00  40262 15.3

   Date        UTC        RA         DECL      RARate   DeclRate    HourAng      Az     Um    Phase  Range  Mag
2010-04-23  18:00:00  07 45 14.3  -03 29 44  +000885.0 -000124.3  02 22 31.5  222.728 31.020  94.04  38652 16.6
2010-04-23  18:10:00  07 55 03.4  -03 50 36  +000882.3 -000126.0  02 22 44.1  222.592 30.689  91.58  38727 16.5
2010-04-23  18:20:00  08 04 50.7  -04 11 44  +000879.7 -000127.5  02 22 58.4  222.462 30.350  89.13  38802 16.4
2010-04-23  18:30:00  08 14 36.3  -04 33 05  +000877.2 -000128.8  02 23 14.4  222.339 30.004  86.68  38876 16.4
2010-04-23  18:40:00  08 24 20.4  -04 54 38  +000874.9 -000129.8  02 23 32.1  222.221 29.652  84.24  38949 16.3
2010-04-23  18:50:00  08 34 02.9  -05 16 19  +000872.7 -000130.5  02 23 51.2  222.108 29.295  81.81  39021 16.2
2010-04-23  19:00:00  08 43 44.0  -05 38 08  +000870.6 -000131.1  02 24 11.7  222.002 28.933  79.38  39092 16.2
2010-04-23  19:10:00  08 53 23.7  -05 59 60  +000868.7 -000131.4  02 24 33.6  221.901 28.568  76.96  39162 16.1
2010-04-23  19:20:00  09 03 02.3  -06 21 54  +000867.0 -000131.4  02 24 56.7  221.805 28.200  74.55  39231 16.1
2010-04-23  19:30:00  09 12 39.7  -06 43 48  +000865.4 -000131.3  02 25 20.9  221.714 27.830  72.13  39298 16.0
2010-04-23  19:40:00  09 22 16.1  -07 05 39  +000863.9 -000130.9  02 25 46.1  221.629 27.459  69.74  39363 16.0
2010-04-23  19:50:00  09 31 51.6  -07 27 26  +000862.6 -000130.4  02 26 12.3  221.548 27.087  67.33  39427 15.9
2010-04-23  20:00:00  09 41 26.3  -07 49 06  +000861.5 -000129.6  02 26 39.2  221.472 26.715  64.94  39489 15.9
2010-04-23  20:10:00  09 51 00.3  -08 10 37  +000860.5 -000128.6  02 27 06.9  221.401 26.345  62.55  39549 15.8
2010-04-23  20:20:00  10 00 33.7  -08 31 57  +000859.7 -000127.4  02 27 35.2  221.334 25.975  60.17  39607 15.8
2010-04-23  20:30:00  10 10 06.5  -08 53 03  +000859.0 -000125.9  02 28 03.9  221.271 25.609  57.79  39662 15.7
2010-04-23  20:40:00  10 19 39.0  -09 13 55  +000858.5 -000124.3  02 28 33.1  221.211 25.245  55.42  39716 15.7
2010-04-23  20:50:00  10 29 11.2  -09 34 29  +000858.1 -000122.5  02 29 02.6  221.156 24.885  53.04  39766 15.7
2010-04-23  21:00:00  10 38 43.2  -09 54 45  +000857.9 -000120.5  02 29 32.2  221.104 24.529  50.68  39815 15.6
2010-04-23  21:10:00  10 48 15.0  -10 14 39  +000857.8 -000118.3  02 30 02.0  221.055 24.178  48.31  39861 15.6
2010-04-23  21:20:00  10 57 46.9  -10 34 11  +000857.9 -000116.0  02 30 31.8  221.010 23.833  45.96  39904 15.6
2010-04-23  21:30:00  11 07 18.9  -10 53 18  +000858.1 -000113.4  02 31 01.5  220.967 23.494  43.60  39944 15.6
2010-04-23  21:40:00  11 16 51.0  -11 11 59  +000858.4 -000110.7  02 31 31.0  220.928 23.162  41.25  39982 15.5
2010-04-23  21:50:00  11 26 23.4  -11 30 11  +000858.9 -000107.8  02 32 00.2  220.891 22.838  38.89  40016 15.5
2010-04-23  22:00:00  11 35 56.2  -11 47 54  +000859.5 -000104.7  02 32 29.1  220.857 22.521  36.55  40048 15.5
2010-04-23  22:10:00  11 45 29.4  -12 05 05  +000860.2 -000101.5  02 32 57.5  220.825 22.214  34.20  40077 15.4
2010-04-23  22:20:00  11 55 03.2  -12 21 44  +000861.1 -000098.1  02 33 25.4  220.796 21.915  31.86  40102 15.4
2010-04-23  22:30:00  12 04 37.5  -12 37 47  +000862.0 -000094.5  02 33 52.6  220.769 21.627  29.51  40124 15.4
2010-04-23  22:40:00  12 14 12.6  -12 53 14  +000863.1 -000090.8  02 34 19.3  220.744 21.348  27.17  40144 15.4
2010-04-23  22:50:00  12 23 48.4  -13 08 03  +000864.3 -000087.0  02 34 45.1  220.722 21.081  24.83  40159 15.4
2010-04-23  23:00:00  12 33 25.0  -13 22 13  +000865.6 -000083.0  02 35 10.1  220.702 20.825  22.50  40172 15.4
2010-04-23  23:10:00  12 43 02.5  -13 35 42  +000866.9 -000078.8  02 35 34.3  220.683 20.580  20.15  40181 15.3
2010-04-23  23:20:00  12 52 40.9  -13 48 29  +000868.4 -000074.6  02 35 57.5  220.667 20.348  17.83  40187 15.3
2010-04-23  23:30:00  13 02 20.3  -14 00 33  +000869.9 -000070.1  02 36 19.7  220.653 20.128  15.49  40189 15.3
2010-04-23  23:40:00  13 12 00.8  -14 11 52  +000871.5 -000065.6  02 36 40.9  220.640 19.921  13.17  40188 15.3
2010-04-23  23:50:00  13 21 42.4  -14 22 25  +000873.2 -000061.0  02 37 01.0  220.630 19.728  10.86  40184 15.3
2010-04-24  00:00:00  13 31 25.1  -14 32 11     <<SHADOW>>        02 37 19.9  220.622 19.548   8.57  40176 ----
2010-04-24  00:10:00  13 41 08.9  -14 41 09     <<SHADOW>>        02 37 37.7  220.616 19.383   6.32  40165 ----
2010-04-24  00:20:00  13 50 54.0  -14 49 17     <<SHADOW>>        02 37 54.2  220.611 19.231   4.20  40150 ----
2010-04-24  00:30:00  14 00 40.3  -14 56 35     <<SHADOW>>        02 38 09.5  220.609 19.095   2.53  40132 ----
2010-04-24  00:40:00  14 10 28.0  -15 03 02     <<SHADOW>>        02 38 23.6  220.610 18.974   2.52  40110 ----
2010-04-24  00:50:00  14 20 16.8  -15 08 36  +000884.3 -000030.8  02 38 36.3  220.612 18.868   4.19  40086 15.3
2010-04-24  01:00:00  14 30 07.1  -15 13 17  +000886.3 -000025.4  02 38 47.8  220.617 18.777   6.32  40058 15.3
2010-04-24  01:10:00  14 39 58.6  -15 17 05  +000888.3 -000020.0  02 38 57.9  220.623 18.702   8.59  40026 15.3
2010-04-24  01:20:00  14 49 51.4  -15 19 58  +000890.3 -000014.5  02 39 06.7  220.633 18.643  10.90  39991 15.3
2010-04-24  01:30:00  14 59 45.6  -15 21 56  +000892.3 -000009.0  02 39 14.1  220.645 18.600  13.25  39954 15.3
2010-04-24  01:40:00  15 09 41.2  -15 22 58  +000894.4 -000003.4  02 39 20.2  220.659 18.574  15.61  39913 15.3
2010-04-24  01:50:00  15 19 38.1  -15 23 04  +000896.4 +000002.2  02 39 24.9  220.676 18.563  17.99  39869 15.3

   Date        UTC        RA         DECL      RARate   DeclRate    HourAng      Az     Um    Phase  Range  Mag
2010-04-24  18:00:00  08 15 41.9  -04 32 11  +000877.1 -000129.4  01 56 00.5  215.171 32.957  87.29  38611 16.4
2010-04-24  18:10:00  08 25 25.8  -04 53 50  +000874.7 -000130.5  01 56 18.2  215.080 32.597  84.85  38684 16.3
2010-04-24  18:20:00  08 35 08.3  -05 15 39  +000872.5 -000131.3  01 56 37.4  214.995 32.231  82.42  38756 16.2
2010-04-24  18:30:00  08 44 49.2  -05 37 35  +000870.5 -000131.9  01 56 58.1  214.917 31.862  79.99  38826 16.2
2010-04-24  18:40:00  08 54 28.9  -05 59 36  +000868.5 -000132.2  01 57 20.1  214.845 31.489  77.58  38896 16.1
2010-04-24  18:50:00  09 04 07.3  -06 21 39  +000866.8 -000132.3  01 57 43.3  214.778 31.113  75.16  38964 16.1
2010-04-24  19:00:00  09 13 44.6  -06 43 41  +000865.1 -000132.2  01 58 07.6  214.716 30.736  72.76  39031 16.0
2010-04-24  19:10:00  09 23 20.9  -07 05 42  +000863.7 -000131.9  01 58 33.0  214.660 30.358  70.35  39096 16.0
2010-04-24  19:20:00  09 32 56.2  -07 27 38  +000862.4 -000131.3  01 58 59.3  214.608 29.979  67.96  39160 15.9
2010-04-24  19:30:00  09 42 30.8  -07 49 28  +000861.2 -000130.5  01 59 26.4  214.561 29.600  65.56  39221 15.9
2010-04-24  19:40:00  09 52 04.6  -08 11 08  +000860.2 -000129.6  01 59 54.2  214.518 29.223  63.18  39281 15.8
2010-04-24  19:50:00  10 01 37.8  -08 32 38  +000859.4 -000128.4  02 00 22.7  214.480 28.848  60.79  39339 15.8
2010-04-24  20:00:00  10 11 10.5  -08 53 55  +000858.7 -000127.0  02 00 51.6  214.445 28.475  58.42  39394 15.7
2010-04-24  20:10:00  10 20 42.7  -09 14 57  +000858.2 -000125.4  02 01 21.0  214.414 28.105  56.04  39447 15.7
2010-04-24  20:20:00  10 30 14.7  -09 35 43  +000857.8 -000123.6  02 01 50.7  214.386 27.739  53.67  39498 15.7
2010-04-24  20:30:00  10 39 46.5  -09 56 09  +000857.6 -000121.6  02 02 20.5  214.361 27.377  51.30  39546 15.6
2010-04-24  20:40:00  10 49 18.2  -10 16 15  +000857.5 -000119.5  02 02 50.5  214.339 27.021  48.94  39591 15.6
2010-04-24  20:50:00  10 58 49.8  -10 35 58  +000857.5 -000117.1  02 03 20.5  214.320 26.671  46.58  39634 15.6
2010-04-24  21:00:00  11 08 21.6  -10 55 16  +000857.8 -000114.6  02 03 50.4  214.303 26.327  44.23  39675 15.5
2010-04-24  21:10:00  11 17 53.5  -11 14 08  +000858.1 -000111.8  02 04 20.1  214.289 25.990  41.87  39712 15.5
2010-04-24  21:20:00  11 27 25.8  -11 32 32  +000858.6 -000108.9  02 04 49.5  214.276 25.661  39.52  39747 15.5
2010-04-24  21:30:00  11 36 58.3  -11 50 26  +000859.2 -000105.9  02 05 18.5  214.266 25.340  37.17  39778 15.5
2010-04-24  21:40:00  11 46 31.4  -12 07 49  +000859.9 -000102.6  02 05 47.2  214.257 25.028  34.83  39807 15.4
2010-04-24  21:50:00  11 56 04.9  -12 24 39  +000860.8 -000099.2  02 06 15.3  214.250 24.725  32.48  39832 15.4
2010-04-24  22:00:00  12 05 39.1  -12 40 54  +000861.7 -000095.7  02 06 42.7  214.244 24.432  30.14  39854 15.4
2010-04-24  22:10:00  12 15 13.9  -12 56 32  +000862.8 -000092.0  02 07 09.5  214.240 24.149  27.79  39873 15.4
2010-04-24  22:20:00  12 24 49.5  -13 11 33  +000864.0 -000088.1  02 07 35.6  214.237 23.878  25.46  39889 15.4
2010-04-24  22:30:00  12 34 25.9  -13 25 54  +000865.3 -000084.1  02 08 00.8  214.236 23.618  23.11  39902 15.3
2010-04-24  22:40:00  12 44 03.2  -13 39 35  +000866.6 -000080.0  02 08 25.2  214.235 23.369  20.78  39911 15.3
2010-04-24  22:50:00  12 53 41.5  -13 52 33  +000868.1 -000075.7  02 08 48.6  214.235 23.133  18.44  39917 15.3
2010-04-24  23:00:00  13 03 20.7  -14 04 48  +000869.6 -000071.3  02 09 11.0  214.237 22.910  16.12  39920 15.3
2010-04-24  23:10:00  13 13 01.0  -14 16 18  +000871.3 -000066.7  02 09 32.3  214.240 22.700  13.78  39919 15.3
2010-04-24  23:20:00  13 22 42.4  -14 27 02  +000872.9 -000062.0  02 09 52.6  214.243 22.503  11.47  39914 15.3
2010-04-24  23:30:00  13 32 24.9  -14 36 59     <<SHADOW>>        02 10 11.7  214.248 22.320   9.15  39907 ----
2010-04-24  23:40:00  13 42 08.6  -14 46 07     <<SHADOW>>        02 10 29.6  214.253 22.152   6.88  39896 ----
2010-04-24  23:50:00  13 51 53.6  -14 54 25     <<SHADOW>>        02 10 46.3  214.260 21.998   4.68  39881 ----
2010-04-25  00:00:00  14 01 39.7  -15 01 53     <<SHADOW>>        02 11 01.8  214.267 21.859   2.75  39863 ----
2010-04-25  00:10:00  14 11 27.2  -15 08 30     <<SHADOW>>        02 11 16.0  214.276 21.735   2.10  39842 ----
2010-04-25  00:20:00  14 21 16.0  -15 14 14     <<SHADOW>>        02 11 28.9  214.285 21.627   3.52  39818 ----
2010-04-25  00:30:00  14 31 06.0  -15 19 05  +000886.1 -000026.4  02 11 40.4  214.296 21.534   5.63  39790 15.3
2010-04-25  00:40:00  14 40 57.4  -15 23 01  +000888.1 -000020.9  02 11 50.7  214.308 21.458   7.89  39759 15.3
2010-04-25  00:50:00  14 50 50.2  -15 26 03  +000890.1 -000015.4  02 11 59.6  214.321 21.397  10.21  39725 15.3
2010-04-25  01:00:00  15 00 44.3  -15 28 09  +000892.2 -000009.8  02 12 07.1  214.336 21.353  12.55  39687 15.3
2010-04-25  01:10:00  15 10 39.7  -15 29 20  +000894.2 -000004.2  02 12 13.3  214.352 21.325  14.92  39647 15.3
2010-04-25  01:20:00  15 20 36.5  -15 29 34  +000896.2 +000001.4  02 12 18.1  214.369 21.313  17.29  39603 15.3
2010-04-25  01:30:00  15 30 34.7  -15 28 51  +000898.3 +000007.1  02 12 21.6  214.388 21.319  19.68  39556 15.3
2010-04-25  01:40:00  15 40 34.2  -15 27 11  +000900.3 +000012.9  02 12 23.7  214.408 21.340  22.07  39507 15.3
2010-04-25  01:50:00  15 50 35.1  -15 24 34  +000902.3 +000018.6  02 12 24.5  214.430 21.379  24.47  39455 15.3

   Date        UTC        RA         DECL      RARate   DeclRate    HourAng      Az     Um    Phase  Range  Mag
2010-04-25  18:00:00  08 46 05.4  -05 36 37  +000870.3 -000132.5  01 29 33.5  207.322 34.320  80.57  38610 16.2
2010-04-25  18:10:00  08 55 45.0  -05 58 44  +000868.4 -000132.9  01 29 55.6  207.285 33.942  78.14  38679 16.1
2010-04-25  18:20:00  09 05 23.3  -06 20 54  +000866.6 -000133.0  01 30 18.9  207.254 33.561  75.74  38747 16.1
2010-04-25  18:30:00  09 15 00.5  -06 43 04  +000865.0 -000133.0  01 30 43.3  207.228 33.178  73.32  38813 16.0
2010-04-25  18:40:00  09 24 36.7  -07 05 12  +000863.5 -000132.7  01 31 08.8  207.208 32.795  70.93  38878 16.0
2010-04-25  18:50:00  09 34 11.9  -07 27 16  +000862.2 -000132.1  01 31 35.3  207.192 32.411  68.53  38941 15.9
2010-04-25  19:00:00  09 43 46.3  -07 49 14  +000861.0 -000131.4  01 32 02.5  207.180 32.028  66.14  39002 15.9
2010-04-25  19:10:00  09 53 19.9  -08 11 04  +000860.0 -000130.4  01 32 30.5  207.173 31.647  63.75  39062 15.8
2010-04-25  19:20:00  10 02 53.0  -08 32 43  +000859.2 -000129.3  01 32 59.1  207.169 31.267  61.37  39119 15.8
2010-04-25  19:30:00  10 12 25.6  -08 54 09  +000858.5 -000127.9  01 33 28.2  207.169 30.890  58.99  39174 15.7
2010-04-25  19:40:00  10 21 57.7  -09 15 20  +000857.9 -000126.3  01 33 57.7  207.172 30.517  56.62  39227 15.7
2010-04-25  19:50:00  10 31 29.5  -09 36 15  +000857.6 -000124.6  01 34 27.5  207.178 30.148  54.25  39277 15.7
2010-04-25  20:00:00  10 41 01.1  -09 56 51  +000857.3 -000122.6  01 34 57.5  207.186 29.783  51.89  39325 15.6
2010-04-25  20:10:00  10 50 32.6  -10 17 06  +000857.2 -000120.5  01 35 27.7  207.196 29.423  49.52  39370 15.6
2010-04-25  20:20:00  11 00 04.1  -10 36 60  +000857.3 -000118.1  01 35 57.8  207.208 29.070  47.17  39413 15.6
2010-04-25  20:30:00  11 09 35.8  -10 56 28  +000857.5 -000115.6  01 36 27.8  207.222 28.723  44.80  39453 15.5
2010-04-25  20:40:00  11 19 07.5  -11 15 31  +000857.9 -000112.9  01 36 57.7  207.238 28.383  42.46  39490 15.5
2010-04-25  20:50:00  11 28 39.6  -11 34 05  +000858.3 -000110.0  01 37 27.3  207.254 28.051  40.10  39524 15.5
2010-04-25  21:00:00  11 38 12.0  -11 52 10  +000858.9 -000106.9  01 37 56.5  207.272 27.728  37.76  39556 15.5
2010-04-25  21:10:00  11 47 44.9  -12 09 43  +000859.7 -000103.7  01 38 25.3  207.291 27.413  35.41  39584 15.4
2010-04-25  21:20:00  11 57 18.3  -12 26 44  +000860.5 -000100.3  01 38 53.5  207.310 27.107  33.07  39609 15.4
2010-04-25  21:30:00  12 06 52.3  -12 43 09  +000861.5 -000096.8  01 39 21.2  207.330 26.812  30.72  39631 15.4
2010-04-25  21:40:00  12 16 26.9  -12 58 59  +000862.6 -000093.1  01 39 48.1  207.350 26.527  28.38  39650 15.4
2010-04-25  21:50:00  12 26 02.4  -13 14 10  +000863.8 -000089.2  01 40 14.3  207.370 26.253  26.04  39666 15.4
2010-04-25  22:00:00  12 35 38.6  -13 28 42  +000865.0 -000085.2  01 40 39.7  207.390 25.990  23.70  39678 15.3
2010-04-25  22:10:00  12 45 15.8  -13 42 33  +000866.4 -000081.0  01 41 04.2  207.411 25.740  21.36  39688 15.3
2010-04-25  22:20:00  12 54 53.9  -13 55 42  +000867.9 -000076.7  01 41 27.8  207.431 25.501  19.03  39694 15.3
2010-04-25  22:30:00  13 04 33.0  -14 08 08  +000869.4 -000072.3  01 41 50.3  207.451 25.276  16.69  39696 15.3
2010-04-25  22:40:00  13 14 13.2  -14 19 48  +000871.1 -000067.7  01 42 11.8  207.471 25.064  14.36  39695 15.3
2010-04-25  22:50:00  13 23 54.4  -14 30 42  +000872.7 -000063.1  01 42 32.2  207.491 24.865  12.03  39691 15.3
2010-04-25  23:00:00  13 33 36.8  -14 40 49  +000874.5 -000058.3  01 42 51.4  207.511 24.680   9.71  39684 15.3
2010-04-25  23:10:00  13 43 20.4  -14 50 07     <<SHADOW>>        01 43 09.4  207.530 24.510   7.41  39673 ----
2010-04-25  23:20:00  13 53 05.2  -14 58 36     <<SHADOW>>        01 43 26.3  207.549 24.354   5.16  39658 ----
2010-04-25  23:30:00  14 02 51.3  -15 06 14     <<SHADOW>>        01 43 41.8  207.568 24.214   3.06  39641 ----
2010-04-25  23:40:00  14 12 38.7  -15 12 60     <<SHADOW>>        01 43 56.1  207.586 24.088   1.82  39620 ----
2010-04-25  23:50:00  14 22 27.3  -15 18 53     <<SHADOW>>        01 44 09.1  207.605 23.978   2.90  39596 ----
2010-04-26  00:00:00  14 32 17.3  -15 23 53  +000886.0 -000027.3  01 44 20.8  207.623 23.884   4.97  39568 15.2
2010-04-26  00:10:00  14 42 08.6  -15 27 58  +000888.0 -000021.8  01 44 31.1  207.641 23.806   7.24  39537 15.3
2010-04-26  00:20:00  14 52 01.3  -15 31 09  +000890.0 -000016.3  01 44 40.1  207.659 23.744   9.55  39503 15.3
2010-04-26  00:30:00  15 01 55.3  -15 33 24  +000892.1 -000010.7  01 44 47.7  207.677 23.699  11.91  39466 15.3
2010-04-26  00:40:00  15 11 50.7  -15 34 42  +000894.1 -000005.0  01 44 54.0  207.695 23.670  14.26  39426 15.3
2010-04-26  00:50:00  15 21 47.4  -15 35 04  +000896.2 +000000.7  01 44 58.9  207.713 23.657  16.65  39382 15.3
2010-04-26  01:00:00  15 31 45.5  -15 34 29  +000898.2 +000006.4  01 45 02.4  207.731 23.662  19.02  39336 15.3
2010-04-26  01:10:00  15 41 45.0  -15 32 56  +000900.2 +000012.2  01 45 04.6  207.749 23.683  21.42  39287 15.3
2010-04-26  01:20:00  15 51 45.8  -15 30 26  +000902.3 +000017.9  01 45 05.4  207.768 23.722  23.82  39235 15.3
2010-04-26  01:30:00  16 01 48.0  -15 26 58  +000904.3 +000023.7  01 45 04.9  207.787 23.777  26.24  39181 15.3
2010-04-26  01:40:00  16 11 51.5  -15 22 32  +000906.3 +000029.5  01 45 03.0  207.806 23.849  28.65  39123 15.3
2010-04-26  01:50:00  16 21 56.4  -15 17 08  +000908.3 +000035.3  01 44 59.8  207.825 23.938  31.08  39063 15.4

   Date        UTC        RA         DECL      RARate   DeclRate    HourAng      Az     Um    Phase  Range  Mag
2010-04-26  18:10:00  09 26 01.3  -07 04 07  +000863.4 -000133.3  01 03 35.8  199.307 34.689  71.46  38712 16.0
2010-04-26  18:20:00  09 35 36.4  -07 26 17  +000862.0 -000132.8  01 04 02.3  199.333 34.304  69.08  38774 15.9
2010-04-26  18:30:00  09 45 10.7  -07 48 22  +000860.9 -000132.1  01 04 29.7  199.364 33.920  66.68  38835 15.9
2010-04-26  18:40:00  09 54 44.3  -08 10 19  +000859.9 -000131.2  01 04 57.7  199.398 33.537  64.30  38894 15.8
2010-04-26  18:50:00  10 04 17.3  -08 32 05  +000859.0 -000130.0  01 05 26.4  199.435 33.157  61.91  38951 15.8
2010-04-26  19:00:00  10 13 49.7  -08 53 39  +000858.3 -000128.7  01 05 55.6  199.475 32.779  59.54  39005 15.7
2010-04-26  19:10:00  10 23 21.7  -09 14 58  +000857.8 -000127.1  01 06 25.3  199.517 32.405  57.16  39058 15.7
2010-04-26  19:20:00  10 32 53.4  -09 36 01  +000857.4 -000125.4  01 06 55.2  199.561 32.035  54.80  39108 15.7
2010-04-26  19:30:00  10 42 24.9  -09 56 45  +000857.1 -000123.5  01 07 25.3  199.608 31.670  52.43  39155 15.6
2010-04-26  19:40:00  10 51 56.3  -10 17 09  +000857.1 -000121.3  01 07 55.6  199.655 31.311  50.07  39200 15.6
2010-04-26  19:50:00  11 01 27.8  -10 37 11  +000857.1 -000119.0  01 08 25.8  199.704 30.957  47.71  39242 15.6
2010-04-26  20:00:00  11 10 59.2  -10 56 49  +000857.3 -000116.5  01 08 56.0  199.753 30.610  45.36  39282 15.5
2010-04-26  20:10:00  11 20 30.9  -11 16 00  +000857.7 -000113.8  01 09 26.0  199.803 30.270  43.00  39319 15.5
2010-04-26  20:20:00  11 30 02.8  -11 34 44  +000858.2 -000110.9  01 09 55.7  199.853 29.938  40.66  39353 15.5
2010-04-26  20:30:00  11 39 35.1  -11 52 59  +000858.8 -000107.9  01 10 25.0  199.903 29.614  38.30  39384 15.5
2010-04-26  20:40:00  11 49 07.9  -12 10 41  +000859.5 -000104.7  01 10 53.9  199.953 29.299  35.96  39412 15.4
2010-04-26  20:50:00  11 58 41.1  -12 27 51  +000860.4 -000101.3  01 11 22.3  200.002 28.994  33.61  39437 15.4
2010-04-26  21:00:00  12 08 15.0  -12 44 27  +000861.3 -000097.7  01 11 50.0  200.051 28.698  31.27  39458 15.4
2010-04-26  21:10:00  12 17 49.6  -13 00 26  +000862.4 -000094.0  01 12 17.1  200.098 28.413  28.92  39477 15.4
2010-04-26  21:20:00  12 27 24.9  -13 15 47  +000863.6 -000090.2  01 12 43.4  200.145 28.139  26.59  39493 15.3
2010-04-26  21:30:00  12 37 01.1  -13 30 29  +000864.9 -000086.2  01 13 08.9  200.191 27.876  24.24  39505 15.3
2010-04-26  21:40:00  12 46 38.2  -13 44 30  +000866.3 -000082.0  01 13 33.5  200.235 27.625  21.91  39514 15.3
2010-04-26  21:50:00  12 56 16.2  -13 57 49  +000867.7 -000077.7  01 13 57.1  200.278 27.387  19.57  39520 15.3
2010-04-26  22:00:00  13 05 55.2  -14 10 24  +000869.3 -000073.3  01 14 19.8  200.320 27.161  17.23  39522 15.3
2010-04-26  22:10:00  13 15 35.2  -14 22 14  +000870.9 -000068.7  01 14 41.3  200.360 26.948  14.89  39522 15.3
2010-04-26  22:20:00  13 25 16.4  -14 33 18  +000872.6 -000064.0  01 15 01.8  200.398 26.749  12.56  39517 15.3
2010-04-26  22:30:00  13 34 58.7  -14 43 35  +000874.4 -000059.2  01 15 21.1  200.435 26.564  10.23  39510 15.3
2010-04-26  22:40:00  13 44 42.2  -14 53 03  +000876.2 -000054.3  01 15 39.3  200.470 26.393   7.92  39499 15.3
2010-04-26  22:50:00  13 54 27.0  -15 01 41     <<SHADOW>>        01 15 56.2  200.503 26.236   5.63  39485 ----
2010-04-26  23:00:00  14 04 13.0  -15 09 28     <<SHADOW>>        01 16 11.8  200.535 26.095   3.43  39467 ----
2010-04-26  23:10:00  14 14 00.3  -15 16 23     <<SHADOW>>        01 16 26.2  200.565 25.969   1.72  39447 ----
2010-04-26  23:20:00  14 23 48.9  -15 22 26     <<SHADOW>>        01 16 39.2  200.593 25.858   2.31  39422 ----
2010-04-26  23:30:00  14 33 38.8  -15 27 34     <<SHADOW>>        01 16 50.9  200.620 25.763   4.35  39395 ----
2010-04-26  23:40:00  14 43 30.0  -15 31 49  +000887.9 -000022.7  01 17 01.3  200.645 25.684   6.61  39364 15.2
2010-04-26  23:50:00  14 53 22.6  -15 35 08  +000889.9 -000017.1  01 17 10.4  200.668 25.622   8.94  39331 15.2
2010-04-27  00:00:00  15 03 16.6  -15 37 31  +000892.0 -000011.5  01 17 18.0  200.690 25.576  11.29  39294 15.2
2010-04-27  00:10:00  15 13 12.0  -15 38 58  +000894.1 -000005.8  01 17 24.3  200.711 25.546  13.66  39254 15.3
2010-04-27  00:20:00  15 23 08.7  -15 39 27  +000896.1 -000000.1  01 17 29.2  200.729 25.533  16.03  39211 15.3
2010-04-27  00:30:00  15 33 06.7  -15 38 60  +000898.2 +000005.7  01 17 32.8  200.747 25.537  18.42  39165 15.3
2010-04-27  00:40:00  15 43 06.2  -15 37 34  +000900.2 +000011.4  01 17 35.0  200.763 25.557  20.81  39116 15.3
2010-04-27  00:50:00  15 53 07.0  -15 35 11  +000902.2 +000017.2  01 17 35.8  200.778 25.595  23.22  39065 15.3
2010-04-27  01:00:00  16 03 09.2  -15 31 50  +000904.3 +000023.1  01 17 35.3  200.791 25.650  25.62  39010 15.3
2010-04-27  01:10:00  16 13 12.7  -15 27 30  +000906.3 +000028.9  01 17 33.5  200.804 25.721  28.05  38954 15.3
2010-04-27  01:20:00  16 23 17.5  -15 22 13  +000908.3 +000034.7  01 17 30.3  200.815 25.810  30.46  38894 15.3
2010-04-27  01:30:00  16 33 23.7  -15 15 57  +000910.2 +000040.5  01 17 25.7  200.825 25.915  32.90  38832 15.4
2010-04-27  01:40:00  16 43 31.1  -15 08 44  +000912.2 +000046.2  01 17 19.9  200.834 26.038  35.33  38768 15.4
2010-04-27  01:50:00  16 53 39.9  -15 00 33  +000914.1 +000051.9  01 17 12.8  200.841 26.177  37.79  38702 15.4

   Date        UTC        RA         DECL      RARate   DeclRate    HourAng      Az     Um    Phase  Range  Mag
2010-04-27  18:10:00  09 56 15.3  -08 08 49  +000859.8 -000131.7  00 37 18.4  191.269 34.823  64.81  38781 15.8
2010-04-27  18:20:00  10 05 48.2  -08 30 41  +000858.9 -000130.6  00 37 47.1  191.352 34.446  62.44  38837 15.8
2010-04-27  18:30:00  10 15 20.6  -08 52 21  +000858.2 -000129.3  00 38 16.4  191.436 34.072  60.06  38891 15.7
2010-04-27  18:40:00  10 24 52.5  -09 13 47  +000857.7 -000127.8  00 38 46.1  191.522 33.701  57.69  38943 15.7
2010-04-27  18:50:00  10 34 24.2  -09 34 56  +000857.3 -000126.1  00 39 16.1  191.609 33.335  55.32  38992 15.7
2010-04-27  19:00:00  10 43 55.6  -09 55 48  +000857.0 -000124.2  00 39 46.3  191.697 32.973  52.96  39039 15.6
2010-04-27  19:10:00  10 53 27.0  -10 16 19  +000857.0 -000122.0  00 40 16.6  191.785 32.617  50.59  39084 15.6
2010-04-27  19:20:00  11 02 58.3  -10 36 28  +000857.0 -000119.7  00 40 46.9  191.874 32.267  48.24  39125 15.6
2010-04-27  19:30:00  11 12 29.7  -10 56 13  +000857.2 -000117.3  00 41 17.1  191.962 31.923  45.88  39164 15.5
2010-04-27  19:40:00  11 22 01.3  -11 15 33  +000857.6 -000114.6  00 41 47.2  192.050 31.586  43.53  39201 15.5
2010-04-27  19:50:00  11 31 33.1  -11 34 24  +000858.0 -000111.7  00 42 17.0  192.136 31.257  41.17  39234 15.5
2010-04-27  20:00:00  11 41 05.4  -11 52 47  +000858.7 -000108.7  00 42 46.4  192.222 30.937  38.83  39265 15.5
2010-04-27  20:10:00  11 50 38.0  -12 10 38  +000859.4 -000105.5  00 43 15.4  192.306 30.625  36.48  39293 15.4
2010-04-27  20:20:00  12 00 11.3  -12 27 56  +000860.3 -000102.1  00 43 43.8  192.388 30.322  34.14  39317 15.4
2010-04-27  20:30:00  12 09 45.1  -12 44 40  +000861.2 -000098.6  00 44 11.6  192.468 30.029  31.79  39339 15.4
2010-04-27  20:40:00  12 19 19.6  -13 00 48  +000862.3 -000094.9  00 44 38.7  192.546 29.747  29.46  39357 15.4
2010-04-27  20:50:00  12 28 54.9  -13 16 18  +000863.5 -000091.1  00 45 05.1  192.622 29.475  27.11  39372 15.3
2010-04-27  21:00:00  12 38 31.0  -13 31 09  +000864.8 -000087.1  00 45 30.7  192.695 29.215  24.77  39385 15.3
2010-04-27  21:10:00  12 48 08.0  -13 45 19  +000866.2 -000082.9  00 45 55.3  192.766 28.966  22.43  39393 15.3
2010-04-27  21:20:00  12 57 45.9  -13 58 47  +000867.7 -000078.6  00 46 19.0  192.834 28.729  20.09  39399 15.3
2010-04-27  21:30:00  13 07 24.9  -14 11 31  +000869.2 -000074.2  00 46 41.7  192.898 28.505  17.75  39401 15.3
2010-04-27  21:40:00  13 17 04.9  -14 23 30  +000870.8 -000069.6  00 47 03.3  192.960 28.294  15.41  39400 15.3
2010-04-27  21:50:00  13 26 46.0  -14 34 43  +000872.5 -000064.9  00 47 23.8  193.019 28.096  13.07  39396 15.3
2010-04-27  22:00:00  13 36 28.3  -14 45 09  +000874.3 -000060.1  00 47 43.2  193.075 27.912  10.74  39389 15.3
2010-04-27  22:10:00  13 46 11.8  -14 54 46  +000876.1 -000055.2  00 48 01.4  193.127 27.742   8.41  39378 15.2
2010-04-27  22:20:00  13 55 56.5  -15 03 33     <<SHADOW>>        00 48 18.3  193.176 27.587   6.10  39363 ----
2010-04-27  22:30:00  14 05 42.4  -15 11 29     <<SHADOW>>        00 48 34.0  193.222 27.446   3.83  39346 ----
2010-04-27  22:40:00  14 15 29.7  -15 18 33     <<SHADOW>>        00 48 48.4  193.264 27.320   1.81  39325 ----
2010-04-27  22:50:00  14 25 18.2  -15 24 44     <<SHADOW>>        00 49 01.5  193.304 27.210   1.75  39301 ----
2010-04-27  23:00:00  14 35 08.1  -15 30 02     <<SHADOW>>        00 49 13.2  193.340 27.115   3.74  39274 ----
2010-04-27  23:10:00  14 44 59.4  -15 34 25  +000887.9 -000023.5  00 49 23.6  193.372 27.036   6.02  39244 15.2
2010-04-27  23:20:00  14 54 52.0  -15 37 52  +000889.9 -000017.9  00 49 32.7  193.402 26.973   8.35  39210 15.2
2010-04-27  23:30:00  15 04 45.9  -15 40 23  +000892.0 -000012.3  00 49 40.3  193.428 26.927  10.71  39173 15.2
2010-04-27  23:40:00  15 14 41.3  -15 41 58  +000894.0 -000006.6  00 49 46.6  193.451 26.896  13.08  39134 15.2
2010-04-27  23:50:00  15 24 38.0  -15 42 36  +000896.1 -000000.9  00 49 51.6  193.471 26.883  15.46  39091 15.3
2010-04-28  00:00:00  15 34 36.0  -15 42 16  +000898.1 +000004.9  00 49 55.1  193.488 26.886  17.84  39045 15.3
2010-04-28  00:10:00  15 44 35.5  -15 40 58  +000900.2 +000010.7  00 49 57.3  193.502 26.906  20.25  38997 15.3
2010-04-28  00:20:00  15 54 36.3  -15 38 42  +000902.2 +000016.5  00 49 58.2  193.512 26.942  22.64  38946 15.3
2010-04-28  00:30:00  16 04 38.5  -15 35 28  +000904.3 +000022.4  00 49 57.6  193.520 26.996  25.06  38892 15.3
2010-04-28  00:40:00  16 14 42.0  -15 31 15  +000906.3 +000028.2  00 49 55.8  193.525 27.066  27.47  38835 15.3
2010-04-28  00:50:00  16 24 46.8  -15 26 04  +000908.3 +000034.0  00 49 52.6  193.527 27.154  29.90  38776 15.3
2010-04-28  01:00:00  16 34 53.0  -15 19 55  +000910.2 +000039.8  00 49 48.1  193.526 27.258  32.32  38715 15.4
2010-04-28  01:10:00  16 45 00.5  -15 12 48  +000912.2 +000045.6  00 49 42.2  193.523 27.379  34.77  38652 15.4
2010-04-28  01:20:00  16 55 09.3  -15 04 43  +000914.1 +000051.4  00 49 35.1  193.516 27.516  37.20  38586 15.4
2010-04-28  01:30:00  17 05 19.3  -14 55 41  +000916.0 +000057.0  00 49 26.7  193.507 27.671  39.66  38518 15.4
2010-04-28  01:40:00  17 15 30.6  -14 45 42  +000917.9 +000062.7  00 49 17.0  193.495 27.841  42.12  38448 15.4
2010-04-28  01:50:00  17 25 43.2  -14 34 48  +000919.8 +000068.2  00 49 06.0  193.480 28.028  44.59  38377 15.5

   Date        UTC        RA         DECL      RARate   DeclRate    HourAng      Az     Um    Phase  Range  Mag
2010-04-28  18:10:00  10 26 27.5  -09 11 45  +000857.7 -000128.3  00 11 02.7  183.302 34.352  58.20  38884 15.7
2010-04-28  18:20:00  10 35 59.1  -09 32 59  +000857.3 -000126.6  00 11 32.8  183.434 33.993  55.83  38933 15.7
2010-04-28  18:30:00  10 45 30.6  -09 53 56  +000857.0 -000124.7  00 12 03.0  183.565 33.639  53.46  38979 15.6
2010-04-28  18:40:00  10 55 01.9  -10 14 33  +000856.9 -000122.6  00 12 33.3  183.696 33.290  51.11  39023 15.6
2010-04-28  18:50:00  11 04 33.2  -10 34 48  +000857.0 -000120.3  00 13 03.6  183.826 32.948  48.75  39064 15.6
2010-04-28  19:00:00  11 14 04.6  -10 54 39  +000857.2 -000117.9  00 13 33.9  183.954 32.611  46.40  39103 15.5
2010-04-28  19:10:00  11 23 36.2  -11 14 04  +000857.5 -000115.2  00 14 03.9  184.081 32.282  44.04  39138 15.5
2010-04-28  19:20:00  11 33 08.0  -11 33 03  +000858.0 -000112.4  00 14 33.7  184.205 31.960  41.69  39171 15.5
2010-04-28  19:30:00  11 42 40.2  -11 51 32  +000858.6 -000109.4  00 15 03.2  184.327 31.646  39.34  39201 15.5
2010-04-28  19:40:00  11 52 12.9  -12 09 30  +000859.4 -000106.2  00 15 32.1  184.446 31.340  37.00  39229 15.4
2010-04-28  19:50:00  12 01 46.1  -12 26 55  +000860.2 -000102.9  00 16 00.6  184.563 31.044  34.65  39253 15.4
2010-04-28  20:00:00  12 11 19.9  -12 43 46  +000861.2 -000099.3  00 16 28.4  184.676 30.757  32.31  39274 15.4
2010-04-28  20:10:00  12 20 54.4  -13 00 02  +000862.3 -000095.7  00 16 55.6  184.786 30.480  29.96  39292 15.4
2010-04-28  20:20:00  12 30 29.6  -13 15 39  +000863.5 -000091.8  00 17 22.0  184.891 30.214  27.62  39307 15.3
2010-04-28  20:30:00  12 40 05.7  -13 30 38  +000864.8 -000087.8  00 17 47.5  184.993 29.958  25.28  39319 15.3
2010-04-28  20:40:00  12 49 42.7  -13 44 56  +000866.2 -000083.7  00 18 12.2  185.091 29.714  22.94  39327 15.3
2010-04-28  20:50:00  12 59 20.6  -13 58 32  +000867.6 -000079.4  00 18 35.9  185.185 29.482  20.59  39333 15.3
2010-04-28  21:00:00  13 08 59.6  -14 11 24  +000869.2 -000075.0  00 18 58.6  185.274 29.262  18.26  39335 15.3
2010-04-28  21:10:00  13 18 39.6  -14 23 31  +000870.8 -000070.5  00 19 20.3  185.358 29.055  15.91  39334 15.3
2010-04-28  21:20:00  13 28 20.7  -14 34 53  +000872.5 -000065.8  00 19 40.8  185.438 28.860  13.57  39329 15.3
2010-04-28  21:30:00  13 38 03.0  -14 45 26  +000874.3 -000061.0  00 20 00.2  185.513 28.679  11.23  39321 15.3
2010-04-28  21:40:00  13 47 46.4  -14 55 12  +000876.1 -000056.0  00 20 18.3  185.584 28.512   8.90  39310 15.2
2010-04-28  21:50:00  13 57 31.1  -15 04 07  +000878.0 -000051.0  00 20 35.3  185.649 28.359   6.56  39296 15.2
2010-04-28  22:00:00  14 07 17.1  -15 12 11     <<SHADOW>>        00 20 50.9  185.710 28.220   4.26  39279 ----
2010-04-28  22:10:00  14 17 04.3  -15 19 24     <<SHADOW>>        00 21 05.3  185.766 28.096   2.05  39258 ----
2010-04-28  22:20:00  14 26 52.9  -15 25 43     <<SHADOW>>        00 21 18.4  185.816 27.987   1.22  39234 ----
2010-04-28  22:30:00  14 36 42.8  -15 31 09     <<SHADOW>>        00 21 30.2  185.862 27.894   3.16  39207 ----
2010-04-28  22:40:00  14 46 34.0  -15 35 40  +000887.9 -000024.3  00 21 40.6  185.903 27.816   5.44  39177 15.2
2010-04-28  22:50:00  14 56 26.6  -15 39 16  +000889.9 -000018.8  00 21 49.6  185.939 27.753   7.79  39143 15.2
2010-04-28  23:00:00  15 06 20.6  -15 41 55  +000892.0 -000013.1  00 21 57.3  185.970 27.707  10.15  39107 15.2
2010-04-28  23:10:00  15 16 16.0  -15 43 38  +000894.0 -000007.4  00 22 03.6  185.996 27.676  12.53  39067 15.2
2010-04-28  23:20:00  15 26 12.7  -15 44 24  +000896.1 -000001.7  00 22 08.5  186.017 27.662  14.90  39025 15.2
2010-04-28  23:30:00  15 36 10.8  -15 44 12  +000898.2 +000004.1  00 22 12.1  186.033 27.665  17.30  38980 15.3
2010-04-28  23:40:00  15 46 10.2  -15 43 01  +000900.2 +000009.9  00 22 14.2  186.045 27.683  19.69  38932 15.3
2010-04-28  23:50:00  15 56 11.1  -15 40 53  +000902.3 +000015.8  00 22 15.0  186.052 27.719  22.10  38881 15.3
2010-04-29  00:00:00  16 06 13.3  -15 37 46  +000904.3 +000021.6  00 22 14.5  186.054 27.771  24.50  38827 15.3
2010-04-29  00:10:00  16 16 16.8  -15 33 40  +000906.3 +000027.5  00 22 12.6  186.051 27.839  26.92  38771 15.3
2010-04-29  00:20:00  16 26 21.7  -15 28 36  +000908.3 +000033.3  00 22 09.4  186.043 27.924  29.34  38713 15.3
2010-04-29  00:30:00  16 36 27.8  -15 22 34  +000910.3 +000039.2  00 22 04.8  186.031 28.026  31.78  38652 15.3
2010-04-29  00:40:00  16 46 35.4  -15 15 33  +000912.2 +000045.0  00 21 59.0  186.015 28.144  34.21  38589 15.4
2010-04-29  00:50:00  16 56 44.2  -15 07 35  +000914.2 +000050.7  00 21 51.8  185.993 28.279  36.66  38523 15.4
2010-04-29  01:00:00  17 06 54.2  -14 58 39  +000916.1 +000056.4  00 21 43.4  185.968 28.430  39.11  38456 15.4
2010-04-29  01:10:00  17 17 05.6  -14 48 46  +000918.0 +000062.1  00 21 33.7  185.937 28.597  41.57  38387 15.4
2010-04-29  01:20:00  17 27 18.2  -14 37 57  +000919.8 +000067.7  00 21 22.7  185.902 28.780  44.03  38316 15.5
2010-04-29  01:30:00  17 37 32.0  -14 26 13  +000921.7 +000073.2  00 21 10.5  185.862 28.979  46.52  38243 15.5
2010-04-29  01:40:00  17 47 47.1  -14 13 35  +000923.5 +000078.5  00 20 57.1  185.818 29.193  48.99  38169 15.5

   Date        UTC        RA         DECL      RARate   DeclRate    HourAng      Az     Um    Phase  Range  Mag
2010-04-29  18:10:00  10 56 38.5  -10 11 50  +000857.0 -000123.0  23 44 48.3  175.525 33.303  51.61  39019 15.6
2010-04-29  18:20:00  11 06 09.8  -10 32 09  +000857.0 -000120.7  23 45 18.6  175.695 32.972  49.26  39059 15.6
2010-04-29  18:30:00  11 15 41.3  -10 52 04  +000857.2 -000118.3  23 45 48.8  175.863 32.646  46.90  39097 15.5
2010-04-29  18:40:00  11 25 12.9  -11 11 34  +000857.6 -000115.7  23 46 18.9  176.027 32.328  44.55  39132 15.5
2010-04-29  18:50:00  11 34 44.7  -11 30 37  +000858.1 -000112.9  23 46 48.6  176.189 32.017  42.20  39165 15.5
2010-04-29  19:00:00  11 44 17.0  -11 49 12  +000858.7 -000109.9  23 47 18.0  176.346 31.713  39.86  39194 15.5
2010-04-29  19:10:00  11 53 49.7  -12 07 15  +000859.4 -000106.8  23 47 47.0  176.500 31.417  37.50  39221 15.4
2010-04-29  19:20:00  12 03 22.9  -12 24 46  +000860.3 -000103.4  23 48 15.4  176.650 31.131  35.16  39245 15.4
2010-04-29  19:30:00  12 12 56.7  -12 41 43  +000861.2 -000099.9  23 48 43.2  176.795 30.853  32.81  39265 15.4
2010-04-29  19:40:00  12 22 31.3  -12 58 05  +000862.3 -000096.3  23 49 10.3  176.935 30.585  30.48  39283 15.4
2010-04-29  19:50:00  12 32 06.5  -13 13 48  +000863.5 -000092.5  23 49 36.7  177.071 30.327  28.13  39297 15.4
2010-04-29  20:00:00  12 41 42.6  -13 28 53  +000864.8 -000088.5  23 50 02.2  177.201 30.079  25.79  39309 15.3
2010-04-29  20:10:00  12 51 19.7  -13 43 18  +000866.2 -000084.4  23 50 26.9  177.325 29.842  23.44  39317 15.3
2010-04-29  20:20:00  13 00 57.6  -13 57 01  +000867.7 -000080.1  23 50 50.5  177.444 29.617  21.10  39322 15.3
2010-04-29  20:30:00  13 10 36.6  -14 10 00  +000869.2 -000075.7  23 51 13.2  177.557 29.404  18.75  39324 15.3
2010-04-29  20:40:00  13 20 16.6  -14 22 15  +000870.9 -000071.2  23 51 34.8  177.664 29.202  16.42  39322 15.3
2010-04-29  20:50:00  13 29 57.7  -14 33 43  +000872.6 -000066.5  23 51 55.3  177.765 29.013  14.07  39318 15.3
2010-04-29  21:00:00  13 39 40.0  -14 44 24  +000874.3 -000061.7  23 52 14.7  177.860 28.837  11.73  39310 15.3
2010-04-29  21:10:00  13 49 23.5  -14 54 17  +000876.1 -000056.8  23 52 32.9  177.948 28.675   9.38  39299 15.2
2010-04-29  21:20:00  13 59 08.3  -15 03 20  +000878.0 -000051.8  23 52 49.8  178.030 28.526   7.04  39284 15.2
2010-04-29  21:30:00  14 08 54.2  -15 11 32     <<SHADOW>>        23 53 05.4  178.105 28.391   4.70  39267 ----
2010-04-29  21:40:00  14 18 41.5  -15 18 52     <<SHADOW>>        23 53 19.8  178.174 28.270   2.41  39246 ----
2010-04-29  21:50:00  14 28 30.1  -15 25 20     <<SHADOW>>        23 53 32.8  178.236 28.163   0.78  39222 ----
2010-04-29  22:00:00  14 38 20.0  -15 30 53     <<SHADOW>>        23 53 44.6  178.292 28.072   2.57  39195 ----
2010-04-29  22:10:00  14 48 11.3  -15 35 32     <<SHADOW>>        23 53 54.9  178.341 27.995   4.89  39165 ----
2010-04-29  22:20:00  14 58 03.9  -15 39 15  +000890.0 -000019.5  23 54 04.0  178.383 27.934   7.23  39132 15.2
2010-04-29  22:30:00  15 07 57.9  -15 42 03  +000892.0 -000013.9  23 54 11.6  178.419 27.888   9.61  39095 15.2
2010-04-29  22:40:00  15 17 53.3  -15 43 54  +000894.1 -000008.2  23 54 17.9  178.448 27.858  11.98  39056 15.2
2010-04-29  22:50:00  15 27 50.0  -15 44 47  +000896.1 -000002.4  23 54 22.8  178.470 27.843  14.37  39014 15.2
2010-04-29  23:00:00  15 37 48.2  -15 44 42  +000898.2 +000003.3  23 54 26.3  178.486 27.845  16.75  38969 15.3
2010-04-29  23:10:00  15 47 47.6  -15 43 40  +000900.3 +000009.2  23 54 28.4  178.496 27.862  19.16  38921 15.3
2010-04-29  23:20:00  15 57 48.5  -15 41 39  +000902.3 +000015.0  23 54 29.2  178.499 27.896  21.55  38871 15.3
2010-04-29  23:30:00  16 07 50.7  -15 38 40  +000904.3 +000020.9  23 54 28.7  178.495 27.946  23.97  38817 15.3
2010-04-29  23:40:00  16 17 54.3  -15 34 42  +000906.3 +000026.7  23 54 26.7  178.485 28.012  26.38  38762 15.3
2010-04-29  23:50:00  16 27 59.2  -15 29 45  +000908.3 +000032.6  23 54 23.5  178.468 28.094  28.81  38704 15.3
2010-04-30  00:00:00  16 38 05.4  -15 23 50  +000910.3 +000038.4  23 54 18.9  178.445 28.192  31.23  38643 15.3
2010-04-30  00:10:00  16 48 12.9  -15 16 56  +000912.3 +000044.3  23 54 13.0  178.416 28.306  33.68  38581 15.4
2010-04-30  00:20:00  16 58 21.7  -15 09 05  +000914.2 +000050.0  23 54 05.8  178.380 28.437  36.11  38516 15.4
2010-04-30  00:30:00  17 08 31.9  -15 00 16  +000916.1 +000055.8  23 53 57.4  178.338 28.583  38.57  38449 15.4
2010-04-30  00:40:00  17 18 43.2  -14 50 30  +000918.0 +000061.4  23 53 47.6  178.289 28.745  41.03  38381 15.4
2010-04-30  00:50:00  17 28 55.8  -14 39 48  +000919.9 +000067.0  23 53 36.7  178.235 28.922  43.50  38310 15.5
2010-04-30  01:00:00  17 39 09.7  -14 28 10  +000921.7 +000072.5  23 53 24.5  178.173 29.115  45.97  38238 15.5
2010-04-30  01:10:00  17 49 24.8  -14 15 38  +000923.5 +000077.9  23 53 11.0  178.106 29.323  48.46  38165 15.5
2010-04-30  01:20:00  17 59 41.1  -14 02 12  +000925.3 +000083.2  23 52 56.4  178.032 29.545  50.94  38090 15.6
2010-04-30  01:30:00  18 09 58.6  -13 47 53  +000927.1 +000088.4  23 52 40.5  177.951 29.782  53.45  38014 15.6
2010-04-30  01:40:00  18 20 17.3  -13 32 44  +000928.9 +000093.5  23 52 23.5  177.864 30.033  55.95  37937 15.6

   Date        UTC        RA         DECL      RARate   DeclRate    HourAng      Az     Um    Phase  Range  Mag
2010-04-30  18:10:00  11 26 48.6  -11 08 04  +000857.7 -000116.0  23 18 34.7  168.033 31.723  45.07  39183 15.5
2010-04-30  18:20:00  11 36 20.6  -11 27 10  +000858.2 -000113.2  23 19 04.4  168.228 31.425  42.72  39215 15.5
2010-04-30  18:30:00  11 45 52.9  -11 45 48  +000858.8 -000110.3  23 19 33.7  168.418 31.135  40.37  39244 15.5
2010-04-30  18:40:00  11 55 25.7  -12 03 55  +000859.5 -000107.1  23 20 02.6  168.604 30.853  38.03  39270 15.4
2010-04-30  18:50:00  12 04 59.0  -12 21 30  +000860.4 -000103.8  23 20 30.9  168.784 30.578  35.68  39293 15.4
2010-04-30  19:00:00  12 14 32.9  -12 38 31  +000861.4 -000100.4  23 20 58.7  168.959 30.313  33.34  39313 15.4
2010-04-30  19:10:00  12 24 07.5  -12 54 57  +000862.4 -000096.8  23 21 25.7  169.127 30.056  30.99  39330 15.4
2010-04-30  19:20:00  12 33 42.8  -13 10 46  +000863.6 -000093.0  23 21 52.0  169.290 29.809  28.65  39344 15.4
2010-04-30  19:30:00  12 43 19.0  -13 25 56  +000864.9 -000089.0  23 22 17.5  169.445 29.572  26.30  39355 15.3
2010-04-30  19:40:00  12 52 56.1  -13 40 26  +000866.3 -000084.9  23 22 42.1  169.595 29.345  23.96  39363 15.3
2010-04-30  19:50:00  13 02 34.1  -13 54 15  +000867.8 -000080.7  23 23 05.7  169.737 29.129  21.61  39367 15.3
2010-04-30  20:00:00  13 12 13.1  -14 07 20  +000869.3 -000076.3  23 23 28.3  169.872 28.924  19.28  39369 15.3
2010-04-30  20:10:00  13 21 53.2  -14 19 40  +000870.9 -000071.8  23 23 49.9  170.000 28.731  16.92  39367 15.3
2010-04-30  20:20:00  13 31 34.4  -14 31 15  +000872.6 -000067.1  23 24 10.3  170.120 28.549  14.58  39362 15.3
2010-04-30  20:30:00  13 41 16.8  -14 42 03  +000874.4 -000062.4  23 24 29.6  170.233 28.380  12.23  39354 15.3
2010-04-30  20:40:00  13 51 00.3  -14 52 02  +000876.2 -000057.5  23 24 47.7  170.338 28.224   9.89  39343 15.2
2010-04-30  20:50:00  14 00 45.1  -15 01 12  +000878.1 -000052.4  23 25 04.5  170.435 28.080   7.53  39328 15.2
2010-04-30  21:00:00  14 10 31.1  -15 09 30  +000880.0 -000047.3  23 25 20.2  170.524 27.950   5.19  39311 15.2
2010-04-30  21:10:00  14 20 18.4  -15 16 58     <<SHADOW>>        23 25 34.5  170.605 27.833   2.84  39290 ----
2010-04-30  21:20:00  14 30 07.1  -15 23 32     <<SHADOW>>        23 25 47.5  170.678 27.731   0.64  39266 ----
2010-04-30  21:30:00  14 39 57.0  -15 29 13     <<SHADOW>>        23 25 59.2  170.743 27.642   1.98  39239 ----
2010-04-30  21:40:00  14 49 48.3  -15 33 59     <<SHADOW>>        23 26 09.5  170.800 27.568   4.32  39209 ----
2010-04-30  21:50:00  14 59 41.0  -15 37 50  +000890.0 -000020.3  23 26 18.5  170.849 27.508   6.69  39176 15.2
2010-04-30  22:00:00  15 09 35.1  -15 40 45  +000892.1 -000014.7  23 26 26.1  170.889 27.463   9.06  39139 15.2
2010-04-30  22:10:00  15 19 30.5  -15 42 43  +000894.1 -000009.0  23 26 32.3  170.921 27.434  11.44  39100 15.2
2010-04-30  22:20:00  15 29 27.2  -15 43 44  +000896.2 -000003.2  23 26 37.2  170.945 27.419  13.82  39058 15.2
2010-04-30  22:30:00  15 39 25.4  -15 43 47  +000898.2 +000002.6  23 26 40.7  170.961 27.420  16.22  39014 15.3
2010-04-30  22:40:00  15 49 24.9  -15 42 53  +000900.3 +000008.4  23 26 42.8  170.969 27.436  18.61  38966 15.3
2010-04-30  22:50:00  15 59 25.8  -15 40 59  +000902.3 +000014.2  23 26 43.6  170.968 27.467  21.02  38916 15.3
2010-04-30  23:00:00  16 09 28.0  -15 38 08  +000904.4 +000020.1  23 26 43.0  170.959 27.514  23.43  38863 15.3
2010-04-30  23:10:00  16 19 31.6  -15 34 18  +000906.4 +000026.0  23 26 41.1  170.943 27.577  25.85  38808 15.3
2010-04-30  23:20:00  16 29 36.5  -15 29 29  +000908.4 +000031.8  23 26 37.8  170.918 27.655  28.27  38750 15.3
2010-04-30  23:30:00  16 39 42.7  -15 23 41  +000910.3 +000037.7  23 26 33.2  170.885 27.749  30.70  38690 15.3
2010-04-30  23:40:00  16 49 50.3  -15 16 55  +000912.3 +000043.5  23 26 27.3  170.843 27.859  33.13  38628 15.4
2010-04-30  23:50:00  16 59 59.1  -15 09 11  +000914.2 +000049.3  23 26 20.1  170.794 27.983  35.58  38564 15.4
2010-05-01  00:00:00  17 10 09.2  -15 00 30  +000916.1 +000055.0  23 26 11.6  170.737 28.123  38.03  38498 15.4
2010-05-01  00:10:00  17 20 20.6  -14 50 52  +000918.0 +000060.7  23 26 01.9  170.672 28.278  40.49  38430 15.4
2010-05-01  00:20:00  17 30 33.2  -14 40 17  +000919.9 +000066.3  23 25 50.9  170.599 28.448  42.95  38360 15.5
2010-05-01  00:30:00  17 40 47.1  -14 28 46  +000921.7 +000071.8  23 25 38.7  170.518 28.633  45.44  38289 15.5
2010-05-01  00:40:00  17 51 02.2  -14 16 21  +000923.5 +000077.2  23 25 25.2  170.428 28.832  47.91  38216 15.5
2010-05-01  00:50:00  18 01 18.5  -14 03 02  +000925.3 +000082.5  23 25 10.6  170.331 29.046  50.41  38142 15.5
2010-05-01  01:00:00  18 11 36.0  -13 48 51  +000927.1 +000087.7  23 24 54.7  170.226 29.273  52.90  38067 15.6
2010-05-01  01:10:00  18 21 54.6  -13 33 48  +000928.9 +000092.8  23 24 37.7  170.112 29.513  55.41  37991 15.6
2010-05-01  01:20:00  18 32 14.5  -13 17 55  +000930.6 +000097.7  23 24 19.5  169.991 29.767  57.92  37914 15.7
2010-05-01  01:30:00  18 42 35.5  -13 01 14  +000932.4 +000102.5  23 24 00.2  169.861 30.033  60.45  37836 15.7
2010-05-01  01:40:00  18 52 57.7  -12 43 46  +000934.1 +000107.1  23 23 39.6  169.723 30.311  62.98  37758 15.7
