ЭФЕМЕРИДЫ ПО ОБЪЕКТУ:  90140
Для пункта:  10016 Маяки   46 23'50.68"   30 16'17.74"    14m
C   2010-04-15 12:00
по  2010-05-01 12:00
Шаг  0:10:00
Мин.угол места:          10 град
Макс.угол места Солнца: -10 град
Стандартный блеск :      9.3 (зв.вел.)

ОБОЗНАЧЕНИЯ
RA        прямое восхождение, тек.эпоха
DECL      склонение, тек.эпоха
RARate    скорость по пр.восх., арксек/мин
DeclRate  скорость по склонению, арксек/мин
HourAng   часовой угол
Az        азимут
Um        угол места
Phase     фазовый угол
Range     дальность
Mag       зв.величина (оценка)

   Date        UTC        RA         DECL      RARate   DeclRate    HourAng      Az     Um    Phase  Range  Mag
2010-04-26  18:10:00  05 06 15.0  +06 51 33  +000970.9 -000006.4  05 23 22.2  268.127 11.271 137.70  39224 19.5
2010-04-26  18:20:00  05 17 01.1  +06 49 37  +000967.3 -000016.8  05 22 37.7  267.969 11.376 135.10  39286 19.3
2010-04-26  18:30:00  05 27 44.7  +06 45 58  +000963.6 -000027.0  05 21 55.7  267.798 11.453 132.49  39349 19.2
2010-04-26  18:40:00  05 38 25.8  +06 40 38  +000959.6 -000037.0  05 21 16.3  267.615 11.502 129.89  39415 19.0
2010-04-26  18:50:00  05 49 04.2  +06 33 38  +000955.6 -000046.9  05 20 39.5  267.421 11.523 127.28  39483 18.8
2010-04-26  19:00:00  05 59 39.8  +06 25 01  +000951.4 -000056.5  05 20 05.5  267.216 11.518 124.69  39553 18.7
2010-04-26  19:10:00  06 10 12.7  +06 14 49  +000947.1 -000065.9  05 19 34.3  267.001 11.485 122.09  39624 18.6
2010-04-26  19:20:00  06 20 42.6  +06 03 05  +000942.6 -000075.0  05 19 06.1  266.776 11.424 119.52  39697 18.4
2010-04-26  19:30:00  06 31 09.5  +05 49 50  +000938.1 -000083.9  05 18 40.8  266.543 11.338 116.93  39772 18.3
2010-04-26  19:40:00  06 41 33.4  +05 35 07  +000933.6 -000092.5  05 18 18.5  266.302 11.224 114.36  39847 18.2
2010-04-26  19:50:00  06 51 54.3  +05 18 59  +000929.0 -000100.9  05 17 59.3  266.054 11.085 111.79  39924 18.1
2010-04-26  20:00:00  07 02 12.1  +05 01 30  +000924.4 -000108.9  05 17 43.1  265.800 10.921 109.24  40001 18.0
2010-04-26  20:10:00  07 12 26.8  +04 42 43  +000919.8 -000116.6  05 17 30.0  265.539 10.732 106.68  40079 17.9
2010-04-26  20:20:00  07 22 38.5  +04 22 39  +000915.2 -000124.0  05 17 20.0  265.274 10.519 104.14  40158 17.8
2010-04-26  20:30:00  07 32 47.2  +04 01 24  +000910.7 -000131.1  05 17 13.0  265.004 10.282 101.60  40237 17.7
2010-04-26  20:40:00  07 42 52.8  +03 38 59  +000906.2 -000137.8  05 17 09.0  264.731 10.022  99.08  40317 17.6

   Date        UTC        RA         DECL      RARate   DeclRate    HourAng      Az     Um    Phase  Range  Mag
2010-04-27  18:10:00  06 27 15.5  +06 09 51  +000942.7 -000081.3  04 06 18.2  252.921 23.837 118.81  38447 18.3
2010-04-27  18:20:00  06 37 42.4  +05 55 32  +000938.0 -000090.4  04 05 52.9  252.662 23.727 116.24  38521 18.2
2010-04-27  18:30:00  06 48 06.1  +05 39 44  +000933.2 -000099.2  04 05 30.8  252.397 23.590 113.66  38597 18.1
2010-04-27  18:40:00  06 58 26.7  +05 22 29  +000928.5 -000107.6  04 05 11.9  252.126 23.426 111.10  38673 18.0
2010-04-27  18:50:00  07 08 44.1  +05 03 52  +000923.7 -000115.8  04 04 56.1  251.850 23.236 108.53  38751 17.9
2010-04-27  19:00:00  07 18 58.4  +04 43 54  +000919.0 -000123.6  04 04 43.5  251.569 23.019 105.99  38829 17.8
2010-04-27  19:10:00  07 29 09.5  +04 22 40  +000914.3 -000131.1  04 04 34.1  251.285 22.778 103.44  38907 17.7
2010-04-27  19:20:00  07 39 17.5  +04 00 13  +000909.6 -000138.3  04 04 27.7  250.998 22.512 100.90  38985 17.6
2010-04-27  19:30:00  07 49 22.4  +03 36 35  +000905.1 -000145.1  04 04 24.5  250.709 22.223  98.37  39064 17.5
2010-04-27  19:40:00  07 59 24.2  +03 11 52  +000900.6 -000151.6  04 04 24.2  250.418 21.911  95.85  39143 17.4
2010-04-27  19:50:00  08 09 23.2  +02 46 05  +000896.2 -000157.7  04 04 26.9  250.127 21.577  93.33  39221 17.4
2010-04-27  20:00:00  08 19 19.3  +02 19 19  +000892.0 -000163.4  04 04 32.5  249.835 21.222  90.83  39299 17.3
2010-04-27  20:10:00  08 29 12.6  +01 51 38  +000888.0 -000168.8  04 04 40.8  249.543 20.848  88.32  39377 17.2
2010-04-27  20:20:00  08 39 03.3  +01 23 04  +000884.1 -000173.9  04 04 51.8  249.252 20.455  85.83  39454 17.2
2010-04-27  20:30:00  08 48 51.4  +00 53 42  +000880.4 -000178.5  04 05 05.3  248.962 20.045  83.33  39530 17.1
2010-04-27  20:40:00  08 58 37.2  +00 23 35  +000876.9 -000182.9  04 05 21.2  248.672 19.618  80.86  39605 17.0
2010-04-27  20:50:00  09 08 20.6  -00 07 14  +000873.6 -000186.8  04 05 39.4  248.385 19.175  78.37  39679 17.0
2010-04-27  21:00:00  09 18 02.0  -00 38 41  +000870.5 -000190.4  04 05 59.7  248.098 18.719  75.91  39752 16.9
2010-04-27  21:10:00  09 27 41.3  -01 10 42  +000867.6 -000193.7  04 06 21.9  247.814 18.249  73.44  39823 16.9
2010-04-27  21:20:00  09 37 18.9  -01 43 13  +000865.1 -000196.6  04 06 46.0  247.531 17.768  70.99  39893 16.8
2010-04-27  21:30:00  09 46 54.8  -02 16 13  +000862.7 -000199.2  04 07 11.7  247.251 17.276  68.53  39961 16.8
2010-04-27  21:40:00  09 56 29.3  -02 49 36  +000860.7 -000201.4  04 07 38.9  246.972 16.774  66.09  40027 16.7
2010-04-27  21:50:00  10 06 02.5  -03 23 20  +000858.9 -000203.3  04 08 07.4  246.695 16.265  63.64  40091 16.7
2010-04-27  22:00:00  10 15 34.5  -03 57 21  +000857.4 -000204.8  04 08 37.0  246.420 15.748  61.20  40154 16.6
2010-04-27  22:10:00  10 25 05.7  -04 31 36  +000856.1 -000206.0  04 09 07.5  246.147 15.226  58.76  40213 16.6
2010-04-27  22:20:00  10 34 36.1  -05 06 01  +000855.2 -000206.9  04 09 38.7  245.875 14.700  56.34  40271 16.6
2010-04-27  22:30:00  10 44 06.0  -05 40 33  +000854.5 -000207.5  04 10 10.4  245.605 14.170  53.91  40326 16.5
2010-04-27  22:40:00  10 53 35.6  -06 15 10  +000854.2 -000207.7  04 10 42.5  245.337 13.639  51.49  40378 16.5
2010-04-27  22:50:00  11 03 05.0  -06 49 47  +000854.1 -000207.6  04 11 14.7  245.069 13.107  49.06  40427 16.5
2010-04-27  23:00:00  11 12 34.4  -07 24 21  +000854.3 -000207.2  04 11 46.9  244.803 12.575  46.65  40473 16.4
2010-04-27  23:10:00  11 22 04.2  -07 58 49  +000854.9 -000206.4  04 12 18.8  244.538 12.046  44.23  40517 16.4
2010-04-27  23:20:00  11 31 34.3  -08 33 08  +000855.7 -000205.3  04 12 50.3  244.274 11.519  41.83  40557 16.4
2010-04-27  23:30:00  11 41 05.1  -09 07 15  +000856.8 -000204.0  04 13 21.1  244.011 10.997  39.41  40594 16.3
2010-04-27  23:40:00  11 50 36.8  -09 41 06  +000858.2 -000202.2  04 13 51.1  243.748 10.481  37.01  40627 16.3

   Date        UTC        RA         DECL      RARate   DeclRate    HourAng      Az     Um    Phase  Range  Mag
2010-04-28  18:10:00  07 48 07.0  +03 57 28  +000907.9 -000145.1  02 49 23.3  234.108 33.950  99.63  37942 17.5
2010-04-28  18:20:00  07 58 10.7  +03 32 42  +000903.3 -000152.0  02 49 21.2  233.821 33.613  97.11  38020 17.4
2010-04-28  18:30:00  08 08 11.4  +03 06 49  +000898.8 -000158.5  02 49 22.1  233.537 33.252  94.58  38098 17.3
2010-04-28  18:40:00  08 18 09.2  +02 39 53  +000894.4 -000164.6  02 49 26.0  233.257 32.870  92.07  38175 17.3
2010-04-28  18:50:00  08 28 04.0  +02 11 58  +000890.1 -000170.4  02 49 32.8  232.980 32.466  89.56  38252 17.2
2010-04-28  19:00:00  08 37 56.0  +01 43 07  +000886.0 -000175.8  02 49 42.4  232.706 32.043  87.06  38329 17.1
2010-04-28  19:10:00  08 47 45.4  +01 13 24  +000882.1 -000180.8  02 49 54.7  232.437 31.600  84.56  38405 17.1
2010-04-28  19:20:00  08 57 32.3  +00 42 52  +000878.4 -000185.4  02 50 09.5  232.173 31.140  82.08  38480 17.0
2010-04-28  19:30:00  09 07 16.7  +00 11 36  +000875.0 -000189.7  02 50 26.7  231.912 30.664  79.59  38553 16.9
2010-04-28  19:40:00  09 16 59.0  -00 20 21  +000871.7 -000193.7  02 50 46.1  231.656 30.172  77.12  38626 16.9
2010-04-28  19:50:00  09 26 39.1  -00 52 56  +000868.7 -000197.2  02 51 07.6  231.405 29.667  74.65  38697 16.8
2010-04-28  20:00:00  09 36 17.3  -01 26 05  +000865.9 -000200.4  02 51 31.1  231.158 29.149  72.19  38767 16.8
2010-04-28  20:10:00  09 45 53.7  -01 59 44  +000863.4 -000203.3  02 51 56.3  230.916 28.619  69.73  38835 16.7
2010-04-28  20:20:00  09 55 28.5  -02 33 50  +000861.1 -000205.8  02 52 23.1  230.678 28.079  67.28  38902 16.7
2010-04-28  20:30:00  10 05 02.0  -03 08 19  +000859.2 -000207.9  02 52 51.3  230.444 27.530  64.83  38967 16.6
2010-04-28  20:40:00  10 14 34.2  -03 43 08  +000857.5 -000209.7  02 53 20.7  230.213 26.974  62.39  39029 16.6
2010-04-28  20:50:00  10 24 05.4  -04 18 13  +000856.1 -000211.2  02 53 51.2  229.986 26.411  59.94  39090 16.6
2010-04-28  21:00:00  10 33 35.7  -04 53 30  +000855.0 -000212.3  02 54 22.4  229.762 25.843  57.52  39148 16.5
2010-04-28  21:10:00  10 43 05.5  -05 28 57  +000854.2 -000213.0  02 54 54.4  229.541 25.272  55.08  39204 16.5
2010-04-28  21:20:00  10 52 34.7  -06 04 30  +000853.7 -000213.5  02 55 26.7  229.323 24.697  52.66  39258 16.4
2010-04-28  21:30:00  11 02 03.8  -06 40 06  +000853.5 -000213.6  02 55 59.3  229.107 24.122  50.23  39309 16.4
2010-04-28  21:40:00  11 11 32.8  -07 15 40  +000853.6 -000213.3  02 56 32.0  228.893 23.546  47.82  39357 16.4
2010-04-28  21:50:00  11 21 02.0  -07 51 11  +000854.0 -000212.7  02 57 04.4  228.680 22.971  45.39  39402 16.3
2010-04-28  22:00:00  11 30 31.5  -08 26 34  +000854.7 -000211.8  02 57 36.5  228.468 22.399  42.98  39445 16.3
2010-04-28  22:10:00  11 40 01.7  -09 01 46  +000855.7 -000210.6  02 58 08.0  228.257 21.831  40.57  39484 16.3
2010-04-28  22:20:00  11 49 32.6  -09 36 44  +000857.0 -000209.0  02 58 38.7  228.047 21.268  38.16  39520 16.3
2010-04-28  22:30:00  11 59 04.5  -10 11 25  +000858.6 -000207.1  02 59 08.5  227.837 20.710  35.75  39553 16.2
2010-04-28  22:40:00  12 08 37.5  -10 45 45  +000860.5 -000204.9  02 59 37.1  227.627 20.161  33.35  39583 16.2
2010-04-28  22:50:00  12 18 11.9  -11 19 41  +000862.7 -000202.3  03 00 04.3  227.417 19.619  30.94  39609 16.2
2010-04-28  23:00:00  12 27 47.9  -11 53 11  +000865.2 -000199.4  03 00 30.0  227.206 19.087  28.55  39632 16.2
2010-04-28  23:10:00  12 37 25.6  -12 26 09  +000868.0 -000196.2  03 00 53.9  226.994 18.566  26.14  39651 16.2
2010-04-28  23:20:00  12 47 05.3  -12 58 34  +000871.0 -000192.7  03 01 15.9  226.781 18.057  23.75  39667 16.1
2010-04-28  23:30:00  12 56 47.0  -13 30 22  +000874.2 -000188.8  03 01 35.8  226.566 17.562  21.35  39678 16.1
2010-04-28  23:40:00  13 06 30.9  -14 01 30  +000877.7 -000184.7  03 01 53.5  226.351 17.080  18.97  39686 16.1
2010-04-28  23:50:00  13 16 17.3  -14 31 55  +000881.5 -000180.2  03 02 08.8  226.134 16.614  16.58  39690 16.1
2010-04-29  00:00:00  13 26 06.3  -15 01 32  +000885.5 -000175.3  03 02 21.4  225.915 16.164  14.22  39690 16.1
2010-04-29  00:10:00  13 35 58.0  -15 30 20  +000889.6 -000170.2  03 02 31.4  225.695 15.731  11.86  39687 16.1
2010-04-29  00:20:00  13 45 52.5  -15 58 15     <<SHADOW>>        03 02 38.5  225.474 15.317   9.55  39679 ----
2010-04-29  00:30:00  13 55 50.0  -16 25 13     <<SHADOW>>        03 02 42.7  225.250 14.922   7.30  39667 ----
2010-04-29  00:40:00  14 05 50.6  -16 51 11     <<SHADOW>>        03 02 43.7  225.026 14.547   5.22  39651 ----
2010-04-29  00:50:00  14 15 54.3  -17 16 07     <<SHADOW>>        03 02 41.6  224.800 14.194   3.62  39631 ----
2010-04-29  01:00:00  14 26 01.3  -17 39 57     <<SHADOW>>        03 02 36.3  224.573 13.863   3.30  39607 ----
2010-04-29  01:10:00  14 36 11.7  -18 02 37     <<SHADOW>>        03 02 27.5  224.345 13.555   4.55  39579 ----
2010-04-29  01:20:00  14 46 25.4  -18 24 05  +000923.2 -000125.1  03 02 15.4  224.116 13.271   6.51  39546 16.0
2010-04-29  01:30:00  14 56 42.6  -18 44 18  +000928.4 -000117.4  03 01 59.9  223.887 13.011   8.75  39510 16.1
2010-04-29  01:40:00  15 07 03.3  -19 03 12  +000933.6 -000109.4  03 01 40.9  223.658 12.777  11.07  39470 16.1

   Date        UTC        RA         DECL      RARate   DeclRate    HourAng      Az     Um    Phase  Range  Mag
2010-04-29  18:10:00  09 08 07.4  +00 31 03  +000876.4 -000191.0  01 33 19.5  211.016 39.775  80.35  37755 16.9
2010-04-29  18:20:00  09 17 50.5  -00 01 09  +000873.0 -000195.3  01 33 38.0  210.863 39.246  77.88  37827 16.9
2010-04-29  18:30:00  09 27 31.4  -00 34 01  +000869.8 -000199.1  01 33 58.7  210.719 38.703  75.40  37898 16.8
2010-04-29  18:40:00  09 37 10.2  -01 07 30  +000866.9 -000202.6  01 34 21.5  210.581 38.147  72.94  37967 16.8
2010-04-29  18:50:00  09 46 47.3  -01 41 32  +000864.2 -000205.8  01 34 46.1  210.451 37.580  70.47  38035 16.7
2010-04-29  19:00:00  09 56 22.6  -02 16 05  +000861.9 -000208.5  01 35 12.4  210.328 37.002  68.02  38101 16.7
2010-04-29  19:10:00  10 05 56.5  -02 51 02  +000859.8 -000210.9  01 35 40.2  210.210 36.416  65.56  38165 16.6
2010-04-29  19:20:00  10 15 29.1  -03 26 22  +000857.9 -000213.0  01 36 09.3  210.098 35.821  63.12  38228 16.6
2010-04-29  19:30:00  10 25 00.5  -04 02 01  +000856.4 -000214.7  01 36 39.5  209.990 35.220  60.67  38288 16.5
2010-04-29  19:40:00  10 34 31.0  -04 37 55  +000855.2 -000216.0  01 37 10.6  209.886 34.614  58.24  38347 16.5
2010-04-29  19:50:00  10 44 00.8  -05 14 01  +000854.2 -000217.0  01 37 42.5  209.785 34.004  55.80  38403 16.4
2010-04-29  20:00:00  10 53 30.0  -05 50 15  +000853.6 -000217.7  01 38 14.8  209.688 33.391  53.38  38456 16.4
2010-04-29  20:10:00  11 02 59.0  -06 26 34  +000853.3 -000218.0  01 38 47.5  209.591 32.776  50.94  38508 16.4
2010-04-29  20:20:00  11 12 27.9  -07 02 54  +000853.3 -000217.9  01 39 20.3  209.497 32.160  48.53  38557 16.3
2010-04-29  20:30:00  11 21 56.9  -07 39 12  +000853.6 -000217.6  01 39 52.9  209.403 31.546  46.10  38603 16.3
2010-04-29  20:40:00  11 31 26.1  -08 15 24  +000854.2 -000216.8  01 40 25.3  209.309 30.933  43.69  38646 16.3
2010-04-29  20:50:00  11 40 55.9  -08 51 27  +000855.1 -000215.8  01 40 57.2  209.214 30.323  41.27  38687 16.3
2010-04-29  21:00:00  11 50 26.4  -09 27 18  +000856.4 -000214.4  01 41 28.4  209.118 29.718  38.86  38724 16.2
2010-04-29  21:10:00  11 59 57.8  -10 02 53  +000857.9 -000212.6  01 41 58.6  209.021 29.118  36.44  38759 16.2
2010-04-29  21:20:00  12 09 30.3  -10 38 10  +000859.7 -000210.5  01 42 27.7  208.921 28.524  34.04  38791 16.2
2010-04-29  21:30:00  12 19 04.2  -11 13 03  +000861.9 -000208.1  01 42 55.5  208.818 27.939  31.63  38819 16.2
2010-04-29  21:40:00  12 28 39.6  -11 47 31  +000864.3 -000205.4  01 43 21.7  208.713 27.362  29.23  38844 16.1
2010-04-29  21:50:00  12 38 16.6  -12 21 29  +000867.0 -000202.3  01 43 46.3  208.604 26.795  26.82  38866 16.1
2010-04-29  22:00:00  12 47 55.6  -12 54 55  +000869.9 -000198.9  01 44 09.0  208.490 26.240  24.43  38884 16.1
2010-04-29  22:10:00  12 57 36.6  -13 27 46  +000873.1 -000195.1  01 44 29.7  208.373 25.696  22.02  38899 16.1
2010-04-29  22:20:00  13 07 19.8  -13 59 56  +000876.6 -000191.0  01 44 48.1  208.250 25.166  19.64  38911 16.1
2010-04-29  22:30:00  13 17 05.5  -14 31 25  +000880.3 -000186.6  01 45 04.1  208.123 24.650  17.24  38918 16.1
2010-04-29  22:40:00  13 26 53.7  -15 02 07  +000884.3 -000181.8  01 45 17.5  207.991 24.150  14.87  38922 16.0
2010-04-29  22:50:00  13 36 44.6  -15 32 00  +000888.5 -000176.7  01 45 28.2  207.853 23.666  12.51  38923 16.0
2010-04-29  23:00:00  13 46 38.3  -16 01 00  +000892.8 -000171.3  01 45 36.1  207.709 23.200  10.18  38919 16.0
2010-04-29  23:10:00  13 56 35.0  -16 29 05     <<SHADOW>>        01 45 41.1  207.560 22.752   7.89  38912 ----
2010-04-29  23:20:00  14 06 34.8  -16 56 10     <<SHADOW>>        01 45 42.9  207.405 22.324   5.75  38901 ----
2010-04-29  23:30:00  14 16 37.8  -17 22 13     <<SHADOW>>        01 45 41.6  207.245 21.916   3.94  38886 ----
2010-04-29  23:40:00  14 26 44.1  -17 47 09     <<SHADOW>>        01 45 36.9  207.078 21.530   3.15  38868 ----
2010-04-29  23:50:00  14 36 53.7  -18 10 57     <<SHADOW>>        01 45 29.0  206.906 21.166   4.04  38845 ----
2010-04-30  00:00:00  14 47 06.7  -18 33 32     <<SHADOW>>        01 45 17.6  206.728 20.825   5.89  38819 ----
2010-04-30  00:10:00  14 57 23.3  -18 54 52  +000927.4 -000124.1  01 45 02.7  206.545 20.508   8.08  38788 16.0
2010-04-30  00:20:00  15 07 43.3  -19 14 53  +000932.7 -000116.1  01 44 44.3  206.356 20.216  10.39  38754 16.0
2010-04-30  00:30:00  15 18 06.8  -19 33 33  +000938.0 -000107.8  01 44 22.4  206.162 19.950  12.77  38716 16.0
2010-04-30  00:40:00  15 28 33.9  -19 50 48  +000943.2 -000099.2  01 43 57.0  205.963 19.710  15.18  38674 16.0
2010-04-30  00:50:00  15 39 04.5  -20 06 35  +000948.5 -000090.3  01 43 28.1  205.760 19.497  17.62  38629 16.0
2010-04-30  01:00:00  15 49 38.5  -20 20 52  +000953.7 -000081.1  01 42 55.6  205.552 19.311  20.07  38580 16.1
2010-04-30  01:10:00  16 00 16.0  -20 33 36  +000958.8 -000071.6  01 42 19.8  205.341 19.154  22.55  38527 16.1
2010-04-30  01:20:00  16 10 56.8  -20 44 44  +000963.8 -000062.0  01 41 40.6  205.126 19.026  25.02  38470 16.1
2010-04-30  01:30:00  16 21 41.0  -20 54 15  +000968.6 -000052.0  01 40 58.1  204.907 18.927  27.52  38411 16.1
2010-04-30  01:40:00  16 32 28.3  -21 02 05  +000973.3 -000041.9  01 40 12.5  204.686 18.858  30.02  38347 16.1

   Date        UTC        RA         DECL      RARate   DeclRate    HourAng      Az     Um    Phase  Range  Mag
2010-04-30  18:10:00  10 27 08.4  -03 42 46  +000857.2 -000215.9  00 18 15.0  185.924 39.727  61.13  37900 16.5
2010-04-30  18:20:00  10 36 39.4  -04 18 53  +000855.9 -000217.5  00 18 45.6  186.032 39.118  58.69  37958 16.5
2010-04-30  18:30:00  10 46 09.6  -04 55 14  +000854.8 -000218.7  00 19 17.0  186.142 38.504  56.25  38013 16.4
2010-04-30  18:40:00  10 55 39.3  -05 31 46  +000854.1 -000219.6  00 19 49.0  186.253 37.887  53.82  38066 16.4
2010-04-30  18:50:00  11 05 08.5  -06 08 25  +000853.7 -000220.1  00 20 21.4  186.363 37.267  51.38  38117 16.4
2010-04-30  19:00:00  11 14 37.6  -06 45 08  +000853.6 -000220.3  00 20 54.0  186.472 36.647  48.96  38165 16.3
2010-04-30  19:10:00  11 24 06.7  -07 21 50  +000853.8 -000220.1  00 21 26.5  186.578 36.026  46.53  38211 16.3
2010-04-30  19:20:00  11 33 36.1  -07 58 30  +000854.3 -000219.6  00 21 58.8  186.681 35.407  44.12  38254 16.3
2010-04-30  19:30:00  11 43 05.9  -08 35 02  +000855.2 -000218.8  00 22 30.6  186.780 34.789  41.69  38295 16.2
2010-04-30  19:40:00  11 52 36.4  -09 11 24  +000856.3 -000217.6  00 23 01.7  186.874 34.174  39.28  38333 16.2
2010-04-30  19:50:00  12 02 07.8  -09 47 32  +000857.8 -000216.0  00 23 32.0  186.963 33.564  36.86  38368 16.2
2010-04-30  20:00:00  12 11 40.2  -10 23 23  +000859.5 -000214.1  00 24 01.2  187.044 32.958  34.45  38400 16.2
2010-04-30  20:10:00  12 21 13.9  -10 58 54  +000861.6 -000211.9  00 24 29.2  187.119 32.359  32.03  38429 16.1
2010-04-30  20:20:00  12 30 49.0  -11 33 60  +000863.9 -000209.3  00 24 55.7  187.186 31.767  29.63  38455 16.1
2010-04-30  20:30:00  12 40 25.8  -12 08 38  +000866.5 -000206.4  00 25 20.5  187.244 31.182  27.21  38478 16.1
2010-04-30  20:40:00  12 50 04.5  -12 42 46  +000869.5 -000203.1  00 25 43.5  187.293 30.608  24.81  38498 16.1
2010-04-30  20:50:00  12 59 45.2  -13 16 19  +000872.6 -000199.5  00 26 04.4  187.333 30.043  22.40  38515 16.1
2010-04-30  21:00:00  13 09 28.1  -13 49 15  +000876.0 -000195.5  00 26 23.2  187.363 29.490  20.01  38528 16.0
2010-04-30  21:10:00  13 19 13.3  -14 21 29  +000879.7 -000191.2  00 26 39.6  187.383 28.949  17.60  38539 16.0
2010-04-30  21:20:00  13 29 01.1  -14 52 58  +000883.6 -000186.6  00 26 53.5  187.391 28.421  15.22  38545 16.0
2010-04-30  21:30:00  13 38 51.5  -15 23 39  +000887.7 -000181.6  00 27 04.7  187.389 27.907  12.84  38549 16.0
2010-04-30  21:40:00  13 48 44.7  -15 53 29  +000892.0 -000176.3  00 27 13.1  187.375 27.409  10.49  38548 16.0
2010-04-30  21:50:00  13 58 41.0  -16 22 24  +000896.6 -000170.6  00 27 18.5  187.350 26.927   8.16  38545 16.0
2010-04-30  22:00:00  14 08 40.2  -16 50 20     <<SHADOW>>        00 27 20.9  187.312 26.463   5.95  38538 ----
2010-04-30  22:10:00  14 18 42.6  -17 17 14     <<SHADOW>>        00 27 20.1  187.263 26.017   3.98  38527 ----
2010-04-30  22:20:00  14 28 48.3  -17 43 04     <<SHADOW>>        00 27 16.1  187.202 25.589   2.88  38513 ----
2010-04-30  22:30:00  14 38 57.4  -18 07 45     <<SHADOW>>        00 27 08.7  187.128 25.182   3.56  38495 ----
2010-04-30  22:40:00  14 49 09.8  -18 31 14     <<SHADOW>>        00 26 57.9  187.043 24.796   5.39  38473 ----
2010-04-30  22:50:00  14 59 25.7  -18 53 29     <<SHADOW>>        00 26 43.6  186.945 24.432   7.59  38448 ----
2010-04-30  23:00:00  15 09 45.1  -19 14 25  +000931.8 -000121.6  00 26 25.9  186.835 24.091   9.91  38420 16.0
2010-04-30  23:10:00  15 20 08.1  -19 33 60  +000937.0 -000113.3  00 26 04.6  186.713 23.773  12.31  38387 16.0
2010-04-30  23:20:00  15 30 34.5  -19 52 10  +000942.3 -000104.7  00 25 39.8  186.579 23.479  14.72  38352 16.0
2010-04-30  23:30:00  15 41 04.5  -20 08 54  +000947.6 -000095.9  00 25 11.4  186.433 23.211  17.17  38312 16.0
2010-04-30  23:40:00  15 51 38.0  -20 24 07  +000952.8 -000086.7  00 24 39.6  186.276 22.968  19.62  38269 16.0
2010-04-30  23:50:00  16 02 14.8  -20 37 47  +000957.9 -000077.3  00 24 04.4  186.108 22.752  22.10  38223 16.0
2010-05-01  00:00:00  16 12 55.1  -20 49 51  +000962.9 -000067.6  00 23 25.7  185.928 22.563  24.57  38174 16.1
2010-05-01  00:10:00  16 23 38.7  -21 00 18  +000967.8 -000057.6  00 22 43.8  185.738 22.401  27.07  38121 16.1
2010-05-01  00:20:00  16 34 25.4  -21 09 04  +000972.5 -000047.5  00 21 58.7  185.538 22.268  29.57  38065 16.1
2010-05-01  00:30:00  16 45 15.3  -21 16 07  +000977.0 -000037.1  00 21 10.5  185.327 22.164  32.10  38005 16.1
2010-05-01  00:40:00  16 56 08.1  -21 21 26  +000981.4 -000026.5  00 20 19.3  185.107 22.089  34.61  37943 16.1
2010-05-01  00:50:00  17 07 03.8  -21 24 58  +000985.5 -000015.8  00 19 25.3  184.877 22.044  37.16  37877 16.2
2010-05-01  01:00:00  17 18 02.1  -21 26 42  +000989.4 -000004.9  00 18 28.6  184.638 22.029  39.69  37809 16.2
2010-05-01  01:10:00  17 29 03.0  -21 26 36  +000993.1 +000006.1  00 17 29.4  184.391 22.044  42.26  37738 16.2
2010-05-01  01:20:00  17 40 06.1  -21 24 40  +000996.5 +000017.2  00 16 27.9  184.136 22.089  44.81  37665 16.2
2010-05-01  01:30:00  17 51 11.5  -21 20 52  +000999.6 +000028.4  00 15 24.1  183.873 22.165  47.40  37589 16.3
2010-05-01  01:40:00  18 02 18.9  -21 15 12  +001002.5 +000039.6  00 14 18.4  183.602 22.272  49.97  37510 16.3
