ЭФЕМЕРИДЫ ПО ОБЪЕКТУ:  90144
Для пункта:  10016 Маяки   46 23'50.68"   30 16'17.74"    14m
C   2010-04-15 12:00
по  2010-05-01 12:00
Шаг  0:10:00
Мин.угол места:          10 град
Макс.угол места Солнца: -10 град
Стандартный блеск :      9.1 (зв.вел.)

ОБОЗНАЧЕНИЯ
RA        прямое восхождение, тек.эпоха
DECL      склонение, тек.эпоха
RARate    скорость по пр.восх., арксек/мин
DeclRate  скорость по склонению, арксек/мин
HourAng   часовой угол
Az        азимут
Um        угол места
Phase     фазовый угол
Range     дальность
Mag       зв.величина (оценка)

   Date        UTC        RA         DECL      RARate   DeclRate    HourAng      Az     Um    Phase  Range  Mag
2010-04-15  17:50:00  10 58 40.2  -03 26 51  +000642.8 -000209.5  22 27 31.5  150.972 36.127  39.35  44469 16.3
2010-04-15  18:00:00  11 05 47.1  -04 01 44  +000637.8 -000209.0  22 30 26.3  152.057 35.818  37.51  44654 16.3
2010-04-15  18:10:00  11 12 50.7  -04 36 31  +000633.2 -000208.4  22 33 24.3  153.147 35.503  35.67  44834 16.3
2010-04-15  18:20:00  11 19 51.4  -05 11 12  +000628.9 -000207.6  22 36 25.3  154.241 35.184  33.86  45008 16.3
2010-04-15  18:30:00  11 26 49.3  -05 45 43  +000624.9 -000206.7  22 39 29.0  155.338 34.859  32.06  45177 16.3
2010-04-15  18:40:00  11 33 44.7  -06 20 05  +000621.2 -000205.6  22 42 35.3  156.435 34.528  30.28  45340 16.3
2010-04-15  18:50:00  11 40 37.7  -06 54 15  +000617.9 -000204.4  22 45 43.9  157.533 34.192  28.50  45497 16.3
2010-04-15  19:00:00  11 47 28.7  -07 28 12  +000614.9 -000203.0  22 48 54.6  158.628 33.850  26.76  45648 16.3
2010-04-15  19:10:00  11 54 17.7  -08 01 55  +000612.2 -000201.5  22 52 07.2  159.721 33.502  25.01  45793 16.3
2010-04-15  19:20:00  12 01 05.0  -08 35 23  +000609.8 -000199.9  22 55 21.5  160.810 33.149  23.30  45932 16.3
2010-04-15  19:30:00  12 07 50.8  -09 08 33  +000607.7 -000198.2  22 58 37.3  161.894 32.790  21.59  46065 16.2
2010-04-15  19:40:00  12 14 35.4  -09 41 26  +000605.9 -000196.3  23 01 54.4  162.971 32.425  19.91  46192 16.2
2010-04-15  19:50:00  12 21 18.8  -10 13 60  +000604.4 -000194.4  23 05 12.6  164.041 32.055  18.24  46313 16.2
2010-04-15  20:00:00  12 28 01.3  -10 46 13  +000603.2 -000192.3  23 08 31.8  165.103 31.680  16.61  46427 16.2
2010-04-15  20:10:00  12 34 43.2  -11 18 05  +000602.3 -000190.1  23 11 51.6  166.155 31.299  14.99  46535 16.2
2010-04-15  20:20:00  12 41 24.4  -11 49 34  +000601.6 -000187.8  23 15 12.0  167.197 30.914  13.42  46636 16.2
2010-04-15  20:30:00  12 48 05.3  -12 20 40  +000601.2 -000185.4  23 18 32.7  168.228 30.524  11.88  46731 16.2
2010-04-15  20:40:00  12 54 46.0  -12 51 21  +000601.0 -000182.8  23 21 53.6  169.248 30.131  10.41  46819 16.2
2010-04-15  20:50:00  13 01 26.8  -13 21 36  +000601.2 -000180.2  23 25 14.5  170.254 29.733   9.02  46900 16.2
2010-04-15  21:00:00  13 08 07.7  -13 51 25  +000601.6 -000177.5  23 28 35.3  171.248 29.332   7.77  46974 16.2
2010-04-15  21:10:00  13 14 48.9  -14 20 46     <<SHADOW>>        23 31 55.7  172.227 28.928   6.71  47042 ----
2010-04-15  21:20:00  13 21 30.7  -14 49 37     <<SHADOW>>        23 35 15.5  173.192 28.522   5.96  47103 ----
2010-04-15  21:30:00  13 28 13.1  -15 17 59     <<SHADOW>>        23 38 34.7  174.142 28.114   5.63  47156 ----
2010-04-15  21:40:00  13 34 56.4  -15 45 50     <<SHADOW>>        23 41 53.1  175.076 27.705   5.79  47203 ----
2010-04-15  21:50:00  13 41 40.7  -16 13 08     <<SHADOW>>        23 45 10.5  175.995 27.294   6.41  47243 ----
2010-04-15  22:00:00  13 48 26.2  -16 39 53     <<SHADOW>>        23 48 26.6  176.897 26.884   7.36  47275 ----
2010-04-15  22:10:00  13 55 13.0  -17 06 04     <<SHADOW>>        23 51 41.5  177.782 26.474   8.54  47300 ----
2010-04-15  22:20:00  14 02 01.2  -17 31 40     <<SHADOW>>        23 54 54.9  178.650 26.065   9.86  47318 ----
2010-04-15  22:30:00  14 08 51.1  -17 56 38  +000616.1 -000148.0  23 58 06.6  179.502 25.657  11.29  47329 16.3
2010-04-15  22:40:00  14 15 42.8  -18 20 59  +000618.9 -000144.2  00 01 16.6  180.335 25.252  12.76  47332 16.3
2010-04-15  22:50:00  14 22 36.4  -18 44 41  +000621.9 -000140.2  00 04 24.7  181.151 24.850  14.29  47328 16.3
2010-04-15  23:00:00  14 29 32.0  -19 07 43  +000625.1 -000136.1  00 07 30.7  181.949 24.452  15.85  47317 16.3
2010-04-15  23:10:00  14 36 29.9  -19 30 04  +000628.5 -000131.9  00 10 34.4  182.729 24.058  17.44  47298 16.3
2010-04-15  23:20:00  14 43 30.1  -19 51 42  +000632.2 -000127.6  00 13 35.8  183.491 23.670  19.03  47271 16.3
2010-04-15  23:30:00  14 50 32.8  -20 12 36  +000636.0 -000123.1  00 16 34.8  184.235 23.287  20.66  47237 16.3
2010-04-15  23:40:00  14 57 38.2  -20 32 44  +000640.0 -000118.5  00 19 31.1  184.961 22.911  22.29  47195 16.3
2010-04-15  23:50:00  15 04 46.2  -20 52 06  +000644.3 -000113.8  00 22 24.7  185.668 22.543  23.94  47146 16.3
2010-04-16  00:00:00  15 11 57.2  -21 10 40  +000648.7 -000108.9  00 25 15.3  186.358 22.183  25.59  47089 16.3
2010-04-16  00:10:00  15 19 11.2  -21 28 25  +000653.3 -000103.9  00 28 03.0  187.030 21.832  27.27  47024 16.3
2010-04-16  00:20:00  15 26 28.3  -21 45 18  +000658.0 -000098.8  00 30 47.6  187.684 21.492  28.94  46951 16.3
2010-04-16  00:30:00  15 33 48.6  -22 01 20  +000663.0 -000093.5  00 33 28.9  188.320 21.161  30.64  46871 16.4
2010-04-16  00:40:00  15 41 12.3  -22 16 27  +000668.1 -000088.0  00 36 06.8  188.939 20.843  32.33  46783 16.4
2010-04-16  00:50:00  15 48 39.4  -22 30 39  +000673.4 -000082.4  00 38 41.3  189.540 20.537  34.05  46688 16.4
2010-04-16  01:00:00  15 56 10.1  -22 43 54  +000678.8 -000076.6  00 41 12.3  190.125 20.244  35.76  46584 16.4
2010-04-16  01:10:00  16 03 44.5  -22 56 10  +000684.4 -000070.6  00 43 39.5  190.692 19.964  37.50  46473 16.4
2010-04-16  01:20:00  16 11 22.6  -23 07 26  +000690.1 -000064.5  00 46 03.0  191.242 19.700  39.24  46354 16.4
2010-04-16  01:30:00  16 19 04.6  -23 17 40  +000695.9 -000058.2  00 48 22.7  191.776 19.451  41.01  46228 16.4
2010-04-16  01:40:00  16 26 50.6  -23 26 50  +000701.9 -000051.7  00 50 38.4  192.294 19.219  42.77  46094 16.5
2010-04-16  01:50:00  16 34 40.5  -23 34 55  +000708.0 -000045.1  00 52 50.1  192.796 19.004  44.56  45953 16.5
2010-04-16  02:00:00  16 42 34.6  -23 41 52  +000714.2 -000038.3  00 54 57.7  193.283 18.807  46.35  45804 16.5
2010-04-16  02:10:00  16 50 32.8  -23 47 39  +000720.5 -000031.3  00 57 01.1  193.754 18.629  48.17  45647 16.5

   Date        UTC        RA         DECL      RARate   DeclRate    HourAng      Az     Um    Phase  Range  Mag
2010-04-16  17:50:00  09 08 50.7  +03 50 54  +000745.2 -000199.8  00 21 17.6  187.830 47.200  68.66  41145 16.6
2010-04-16  18:00:00  09 17 04.1  +03 17 23  +000735.1 -000202.3  00 23 05.8  188.406 46.600  66.55  41405 16.6
2010-04-16  18:10:00  09 25 10.9  +02 43 29  +000725.3 -000204.5  00 25 00.7  189.009 45.988  64.45  41663 16.6
2010-04-16  18:20:00  09 33 11.4  +02 09 15  +000716.0 -000206.3  00 27 01.9  189.635 45.365  62.39  41919 16.6
2010-04-16  18:30:00  09 41 05.7  +01 34 44  +000707.1 -000207.8  00 29 09.2  190.282 44.730  60.34  42172 16.5
2010-04-16  18:40:00  09 48 54.3  +00 59 60  +000698.6 -000209.0  00 31 22.2  190.949 44.086  58.32  42423 16.5
2010-04-16  18:50:00  09 56 37.3  +00 25 05  +000690.5 -000209.9  00 33 40.8  191.633 43.431  56.31  42670 16.5
2010-04-16  19:00:00  10 04 15.1  -00 09 58  +000682.8 -000210.5  00 36 04.7  192.331 42.767  54.33  42915 16.5
2010-04-16  19:10:00  10 11 47.9  -00 45 05  +000675.6 -000210.9  00 38 33.6  193.041 42.095  52.36  43155 16.4
2010-04-16  19:20:00  10 19 15.9  -01 20 15  +000668.7 -000211.1  00 41 07.2  193.762 41.414  50.43  43392 16.4
2010-04-16  19:30:00  10 26 39.5  -01 55 26  +000662.2 -000211.0  00 43 45.2  194.492 40.725  48.50  43626 16.4
2010-04-16  19:40:00  10 33 58.9  -02 30 35  +000656.0 -000210.7  00 46 27.4  195.228 40.029  46.60  43855 16.4
2010-04-16  19:50:00  10 41 14.4  -03 05 40  +000650.3 -000210.3  00 49 13.6  195.970 39.326  44.71  44079 16.4
2010-04-16  20:00:00  10 48 26.1  -03 40 40  +000644.9 -000209.6  00 52 03.6  196.716 38.616  42.84  44299 16.4
2010-04-16  20:10:00  10 55 34.3  -04 15 32  +000639.9 -000208.7  00 54 57.0  197.465 37.901  40.99  44515 16.4
2010-04-16  20:20:00  11 02 39.4  -04 50 14  +000635.2 -000207.7  00 57 53.6  198.214 37.180  39.16  44726 16.3
2010-04-16  20:30:00  11 09 41.4  -05 24 46  +000630.9 -000206.6  01 00 53.2  198.964 36.454  37.33  44931 16.3
2010-04-16  20:40:00  11 16 40.8  -05 59 05  +000627.0 -000205.2  01 03 55.5  199.712 35.724  35.54  45132 16.3
2010-04-16  20:50:00  11 23 37.5  -06 33 10  +000623.4 -000203.8  01 07 00.4  200.457 34.990  33.74  45327 16.3
2010-04-16  21:00:00  11 30 32.0  -07 07 00  +000620.1 -000202.2  01 10 07.5  201.200 34.252  31.98  45517 16.3
2010-04-16  21:10:00  11 37 24.3  -07 40 34  +000617.1 -000200.5  01 13 16.8  201.939 33.512  30.21  45701 16.3
2010-04-16  21:20:00  11 44 14.8  -08 13 49  +000614.4 -000198.6  01 16 28.0  202.672 32.769  28.48  45879 16.3
2010-04-16  21:30:00  11 51 03.6  -08 46 46  +000612.1 -000196.6  01 19 40.8  203.400 32.024  26.74  46052 16.3
2010-04-16  21:40:00  11 57 51.0  -09 19 22  +000610.0 -000194.6  01 22 55.1  204.122 31.277  25.04  46218 16.3
2010-04-16  21:50:00  12 04 37.1  -09 51 37  +000608.3 -000192.4  01 26 10.6  204.836 30.530  23.34  46378 16.3
2010-04-16  22:00:00  12 11 22.2  -10 23 29  +000606.9 -000190.1  01 29 27.2  205.543 29.783  21.67  46532 16.3
2010-04-16  22:10:00  12 18 06.3  -10 54 58  +000605.7 -000187.7  01 32 44.7  206.242 29.035  20.00  46680 16.3
2010-04-16  22:20:00  12 24 49.8  -11 26 02  +000604.8 -000185.2  01 36 02.8  206.933 28.289  18.37  46821 16.3
2010-04-16  22:30:00  12 31 32.8  -11 56 41  +000604.2 -000182.6  01 39 21.5  207.614 27.544  16.75  46955 16.3
2010-04-16  22:40:00  12 38 15.5  -12 26 53  +000603.9 -000179.9  01 42 40.4  208.287 26.801  15.18  47083 16.3
2010-04-16  22:50:00  12 44 58.1  -12 56 38  +000603.9 -000177.1  01 45 59.5  208.949 26.060  13.62  47204 16.3
2010-04-16  23:00:00  12 51 40.8  -13 25 54  +000604.1 -000174.2  01 49 18.5  209.602 25.323  12.13  47317 16.3
2010-04-16  23:10:00  12 58 23.6  -13 54 41  +000604.5 -000171.2  01 52 37.2  210.245 24.590  10.69  47424 16.3
2010-04-16  23:20:00  13 05 06.9  -14 22 58     <<SHADOW>>        01 55 55.6  210.878 23.860   9.35  47524 ----
2010-04-16  23:30:00  13 11 50.7  -14 50 43     <<SHADOW>>        01 59 13.4  211.500 23.136   8.14  47616 ----
2010-04-16  23:40:00  13 18 35.3  -15 17 56     <<SHADOW>>        02 02 30.5  212.111 22.417   7.14  47700 ----
2010-04-16  23:50:00  13 25 20.7  -15 44 37     <<SHADOW>>        02 05 46.7  212.712 21.704   6.43  47778 ----
2010-04-17  00:00:00  13 32 07.2  -16 10 43     <<SHADOW>>        02 09 01.8  213.302 20.999   6.11  47847 ----
2010-04-17  00:10:00  13 38 55.0  -16 36 14     <<SHADOW>>        02 12 15.7  213.881 20.300   6.24  47910 ----
2010-04-17  00:20:00  13 45 44.1  -17 01 09     <<SHADOW>>        02 15 28.3  214.450 19.610   6.80  47964 ----
2010-04-17  00:30:00  13 52 34.7  -17 25 27     <<SHADOW>>        02 18 39.3  215.007 18.928   7.70  48011 ----
2010-04-17  00:40:00  13 59 27.0  -17 49 07  +000619.8 -000140.1  02 21 48.6  215.554 18.255   8.82  48049 16.3
2010-04-17  00:50:00  14 06 21.1  -18 12 08  +000622.6 -000136.1  02 24 56.2  216.090 17.592  10.11  48080 16.3
2010-04-17  01:00:00  14 13 17.2  -18 34 29  +000625.7 -000132.1  02 28 01.8  216.615 16.940  11.50  48103 16.3
2010-04-17  01:10:00  14 20 15.4  -18 56 09  +000628.9 -000127.9  02 31 05.2  217.130 16.299  12.96  48117 16.3
2010-04-17  01:20:00  14 27 15.8  -19 17 07  +000632.4 -000123.6  02 34 06.5  217.635 15.670  14.47  48124 16.3
2010-04-17  01:30:00  14 34 18.6  -19 37 21  +000636.0 -000119.2  02 37 05.3  218.129 15.053  16.03  48122 16.3
2010-04-17  01:40:00  14 41 23.9  -19 56 51  +000639.9 -000114.7  02 40 01.7  218.612 14.449  17.60  48112 16.3
2010-04-17  01:50:00  14 48 31.8  -20 15 35  +000643.9 -000110.1  02 42 55.4  219.086 13.858  19.21  48094 16.3
2010-04-17  02:00:00  14 55 42.5  -20 33 32  +000648.2 -000105.3  02 45 46.3  219.550 13.282  20.83  48068 16.3
2010-04-17  02:10:00  15 02 56.1  -20 50 42  +000652.6 -000100.5  02 48 34.4  220.005 12.721  22.48  48033 16.3

   Date        UTC        RA         DECL      RARate   DeclRate    HourAng      Az     Um    Phase  Range  Mag
2010-04-17  17:50:00  06 59 06.5  +09 37 10  +000914.9 -000123.3  02 34 58.4  234.408 40.643 102.32  38650 17.4
2010-04-17  18:00:00  07 09 11.9  +09 15 51  +000901.3 -000132.4  02 34 54.6  234.126 40.359  99.82  38906 17.4
2010-04-17  18:10:00  07 19 08.2  +08 53 04  +000887.7 -000140.9  02 34 59.9  233.869 40.033  97.33  39166 17.3
2010-04-17  18:20:00  07 28 55.5  +08 28 55  +000874.2 -000148.7  02 35 14.3  233.638 39.668  94.90  39431 17.2
2010-04-17  18:30:00  07 38 33.9  +08 03 31  +000860.9 -000155.9  02 35 37.5  233.434 39.263  92.47  39698 17.2
2010-04-17  18:40:00  07 48 03.5  +07 36 59  +000847.8 -000162.5  02 36 09.6  233.257 38.822  90.09  39969 17.1
2010-04-17  18:50:00  07 57 24.4  +07 09 23  +000835.0 -000168.6  02 36 50.3  233.108 38.347  87.73  40243 17.1
2010-04-17  19:00:00  08 06 36.9  +06 40 49  +000822.5 -000174.1  02 37 39.4  232.987 37.838  85.41  40518 17.0
2010-04-17  19:10:00  08 15 41.1  +06 11 23  +000810.2 -000179.0  02 38 36.9  232.894 37.298  83.10  40795 17.0
2010-04-17  19:20:00  08 24 37.3  +05 41 11  +000798.3 -000183.4  02 39 42.3  232.828 36.728  80.84  41073 16.9
2010-04-17  19:30:00  08 33 25.7  +05 10 16  +000786.8 -000187.4  02 40 55.6  232.790 36.131  78.59  41352 16.9
2010-04-17  19:40:00  08 42 06.5  +04 38 44  +000775.6 -000190.9  02 42 16.5  232.778 35.507  76.38  41631 16.8
2010-04-17  19:50:00  08 50 39.9  +04 06 40  +000764.8 -000193.9  02 43 44.7  232.792 34.859  74.18  41910 16.8
2010-04-17  20:00:00  08 59 06.3  +03 34 07  +000754.4 -000196.6  02 45 19.9  232.831 34.188  72.02  42189 16.8
2010-04-17  20:10:00  09 07 25.9  +03 01 09  +000744.4 -000198.9  02 47 02.0  232.893 33.496  69.87  42467 16.7
2010-04-17  20:20:00  09 15 38.9  +02 27 51  +000734.7 -000200.8  02 48 50.6  232.979 32.784  67.76  42744 16.7
2010-04-17  20:30:00  09 23 45.6  +01 54 15  +000725.5 -000202.3  02 50 45.5  233.086 32.053  65.66  43020 16.7
2010-04-17  20:40:00  09 31 46.4  +01 20 25  +000716.7 -000203.5  02 52 46.4  233.213 31.305  63.60  43293 16.6
2010-04-17  20:50:00  09 39 41.4  +00 46 25  +000708.3 -000204.5  02 54 53.1  233.360 30.541  61.54  43565 16.6
2010-04-17  21:00:00  09 47 30.9  +00 12 17  +000700.3 -000205.1  02 57 05.2  233.526 29.762  59.52  43834 16.6
2010-04-17  21:10:00  09 55 15.3  -00 21 57  +000692.8 -000205.5  02 59 22.4  233.708 28.970  57.51  44100 16.6
2010-04-17  21:20:00  10 02 54.7  -00 56 13  +000685.6 -000205.6  03 01 44.7  233.907 28.166  55.53  44364 16.6
2010-04-17  21:30:00  10 10 29.4  -01 30 29  +000678.7 -000205.5  03 04 11.6  234.120 27.351  53.56  44624 16.5
2010-04-17  21:40:00  10 17 59.8  -02 04 42  +000672.3 -000205.2  03 06 42.9  234.348 26.525  51.62  44880 16.5
2010-04-17  21:50:00  10 25 26.0  -02 38 52  +000666.3 -000204.7  03 09 18.3  234.588 25.690  49.69  45133 16.5
2010-04-17  22:00:00  10 32 48.2  -03 12 55  +000660.6 -000204.0  03 11 57.7  234.840 24.848  47.78  45382 16.5
2010-04-17  22:10:00  10 40 06.9  -03 46 51  +000655.3 -000203.1  03 14 40.7  235.102 23.998  45.88  45626 16.5
2010-04-17  22:20:00  10 47 22.1  -04 20 36  +000650.4 -000202.0  03 17 27.1  235.375 23.142  44.01  45866 16.5
2010-04-17  22:30:00  10 54 34.2  -04 54 10  +000645.8 -000200.8  03 20 16.7  235.656 22.281  42.14  46101 16.4
2010-04-17  22:40:00  11 01 43.3  -05 27 31  +000641.6 -000199.4  03 23 09.2  235.945 21.416  40.31  46331 16.4
2010-04-17  22:50:00  11 08 49.8  -06 00 37  +000637.7 -000197.9  03 26 04.4  236.242 20.546  38.47  46556 16.4
2010-04-17  23:00:00  11 15 53.7  -06 33 28  +000634.2 -000196.2  03 29 02.1  236.544 19.674  36.66  46776 16.4
2010-04-17  23:10:00  11 22 55.4  -07 06 01  +000631.0 -000194.4  03 32 02.0  236.853 18.800  34.85  46990 16.4
2010-04-17  23:20:00  11 29 55.1  -07 38 16  +000628.1 -000192.5  03 35 04.0  237.166 17.925  33.07  47198 16.4
2010-04-17  23:30:00  11 36 53.0  -08 10 11  +000625.5 -000190.5  03 38 07.8  237.483 17.050  31.29  47400 16.4
2010-04-17  23:40:00  11 43 49.2  -08 41 46  +000623.2 -000188.4  03 41 13.2  237.805 16.174  29.54  47596 16.4
2010-04-17  23:50:00  11 50 44.0  -09 12 59  +000621.3 -000186.2  03 44 20.0  238.129 15.300  27.79  47786 16.4
2010-04-18  00:00:00  11 57 37.6  -09 43 49  +000619.6 -000183.9  03 47 28.0  238.455 14.427  26.06  47969 16.4
2010-04-18  00:10:00  12 04 30.2  -10 14 16  +000618.2 -000181.4  03 50 37.1  238.783 13.556  24.34  48145 16.4
2010-04-18  00:20:00  12 11 22.0  -10 44 18  +000617.1 -000178.9  03 53 47.0  239.113 12.689  22.64  48315 16.4
2010-04-18  00:30:00  12 18 13.1  -11 13 55  +000616.3 -000176.3  03 56 57.5  239.444 11.825  20.95  48477 16.4
2010-04-18  00:40:00  12 25 03.8  -11 43 05  +000615.8 -000173.7  04 00 08.4  239.774 10.965  19.28  48633 16.3
2010-04-18  00:50:00  12 31 54.2  -12 11 48  +000615.5 -000170.9  04 03 19.6  240.106 10.110  17.63  48781 16.3

   Date        UTC        RA         DECL      RARate   DeclRate    HourAng      Az     Um    Phase  Range  Mag
2010-04-18  17:50:00  04 30 38.3  +10 36 52  +001060.2 +000045.7  05 07 23.1  267.910 16.717 139.66  38102 19.4
2010-04-18  18:00:00  04 42 22.6  +10 43 12  +001052.5 +000030.3  05 05 40.5  267.674 17.087 136.81  38244 19.2
2010-04-18  18:10:00  04 54 01.5  +10 46 59  +001044.0 +000015.2  05 04 03.2  267.423 17.411 133.96  38398 19.0
2010-04-18  18:20:00  05 05 34.4  +10 48 17  +001034.7 +000000.4  05 02 31.9  267.160 17.688 131.15  38564 18.8
2010-04-18  18:30:00  05 17 01.0  +10 47 09  +001024.8 -000014.0  05 01 07.0  266.885 17.919 128.35  38740 18.7
2010-04-18  18:40:00  05 28 20.7  +10 43 40  +001014.3 -000027.9  04 59 48.9  266.603 18.101 125.59  38928 18.5
2010-04-18  18:50:00  05 39 33.2  +10 37 53  +001003.2 -000041.3  04 58 38.0  266.314 18.236 122.84  39125 18.4
2010-04-18  19:00:00  05 50 38.2  +10 29 55  +000991.7 -000054.2  04 57 34.7  266.021 18.323 120.13  39332 18.2
2010-04-18  19:10:00  06 01 35.4  +10 19 51  +000979.7 -000066.5  04 56 39.2  265.726 18.362 117.44  39548 18.1
2010-04-18  19:20:00  06 12 24.5  +10 07 46  +000967.5 -000078.3  04 55 51.7  265.431 18.354 114.79  39773 18.0
2010-04-18  19:30:00  06 23 05.3  +09 53 47  +000954.9 -000089.4  04 55 12.5  265.138 18.299 112.15  40005 17.9
2010-04-18  19:40:00  06 33 37.7  +09 38 00  +000942.2 -000099.9  04 54 41.8  264.850 18.198 109.56  40245 17.8
2010-04-18  19:50:00  06 44 01.6  +09 20 31  +000929.3 -000109.8  04 54 19.6  264.567 18.053 106.98  40492 17.7
2010-04-18  20:00:00  06 54 16.8  +09 01 27  +000916.4 -000119.0  04 54 05.9  264.293 17.863 104.44  40745 17.6
2010-04-18  20:10:00  07 04 23.5  +08 40 53  +000903.5 -000127.7  04 54 00.9  264.027 17.631 101.92  41004 17.6
2010-04-18  20:20:00  07 14 21.5  +08 18 56  +000890.6 -000135.7  04 54 04.5  263.772 17.357  99.44  41268 17.5
2010-04-18  20:30:00  07 24 11.0  +07 55 41  +000877.9 -000143.1  04 54 16.7  263.529 17.043  96.98  41537 17.4
2010-04-18  20:40:00  07 33 52.1  +07 31 16  +000865.2 -000149.9  04 54 37.3  263.300 16.690  94.56  41810 17.3
2010-04-18  20:50:00  07 43 24.8  +07 05 46  +000852.8 -000156.1  04 55 06.2  263.084 16.300  92.16  42086 17.3
2010-04-18  21:00:00  07 52 49.2  +06 39 15  +000840.6 -000161.8  04 55 43.4  262.883 15.874  89.79  42366 17.2
2010-04-18  21:10:00  08 02 05.6  +06 11 51  +000828.6 -000167.0  04 56 28.7  262.697 15.414  87.45  42649 17.2
2010-04-18  21:20:00  08 11 14.1  +05 43 37  +000816.9 -000171.6  04 57 21.8  262.528 14.921  85.14  42934 17.1
2010-04-18  21:30:00  08 20 14.9  +05 14 40  +000805.5 -000175.8  04 58 22.7  262.375 14.396  82.84  43220 17.1
2010-04-18  21:40:00  08 29 08.2  +04 45 03  +000794.5 -000179.5  04 59 31.0  262.238 13.843  80.59  43508 17.0
2010-04-18  21:50:00  08 37 54.3  +04 14 51  +000783.8 -000182.8  05 00 46.5  262.119 13.261  78.35  43796 17.0
2010-04-18  22:00:00  08 46 33.3  +03 44 08  +000773.4 -000185.6  05 02 09.1  262.016 12.653  76.14  44085 17.0
2010-04-18  22:10:00  08 55 05.6  +03 12 59  +000763.4 -000188.1  05 03 38.5  261.930 12.020  73.95  44374 16.9
2010-04-18  22:20:00  09 03 31.3  +02 41 28  +000753.8 -000190.2  05 05 14.5  261.860 11.364  71.80  44662 16.9
2010-04-18  22:30:00  09 11 50.7  +02 09 37  +000744.5 -000191.9  05 06 56.7  261.808 10.685  69.65  44950 16.8

   Date        UTC        RA         DECL      RARate   DeclRate    HourAng      Az     Um    Phase  Range  Mag
2010-04-26  01:00:00  20 41 04.7  -18 57 12  +000876.9 +000170.6  20 35 43.3  131.650 10.059  91.98  41742 17.3
2010-04-26  01:10:00  20 50 51.4  -18 27 56  +000883.5 +000180.6  20 35 58.1  131.430 10.500  94.34  41460 17.3
2010-04-26  01:20:00  21 00 42.7  -17 57 01  +000890.1 +000190.6  20 36 08.6  131.179 10.955  96.72  41178 17.4
2010-04-26  01:30:00  21 10 38.3  -17 24 26  +000896.9 +000200.4  20 36 14.6  130.897 11.423  99.14  40897 17.5
2010-04-26  01:40:00  21 20 38.5  -16 50 13  +000903.6 +000210.2  20 36 16.0  130.583 11.903 101.57  40617 17.5
2010-04-26  01:50:00  21 30 43.1  -16 14 23  +000910.4 +000219.8  20 36 13.0  130.238 12.396 104.05  40338 17.6

   Date        UTC        RA         DECL      RARate   DeclRate    HourAng      Az     Um    Phase  Range  Mag
2010-04-26  18:10:00  13 23 52.2  -13 53 25  +000611.5 -000175.1  21 05 44.9  135.254 18.137  12.73  48016 16.3
2010-04-26  18:20:00  13 30 40.0  -14 22 23  +000612.0 -000172.4  21 08 58.8  136.221 18.106  11.11  48056 16.3
2010-04-26  18:30:00  13 37 28.3  -14 50 53  +000612.8 -000169.6  21 12 12.1  137.181 18.073   9.50  48089 16.3
2010-04-26  18:40:00  13 44 17.1  -15 18 55  +000613.8 -000166.7  21 15 24.9  138.132 18.036   7.95  48115 16.3
2010-04-26  18:50:00  13 51 06.7  -15 46 26  +000615.0 -000163.6  21 18 37.0  139.075 17.997   6.47  48133 16.3
2010-04-26  19:00:00  13 57 57.2  -16 13 27  +000616.5 -000160.5  21 21 48.1  140.008 17.955   5.15  48145 16.3
2010-04-26  19:10:00  14 04 48.8  -16 39 56     <<SHADOW>>        21 24 58.2  140.930 17.911   4.11  48150 ----
2010-04-26  19:20:00  14 11 41.5  -17 05 51     <<SHADOW>>        21 28 07.1  141.841 17.864   3.62  48147 ----
2010-04-26  19:30:00  14 18 35.6  -17 31 11     <<SHADOW>>        21 31 14.7  142.740 17.814   3.88  48138 ----
2010-04-26  19:40:00  14 25 31.2  -17 55 56     <<SHADOW>>        21 34 20.7  143.627 17.763   4.77  48121 ----
2010-04-26  19:50:00  14 32 28.4  -18 20 04     <<SHADOW>>        21 37 25.1  144.500 17.710   6.03  48097 ----
2010-04-26  20:00:00  14 39 27.4  -18 43 34     <<SHADOW>>        21 40 27.8  145.360 17.656   7.45  48066 ----
2010-04-26  20:10:00  14 46 28.4  -19 06 24     <<SHADOW>>        21 43 28.5  146.205 17.601   8.98  48028 ----
2010-04-26  20:20:00  14 53 31.4  -19 28 34     <<SHADOW>>        21 46 27.1  147.036 17.545  10.55  47983 ----
2010-04-26  20:30:00  15 00 36.6  -19 50 01  +000639.5 -000126.6  21 49 23.6  147.851 17.489  12.18  47931 16.3
2010-04-26  20:40:00  15 07 44.0  -20 10 45  +000643.0 -000122.2  21 52 17.7  148.650 17.434  13.81  47871 16.3
2010-04-26  20:50:00  15 14 54.0  -20 30 44  +000646.8 -000117.6  21 55 09.4  149.433 17.379  15.47  47804 16.3
2010-04-26  21:00:00  15 22 06.5  -20 49 57  +000650.7 -000112.9  21 57 58.6  150.199 17.326  17.14  47730 16.3
2010-04-26  21:10:00  15 29 21.7  -21 08 22  +000654.9 -000108.0  22 00 45.1  150.948 17.275  18.83  47649 16.3
2010-04-26  21:20:00  15 36 39.7  -21 25 57  +000659.2 -000103.1  22 03 28.7  151.678 17.227  20.51  47560 16.3
2010-04-26  21:30:00  15 44 00.6  -21 42 42  +000663.6 -000097.9  22 06 09.4  152.391 17.182  22.22  47464 16.3
2010-04-26  21:40:00  15 51 24.5  -21 58 35  +000668.3 -000092.6  22 08 47.1  153.086 17.140  23.93  47361 16.3
2010-04-26  21:50:00  15 58 51.6  -22 13 34  +000673.1 -000087.1  22 11 21.6  153.761 17.104  25.66  47251 16.3
2010-04-26  22:00:00  16 06 22.0  -22 27 37  +000678.0 -000081.5  22 13 52.9  154.418 17.072  27.38  47134 16.3
2010-04-26  22:10:00  16 13 55.6  -22 40 43  +000683.1 -000075.7  22 16 20.9  155.055 17.047  29.13  47009 16.3
2010-04-26  22:20:00  16 21 32.8  -22 52 50  +000688.3 -000069.7  22 18 45.4  155.673 17.028  30.88  46878 16.4
2010-04-26  22:30:00  16 29 13.4  -23 03 57  +000693.7 -000063.6  22 21 06.4  156.271 17.017  32.65  46739 16.4
2010-04-26  22:40:00  16 36 57.7  -23 14 01  +000699.2 -000057.3  22 23 23.8  156.848 17.013  34.41  46593 16.4
2010-04-26  22:50:00  16 44 45.7  -23 23 02  +000704.8 -000050.8  22 25 37.5  157.406 17.019  36.21  46440 16.4
2010-04-26  23:00:00  16 52 37.4  -23 30 56  +000710.5 -000044.1  22 27 47.4  157.943 17.035  38.00  46281 16.4
2010-04-26  23:10:00  17 00 33.0  -23 37 43  +000716.3 -000037.2  22 29 53.4  158.459 17.060  39.81  46114 16.4
2010-04-26  23:20:00  17 08 32.5  -23 43 21  +000722.2 -000030.2  22 31 55.6  158.955 17.098  41.63  45941 16.4
2010-04-26  23:30:00  17 16 36.0  -23 47 47  +000728.3 -000023.0  22 33 53.7  159.430 17.147  43.47  45760 16.4
2010-04-26  23:40:00  17 24 43.5  -23 50 60  +000734.4 -000015.6  22 35 47.8  159.884 17.209  45.31  45573 16.5
2010-04-26  23:50:00  17 32 55.2  -23 52 58  +000740.6 -000008.0  22 37 37.8  160.317 17.285  47.18  45380 16.5
2010-04-27  00:00:00  17 41 11.0  -23 53 39  +000746.8 -000000.2  22 39 23.7  160.729 17.376  49.06  45180 16.5
2010-04-27  00:10:00  17 49 30.9  -23 53 01  +000753.1 +000007.8  22 41 05.3  161.120 17.481  50.96  44974 16.5
2010-04-27  00:20:00  17 57 55.2  -23 51 02  +000759.5 +000016.0  22 42 42.8  161.489 17.603  52.87  44761 16.5
2010-04-27  00:30:00  18 06 23.6  -23 47 41  +000765.9 +000024.3  22 44 16.0  161.837 17.742  54.81  44542 16.6
2010-04-27  00:40:00  18 14 56.3  -23 42 56  +000772.4 +000032.8  22 45 44.9  162.164 17.898  56.75  44318 16.6
2010-04-27  00:50:00  18 23 33.4  -23 36 44  +000778.9 +000041.5  22 47 09.4  162.470 18.072  58.72  44087 16.6
2010-04-27  01:00:00  18 32 14.9  -23 29 04  +000785.4 +000050.4  22 48 29.6  162.754 18.265  60.71  43852 16.6
2010-04-27  01:10:00  18 41 00.7  -23 19 55  +000792.0 +000059.5  22 49 45.5  163.016 18.478  62.72  43610 16.6
2010-04-27  01:20:00  18 49 50.9  -23 09 14  +000798.6 +000068.7  22 50 56.9  163.257 18.712  64.75  43364 16.7
2010-04-27  01:30:00  18 58 45.5  -22 57 00  +000805.2 +000078.1  22 52 04.0  163.476 18.966  66.81  43113 16.7
2010-04-27  01:40:00  19 07 44.4  -22 43 12  +000811.8 +000087.6  22 53 06.6  163.673 19.242  68.87  42857 16.7
2010-04-27  01:50:00  19 16 47.9  -22 27 48  +000818.5 +000097.3  22 54 04.8  163.849 19.539  70.98  42596 16.8

   Date        UTC        RA         DECL      RARate   DeclRate    HourAng      Az     Um    Phase  Range  Mag
2010-04-27  18:10:00  11 47 21.4  -07 29 43  +000620.7 -000204.3  22 46 12.3  157.857 33.653  38.02  45454 16.4
2010-04-27  18:20:00  11 54 14.2  -08 03 39  +000617.7 -000202.7  22 49 21.1  158.934 33.306  36.25  45609 16.4
2010-04-27  18:30:00  12 01 05.1  -08 37 17  +000615.0 -000201.0  22 52 31.9  160.008 32.955  34.48  45759 16.3
2010-04-27  18:40:00  12 07 54.3  -09 10 38  +000612.6 -000199.1  22 55 44.4  161.079 32.598  32.73  45903 16.3
2010-04-27  18:50:00  12 14 41.9  -09 43 39  +000610.5 -000197.1  22 58 58.3  162.144 32.237  30.97  46040 16.3
2010-04-27  19:00:00  12 21 28.3  -10 16 20  +000608.7 -000195.1  23 02 13.6  163.202 31.872  29.25  46171 16.3
2010-04-27  19:10:00  12 28 13.6  -10 48 40  +000607.2 -000192.8  23 05 29.9  164.253 31.501  27.52  46296 16.3
2010-04-27  19:20:00  12 34 58.0  -11 20 37  +000605.9 -000190.5  23 08 47.2  165.296 31.127  25.82  46415 16.3
2010-04-27  19:30:00  12 41 41.6  -11 52 11  +000605.0 -000188.1  23 12 05.3  166.330 30.748  24.11  46527 16.3
2010-04-27  19:40:00  12 48 24.6  -12 23 19  +000604.3 -000185.6  23 15 23.8  167.354 30.366  22.43  46632 16.3
2010-04-27  19:50:00  12 55 07.3  -12 54 02  +000603.8 -000182.9  23 18 42.8  168.368 29.980  20.75  46731 16.3
2010-04-27  20:00:00  13 01 49.8  -13 24 18  +000603.7 -000180.2  23 22 01.9  169.369 29.591  19.09  46823 16.3
2010-04-27  20:10:00  13 08 32.3  -13 54 05  +000603.8 -000177.3  23 25 21.1  170.359 29.199  17.43  46908 16.3
2010-04-27  20:20:00  13 15 14.9  -14 23 24  +000604.1 -000174.4  23 28 40.1  171.336 28.804  15.81  46987 16.3
2010-04-27  20:30:00  13 21 57.9  -14 52 13  +000604.7 -000171.3  23 31 58.8  172.299 28.408  14.19  47059 16.3
2010-04-27  20:40:00  13 28 41.3  -15 20 31  +000605.6 -000168.2  23 35 17.0  173.248 28.010  12.60  47123 16.2
2010-04-27  20:50:00  13 35 25.4  -15 48 17  +000606.7 -000164.9  23 38 34.6  174.183 27.610  11.04  47181 16.2
2010-04-27  21:00:00  13 42 10.2  -16 15 29  +000608.0 -000161.6  23 41 51.4  175.103 27.211   9.53  47231 16.2
2010-04-27  21:10:00  13 48 56.1  -16 42 08  +000609.6 -000158.1  23 45 07.2  176.007 26.811   8.09  47275 16.2
2010-04-27  21:20:00  13 55 43.0  -17 08 11     <<SHADOW>>        23 48 21.9  176.896 26.412   6.76  47311 ----
2010-04-27  21:30:00  14 02 31.3  -17 33 38     <<SHADOW>>        23 51 35.3  177.769 26.014   5.61  47340 ----
2010-04-27  21:40:00  14 09 20.9  -17 58 27     <<SHADOW>>        23 54 47.3  178.626 25.618   4.80  47361 ----
2010-04-27  21:50:00  14 16 12.1  -18 22 38     <<SHADOW>>        23 57 57.7  179.466 25.224   4.49  47375 ----
2010-04-27  22:00:00  14 23 05.0  -18 46 10     <<SHADOW>>        00 01 06.5  180.289 24.833   4.78  47382 ----
2010-04-27  22:10:00  14 29 59.8  -19 09 00     <<SHADOW>>        00 04 13.3  181.095 24.446   5.59  47381 ----
2010-04-27  22:20:00  14 36 56.5  -19 31 09     <<SHADOW>>        00 07 18.2  181.885 24.063   6.72  47373 ----
2010-04-27  22:30:00  14 43 55.4  -19 52 35     <<SHADOW>>        00 10 21.0  182.657 23.685   8.05  47357 ----
2010-04-27  22:40:00  14 50 56.5  -20 13 16  +000633.5 -000121.9  00 13 21.5  183.413 23.313   9.49  47334 16.2
2010-04-27  22:50:00  14 58 00.0  -20 33 11  +000637.1 -000117.2  00 16 19.7  184.151 22.947  11.00  47302 16.3
2010-04-27  23:00:00  15 05 06.1  -20 52 20  +000641.0 -000112.5  00 19 15.3  184.872 22.589  12.56  47264 16.3
2010-04-27  23:10:00  15 12 14.7  -21 10 41  +000645.0 -000107.6  00 22 08.2  185.575 22.239  14.16  47217 16.3
2010-04-27  23:20:00  15 19 26.2  -21 28 12  +000649.3 -000102.6  00 24 58.4  186.262 21.897  15.77  47163 16.3
2010-04-27  23:30:00  15 26 40.5  -21 44 53  +000653.7 -000097.4  00 27 45.8  186.932 21.565  17.42  47101 16.3
2010-04-27  23:40:00  15 33 57.8  -22 00 41  +000658.2 -000092.2  00 30 30.1  187.585 21.243  19.07  47031 16.3
2010-04-27  23:50:00  15 41 18.1  -22 15 35  +000663.0 -000086.7  00 33 11.4  188.221 20.932  20.74  46953 16.3
2010-04-28  00:00:00  15 48 41.7  -22 29 35  +000667.8 -000081.1  00 35 49.5  188.841 20.633  22.42  46868 16.3
2010-04-28  00:10:00  15 56 08.6  -22 42 38  +000672.9 -000075.4  00 38 24.2  189.444 20.347  24.13  46774 16.3
2010-04-28  00:20:00  16 03 38.9  -22 54 42  +000678.1 -000069.5  00 40 55.6  190.032 20.073  25.83  46673 16.3
2010-04-28  00:30:00  16 11 12.7  -23 05 48  +000683.4 -000063.5  00 43 23.4  190.603 19.814  27.56  46565 16.3
2010-04-28  00:40:00  16 18 50.1  -23 15 52  +000688.8 -000057.3  00 45 47.7  191.159 19.570  29.29  46448 16.3
2010-04-28  00:50:00  16 26 31.2  -23 24 53  +000694.4 -000050.9  00 48 08.3  191.699 19.341  31.04  46324 16.3
2010-04-28  01:00:00  16 34 15.9  -23 32 49  +000700.0 -000044.4  00 50 25.1  192.225 19.129  32.80  46192 16.3
2010-04-28  01:10:00  16 42 04.5  -23 39 40  +000705.8 -000037.7  00 52 38.2  192.735 18.934  34.58  46052 16.4
2010-04-28  01:20:00  16 49 57.1  -23 45 22  +000711.7 -000030.8  00 54 47.3  193.231 18.757  36.36  45905 16.4
2010-04-28  01:30:00  16 57 53.5  -23 49 55  +000717.7 -000023.8  00 56 52.4  193.713 18.598  38.17  45751 16.4
2010-04-28  01:40:00  17 05 54.0  -23 53 17  +000723.8 -000016.6  00 58 53.6  194.181 18.459  39.98  45589 16.4
2010-04-28  01:50:00  17 13 58.6  -23 55 26  +000730.0 -000009.2  01 00 50.6  194.635 18.340  41.82  45419 16.4

   Date        UTC        RA         DECL      RARate   DeclRate    HourAng      Az     Um    Phase  Range  Mag
2010-04-28  18:10:00  10 02 53.3  -00 07 19  +000693.6 -000213.0  00 34 37.0  191.846 42.864  66.03  42580 16.7
2010-04-28  18:20:00  10 10 33.1  -00 42 51  +000685.9 -000213.4  00 36 58.8  192.522 42.192  64.04  42828 16.6
2010-04-28  18:30:00  10 18 08.0  -01 18 26  +000678.6 -000213.5  00 39 25.6  193.211 41.512  62.06  43072 16.6
2010-04-28  18:40:00  10 25 38.0  -01 54 01  +000671.7 -000213.4  00 41 57.1  193.911 40.825  60.10  43313 16.6
2010-04-28  18:50:00  10 33 03.6  -02 29 33  +000665.2 -000213.0  00 44 33.2  194.621 40.130  58.16  43550 16.6
2010-04-28  19:00:00  10 40 25.0  -03 05 01  +000659.0 -000212.5  00 47 13.4  195.337 39.430  56.24  43783 16.5
2010-04-28  19:10:00  10 47 42.4  -03 40 22  +000653.3 -000211.7  00 49 57.7  196.060 38.723  54.33  44011 16.5
2010-04-28  19:20:00  10 54 56.1  -04 15 35  +000647.9 -000210.8  00 52 45.6  196.787 38.011  52.45  44235 16.5
2010-04-28  19:30:00  11 02 06.4  -04 50 38  +000642.9 -000209.7  00 55 37.0  197.517 37.294  50.58  44455 16.5
2010-04-28  19:40:00  11 09 13.4  -05 25 29  +000638.2 -000208.5  00 58 31.6  198.248 36.572  48.73  44669 16.5
2010-04-28  19:50:00  11 16 17.4  -06 00 07  +000633.9 -000207.0  01 01 29.2  198.980 35.847  46.88  44879 16.4
2010-04-28  20:00:00  11 23 18.7  -06 34 30  +000629.9 -000205.5  01 04 29.6  199.711 35.117  45.07  45083 16.4
2010-04-28  20:10:00  11 30 17.4  -07 08 36  +000626.3 -000203.7  01 07 32.5  200.440 34.385  43.25  45283 16.4
2010-04-28  20:20:00  11 37 13.8  -07 42 24  +000623.0 -000201.9  01 10 37.8  201.167 33.650  41.46  45476 16.4
2010-04-28  20:30:00  11 44 08.1  -08 15 53  +000620.0 -000199.9  01 13 45.1  201.890 32.913  39.67  45664 16.4
2010-04-28  20:40:00  11 51 00.6  -08 49 03  +000617.3 -000197.8  01 16 54.3  202.609 32.174  37.90  45847 16.4
2010-04-28  20:50:00  11 57 51.4  -09 21 50  +000615.0 -000195.6  01 20 05.2  203.323 31.434  36.14  46023 16.4
2010-04-28  21:00:00  12 04 40.7  -09 54 15  +000613.0 -000193.3  01 23 17.5  204.031 30.694  34.40  46194 16.4
2010-04-28  21:10:00  12 11 28.7  -10 26 17  +000611.2 -000190.9  01 26 31.1  204.733 29.953  32.65  46358 16.4
2010-04-28  21:20:00  12 18 15.7  -10 57 53  +000609.7 -000188.4  01 29 45.8  205.428 29.213  30.93  46516 16.3
2010-04-28  21:30:00  12 25 01.8  -11 29 04  +000608.6 -000185.8  01 33 01.3  206.115 28.474  29.21  46667 16.3
2010-04-28  21:40:00  12 31 47.2  -11 59 48  +000607.7 -000183.0  01 36 17.6  206.794 27.736  27.51  46812 16.3
2010-04-28  21:50:00  12 38 32.1  -12 30 05  +000607.1 -000180.2  01 39 34.3  207.466 27.001  25.81  46950 16.3
2010-04-28  22:00:00  12 45 16.7  -12 59 52  +000606.7 -000177.3  01 42 51.4  208.128 26.268  24.13  47082 16.3
2010-04-28  22:10:00  12 52 01.1  -13 29 11  +000606.6 -000174.3  01 46 08.6  208.782 25.538  22.45  47206 16.3
2010-04-28  22:20:00  12 58 45.6  -13 57 58  +000606.8 -000171.2  01 49 25.8  209.426 24.812  20.80  47324 16.3
2010-04-28  22:30:00  13 05 30.2  -14 26 14  +000607.2 -000168.0  01 52 42.7  210.062 24.090  19.14  47434 16.3
2010-04-28  22:40:00  13 12 15.3  -14 53 58  +000607.9 -000164.7  01 55 59.3  210.687 23.374  17.51  47537 16.3
2010-04-28  22:50:00  13 19 00.8  -15 21 09  +000608.8 -000161.4  01 59 15.4  211.303 22.662  15.88  47633 16.3
2010-04-28  23:00:00  13 25 47.1  -15 47 45  +000610.0 -000157.9  02 02 30.8  211.909 21.957  14.29  47721 16.3
2010-04-28  23:10:00  13 32 34.3  -16 13 46  +000611.4 -000154.3  02 05 45.3  212.504 21.258  12.70  47802 16.3
2010-04-28  23:20:00  13 39 22.4  -16 39 12  +000613.1 -000150.7  02 08 58.8  213.090 20.567  11.16  47875 16.3
2010-04-28  23:30:00  13 46 11.7  -17 04 00  +000614.9 -000147.0  02 12 11.1  213.666 19.883   9.66  47940 16.3
2010-04-28  23:40:00  13 53 02.3  -17 28 11     <<SHADOW>>        02 15 22.1  214.231 19.208   8.24  47998 ----
2010-04-28  23:50:00  13 59 54.4  -17 51 43     <<SHADOW>>        02 18 31.7  214.787 18.542   6.92  48048 ----
2010-04-29  00:00:00  14 06 48.1  -18 14 35     <<SHADOW>>        02 21 39.6  215.332 17.885   5.81  48090 ----
2010-04-29  00:10:00  14 13 43.6  -18 36 46     <<SHADOW>>        02 24 45.8  215.868 17.239   5.01  48124 ----
2010-04-29  00:20:00  14 20 40.9  -18 58 15     <<SHADOW>>        02 27 50.1  216.393 16.603   4.71  48150 ----
2010-04-29  00:30:00  14 27 40.3  -19 19 02     <<SHADOW>>        02 30 52.4  216.909 15.978   4.99  48167 ----
2010-04-29  00:40:00  14 34 41.8  -19 39 05     <<SHADOW>>        02 33 52.5  217.414 15.366   5.77  48177 ----
2010-04-29  00:50:00  14 41 45.6  -19 58 23     <<SHADOW>>        02 36 50.4  217.911 14.766   6.89  48178 ----
2010-04-29  01:00:00  14 48 51.8  -20 16 55  +000641.2 -000108.8  02 39 45.8  218.398 14.180   8.20  48171 16.3
2010-04-29  01:10:00  14 56 00.5  -20 34 40  +000645.1 -000104.1  02 42 38.7  218.875 13.607   9.65  48156 16.3
2010-04-29  01:20:00  15 03 11.9  -20 51 36  +000649.1 -000099.2  02 45 29.0  219.344 13.048  11.16  48132 16.3
2010-04-29  01:30:00  15 10 26.0  -21 07 43  +000653.4 -000094.2  02 48 16.5  219.804 12.504  12.73  48100 16.3
2010-04-29  01:40:00  15 17 43.1  -21 22 59  +000657.8 -000089.0  02 51 01.1  220.255 11.976  14.33  48060 16.3

   Date        UTC        RA         DECL      RARate   DeclRate    HourAng      Az     Um    Phase  Range  Mag
2010-04-29  18:10:00  08 03 08.0  +06 47 38  +000839.1 -000174.7  02 38 18.8  233.238 37.842  97.62  40133 17.4
2010-04-29  18:20:00  08 12 23.2  +06 18 04  +000826.5 -000180.0  02 39 05.3  233.095 37.325  95.28  40409 17.3
2010-04-29  18:30:00  08 21 30.0  +05 47 40  +000814.1 -000184.7  02 40 00.1  232.980 36.778  92.96  40687 17.2
2010-04-29  18:40:00  08 30 28.8  +05 16 32  +000802.1 -000188.9  02 41 03.0  232.893 36.201  90.68  40966 17.2
2010-04-29  18:50:00  08 39 19.6  +04 44 44  +000790.5 -000192.6  02 42 13.7  232.834 35.597  88.42  41247 17.1
2010-04-29  19:00:00  08 48 02.9  +04 12 21  +000779.2 -000195.8  02 43 32.1  232.803 34.967  86.19  41528 17.1
2010-04-29  19:10:00  08 56 38.7  +03 39 28  +000768.4 -000198.7  02 44 57.9  232.798 34.313  83.98  41809 17.0
2010-04-29  19:20:00  09 05 07.5  +03 06 09  +000757.9 -000201.0  02 46 30.9  232.819 33.637  81.80  42090 17.0
2010-04-29  19:30:00  09 13 29.3  +02 32 29  +000747.8 -000203.0  02 48 10.6  232.864 32.940  79.64  42370 17.0
2010-04-29  19:40:00  09 21 44.6  +01 58 30  +000738.1 -000204.7  02 49 57.0  232.933 32.223  77.52  42649 16.9
2010-04-29  19:50:00  09 29 53.6  +01 24 16  +000728.9 -000206.0  02 51 49.7  233.024 31.489  75.40  42927 16.9
2010-04-29  20:00:00  09 37 56.5  +00 49 51  +000720.0 -000206.9  02 53 48.4  233.136 30.738  73.32  43204 16.8
2010-04-29  20:10:00  09 45 53.7  +00 15 18  +000711.6 -000207.6  02 55 52.8  233.269 29.971  71.25  43478 16.8
2010-04-29  20:20:00  09 53 45.4  -00 19 20  +000703.5 -000208.0  02 58 02.8  233.420 29.191  69.22  43750 16.8
2010-04-29  20:30:00  10 01 31.9  -00 54 01  +000695.9 -000208.1  03 00 18.0  233.589 28.397  67.19  44019 16.8
2010-04-29  20:40:00  10 09 13.4  -01 28 41  +000688.7 -000208.0  03 02 38.1  233.775 27.593  65.20  44286 16.7
2010-04-29  20:50:00  10 16 50.2  -02 03 19  +000681.9 -000207.6  03 05 02.9  233.976 26.777  63.21  44549 16.7
2010-04-29  21:00:00  10 24 22.6  -02 37 52  +000675.4 -000207.0  03 07 32.1  234.192 25.952  61.25  44809 16.7
2010-04-29  21:10:00  10 31 50.9  -03 12 19  +000669.4 -000206.2  03 10 05.5  234.421 25.119  59.30  45065 16.7
2010-04-29  21:20:00  10 39 15.2  -03 46 37  +000663.7 -000205.3  03 12 42.8  234.662 24.279  57.38  45317 16.6
2010-04-29  21:30:00  10 46 35.9  -04 20 44  +000658.4 -000204.1  03 15 23.7  234.914 23.431  55.47  45564 16.6
2010-04-29  21:40:00  10 53 53.2  -04 54 38  +000653.5 -000202.8  03 18 08.1  235.177 22.579  53.58  45808 16.6
2010-04-29  21:50:00  11 01 07.3  -05 28 19  +000648.9 -000201.3  03 20 55.6  235.449 21.721  51.69  46046 16.6
2010-04-29  22:00:00  11 08 18.5  -06 01 44  +000644.6 -000199.7  03 23 46.1  235.729 20.860  49.84  46280 16.6
2010-04-29  22:10:00  11 15 26.9  -06 34 53  +000640.8 -000197.9  03 26 39.3  236.017 19.996  47.98  46508 16.5
2010-04-29  22:20:00  11 22 32.9  -07 07 43  +000637.2 -000196.0  03 29 35.0  236.312 19.130  46.15  46731 16.5
2010-04-29  22:30:00  11 29 36.6  -07 40 13  +000634.0 -000194.0  03 32 32.9  236.613 18.262  44.33  46949 16.5
2010-04-29  22:40:00  11 36 38.3  -08 12 23  +000631.1 -000191.9  03 35 32.9  236.919 17.394  42.52  47160 16.5
2010-04-29  22:50:00  11 43 38.2  -08 44 12  +000628.5 -000189.7  03 38 34.6  237.230 16.526  40.72  47366 16.5
2010-04-29  23:00:00  11 50 36.4  -09 15 37  +000626.2 -000187.3  03 41 38.1  237.544 15.658  38.94  47565 16.5
2010-04-29  23:10:00  11 57 33.2  -09 46 38  +000624.2 -000184.9  03 44 42.9  237.863 14.792  37.16  47758 16.5
2010-04-29  23:20:00  12 04 28.8  -10 17 14  +000622.6 -000182.4  03 47 49.0  238.184 13.928  35.40  47945 16.5
2010-04-29  23:30:00  12 11 23.3  -10 47 25  +000621.2 -000179.7  03 50 56.0  238.507 13.067  33.64  48125 16.4
2010-04-29  23:40:00  12 18 17.1  -11 17 09  +000620.1 -000177.0  03 54 03.9  238.832 12.210  31.90  48298 16.4
2010-04-29  23:50:00  12 25 10.2  -11 46 25  +000619.2 -000174.2  03 57 12.5  239.159 11.356  30.15  48464 16.4
2010-04-30  00:00:00  12 32 02.8  -12 15 13  +000618.7 -000171.3  04 00 21.5  239.486 10.508  28.43  48623 16.4

   Date        UTC        RA         DECL      RARate   DeclRate    HourAng      Az     Um    Phase  Range  Mag
2010-04-30  18:10:00  05 44 36.9  +10 31 28  +001008.6 -000048.5  05 00 46.5  266.630 17.791 132.79  39045 19.0
2010-04-30  18:20:00  05 55 45.4  +10 22 17  +000996.9 -000061.4  04 59 39.6  266.312 17.874 130.08  39249 18.8
2010-04-30  18:30:00  06 06 46.1  +10 11 01  +000984.9 -000073.7  04 58 40.6  265.992 17.908 127.39  39461 18.6
2010-04-30  18:40:00  06 17 38.6  +09 57 44  +000972.6 -000085.4  04 57 49.7  265.673 17.896 124.73  39683 18.5
2010-04-30  18:50:00  06 28 22.8  +09 42 35  +000959.9 -000096.5  04 57 07.2  265.356 17.837 122.09  39913 18.4
2010-04-30  19:00:00  06 38 58.4  +09 25 37  +000947.1 -000106.9  04 56 33.1  265.044 17.732 119.49  40151 18.3
2010-04-30  19:10:00  06 49 25.5  +09 06 59  +000934.1 -000116.7  04 56 07.7  264.738 17.581 116.90  40396 18.1
2010-04-30  19:20:00  06 59 43.9  +08 46 47  +000921.1 -000125.8  04 55 50.9  264.441 17.387 114.35  40647 18.0
2010-04-30  19:30:00  07 09 53.6  +08 25 06  +000908.1 -000134.3  04 55 42.9  264.153 17.150 111.82  40905 17.9
2010-04-30  19:40:00  07 19 54.7  +08 02 03  +000895.1 -000142.1  04 55 43.5  263.876 16.872 109.33  41168 17.9
2010-04-30  19:50:00  07 29 47.1  +07 37 45  +000882.2 -000149.4  04 55 52.7  263.613 16.553 106.86  41436 17.8
2010-04-30  20:00:00  07 39 31.0  +07 12 18  +000869.4 -000156.0  04 56 10.5  263.362 16.195 104.43  41709 17.7
2010-04-30  20:10:00  07 49 06.4  +06 45 47  +000856.9 -000162.0  04 56 36.7  263.127 15.801 102.01  41985 17.6
2010-04-30  20:20:00  07 58 33.5  +06 18 19  +000844.6 -000167.5  04 57 11.2  262.907 15.371  99.64  42265 17.5
2010-04-30  20:30:00  08 07 52.6  +05 49 58  +000832.5 -000172.5  04 57 53.8  262.703 14.906  97.28  42548 17.5
2010-04-30  20:40:00  08 17 03.6  +05 20 51  +000820.7 -000176.9  04 58 44.4  262.515 14.409  94.96  42834 17.4
2010-04-30  20:50:00  08 26 06.9  +04 51 01  +000809.3 -000180.9  04 59 42.7  262.345 13.882  92.65  43121 17.4
2010-04-30  21:00:00  08 35 02.7  +04 20 35  +000798.1 -000184.4  05 00 48.6  262.192 13.325  90.38  43410 17.3
2010-04-30  21:10:00  08 43 51.2  +03 49 36  +000787.3 -000187.4  05 02 01.7  262.057 12.740  88.13  43699 17.2
2010-04-30  21:20:00  08 52 32.6  +03 18 08  +000776.9 -000190.0  05 03 22.0  261.938 12.130  85.91  43990 17.2
2010-04-30  21:30:00  09 01 07.1  +02 46 17  +000766.8 -000192.2  05 04 49.1  261.838 11.494  83.70  44280 17.2
2010-04-30  21:40:00  09 09 35.1  +02 14 05  +000757.2 -000194.1  05 06 22.7  261.754 10.836  81.54  44570 17.1
2010-04-30  21:50:00  09 17 56.8  +01 41 37  +000747.9 -000195.6  05 08 02.7  261.688 10.157  79.38  44859 17.1
