ЭФЕМЕРИДЫ ПО ОБЪЕКТУ:  90141
Для пункта:  10016 Маяки   46 23'50.68"   30 16'17.74"    14m
C   2010-04-15 12:00
по  2010-05-01 12:00
Шаг  0:10:00
Мин.угол места:          10 град
Макс.угол места Солнца: -10 град
Стандартный блеск :      8.2 (зв.вел.)

ОБОЗНАЧЕНИЯ
RA        прямое восхождение, тек.эпоха
DECL      склонение, тек.эпоха
RARate    скорость по пр.восх., арксек/мин
DeclRate  скорость по склонению, арксек/мин
HourAng   часовой угол
Az        азимут
Um        угол места
Phase     фазовый угол
Range     дальность
Mag       зв.величина (оценка)

   Date        UTC        RA         DECL      RARate   DeclRate    HourAng      Az     Um    Phase  Range  Mag
2010-04-18  17:50:00  06 01 27.7  -04 04 48  +000890.7 -000084.0  03 36 33.7  239.710 20.576 114.76  39250 17.1
2010-04-18  18:00:00  06 11 20.7  -04 18 56  +000888.4 -000085.6  03 36 42.3  239.591 20.366 112.32  39312 17.0
2010-04-18  18:10:00  06 21 12.4  -04 33 21  +000886.3 -000087.1  03 36 52.3  239.474 20.148 109.87  39370 16.9
2010-04-18  18:20:00  06 31 02.7  -04 47 58  +000884.4 -000088.4  03 37 03.7  239.360 19.924 107.44  39426 16.8
2010-04-18  18:30:00  06 40 51.7  -05 02 48  +000882.6 -000089.6  03 37 16.3  239.248 19.694 105.01  39480 16.7
2010-04-18  18:40:00  06 50 39.6  -05 17 49  +000881.1 -000090.6  03 37 30.1  239.139 19.459 102.58  39530 16.6
2010-04-18  18:50:00  07 00 26.5  -05 32 59  +000879.7 -000091.4  03 37 44.8  239.032 19.220 100.15  39577 16.5
2010-04-18  19:00:00  07 10 12.5  -05 48 17  +000878.5 -000092.1  03 38 00.4  238.927 18.976  97.73  39622 16.4
2010-04-18  19:10:00  07 19 57.8  -06 03 40  +000877.5 -000092.6  03 38 16.7  238.823 18.730  95.31  39663 16.4
2010-04-18  19:20:00  07 29 42.7  -06 19 08  +000876.7 -000093.0  03 38 33.5  238.721 18.481  92.89  39700 16.3
2010-04-18  19:30:00  07 39 26.9  -06 34 39  +000876.1 -000093.2  03 38 50.9  238.621 18.230  90.47  39735 16.2
2010-04-18  19:40:00  07 49 10.8  -06 50 12  +000875.7 -000093.3  03 39 08.7  238.521 17.978  88.06  39766 16.1
2010-04-18  19:50:00  07 58 54.5  -07 05 44  +000875.4 -000093.2  03 39 26.6  238.423 17.725  85.64  39793 16.1
2010-04-18  20:00:00  08 08 38.1  -07 21 15  +000875.4 -000093.0  03 39 44.7  238.325 17.472  83.23  39817 16.0
2010-04-18  20:10:00  08 18 21.7  -07 36 43  +000875.5 -000092.6  03 40 02.7  238.229 17.221  80.81  39837 15.9
2010-04-18  20:20:00  08 28 05.5  -07 52 07  +000875.9 -000092.1  03 40 20.5  238.132 16.970  78.41  39854 15.9
2010-04-18  20:30:00  08 37 49.7  -08 07 24  +000876.5 -000091.4  03 40 38.0  238.035 16.722  75.99  39866 15.8
2010-04-18  20:40:00  08 47 34.3  -08 22 34  +000877.2 -000090.6  03 40 55.1  237.939 16.476  73.58  39875 15.8
2010-04-18  20:50:00  08 57 19.4  -08 37 35  +000878.1 -000089.6  03 41 11.6  237.842 16.234  71.16  39880 15.7
2010-04-18  21:00:00  09 07 05.1  -08 52 26  +000879.2 -000088.5  03 41 27.5  237.745 15.996  68.75  39881 15.7
2010-04-18  21:10:00  09 16 51.7  -09 07 04  +000880.5 -000087.2  03 41 42.6  237.647 15.762  66.33  39878 15.6
2010-04-18  21:20:00  09 26 39.2  -09 21 30  +000882.0 -000085.8  03 41 56.7  237.549 15.534  63.91  39872 15.6
2010-04-18  21:30:00  09 36 27.7  -09 35 40  +000883.6 -000084.3  03 42 09.9  237.449 15.311  61.48  39861 15.5
2010-04-18  21:40:00  09 46 17.5  -09 49 35  +000885.5 -000082.6  03 42 21.7  237.349 15.095  59.06  39846 15.5
2010-04-18  21:50:00  09 56 08.5  -10 03 11  +000887.5 -000080.7  03 42 32.3  237.247 14.886  56.63  39828 15.4
2010-04-18  22:00:00  10 06 00.9  -10 16 29  +000889.7 -000078.8  03 42 41.6  237.144 14.685  54.20  39805 15.4
2010-04-18  22:10:00  10 15 54.8  -10 29 26  +000892.0 -000076.6  03 42 49.4  237.039 14.492  51.76  39779 15.4
2010-04-18  22:20:00  10 25 50.3  -10 42 01  +000894.5 -000074.4  03 42 55.5  236.932 14.307  49.32  39748 15.3
2010-04-18  22:30:00  10 35 47.5  -10 54 13  +000897.2 -000072.0  03 42 59.9  236.824 14.132  46.87  39714 15.3
2010-04-18  22:40:00  10 45 46.5  -11 05 60  +000900.0 -000069.4  03 43 02.5  236.714 13.967  44.42  39676 15.2
2010-04-18  22:50:00  10 55 47.6  -11 17 21  +000903.0 -000066.7  03 43 03.1  236.602 13.812  41.96  39634 15.2
2010-04-18  23:00:00  11 05 50.6  -11 28 14  +000906.1 -000063.9  03 43 01.8  236.487 13.669  39.50  39588 15.2
2010-04-18  23:10:00  11 15 55.7  -11 38 39  +000909.3 -000060.9  03 42 58.3  236.371 13.537  37.03  39539 15.2
2010-04-18  23:20:00  11 26 03.0  -11 48 33  +000912.6 -000057.8  03 42 52.7  236.252 13.416  34.56  39485 15.1
2010-04-18  23:30:00  11 36 12.5  -11 57 55  +000916.1 -000054.6  03 42 44.7  236.131 13.309  32.07  39429 15.1
2010-04-18  23:40:00  11 46 24.4  -12 06 45  +000919.7 -000051.3  03 42 34.5  236.008 13.214  29.58  39368 15.1
2010-04-18  23:50:00  11 56 38.8  -12 15 00  +000923.4 -000047.8  03 42 21.8  235.882 13.132  27.08  39305 15.0
2010-04-19  00:00:00  12 06 55.7  -12 22 40  +000927.2 -000044.2  03 42 06.5  235.754 13.065  24.58  39238 15.0
2010-04-19  00:10:00  12 17 15.1  -12 29 43  +000931.1 -000040.4  03 41 48.7  235.623 13.012  22.06  39168 15.0
2010-04-19  00:20:00  12 27 37.1  -12 36 08  +000935.0 -000036.6  03 41 28.3  235.490 12.973  19.55  39094 15.0
2010-04-19  00:30:00  12 38 01.8  -12 41 54  +000939.1 -000032.6  03 41 05.3  235.355 12.950  17.02  39018 15.0
2010-04-19  00:40:00  12 48 29.2  -12 46 60  +000943.2 -000028.5  03 40 39.5  235.217 12.941  14.49  38938 14.9
2010-04-19  00:50:00  12 58 59.4  -12 51 24     <<SHADOW>>        03 40 11.0  235.076 12.949  11.96  38856 ----
2010-04-19  01:00:00  13 09 32.4  -12 55 06     <<SHADOW>>        03 39 39.7  234.933 12.972   9.44  38771 ----
2010-04-19  01:10:00  13 20 08.2  -12 58 05     <<SHADOW>>        03 39 05.5  234.787 13.012   6.93  38684 ----
2010-04-19  01:20:00  13 30 46.8  -13 00 20     <<SHADOW>>        03 38 28.6  234.639 13.068   4.50  38595 ----
2010-04-19  01:30:00  13 41 28.2  -13 01 49     <<SHADOW>>        03 37 48.8  234.489 13.141   2.43  38503 ----
2010-04-19  01:40:00  13 52 12.5  -13 02 32     <<SHADOW>>        03 37 06.1  234.337 13.231   2.27  38409 ----
2010-04-19  01:50:00  14 02 59.7  -13 02 29  +000972.9 +000002.7  03 36 20.5  234.182 13.338   4.26  38313 14.9
2010-04-19  02:00:00  14 13 49.8  -13 01 39  +000977.2 +000007.4  03 35 32.1  234.024 13.462   6.71  38216 14.9

   Date        UTC        RA         DECL      RARate   DeclRate    HourAng      Az     Um    Phase  Range  Mag
2010-04-19  17:50:00  07 41 33.3  -06 38 23  +000878.6 -000096.2  02 00 24.6  215.361 30.591  90.75  38488 16.1
2010-04-19  18:00:00  07 51 18.9  -06 54 26  +000878.1 -000096.4  02 00 40.7  215.308 30.319  88.33  38519 16.1
2010-04-19  18:10:00  08 01 04.2  -07 10 31  +000877.8 -000096.4  02 00 57.1  215.255 30.047  85.91  38548 16.0
2010-04-19  18:20:00  08 10 49.3  -07 26 34  +000877.7 -000096.3  02 01 13.6  215.203 29.774  83.49  38573 15.9
2010-04-19  18:30:00  08 20 34.5  -07 42 35  +000877.8 -000096.0  02 01 30.1  215.152 29.502  81.07  38594 15.9
2010-04-19  18:40:00  08 30 19.9  -07 58 33  +000878.1 -000095.5  02 01 46.3  215.100 29.232  78.66  38612 15.8
2010-04-19  18:50:00  08 40 05.5  -08 14 25  +000878.6 -000094.9  02 02 02.4  215.048 28.963  76.23  38627 15.8
2010-04-19  19:00:00  08 49 51.4  -08 30 10  +000879.3 -000094.1  02 02 18.0  214.996 28.696  73.82  38637 15.7
2010-04-19  19:10:00  08 59 37.9  -08 45 47  +000880.2 -000093.2  02 02 33.2  214.943 28.433  71.39  38644 15.7
2010-04-19  19:20:00  09 09 25.1  -09 01 13  +000881.3 -000092.1  02 02 47.7  214.888 28.173  68.97  38648 15.6
2010-04-19  19:30:00  09 19 13.0  -09 16 28  +000882.5 -000090.9  02 03 01.4  214.832 27.918  66.55  38648 15.6
2010-04-19  19:40:00  09 29 01.8  -09 31 30  +000883.9 -000089.5  02 03 14.3  214.773 27.667  64.13  38644 15.5
2010-04-19  19:50:00  09 38 51.7  -09 46 18  +000885.6 -000088.0  02 03 26.0  214.712 27.422  61.69  38636 15.5
2010-04-19  20:00:00  09 48 42.7  -10 00 49  +000887.4 -000086.3  02 03 36.6  214.649 27.182  59.27  38625 15.4
2010-04-19  20:10:00  09 58 34.9  -10 15 03  +000889.4 -000084.4  02 03 46.0  214.583 26.949  56.83  38609 15.4
2010-04-19  20:20:00  10 08 28.6  -10 28 57  +000891.5 -000082.4  02 03 54.1  214.513 26.723  54.40  38591 15.3
2010-04-19  20:30:00  10 18 23.6  -10 42 31  +000893.8 -000080.3  02 04 00.6  214.440 26.505  51.95  38568 15.3
2010-04-19  20:40:00  10 28 20.3  -10 55 43  +000896.3 -000078.0  02 04 05.6  214.364 26.295  49.51  38542 15.3
2010-04-19  20:50:00  10 38 18.7  -11 08 31  +000898.9 -000075.6  02 04 08.8  214.283 26.094  47.05  38512 15.2
2010-04-19  21:00:00  10 48 19.0  -11 20 54  +000901.7 -000073.0  02 04 10.2  214.198 25.902  44.60  38478 15.2
2010-04-19  21:10:00  10 58 21.1  -11 32 51  +000904.7 -000070.3  02 04 09.7  214.109 25.720  42.14  38441 15.1
2010-04-19  21:20:00  11 08 25.2  -11 44 20  +000907.7 -000067.4  02 04 07.2  214.015 25.548  39.68  38401 15.1
2010-04-19  21:30:00  11 18 31.4  -11 55 19  +000910.9 -000064.4  02 04 02.7  213.916 25.387  37.20  38356 15.1
2010-04-19  21:40:00  11 28 39.8  -12 05 47  +000914.2 -000061.2  02 03 55.9  213.812 25.238  34.73  38309 15.1
2010-04-19  21:50:00  11 38 50.5  -12 15 43  +000917.7 -000057.9  02 03 46.9  213.703 25.100  32.23  38258 15.0
2010-04-19  22:00:00  11 49 03.4  -12 25 06  +000921.3 -000054.5  02 03 35.6  213.589 24.974  29.75  38203 15.0
2010-04-19  22:10:00  11 59 18.9  -12 33 53  +000925.0 -000051.0  02 03 21.8  213.469 24.861  27.24  38146 15.0
2010-04-19  22:20:00  12 09 36.8  -12 42 05  +000928.7 -000047.3  02 03 05.5  213.343 24.761  24.74  38085 15.0
2010-04-19  22:30:00  12 19 57.2  -12 49 38  +000932.6 -000043.4  02 02 46.7  213.212 24.675  22.22  38022 14.9
2010-04-19  22:40:00  12 30 20.3  -12 56 33  +000936.5 -000039.5  02 02 25.3  213.075 24.602  19.71  37955 14.9
2010-04-19  22:50:00  12 40 45.9  -13 02 48  +000940.6 -000035.4  02 02 01.3  212.932 24.543  17.18  37886 14.9
2010-04-19  23:00:00  12 51 14.3  -13 08 21  +000944.6 -000031.2  02 01 34.6  212.782 24.500  14.65  37813 14.9
2010-04-19  23:10:00  13 01 45.5  -13 13 12  +000948.8 -000026.9  02 01 05.1  212.627 24.471  12.12  37738 14.9
2010-04-19  23:20:00  13 12 19.4  -13 17 20     <<SHADOW>>        02 00 32.8  212.465 24.457   9.60  37661 ----
2010-04-19  23:30:00  13 22 56.1  -13 20 43     <<SHADOW>>        01 59 57.7  212.297 24.459   7.09  37582 ----
2010-04-19  23:40:00  13 33 35.6  -13 23 20     <<SHADOW>>        01 59 19.8  212.123 24.476   4.67  37500 ----
2010-04-19  23:50:00  13 44 18.0  -13 25 12     <<SHADOW>>        01 58 39.1  211.942 24.510   2.58  37416 ----
2010-04-20  00:00:00  13 55 03.2  -13 26 16     <<SHADOW>>        01 57 55.5  211.754 24.559   2.26  37331 ----
2010-04-20  00:10:00  14 05 51.3  -13 26 32     <<SHADOW>>        01 57 09.1  211.561 24.625   4.17  37243 ----
2010-04-20  00:20:00  14 16 42.2  -13 25 59  +000978.5 +000005.7  01 56 19.9  211.360 24.707   6.59  37154 14.8
2010-04-20  00:30:00  14 27 35.9  -13 24 38  +000982.7 +000010.6  01 55 27.8  211.153 24.806   9.15  37064 14.8
2010-04-20  00:40:00  14 38 32.4  -13 22 27  +000986.9 +000015.6  01 54 32.9  210.940 24.921  11.75  36972 14.8
2010-04-20  00:50:00  14 49 31.8  -13 19 26  +000991.1 +000020.6  01 53 35.2  210.719 25.053  14.40  36880 14.8
2010-04-20  01:00:00  15 00 33.8  -13 15 35  +000995.2 +000025.6  01 52 34.8  210.493 25.201  17.06  36786 14.8
2010-04-20  01:10:00  15 11 38.6  -13 10 53  +000999.2 +000030.7  01 51 31.6  210.259 25.366  19.74  36692 14.8
2010-04-20  01:20:00  15 22 46.1  -13 05 22  +001003.2 +000035.7  01 50 25.8  210.019 25.547  22.43  36598 14.9
2010-04-20  01:30:00  15 33 56.3  -12 58 60  +001007.1 +000040.7  01 49 17.3  209.772 25.745  25.15  36503 14.9
2010-04-20  01:40:00  15 45 08.9  -12 51 48  +001010.9 +000045.6  01 48 06.3  209.518 25.958  27.87  36409 14.9
2010-04-20  01:50:00  15 56 24.1  -12 43 47  +001014.6 +000050.6  01 46 52.7  209.258 26.187  30.61  36314 14.9
2010-04-20  02:00:00  16 07 41.7  -12 34 57  +001018.3 +000055.4  01 45 36.7  208.991 26.431  33.36  36220 14.9

   Date        UTC        RA         DECL      RARate   DeclRate    HourAng      Az     Um    Phase  Range  Mag
2010-04-20  18:00:00  09 33 53.5  -09 32 16  +000886.6 -000091.8  00 22 02.7  186.548 33.848  63.76  38052 15.5
2010-04-20  18:10:00  09 43 45.1  -09 47 26  +000888.2 -000090.3  00 22 12.7  186.573 33.592  61.32  38047 15.4
2010-04-20  18:20:00  09 53 37.8  -10 02 21  +000889.9 -000088.6  00 22 21.7  186.593 33.342  58.88  38038 15.4
2010-04-20  18:30:00  10 03 31.7  -10 16 58  +000891.9 -000086.8  00 22 29.4  186.608 33.096  56.44  38026 15.3
2010-04-20  18:40:00  10 13 26.9  -10 31 17  +000893.9 -000084.8  00 22 35.8  186.616 32.856  54.00  38010 15.3
2010-04-20  18:50:00  10 23 23.6  -10 45 15  +000896.2 -000082.7  00 22 40.7  186.617 32.623  51.55  37991 15.3
2010-04-20  19:00:00  10 33 21.9  -10 58 51  +000898.6 -000080.4  00 22 44.1  186.612 32.396  49.10  37968 15.2
2010-04-20  19:10:00  10 43 21.9  -11 12 03  +000901.2 -000078.0  00 22 45.7  186.599 32.176  46.64  37942 15.2
2010-04-20  19:20:00  10 53 23.6  -11 24 51  +000904.0 -000075.4  00 22 45.7  186.578 31.963  44.18  37913 15.1
2010-04-20  19:30:00  11 03 27.2  -11 37 11  +000906.8 -000072.7  00 22 43.7  186.549 31.759  41.71  37881 15.1
2010-04-20  19:40:00  11 13 32.8  -11 49 04  +000909.8 -000069.8  00 22 39.8  186.512 31.563  39.24  37845 15.1
2010-04-20  19:50:00  11 23 40.3  -12 00 27  +000913.0 -000066.8  00 22 33.9  186.466 31.376  36.76  37806 15.0
2010-04-20  20:00:00  11 33 50.1  -12 11 19  +000916.2 -000063.6  00 22 25.8  186.411 31.198  34.28  37763 15.0
2010-04-20  20:10:00  11 44 02.0  -12 21 38  +000919.6 -000060.3  00 22 15.5  186.346 31.029  31.78  37718 15.0
2010-04-20  20:20:00  11 54 16.3  -12 31 24  +000923.1 -000056.8  00 22 02.9  186.272 30.871  29.29  37670 15.0
2010-04-20  20:30:00  12 04 32.9  -12 40 34  +000926.7 -000053.2  00 21 47.9  186.188 30.724  26.78  37619 14.9
2010-04-20  20:40:00  12 14 51.9  -12 49 08  +000930.4 -000049.5  00 21 30.5  186.093 30.587  24.28  37564 14.9
2010-04-20  20:50:00  12 25 13.4  -12 57 03  +000934.2 -000045.6  00 21 10.7  185.988 30.461  21.75  37508 14.9
2010-04-20  21:00:00  12 35 37.5  -13 04 19  +000938.0 -000041.6  00 20 48.2  185.873 30.347  19.24  37448 14.9
2010-04-20  21:10:00  12 46 04.1  -13 10 54  +000941.9 -000037.5  00 20 23.2  185.746 30.245  16.70  37386 14.9
2010-04-20  21:20:00  12 56 33.4  -13 16 48  +000945.9 -000033.2  00 19 55.6  185.609 30.154  14.17  37321 14.8
2010-04-20  21:30:00  13 07 05.4  -13 21 59  +000950.0 -000028.9  00 19 25.2  185.460 30.077  11.63  37255 14.8
2010-04-20  21:40:00  13 17 40.1  -13 26 25  +000954.1 -000024.4  00 18 52.2  185.300 30.012   9.11  37186 14.8
2010-04-20  21:50:00  13 28 17.5  -13 30 07     <<SHADOW>>        00 18 16.4  185.129 29.960   6.60  37115 ----
2010-04-20  22:00:00  13 38 57.7  -13 33 02     <<SHADOW>>        00 17 37.9  184.946 29.921   4.18  37042 ----
2010-04-20  22:10:00  13 49 40.6  -13 35 10     <<SHADOW>>        00 16 56.7  184.751 29.895   2.19  36967 ----
2010-04-20  22:20:00  14 00 26.3  -13 36 30     <<SHADOW>>        00 16 12.6  184.544 29.883   2.38  36890 ----
2010-04-20  22:30:00  14 11 14.7  -13 37 02     <<SHADOW>>        00 15 25.8  184.325 29.885   4.51  36812 ----
2010-04-20  22:40:00  14 22 05.9  -13 36 45  +000978.9 +000004.2  00 14 36.3  184.094 29.900   6.99  36733 14.8
2010-04-20  22:50:00  14 32 59.9  -13 35 37  +000983.0 +000009.3  00 13 44.0  183.851 29.929   9.58  36652 14.8
2010-04-20  23:00:00  14 43 56.5  -13 33 40  +000987.0 +000014.3  00 12 48.9  183.596 29.972  12.19  36571 14.8
2010-04-20  23:10:00  14 54 55.9  -13 30 51  +000991.1 +000019.4  00 11 51.2  183.328 30.029  14.84  36489 14.8
2010-04-20  23:20:00  15 05 57.9  -13 27 12  +000995.0 +000024.5  00 10 50.8  183.049 30.100  17.49  36406 14.8
2010-04-20  23:30:00  15 17 02.6  -13 22 42  +000999.0 +000029.6  00 09 47.8  182.757 30.184  20.18  36322 14.8
2010-04-20  23:40:00  15 28 09.9  -13 17 20  +001002.8 +000034.7  00 08 42.2  182.452 30.282  22.87  36238 14.8
2010-04-20  23:50:00  15 39 19.6  -13 11 08  +001006.5 +000039.8  00 07 34.1  182.136 30.393  25.58  36155 14.8
2010-04-21  00:00:00  15 50 31.9  -13 04 05  +001010.2 +000044.8  00 06 23.4  181.807 30.517  28.30  36071 14.9
2010-04-21  00:10:00  16 01 46.5  -12 56 12  +001013.8 +000049.8  00 05 10.4  181.465 30.654  31.04  35988 14.9
2010-04-21  00:20:00  16 13 03.6  -12 47 30  +001017.3 +000054.7  00 03 55.0  181.112 30.804  33.78  35905 14.9
2010-04-21  00:30:00  16 24 22.9  -12 37 58  +001020.7 +000059.6  00 02 37.4  180.746 30.967  36.54  35823 14.9
2010-04-21  00:40:00  16 35 44.4  -12 27 39  +001023.9 +000064.3  00 01 17.5  180.368 31.141  39.31  35742 15.0
2010-04-21  00:50:00  16 47 08.1  -12 16 32  +001027.0 +000069.0  23 59 55.5  179.978 31.327  42.10  35662 15.0
2010-04-21  01:00:00  16 58 33.7  -12 04 40  +001030.0 +000073.5  23 58 31.5  179.577 31.524  44.88  35584 15.0
2010-04-21  01:10:00  17 10 01.3  -11 52 03  +001032.9 +000077.9  23 57 05.5  179.163 31.731  47.69  35507 15.1
2010-04-21  01:20:00  17 21 30.8  -11 38 44  +001035.6 +000082.1  23 55 37.6  178.738 31.949  50.50  35431 15.1
2010-04-21  01:30:00  17 33 02.1  -11 24 43  +001038.2 +000086.1  23 54 08.0  178.301 32.176  53.33  35358 15.1
2010-04-21  01:40:00  17 44 35.1  -11 10 02  +001040.7 +000090.0  23 52 36.7  177.853 32.412  56.16  35287 15.2
2010-04-21  01:50:00  17 56 09.6  -10 54 44  +001043.0 +000093.6  23 51 03.7  177.394 32.655  59.01  35218 15.2
2010-04-21  02:00:00  18 07 45.7  -10 38 50  +001045.1 +000097.1  23 49 29.3  176.924 32.907  61.86  35152 15.3

   Date        UTC        RA         DECL      RARate   DeclRate    HourAng      Az     Um    Phase  Range  Mag
2010-04-21  18:00:00  11 19 10.3  -11 39 39  +000911.9 -000070.7  22 40 42.4  157.619 29.277  38.71  38032 15.1
2010-04-21  18:10:00  11 29 19.2  -11 51 11  +000914.9 -000067.7  22 40 35.1  157.646 29.084  36.22  37998 15.1
2010-04-21  18:20:00  11 39 30.2  -12 02 13  +000918.0 -000064.6  22 40 25.8  157.660 28.897  33.73  37961 15.0
2010-04-21  18:30:00  11 49 43.3  -12 12 42  +000921.3 -000061.3  22 40 14.3  157.662 28.716  31.23  37921 15.0
2010-04-21  18:40:00  11 59 58.6  -12 22 38  +000924.6 -000057.8  22 40 00.7  157.652 28.541  28.73  37878 15.0
2010-04-21  18:50:00  12 10 16.2  -12 31 58  +000928.0 -000054.2  22 39 44.8  157.628 28.374  26.21  37833 15.0
2010-04-21  19:00:00  12 20 36.0  -12 40 42  +000931.6 -000050.5  22 39 26.6  157.592 28.214  23.70  37785 14.9
2010-04-21  19:10:00  12 30 58.3  -12 48 48  +000935.2 -000046.7  22 39 06.0  157.542 28.061  21.17  37735 14.9
2010-04-21  19:20:00  12 41 22.9  -12 56 15  +000938.8 -000042.7  22 38 42.9  157.478 27.917  18.65  37682 14.9
2010-04-21  19:30:00  12 51 50.1  -13 03 02  +000942.6 -000038.6  22 38 17.4  157.400 27.780  16.11  37627 14.9
2010-04-21  19:40:00  13 02 19.7  -13 09 06  +000946.4 -000034.4  22 37 49.4  157.308 27.651  13.57  37570 14.9
2010-04-21  19:50:00  13 12 51.9  -13 14 29  +000950.2 -000030.0  22 37 18.9  157.201 27.531  11.02  37511 14.8
2010-04-21  20:00:00  13 23 26.7  -13 19 07  +000954.1 -000025.6  22 36 45.7  157.079 27.420   8.48  37450 14.8
2010-04-21  20:10:00  13 34 04.1  -13 22 60  +000958.0 -000021.0  22 36 10.0  156.943 27.318   5.95  37387 14.8
2010-04-21  20:20:00  13 44 44.1  -13 26 07     <<SHADOW>>        22 35 31.7  156.791 27.224   3.49  37323 ----
2010-04-21  20:30:00  13 55 26.6  -13 28 27     <<SHADOW>>        22 34 50.7  156.624 27.140   1.55  37257 ----
2010-04-21  20:40:00  14 06 11.9  -13 30 00     <<SHADOW>>        22 34 07.1  156.442 27.066   2.49  37190 ----
2010-04-21  20:50:00  14 16 59.7  -13 30 44     <<SHADOW>>        22 33 21.0  156.245 27.001   4.88  37121 ----
2010-04-21  21:00:00  14 27 50.1  -13 30 40     <<SHADOW>>        22 32 32.2  156.032 26.945   7.43  37052 ----
2010-04-21  21:10:00  14 38 43.2  -13 29 45  +000981.5 +000007.9  22 31 40.8  155.803 26.900  10.04  36981 14.8
2010-04-21  21:20:00  14 49 38.7  -13 28 01  +000985.3 +000013.0  22 30 46.8  155.559 26.864  12.67  36910 14.8
2010-04-21  21:30:00  15 00 36.9  -13 25 26  +000989.1 +000018.0  22 29 50.3  155.300 26.837  15.32  36838 14.8
2010-04-21  21:40:00  15 11 37.5  -13 22 01  +000992.8 +000023.1  22 28 51.3  155.025 26.820  17.98  36765 14.8
2010-04-21  21:50:00  15 22 40.7  -13 17 44  +000996.5 +000028.2  22 27 49.9  154.735 26.813  20.67  36693 14.8
2010-04-21  22:00:00  15 33 46.1  -13 12 38  +001000.1 +000033.2  22 26 46.0  154.429 26.816  23.35  36620 14.9
2010-04-21  22:10:00  15 44 54.1  -13 06 40  +001003.6 +000038.3  22 25 39.7  154.108 26.827  26.06  36547 14.9
2010-04-21  22:20:00  15 56 04.3  -12 59 53  +001007.0 +000043.3  22 24 31.2  153.773 26.848  28.77  36475 14.9
2010-04-21  22:30:00  16 07 16.8  -12 52 15  +001010.4 +000048.2  22 23 20.3  153.422 26.879  31.50  36403 14.9
2010-04-21  22:40:00  16 18 31.4  -12 43 49  +001013.6 +000053.1  22 22 07.3  153.056 26.917  34.24  36332 14.9
2010-04-21  22:50:00  16 29 48.2  -12 34 33  +001016.8 +000057.9  22 20 52.1  152.676 26.965  36.99  36261 15.0
2010-04-21  23:00:00  16 41 07.1  -12 24 30  +001019.8 +000062.7  22 19 34.9  152.281 27.021  39.75  36192 15.0
2010-04-21  23:10:00  16 52 27.9  -12 13 41  +001022.7 +000067.3  22 18 15.8  151.873 27.085  42.52  36123 15.0
2010-04-21  23:20:00  17 03 50.6  -12 02 06  +001025.5 +000071.7  22 16 54.7  151.450 27.156  45.30  36057 15.1
2010-04-21  23:30:00  17 15 15.1  -11 49 47  +001028.1 +000076.1  22 15 31.8  151.015 27.234  48.09  35991 15.1
2010-04-21  23:40:00  17 26 41.4  -11 36 45  +001030.7 +000080.3  22 14 07.2  150.566 27.320  50.89  35928 15.1
2010-04-21  23:50:00  17 38 09.3  -11 23 02  +001033.1 +000084.3  22 12 40.9  150.105 27.411  53.71  35866 15.2
2010-04-22  00:00:00  17 49 38.8  -11 08 40  +001035.3 +000088.1  22 11 13.1  149.631 27.508  56.52  35807 15.2
2010-04-22  00:10:00  18 01 09.7  -10 53 41  +001037.4 +000091.7  22 09 43.8  149.145 27.611  59.35  35750 15.3
2010-04-22  00:20:00  18 12 41.9  -10 38 07  +001039.4 +000095.2  22 08 13.2  148.649 27.719  62.18  35695 15.3
2010-04-22  00:30:00  18 24 15.4  -10 21 59  +001041.2 +000098.3  22 06 41.4  148.142 27.830  65.03  35643 15.4
2010-04-22  00:40:00  18 35 50.1  -10 05 21  +001042.9 +000101.3  22 05 08.3  147.624 27.945  67.88  35594 15.4
2010-04-22  00:50:00  18 47 25.9  -09 48 14  +001044.4 +000104.0  22 03 34.2  147.097 28.064  70.74  35548 15.5
2010-04-22  01:00:00  18 59 02.6  -09 30 42  +001045.8 +000106.4  22 01 59.1  146.561 28.184  73.60  35505 15.5
2010-04-22  01:10:00  19 10 40.2  -09 12 47  +001047.0 +000108.6  22 00 23.1  146.017 28.306  76.47  35465 15.6
2010-04-22  01:20:00  19 22 18.6  -08 54 32  +001048.0 +000110.4  21 58 46.4  145.465 28.430  79.34  35428 15.7
2010-04-22  01:30:00  19 33 57.4  -08 35 60  +001048.9 +000112.0  21 57 09.2  144.907 28.553  82.22  35396 15.7
2010-04-22  01:40:00  19 45 37.0  -08 17 13  +001049.6 +000113.3  21 55 31.3  144.343 28.677  85.10  35366 15.8
2010-04-22  01:50:00  19 57 16.9  -07 58 15  +001050.2 +000114.3  21 53 53.0  143.774 28.800  87.99  35341 15.9
2010-04-22  02:00:00  20 08 57.2  -07 39 09  +001050.6 +000114.9  21 52 14.4  143.200 28.921  90.87  35319 16.0

   Date        UTC        RA         DECL      RARate   DeclRate    HourAng      Az     Um    Phase  Range  Mag
2010-04-22  18:00:00  13 06 16.3  -12 47 02  +000945.7 -000034.8  20 57 33.0  132.855 18.073  13.42  38512 14.9
2010-04-22  18:10:00  13 16 47.9  -12 52 29  +000949.2 -000030.6  20 57 03.0  132.795 17.932  10.86  38459 14.9
2010-04-22  18:20:00  13 27 21.9  -12 57 13  +000952.8 -000026.2  20 56 30.6  132.720 17.796   8.30  38406 14.9
2010-04-22  18:30:00  13 37 58.3  -13 01 14  +000956.4 -000021.8  20 55 55.9  132.630 17.666   5.73  38350 14.9
2010-04-22  18:40:00  13 48 37.2  -13 04 29  +000960.1 -000017.2  20 55 18.7  132.524 17.541   3.19  38293 14.9
2010-04-22  18:50:00  13 59 18.5  -13 06 58     <<SHADOW>>        20 54 39.0  132.403 17.421   0.91  38235 ----
2010-04-22  19:00:00  14 10 02.1  -13 08 41     <<SHADOW>>        20 53 57.0  132.267 17.308   2.25  38176 ----
2010-04-22  19:10:00  14 20 48.3  -13 09 37     <<SHADOW>>        20 53 12.5  132.114 17.200   4.80  38116 ----
2010-04-22  19:20:00  14 31 36.8  -13 09 45     <<SHADOW>>        20 52 25.6  131.946 17.098   7.40  38054 ----
2010-04-22  19:30:00  14 42 27.7  -13 09 04     <<SHADOW>>        20 51 36.4  131.762 17.002  10.03  37992 ----
2010-04-22  19:40:00  14 53 21.0  -13 07 35  +000981.7 +000011.4  20 50 44.7  131.563 16.912  12.66  37930 14.9
2010-04-22  19:50:00  15 04 16.6  -13 05 16  +000985.2 +000016.3  20 49 50.8  131.347 16.829  15.32  37867 14.9
2010-04-22  20:00:00  15 15 14.5  -13 02 08  +000988.6 +000021.3  20 48 54.5  131.116 16.751  17.98  37804 14.9
2010-04-22  20:10:00  15 26 14.7  -12 58 11  +000992.0 +000026.2  20 47 56.0  130.870 16.680  20.66  37740 14.9
2010-04-22  20:20:00  15 37 17.1  -12 53 25  +000995.3 +000031.1  20 46 55.2  130.608 16.615  23.34  37677 14.9
2010-04-22  20:30:00  15 48 21.7  -12 47 49  +000998.5 +000036.0  20 45 52.2  130.331 16.556  26.04  37614 14.9
2010-04-22  20:40:00  15 59 28.4  -12 41 24  +001001.6 +000040.9  20 44 47.2  130.038 16.503  28.74  37551 15.0
2010-04-22  20:50:00  16 10 37.2  -12 34 11  +001004.7 +000045.7  20 43 40.0  129.731 16.456  31.46  37489 15.0
2010-04-22  21:00:00  16 21 48.0  -12 26 10  +001007.7 +000050.5  20 42 30.8  129.409 16.415  34.18  37427 15.0
2010-04-22  21:10:00  16 33 00.7  -12 17 22  +001010.5 +000055.2  20 41 19.7  129.073 16.379  36.92  37366 15.0
2010-04-22  21:20:00  16 44 15.3  -12 07 47  +001013.3 +000059.8  20 40 06.8  128.723 16.350  39.66  37307 15.1
2010-04-22  21:30:00  16 55 31.7  -11 57 27  +001015.9 +000064.2  20 38 52.1  128.359 16.325  42.42  37248 15.1
2010-04-22  21:40:00  17 06 49.8  -11 46 23  +001018.5 +000068.6  20 37 35.6  127.982 16.306  45.18  37191 15.1
2010-04-22  21:50:00  17 18 09.6  -11 34 36  +001020.9 +000072.8  20 36 17.4  127.592 16.292  47.95  37136 15.2
2010-04-22  22:00:00  17 29 31.0  -11 22 07  +001023.2 +000076.9  20 34 57.7  127.190 16.282  50.73  37082 15.2
2010-04-22  22:10:00  17 40 53.9  -11 08 58  +001025.4 +000080.8  20 33 36.5  126.776 16.277  53.53  37030 15.2
2010-04-22  22:20:00  17 52 18.2  -10 55 12  +001027.4 +000084.5  20 32 13.8  126.350 16.276  56.32  36980 15.3
2010-04-22  22:30:00  18 03 43.7  -10 40 49  +001029.3 +000088.1  20 30 49.9  125.914 16.279  59.13  36932 15.3
2010-04-22  22:40:00  18 15 10.5  -10 25 51  +001031.1 +000091.4  20 29 24.8  125.467 16.285  61.94  36887 15.4
2010-04-22  22:50:00  18 26 38.5  -10 10 21  +001032.8 +000094.5  20 27 58.4  125.011 16.294  64.76  36844 15.4
2010-04-22  23:00:00  18 38 07.5  -09 54 21  +001034.3 +000097.4  20 26 31.0  124.545 16.306  67.58  36804 15.5
2010-04-22  23:10:00  18 49 37.6  -09 37 54  +001035.7 +000100.1  20 25 02.6  124.071 16.320  70.42  36766 15.5
2010-04-22  23:20:00  19 01 08.5  -09 21 01  +001037.0 +000102.5  20 23 33.4  123.590 16.336  73.25  36732 15.6
2010-04-22  23:30:00  19 12 40.2  -09 03 45  +001038.1 +000104.6  20 22 03.3  123.102 16.353  76.10  36700 15.7
2010-04-22  23:40:00  19 24 12.4  -08 46 10  +001039.0 +000106.5  20 20 32.7  122.608 16.372  78.94  36672 15.7
2010-04-22  23:50:00  19 35 45.4  -08 28 18  +001039.8 +000108.1  20 19 01.4  122.108 16.391  81.80  36647 15.8
2010-04-23  00:00:00  19 47 18.9  -08 10 10  +001040.5 +000109.4  20 17 29.6  121.603 16.410  84.65  36626 15.9
2010-04-23  00:10:00  19 58 52.7  -07 51 51  +001041.1 +000110.4  20 15 57.3  121.095 16.429  87.51  36607 15.9
2010-04-23  00:20:00  20 10 26.9  -07 33 24  +001041.5 +000111.1  20 14 24.8  120.584 16.447  90.37  36593 16.0
2010-04-23  00:30:00  20 22 01.4  -07 14 51  +001041.7 +000111.5  20 12 52.0  120.071 16.465  93.23  36582 16.1
2010-04-23  00:40:00  20 33 35.9  -06 56 15  +001041.9 +000111.6  20 11 19.1  119.556 16.480  96.09  36575 16.2
2010-04-23  00:50:00  20 45 10.4  -06 37 40  +001041.8 +000111.4  20 09 46.3  119.042 16.494  98.95  36572 16.3
2010-04-23  01:00:00  20 56 44.8  -06 19 08  +001041.6 +000111.0  20 08 13.5  118.528 16.506 101.80  36572 16.4
2010-04-23  01:10:00  21 08 19.1  -06 00 42  +001041.3 +000110.2  20 06 40.8  118.015 16.514 104.67  36576 16.5
2010-04-23  01:20:00  21 19 53.1  -05 42 25  +001040.8 +000109.1  20 05 08.4  117.505 16.520 107.51  36584 16.6
2010-04-23  01:30:00  21 31 26.8  -05 24 21  +001040.2 +000107.7  20 03 36.4  116.998 16.522 110.37  36597 16.7
2010-04-23  01:40:00  21 42 60.0  -05 06 32  +001039.4 +000106.1  20 02 04.9  116.495 16.521 113.20  36612 16.9
2010-04-23  01:50:00  21 54 32.6  -04 49 00  +001038.4 +000104.1  20 00 33.9  115.997 16.515 116.05  36632 17.0
2010-04-23  02:00:00  22 06 04.4  -04 31 51  +001037.3 +000101.9  19 59 03.7  115.505 16.505 118.87  36656 17.1
