ЭФЕМЕРИДЫ ПО ОБЪЕКТУ:  90154
Для пункта:  10016 Маяки   46 23'50.68"   30 16'17.74"    14m
C   2010-04-15 12:00
по  2010-05-01 12:00
Шаг  0:10:00
Мин.угол места:          10 град
Макс.угол места Солнца: -10 град
Стандартный блеск :      9.3 (зв.вел.)

ОБОЗНАЧЕНИЯ
RA        прямое восхождение, тек.эпоха
DECL      склонение, тек.эпоха
RARate    скорость по пр.восх., арксек/мин
DeclRate  скорость по склонению, арксек/мин
HourAng   часовой угол
Az        азимут
Um        угол места
Phase     фазовый угол
Range     дальность
Mag       зв.величина (оценка)

   Date        UTC        RA         DECL      RARate   DeclRate    HourAng      Az     Um    Phase  Range  Mag
2010-04-16  17:50:00  09 23 07.3  +02 58 00  +000864.0 +000004.6  00 07 01.0  182.547 46.542  64.99  34681 16.4
2010-04-16  18:00:00  09 32 35.4  +02 58 06  +000840.4 -000003.3  00 07 34.6  182.750 46.540  62.71  35165 16.4
2010-04-16  18:10:00  09 41 48.3  +02 56 55  +000818.7 -000010.7  00 08 23.3  183.044 46.513  60.46  35626 16.4
2010-04-16  18:20:00  09 50 47.5  +02 54 33  +000798.9 -000017.6  00 09 25.7  183.419 46.463  58.29  36064 16.4
2010-04-16  18:30:00  09 59 34.0  +02 51 04  +000780.7 -000024.0  00 10 40.9  183.869 46.392  56.15  36480 16.3
2010-04-16  18:40:00  10 08 08.8  +02 46 34  +000764.0 -000030.0  00 12 07.7  184.386 46.299  54.07  36873 16.3
2010-04-16  18:50:00  10 16 33.0  +02 41 05  +000748.8 -000035.6  00 13 45.1  184.964 46.185  52.02  37243 16.3
2010-04-16  19:00:00  10 24 47.5  +02 34 42  +000734.9 -000041.0  00 15 32.3  185.596 46.050  50.02  37590 16.3
2010-04-16  19:10:00  10 32 53.2  +02 27 27  +000722.3 -000046.0  00 17 28.2  186.276 45.895  48.04  37914 16.3
2010-04-16  19:20:00  10 40 50.9  +02 19 22  +000710.9 -000050.8  00 19 32.2  186.999 45.720  46.11  38214 16.3
2010-04-16  19:30:00  10 48 41.4  +02 10 30  +000700.6 -000055.5  00 21 43.3  187.758 45.524  44.19  38492 16.3
2010-04-16  19:40:00  10 56 25.3  +02 00 53  +000691.3 -000059.9  00 24 01.1  188.548 45.308  42.32  38746 16.3
2010-04-16  19:50:00  11 04 03.4  +01 50 33  +000683.1 -000064.1  00 26 24.6  189.366 45.073  40.45  38977 16.3
2010-04-16  20:00:00  11 11 36.3  +01 39 31  +000675.8 -000068.3  00 28 53.4  190.204 44.818  38.62  39184 16.2
2010-04-16  20:10:00  11 19 04.6  +01 27 48  +000669.4 -000072.3  00 31 26.7  191.060 44.543  36.79  39369 16.2
2010-04-16  20:20:00  11 26 29.0  +01 15 26  +000663.9 -000076.2  00 34 04.0  191.929 44.248  34.99  39530 16.2
2010-04-16  20:30:00  11 33 50.0  +01 02 24  +000659.3 -000080.1  00 36 44.6  192.805 43.935  33.19  39669 16.2
2010-04-16  20:40:00  11 41 08.3  +00 48 44  +000655.5 -000083.9  00 39 28.0  193.686 43.602  31.42  39784 16.2
2010-04-16  20:50:00  11 48 24.2  +00 34 27  +000652.5 -000087.6  00 42 13.6  194.568 43.251  29.65  39876 16.2
2010-04-16  21:00:00  11 55 38.5  +00 19 32  +000650.4 -000091.3  00 45 01.0  195.447 42.882  27.90  39945 16.2
2010-04-16  21:10:00  12 02 51.6  +00 04 00  +000649.0 -000095.0  00 47 49.6  196.318 42.496  26.14  39990 16.2
2010-04-16  21:20:00  12 10 04.0  -00 12 08  +000648.4 -000098.7  00 50 38.8  197.180 42.092  24.40  40013 16.2
2010-04-16  21:30:00  12 17 16.3  -00 28 55  +000648.6 -000102.5  00 53 28.1  198.029 41.671  22.66  40012 16.1
2010-04-16  21:40:00  12 24 29.0  -00 46 18  +000649.6 -000106.2  00 56 17.1  198.861 41.235  20.94  39988 16.1
2010-04-16  21:50:00  12 31 42.7  -01 04 20  +000651.5 -000110.0  00 59 05.0  199.673 40.783  19.21  39940 16.1
2010-04-16  22:00:00  12 38 57.9  -01 22 60  +000654.1 -000113.9  01 01 51.5  200.463 40.317  17.50  39870 16.1
2010-04-16  22:10:00  12 46 15.0  -01 42 18  +000657.5 -000117.8  01 04 36.0  201.228 39.836  15.79  39776 16.1
2010-04-16  22:20:00  12 53 34.8  -02 02 16  +000661.9 -000121.8  01 07 17.9  201.964 39.343  14.11  39658 16.1
2010-04-16  22:30:00  13 00 57.7  -02 22 55  +000667.0 -000125.9  01 09 56.6  202.670 38.838  12.45  39517 16.1
2010-04-16  22:40:00  13 08 24.4  -02 44 15  +000673.1 -000130.1  01 12 31.6  203.342 38.321  10.85  39353 16.1
2010-04-16  22:50:00  13 15 55.4  -03 06 18  +000680.2 -000134.5  01 15 02.2  203.977 37.795   9.32  39165 16.0
2010-04-16  23:00:00  13 23 31.5  -03 29 05  +000688.2 -000138.9  01 17 27.7  204.573 37.259   7.94  38953 16.0
2010-04-16  23:10:00  13 31 13.3  -03 52 38  +000697.3 -000143.5  01 19 47.6  205.127 36.714   6.80  38718 16.0
2010-04-16  23:20:00  13 39 01.5  -04 16 57  +000707.5 -000148.3  01 22 01.0  205.636 36.163   6.07  38459 16.0
2010-04-16  23:30:00  13 46 56.9  -04 42 04  +000718.9 -000153.3  01 24 07.2  206.097 35.605   5.93  38176 16.0
2010-04-16  23:40:00  13 55 00.3  -05 08 02  +000731.6 -000158.4  01 26 05.5  206.507 35.043   6.45  37869 16.0
2010-04-16  23:50:00  14 03 12.6  -05 34 53  +000745.5 -000163.7  01 27 54.8  206.862 34.477   7.52  37538 15.9
2010-04-17  00:00:00  14 11 34.7  -06 02 38  +000761.0 -000169.3  01 29 34.4  207.160 33.908   8.97  37183 15.9
2010-04-17  00:10:00  14 20 07.6  -06 31 20  +000778.0 -000175.1  01 31 03.2  207.396 33.337  10.68  36805 15.9
2010-04-17  00:20:00  14 28 52.3  -07 01 01  +000796.6 -000181.2  01 32 20.1  207.566 32.767  12.57  36402 15.9
2010-04-17  00:30:00  14 37 50.1  -07 31 44  +000817.2 -000187.5  01 33 23.9  207.667 32.197  14.60  35976 15.9
2010-04-17  00:40:00  14 47 02.3  -08 03 32  +000839.7 -000194.1  01 34 13.4  207.692 31.630  16.73  35525 15.9
2010-04-17  00:50:00  14 56 30.2  -08 36 26  +000864.5 -000200.9  01 34 47.1  207.639 31.066  18.97  35051 15.8
2010-04-17  01:00:00  15 06 15.5  -09 10 31  +000891.7 -000208.1  01 35 03.5  207.499 30.506  21.29  34553 15.8
2010-04-17  01:10:00  15 16 19.7  -09 45 49  +000921.5 -000215.5  01 35 00.9  207.269 29.953  23.72  34032 15.8
2010-04-17  01:20:00  15 26 44.8  -10 22 23  +000954.4 -000223.2  01 34 37.5  206.940 29.406  26.24  33489 15.8
2010-04-17  01:30:00  15 37 32.8  -11 00 15  +000990.5 -000231.2  01 33 51.0  206.506 28.867  28.87  32922 15.8
2010-04-17  01:40:00  15 48 46.2  -11 39 27  +001030.3 -000239.4  01 32 39.3  205.957 28.337  31.59  32334 15.8
2010-04-17  01:50:00  16 00 27.4  -12 20 03  +001074.1 -000247.8  01 30 59.8  205.285 27.816  34.44  31725 15.7
2010-04-17  02:00:00  16 12 39.3  -13 02 03  +001122.5 -000256.2  01 28 49.5  204.480 27.305  37.40  31095 15.7
2010-04-17  02:10:00  16 25 25.1  -13 45 27  +001175.9 -000264.6  01 26 05.4  203.531 26.805  40.51  30446 15.7

   Date        UTC        RA         DECL      RARate   DeclRate    HourAng      Az     Um    Phase  Range  Mag
2010-04-18  17:50:00  06 09 08.6  -00 37 51  +001542.3 +000219.5  03 28 52.8  240.278 24.488 113.67  27516 17.4
2010-04-18  18:00:00  06 25 51.8  -00 03 21  +001467.9 +000194.7  03 22 11.3  239.171 25.946 109.72  28133 17.2
2010-04-18  18:10:00  06 41 47.2  +00 27 07  +001398.8 +000171.4  03 16 17.5  238.173 27.225 105.92  28759 17.1
2010-04-18  18:20:00  06 56 58.1  +00 53 52  +001334.7 +000149.9  03 11 08.2  237.284 28.339 102.29  29388 17.0
2010-04-18  18:30:00  07 11 27.9  +01 17 11  +001275.3 +000130.0  03 06 40.1  236.500 29.301  98.81  30017 17.0
2010-04-18  18:40:00  07 25 19.6  +01 37 18  +001220.5 +000111.8  03 02 50.0  235.817 30.125  95.48  30642 16.9
2010-04-18  18:50:00  07 38 36.2  +01 54 31  +001169.8 +000095.0  02 59 35.1  235.231 30.823  92.28  31261 16.8
2010-04-18  19:00:00  07 51 20.3  +02 09 03  +001123.1 +000079.7  02 56 52.6  234.739 31.405  89.21  31870 16.8
2010-04-18  19:10:00  08 03 34.5  +02 21 09  +001080.1 +000065.6  02 54 40.0  234.336 31.882  86.25  32469 16.7
2010-04-18  19:20:00  08 15 21.3  +02 30 60  +001040.5 +000052.8  02 52 54.9  234.017 32.263  83.41  33056 16.7
2010-04-18  19:30:00  08 26 42.7  +02 38 48  +001004.0 +000041.0  02 51 35.2  233.776 32.556  80.66  33628 16.7
2010-04-18  19:40:00  08 37 40.7  +02 44 44  +000970.4 +000030.3  02 50 38.8  233.610 32.769  78.01  34184 16.6
2010-04-18  19:50:00  08 48 17.1  +02 48 56  +000939.4 +000020.4  02 50 04.0  233.513 32.908  75.43  34724 16.6
2010-04-18  20:00:00  08 58 33.8  +02 51 34  +000910.9 +000011.3  02 49 49.0  233.480 32.979  72.95  35247 16.6
2010-04-18  20:10:00  09 08 32.1  +02 52 44  +000884.6 +000002.9  02 49 52.3  233.506 32.987  70.52  35752 16.6
2010-04-18  20:20:00  09 18 13.8  +02 52 33  +000860.5 -000004.9  02 50 12.3  233.587 32.939  68.18  36237 16.5
2010-04-18  20:30:00  09 27 40.0  +02 51 07  +000838.3 -000012.1  02 50 47.7  233.717 32.837  65.88  36703 16.5
2010-04-18  20:40:00  09 36 51.9  +02 48 32  +000817.9 -000018.8  02 51 37.4  233.893 32.686  63.65  37150 16.5
2010-04-18  20:50:00  09 45 50.8  +02 44 53  +000799.1 -000025.0  02 52 40.1  234.109 32.489  61.46  37575 16.5
2010-04-18  21:00:00  09 54 37.8  +02 40 13  +000781.9 -000030.9  02 53 54.8  234.363 32.251  59.32  37980 16.5
2010-04-18  21:10:00  10 03 13.7  +02 34 36  +000766.2 -000036.4  02 55 20.5  234.649 31.973  57.22  38365 16.5
2010-04-18  21:20:00  10 11 39.7  +02 28 07  +000751.8 -000041.5  02 56 56.3  234.964 31.659  55.17  38727 16.5
2010-04-18  21:30:00  10 19 56.4  +02 20 47  +000738.7 -000046.4  02 58 41.1  235.305 31.311  53.15  39069 16.4
2010-04-18  21:40:00  10 28 04.9  +02 12 39  +000726.8 -000051.1  03 00 34.3  235.668 30.931  51.17  39388 16.4
2010-04-18  21:50:00  10 36 05.7  +02 03 46  +000716.0 -000055.5  03 02 35.1  236.050 30.523  49.21  39686 16.4
2010-04-18  22:00:00  10 43 59.8  +01 54 09  +000706.3 -000059.7  03 04 42.7  236.447 30.087  47.28  39961 16.4
2010-04-18  22:10:00  10 51 47.6  +01 43 52  +000697.6 -000063.8  03 06 56.5  236.858 29.625  45.37  40215 16.4
2010-04-18  22:20:00  10 59 30.1  +01 32 54  +000689.8 -000067.7  03 09 15.7  237.279 29.140  43.49  40446 16.4
2010-04-18  22:30:00  11 07 07.6  +01 21 17  +000683.0 -000071.5  03 11 39.8  237.708 28.634  41.62  40654 16.4
2010-04-18  22:40:00  11 14 41.0  +01 09 03  +000677.1 -000075.3  03 14 08.1  238.142 28.107  39.78  40840 16.4
2010-04-18  22:50:00  11 22 10.7  +00 56 12  +000672.1 -000078.9  03 16 40.0  238.579 27.562  37.94  41004 16.3
2010-04-18  23:00:00  11 29 37.3  +00 42 45  +000667.9 -000082.5  03 19 15.0  239.017 27.000  36.13  41144 16.3
2010-04-18  23:10:00  11 37 01.4  +00 28 43  +000664.5 -000086.0  03 21 52.6  239.454 26.423  34.31  41262 16.3
2010-04-18  23:20:00  11 44 23.5  +00 14 06  +000661.9 -000089.4  03 24 32.1  239.888 25.832  32.52  41356 16.3
2010-04-18  23:30:00  11 51 44.2  -00 01 05  +000660.1 -000092.9  03 27 13.1  240.316 25.228  30.72  41427 16.3
2010-04-18  23:40:00  11 59 03.9  -00 16 51  +000659.1 -000096.3  03 29 55.0  240.737 24.612  28.94  41475 16.3
2010-04-18  23:50:00  12 06 23.2  -00 33 12  +000658.9 -000099.8  03 32 37.4  241.149 23.987  27.15  41500 16.3
2010-04-19  00:00:00  12 13 42.6  -00 50 07  +000659.4 -000103.3  03 35 19.6  241.550 23.354  25.37  41501 16.2
2010-04-19  00:10:00  12 21 02.6  -01 07 37  +000660.8 -000106.8  03 38 01.2  241.938 22.713  23.59  41479 16.2
2010-04-19  00:20:00  12 28 23.8  -01 25 43  +000662.9 -000110.3  03 40 41.7  242.312 22.066  21.82  41432 16.2
2010-04-19  00:30:00  12 35 46.6  -01 44 23  +000665.8 -000113.9  03 43 20.5  242.671 21.415  20.05  41362 16.2
2010-04-19  00:40:00  12 43 11.7  -02 03 40  +000669.5 -000117.5  03 45 57.1  243.011 20.761  18.29  41268 16.2
2010-04-19  00:50:00  12 50 39.5  -02 23 35  +000674.1 -000121.3  03 48 30.9  243.331 20.105  16.52  41149 16.2
2010-04-19  01:00:00  12 58 10.6  -02 44 07  +000679.5 -000125.1  03 51 01.4  243.630 19.449  14.78  41006 16.2
2010-04-19  01:10:00  13 05 45.7  -03 05 18  +000685.8 -000129.1  03 53 28.0  243.905 18.794  13.05  40839 16.1
2010-04-19  01:20:00  13 13 25.3  -03 27 09  +000693.1 -000133.1  03 55 50.1  244.155 18.142  11.37  40647 16.1
2010-04-19  01:30:00  13 21 10.0  -03 49 40  +000701.3 -000137.3  03 58 07.0  244.378 17.494   9.75  40430 16.1
2010-04-19  01:40:00  13 29 00.6  -04 12 55  +000710.6 -000141.6  04 00 18.0  244.571 16.851   8.26  40188 16.1
2010-04-19  01:50:00  13 36 57.7  -04 36 53  +000721.0 -000146.1  04 02 22.6  244.731 16.216   6.98  39920 16.1
2010-04-19  02:00:00  13 45 02.1  -05 01 38  +000732.5 -000150.8  04 04 19.8  244.857 15.589   6.10  39628 16.1

   Date        UTC        RA         DECL      RARate   DeclRate    HourAng      Az     Um    Phase  Range  Mag
2010-04-19  17:50:00  13 41 19.9  -02 52 48  +000701.4 -000128.2  20 00 38.1  114.744 18.038   8.71  41056 16.1
2010-04-19  18:00:00  13 49 10.4  -03 14 33  +000710.1 -000132.6  20 02 49.3  115.431 18.097   8.08  40808 16.1
2010-04-19  18:10:00  13 57 07.0  -03 37 01  +000720.0 -000137.1  20 04 54.3  116.104 18.127   7.90  40538 16.1
2010-04-19  18:20:00  14 05 10.6  -04 00 15  +000730.9 -000141.7  20 06 52.3  116.762 18.127   8.22  40246 16.1
2010-04-19  18:30:00  14 13 21.8  -04 24 15  +000743.1 -000146.4  20 08 42.7  117.401 18.094   9.01  39933 16.1
2010-04-19  18:40:00  14 21 41.7  -04 49 04  +000756.6 -000151.3  20 10 24.5  118.019 18.026  10.17  39599 16.1
2010-04-19  18:50:00  14 30 10.9  -05 14 41  +000771.4 -000156.3  20 11 56.9  118.613 17.922  11.62  39244 16.0
2010-04-19  19:00:00  14 38 50.6  -05 41 10  +000787.8 -000161.4  20 13 18.9  119.178 17.777  13.29  38868 16.0
2010-04-19  19:10:00  14 47 41.6  -06 08 30  +000805.7 -000166.7  20 14 29.5  119.711 17.590  15.12  38472 16.0
2010-04-19  19:20:00  14 56 45.2  -06 36 44  +000825.4 -000172.1  20 15 27.5  120.209 17.359  17.09  38057 16.0
2010-04-19  19:30:00  15 06 02.5  -07 05 52  +000846.9 -000177.7  20 16 11.9  120.668 17.080  19.18  37622 16.0
2010-04-19  19:40:00  15 15 34.8  -07 35 57  +000870.4 -000183.3  20 16 41.2  121.082 16.750  21.36  37168 16.0
2010-04-19  19:50:00  15 25 23.6  -08 06 60  +000896.2 -000189.1  20 16 54.1  121.448 16.366  23.65  36696 16.0
2010-04-19  20:00:00  15 35 30.2  -08 38 60  +000924.3 -000194.9  20 16 49.1  121.760 15.924  26.02  36206 16.0
2010-04-19  20:10:00  15 45 56.5  -09 11 59  +000955.0 -000200.8  20 16 24.5  122.014 15.422  28.51  35699 15.9
2010-04-19  20:20:00  15 56 44.1  -09 45 56  +000988.5 -000206.7  20 15 38.5  122.203 14.854  31.08  35177 15.9
2010-04-19  20:30:00  16 07 55.2  -10 20 52  +001025.2 -000212.5  20 14 29.1  122.323 14.216  33.76  34640 15.9
2010-04-19  20:40:00  16 19 31.7  -10 56 45  +001065.1 -000218.1  20 12 54.2  122.365 13.504  36.54  34089 15.9
2010-04-19  20:50:00  16 31 36.1  -11 33 33  +001108.8 -000223.5  20 10 51.4  122.325 12.712  39.45  33525 15.9
2010-04-19  21:00:00  16 44 10.9  -12 11 13  +001156.4 -000228.4  20 08 18.2  122.195 11.836  42.47  32951 15.9
2010-04-19  21:10:00  16 57 18.9  -12 49 39  +001208.3 -000232.7  20 05 11.9  121.967 10.869  45.63  32368 15.9

   Date        UTC        RA         DECL      RARate   DeclRate    HourAng      Az     Um    Phase  Range  Mag
2010-04-21  18:00:00  11 55 56.5  +00 47 10  +000658.6 -000083.1  22 03 56.2  142.132 37.804  32.77  40131 16.2
2010-04-21  18:10:00  12 03 14.6  +00 32 59  +000655.9 -000086.9  22 06 39.7  143.040 37.876  31.01  40202 16.2
2010-04-21  18:20:00  12 10 31.2  +00 18 11  +000654.0 -000090.7  22 09 24.8  143.964 37.933  29.28  40249 16.2
2010-04-21  18:30:00  12 17 46.8  +00 02 44  +000652.9 -000094.6  22 12 10.8  144.898 37.974  27.54  40273 16.2
2010-04-21  18:40:00  12 25 02.0  -00 13 20  +000652.7 -000098.4  22 14 57.3  145.841 38.000  25.82  40273 16.2
2010-04-21  18:50:00  12 32 17.2  -00 30 03  +000653.2 -000102.2  22 17 43.7  146.789 38.008  24.09  40250 16.2
2010-04-21  19:00:00  12 39 33.0  -00 47 24  +000654.5 -000106.0  22 20 29.5  147.740 37.997  22.39  40204 16.2
2010-04-21  19:10:00  12 46 50.0  -01 05 23  +000656.6 -000109.9  22 23 14.2  148.689 37.967  20.68  40135 16.1
2010-04-21  19:20:00  12 54 08.6  -01 24 02  +000659.5 -000113.9  22 25 57.2  149.634 37.916  19.00  40043 16.1
2010-04-21  19:30:00  13 01 29.5  -01 43 21  +000663.3 -000117.9  22 28 38.0  150.571 37.844  17.33  39928 16.1
2010-04-21  19:40:00  13 08 53.2  -02 03 20  +000667.9 -000122.0  22 31 15.9  151.496 37.750  15.69  39791 16.1
2010-04-21  19:50:00  13 16 20.3  -02 24 01  +000673.5 -000126.2  22 33 50.5  152.407 37.633  14.07  39630 16.1
2010-04-21  20:00:00  13 23 51.4  -02 45 24  +000680.0 -000130.4  22 36 21.0  153.298 37.492  12.52  39447 16.1
2010-04-21  20:10:00  13 31 27.1  -03 07 30  +000687.5 -000134.8  22 38 46.9  154.168 37.327  11.04  39241 16.0
2010-04-21  20:20:00  13 39 08.2  -03 30 21  +000696.0 -000139.4  22 41 07.5  155.011 37.136   9.71  39012 16.0
2010-04-21  20:30:00  13 46 55.3  -03 53 58  +000705.5 -000144.0  22 43 22.0  155.824 36.920   8.58  38761 16.0
2010-04-21  20:40:00  13 54 49.2  -04 18 22  +000716.3 -000148.8  22 45 29.8  156.602 36.678   7.77  38487 16.0
2010-04-21  20:50:00  14 02 50.6  -04 43 35  +000728.2 -000153.8  22 47 30.0  157.342 36.408   7.42  38192 16.0
2010-04-21  21:00:00  14 11 00.4  -05 09 39  +000741.5 -000158.9  22 49 21.9  158.039 36.111   7.60  37873 16.0
2010-04-21  21:10:00  14 19 19.5  -05 36 35  +000756.1 -000164.3  22 51 04.4  158.689 35.786   8.32  37533 15.9
2010-04-21  21:20:00  14 27 48.9  -06 04 24  +000772.3 -000169.8  22 52 36.6  159.286 35.432   9.48  37171 15.9
2010-04-21  21:30:00  14 36 29.6  -06 33 10  +000790.1 -000175.5  22 53 57.6  159.827 35.048  10.97  36787 15.9
2010-04-21  21:40:00  14 45 22.8  -07 02 54  +000809.6 -000181.4  22 55 06.1  160.305 34.633  12.69  36382 15.9
2010-04-21  21:50:00  14 54 29.5  -07 33 38  +000831.1 -000187.5  22 56 01.0  160.717 34.188  14.60  35955 15.9
2010-04-21  22:00:00  15 03 51.3  -08 05 24  +000854.6 -000193.8  22 56 40.8  161.055 33.710  16.65  35507 15.9
2010-04-21  22:10:00  15 13 29.5  -08 38 15  +000880.4 -000200.3  22 57 04.3  161.316 33.198  18.84  35039 15.8
2010-04-21  22:20:00  15 23 25.7  -09 12 11  +000908.7 -000207.0  22 57 09.7  161.492 32.652  21.14  34551 15.8
2010-04-21  22:30:00  15 33 41.7  -09 47 15  +000939.8 -000213.8  22 56 55.4  161.577 32.069  23.55  34042 15.8
2010-04-21  22:40:00  15 44 19.4  -10 23 28  +000973.8 -000220.8  22 56 19.3  161.565 31.447  26.06  33515 15.8
2010-04-21  22:50:00  15 55 20.8  -11 00 52  +001011.2 -000227.9  22 55 19.5  161.448 30.785  28.69  32970 15.8
2010-04-21  23:00:00  16 06 48.4  -11 39 26  +001052.2 -000235.0  22 53 53.6  161.219 30.080  31.43  32407 15.8
2010-04-21  23:10:00  16 18 44.5  -12 19 11  +001097.2 -000242.0  22 51 59.1  160.871 29.328  34.30  31829 15.8
2010-04-21  23:20:00  16 31 12.2  -13 00 06  +001146.7 -000248.8  22 49 33.1  160.394 28.526  37.28  31235 15.7
2010-04-21  23:30:00  16 44 14.5  -13 42 06  +001201.0 -000255.2  22 46 32.5  159.780 27.670  40.42  30628 15.7
2010-04-21  23:40:00  16 57 54.7  -14 25 09  +001260.8 -000261.1  22 42 53.8  159.020 26.754  43.68  30010 15.7
2010-04-21  23:50:00  17 12 16.7  -15 09 05  +001326.4 -000266.0  22 38 33.5  158.103 25.774  47.12  29382 15.7
2010-04-22  00:00:00  17 27 24.6  -15 53 45  +001398.4 -000269.7  22 33 27.3  157.021 24.722  50.71  28748 15.7
2010-04-22  00:10:00  17 43 22.7  -16 38 54  +001477.2 -000271.7  22 27 30.8  155.762 23.591  54.50  28110 15.7
2010-04-22  00:20:00  18 00 15.7  -17 24 12  +001563.3 -000271.3  22 20 39.4  154.316 22.373  58.47  27473 15.8
2010-04-22  00:30:00  18 18 08.7  -18 09 11  +001657.0 -000267.9  22 12 48.1  152.671 21.059  62.66  26840 15.8
2010-04-22  00:40:00  18 37 06.7  -18 53 18  +001758.4 -000260.6  22 03 51.8  150.820 19.639  67.07  26216 15.8
2010-04-22  00:50:00  18 57 14.7  -19 35 47  +001867.1 -000248.4  21 53 45.4  148.750 18.103  71.72  25606 15.9
2010-04-22  01:00:00  19 18 37.5  -20 15 45  +001982.5 -000230.1  21 42 24.2  146.455 16.442  76.60  25018 15.9
2010-04-22  01:10:00  19 41 19.1  -20 52 05  +002103.2 -000204.6  21 29 44.2  143.927 14.646  81.75  24459 16.0
2010-04-22  01:20:00  20 05 22.4  -21 23 30  +002227.0 -000170.7  21 15 42.6  141.163 12.708  87.15  23935 16.1
2010-04-22  01:30:00  20 30 48.4  -21 48 31  +002350.9 -000127.7  21 00 18.3  138.160 10.622  92.81  23457 16.2

   Date        UTC        RA         DECL      RARate   DeclRate    HourAng      Az     Um    Phase  Range  Mag
2010-04-23  18:00:00  09 50 53.7  +02 52 45  +000809.4 -000019.1  00 16 52.1  186.105 46.327  64.95  35875 16.5
2010-04-23  18:10:00  09 59 47.0  +02 49 02  +000790.6 -000025.6  00 18 00.5  186.509 46.243  62.80  36297 16.4
2010-04-23  18:20:00  10 08 28.3  +02 44 15  +000773.4 -000031.6  00 19 20.8  186.981 46.137  60.70  36697 16.4
2010-04-23  18:30:00  10 16 58.5  +02 38 30  +000757.6 -000037.3  00 20 52.2  187.515 46.008  58.64  37073 16.4
2010-04-23  18:40:00  10 25 18.7  +02 31 49  +000743.2 -000042.7  00 22 33.7  188.105 45.858  56.63  37427 16.4
2010-04-23  18:50:00  10 33 29.8  +02 24 17  +000730.1 -000047.8  00 24 24.3  188.743 45.686  54.64  37759 16.4
2010-04-23  19:00:00  10 41 32.5  +02 15 54  +000718.2 -000052.6  00 26 23.2  189.425 45.494  52.69  38067 16.4
2010-04-23  19:10:00  10 49 27.6  +02 06 45  +000707.4 -000057.2  00 28 29.7  190.144 45.280  50.77  38352 16.4
2010-04-23  19:20:00  10 57 16.0  +01 56 51  +000697.8 -000061.6  00 30 43.0  190.896 45.047  48.88  38614 16.3
2010-04-23  19:30:00  11 04 58.3  +01 46 13  +000689.2 -000065.9  00 33 02.3  191.674 44.793  47.00  38853 16.3
2010-04-23  19:40:00  11 12 35.1  +01 34 53  +000681.5 -000070.0  00 35 27.1  192.474 44.519  45.16  39069 16.3
2010-04-23  19:50:00  11 20 07.1  +01 22 53  +000674.8 -000074.0  00 37 56.8  193.293 44.225  43.32  39262 16.3
2010-04-23  20:00:00  11 27 35.0  +01 10 13  +000668.9 -000077.9  00 40 30.5  194.124 43.912  41.51  39432 16.3
2010-04-23  20:10:00  11 34 59.3  +00 56 55  +000664.0 -000081.7  00 43 07.9  194.965 43.580  39.70  39579 16.3
2010-04-23  20:20:00  11 42 20.5  +00 42 59  +000659.9 -000085.5  00 45 48.3  195.811 43.230  37.92  39702 16.3
2010-04-23  20:30:00  11 49 39.3  +00 28 26  +000656.6 -000089.2  00 48 31.1  196.658 42.861  36.14  39803 16.3
2010-04-23  20:40:00  11 56 56.3  +00 13 16  +000654.2 -000092.8  00 51 15.8  197.502 42.474  34.38  39881 16.2
2010-04-23  20:50:00  12 04 11.8  -00 02 31  +000652.5 -000096.5  00 54 02.0  198.341 42.070  32.61  39935 16.2
2010-04-23  21:00:00  12 11 26.5  -00 18 54  +000651.7 -000100.1  00 56 48.9  199.170 41.650  30.86  39967 16.2
2010-04-23  21:10:00  12 18 40.9  -00 35 54  +000651.6 -000103.8  00 59 36.1  199.987 41.213  29.10  39975 16.2
2010-04-23  21:20:00  12 25 55.5  -00 53 30  +000652.4 -000107.5  01 02 23.1  200.788 40.761  27.36  39960 16.2
2010-04-23  21:30:00  12 33 10.9  -01 11 44  +000653.9 -000111.2  01 05 09.4  201.571 40.294  25.61  39922 16.2
2010-04-23  21:40:00  12 40 27.6  -01 30 35  +000656.3 -000115.0  01 07 54.4  202.333 39.814  23.88  39861 16.1
2010-04-23  21:50:00  12 47 46.1  -01 50 04  +000659.5 -000118.8  01 10 37.5  203.070 39.320  22.13  39776 16.1
2010-04-23  22:00:00  12 55 07.1  -02 10 12  +000663.5 -000122.7  01 13 18.2  203.780 38.813  20.40  39668 16.1
2010-04-23  22:10:00  13 02 31.0  -02 30 59  +000668.4 -000126.7  01 15 55.9  204.461 38.296  18.66  39537 16.1
2010-04-23  22:20:00  13 09 58.5  -02 52 27  +000674.2 -000130.8  01 18 30.1  205.109 37.768  16.94  39382 16.1
2010-04-23  22:30:00  13 17 30.1  -03 14 36  +000681.0 -000135.0  01 21 00.1  205.722 37.230  15.23  39204 16.1
2010-04-23  22:40:00  13 25 06.6  -03 37 28  +000688.7 -000139.4  01 23 25.2  206.298 36.684  13.56  39002 16.0
2010-04-23  22:50:00  13 32 48.6  -04 01 04  +000697.5 -000143.8  01 25 44.9  206.833 36.130  11.93  38776 16.0
2010-04-23  23:00:00  13 40 36.8  -04 25 26  +000707.3 -000148.5  01 27 58.3  207.325 35.571  10.39  38527 16.0
2010-04-23  23:10:00  13 48 31.9  -04 50 35  +000718.3 -000153.3  01 30 04.8  207.770 35.005   8.98  38254 16.0
2010-04-23  23:20:00  13 56 34.8  -05 16 32  +000730.6 -000158.2  01 32 03.6  208.166 34.436   7.81  37957 16.0
2010-04-23  23:30:00  14 04 46.3  -05 43 20  +000744.2 -000163.4  01 33 53.7  208.510 33.864   7.03  37636 15.9
2010-04-23  23:40:00  14 13 07.4  -06 11 01  +000759.1 -000168.8  01 35 34.3  208.798 33.290   6.81  37291 15.9
2010-04-23  23:50:00  14 21 38.9  -06 39 36  +000775.7 -000174.4  01 37 04.5  209.027 32.716   7.22  36922 15.9
2010-04-24  00:00:00  14 30 21.9  -07 09 09  +000793.8 -000180.2  01 38 23.0  209.192 32.143   8.22  36529 15.9
2010-04-24  00:10:00  14 39 17.7  -07 39 41  +000813.8 -000186.3  01 39 29.0  209.290 31.572   9.66  36113 15.9
2010-04-24  00:20:00  14 48 27.4  -08 11 15  +000835.7 -000192.6  01 40 20.9  209.316 31.004  11.39  35672 15.8
2010-04-24  00:30:00  14 57 52.4  -08 43 54  +000859.8 -000199.2  01 40 57.5  209.265 30.441  13.36  35208 15.8
2010-04-24  00:40:00  15 07 34.2  -09 17 39  +000886.2 -000206.0  01 41 17.3  209.132 29.884  15.49  34720 15.8
2010-04-24  00:50:00  15 17 34.5  -09 52 35  +000915.2 -000213.1  01 41 18.7  208.911 29.335  17.77  34209 15.8
2010-04-24  01:00:00  15 27 55.1  -10 28 43  +000947.1 -000220.5  01 40 59.7  208.595 28.794  20.16  33675 15.8
2010-04-24  01:10:00  15 38 37.9  -11 06 06  +000982.1 -000228.1  01 40 18.5  208.177 28.263  22.69  33118 15.7
2010-04-24  01:20:00  15 49 45.3  -11 44 46  +001020.7 -000235.9  01 39 12.8  207.650 27.743  25.32  32539 15.7
2010-04-24  01:30:00  16 01 19.7  -12 24 45  +001063.2 -000243.9  01 37 40.1  207.004 27.235  28.09  31939 15.7
2010-04-24  01:40:00  16 13 23.8  -13 06 03  +001110.0 -000251.9  01 35 37.6  206.229 26.740  30.97  31317 15.7
2010-04-24  01:50:00  16 26 00.7  -13 48 43  +001161.8 -000259.9  01 33 02.3  205.315 26.257  34.00  30677 15.7

   Date        UTC        RA         DECL      RARate   DeclRate    HourAng      Az     Um    Phase  Range  Mag
2010-04-25  18:00:00  06 54 46.9  +00 51 55  +001357.7 +000151.8  03 20 52.1  239.484 26.884 109.10  29267 17.3
2010-04-25  18:10:00  07 09 31.7  +01 15 28  +001297.3 +000131.5  03 16 08.8  238.675 27.898 105.61  29890 17.2
2010-04-25  18:20:00  07 23 37.8  +01 35 49  +001241.4 +000112.8  03 12 04.5  237.964 28.770 102.28  30511 17.1
2010-04-25  18:30:00  07 37 07.9  +01 53 10  +001189.7 +000095.7  03 08 35.9  237.350 29.512  99.06  31127 17.1
2010-04-25  18:40:00  07 50 04.9  +02 07 48  +001141.9 +000080.1  03 05 40.6  236.826 30.134  95.98  31735 17.0
2010-04-25  18:50:00  08 02 31.4  +02 19 56  +001097.9 +000065.7  03 03 15.8  236.390 30.646  93.00  32333 16.9
2010-04-25  19:00:00  08 14 29.6  +02 29 47  +001057.2 +000052.6  03 01 19.2  236.037 31.059  90.14  32920 16.9
2010-04-25  19:10:00  08 26 01.8  +02 37 32  +001019.8 +000040.6  02 59 48.7  235.762 31.381  87.36  33493 16.8
2010-04-25  19:20:00  08 37 10.1  +02 43 22  +000985.3 +000029.6  02 58 42.0  235.560 31.619  84.70  34051 16.8
2010-04-25  19:30:00  08 47 56.2  +02 47 27  +000953.5 +000019.5  02 57 57.5  235.426 31.780  82.10  34594 16.8
2010-04-25  19:40:00  08 58 22.0  +02 49 56  +000924.2 +000010.3  02 57 33.4  235.357 31.871  79.60  35120 16.7
2010-04-25  19:50:00  09 08 29.0  +02 50 55  +000897.2 +000001.7  02 57 28.1  235.346 31.897  77.15  35628 16.7
2010-04-25  20:00:00  09 18 18.7  +02 50 33  +000872.3 -000006.1  02 57 40.0  235.390 31.864  74.79  36118 16.7
2010-04-25  20:10:00  09 27 52.5  +02 48 55  +000849.4 -000013.4  02 58 07.8  235.484 31.776  72.47  36588 16.7
2010-04-25  20:20:00  09 37 11.7  +02 46 06  +000828.4 -000020.2  02 58 50.3  235.623 31.636  70.23  37040 16.6
2010-04-25  20:30:00  09 46 17.5  +02 42 12  +000809.1 -000026.5  02 59 46.1  235.804 31.450  68.02  37471 16.6
2010-04-25  20:40:00  09 55 10.9  +02 37 17  +000791.3 -000032.4  03 00 54.4  236.022 31.221  65.88  37881 16.6
2010-04-25  20:50:00  10 03 52.9  +02 31 25  +000775.1 -000037.9  03 02 13.9  236.273 30.951  63.76  38271 16.6
2010-04-25  21:00:00  10 12 24.6  +02 24 40  +000760.2 -000043.1  03 03 43.9  236.554 30.643  61.70  38640 16.6
2010-04-25  21:10:00  10 20 46.8  +02 17 04  +000746.6 -000048.0  03 05 23.4  236.862 30.301  59.66  38988 16.5
2010-04-25  21:20:00  10 29 00.4  +02 08 41  +000734.3 -000052.7  03 07 11.4  237.193 29.926  57.67  39314 16.5
2010-04-25  21:30:00  10 37 06.1  +01 59 32  +000723.1 -000057.1  03 09 07.4  237.543 29.522  55.69  39619 16.5
2010-04-25  21:40:00  10 45 04.8  +01 49 39  +000713.0 -000061.3  03 11 10.3  237.910 29.089  53.76  39902 16.5
2010-04-25  21:50:00  10 52 57.0  +01 39 05  +000703.9 -000065.4  03 13 19.7  238.291 28.631  51.84  40162 16.5
2010-04-25  22:00:00  11 00 43.5  +01 27 52  +000695.8 -000069.3  03 15 34.8  238.683 28.149  49.95  40401 16.5
2010-04-25  22:10:00  11 08 25.0  +01 16 00  +000688.7 -000073.1  03 17 55.0  239.084 27.644  48.07  40617 16.4
2010-04-25  22:20:00  11 16 02.0  +01 03 31  +000682.5 -000076.7  03 20 19.7  239.491 27.119  46.22  40810 16.4
2010-04-25  22:30:00  11 23 35.1  +00 50 26  +000677.1 -000080.3  03 22 48.2  239.903 26.576  44.37  40982 16.4
2010-04-25  22:40:00  11 31 05.0  +00 36 45  +000672.6 -000083.8  03 25 20.0  240.316 26.015  42.55  41130 16.4
2010-04-25  22:50:00  11 38 32.1  +00 22 29  +000668.9 -000087.3  03 27 54.4  240.729 25.438  40.72  41256 16.4
2010-04-25  23:00:00  11 45 57.1  +00 07 38  +000666.1 -000090.7  03 30 31.1  241.140 24.847  38.92  41358 16.4
2010-04-25  23:10:00  11 53 20.4  -00 07 46  +000664.0 -000094.1  03 33 09.4  241.546 24.244  37.11  41438 16.4
2010-04-25  23:20:00  12 00 42.6  -00 23 44  +000662.7 -000097.5  03 35 48.9  241.947 23.629  35.33  41495 16.3
2010-04-25  23:30:00  12 08 04.2  -00 40 16  +000662.2 -000100.9  03 38 28.9  242.339 23.004  33.53  41528 16.3
2010-04-25  23:40:00  12 15 25.8  -00 57 21  +000662.5 -000104.3  03 41 09.0  242.722 22.370  31.74  41537 16.3
2010-04-25  23:50:00  12 22 47.7  -01 15 01  +000663.6 -000107.7  03 43 48.7  243.093 21.730  29.95  41524 16.3
2010-04-26  00:00:00  12 30 10.7  -01 33 15  +000665.4 -000111.1  03 46 27.4  243.451 21.083  28.17  41486 16.3
2010-04-26  00:10:00  12 37 35.2  -01 52 04  +000668.0 -000114.6  03 49 04.6  243.795 20.432  26.37  41425 16.3
2010-04-26  00:20:00  12 45 01.6  -02 11 28  +000671.5 -000118.2  03 51 39.7  244.121 19.777  24.59  41340 16.2
2010-04-26  00:30:00  12 52 30.7  -02 31 29  +000675.8 -000121.8  03 54 12.3  244.429 19.121  22.79  41230 16.2
2010-04-26  00:40:00  13 00 02.9  -02 52 05  +000680.9 -000125.5  03 56 41.8  244.716 18.465  21.01  41096 16.2
2010-04-26  00:50:00  13 07 38.8  -03 13 20  +000687.0 -000129.4  03 59 07.5  244.981 17.809  19.22  40938 16.2
2010-04-26  01:00:00  13 15 19.0  -03 35 13  +000693.9 -000133.3  04 01 28.9  245.222 17.157  17.44  40755 16.2
2010-04-26  01:10:00  13 23 04.2  -03 57 46  +000701.9 -000137.3  04 03 45.3  245.437 16.508  15.66  40548 16.1
2010-04-26  01:20:00  13 30 55.1  -04 21 00  +000710.8 -000141.5  04 05 56.2  245.623 15.865  13.92  40316 16.1
2010-04-26  01:30:00  13 38 52.2  -04 44 57  +000720.8 -000145.8  04 08 00.7  245.778 15.229  12.21  40058 16.1
2010-04-26  01:40:00  13 46 56.4  -05 09 37  +000732.0 -000150.3  04 09 58.1  245.900 14.602  10.59  39775 16.1
2010-04-26  01:50:00  13 55 08.4  -05 35 03  +000744.3 -000154.9  04 11 47.7  245.987 13.986   9.09  39467 16.1

   Date        UTC        RA         DECL      RARate   DeclRate    HourAng      Az     Um    Phase  Range  Mag
2010-04-26  18:10:00  14 15 14.0  -04 33 46  +000741.5 -000147.0  20 14 23.2  118.684 18.832   9.09  39889 16.1
2010-04-26  18:20:00  14 23 32.6  -04 58 40  +000754.7 -000151.7  20 16 06.2  119.309 18.761   8.86  39565 16.1
2010-04-26  18:30:00  14 32 00.5  -05 24 21  +000769.1 -000156.6  20 17 40.0  119.910 18.653   9.11  39219 16.0
2010-04-26  18:40:00  14 40 38.4  -05 50 52  +000785.0 -000161.6  20 19 03.6  120.482 18.507   9.83  38853 16.0
2010-04-26  18:50:00  14 49 27.5  -06 18 14  +000802.5 -000166.7  20 20 16.2  121.023 18.320  10.97  38467 16.0
2010-04-26  19:00:00  14 58 28.8  -06 46 27  +000821.7 -000171.9  20 21 16.5  121.528 18.090  12.42  38061 16.0
2010-04-26  19:10:00  15 07 43.5  -07 15 33  +000842.7 -000177.3  20 22 03.5  121.994 17.813  14.13  37636 16.0
2010-04-26  19:20:00  15 17 12.9  -07 45 34  +000865.7 -000182.8  20 22 35.8  122.416 17.487  16.03  37191 15.9
2010-04-26  19:30:00  15 26 58.2  -08 16 29  +000890.8 -000188.3  20 22 52.1  122.790 17.109  18.10  36728 15.9
2010-04-26  19:40:00  15 37 01.1  -08 48 21  +000918.2 -000194.0  20 22 50.8  123.110 16.676  20.31  36248 15.9
2010-04-26  19:50:00  15 47 23.0  -09 21 09  +000948.2 -000199.6  20 22 30.5  123.373 16.183  22.65  35750 15.9
2010-04-26  20:00:00  15 58 05.9  -09 54 53  +000980.9 -000205.3  20 21 49.3  123.571 15.628  25.10  35237 15.9
2010-04-26  20:10:00  16 09 11.5  -10 29 34  +001016.6 -000210.8  20 20 45.3  123.699 15.005  27.69  34708 15.9
2010-04-26  20:20:00  16 20 42.1  -11 05 09  +001055.6 -000216.2  20 19 16.4  123.752 14.311  30.38  34165 15.9
2010-04-26  20:30:00  16 32 39.8  -11 41 37  +001098.2 -000221.3  20 17 20.3  123.722 13.541  33.20  33609 15.9
2010-04-26  20:40:00  16 45 07.2  -12 18 53  +001144.6 -000226.0  20 14 54.6  123.603 12.690  36.14  33042 15.9
2010-04-26  20:50:00  16 58 06.8  -12 56 54  +001195.2 -000230.1  20 11 56.6  123.387 11.751  39.22  32466 15.8
2010-04-26  21:00:00  17 11 41.7  -13 35 33  +001250.3 -000233.4  20 08 23.4  123.066 10.720  42.43  31881 15.8

   Date        UTC        RA         DECL      RARate   DeclRate    HourAng      Az     Um    Phase  Range  Mag
2010-04-28  18:10:00  12 19 18.5  -00 04 29  +000656.3 -000096.4  22 18 11.7  146.722 38.446  33.93  40133 16.2
2010-04-28  18:20:00  12 26 35.8  -00 20 52  +000655.7 -000100.2  22 20 56.1  147.663 38.449  32.19  40144 16.2
2010-04-28  18:30:00  12 33 53.0  -00 37 53  +000655.9 -000103.9  22 23 40.5  148.610 38.434  30.44  40131 16.2
2010-04-28  18:40:00  12 41 10.6  -00 55 31  +000657.0 -000107.7  22 26 24.5  149.558 38.401  28.72  40095 16.2
2010-04-28  18:50:00  12 48 29.2  -01 13 47  +000658.8 -000111.5  22 29 07.7  150.506 38.350  26.98  40036 16.2
2010-04-28  19:00:00  12 55 49.2  -01 32 42  +000661.4 -000115.4  22 31 49.3  151.449 38.278  25.25  39954 16.2
2010-04-28  19:10:00  13 03 11.3  -01 52 15  +000664.9 -000119.3  22 34 28.8  152.384 38.185  23.52  39850 16.1
2010-04-28  19:20:00  13 10 36.0  -02 12 29  +000669.3 -000123.3  22 37 05.8  153.307 38.071  21.81  39722 16.1
2010-04-28  19:30:00  13 18 03.9  -02 33 22  +000674.6 -000127.4  22 39 39.5  154.215 37.935  20.09  39572 16.1
2010-04-28  19:40:00  13 25 35.7  -02 54 58  +000680.8 -000131.6  22 42 09.4  155.105 37.776  18.40  39399 16.1
2010-04-28  19:50:00  13 33 11.8  -03 17 15  +000687.9 -000135.9  22 44 34.8  155.972 37.593  16.72  39203 16.1
2010-04-28  20:00:00  13 40 53.1  -03 40 16  +000696.1 -000140.3  22 46 55.2  156.813 37.386  15.08  38985 16.0
2010-04-28  20:10:00  13 48 40.2  -04 04 01  +000705.4 -000144.8  22 49 09.7  157.623 37.154  13.48  38745 16.0
2010-04-28  20:20:00  13 56 33.9  -04 28 33  +000715.7 -000149.5  22 51 17.7  158.399 36.897  11.97  38482 16.0
2010-04-28  20:30:00  14 04 34.8  -04 53 52  +000727.3 -000154.3  22 53 18.4  159.137 36.614  10.59  38196 16.0
2010-04-28  20:40:00  14 12 43.9  -05 19 59  +000740.2 -000159.3  22 55 11.0  159.831 36.305   9.43  37889 16.0
2010-04-28  20:50:00  14 21 02.0  -05 46 58  +000754.4 -000164.4  22 56 54.5  160.479 35.969   8.58  37560 15.9
2010-04-28  21:00:00  14 29 30.1  -06 14 48  +000770.1 -000169.7  22 58 28.0  161.075 35.606   8.18  37208 15.9
2010-04-28  21:10:00  14 38 09.2  -06 43 33  +000787.4 -000175.2  22 59 50.6  161.614 35.214   8.32  36835 15.9
2010-04-28  21:20:00  14 47 00.4  -07 13 14  +000806.4 -000180.9  23 01 01.1  162.092 34.795   9.02  36440 15.9
2010-04-28  21:30:00  14 56 04.8  -07 43 52  +000827.3 -000186.8  23 01 58.3  162.504 34.345  10.19  36024 15.9
2010-04-28  21:40:00  15 05 23.8  -08 15 30  +000850.2 -000192.8  23 02 40.9  162.844 33.866  11.73  35587 15.8
2010-04-28  21:50:00  15 14 58.8  -08 48 09  +000875.3 -000199.1  23 03 07.6  163.106 33.356  13.55  35129 15.8
2010-04-28  22:00:00  15 24 51.3  -09 21 53  +000902.8 -000205.5  23 03 16.7  163.286 32.813  15.57  34651 15.8
2010-04-28  22:10:00  15 35 03.1  -09 56 40  +000932.9 -000212.1  23 03 06.6  163.376 32.236  17.78  34153 15.8
2010-04-28  22:20:00  15 45 35.8  -10 32 34  +000966.0 -000218.7  23 02 35.5  163.370 31.625  20.13  33636 15.8
2010-04-28  22:30:00  15 56 31.7  -11 09 36  +001002.3 -000225.5  23 01 41.2  163.261 30.976  22.64  33100 15.7
2010-04-28  22:40:00  16 07 53.0  -11 47 44  +001042.1 -000232.2  23 00 21.6  163.042 30.287  25.26  32547 15.7
2010-04-28  22:50:00  16 19 42.0  -12 26 60  +001085.8 -000238.9  22 58 34.3  162.705 29.556  28.03  31977 15.7
2010-04-28  23:00:00  16 32 01.6  -13 07 21  +001133.7 -000245.4  22 56 16.3  162.242 28.779  30.93  31392 15.7
2010-04-28  23:10:00  16 44 54.6  -13 48 46  +001186.4 -000251.5  22 53 25.0  161.644 27.953  33.98  30793 15.7
2010-04-28  23:20:00  16 58 24.5  -14 31 09  +001244.3 -000257.0  22 49 56.7  160.903 27.074  37.16  30182 15.7
2010-04-28  23:30:00  17 12 34.8  -15 14 23  +001307.8 -000261.7  22 45 48.0  160.007 26.135  40.52  29561 15.7
2010-04-28  23:40:00  17 27 29.5  -15 58 19  +001377.4 -000265.2  22 40 55.0  158.949 25.131  44.03  28933 15.7
2010-04-28  23:50:00  17 43 12.8  -16 42 41  +001453.7 -000267.0  22 35 13.3  157.716 24.055  47.73  28299 15.7
2010-04-29  00:00:00  17 59 49.3  -17 27 12  +001537.1 -000266.7  22 28 38.5  156.299 22.900  51.62  27665 15.7
2010-04-29  00:10:00  18 17 23.8  -18 11 26  +001627.8 -000263.5  22 21 05.6  154.687 21.657  55.72  27033 15.7
2010-04-29  00:20:00  18 36 01.2  -18 54 51  +001726.0 -000256.7  22 12 29.8  152.869 20.317  60.03  26408 15.7
2010-04-29  00:30:00  18 55 46.6  -19 36 45  +001831.6 -000245.2  22 02 46.0  150.837 18.870  64.58  25796 15.7
2010-04-29  00:40:00  19 16 44.7  -20 16 17  +001943.9 -000228.1  21 51 49.6  148.581 17.306  69.36  25203 15.8
2010-04-29  00:50:00  19 38 59.7  -20 52 25  +002061.9 -000204.1  21 39 36.3  146.093 15.616  74.41  24635 15.8
2010-04-29  01:00:00  20 02 34.6  -21 23 55  +002183.5 -000172.3  21 26 03.0  143.370 13.792  79.71  24100 15.9
2010-04-29  01:10:00  20 27 31.2  -21 49 23  +002306.1 -000131.7  21 11 08.1  140.409 11.828  85.27  23606 16.0

   Date        UTC        RA         DECL      RARate   DeclRate    HourAng      Az     Um    Phase  Range  Mag
2010-04-30  18:10:00  10 17 14.3  +02 36 02  +000768.1 -000039.3  00 28 09.1  190.107 45.775  65.29  36875 16.5
2010-04-30  18:20:00  10 25 41.4  +02 29 01  +000753.1 -000044.7  00 29 43.7  190.645 45.610  63.26  37236 16.5
2010-04-30  18:30:00  10 33 58.8  +02 21 08  +000739.5 -000049.8  00 31 27.8  191.234 45.423  61.25  37574 16.5
2010-04-30  18:40:00  10 42 07.6  +02 12 26  +000727.1 -000054.7  00 33 20.7  191.868 45.214  59.29  37890 16.5
2010-04-30  18:50:00  10 50 08.6  +02 02 56  +000715.9 -000059.3  00 35 21.4  192.539 44.984  57.34  38183 16.5
2010-04-30  19:00:00  10 58 02.4  +01 52 40  +000705.7 -000063.7  00 37 29.2  193.244 44.734  55.44  38453 16.4
2010-04-30  19:10:00  11 05 49.8  +01 41 41  +000696.7 -000068.0  00 39 43.4  193.977 44.462  53.54  38700 16.4
2010-04-30  19:20:00  11 13 31.5  +01 30 01  +000688.6 -000072.1  00 42 03.3  194.733 44.171  51.69  38924 16.4
2010-04-30  19:30:00  11 21 08.2  +01 17 40  +000681.5 -000076.1  00 44 28.3  195.507 43.860  49.83  39126 16.4
2010-04-30  19:40:00  11 28 40.5  +01 04 39  +000675.4 -000079.9  00 46 57.7  196.296 43.529  48.01  39304 16.4
2010-04-30  19:50:00  11 36 08.9  +00 51 01  +000670.1 -000083.7  00 49 30.9  197.094 43.180  46.19  39460 16.4
2010-04-30  20:00:00  11 43 34.1  +00 36 45  +000665.6 -000087.4  00 52 07.3  197.899 42.812  44.39  39592 16.3
2010-04-30  20:10:00  11 50 56.6  +00 21 52  +000662.1 -000091.1  00 54 46.5  198.705 42.426  42.60  39702 16.3
2010-04-30  20:20:00  11 58 17.0  +00 06 23  +000659.3 -000094.7  00 57 27.7  199.511 42.023  40.82  39789 16.3
2010-04-30  20:30:00  12 05 35.8  -00 09 42  +000657.3 -000098.3  01 00 10.5  200.311 41.603  39.04  39852 16.3
2010-04-30  20:40:00  12 12 53.7  -00 26 24  +000656.2 -000101.9  01 02 54.3  201.102 41.167  37.27  39893 16.3
2010-04-30  20:50:00  12 20 11.0  -00 43 41  +000655.9 -000105.5  01 05 38.6  201.883 40.715  35.50  39911 16.3
2010-04-30  21:00:00  12 27 28.4  -01 01 35  +000656.3 -000109.1  01 08 22.9  202.649 40.249  33.74  39905 16.2
2010-04-30  21:10:00  12 34 46.3  -01 20 04  +000657.6 -000112.8  01 11 06.6  203.398 39.768  31.97  39877 16.2
2010-04-30  21:20:00  12 42 05.4  -01 39 10  +000659.7 -000116.5  01 13 49.2  204.127 39.274  30.21  39825 16.2
2010-04-30  21:30:00  12 49 26.1  -01 58 54  +000662.6 -000120.2  01 16 30.2  204.832 38.767  28.44  39750 16.2
2010-04-30  21:40:00  12 56 49.0  -02 19 15  +000666.3 -000124.0  01 19 08.9  205.512 38.249  26.67  39652 16.2
2010-04-30  21:50:00  13 04 14.7  -02 40 15  +000671.0 -000127.9  01 21 44.8  206.164 37.720  24.89  39531 16.1
2010-04-30  22:00:00  13 11 43.8  -03 01 55  +000676.5 -000131.9  01 24 17.3  206.785 37.181  23.12  39386 16.1
2010-04-30  22:10:00  13 19 16.9  -03 24 14  +000682.9 -000136.0  01 26 45.9  207.372 36.633  21.34  39218 16.1
2010-04-30  22:20:00  13 26 54.6  -03 47 15  +000690.4 -000140.2  01 29 09.8  207.923 36.078  19.57  39026 16.1
2010-04-30  22:30:00  13 34 37.6  -04 10 59  +000698.8 -000144.6  01 31 28.4  208.436 35.516  17.80  38811 16.1
2010-04-30  22:40:00  13 42 26.6  -04 35 27  +000708.4 -000149.0  01 33 41.1  208.906 34.949  16.05  38572 16.0
2010-04-30  22:50:00  13 50 22.4  -05 00 40  +000719.0 -000153.7  01 35 47.0  209.333 34.377  14.32  38309 16.0
2010-04-30  23:00:00  13 58 25.6  -05 26 41  +000730.9 -000158.5  01 37 45.4  209.712 33.801  12.65  38023 16.0
2010-04-30  23:10:00  14 06 37.2  -05 53 30  +000744.1 -000163.4  01 39 35.5  210.040 33.224  11.05  37713 16.0
2010-04-30  23:20:00  14 14 58.0  -06 21 11  +000758.6 -000168.6  01 41 16.3  210.315 32.646   9.62  37379 15.9
2010-04-30  23:30:00  14 23 29.0  -06 49 43  +000774.7 -000174.0  01 42 46.9  210.533 32.069   8.43  37021 15.9
2010-04-30  23:40:00  14 32 11.2  -07 19 11  +000792.3 -000179.6  01 44 06.3  210.690 31.494   7.66  36639 15.9
2010-04-30  23:50:00  14 41 05.8  -07 49 36  +000811.7 -000185.4  01 45 13.4  210.782 30.922   7.46  36233 15.9
2010-05-01  00:00:00  14 50 14.0  -08 20 59  +000833.1 -000191.4  01 46 06.9  210.805 30.354   7.93  35803 15.8
2010-05-01  00:10:00  14 59 37.0  -08 53 25  +000856.5 -000197.7  01 46 45.5  210.753 29.792   9.01  35350 15.8
2010-05-01  00:20:00  15 09 16.4  -09 26 55  +000882.1 -000204.2  01 47 07.8  210.623 29.238  10.55  34873 15.8
2010-05-01  00:30:00  15 19 13.7  -10 01 31  +000910.3 -000211.0  01 47 12.1  210.408 28.693  12.43  34373 15.8
2010-05-01  00:40:00  15 29 30.7  -10 37 16  +000941.3 -000218.0  01 46 56.7  210.101 28.158  14.55  33850 15.7
2010-05-01  00:50:00  15 40 09.3  -11 14 12  +000975.3 -000225.2  01 46 19.7  209.697 27.634  16.87  33304 15.7
2010-05-01  01:00:00  15 51 11.8  -11 52 21  +001012.7 -000232.6  01 45 18.9  209.187 27.123  19.35  32736 15.7
2010-05-01  01:10:00  16 02 40.3  -12 31 44  +001053.8 -000240.1  01 43 52.0  208.563 26.627  22.00  32146 15.7
2010-05-01  01:20:00  16 14 37.7  -13 12 22  +001099.1 -000247.6  01 41 56.3  207.816 26.145  24.77  31535 15.6
2010-05-01  01:30:00  16 27 06.8  -13 54 16  +001149.1 -000255.1  01 39 28.8  206.935 25.680  27.71  30905 15.6
2010-05-01  01:40:00  16 40 10.9  -14 37 24  +001204.3 -000262.4  01 36 26.3  205.909 25.232  30.78  30255 15.6
