ЭФЕМЕРИДЫ ПО ОБЪЕКТУ:  90176
Для пункта:  10016 Маяки   46 23'50.68"   30 16'17.74"    14m
C   2010-04-15 12:00
по  2010-05-01 12:00
Шаг  0:10:00
Мин.угол места:          10 град
Макс.угол места Солнца: -10 град
Стандартный блеск :      8.0 (зв.вел.)

ОБОЗНАЧЕНИЯ
RA        прямое восхождение, тек.эпоха
DECL      склонение, тек.эпоха
RARate    скорость по пр.восх., арксек/мин
DeclRate  скорость по склонению, арксек/мин
HourAng   часовой угол
Az        азимут
Um        угол места
Phase     фазовый угол
Range     дальность
Mag       зв.величина (оценка)

   Date        UTC        RA         DECL      RARate   DeclRate    HourAng      Az     Um    Phase  Range  Mag
2010-04-19  01:20:00  12 52 17.3  -08 30 29  +001342.0 +000185.1  04 16 58.0  245.111 10.910  13.83  31921 14.3
2010-04-19  01:30:00  13 07 08.9  -07 59 32  +001332.7 +000186.0  04 12 08.1  244.495 12.064  10.40  31935 14.3
2010-04-19  01:40:00  13 21 54.0  -07 28 32  +001322.6 +000186.0  04 07 24.6  243.892 13.201   7.27  31964 14.3
2010-04-19  01:50:00  13 36 32.2  -06 57 36  +001311.8 +000185.0  04 02 48.1  243.302 14.316   4.93  32005 14.3
2010-04-19  02:00:00  13 51 03.0  -06 26 55  +001300.5 +000183.2  03 58 18.9  242.724 15.407   4.72  32061 14.3

   Date        UTC        RA         DECL      RARate   DeclRate    HourAng      Az     Um    Phase  Range  Mag
2010-04-19  17:50:00  07 59 30.4  -16 48 25  +001358.1 +000014.0  01 42 27.6  206.654 22.701  84.50  30995 15.3
2010-04-19  18:00:00  08 14 40.3  -16 44 60  +001371.6 +000027.0  01 37 19.3  205.407 23.144  80.95  30808 15.2
2010-04-19  18:10:00  08 29 58.9  -16 39 23  +001384.0 +000040.3  01 32 02.4  204.124 23.615  77.34  30629 15.1
2010-04-19  18:20:00  08 45 25.4  -16 31 33  +001395.2 +000053.8  01 26 37.5  202.806 24.112  73.70  30461 15.0
2010-04-19  18:30:00  09 00 58.9  -16 21 27  +001405.3 +000067.4  01 21 05.6  201.454 24.633  70.02  30302 14.9
2010-04-19  18:40:00  09 16 38.8  -16 09 06  +001414.0 +000080.9  01 15 27.4  200.070 25.177  66.31  30155 14.8
2010-04-19  18:50:00  09 32 24.0  -15 54 30  +001421.4 +000094.3  01 09 43.8  198.654 25.740  62.56  30020 14.7
2010-04-19  19:00:00  09 48 13.6  -15 37 41  +001427.3 +000107.4  01 03 55.8  197.208 26.321  58.80  29898 14.7
2010-04-19  19:10:00  10 04 06.7  -15 18 43  +001431.7 +000120.1  00 58 04.4  195.734 26.917  55.00  29789 14.6
2010-04-19  19:20:00  10 20 02.2  -14 57 41  +001434.6 +000132.4  00 52 10.5  194.234 27.525  51.19  29694 14.5
2010-04-19  19:30:00  10 35 59.1  -14 34 38  +001435.9 +000144.0  00 46 15.3  192.710 28.141  47.35  29614 14.5
2010-04-19  19:40:00  10 51 56.4  -14 09 44  +001435.7 +000154.9  00 40 19.6  191.164 28.763  43.52  29548 14.4
2010-04-19  19:50:00  11 07 53.1  -13 43 04  +001434.1 +000164.9  00 34 24.6  189.600 29.388  39.66  29497 14.3
2010-04-19  20:00:00  11 23 48.2  -13 14 48  +001430.9 +000174.1  00 28 31.1  188.020 30.012  35.81  29462 14.3
2010-04-19  20:10:00  11 39 40.7  -12 45 06  +001426.4 +000182.3  00 22 40.2  186.427 30.632  31.96  29443 14.3
2010-04-19  20:20:00  11 55 29.8  -12 14 07  +001420.5 +000189.4  00 16 52.8  184.825 31.245  28.12  29439 14.2
2010-04-19  20:30:00  12 11 14.5  -11 42 02  +001413.4 +000195.4  00 11 09.8  183.218 31.848  24.28  29451 14.2
2010-04-19  20:40:00  12 26 54.0  -11 09 03  +001405.0 +000200.3  00 05 31.9  181.608 32.438  20.48  29479 14.2
2010-04-19  20:50:00  12 42 27.6  -10 35 21  +001395.6 +000204.0  23 59 59.9  180.000 33.013  16.70  29522 14.2
2010-04-19  21:00:00  12 57 54.7  -10 01 07  +001385.2 +000206.6  23 54 34.5  178.397 33.571  12.99  29580 14.1
2010-04-19  21:10:00  13 13 14.4  -09 26 33  +001373.9 +000208.0  23 49 16.4  176.805 34.108   9.36  29652 14.1
2010-04-19  21:20:00  13 28 26.4  -08 51 51  +001361.8 +000208.4  23 44 06.1  175.226 34.624   5.99  29739 14.1
2010-04-19  21:30:00  13 43 30.0  -08 17 10  +001349.0 +000207.6  23 39 04.1  173.665 35.117   3.54  29839 14.1
2010-04-19  21:40:00  13 58 24.9  -07 42 42  +001335.5 +000205.9  23 34 10.9  172.127 35.585   4.14  29953 14.1
2010-04-19  21:50:00  14 13 10.6  -07 08 35  +001321.6 +000203.2  23 29 26.8  170.614 36.028   7.00  30079 14.2
2010-04-19  22:00:00  14 27 46.9  -06 35 00  +001307.2 +000199.6  23 24 52.1  169.131 36.445  10.35  30216 14.2
2010-04-19  22:10:00  14 42 13.6  -06 02 06  +001292.5 +000195.2  23 20 27.1  167.682 36.835  13.82  30365 14.2
2010-04-19  22:20:00  14 56 30.2  -05 29 58  +001277.5 +000190.1  23 16 12.1  166.269 37.199  17.30  30524 14.2
2010-04-19  22:30:00  15 10 36.9  -04 58 46  +001262.3 +000184.3  23 12 07.1  164.896 37.536  20.77  30692 14.3
2010-04-19  22:40:00  15 24 33.3  -04 28 34  +001247.0 +000177.9  23 08 12.3  163.566 37.847  24.22  30868 14.3
2010-04-19  22:50:00  15 38 19.6  -03 59 29  +001231.6 +000171.1  23 04 27.7  162.282 38.132  27.64  31052 14.3
2010-04-19  23:00:00  15 51 55.5  -03 31 34  +001216.3 +000163.7  23 00 53.4  161.045 38.392  31.01  31243 14.4
2010-04-19  23:10:00  16 05 21.3  -03 04 55  +001200.9 +000156.1  22 57 29.3  159.859 38.628  34.35  31441 14.4
2010-04-19  23:20:00  16 18 36.8  -02 39 35  +001185.7 +000148.1  22 54 15.3  158.723 38.841  37.64  31643 14.5
2010-04-19  23:30:00  16 31 42.3  -02 15 35  +001170.6 +000139.8  22 51 11.5  157.641 39.031  40.90  31849 14.5
2010-04-19  23:40:00  16 44 37.7  -01 52 59  +001155.7 +000131.4  22 48 17.8  156.612 39.200  44.11  32059 14.6
2010-04-19  23:50:00  16 57 23.3  -01 31 47  +001141.0 +000122.9  22 45 33.8  155.638 39.348  47.29  32272 14.6
2010-04-20  00:00:00  17 09 59.1  -01 12 01  +001126.5 +000114.3  22 42 59.7  154.718 39.478  50.41  32487 14.7
2010-04-20  00:10:00  17 22 25.4  -00 53 41  +001112.3 +000105.7  22 40 35.0  153.854 39.589  53.50  32703 14.8
2010-04-20  00:20:00  17 34 42.3  -00 36 48  +001098.4 +000097.0  22 38 19.8  153.046 39.683  56.54  32920 14.8
2010-04-20  00:30:00  17 46 50.0  -00 21 21  +001084.8 +000088.4  22 36 13.7  152.292 39.761  59.55  33136 14.9
2010-04-20  00:40:00  17 58 48.8  -00 07 19  +001071.6 +000079.9  22 34 16.5  151.592 39.823  62.51  33351 15.0
2010-04-20  00:50:00  18 10 38.9  +00 05 17  +001058.7 +000071.4  22 32 28.1  150.946 39.872  65.45  33566 15.0
2010-04-20  01:00:00  18 22 20.4  +00 16 30  +001046.1 +000063.1  22 30 48.2  150.353 39.907  68.33  33778 15.1
2010-04-20  01:10:00  18 33 53.8  +00 26 20  +001033.9 +000054.9  22 29 16.5  149.812 39.929  71.18  33987 15.2
2010-04-20  01:20:00  18 45 19.1  +00 34 49  +001022.2 +000046.9  22 27 52.8  149.321 39.940  73.99  34194 15.3
2010-04-20  01:30:00  18 56 36.8  +00 41 58  +001010.8 +000039.0  22 26 36.8  148.880 39.939  76.78  34397 15.3
2010-04-20  01:40:00  19 07 46.9  +00 47 48  +000999.8 +000031.2  22 25 28.3  148.487 39.928  79.52  34595 15.4
2010-04-20  01:50:00  19 18 49.9  +00 52 22  +000989.2 +000023.7  22 24 26.9  148.141 39.906  82.24  34790 15.5
2010-04-20  02:00:00  19 29 45.9  +00 55 42  +000979.0 +000016.3  22 23 32.5  147.839 39.875  84.92  34979 15.6

   Date        UTC        RA         DECL      RARate   DeclRate    HourAng      Az     Um    Phase  Range  Mag
2010-04-24  00:40:00  12 36 29.5  -09 05 17  +001355.0 +000184.6  04 12 22.0  243.839 11.175  22.28  31741 14.3
2010-04-24  00:50:00  12 51 30.0  -08 34 21  +001346.3 +000186.5  04 07 23.2  243.186 12.347  18.78  31742 14.3
2010-04-24  01:00:00  13 06 24.5  -08 03 11  +001336.8 +000187.4  04 02 30.4  242.545 13.503  15.41  31758 14.3
2010-04-24  01:10:00  13 21 12.3  -07 31 57  +001326.6 +000187.3  03 57 44.2  241.916 14.641  12.22  31788 14.3
2010-04-24  01:20:00  13 35 53.0  -07 00 48  +001315.6 +000186.4  03 53 05.1  241.300 15.757   9.42  31832 14.3
2010-04-24  01:30:00  13 50 26.3  -06 29 52  +001304.1 +000184.5  03 48 33.5  240.696 16.849   7.37  31890 14.3
2010-04-24  01:40:00  14 04 51.7  -05 59 20  +001292.0 +000181.9  03 44 09.7  240.104 17.914   6.80  31960 14.3
2010-04-24  01:50:00  14 19 08.8  -05 29 18  +001279.4 +000178.4  03 39 54.2  239.527 18.949   7.96  32042 14.3

   Date        UTC        RA         DECL      RARate   DeclRate    HourAng      Az     Um    Phase  Range  Mag
2010-04-24  18:00:00  09 00 24.9  -16 24 32  +001408.5 +000067.3  01 11 17.5  198.929 25.167  74.19  30232 15.0
2010-04-24  18:10:00  09 16 06.9  -16 12 11  +001417.3 +000081.0  01 05 37.1  197.512 25.673  70.50  30087 14.9
2010-04-24  18:20:00  09 31 54.3  -15 57 34  +001424.7 +000094.4  00 59 51.4  196.062 26.198  66.79  29955 14.8
2010-04-24  18:30:00  09 47 46.2  -15 40 43  +001430.6 +000107.7  00 54 01.2  194.582 26.740  63.04  29835 14.7
2010-04-24  18:40:00  10 03 41.4  -15 21 42  +001435.0 +000120.5  00 48 07.5  193.072 27.295  59.27  29729 14.6
2010-04-24  18:50:00  10 19 39.2  -15 00 35  +001437.9 +000132.8  00 42 11.4  191.536 27.861  55.48  29637 14.6
2010-04-24  19:00:00  10 35 38.3  -14 37 28  +001439.2 +000144.5  00 36 13.9  189.976 28.434  51.68  29559 14.5
2010-04-24  19:10:00  10 51 37.8  -14 12 28  +001438.9 +000155.5  00 30 16.1  188.394 29.013  47.86  29497 14.4
2010-04-24  19:20:00  11 07 36.6  -13 45 42  +001437.2 +000165.6  00 24 18.9  186.793 29.592  44.05  29450 14.4
2010-04-24  19:30:00  11 23 33.7  -13 17 19  +001433.9 +000174.8  00 18 23.5  185.177 30.171  40.22  29419 14.3
2010-04-24  19:40:00  11 39 28.2  -12 47 30  +001429.3 +000183.0  00 12 30.6  183.549 30.744  36.41  29403 14.3
2010-04-24  19:50:00  11 55 19.1  -12 16 23  +001423.3 +000190.2  00 06 41.3  181.913 31.310  32.60  29403 14.3
2010-04-24  20:00:00  12 11 05.6  -11 44 10  +001416.0 +000196.2  00 00 56.5  180.271 31.866  28.82  29419 14.2
2010-04-24  20:10:00  12 26 46.8  -11 11 03  +001407.5 +000201.1  23 55 16.9  178.629 32.409  25.06  29450 14.2
2010-04-24  20:20:00  12 42 22.0  -10 37 13  +001397.9 +000204.8  23 49 43.4  176.991 32.936  21.36  29498 14.2
2010-04-24  20:30:00  12 57 50.5  -10 02 51  +001387.3 +000207.4  23 44 16.6  175.360 33.445  17.71  29560 14.2
2010-04-24  20:40:00  13 13 11.5  -09 28 09  +001375.8 +000208.8  23 38 57.1  173.741 33.935  14.18  29637 14.1
2010-04-24  20:50:00  13 28 24.7  -08 53 19  +001363.5 +000209.1  23 33 45.6  172.137 34.404  10.83  29728 14.1
2010-04-24  21:00:00  13 43 29.4  -08 18 31  +001350.5 +000208.3  23 28 42.6  170.555 34.849   7.90  29832 14.1
2010-04-24  21:10:00  13 58 25.2  -07 43 56  +001336.8 +000206.6  23 23 48.4  168.996 35.271   5.94  29950 14.1
2010-04-24  21:20:00  14 13 11.7  -07 09 43  +001322.7 +000203.8  23 19 03.5  167.466 35.669   5.97  30080 14.2
2010-04-24  21:30:00  14 27 48.7  -06 36 02  +001308.1 +000200.2  23 14 28.2  165.968 36.041   7.90  30222 14.2
2010-04-24  21:40:00  14 42 15.9  -06 03 02  +001293.3 +000195.8  23 10 02.7  164.506 36.388  10.72  30375 14.2
2010-04-24  21:50:00  14 56 33.0  -05 30 49  +001278.1 +000190.6  23 05 47.2  163.083 36.710  13.87  30538 14.2
2010-04-24  22:00:00  15 10 40.0  -04 59 32  +001262.7 +000184.8  23 01 41.8  161.703 37.007  17.13  30711 14.2
2010-04-24  22:10:00  15 24 36.7  -04 29 16  +001247.3 +000178.3  22 57 46.8  160.368 37.279  20.45  30891 14.3
2010-04-24  22:20:00  15 38 23.0  -04 00 07  +001231.8 +000171.4  22 54 02.1  159.080 37.527  23.76  31079 14.3
2010-04-24  22:30:00  15 51 59.0  -03 32 10  +001216.2 +000164.1  22 50 27.7  157.842 37.751  27.06  31275 14.3
2010-04-24  22:40:00  16 05 24.7  -03 05 28  +001200.8 +000156.3  22 47 03.7  156.655 37.953  30.33  31475 14.4
2010-04-24  22:50:00  16 18 40.1  -02 40 04  +001185.4 +000148.3  22 43 49.9  155.522 38.134  33.59  31681 14.4
2010-04-24  23:00:00  16 31 45.3  -02 16 02  +001170.2 +000140.1  22 40 46.3  154.443 38.294  36.79  31892 14.5
2010-04-24  23:10:00  16 44 40.5  -01 53 23  +001155.2 +000131.6  22 37 52.8  153.419 38.435  39.97  32105 14.5
2010-04-24  23:20:00  16 57 25.7  -01 32 10  +001140.4 +000123.1  22 35 09.3  152.451 38.557  43.10  32322 14.6
2010-04-24  23:30:00  17 10 01.1  -01 12 22  +001125.9 +000114.5  22 32 35.5  151.539 38.661  46.20  32540 14.6
2010-04-24  23:40:00  17 22 26.9  -00 54 00  +001111.6 +000105.8  22 30 11.3  150.682 38.750  49.25  32759 14.7
2010-04-24  23:50:00  17 34 43.3  -00 37 05  +001097.6 +000097.2  22 27 56.6  149.882 38.823  52.28  32979 14.8
2010-04-25  00:00:00  17 46 50.5  -00 21 36  +001083.9 +000088.6  22 25 51.1  149.137 38.881  55.25  33198 14.8
2010-04-25  00:10:00  17 58 48.6  -00 07 33  +001070.6 +000080.1  22 23 54.5  148.446 38.927  58.19  33417 14.9
2010-04-25  00:20:00  18 10 38.1  +00 05 05  +001057.7 +000071.6  22 22 06.8  147.810 38.959  61.09  33633 14.9
2010-04-25  00:30:00  18 22 19.0  +00 16 20  +001045.1 +000063.3  22 20 27.5  147.227 38.980  63.96  33848 15.0
2010-04-25  00:40:00  18 33 51.6  +00 26 11  +001032.9 +000055.1  22 18 56.5  146.695 38.990  66.78  34060 15.1
2010-04-25  00:50:00  18 45 16.2  +00 34 42  +001021.0 +000047.1  22 17 33.5  146.214 38.989  69.58  34269 15.2
2010-04-25  01:00:00  18 56 33.1  +00 41 53  +001009.6 +000039.2  22 16 18.3  145.783 38.979  72.33  34474 15.2
2010-04-25  01:10:00  19 07 42.5  +00 47 46  +000998.6 +000031.5  22 15 10.5  145.400 38.959  75.06  34675 15.3
2010-04-25  01:20:00  19 18 44.7  +00 52 23  +000988.0 +000023.9  22 14 10.0  145.062 38.931  77.75  34871 15.4
2010-04-25  01:30:00  19 29 39.9  +00 55 45  +000977.8 +000016.6  22 13 16.4  144.770 38.894  80.42  35062 15.5
2010-04-25  01:40:00  19 40 28.5  +00 57 55  +000968.0 +000009.4  22 12 29.4  144.521 38.849  83.04  35248 15.5
2010-04-25  01:50:00  19 51 10.7  +00 58 53  +000958.7 +000002.4  22 11 48.9  144.314 38.796  85.65  35428 15.6

   Date        UTC        RA         DECL      RARate   DeclRate    HourAng      Az     Um    Phase  Range  Mag
2010-04-28  23:50:00  12 05 07.3  -10 11 14  +001374.0 +000178.6  04 13 18.8  243.323 10.173  34.34  31610 14.4
2010-04-29  00:00:00  12 20 21.1  -09 41 07  +001367.1 +000182.6  04 08 06.6  242.622 11.364  30.77  31583 14.4
2010-04-29  00:10:00  12 35 30.0  -09 10 26  +001359.3 +000185.5  04 02 59.4  241.932 12.547  27.24  31571 14.4
2010-04-29  00:20:00  12 50 33.3  -08 39 20  +001350.5 +000187.5  03 57 57.7  241.252 13.719  23.79  31573 14.3
2010-04-29  00:30:00  13 05 30.5  -08 07 59  +001340.9 +000188.5  03 53 02.1  240.584 14.875  20.42  31590 14.3
2010-04-29  00:40:00  13 20 21.0  -07 36 34  +001330.5 +000188.5  03 48 13.3  239.927 16.013  17.22  31621 14.3
2010-04-29  00:50:00  13 35 04.4  -07 05 13  +001319.4 +000187.6  03 43 31.6  239.282 17.130  14.24  31667 14.3
2010-04-29  01:00:00  13 49 40.1  -06 34 05  +001307.7 +000185.8  03 38 57.5  238.649 18.221  11.67  31726 14.3
2010-04-29  01:10:00  14 04 07.9  -06 03 20  +001295.4 +000183.1  03 34 31.4  238.030 19.286   9.78  31798 14.3
2010-04-29  01:20:00  14 18 27.3  -05 33 06  +001282.7 +000179.6  03 30 13.6  237.424 20.320   8.98  31882 14.3
2010-04-29  01:30:00  14 32 38.1  -05 03 30  +001269.6 +000175.5  03 26 04.4  236.831 21.323   9.51  31978 14.3
2010-04-29  01:40:00  14 46 40.0  -04 34 40  +001256.1 +000170.6  03 22 04.1  236.253 22.292  11.15  32085 14.3

   Date        UTC        RA         DECL      RARate   DeclRate    HourAng      Az     Um    Phase  Range  Mag
2010-04-29  18:10:00  10 03 14.1  -15 24 17  +001437.4 +000120.3  00 38 12.7  190.401 27.600  63.59  29685 14.7
2010-04-29  18:20:00  10 19 13.4  -15 03 11  +001440.2 +000132.7  00 32 15.1  188.834 28.121  59.85  29596 14.6
2010-04-29  18:30:00  10 35 14.0  -14 40 05  +001441.5 +000144.5  00 26 16.1  187.243 28.648  56.07  29522 14.6
2010-04-29  18:40:00  10 51 15.0  -14 15 04  +001441.2 +000155.5  00 20 16.7  185.629 29.180  52.30  29462 14.5
2010-04-29  18:50:00  11 07 15.3  -13 48 18  +001439.4 +000165.7  00 14 18.1  183.998 29.712  48.51  29419 14.5
2010-04-29  19:00:00  11 23 13.9  -13 19 54  +001436.1 +000175.0  00 08 21.1  182.352 30.241  44.73  29391 14.4
2010-04-29  19:10:00  11 39 09.8  -12 50 02  +001431.3 +000183.2  00 02 26.8  180.694 30.766  40.95  29378 14.4
2010-04-29  19:20:00  11 55 02.1  -12 18 54  +001425.2 +000190.4  23 56 36.2  179.029 31.283  37.20  29382 14.3
2010-04-29  19:30:00  12 10 49.8  -11 46 39  +001417.8 +000196.4  23 50 50.1  177.361 31.789  33.45  29402 14.3
2010-04-29  19:40:00  12 26 32.3  -11 13 29  +001409.2 +000201.3  23 45 09.3  175.693 32.282  29.76  29437 14.2
2010-04-29  19:50:00  12 42 08.5  -10 39 36  +001399.5 +000205.1  23 39 34.7  174.031 32.759  26.10  29488 14.2
2010-04-29  20:00:00  12 57 38.0  -10 05 12  +001388.7 +000207.7  23 34 06.9  172.378 33.219  22.52  29554 14.2
2010-04-29  20:10:00  13 13 00.1  -09 30 27  +001377.1 +000209.1  23 28 46.5  170.738 33.660  19.03  29634 14.2
2010-04-29  20:20:00  13 28 14.1  -08 55 34  +001364.7 +000209.4  23 23 34.1  169.117 34.080  15.70  29729 14.2
2010-04-29  20:30:00  13 43 19.5  -08 20 43  +001351.6 +000208.6  23 18 30.3  167.518 34.478  12.63  29838 14.2
2010-04-29  20:40:00  13 58 16.0  -07 46 05  +001337.8 +000206.9  23 13 35.4  165.946 34.854  10.03  29959 14.2
2010-04-29  20:50:00  14 13 03.2  -07 11 50  +001323.5 +000204.1  23 08 49.9  164.405 35.206   8.30  30093 14.2
2010-04-29  21:00:00  14 27 40.7  -06 38 06  +001308.9 +000200.5  23 04 14.1  162.898 35.534   8.00  30239 14.2
2010-04-29  21:10:00  14 42 08.3  -06 05 03  +001293.8 +000196.0  22 59 48.1  161.428 35.838   9.22  30396 14.2
2010-04-29  21:20:00  14 56 25.8  -05 32 48  +001278.6 +000190.8  22 55 32.2  160.001 36.118  11.44  30562 14.2
2010-04-29  21:30:00  15 10 33.0  -05 01 29  +001263.1 +000185.0  22 51 26.6  158.617 36.375  14.17  30738 14.2
2010-04-29  21:40:00  15 24 29.9  -04 31 10  +001247.5 +000178.6  22 47 31.4  157.280 36.609  17.15  30922 14.3
2010-04-29  21:50:00  15 38 16.4  -04 01 59  +001231.9 +000171.6  22 43 46.5  155.993 36.821  20.24  31114 14.3
2010-04-29  22:00:00  15 51 52.5  -03 33 59  +001216.3 +000164.3  22 40 12.1  154.757 37.011  23.38  31313 14.3
2010-04-29  22:10:00  16 05 18.2  -03 07 14  +001200.8 +000156.6  22 36 48.0  153.574 37.180  26.54  31517 14.4
2010-04-29  22:20:00  16 18 33.6  -02 41 49  +001185.3 +000148.6  22 33 34.3  152.445 37.330  29.69  31726 14.4
2010-04-29  22:30:00  16 31 38.7  -02 17 45  +001170.1 +000140.3  22 30 30.8  151.372 37.461  32.82  31939 14.4
2010-04-29  22:40:00  16 44 33.7  -01 55 04  +001155.0 +000131.9  22 27 37.4  150.355 37.575  35.93  32156 14.5
2010-04-29  22:50:00  16 57 18.7  -01 33 47  +001140.1 +000123.3  22 24 54.1  149.394 37.672  39.01  32375 14.5
2010-04-29  23:00:00  17 09 53.9  -01 13 57  +001125.5 +000114.7  22 22 20.5  148.490 37.753  42.05  32596 14.6
2010-04-29  23:10:00  17 22 19.5  -00 55 33  +001111.1 +000106.1  22 19 56.6  147.642 37.820  45.07  32819 14.6
2010-04-29  23:20:00  17 34 35.5  -00 38 35  +001097.1 +000097.5  22 17 42.2  146.850 37.873  48.04  33041 14.7
2010-04-29  23:30:00  17 46 42.4  -00 23 03  +001083.4 +000088.9  22 15 37.0  146.114 37.914  50.99  33263 14.8
2010-04-29  23:40:00  17 58 40.1  -00 08 57  +001070.0 +000080.4  22 13 40.9  145.433 37.943  53.89  33484 14.8
2010-04-29  23:50:00  18 10 29.2  +00 03 44  +001057.0 +000071.9  22 11 53.5  144.806 37.961  56.77  33703 14.9
2010-04-30  00:00:00  18 22 09.6  +00 15 02  +001044.4 +000063.6  22 10 14.7  144.232 37.969  59.60  33920 14.9
2010-04-30  00:10:00  18 33 41.8  +00 24 57  +001032.2 +000055.5  22 08 44.1  143.709 37.967  62.40  34134 15.0
2010-04-30  00:20:00  18 45 05.9  +00 33 32  +001020.3 +000047.4  22 07 21.6  143.237 37.956  65.16  34345 15.1
2010-04-30  00:30:00  18 56 22.3  +00 40 47  +001008.9 +000039.6  22 06 06.9  142.814 37.937  67.90  34552 15.1
2010-04-30  00:40:00  19 07 31.2  +00 46 44  +000997.8 +000031.9  22 04 59.7  142.439 37.910  70.59  34755 15.2
2010-04-30  00:50:00  19 18 32.8  +00 51 25  +000987.2 +000024.4  22 03 59.7  142.110 37.875  73.27  34953 15.3
2010-04-30  01:00:00  19 29 27.5  +00 54 52  +000977.0 +000017.0  22 03 06.6  141.826 37.833  75.90  35146 15.4
2010-04-30  01:10:00  19 40 15.6  +00 57 06  +000967.2 +000009.9  22 02 20.2  141.585 37.784  78.51  35333 15.4
2010-04-30  01:20:00  19 50 57.2  +00 58 10  +000957.8 +000002.9  22 01 40.2  141.385 37.728  81.09  35515 15.5
2010-04-30  01:30:00  20 01 32.8  +00 58 05  +000948.9 -000003.9  22 01 06.3  141.224 37.666  83.65  35690 15.6
2010-04-30  01:40:00  20 12 02.6  +00 56 54  +000940.4 -000010.4  22 00 38.2  141.102 37.598  86.16  35859 15.7
