ЭФЕМЕРИДЫ ПО ОБЪЕКТУ:  90189
Для пункта:  10016 Маяки   46 23'50.68"   30 16'17.74"    14m
C   2010-04-15 12:00
по  2010-05-01 12:00
Шаг  0:10:00
Мин.угол места:          10 град
Макс.угол места Солнца: -10 град
Стандартный блеск :      9.8 (зв.вел.)

ОБОЗНАЧЕНИЯ
RA        прямое восхождение, тек.эпоха
DECL      склонение, тек.эпоха
RARate    скорость по пр.восх., арксек/мин
DeclRate  скорость по склонению, арксек/мин
HourAng   часовой угол
Az        азимут
Um        угол места
Phase     фазовый угол
Range     дальность
Mag       зв.величина (оценка)

   Date        UTC        RA         DECL      RARate   DeclRate    HourAng      Az     Um    Phase  Range  Mag
2010-04-15  17:50:00  05 15 29.9  +08 49 54  +000943.8 +000012.6  04 10 41.8  255.772 25.088 125.69  38831 19.2
2010-04-15  18:00:00  05 25 59.6  +08 51 04  +000945.0 +000001.4  04 10 13.8  255.693 25.180 123.13  38808 19.1
2010-04-15  18:10:00  05 36 29.9  +08 50 21  +000945.9 -000009.9  04 09 45.1  255.588 25.251 120.55  38787 18.9
2010-04-15  18:20:00  05 47 00.7  +08 47 46  +000946.5 -000021.2  04 09 15.9  255.458 25.301 117.97  38768 18.8
2010-04-15  18:30:00  05 57 31.9  +08 43 17  +000946.8 -000032.5  04 08 46.5  255.303 25.328 115.38  38752 18.7
2010-04-15  18:40:00  06 08 03.1  +08 36 56  +000946.9 -000043.7  04 08 16.9  255.124 25.332 112.80  38739 18.6
2010-04-15  18:50:00  06 18 34.3  +08 28 43  +000946.6 -000054.9  04 07 47.3  254.923 25.313 110.21  38729 18.5
2010-04-15  19:00:00  06 29 05.2  +08 18 39  +000946.1 -000065.9  04 07 18.1  254.699 25.269 107.62  38721 18.3
2010-04-15  19:10:00  06 39 35.6  +08 06 45  +000945.2 -000076.8  04 06 49.3  254.455 25.202 105.02  38717 18.2
2010-04-15  19:20:00  06 50 05.4  +07 53 04  +000944.2 -000087.5  04 06 21.1  254.190 25.111 102.43  38715 18.1
2010-04-15  19:30:00  07 00 34.4  +07 37 36  +000942.8 -000098.0  04 05 53.7  253.907 24.995  99.82  38716 18.1
2010-04-15  19:40:00  07 11 02.5  +07 20 24  +000941.3 -000108.3  04 05 27.3  253.607 24.855  97.23  38721 18.0
2010-04-15  19:50:00  07 21 29.4  +07 01 30  +000939.5 -000118.4  04 05 02.0  253.290 24.689  94.62  38728 17.9
2010-04-15  20:00:00  07 31 55.1  +06 40 57  +000937.6 -000128.1  04 04 38.0  252.957 24.500  92.02  38739 17.8
2010-04-15  20:10:00  07 42 19.5  +06 18 48  +000935.4 -000137.6  04 04 15.3  252.612 24.286  89.41  38752 17.7
2010-04-15  20:20:00  07 52 42.3  +05 55 06  +000933.1 -000146.7  04 03 54.1  252.253 24.048  86.82  38769 17.7
2010-04-15  20:30:00  08 03 03.6  +05 29 55  +000930.7 -000155.5  04 03 34.4  251.883 23.785  84.21  38789 17.6
2010-04-15  20:40:00  08 13 23.2  +05 03 17  +000928.1 -000164.0  04 03 16.5  251.503 23.500  81.61  38811 17.5
2010-04-15  20:50:00  08 23 41.1  +04 35 16  +000925.5 -000172.0  04 03 00.2  251.114 23.192  79.00  38837 17.4
2010-04-15  21:00:00  08 33 57.2  +04 05 58  +000922.8 -000179.7  04 02 45.7  250.718 22.861  76.41  38866 17.4
2010-04-15  21:10:00  08 44 11.5  +03 35 24  +000920.1 -000186.9  04 02 33.1  250.315 22.510  73.81  38898 17.3
2010-04-15  21:20:00  08 54 24.0  +03 03 40  +000917.3 -000193.7  04 02 22.2  249.907 22.137  71.22  38933 17.3
2010-04-15  21:30:00  09 04 34.7  +02 30 51  +000914.6 -000200.1  04 02 13.2  249.494 21.744  68.62  38971 17.2
2010-04-15  21:40:00  09 14 43.5  +01 56 59  +000911.9 -000206.1  04 02 06.0  249.078 21.332  66.04  39012 17.2
2010-04-15  21:50:00  09 24 50.5  +01 22 11  +000909.2 -000211.5  04 02 00.7  248.659 20.903  63.44  39055 17.1
2010-04-15  22:00:00  09 34 55.8  +00 46 30  +000906.6 -000216.6  04 01 57.0  248.239 20.456  60.87  39101 17.1
2010-04-15  22:10:00  09 44 59.3  +00 10 01  +000904.1 -000221.1  04 01 55.1  247.818 19.994  58.28  39150 17.0
2010-04-15  22:20:00  09 55 01.3  -00 27 11  +000901.7 -000225.2  04 01 54.8  247.397 19.517  55.71  39201 17.0
2010-04-15  22:30:00  10 05 01.6  -01 05 02  +000899.4 -000228.8  04 01 56.1  246.976 19.027  53.13  39254 16.9
2010-04-15  22:40:00  10 15 00.5  -01 43 26  +000897.2 -000232.0  04 01 58.9  246.557 18.525  50.57  39310 16.9
2010-04-15  22:50:00  10 24 57.9  -02 22 19  +000895.2 -000234.6  04 02 03.1  246.140 18.011  48.01  39367 16.9
2010-04-15  23:00:00  10 34 54.1  -03 01 37  +000893.4 -000236.8  04 02 08.5  245.725 17.489  45.46  39427 16.8
2010-04-15  23:10:00  10 44 49.1  -03 41 14  +000891.7 -000238.5  04 02 15.2  245.313 16.958  42.90  39488 16.8
2010-04-15  23:20:00  10 54 43.1  -04 21 07  +000890.2 -000239.8  04 02 22.8  244.904 16.420  40.37  39551 16.8
2010-04-15  23:30:00  11 04 36.1  -05 01 09  +000888.9 -000240.6  04 02 31.5  244.498 15.877  37.83  39616 16.8
2010-04-15  23:40:00  11 14 28.4  -05 41 17  +000887.8 -000240.9  04 02 40.9  244.096 15.330  35.31  39682 16.7
2010-04-15  23:50:00  11 24 19.9  -06 21 26  +000886.9 -000240.8  04 02 51.0  243.699 14.781  32.78  39749 16.7
2010-04-16  00:00:00  11 34 11.0  -07 01 31  +000886.2 -000240.2  04 03 01.6  243.305 14.230  30.28  39817 16.7
2010-04-16  00:10:00  11 44 01.6  -07 41 28  +000885.7 -000239.1  04 03 12.6  242.917 13.679  27.77  39886 16.7
2010-04-16  00:20:00  11 53 52.0  -08 21 12  +000885.4 -000237.6  04 03 23.9  242.533 13.130  25.29  39956 16.7
2010-04-16  00:30:00  12 03 42.2  -09 00 39  +000885.3 -000235.7  04 03 35.3  242.154 12.584  22.81  40026 16.6
2010-04-16  00:40:00  12 13 32.5  -09 39 45  +000885.5 -000233.4  04 03 46.6  241.780 12.043  20.36  40096 16.6
2010-04-16  00:50:00  12 23 22.9  -10 18 26  +000885.8 -000230.6  04 03 57.9  241.412 11.507  17.92  40167 16.6
2010-04-16  01:00:00  12 33 13.6  -10 56 37  +000886.3 -000227.4  04 04 08.8  241.049 10.977  15.52  40238 16.6
2010-04-16  01:10:00  12 43 04.7  -11 34 13  +000887.0 -000223.9  04 04 19.4  240.691 10.456  13.15  40308 16.6

   Date        UTC        RA         DECL      RARate   DeclRate    HourAng      Az     Um    Phase  Range  Mag
2010-04-16  17:50:00  05 18 59.0  +08 50 27  +000944.3 +000008.8  04 11 09.3  255.871 25.018 125.77  38833 19.2
2010-04-16  18:00:00  05 29 28.9  +08 50 59  +000945.4 -000002.4  04 10 41.1  255.783 25.103 123.21  38810 19.1
2010-04-16  18:10:00  05 39 59.4  +08 49 38  +000946.2 -000013.7  04 10 12.2  255.670 25.167 120.63  38790 18.9
2010-04-16  18:20:00  05 50 30.3  +08 46 24  +000946.7 -000025.0  04 09 42.9  255.531 25.209 118.05  38772 18.8
2010-04-16  18:30:00  06 01 01.5  +08 41 17  +000946.9 -000036.3  04 09 13.4  255.368 25.228 115.46  38757 18.7
2010-04-16  18:40:00  06 11 32.8  +08 34 18  +000946.8 -000047.5  04 08 43.8  255.182 25.225 112.88  38745 18.6
2010-04-16  18:50:00  06 22 03.9  +08 25 28  +000946.4 -000058.6  04 08 14.3  254.973 25.198 110.29  38736 18.5
2010-04-16  19:00:00  06 32 34.6  +08 14 47  +000945.8 -000069.6  04 07 45.2  254.743 25.147 107.70  38729 18.4
2010-04-16  19:10:00  06 43 04.9  +08 02 16  +000944.9 -000080.4  04 07 16.6  254.491 25.072 105.10  38725 18.3
2010-04-16  19:20:00  06 53 34.5  +07 47 59  +000943.8 -000091.1  04 06 48.6  254.221 24.972 102.51  38725 18.2
2010-04-16  19:30:00  07 04 03.1  +07 31 56  +000942.3 -000101.5  04 06 21.6  253.932 24.848  99.90  38727 18.1
2010-04-16  19:40:00  07 14 30.8  +07 14 09  +000940.7 -000111.7  04 05 55.5  253.626 24.699  97.31  38732 18.0
2010-04-16  19:50:00  07 24 57.4  +06 54 42  +000938.9 -000121.7  04 05 30.6  253.304 24.526  94.70  38741 17.9
2010-04-16  20:00:00  07 35 22.6  +06 33 37  +000936.8 -000131.3  04 05 07.0  252.967 24.328  92.10  38753 17.8
2010-04-16  20:10:00  07 45 46.5  +06 10 56  +000934.7 -000140.7  04 04 44.8  252.617 24.106  89.49  38767 17.7
2010-04-16  20:20:00  07 56 08.8  +05 46 44  +000932.3 -000149.7  04 04 24.1  252.255 23.860  86.90  38785 17.7
2010-04-16  20:30:00  08 06 29.5  +05 21 03  +000929.8 -000158.4  04 04 05.1  251.881 23.591  84.29  38806 17.6
2010-04-16  20:40:00  08 16 48.5  +04 53 57  +000927.3 -000166.7  04 03 47.7  251.498 23.298  81.69  38830 17.5
2010-04-16  20:50:00  08 27 05.8  +04 25 30  +000924.6 -000174.6  04 03 32.0  251.107 22.982  79.09  38857 17.4
2010-04-16  21:00:00  08 37 21.3  +03 55 46  +000921.9 -000182.1  04 03 18.2  250.708 22.645  76.49  38887 17.4
2010-04-16  21:10:00  08 47 35.0  +03 24 48  +000919.2 -000189.2  04 03 06.1  250.304 22.286  73.89  38920 17.3
2010-04-16  21:20:00  08 57 46.9  +02 52 42  +000916.4 -000195.9  04 02 55.9  249.894 21.907  71.30  38956 17.3
2010-04-16  21:30:00  09 07 56.9  +02 19 32  +000913.7 -000202.1  04 02 47.5  249.480 21.508  68.70  38995 17.2
2010-04-16  21:40:00  09 18 05.1  +01 45 21  +000911.0 -000207.9  04 02 41.0  249.063 21.090  66.12  39036 17.2
2010-04-16  21:50:00  09 28 11.5  +01 10 15  +000908.3 -000213.3  04 02 36.2  248.644 20.655  63.53  39081 17.1
2010-04-16  22:00:00  09 38 16.2  +00 34 17  +000905.7 -000218.1  04 02 33.2  248.223 20.204  60.95  39128 17.1
2010-04-16  22:10:00  09 48 19.2  -00 02 26  +000903.2 -000222.5  04 02 31.8  247.802 19.737  58.37  39177 17.0
2010-04-16  22:20:00  09 58 20.5  -00 39 51  +000900.9 -000226.4  04 02 32.1  247.381 19.255  55.80  39229 17.0
2010-04-16  22:30:00  10 08 20.3  -01 17 53  +000898.6 -000229.9  04 02 34.0  246.961 18.761  53.22  39283 17.0
2010-04-16  22:40:00  10 18 18.7  -01 56 28  +000896.5 -000232.9  04 02 37.2  246.543 18.255  50.67  39339 16.9
2010-04-16  22:50:00  10 28 15.7  -02 35 29  +000894.5 -000235.4  04 02 41.9  246.126 17.739  48.10  39398 16.9
2010-04-16  23:00:00  10 38 11.5  -03 14 54  +000892.8 -000237.4  04 02 47.7  245.712 17.214  45.55  39458 16.8
2010-04-16  23:10:00  10 48 06.1  -03 54 36  +000891.1 -000239.0  04 02 54.8  245.301 16.681  43.00  39520 16.8
2010-04-16  23:20:00  10 57 59.7  -04 34 32  +000889.7 -000240.1  04 03 02.8  244.892 16.142  40.46  39584 16.8
2010-04-16  23:30:00  11 07 52.4  -05 14 36  +000888.5 -000240.7  04 03 11.7  244.488 15.598  37.92  39649 16.8
2010-04-16  23:40:00  11 17 44.4  -05 54 44  +000887.4 -000240.9  04 03 21.4  244.088 15.050  35.40  39715 16.7
2010-04-16  23:50:00  11 27 35.7  -06 34 52  +000886.6 -000240.6  04 03 31.7  243.691 14.500  32.88  39782 16.7
2010-04-17  00:00:00  11 37 26.6  -07 14 54  +000886.0 -000239.8  04 03 42.5  243.299 13.950  30.38  39851 16.7
2010-04-17  00:10:00  11 47 17.1  -07 54 47  +000885.6 -000238.6  04 03 53.6  242.912 13.400  27.87  39920 16.7
2010-04-17  00:20:00  11 57 07.4  -08 34 25  +000885.3 -000237.0  04 04 05.0  242.529 12.852  25.39  39990 16.7
2010-04-17  00:30:00  12 06 57.6  -09 13 46  +000885.3 -000234.9  04 04 16.4  242.152 12.308  22.91  40060 16.7
2010-04-17  00:40:00  12 16 47.9  -09 52 43  +000885.5 -000232.5  04 04 27.8  241.780 11.768  20.46  40131 16.6
2010-04-17  00:50:00  12 26 38.3  -10 31 13  +000885.9 -000229.5  04 04 39.0  241.413 11.235  18.01  40201 16.6
2010-04-17  01:00:00  12 36 29.1  -11 09 13  +000886.5 -000226.2  04 04 49.8  241.052 10.709  15.61  40272 16.6
2010-04-17  01:10:00  12 46 20.4  -11 46 37  +000887.2 -000222.5  04 05 00.2  240.696 10.191  13.23  40342 16.6

   Date        UTC        RA         DECL      RARate   DeclRate    HourAng      Az     Um    Phase  Range  Mag
2010-04-17  17:50:00  05 22 27.8  +08 50 46  +000944.7 +000005.0  04 11 37.1  255.968 24.945 125.85  38834 19.2
2010-04-17  18:00:00  05 32 57.9  +08 50 39  +000945.7 -000006.3  04 11 08.6  255.871 25.023 123.28  38813 19.1
2010-04-17  18:10:00  05 43 28.6  +08 48 40  +000946.4 -000017.6  04 10 39.5  255.749 25.079 120.70  38793 18.9
2010-04-17  18:20:00  05 53 59.7  +08 44 49  +000946.8 -000028.8  04 10 10.1  255.603 25.114 118.13  38776 18.8
2010-04-17  18:30:00  06 04 30.9  +08 39 04  +000946.9 -000040.1  04 09 40.5  255.432 25.126 115.54  38762 18.7
2010-04-17  18:40:00  06 15 02.2  +08 31 27  +000946.7 -000051.2  04 09 10.9  255.238 25.114 112.96  38751 18.6
2010-04-17  18:50:00  06 25 33.2  +08 21 59  +000946.3 -000062.3  04 08 41.6  255.022 25.079 110.36  38743 18.5
2010-04-17  19:00:00  06 36 03.8  +08 10 42  +000945.5 -000073.3  04 08 12.6  254.784 25.020 107.78  38737 18.4
2010-04-17  19:10:00  06 46 33.8  +07 57 35  +000944.6 -000084.0  04 07 44.2  254.527 24.937 105.18  38734 18.3
2010-04-17  19:20:00  06 57 03.1  +07 42 42  +000943.3 -000094.6  04 07 16.5  254.250 24.830 102.58  38735 18.2
2010-04-17  19:30:00  07 07 31.5  +07 26 04  +000941.8 -000105.0  04 06 49.8  253.955 24.697  99.98  38738 18.1
2010-04-17  19:40:00  07 17 58.8  +07 07 43  +000940.1 -000115.1  04 06 24.1  253.644 24.541  97.38  38745 18.0
2010-04-17  19:50:00  07 28 25.0  +06 47 43  +000938.2 -000125.0  04 05 59.6  253.317 24.360  94.78  38754 17.9
2010-04-17  20:00:00  07 38 49.8  +06 26 05  +000936.1 -000134.5  04 05 36.5  252.976 24.154  92.18  38767 17.8
2010-04-17  20:10:00  07 49 13.1  +06 02 54  +000933.9 -000143.8  04 05 14.8  252.621 23.924  89.57  38783 17.7
2010-04-17  20:20:00  07 59 34.9  +05 38 11  +000931.5 -000152.7  04 04 54.6  252.256 23.670  86.98  38801 17.7
2010-04-17  20:30:00  08 09 55.1  +05 12 02  +000929.0 -000161.2  04 04 36.1  251.879 23.393  84.37  38823 17.6
2010-04-17  20:40:00  08 20 13.5  +04 44 28  +000926.4 -000169.4  04 04 19.3  251.493 23.093  81.77  38848 17.5
2010-04-17  20:50:00  08 30 30.2  +04 15 35  +000923.7 -000177.2  04 04 04.2  251.100 22.770  79.17  38877 17.5
2010-04-17  21:00:00  08 40 45.1  +03 45 26  +000921.0 -000184.5  04 03 51.0  250.699 22.425  76.58  38908 17.4
2010-04-17  21:10:00  08 50 58.2  +03 14 06  +000918.2 -000191.5  04 03 39.5  250.292 22.060  73.97  38942 17.3
2010-04-17  21:20:00  09 01 09.4  +02 41 38  +000915.5 -000198.0  04 03 30.0  249.881 21.674  71.39  38979 17.3
2010-04-17  21:30:00  09 11 18.8  +02 08 07  +000912.7 -000204.1  04 03 22.2  249.466 21.269  68.79  39018 17.2
2010-04-17  21:40:00  09 21 26.4  +01 33 37  +000910.0 -000209.7  04 03 16.2  249.048 20.846  66.21  39061 17.2
2010-04-17  21:50:00  09 31 32.2  +00 58 14  +000907.4 -000214.9  04 03 12.1  248.629 20.406  63.62  39106 17.1
2010-04-17  22:00:00  09 41 36.3  +00 22 01  +000904.9 -000219.6  04 03 09.6  248.208 19.949  61.04  39154 17.1
2010-04-17  22:10:00  09 51 38.7  -00 14 57  +000902.4 -000223.8  04 03 08.9  247.787 19.478  58.46  39204 17.0
2010-04-17  22:20:00  10 01 39.5  -00 52 35  +000900.1 -000227.6  04 03 09.7  247.366 18.992  55.89  39257 17.0
2010-04-17  22:30:00  10 11 38.8  -01 30 48  +000897.9 -000230.9  04 03 12.0  246.946 18.494  53.32  39312 17.0
2010-04-17  22:40:00  10 21 36.7  -02 09 31  +000895.8 -000233.7  04 03 15.8  246.528 17.985  50.76  39369 16.9
2010-04-17  22:50:00  10 31 33.3  -02 48 41  +000893.9 -000236.1  04 03 20.9  246.112 17.466  48.19  39428 16.9
2010-04-17  23:00:00  10 41 28.6  -03 28 11  +000892.2 -000237.9  04 03 27.1  245.699 16.939  45.65  39489 16.9
2010-04-17  23:10:00  10 51 22.9  -04 07 58  +000890.6 -000239.3  04 03 34.5  245.289 16.404  43.10  39552 16.8
2010-04-17  23:20:00  11 01 16.2  -04 47 56  +000889.3 -000240.3  04 03 42.9  244.882 15.863  40.56  39616 16.8
2010-04-17  23:30:00  11 11 08.6  -05 28 02  +000888.1 -000240.7  04 03 52.1  244.479 15.318  38.02  39681 16.8
2010-04-17  23:40:00  11 21 00.3  -06 08 10  +000887.1 -000240.8  04 04 02.0  244.079 14.770  35.50  39748 16.7
2010-04-17  23:50:00  11 30 51.5  -06 48 16  +000886.3 -000240.3  04 04 12.5  243.684 14.221  32.98  39816 16.7
2010-04-18  00:00:00  11 40 42.2  -07 28 15  +000885.8 -000239.4  04 04 23.5  243.294 13.671  30.48  39885 16.7
2010-04-18  00:10:00  11 50 32.6  -08 08 02  +000885.4 -000238.1  04 04 34.7  242.908 13.122  27.97  39954 16.7
2010-04-18  00:20:00  12 00 22.8  -08 47 35  +000885.3 -000236.3  04 04 46.1  242.527 12.575  25.49  40024 16.7
2010-04-18  00:30:00  12 10 13.0  -09 26 47  +000885.3 -000234.1  04 04 57.6  242.151 12.033  23.01  40094 16.7
2010-04-18  00:40:00  12 20 03.3  -10 05 36  +000885.6 -000231.5  04 05 08.9  241.780 11.495  20.55  40165 16.6
2010-04-18  00:50:00  12 29 53.8  -10 43 56  +000886.1 -000228.4  04 05 20.0  241.415 10.964  18.11  40235 16.6
2010-04-18  01:00:00  12 39 44.7  -11 21 43  +000886.7 -000225.0  04 05 30.8  241.055 10.441  15.70  40306 16.6

   Date        UTC        RA         DECL      RARate   DeclRate    HourAng      Az     Um    Phase  Range  Mag
2010-04-18  17:50:00  05 25 56.4  +08 50 50  +000945.1 +000001.2  04 12 05.0  256.062 24.868 125.93  38837 19.2
2010-04-18  18:00:00  05 36 26.7  +08 50 06  +000946.0 -000010.1  04 11 36.3  255.957 24.939 123.36  38815 19.1
2010-04-18  18:10:00  05 46 57.6  +08 47 29  +000946.6 -000021.3  04 11 07.1  255.827 24.988 120.78  38797 18.9
2010-04-18  18:20:00  05 57 28.7  +08 42 59  +000946.9 -000032.6  04 10 37.6  255.672 25.015 118.21  38781 18.8
2010-04-18  18:30:00  06 07 60.0  +08 36 37  +000946.9 -000043.8  04 10 08.0  255.494 25.019 115.62  38768 18.7
2010-04-18  18:40:00  06 18 31.2  +08 28 23  +000946.6 -000055.0  04 09 38.4  255.292 25.000 113.04  38757 18.6
2010-04-18  18:50:00  06 29 02.1  +08 18 18  +000946.1 -000066.0  04 09 09.2  255.069 24.957 110.44  38750 18.5
2010-04-18  19:00:00  06 39 32.6  +08 06 24  +000945.3 -000076.9  04 08 40.4  254.825 24.890 107.86  38745 18.4
2010-04-18  19:10:00  06 50 02.4  +07 52 41  +000944.2 -000087.6  04 08 12.2  254.561 24.799 105.25  38744 18.3
2010-04-18  19:20:00  07 00 31.4  +07 37 12  +000942.9 -000098.1  04 07 44.8  254.278 24.683 102.66  38745 18.2
2010-04-18  19:30:00  07 10 59.5  +07 19 60  +000941.3 -000108.4  04 07 18.4  253.978 24.543 100.06  38750 18.1
2010-04-18  19:40:00  07 21 26.4  +07 01 06  +000939.5 -000118.4  04 06 53.1  253.661 24.378  97.46  38757 18.0
2010-04-18  19:50:00  07 31 52.1  +06 40 32  +000937.6 -000128.2  04 06 29.0  253.329 24.189  94.86  38768 17.9
2010-04-18  20:00:00  07 42 16.4  +06 18 23  +000935.4 -000137.6  04 06 06.3  252.984 23.976  92.26  38781 17.8
2010-04-18  20:10:00  07 52 39.3  +05 54 41  +000933.1 -000146.8  04 05 45.1  252.626 23.738  89.65  38798 17.7
2010-04-18  20:20:00  08 03 00.6  +05 29 29  +000930.7 -000155.6  04 05 25.5  252.256 23.477  87.06  38818 17.7
2010-04-18  20:30:00  08 13 20.1  +05 02 51  +000928.1 -000164.0  04 05 07.5  251.877 23.192  84.45  38841 17.6
2010-04-18  20:40:00  08 23 38.0  +04 34 51  +000925.5 -000172.0  04 04 51.3  251.488 22.884  81.86  38867 17.5
2010-04-18  20:50:00  08 33 54.1  +04 05 32  +000922.8 -000179.7  04 04 36.9  251.092 22.554  79.25  38896 17.5
2010-04-18  21:00:00  08 44 08.4  +03 34 59  +000920.1 -000186.9  04 04 24.2  250.689 22.203  76.66  38928 17.4
2010-04-18  21:10:00  08 54 20.9  +03 03 15  +000917.3 -000193.7  04 04 13.4  250.281 21.831  74.06  38964 17.3
2010-04-18  21:20:00  09 04 31.5  +02 30 26  +000914.6 -000200.1  04 04 04.4  249.868 21.439  71.47  39002 17.3
2010-04-18  21:30:00  09 14 40.3  +01 56 35  +000911.8 -000206.0  04 03 57.3  249.452 21.029  68.87  39042 17.2
2010-04-18  21:40:00  09 24 47.3  +01 21 48  +000909.2 -000211.5  04 03 51.9  249.034 20.600  66.29  39086 17.2
2010-04-18  21:50:00  09 34 52.5  +00 46 07  +000906.6 -000216.5  04 03 48.3  248.614 20.154  63.70  39132 17.1
2010-04-18  22:00:00  09 44 56.0  +00 09 39  +000904.0 -000221.0  04 03 46.4  248.193 19.693  61.13  39181 17.1
2010-04-18  22:10:00  09 54 57.9  -00 27 32  +000901.6 -000225.1  04 03 46.2  247.772 19.217  58.55  39232 17.0
2010-04-18  22:20:00  10 04 58.2  -01 05 21  +000899.3 -000228.7  04 03 47.6  247.351 18.728  55.98  39285 17.0
2010-04-18  22:30:00  10 14 57.0  -01 43 44  +000897.2 -000231.8  04 03 50.4  246.932 18.226  53.41  39341 17.0
2010-04-18  22:40:00  10 24 54.4  -02 22 37  +000895.1 -000234.5  04 03 54.6  246.515 17.714  50.85  39399 16.9
2010-04-18  22:50:00  10 34 50.6  -03 01 53  +000893.3 -000236.7  04 04 00.1  246.100 17.192  48.29  39459 16.9
2010-04-18  23:00:00  10 44 45.5  -03 41 29  +000891.6 -000238.4  04 04 06.8  245.687 16.663  45.74  39520 16.9
2010-04-18  23:10:00  10 54 39.4  -04 21 20  +000890.1 -000239.6  04 04 14.5  245.278 16.126  43.19  39583 16.8
2010-04-18  23:20:00  11 04 32.4  -05 01 21  +000888.8 -000240.4  04 04 23.2  244.872 15.584  40.66  39648 16.8
2010-04-18  23:30:00  11 14 24.6  -05 41 27  +000887.7 -000240.7  04 04 32.7  244.470 15.039  38.12  39714 16.8
2010-04-18  23:40:00  11 24 16.1  -06 21 34  +000886.8 -000240.6  04 04 42.8  244.072 14.490  35.60  39781 16.7
2010-04-18  23:50:00  11 34 07.0  -07 01 37  +000886.1 -000240.0  04 04 53.5  243.678 13.941  33.08  39849 16.7
2010-04-19  00:00:00  11 43 57.6  -07 41 33  +000885.6 -000239.0  04 05 04.6  243.289 13.391  30.58  39918 16.7
2010-04-19  00:10:00  11 53 47.9  -08 21 15  +000885.3 -000237.5  04 05 15.9  242.904 12.844  28.07  39988 16.7
2010-04-19  00:20:00  12 03 38.1  -09 00 41  +000885.3 -000235.6  04 05 27.4  242.525 12.299  25.59  40058 16.7
2010-04-19  00:30:00  12 13 28.3  -09 39 45  +000885.4 -000233.2  04 05 38.8  242.150 11.758  23.11  40128 16.7
2010-04-19  00:40:00  12 23 18.7  -10 18 24  +000885.7 -000230.4  04 05 50.1  241.781 11.223  20.65  40199 16.6
2010-04-19  00:50:00  12 33 09.3  -10 56 32  +000886.2 -000227.3  04 06 01.1  241.418 10.695  18.20  40270 16.6
2010-04-19  01:00:00  12 43 00.3  -11 34 07  +000886.9 -000223.7  04 06 11.7  241.060 10.175  15.79  40340 16.6

   Date        UTC        RA         DECL      RARate   DeclRate    HourAng      Az     Um    Phase  Range  Mag
2010-04-19  17:50:00  05 29 24.8  +08 50 40  +000945.4 -000002.6  04 12 33.2  256.154 24.787 126.01  38839 19.2
2010-04-19  18:00:00  05 39 55.3  +08 49 18  +000946.2 -000013.8  04 12 04.3  256.041 24.851 123.44  38819 19.1
2010-04-19  18:10:00  05 50 26.3  +08 46 04  +000946.7 -000025.1  04 11 35.0  255.902 24.893 120.86  38801 19.0
2010-04-19  18:20:00  06 00 57.5  +08 40 56  +000946.9 -000036.4  04 11 05.4  255.740 24.912 118.29  38786 18.8
2010-04-19  18:30:00  06 11 28.7  +08 33 56  +000946.8 -000047.6  04 10 35.8  255.554 24.909 115.70  38774 18.7
2010-04-19  18:40:00  06 21 59.9  +08 25 05  +000946.5 -000058.7  04 10 06.3  255.345 24.882 113.12  38764 18.6
2010-04-19  18:50:00  06 32 30.6  +08 14 23  +000945.8 -000069.7  04 09 37.2  255.115 24.831 110.52  38758 18.5
2010-04-19  19:00:00  06 43 00.9  +08 01 52  +000944.9 -000080.5  04 09 08.6  254.864 24.756 107.94  38754 18.4
2010-04-19  19:10:00  06 53 30.5  +07 47 34  +000943.8 -000091.1  04 08 40.6  254.594 24.657 105.33  38754 18.3
2010-04-19  19:20:00  07 03 59.2  +07 31 30  +000942.4 -000101.6  04 08 13.5  254.305 24.533 102.74  38756 18.2
2010-04-19  19:30:00  07 14 26.9  +07 13 44  +000940.7 -000111.8  04 07 47.5  253.999 24.385 100.14  38761 18.1
2010-04-19  19:40:00  07 24 53.5  +06 54 16  +000938.9 -000121.7  04 07 22.5  253.678 24.212  97.54  38770 18.0
2010-04-19  19:50:00  07 35 18.8  +06 33 10  +000936.9 -000131.4  04 06 58.9  253.341 24.015  94.94  38782 17.9
2010-04-19  20:00:00  07 45 42.6  +06 10 30  +000934.7 -000140.7  04 06 36.7  252.991 23.794  92.34  38796 17.8
2010-04-19  20:10:00  07 56 04.9  +05 46 17  +000932.3 -000149.7  04 06 16.0  252.629 23.548  89.73  38814 17.7
2010-04-19  20:20:00  08 06 25.7  +05 20 36  +000929.8 -000158.4  04 05 56.9  252.257 23.279  87.14  38835 17.7
2010-04-19  20:30:00  08 16 44.7  +04 53 31  +000927.3 -000166.7  04 05 39.5  251.874 22.987  84.53  38859 17.6
2010-04-19  20:40:00  08 27 02.0  +04 25 04  +000924.6 -000174.6  04 05 23.9  251.483 22.672  81.94  38886 17.5
2010-04-19  20:50:00  08 37 17.5  +03 55 20  +000921.9 -000182.1  04 05 10.0  251.084 22.336  79.33  38917 17.5
2010-04-19  21:00:00  08 47 31.2  +03 24 23  +000919.2 -000189.2  04 04 58.0  250.680 21.978  76.74  38950 17.4
2010-04-19  21:10:00  08 57 43.1  +02 52 18  +000916.4 -000195.9  04 04 47.8  250.270 21.599  74.14  38986 17.3
2010-04-19  21:20:00  09 07 53.1  +02 19 08  +000913.7 -000202.1  04 04 39.4  249.856 21.201  71.56  39025 17.3
2010-04-19  21:30:00  09 18 01.3  +01 44 58  +000910.9 -000207.8  04 04 32.8  249.439 20.785  68.96  39066 17.2
2010-04-19  21:40:00  09 28 07.7  +01 09 53  +000908.3 -000213.2  04 04 28.1  249.020 20.351  66.38  39111 17.2
2010-04-19  21:50:00  09 38 12.4  +00 33 56  +000905.7 -000218.0  04 04 25.0  248.600 19.900  63.79  39158 17.1
2010-04-19  22:00:00  09 48 15.3  -00 02 46  +000903.2 -000222.4  04 04 23.7  248.179 19.434  61.22  39208 17.1
2010-04-19  22:10:00  09 58 16.7  -00 40 10  +000900.8 -000226.3  04 04 24.0  247.758 18.954  58.64  39260 17.0
2010-04-19  22:20:00  10 08 16.5  -01 18 11  +000898.6 -000229.8  04 04 25.9  247.338 18.461  56.08  39314 17.0
2010-04-19  22:30:00  10 18 14.8  -01 56 44  +000896.5 -000232.7  04 04 29.2  246.919 17.956  53.50  39370 17.0
2010-04-19  22:40:00  10 28 11.8  -02 35 44  +000894.5 -000235.2  04 04 33.8  246.502 17.441  50.95  39429 16.9
2010-04-19  22:50:00  10 38 07.5  -03 15 07  +000892.7 -000237.3  04 04 39.7  246.088 16.917  48.39  39489 16.9
2010-04-19  23:00:00  10 48 02.1  -03 54 48  +000891.1 -000238.8  04 04 46.8  245.676 16.386  45.84  39551 16.9
2010-04-19  23:10:00  10 57 55.7  -04 34 42  +000889.7 -000239.9  04 04 54.8  245.268 15.848  43.29  39615 16.8
2010-04-19  23:20:00  11 07 48.4  -05 14 45  +000888.4 -000240.5  04 05 03.8  244.863 15.305  40.76  39680 16.8
2010-04-19  23:30:00  11 17 40.3  -05 54 51  +000887.4 -000240.7  04 05 13.5  244.462 14.758  38.22  39746 16.8
2010-04-19  23:40:00  11 27 31.6  -06 34 57  +000886.6 -000240.4  04 05 23.8  244.065 14.210  35.71  39814 16.8
2010-04-19  23:50:00  11 37 22.4  -07 14 57  +000885.9 -000239.6  04 05 34.7  243.673 13.661  33.18  39883 16.7
2010-04-20  00:00:00  11 47 12.9  -07 54 48  +000885.5 -000238.4  04 05 45.9  243.285 13.112  30.68  39952 16.7
2010-04-20  00:10:00  11 57 03.1  -08 34 25  +000885.3 -000236.8  04 05 57.3  242.902 12.566  28.18  40022 16.7
2010-04-20  00:20:00  12 06 53.3  -09 13 43  +000885.3 -000234.7  04 06 08.7  242.524 12.023  25.69  40092 16.7
2010-04-20  00:30:00  12 16 43.5  -09 52 39  +000885.5 -000232.3  04 06 20.1  242.151 11.484  23.21  40163 16.7
2010-04-20  00:40:00  12 26 33.9  -10 31 07  +000885.8 -000229.4  04 06 31.4  241.783 10.952  20.75  40233 16.6
2010-04-20  00:50:00  12 36 24.7  -11 09 05  +000886.4 -000226.0  04 06 42.3  241.421 10.427  18.30  40304 16.6

   Date        UTC        RA         DECL      RARate   DeclRate    HourAng      Az     Um    Phase  Range  Mag
2010-04-20  18:00:00  05 43 23.6  +08 48 17  +000946.4 -000017.6  04 12 32.5  256.122 24.759 123.52  38823 19.1
2010-04-20  18:10:00  05 53 54.7  +08 44 24  +000946.8 -000028.9  04 12 03.1  255.975 24.794 120.94  38806 19.0
2010-04-20  18:20:00  06 04 25.9  +08 38 39  +000946.9 -000040.1  04 11 33.5  255.805 24.806 118.37  38792 18.8
2010-04-20  18:30:00  06 14 57.2  +08 31 01  +000946.7 -000051.3  04 11 03.9  255.612 24.795 115.78  38780 18.7
2010-04-20  18:40:00  06 25 28.2  +08 21 33  +000946.3 -000062.4  04 10 34.5  255.396 24.760 113.20  38772 18.6
2010-04-20  18:50:00  06 35 58.8  +08 10 15  +000945.6 -000073.3  04 10 05.6  255.159 24.701 110.60  38766 18.5
2010-04-20  19:00:00  06 46 28.9  +07 57 08  +000944.6 -000084.1  04 09 37.1  254.902 24.618 108.02  38764 18.4
2010-04-20  19:10:00  06 56 58.2  +07 42 14  +000943.3 -000094.6  04 09 09.5  254.625 24.511 105.41  38764 18.3
2010-04-20  19:20:00  07 07 26.6  +07 25 36  +000941.9 -000105.0  04 08 42.7  254.331 24.380 102.82  38767 18.2
2010-04-20  19:30:00  07 17 53.9  +07 07 15  +000940.2 -000115.1  04 08 17.0  254.020 24.223 100.22  38774 18.1
2010-04-20  19:40:00  07 28 20.1  +06 47 15  +000938.2 -000125.0  04 07 52.5  253.693 24.043  97.63  38783 18.0
2010-04-20  19:50:00  07 38 44.9  +06 25 37  +000936.2 -000134.5  04 07 29.3  253.352 23.837  95.02  38796 17.9
2010-04-20  20:00:00  07 49 08.3  +06 02 26  +000933.9 -000143.7  04 07 07.6  252.999 23.608  92.42  38812 17.8
2010-04-20  20:10:00  07 59 30.1  +05 37 43  +000931.5 -000152.6  04 06 47.4  252.633 23.355  89.82  38831 17.7
2010-04-20  20:20:00  08 09 50.3  +05 11 34  +000929.0 -000161.2  04 06 28.9  252.257 23.079  87.22  38853 17.7
2010-04-20  20:30:00  08 20 08.7  +04 44 01  +000926.4 -000169.3  04 06 12.1  251.871 22.779  84.62  38878 17.6
2010-04-20  20:40:00  08 30 25.4  +04 15 08  +000923.7 -000177.1  04 05 57.0  251.478 22.457  82.02  38906 17.5
2010-04-20  20:50:00  08 40 40.4  +03 45 00  +000921.0 -000184.5  04 05 43.7  251.077 22.114  79.42  38937 17.5
2010-04-20  21:00:00  08 50 53.4  +03 13 40  +000918.3 -000191.4  04 05 32.3  250.671 21.749  76.83  38971 17.4
2010-04-20  21:10:00  09 01 04.7  +02 41 13  +000915.5 -000197.9  04 05 22.7  250.260 21.365  74.23  39008 17.3
2010-04-20  21:20:00  09 11 14.1  +02 07 43  +000912.8 -000204.0  04 05 14.9  249.845 20.961  71.65  39048 17.3
2010-04-20  21:30:00  09 21 21.7  +01 33 14  +000910.1 -000209.6  04 05 08.9  249.427 20.539  69.05  39091 17.2
2010-04-20  21:40:00  09 31 27.6  +00 57 52  +000907.4 -000214.8  04 05 04.7  249.008 20.099  66.47  39136 17.2
2010-04-20  21:50:00  09 41 31.7  +00 21 40  +000904.9 -000219.5  04 05 02.3  248.587 19.644  63.88  39184 17.1
2010-04-20  22:00:00  09 51 34.1  -00 15 17  +000902.4 -000223.7  04 05 01.5  248.166 19.173  61.31  39235 17.1
2010-04-20  22:10:00  10 01 34.9  -00 52 53  +000900.1 -000227.5  04 05 02.3  247.745 18.689  58.73  39287 17.0
2010-04-20  22:20:00  10 11 34.2  -01 31 05  +000897.9 -000230.8  04 05 04.6  247.325 18.193  56.17  39342 17.0
2010-04-20  22:30:00  10 21 32.1  -02 09 47  +000895.8 -000233.6  04 05 08.4  246.906 17.685  53.60  39400 17.0
2010-04-20  22:40:00  10 31 28.7  -02 48 54  +000893.9 -000235.9  04 05 13.5  246.490 17.167  51.05  39459 16.9
2010-04-20  22:50:00  10 41 24.0  -03 28 23  +000892.2 -000237.8  04 05 19.8  246.077 16.641  48.48  39520 16.9
2010-04-20  23:00:00  10 51 18.3  -04 08 08  +000890.6 -000239.2  04 05 27.1  245.666 16.107  45.94  39582 16.9
2010-04-20  23:10:00  11 01 11.6  -04 48 05  +000889.2 -000240.1  04 05 35.5  245.258 15.568  43.39  39647 16.8
2010-04-20  23:20:00  11 11 04.0  -05 28 09  +000888.1 -000240.6  04 05 44.7  244.855 15.024  40.86  39712 16.8
2010-04-20  23:30:00  11 20 55.7  -06 08 15  +000887.1 -000240.6  04 05 54.7  244.455 14.478  38.33  39779 16.8
2010-04-20  23:40:00  11 30 46.8  -06 48 19  +000886.3 -000240.1  04 06 05.2  244.059 13.929  35.81  39847 16.8
2010-04-20  23:50:00  11 40 37.5  -07 28 16  +000885.8 -000239.2  04 06 16.1  243.668 13.381  33.29  39916 16.7
2010-04-21  00:00:00  11 50 27.9  -08 08 02  +000885.4 -000237.9  04 06 27.4  243.282 12.833  30.79  39985 16.7
2010-04-21  00:10:00  12 00 18.1  -08 47 32  +000885.3 -000236.1  04 06 38.8  242.900 12.288  28.28  40055 16.7
2010-04-21  00:20:00  12 10 08.3  -09 26 43  +000885.3 -000233.9  04 06 50.3  242.524 11.747  25.80  40126 16.7
2010-04-21  00:30:00  12 19 58.6  -10 05 29  +000885.6 -000231.3  04 07 01.7  242.152 11.211  23.32  40196 16.7
2010-04-21  00:40:00  12 29 49.1  -10 43 47  +000886.0 -000228.2  04 07 12.8  241.786 10.681  20.86  40267 16.6
2010-04-21  00:50:00  12 39 39.9  -11 21 32  +000886.6 -000224.8  04 07 23.6  241.426 10.159  18.40  40338 16.6

   Date        UTC        RA         DECL      RARate   DeclRate    HourAng      Az     Um    Phase  Range  Mag
2010-04-21  18:00:00  05 46 51.8  +08 47 01  +000946.5 -000021.4  04 13 00.9  256.201 24.665 123.60  38827 19.1
2010-04-21  18:10:00  05 57 22.9  +08 42 31  +000946.8 -000032.7  04 12 31.5  256.047 24.692 121.02  38811 19.0
2010-04-21  18:20:00  06 07 54.1  +08 36 08  +000946.8 -000043.9  04 12 01.9  255.869 24.696 118.45  38798 18.8
2010-04-21  18:30:00  06 18 25.3  +08 27 53  +000946.6 -000055.0  04 11 32.3  255.668 24.677 115.86  38788 18.7
2010-04-21  18:40:00  06 28 56.2  +08 17 48  +000946.1 -000066.0  04 11 03.1  255.445 24.634 113.28  38780 18.6
2010-04-21  18:50:00  06 39 26.7  +08 05 53  +000945.2 -000076.9  04 10 34.3  255.201 24.568 110.68  38775 18.5
2010-04-21  19:00:00  06 49 56.5  +07 52 11  +000944.2 -000087.6  04 10 06.1  254.938 24.477 108.10  38774 18.4
2010-04-21  19:10:00  07 00 25.5  +07 36 42  +000942.8 -000098.1  04 09 38.7  254.656 24.362 105.50  38775 18.3
2010-04-21  19:20:00  07 10 53.5  +07 19 29  +000941.3 -000108.4  04 09 12.3  254.356 24.222 102.91  38779 18.2
2010-04-21  19:30:00  07 21 20.5  +07 00 35  +000939.5 -000118.4  04 08 47.0  254.040 24.058 100.30  38787 18.1
2010-04-21  19:40:00  07 31 46.2  +06 40 02  +000937.6 -000128.2  04 08 22.9  253.708 23.869  97.71  38797 18.0
2010-04-21  19:50:00  07 42 10.5  +06 17 53  +000935.4 -000137.6  04 08 00.2  253.363 23.656  95.10  38811 17.9
2010-04-21  20:00:00  07 52 33.4  +05 54 11  +000933.1 -000146.7  04 07 39.0  253.005 23.419  92.51  38828 17.8
2010-04-21  20:10:00  08 02 54.7  +05 28 59  +000930.7 -000155.5  04 07 19.4  252.636 23.158  89.90  38848 17.7
2010-04-21  20:20:00  08 13 14.3  +05 02 22  +000928.2 -000163.9  04 07 01.4  252.257 22.874  87.31  38871 17.7
2010-04-21  20:30:00  08 23 32.2  +04 34 22  +000925.5 -000172.0  04 06 45.2  251.869 22.568  84.70  38897 17.6
2010-04-21  20:40:00  08 33 48.3  +04 05 04  +000922.8 -000179.6  04 06 30.7  251.473 22.239  82.11  38926 17.5
2010-04-21  20:50:00  08 44 02.6  +03 34 32  +000920.1 -000186.8  04 06 18.0  251.071 21.888  79.51  38958 17.5
2010-04-21  21:00:00  08 54 15.1  +03 02 49  +000917.3 -000193.6  04 06 07.2  250.663 21.517  76.92  38993 17.4
2010-04-21  21:10:00  09 04 25.8  +02 30 01  +000914.6 -000200.0  04 05 58.2  250.250 21.127  74.32  39031 17.3
2010-04-21  21:20:00  09 14 34.6  +01 56 11  +000911.9 -000205.9  04 05 51.0  249.834 20.717  71.74  39072 17.3
2010-04-21  21:30:00  09 24 41.6  +01 21 24  +000909.2 -000211.4  04 05 45.6  249.416 20.289  69.14  39116 17.2
2010-04-21  21:40:00  09 34 46.9  +00 45 45  +000906.6 -000216.4  04 05 42.0  248.996 19.845  66.56  39162 17.2
2010-04-21  21:50:00  09 44 50.4  +00 09 19  +000904.1 -000220.9  04 05 40.1  248.574 19.385  63.98  39211 17.1
2010-04-21  22:00:00  09 54 52.3  -00 27 51  +000901.7 -000225.0  04 05 39.8  248.153 18.910  61.41  39262 17.1
2010-04-21  22:10:00  10 04 52.7  -01 05 39  +000899.4 -000228.6  04 05 41.1  247.733 18.422  58.83  39315 17.0
2010-04-21  22:20:00  10 14 51.5  -01 44 01  +000897.2 -000231.7  04 05 43.9  247.313 17.922  56.27  39371 17.0
2010-04-21  22:30:00  10 24 49.0  -02 22 52  +000895.2 -000234.4  04 05 48.1  246.895 17.411  53.70  39429 17.0
2010-04-21  22:40:00  10 34 45.1  -03 02 07  +000893.3 -000236.5  04 05 53.6  246.480 16.891  51.14  39489 16.9
2010-04-21  22:50:00  10 44 40.1  -03 41 41  +000891.7 -000238.2  04 06 00.2  246.067 16.363  48.59  39550 16.9
2010-04-21  23:00:00  10 54 34.0  -04 21 30  +000890.2 -000239.5  04 06 08.0  245.657 15.828  46.04  39614 16.9
2010-04-21  23:10:00  11 04 27.0  -05 01 29  +000888.9 -000240.2  04 06 16.6  245.250 15.287  43.50  39678 16.8
2010-04-21  23:20:00  11 14 19.2  -05 41 33  +000887.7 -000240.6  04 06 26.1  244.848 14.743  40.97  39745 16.8
2010-04-21  23:30:00  11 24 10.7  -06 21 39  +000886.8 -000240.4  04 06 36.2  244.449 14.196  38.43  39812 16.8
2010-04-21  23:40:00  11 34 01.7  -07 01 40  +000886.1 -000239.8  04 06 46.9  244.055 13.648  35.92  39880 16.8
2010-04-21  23:50:00  11 43 52.3  -07 41 33  +000885.6 -000238.8  04 06 57.9  243.665 13.100  33.39  39949 16.7
2010-04-22  00:00:00  11 53 42.6  -08 21 14  +000885.3 -000237.3  04 07 09.2  243.280 12.553  30.89  40019 16.7
2010-04-22  00:10:00  12 03 32.8  -09 00 37  +000885.3 -000235.3  04 07 20.7  242.900 12.010  28.39  40089 16.7
2010-04-22  00:20:00  12 13 23.0  -09 39 39  +000885.4 -000233.0  04 07 32.2  242.525 11.471  25.91  40160 16.7
2010-04-22  00:30:00  12 23 13.3  -10 18 16  +000885.7 -000230.2  04 07 43.4  242.155 10.938  23.42  40230 16.7
2010-04-22  00:40:00  12 33 04.0  -10 56 23  +000886.2 -000227.0  04 07 54.5  241.790 10.411  20.96  40301 16.7

   Date        UTC        RA         DECL      RARate   DeclRate    HourAng      Az     Um    Phase  Range  Mag
2010-04-22  18:00:00  05 50 19.8  +08 45 33  +000946.6 -000025.2  04 13 29.5  256.278 24.567 123.68  38832 19.1
2010-04-22  18:10:00  06 00 50.9  +08 40 25  +000946.8 -000036.4  04 12 60.0  256.116 24.586 121.10  38817 19.0
2010-04-22  18:20:00  06 11 22.1  +08 33 24  +000946.8 -000047.6  04 12 30.4  255.930 24.583 118.53  38805 18.8
2010-04-22  18:30:00  06 21 53.2  +08 24 33  +000946.4 -000058.7  04 12 01.0  255.722 24.556 115.94  38795 18.7
2010-04-22  18:40:00  06 32 23.9  +08 13 51  +000945.8 -000069.7  04 11 31.9  255.493 24.505 113.36  38789 18.6
2010-04-22  18:50:00  06 42 54.2  +08 01 20  +000944.9 -000080.5  04 11 03.3  255.242 24.431 110.76  38785 18.5
2010-04-22  19:00:00  06 53 23.7  +07 47 01  +000943.7 -000091.1  04 10 35.4  254.973 24.332 108.18  38784 18.4
2010-04-22  19:10:00  07 03 52.4  +07 30 58  +000942.3 -000101.6  04 10 08.3  254.685 24.209 105.58  38787 18.3
2010-04-22  19:20:00  07 14 20.1  +07 13 11  +000940.7 -000111.8  04 09 42.3  254.379 24.061 102.99  38792 18.2
2010-04-22  19:30:00  07 24 46.7  +06 53 43  +000938.9 -000121.7  04 09 17.4  254.058 23.889 100.38  38800 18.1
2010-04-22  19:40:00  07 35 11.9  +06 32 38  +000936.8 -000131.3  04 08 53.8  253.723 23.692  97.79  38812 18.0
2010-04-22  19:50:00  07 45 35.8  +06 09 58  +000934.7 -000140.7  04 08 31.6  253.373 23.471  95.18  38827 17.9
2010-04-22  20:00:00  07 55 58.1  +05 45 46  +000932.3 -000149.7  04 08 10.9  253.012 23.226  92.59  38845 17.8
2010-04-22  20:10:00  08 06 18.8  +05 20 05  +000929.8 -000158.3  04 07 51.8  252.639 22.958  89.98  38865 17.7
2010-04-22  20:20:00  08 16 37.9  +04 53 00  +000927.3 -000166.6  04 07 34.4  252.257 22.667  87.39  38889 17.7
2010-04-22  20:30:00  08 26 55.2  +04 24 34  +000924.6 -000174.5  04 07 18.7  251.867 22.353  84.79  38917 17.6
2010-04-22  20:40:00  08 37 10.7  +03 54 51  +000921.9 -000182.0  04 07 04.9  251.469 22.017  82.20  38947 17.5
2010-04-22  20:50:00  08 47 24.4  +03 23 55  +000919.2 -000189.1  04 06 52.8  251.064 21.660  79.59  38980 17.5
2010-04-22  21:00:00  08 57 36.3  +02 51 51  +000916.4 -000195.8  04 06 42.6  250.655 21.283  77.01  39016 17.4
2010-04-22  21:10:00  09 07 46.3  +02 18 42  +000913.7 -000202.0  04 06 34.2  250.241 20.886  74.41  39055 17.3
2010-04-22  21:20:00  09 17 54.5  +01 44 33  +000911.0 -000207.7  04 06 27.6  249.824 20.470  71.83  39097 17.3
2010-04-22  21:30:00  09 28 01.0  +01 09 29  +000908.3 -000213.0  04 06 22.8  249.405 20.038  69.23  39141 17.2
2010-04-22  21:40:00  09 38 05.7  +00 33 34  +000905.8 -000217.9  04 06 19.7  248.984 19.588  66.66  39188 17.2
2010-04-22  21:50:00  09 48 08.7  -00 03 08  +000903.3 -000222.3  04 06 18.4  248.563 19.123  64.07  39238 17.1
2010-04-22  22:00:00  09 58 10.1  -00 40 30  +000900.9 -000226.2  04 06 18.6  248.142 18.645  61.50  39290 17.1
2010-04-22  22:10:00  10 08 09.9  -01 18 30  +000898.6 -000229.6  04 06 20.5  247.722 18.153  58.93  39344 17.1
2010-04-22  22:20:00  10 18 08.3  -01 57 01  +000896.5 -000232.6  04 06 23.7  247.302 17.650  56.37  39400 17.0
2010-04-22  22:30:00  10 28 05.3  -02 35 60  +000894.6 -000235.1  04 06 28.3  246.885 17.136  53.80  39459 17.0
2010-04-22  22:40:00  10 38 01.1  -03 15 21  +000892.8 -000237.1  04 06 34.2  246.470 16.613  51.25  39519 16.9
2010-04-22  22:50:00  10 47 55.7  -03 55 00  +000891.2 -000238.6  04 06 41.2  246.058 16.083  48.69  39582 16.9
2010-04-22  23:00:00  10 57 49.3  -04 34 52  +000889.7 -000239.7  04 06 49.2  245.649 15.546  46.15  39645 16.9
2010-04-22  23:10:00  11 07 42.1  -05 14 53  +000888.5 -000240.3  04 06 58.1  245.244 15.005  43.60  39711 16.8
2010-04-22  23:20:00  11 17 34.0  -05 54 58  +000887.4 -000240.5  04 07 07.8  244.842 14.460  41.07  39777 16.8
2010-04-22  23:30:00  11 27 25.4  -06 35 02  +000886.6 -000240.2  04 07 18.1  244.445 13.913  38.54  39845 16.8
2010-04-22  23:40:00  11 37 16.2  -07 15 00  +000886.0 -000239.4  04 07 28.9  244.051 13.365  36.02  39913 16.8
2010-04-22  23:50:00  11 47 06.7  -07 54 49  +000885.5 -000238.2  04 07 40.1  243.663 12.818  33.50  39982 16.7
2010-04-23  00:00:00  11 56 57.0  -08 34 24  +000885.3 -000236.6  04 07 51.4  243.279 12.274  31.00  40052 16.7
2010-04-23  00:10:00  12 06 47.2  -09 13 40  +000885.3 -000234.5  04 08 02.9  242.900 11.732  28.50  40123 16.7
2010-04-23  00:20:00  12 16 37.4  -09 52 33  +000885.5 -000232.0  04 08 14.3  242.527 11.195  26.02  40193 16.7
2010-04-23  00:30:00  12 26 27.9  -10 30 60  +000885.9 -000229.1  04 08 25.5  242.158 10.664  23.53  40264 16.7
2010-04-23  00:40:00  12 36 18.6  -11 08 55  +000886.4 -000225.8  04 08 36.4  241.796 10.141  21.07  40335 16.7

   Date        UTC        RA         DECL      RARate   DeclRate    HourAng      Az     Um    Phase  Range  Mag
2010-04-23  18:00:00  05 53 47.6  +08 43 53  +000946.7 -000029.0  04 13 58.2  256.353 24.466 123.76  38838 19.1
2010-04-23  18:10:00  06 04 18.8  +08 38 07  +000946.8 -000040.2  04 13 28.7  256.183 24.478 121.18  38823 19.0
2010-04-23  18:20:00  06 14 50.0  +08 30 29  +000946.6 -000051.4  04 12 59.2  255.990 24.467 118.61  38812 18.8
2010-04-23  18:30:00  06 25 20.9  +08 21 00  +000946.2 -000062.4  04 12 29.8  255.775 24.432 116.02  38803 18.7
2010-04-23  18:40:00  06 35 51.5  +08 09 41  +000945.5 -000073.3  04 12 00.9  255.538 24.374 113.44  38798 18.6
2010-04-23  18:50:00  06 46 21.5  +07 56 34  +000944.5 -000084.1  04 11 32.6  255.282 24.291 110.84  38795 18.5
2010-04-23  19:00:00  06 56 50.7  +07 41 41  +000943.3 -000094.6  04 11 04.9  255.006 24.184 108.26  38795 18.4
2010-04-23  19:10:00  07 07 19.1  +07 25 02  +000941.8 -000105.0  04 10 38.2  254.712 24.053 105.66  38799 18.3
2010-04-23  19:20:00  07 17 46.4  +07 06 42  +000940.1 -000115.1  04 10 12.6  254.402 23.897 103.07  38805 18.2
2010-04-23  19:30:00  07 28 12.5  +06 46 41  +000938.2 -000124.9  04 09 48.1  254.076 23.717 100.47  38815 18.1
2010-04-23  19:40:00  07 38 37.3  +06 25 04  +000936.1 -000134.5  04 09 25.0  253.736 23.512  97.87  38827 18.0
2010-04-23  19:50:00  07 49 00.6  +06 01 53  +000933.9 -000143.7  04 09 03.3  253.383 23.283  95.27  38843 17.9
2010-04-23  20:00:00  07 59 22.4  +05 37 11  +000931.5 -000152.6  04 08 43.1  253.018 23.031  92.68  38862 17.8
2010-04-23  20:10:00  08 09 42.6  +05 11 03  +000929.0 -000161.1  04 08 24.6  252.642 22.755  90.07  38884 17.8
2010-04-23  20:20:00  08 20 01.0  +04 43 31  +000926.4 -000169.3  04 08 07.8  252.257 22.456  87.48  38909 17.7
2010-04-23  20:30:00  08 30 17.7  +04 14 39  +000923.7 -000177.0  04 07 52.8  251.864 22.135  84.87  38937 17.6
2010-04-23  20:40:00  08 40 32.6  +03 44 31  +000921.0 -000184.4  04 07 39.5  251.464 21.793  82.28  38968 17.5
2010-04-23  20:50:00  08 50 45.7  +03 13 12  +000918.3 -000191.3  04 07 28.0  251.058 21.429  79.68  39002 17.5
2010-04-23  21:00:00  09 00 57.0  +02 40 46  +000915.5 -000197.8  04 07 18.4  250.647 21.045  77.10  39039 17.4
2010-04-23  21:10:00  09 11 06.4  +02 07 17  +000912.8 -000203.9  04 07 10.6  250.232 20.643  74.50  39079 17.4
2010-04-23  21:20:00  09 21 14.0  +01 32 49  +000910.1 -000209.5  04 07 04.7  249.815 20.222  71.92  39122 17.3
2010-04-23  21:30:00  09 31 19.9  +00 57 28  +000907.5 -000214.7  04 07 00.5  249.395 19.783  69.33  39167 17.2
2010-04-23  21:40:00  09 41 24.0  +00 21 17  +000904.9 -000219.4  04 06 58.0  248.974 19.329  66.75  39215 17.2
2010-04-23  21:50:00  09 51 26.5  -00 15 38  +000902.5 -000223.6  04 06 57.2  248.553 18.860  64.17  39265 17.1
2010-04-23  22:00:00  10 01 27.3  -00 53 13  +000900.1 -000227.3  04 06 57.9  248.132 18.377  61.60  39318 17.1
2010-04-23  22:10:00  10 11 26.7  -01 31 23  +000897.9 -000230.6  04 07 00.2  247.712 17.882  59.02  39373 17.1
2010-04-23  22:20:00  10 21 24.6  -02 10 03  +000895.9 -000233.4  04 07 04.0  247.293 17.375  56.47  39430 17.0
2010-04-23  22:30:00  10 31 21.2  -02 49 10  +000894.0 -000235.8  04 07 09.0  246.876 16.859  53.90  39489 17.0
2010-04-23  22:40:00  10 41 16.6  -03 28 37  +000892.2 -000237.6  04 07 15.2  246.462 16.334  51.35  39550 16.9
2010-04-23  22:50:00  10 51 10.9  -04 08 20  +000890.7 -000239.0  04 07 22.6  246.051 15.802  48.79  39613 16.9
2010-04-23  23:00:00  11 01 04.2  -04 48 16  +000889.3 -000239.9  04 07 30.9  245.643 15.264  46.25  39677 16.9
2010-04-23  23:10:00  11 10 56.7  -05 28 17  +000888.1 -000240.4  04 07 40.1  245.238 14.722  43.71  39743 16.8
2010-04-23  23:20:00  11 20 48.4  -06 08 22  +000887.2 -000240.4  04 07 50.0  244.838 14.177  41.18  39810 16.8
2010-04-23  23:30:00  11 30 39.6  -06 48 24  +000886.4 -000239.9  04 08 00.4  244.441 13.630  38.65  39878 16.8
2010-04-23  23:40:00  11 40 30.3  -07 28 19  +000885.8 -000239.0  04 08 11.3  244.050 13.083  36.14  39946 16.8
2010-04-23  23:50:00  11 50 20.8  -08 08 03  +000885.5 -000237.7  04 08 22.6  243.662 12.537  33.62  40016 16.7
2010-04-24  00:00:00  12 00 11.0  -08 47 31  +000885.3 -000235.9  04 08 34.0  243.280 11.993  31.12  40086 16.7
2010-04-24  00:10:00  12 10 01.2  -09 26 40  +000885.4 -000233.7  04 08 45.4  242.902 11.454  28.61  40156 16.7
2010-04-24  00:20:00  12 19 51.5  -10 05 24  +000885.6 -000231.1  04 08 56.7  242.530 10.919  26.13  40227 16.7
2010-04-24  00:30:00  12 29 42.1  -10 43 40  +000886.1 -000228.0  04 09 07.8  242.163 10.391  23.65  40298 16.7

   Date        UTC        RA         DECL      RARate   DeclRate    HourAng      Az     Um    Phase  Range  Mag
2010-04-24  18:00:00  05 57 15.3  +08 42 01  +000946.7 -000032.8  04 14 27.1  256.425 24.363 123.84  38843 19.1
2010-04-24  18:10:00  06 07 46.5  +08 35 38  +000946.8 -000044.0  04 13 57.5  256.248 24.367 121.26  38830 19.0
2010-04-24  18:20:00  06 18 17.6  +08 27 22  +000946.5 -000055.1  04 13 28.1  256.048 24.348 118.69  38819 18.8
2010-04-24  18:30:00  06 28 48.4  +08 17 17  +000946.0 -000066.1  04 12 58.9  255.825 24.306 116.10  38812 18.7
2010-04-24  18:40:00  06 39 18.8  +08 05 22  +000945.1 -000076.9  04 12 30.1  255.582 24.239 113.52  38807 18.6
2010-04-24  18:50:00  06 49 48.6  +07 51 38  +000944.1 -000087.6  04 12 02.0  255.320 24.148 110.93  38806 18.5
2010-04-24  19:00:00  07 00 17.5  +07 36 10  +000942.8 -000098.1  04 11 34.7  255.038 24.033 108.34  38807 18.4
2010-04-24  19:10:00  07 10 45.5  +07 18 57  +000941.2 -000108.4  04 11 08.3  254.739 23.894 105.74  38811 18.3
2010-04-24  19:20:00  07 21 12.4  +07 00 03  +000939.4 -000118.4  04 10 43.1  254.423 23.730 103.15  38819 18.2
2010-04-24  19:30:00  07 31 38.1  +06 39 30  +000937.5 -000128.1  04 10 19.1  254.093 23.542 100.55  38829 18.1
2010-04-24  19:40:00  07 42 02.4  +06 17 21  +000935.3 -000137.6  04 09 56.4  253.749 23.329  97.96  38843 18.0
2010-04-24  19:50:00  07 52 25.2  +05 53 40  +000933.0 -000146.7  04 09 35.3  253.391 23.093  95.35  38860 17.9
2010-04-24  20:00:00  08 02 46.4  +05 28 28  +000930.6 -000155.5  04 09 15.7  253.023 22.833  92.76  38880 17.8
2010-04-24  20:10:00  08 13 06.0  +05 01 52  +000928.1 -000163.9  04 08 57.7  252.644 22.549  90.16  38902 17.8
2010-04-24  20:20:00  08 23 23.9  +04 33 53  +000925.5 -000171.9  04 08 41.5  252.257 22.243  87.57  38929 17.7
2010-04-24  20:30:00  08 33 39.9  +04 04 35  +000922.8 -000179.5  04 08 27.1  251.861 21.915  84.96  38958 17.6
2010-04-24  20:40:00  08 43 54.2  +03 34 04  +000920.1 -000186.7  04 08 14.4  251.459 21.566  82.37  38990 17.5
2010-04-24  20:50:00  08 54 06.7  +03 02 22  +000917.3 -000193.5  04 08 03.6  251.052 21.196  79.77  39025 17.5
2010-04-24  21:00:00  09 04 17.3  +02 29 35  +000914.6 -000199.9  04 07 54.7  250.640 20.806  77.19  39063 17.4
2010-04-24  21:10:00  09 14 26.1  +01 55 46  +000911.9 -000205.8  04 07 47.5  250.224 20.397  74.59  39104 17.4
2010-04-24  21:20:00  09 24 33.1  +01 21 00  +000909.2 -000211.2  04 07 42.1  249.805 19.971  72.01  39147 17.3
2010-04-24  21:30:00  09 34 38.4  +00 45 23  +000906.6 -000216.2  04 07 38.5  249.385 19.527  69.42  39193 17.2
2010-04-24  21:40:00  09 44 42.0  +00 08 57  +000904.1 -000220.8  04 07 36.6  248.964 19.068  66.85  39242 17.2
2010-04-24  21:50:00  09 54 43.9  -00 28 11  +000901.7 -000224.8  04 07 36.3  248.543 18.595  64.27  39293 17.1
2010-04-24  22:00:00  10 04 44.2  -01 05 58  +000899.4 -000228.4  04 07 37.6  248.122 18.108  61.70  39347 17.1
2010-04-24  22:10:00  10 14 43.1  -01 44 18  +000897.2 -000231.6  04 07 40.4  247.702 17.609  59.12  39402 17.1
2010-04-24  22:20:00  10 24 40.5  -02 23 08  +000895.2 -000234.2  04 07 44.6  247.284 17.100  56.57  39460 17.0
2010-04-24  22:30:00  10 34 36.7  -03 02 21  +000893.4 -000236.4  04 07 50.0  246.868 16.581  54.00  39520 17.0
2010-04-24  22:40:00  10 44 31.7  -03 41 54  +000891.7 -000238.1  04 07 56.6  246.455 16.054  51.45  39582 16.9
2010-04-24  22:50:00  10 54 25.7  -04 21 41  +000890.2 -000239.3  04 08 04.3  246.044 15.520  48.90  39645 16.9
2010-04-24  23:00:00  11 04 18.7  -05 01 38  +000888.9 -000240.1  04 08 12.9  245.637 14.981  46.36  39709 16.9
2010-04-24  23:10:00  11 14 11.0  -05 41 41  +000887.8 -000240.4  04 08 22.4  245.234 14.438  43.82  39775 16.8
2010-04-24  23:20:00  11 24 02.5  -06 21 45  +000886.9 -000240.2  04 08 32.4  244.835 13.893  41.29  39843 16.8
2010-04-24  23:30:00  11 33 53.5  -07 01 44  +000886.2 -000239.6  04 08 43.1  244.439 13.346  38.76  39911 16.8
2010-04-24  23:40:00  11 43 44.2  -07 41 36  +000885.7 -000238.6  04 08 54.1  244.049 12.800  36.25  39980 16.8
2010-04-24  23:50:00  11 53 34.5  -08 21 15  +000885.4 -000237.1  04 09 05.4  243.663 12.255  33.73  40050 16.7
2010-04-25  00:00:00  12 03 24.8  -09 00 36  +000885.3 -000235.2  04 09 16.8  243.282 11.713  31.23  40120 16.7
2010-04-25  00:10:00  12 13 15.0  -09 39 36  +000885.4 -000232.8  04 09 28.2  242.906 11.175  28.73  40190 16.7
2010-04-25  00:20:00  12 23 05.4  -10 18 11  +000885.8 -000230.0  04 09 39.4  242.535 10.643  26.25  40261 16.7
2010-04-25  00:30:00  12 32 56.1  -10 56 16  +000886.3 -000226.8  04 09 50.4  242.170 10.118  23.76  40332 16.7

   Date        UTC        RA         DECL      RARate   DeclRate    HourAng      Az     Um    Phase  Range  Mag
2010-04-25  18:00:00  06 00 42.9  +08 39 59  +000946.8 -000036.5  04 14 56.0  256.496 24.257 123.92  38849 19.1
2010-04-25  18:10:00  06 11 14.1  +08 32 57  +000946.7 -000047.7  04 14 26.5  256.311 24.254 121.34  38836 19.0
2010-04-25  18:20:00  06 21 45.1  +08 24 05  +000946.3 -000058.8  04 13 57.1  256.104 24.227 118.77  38827 18.8
2010-04-25  18:30:00  06 32 15.8  +08 13 22  +000945.7 -000069.7  04 13 28.1  255.875 24.176 116.18  38820 18.7
2010-04-25  18:40:00  06 42 46.0  +08 00 51  +000944.8 -000080.5  04 12 59.5  255.625 24.102 113.60  38817 18.6
2010-04-25  18:50:00  06 53 15.5  +07 46 32  +000943.6 -000091.2  04 12 31.7  255.356 24.003 111.01  38816 18.5
2010-04-25  19:00:00  07 03 44.1  +07 30 29  +000942.2 -000101.6  04 12 04.7  255.069 23.880 108.42  38819 18.4
2010-04-25  19:10:00  07 14 11.8  +07 12 42  +000940.6 -000111.8  04 11 38.7  254.764 23.733 105.82  38824 18.3
2010-04-25  19:20:00  07 24 38.3  +06 53 14  +000938.8 -000121.7  04 11 13.8  254.444 23.561 103.23  38832 18.2
2010-04-25  19:30:00  07 35 03.4  +06 32 09  +000936.8 -000131.3  04 10 50.3  254.109 23.364 100.63  38844 18.1
2010-04-25  19:40:00  07 45 27.2  +06 09 29  +000934.6 -000140.6  04 10 28.1  253.760 23.144  98.04  38859 18.0
2010-04-25  19:50:00  07 55 49.5  +05 45 17  +000932.2 -000149.6  04 10 07.5  253.399 22.900  95.44  38877 17.9
2010-04-25  20:00:00  08 06 10.2  +05 19 38  +000929.8 -000158.3  04 09 48.5  253.027 22.632  92.85  38898 17.8
2010-04-25  20:10:00  08 16 29.2  +04 52 33  +000927.2 -000166.6  04 09 31.1  252.646 22.341  90.24  38922 17.8
2010-04-25  20:20:00  08 26 46.4  +04 24 08  +000924.5 -000174.4  04 09 15.5  252.256 22.028  87.65  38949 17.7
2010-04-25  20:30:00  08 37 01.9  +03 54 25  +000921.9 -000181.9  04 09 01.7  251.858 21.693  85.05  38979 17.6
2010-04-25  20:40:00  08 47 15.6  +03 23 30  +000919.1 -000189.0  04 08 49.7  251.454 21.337  82.46  39012 17.5
2010-04-25  20:50:00  08 57 27.4  +02 51 26  +000916.4 -000195.7  04 08 39.5  251.045 20.960  79.86  39048 17.5
2010-04-25  21:00:00  09 07 37.4  +02 18 18  +000913.6 -000201.9  04 08 31.1  250.632 20.564  77.28  39087 17.4
2010-04-25  21:10:00  09 17 45.6  +01 44 11  +000910.9 -000207.6  04 08 24.6  250.215 20.150  74.69  39129 17.4
2010-04-25  21:20:00  09 27 52.0  +01 09 08  +000908.3 -000212.9  04 08 19.8  249.796 19.718  72.11  39173 17.3
2010-04-25  21:30:00  09 37 56.7  +00 33 14  +000905.7 -000217.8  04 08 16.8  249.376 19.270  69.52  39220 17.2
2010-04-25  21:40:00  09 47 59.7  -00 03 27  +000903.2 -000222.1  04 08 15.4  248.955 18.806  66.95  39270 17.2
2010-04-25  21:50:00  09 58 01.0  -00 40 48  +000900.9 -000226.1  04 08 15.7  248.533 18.328  64.36  39322 17.2
2010-04-25  22:00:00  10 08 00.8  -01 18 46  +000898.6 -000229.5  04 08 17.5  248.113 17.838  61.80  39376 17.1
2010-04-25  22:10:00  10 17 59.2  -01 57 16  +000896.5 -000232.4  04 08 20.8  247.694 17.335  59.23  39432 17.1
2010-04-25  22:20:00  10 27 56.2  -02 36 13  +000894.6 -000234.9  04 08 25.4  247.276 16.823  56.67  39491 17.0
2010-04-25  22:30:00  10 37 52.0  -03 15 33  +000892.8 -000236.9  04 08 31.3  246.861 16.302  54.11  39551 17.0
2010-04-25  22:40:00  10 47 46.7  -03 55 11  +000891.2 -000238.5  04 08 38.3  246.448 15.773  51.56  39613 16.9
2010-04-25  22:50:00  10 57 40.3  -04 35 02  +000889.8 -000239.6  04 08 46.3  246.039 15.237  49.01  39677 16.9
2010-04-25  23:00:00  11 07 33.0  -05 15 01  +000888.5 -000240.2  04 08 55.2  245.633 14.697  46.47  39742 16.9
2010-04-25  23:10:00  11 17 25.0  -05 55 04  +000887.5 -000240.3  04 09 04.8  245.230 14.154  43.93  39808 16.8
2010-04-25  23:20:00  11 27 16.4  -06 35 06  +000886.6 -000240.0  04 09 15.1  244.832 13.608  41.40  39876 16.8
2010-04-25  23:30:00  11 37 07.3  -07 15 03  +000886.0 -000239.3  04 09 25.9  244.438 13.062  38.87  39944 16.8
2010-04-25  23:40:00  11 46 57.8  -07 54 50  +000885.6 -000238.1  04 09 37.0  244.049 12.517  36.36  40014 16.8
2010-04-25  23:50:00  11 56 48.1  -08 34 23  +000885.4 -000236.4  04 09 48.4  243.664 11.973  33.85  40084 16.7
2010-04-26  00:00:00  12 06 38.3  -09 13 38  +000885.4 -000234.4  04 09 59.8  243.284 11.433  31.35  40154 16.7
2010-04-26  00:10:00  12 16 28.6  -09 52 29  +000885.5 -000231.9  04 10 11.1  242.910 10.898  28.85  40224 16.7
2010-04-26  00:20:00  12 26 19.1  -10 30 54  +000885.9 -000229.0  04 10 22.3  242.541 10.368  26.37  40295 16.7

   Date        UTC        RA         DECL      RARate   DeclRate    HourAng      Az     Um    Phase  Range  Mag
2010-04-26  18:10:00  06 14 41.5  +08 30 07  +000946.6 -000051.4  04 14 55.6  256.373 24.137 121.42  38843 19.0
2010-04-26  18:20:00  06 25 12.4  +08 20 37  +000946.2 -000062.5  04 14 26.3  256.158 24.103 118.85  38835 18.9
2010-04-26  18:30:00  06 35 43.0  +08 09 18  +000945.4 -000073.4  04 13 57.4  255.922 24.044 116.26  38829 18.7
2010-04-26  18:40:00  06 46 13.0  +07 56 10  +000944.5 -000084.1  04 13 29.1  255.666 23.962 113.68  38826 18.6
2010-04-26  18:50:00  06 56 42.2  +07 41 16  +000943.2 -000094.7  04 13 01.5  255.391 23.855 111.09  38827 18.5
2010-04-26  19:00:00  07 07 10.5  +07 24 38  +000941.7 -000105.0  04 12 34.8  255.098 23.724 108.50  38830 18.4
2010-04-26  19:10:00  07 17 37.8  +07 06 17  +000940.0 -000115.1  04 12 09.2  254.788 23.569 105.91  38837 18.3
2010-04-26  19:20:00  07 28 03.8  +06 46 17  +000938.1 -000124.9  04 11 44.8  254.463 23.389 103.32  38846 18.2
2010-04-26  19:30:00  07 38 28.6  +06 24 40  +000936.0 -000134.5  04 11 21.7  254.123 23.185 100.72  38859 18.1
2010-04-26  19:40:00  07 48 51.9  +06 01 29  +000933.8 -000143.7  04 11 00.1  253.771 22.956  98.13  38875 18.0
2010-04-26  19:50:00  07 59 13.6  +05 36 48  +000931.4 -000152.6  04 10 40.0  253.406 22.704  95.52  38894 17.9
2010-04-26  20:00:00  08 09 33.7  +05 10 39  +000928.9 -000161.1  04 10 21.5  253.031 22.429  92.93  38916 17.8
2010-04-26  20:10:00  08 19 52.1  +04 43 07  +000926.3 -000169.2  04 10 04.7  252.647 22.131  90.33  38941 17.8
2010-04-26  20:20:00  08 30 08.8  +04 14 16  +000923.6 -000177.0  04 09 49.7  252.254 21.811  87.74  38969 17.7
2010-04-26  20:30:00  08 40 23.6  +03 44 09  +000920.9 -000184.3  04 09 36.5  251.855 21.469  85.14  39000 17.6
2010-04-26  20:40:00  08 50 36.7  +03 12 51  +000918.2 -000191.3  04 09 25.1  251.449 21.106  82.55  39034 17.5
2010-04-26  20:50:00  09 00 47.9  +02 40 26  +000915.4 -000197.7  04 09 15.6  251.039 20.723  79.95  39071 17.5
2010-04-26  21:00:00  09 10 57.3  +02 06 57  +000912.7 -000203.8  04 09 07.8  250.624 20.321  77.37  39111 17.4
2010-04-26  21:10:00  09 21 04.8  +01 32 31  +000910.0 -000209.4  04 09 01.9  250.207 19.901  74.78  39154 17.4
2010-04-26  21:20:00  09 31 10.7  +00 57 11  +000907.4 -000214.6  04 08 57.7  249.787 19.464  72.20  39199 17.3
2010-04-26  21:30:00  09 41 14.7  +00 21 01  +000904.9 -000219.2  04 08 55.3  249.367 19.011  69.61  39247 17.3
2010-04-26  21:40:00  09 51 17.1  -00 15 53  +000902.4 -000223.5  04 08 54.5  248.945 18.543  67.04  39298 17.2
2010-04-26  21:50:00  10 01 18.0  -00 53 27  +000900.1 -000227.2  04 08 55.3  248.524 18.061  64.46  39350 17.2
2010-04-26  22:00:00  10 11 17.3  -01 31 35  +000897.9 -000230.5  04 08 57.6  248.104 17.566  61.90  39405 17.1
2010-04-26  22:10:00  10 21 15.2  -02 10 15  +000895.8 -000233.3  04 09 01.4  247.685 17.061  59.33  39462 17.1
2010-04-26  22:20:00  10 31 11.8  -02 49 20  +000893.9 -000235.6  04 09 06.4  247.268 16.546  56.77  39522 17.0
2010-04-26  22:30:00  10 41 07.2  -03 28 46  +000892.2 -000237.5  04 09 12.7  246.854 16.022  54.21  39582 17.0
2010-04-26  22:40:00  10 51 01.4  -04 08 28  +000890.7 -000238.9  04 09 20.1  246.442 15.491  51.67  39645 16.9
2010-04-26  22:50:00  11 00 54.7  -04 48 21  +000889.3 -000239.8  04 09 28.4  246.033 14.955  49.11  39709 16.9
2010-04-26  23:00:00  11 10 47.2  -05 28 22  +000888.1 -000240.2  04 09 37.6  245.629 14.414  46.58  39775 16.9
2010-04-26  23:10:00  11 20 39.0  -06 08 24  +000887.2 -000240.2  04 09 47.5  245.227 13.870  44.04  39842 16.9
2010-04-26  23:20:00  11 30 30.1  -06 48 25  +000886.4 -000239.8  04 09 57.9  244.830 13.324  41.52  39910 16.8
2010-04-26  23:30:00  11 40 20.9  -07 28 19  +000885.8 -000238.9  04 10 08.8  244.438 12.779  38.99  39978 16.8
2010-04-26  23:40:00  11 50 11.3  -08 08 01  +000885.5 -000237.5  04 10 20.0  244.050 12.234  36.48  40048 16.8
2010-04-26  23:50:00  12 00 01.6  -08 47 28  +000885.3 -000235.8  04 10 31.4  243.666 11.692  33.96  40118 16.7
2010-04-27  00:00:00  12 09 51.8  -09 26 35  +000885.4 -000233.5  04 10 42.8  243.288 11.154  31.47  40188 16.7
2010-04-27  00:10:00  12 19 42.1  -10 05 18  +000885.6 -000230.9  04 10 54.2  242.915 10.621  28.97  40259 16.7
2010-04-27  00:20:00  12 29 32.7  -10 43 32  +000886.1 -000227.9  04 11 05.2  242.547 10.094  26.49  40329 16.7

   Date        UTC        RA         DECL      RARate   DeclRate    HourAng      Az     Um    Phase  Range  Mag
2010-04-27  18:10:00  06 18 08.7  +08 27 05  +000946.5 -000055.1  04 15 25.0  256.433 24.018 121.50  38850 19.0
2010-04-27  18:20:00  06 28 39.5  +08 16 58  +000946.0 -000066.1  04 14 55.8  256.211 23.976 118.93  38842 18.9
2010-04-27  18:30:00  06 39 09.9  +08 05 03  +000945.2 -000077.0  04 14 27.1  255.968 23.910 116.34  38838 18.7
2010-04-27  18:40:00  06 49 39.7  +07 51 20  +000944.1 -000087.7  04 13 58.9  255.706 23.819 113.76  38836 18.6
2010-04-27  18:50:00  07 00 08.6  +07 35 51  +000942.8 -000098.1  04 13 31.6  255.425 23.705 111.17  38838 18.5
2010-04-27  19:00:00  07 10 36.6  +07 18 38  +000941.2 -000108.4  04 13 05.3  255.126 23.566 108.59  38842 18.4
2010-04-27  19:10:00  07 21 03.5  +06 59 43  +000939.4 -000118.4  04 12 40.0  254.811 23.402 105.99  38850 18.3
2010-04-27  19:20:00  07 31 29.2  +06 39 11  +000937.5 -000128.1  04 12 16.0  254.481 23.214 103.40  38860 18.2
2010-04-27  19:30:00  07 41 53.4  +06 17 02  +000935.3 -000137.6  04 11 53.4  254.137 23.002 100.80  38874 18.1
2010-04-27  19:40:00  07 52 16.2  +05 53 21  +000933.0 -000146.7  04 11 32.3  253.781 22.766  98.21  38891 18.0
2010-04-27  19:50:00  08 02 37.4  +05 28 10  +000930.6 -000155.4  04 11 12.7  253.413 22.507  95.61  38911 17.9
2010-04-27  20:00:00  08 12 57.0  +05 01 33  +000928.1 -000163.8  04 10 54.8  253.035 22.224  93.02  38934 17.8
2010-04-27  20:10:00  08 23 14.8  +04 33 35  +000925.4 -000171.8  04 10 38.6  252.648 21.919  90.42  38960 17.8
2010-04-27  20:20:00  08 33 30.9  +04 04 18  +000922.7 -000179.5  04 10 24.2  252.253 21.591  87.83  38990 17.7
2010-04-27  20:30:00  08 43 45.1  +03 33 47  +000920.0 -000186.7  04 10 11.6  251.851 21.243  85.23  39022 17.6
2010-04-27  20:40:00  08 53 57.5  +03 02 06  +000917.3 -000193.4  04 10 00.8  251.444 20.873  82.64  39057 17.6
2010-04-27  20:50:00  09 04 08.1  +02 29 20  +000914.5 -000199.8  04 09 51.8  251.032 20.484  80.05  39095 17.5
2010-04-27  21:00:00  09 14 16.9  +01 55 32  +000911.8 -000205.7  04 09 44.7  250.616 20.077  77.46  39136 17.4
2010-04-27  21:10:00  09 24 23.9  +01 20 47  +000909.1 -000211.1  04 09 39.4  250.198 19.651  74.87  39179 17.4
2010-04-27  21:20:00  09 34 29.1  +00 45 10  +000906.5 -000216.1  04 09 35.8  249.778 19.209  72.30  39226 17.3
2010-04-27  21:30:00  09 44 32.6  +00 08 46  +000904.0 -000220.7  04 09 33.9  249.357 18.751  69.71  39274 17.3
2010-04-27  21:40:00  09 54 34.5  -00 28 22  +000901.6 -000224.7  04 09 33.7  248.936 18.278  67.14  39326 17.2
2010-04-27  21:50:00  10 04 34.8  -01 06 07  +000899.3 -000228.3  04 09 35.0  248.515 17.792  64.56  39379 17.2
2010-04-27  22:00:00  10 14 33.6  -01 44 27  +000897.2 -000231.4  04 09 37.9  248.095 17.295  62.00  39435 17.1
2010-04-27  22:10:00  10 24 31.0  -02 23 14  +000895.2 -000234.1  04 09 42.1  247.677 16.786  59.43  39493 17.1
2010-04-27  22:20:00  10 34 27.2  -03 02 26  +000893.3 -000236.2  04 09 47.6  247.261 16.268  56.88  39553 17.0
2010-04-27  22:30:00  10 44 22.2  -03 41 58  +000891.6 -000237.9  04 09 54.2  246.847 15.743  54.32  39614 17.0
2010-04-27  22:40:00  10 54 16.1  -04 21 44  +000890.2 -000239.2  04 10 01.9  246.436 15.210  51.77  39677 17.0
2010-04-27  22:50:00  11 04 09.1  -05 01 40  +000888.9 -000239.9  04 10 10.6  246.029 14.672  49.22  39742 16.9
2010-04-27  23:00:00  11 14 01.3  -05 41 41  +000887.8 -000240.2  04 10 20.0  245.625 14.131  46.69  39808 16.9
2010-04-27  23:10:00  11 23 52.9  -06 21 43  +000886.9 -000240.1  04 10 30.1  245.225 13.586  44.15  39875 16.9
2010-04-27  23:20:00  11 33 43.8  -07 01 42  +000886.2 -000239.5  04 10 40.8  244.829 13.041  41.63  39943 16.8
2010-04-27  23:30:00  11 43 34.5  -07 41 32  +000885.7 -000238.4  04 10 51.8  244.438 12.496  39.10  40012 16.8
2010-04-27  23:40:00  11 53 24.8  -08 21 09  +000885.4 -000236.9  04 11 03.1  244.051 11.952  36.60  40082 16.8
2010-04-27  23:50:00  12 03 15.0  -09 00 29  +000885.3 -000235.0  04 11 14.5  243.669 11.412  34.08  40152 16.8
2010-04-28  00:00:00  12 13 05.3  -09 39 28  +000885.4 -000232.7  04 11 25.9  243.292 10.875  31.59  40222 16.7
2010-04-28  00:10:00  12 22 55.7  -10 18 01  +000885.8 -000229.9  04 11 37.2  242.921 10.345  29.09  40293 16.7

   Date        UTC        RA         DECL      RARate   DeclRate    HourAng      Az     Um    Phase  Range  Mag
2010-04-28  18:10:00  06 21 35.6  +08 23 51  +000946.4 -000058.8  04 15 54.7  256.491 23.896 121.58  38857 19.0
2010-04-28  18:20:00  06 32 06.3  +08 13 08  +000945.8 -000069.7  04 15 25.6  256.262 23.846 119.01  38850 18.9
2010-04-28  18:30:00  06 42 36.5  +08 00 37  +000944.9 -000080.6  04 14 57.0  256.013 23.772 116.42  38847 18.7
2010-04-28  18:40:00  06 53 06.1  +07 46 18  +000943.7 -000091.2  04 14 29.1  255.745 23.673 113.85  38846 18.6
2010-04-28  18:50:00  07 03 34.8  +07 30 14  +000942.3 -000101.6  04 14 02.1  255.458 23.551 111.25  38849 18.5
2010-04-28  19:00:00  07 14 02.4  +07 12 27  +000940.7 -000111.8  04 13 36.0  255.153 23.404 108.67  38854 18.4
2010-04-28  19:10:00  07 24 28.9  +06 52 60  +000938.8 -000121.7  04 13 11.2  254.833 23.233 106.07  38863 18.3
2010-04-28  19:20:00  07 34 54.2  +06 31 55  +000936.8 -000131.3  04 12 47.6  254.499 23.037 103.48  38875 18.2
2010-04-28  19:30:00  07 45 18.0  +06 09 15  +000934.6 -000140.6  04 12 25.4  254.151 22.817 100.88  38889 18.1
2010-04-28  19:40:00  07 55 40.2  +05 45 04  +000932.2 -000149.6  04 12 04.8  253.790 22.574  98.29  38907 18.0
2010-04-28  19:50:00  08 06 00.9  +05 19 24  +000929.8 -000158.2  04 11 45.8  253.419 22.307  95.69  38928 17.9
2010-04-28  20:00:00  08 16 19.9  +04 52 20  +000927.2 -000166.5  04 11 28.4  253.038 22.017  93.10  38953 17.8
2010-04-28  20:10:00  08 26 37.2  +04 23 55  +000924.6 -000174.4  04 11 12.8  252.648 21.704  90.50  38980 17.8
2010-04-28  20:20:00  08 36 52.6  +03 54 13  +000921.8 -000181.9  04 10 59.0  252.251 21.370  87.92  39010 17.7
2010-04-28  20:30:00  08 47 06.3  +03 23 19  +000919.1 -000188.9  04 10 47.0  251.847 21.014  85.32  39043 17.6
2010-04-28  20:40:00  08 57 18.1  +02 51 16  +000916.4 -000195.6  04 10 36.8  251.438 20.639  82.73  39080 17.6
2010-04-28  20:50:00  09 07 28.1  +02 18 08  +000913.6 -000201.8  04 10 28.4  251.025 20.244  80.14  39119 17.5
2010-04-28  21:00:00  09 17 36.3  +01 44 01  +000910.9 -000207.5  04 10 21.9  250.609 19.830  77.56  39160 17.4
2010-04-28  21:10:00  09 27 42.7  +01 08 59  +000908.3 -000212.8  04 10 17.2  250.190 19.399  74.97  39205 17.4
2010-04-28  21:20:00  09 37 47.3  +00 33 06  +000905.7 -000217.7  04 10 14.1  249.769 18.952  72.39  39252 17.3
2010-04-28  21:30:00  09 47 50.3  -00 03 33  +000903.2 -000222.0  04 10 12.8  249.348 18.489  69.81  39302 17.3
2010-04-28  21:40:00  09 57 51.6  -00 40 53  +000900.8 -000225.9  04 10 13.1  248.927 18.013  67.24  39354 17.2
2010-04-28  21:50:00  10 07 51.4  -01 18 50  +000898.6 -000229.4  04 10 15.0  248.506 17.523  64.66  39408 17.2
2010-04-28  22:00:00  10 17 49.8  -01 57 19  +000896.5 -000232.3  04 10 18.3  248.087 17.022  62.10  39465 17.1
2010-04-28  22:10:00  10 27 46.7  -02 36 15  +000894.5 -000234.8  04 10 22.9  247.669 16.511  59.53  39523 17.1
2010-04-28  22:20:00  10 37 42.5  -03 15 34  +000892.7 -000236.8  04 10 28.8  247.253 15.991  56.98  39584 17.0
2010-04-28  22:30:00  10 47 37.1  -03 55 10  +000891.1 -000238.4  04 10 35.9  246.840 15.463  54.42  39646 17.0
2010-04-28  22:40:00  10 57 30.7  -04 34 59  +000889.7 -000239.4  04 10 43.9  246.431 14.929  51.88  39709 17.0
2010-04-28  22:50:00  11 07 23.4  -05 14 57  +000888.5 -000240.0  04 10 52.8  246.024 14.390  49.33  39775 16.9
2010-04-28  23:00:00  11 17 15.4  -05 54 59  +000887.4 -000240.2  04 11 02.5  245.621 13.847  46.80  39841 16.9
2010-04-28  23:10:00  11 27 06.7  -06 34 60  +000886.6 -000239.9  04 11 12.8  245.223 13.303  44.26  39909 16.9
2010-04-28  23:20:00  11 36 57.5  -07 14 55  +000886.0 -000239.1  04 11 23.6  244.828 12.758  41.75  39977 16.8
2010-04-28  23:30:00  11 46 48.0  -07 54 41  +000885.5 -000237.9  04 11 34.8  244.438 12.214  39.22  40046 16.8
2010-04-28  23:40:00  11 56 38.3  -08 34 13  +000885.3 -000236.3  04 11 46.1  244.053 11.671  36.71  40116 16.8
2010-04-28  23:50:00  12 06 28.5  -09 13 26  +000885.3 -000234.2  04 11 57.6  243.672 11.133  34.20  40186 16.8
2010-04-29  00:00:00  12 16 18.8  -09 52 16  +000885.5 -000231.7  04 12 09.0  243.297 10.598  31.71  40257 16.7
2010-04-29  00:10:00  12 26 09.2  -10 30 39  +000885.9 -000228.8  04 12 20.2  242.927 10.070  29.21  40327 16.7

   Date        UTC        RA         DECL      RARate   DeclRate    HourAng      Az     Um    Phase  Range  Mag
2010-04-29  18:10:00  06 25 02.2  +08 20 25  +000946.3 -000062.5  04 16 24.6  256.548 23.770 121.66  38864 19.0
2010-04-29  18:20:00  06 35 32.8  +08 09 06  +000945.5 -000073.4  04 15 55.7  256.312 23.712 119.09  38859 18.9
2010-04-29  18:30:00  06 46 02.8  +07 55 59  +000944.6 -000084.1  04 15 27.3  256.057 23.630 116.50  38856 18.7
2010-04-29  18:40:00  06 56 32.1  +07 41 05  +000943.3 -000094.6  04 14 59.6  255.782 23.524 113.93  38857 18.6
2010-04-29  18:50:00  07 07 00.5  +07 24 27  +000941.8 -000105.0  04 14 32.9  255.489 23.394 111.33  38860 18.5
2010-04-29  19:00:00  07 17 27.8  +07 06 06  +000940.1 -000115.1  04 14 07.2  255.180 23.239 108.75  38867 18.4
2010-04-29  19:10:00  07 27 54.0  +06 46 06  +000938.2 -000124.9  04 13 42.7  254.855 23.060 106.15  38876 18.3
2010-04-29  19:20:00  07 38 18.7  +06 24 29  +000936.1 -000134.4  04 13 19.6  254.516 22.856 103.57  38889 18.2
2010-04-29  19:30:00  07 48 42.1  +06 01 19  +000933.9 -000143.6  04 12 57.9  254.163 22.629 100.97  38905 18.1
2010-04-29  19:40:00  07 59 03.9  +05 36 38  +000931.5 -000152.5  04 12 37.7  253.799 22.378  98.38  38924 18.0
2010-04-29  19:50:00  08 09 24.0  +05 10 30  +000929.0 -000161.0  04 12 19.2  253.425 22.103  95.78  38946 17.9
2010-04-29  20:00:00  08 19 42.5  +04 42 59  +000926.4 -000169.2  04 12 02.4  253.041 21.806  93.19  38971 17.9
2010-04-29  20:10:00  08 29 59.1  +04 14 08  +000923.7 -000176.9  04 11 47.4  252.648 21.487  90.59  39000 17.8
2010-04-29  20:20:00  08 40 14.0  +03 44 02  +000921.0 -000184.3  04 11 34.1  252.249 21.146  88.01  39031 17.7
2010-04-29  20:30:00  08 50 27.1  +03 12 44  +000918.2 -000191.2  04 11 22.7  251.843 20.784  85.41  39065 17.6
2010-04-29  20:40:00  09 00 38.3  +02 40 19  +000915.5 -000197.7  04 11 13.1  251.433 20.402  82.82  39102 17.6
2010-04-29  20:50:00  09 10 47.7  +02 06 52  +000912.7 -000203.7  04 11 05.4  251.019 20.001  80.23  39142 17.5
2010-04-29  21:00:00  09 20 55.3  +01 32 27  +000910.0 -000209.3  04 10 59.4  250.601 19.582  77.65  39185 17.4
2010-04-29  21:10:00  09 31 01.1  +00 57 07  +000907.4 -000214.5  04 10 55.2  250.182 19.146  75.06  39231 17.4
2010-04-29  21:20:00  09 41 05.2  +00 20 59  +000904.9 -000219.1  04 10 52.8  249.761 18.694  72.49  39279 17.3
2010-04-29  21:30:00  09 51 07.6  -00 15 54  +000902.4 -000223.4  04 10 52.0  249.340 18.227  69.90  39329 17.3
2010-04-29  21:40:00  10 01 08.5  -00 53 27  +000900.1 -000227.1  04 10 52.8  248.918 17.746  67.34  39382 17.2
2010-04-29  21:50:00  10 11 07.8  -01 31 35  +000897.9 -000230.4  04 10 55.2  248.498 17.253  64.76  39437 17.2
2010-04-29  22:00:00  10 21 05.7  -02 10 13  +000895.8 -000233.2  04 10 58.9  248.079 16.749  62.20  39494 17.1
2010-04-29  22:10:00  10 31 02.2  -02 49 16  +000893.9 -000235.5  04 11 04.0  247.662 16.235  59.64  39554 17.1
2010-04-29  22:20:00  10 40 57.6  -03 28 41  +000892.2 -000237.3  04 11 10.3  247.247 15.712  57.09  39615 17.0
2010-04-29  22:30:00  10 50 51.9  -04 08 22  +000890.6 -000238.7  04 11 17.7  246.835 15.182  54.53  39677 17.0
2010-04-29  22:40:00  11 00 45.1  -04 48 14  +000889.3 -000239.6  04 11 26.0  246.426 14.647  51.99  39742 17.0
2010-04-29  22:50:00  11 10 37.6  -05 28 13  +000888.1 -000240.1  04 11 35.2  246.020 14.107  49.44  39807 16.9
2010-04-29  23:00:00  11 20 29.3  -06 08 15  +000887.1 -000240.1  04 11 45.1  245.619 13.565  46.92  39874 16.9
2010-04-29  23:10:00  11 30 20.5  -06 48 14  +000886.4 -000239.6  04 11 55.6  245.221 13.020  44.38  39942 16.9
2010-04-29  23:20:00  11 40 11.2  -07 28 06  +000885.8 -000238.7  04 12 06.6  244.828 12.476  41.86  40011 16.8
2010-04-29  23:30:00  11 50 01.6  -08 07 47  +000885.4 -000237.4  04 12 17.8  244.439 11.932  39.34  40080 16.8
2010-04-29  23:40:00  11 59 51.8  -08 47 13  +000885.3 -000235.6  04 12 29.2  244.055 11.391  36.83  40150 16.8
2010-04-29  23:50:00  12 09 42.0  -09 26 18  +000885.3 -000233.4  04 12 40.6  243.676 10.854  34.32  40220 16.8
2010-04-30  00:00:00  12 19 32.3  -10 04 59  +000885.6 -000230.8  04 12 52.0  243.302 10.323  31.83  40291 16.7

   Date        UTC        RA         DECL      RARate   DeclRate    HourAng      Az     Um    Phase  Range  Mag
2010-04-30  18:10:00  06 28 28.5  +08 16 47  +000946.1 -000066.1  04 16 54.9  256.603 23.641 121.74  38872 19.0
2010-04-30  18:20:00  06 38 58.9  +08 04 51  +000945.3 -000076.9  04 16 26.1  256.361 23.575 119.17  38867 18.9
2010-04-30  18:30:00  06 49 28.8  +07 51 09  +000944.2 -000087.6  04 15 57.9  256.099 23.485 116.59  38866 18.7
2010-04-30  18:40:00  06 59 57.8  +07 35 40  +000942.9 -000098.1  04 15 30.5  255.818 23.372 114.01  38867 18.6
2010-04-30  18:50:00  07 10 25.9  +07 18 27  +000941.3 -000108.3  04 15 04.1  255.520 23.233 111.42  38872 18.5
2010-04-30  19:00:00  07 20 52.8  +06 59 34  +000939.5 -000118.4  04 14 38.7  255.205 23.071 108.84  38879 18.4
2010-04-30  19:10:00  07 31 18.5  +06 39 01  +000937.6 -000128.1  04 14 14.7  254.876 22.884 106.24  38890 18.3
2010-04-30  19:20:00  07 41 42.9  +06 16 53  +000935.4 -000137.5  04 13 52.0  254.532 22.672 103.65  38904 18.2
2010-04-30  19:30:00  07 52 05.7  +05 53 13  +000933.1 -000146.6  04 13 30.8  254.176 22.437 101.05  38921 18.1
2010-04-30  19:40:00  08 02 27.0  +05 28 03  +000930.7 -000155.4  04 13 11.1  253.808 22.179  98.47  38941 18.0
2010-04-30  19:50:00  08 12 46.6  +05 01 27  +000928.2 -000163.7  04 12 53.2  253.430 21.897  95.87  38964 17.9
2010-04-30  20:00:00  08 23 04.5  +04 33 29  +000925.5 -000171.8  04 12 36.9  253.043 21.593  93.28  38990 17.9
2010-04-30  20:10:00  08 33 20.7  +04 04 13  +000922.8 -000179.4  04 12 22.4  252.649 21.266  90.68  39020 17.8
2010-04-30  20:20:00  08 43 35.0  +03 33 43  +000920.1 -000186.6  04 12 09.8  252.247 20.919  88.10  39052 17.7
2010-04-30  20:30:00  08 53 47.4  +03 02 03  +000917.3 -000193.4  04 11 58.9  251.840 20.551  85.50  39087 17.6
2010-04-30  20:40:00  09 03 58.1  +02 29 17  +000914.6 -000199.7  04 11 49.9  251.428 20.163  82.92  39125 17.6
2010-04-30  20:50:00  09 14 06.9  +01 55 30  +000911.9 -000205.6  04 11 42.7  251.013 19.756  80.32  39166 17.5
2010-04-30  21:00:00  09 24 13.9  +01 20 47  +000909.2 -000211.0  04 11 37.4  250.594 19.332  77.75  39210 17.4
2010-04-30  21:10:00  09 34 19.2  +00 45 11  +000906.6 -000216.0  04 11 33.8  250.174 18.890  75.16  39256 17.4
2010-04-30  21:20:00  09 44 22.7  +00 08 47  +000904.1 -000220.6  04 11 31.8  249.753 18.434  72.59  39305 17.3
2010-04-30  21:30:00  09 54 24.6  -00 28 19  +000901.7 -000224.6  04 11 31.6  249.332 17.962  70.00  39357 17.3
2010-04-30  21:40:00  10 04 25.0  -01 06 03  +000899.4 -000228.2  04 11 32.9  248.911 17.478  67.44  39410 17.2
2010-04-30  21:50:00  10 14 23.8  -01 44 21  +000897.2 -000231.3  04 11 35.7  248.490 16.981  64.86  39466 17.2
2010-04-30  22:00:00  10 24 21.3  -02 23 08  +000895.2 -000233.9  04 11 39.9  248.072 16.474  62.31  39524 17.1
2010-04-30  22:10:00  10 34 17.4  -03 02 19  +000893.3 -000236.1  04 11 45.4  247.655 15.957  59.74  39584 17.1
2010-04-30  22:20:00  10 44 12.4  -03 41 49  +000891.7 -000237.8  04 11 52.0  247.241 15.433  57.20  39646 17.0
2010-04-30  22:30:00  10 54 06.4  -04 21 33  +000890.2 -000239.0  04 11 59.7  246.829 14.902  54.64  39709 17.0
2010-04-30  22:40:00  11 03 59.4  -05 01 28  +000888.9 -000239.8  04 12 08.4  246.421 14.365  52.10  39774 17.0
2010-04-30  22:50:00  11 13 51.6  -05 41 28  +000887.8 -000240.1  04 12 17.8  246.017 13.825  49.56  39840 16.9
2010-04-30  23:00:00  11 23 43.1  -06 21 29  +000886.9 -000239.9  04 12 27.9  245.616 13.282  47.03  39907 16.9
2010-04-30  23:10:00  11 33 34.1  -07 01 25  +000886.2 -000239.3  04 12 38.6  245.220 12.738  44.49  39975 16.9
2010-04-30  23:20:00  11 43 24.7  -07 41 14  +000885.7 -000238.3  04 12 49.6  244.828 12.194  41.98  40044 16.8
2010-04-30  23:30:00  11 53 15.0  -08 20 50  +000885.4 -000236.8  04 13 00.9  244.441 11.651  39.46  40114 16.8
2010-04-30  23:40:00  12 03 05.2  -09 00 09  +000885.3 -000234.9  04 13 12.3  244.058 11.112  36.95  40184 16.8
2010-04-30  23:50:00  12 12 55.4  -09 39 06  +000885.4 -000232.5  04 13 23.8  243.680 10.577  34.44  40255 16.8
2010-05-01  00:00:00  12 22 45.8  -10 17 38  +000885.7 -000229.7  04 13 35.1  243.308 10.048  31.95  40325 16.7
