ЭФЕМЕРИДЫ ПО ОБЪЕКТУ:  90191
Для пункта:  10016 Маяки   46 23'50.68"   30 16'17.74"    14m
C   2010-04-15 12:00
по  2010-05-01 12:00
Шаг  0:10:00
Мин.угол места:          10 град
Макс.угол места Солнца: -10 град
Стандартный блеск :      7.0 (зв.вел.)

ОБОЗНАЧЕНИЯ
RA        прямое восхождение, тек.эпоха
DECL      склонение, тек.эпоха
RARate    скорость по пр.восх., арксек/мин
DeclRate  скорость по склонению, арксек/мин
HourAng   часовой угол
Az        азимут
Um        угол места
Phase     фазовый угол
Range     дальность
Mag       зв.величина (оценка)

   Date        UTC        RA         DECL      RARate   DeclRate    HourAng      Az     Um    Phase  Range  Mag
2010-04-15  17:50:00  12 33 23.7  -14 46 02  +001791.9 -000208.9  20 52 48.0  132.904 15.779  15.83  21373 12.4
2010-04-15  18:00:00  12 55 16.1  -15 25 00  +002166.4 -000261.0  20 40 57.3  130.759 13.707  11.17  19667 12.2
2010-04-15  18:10:00  13 22 06.6  -16 13 52     <<SHADOW>>        20 24 08.5  127.778 10.786   7.07  17888 ----

   Date        UTC        RA         DECL      RARate   DeclRate    HourAng      Az     Um    Phase  Range  Mag
2010-04-16  17:50:00  06 05 37.2  -16 28 42  +001338.6 +000205.3  03 24 31.1  229.778 12.100 108.82  25141 14.7
2010-04-16  18:00:00  06 19 34.6  -15 56 47  +001179.9 +000178.6  03 20 35.4  229.267 13.061 105.77  26566 14.7
2010-04-16  18:10:00  06 31 58.0  -15 28 55  +001054.8 +000156.7  03 18 13.6  229.034 13.759 103.02  27909 14.7
2010-04-16  18:20:00  06 43 06.7  -15 04 21  +000954.5 +000138.5  03 17 06.6  229.028 14.249 100.53  29171 14.7
2010-04-16  18:30:00  06 53 14.9  -14 42 34  +000872.8 +000123.3  03 16 59.9  229.207 14.569  98.23  30355 14.7
2010-04-16  18:40:00  07 02 33.7  -14 23 07  +000805.5 +000110.5  03 17 42.8  229.539 14.749  96.11  31464 14.7
2010-04-16  18:50:00  07 11 11.5  -14 05 38  +000749.4 +000099.6  03 19 06.7  229.997 14.809  94.13  32499 14.7
2010-04-16  19:00:00  07 19 15.0  -13 49 50  +000702.3 +000090.2  03 21 04.8  230.559 14.769  92.27  33464 14.7
2010-04-16  19:10:00  07 26 49.6  -13 35 29  +000662.5 +000082.1  03 23 31.9  231.209 14.640  90.51  34359 14.7
2010-04-16  19:20:00  07 33 59.6  -13 22 24  +000628.6 +000075.0  03 26 23.4  231.931 14.435  88.85  35188 14.7
2010-04-16  19:30:00  07 40 48.8  -13 10 26  +000599.6 +000068.8  03 29 35.9  232.714 14.163  87.25  35951 14.7
2010-04-16  19:40:00  07 47 20.1  -12 59 27  +000574.8 +000063.2  03 33 06.3  233.546 13.830  85.73  36650 14.7
2010-04-16  19:50:00  07 53 36.1  -12 49 20  +000553.6 +000058.3  03 36 52.0  234.419 13.444  84.25  37288 14.7
2010-04-16  20:00:00  07 59 38.9  -12 39 60  +000535.4 +000053.8  03 40 50.7  235.324 13.010  82.83  37864 14.7
2010-04-16  20:10:00  08 05 30.5  -12 31 22  +000519.9 +000049.7  03 45 00.8  236.256 12.532  81.44  38379 14.7
2010-04-16  20:20:00  08 11 12.6  -12 23 24  +000506.7 +000046.0  03 49 20.3  237.209 12.016  80.09  38835 14.7
2010-04-16  20:30:00  08 16 46.7  -12 16 01  +000495.7 +000042.6  03 53 47.9  238.177 11.465  78.77  39233 14.7
2010-04-16  20:40:00  08 22 14.0  -12 09 11  +000486.5 +000039.4  03 58 22.3  239.155 10.882  77.47  39571 14.6
2010-04-16  20:50:00  08 27 35.7  -12 02 51  +000479.1 +000036.5  04 03 02.1  240.141 10.272  76.19  39852 14.6

   Date        UTC        RA         DECL      RARate   DeclRate    HourAng      Az     Um    Phase  Range  Mag
2010-04-17  17:50:00  08 48 35.0  -12 36 14  +000444.0 +000031.5  00 45 29.8  192.856 30.119  71.77  37989 14.4
2010-04-17  18:00:00  08 53 29.8  -12 31 14  +000440.6 +000028.5  00 50 36.7  194.294 29.994  70.60  38122 14.4
2010-04-17  18:10:00  08 58 22.9  -12 26 44  +000438.6 +000025.5  00 55 45.3  195.734 29.838  69.43  38196 14.4
2010-04-17  18:20:00  09 03 15.0  -12 22 43  +000437.9 +000022.6  01 00 54.8  197.171 29.652  68.27  38214 14.4
2010-04-17  18:30:00  09 08 07.1  -12 19 11  +000438.6 +000019.8  01 06 04.3  198.599 29.436  67.09  38175 14.3
2010-04-17  18:40:00  09 13 00.1  -12 16 07  +000440.6 +000017.0  01 11 13.0  200.014 29.193  65.92  38078 14.3
2010-04-17  18:50:00  09 17 54.9  -12 13 31  +000444.0 +000014.1  01 16 19.8  201.411 28.923  64.74  37924 14.3
2010-04-17  19:00:00  09 22 52.4  -12 11 25  +000448.8 +000011.2  01 21 24.0  202.784 28.628  63.55  37710 14.2
2010-04-17  19:10:00  09 27 53.6  -12 09 47  +000455.1 +000008.2  01 26 24.4  204.128 28.310  62.33  37438 14.2
2010-04-17  19:20:00  09 32 59.6  -12 08 41  +000463.0 +000005.0  01 31 20.1  205.439 27.972  61.10  37106 14.2
2010-04-17  19:30:00  09 38 11.4  -12 08 08  +000472.7 +000001.6  01 36 09.9  206.711 27.614  59.84  36713 14.1
2010-04-17  19:40:00  09 43 30.3  -12 08 10  +000484.3 -000002.0  01 40 52.7  207.939 27.241  58.56  36257 14.1
2010-04-17  19:50:00  09 48 57.6  -12 08 50  +000498.0 -000006.0  01 45 27.0  209.116 26.854  57.23  35737 14.0
2010-04-17  20:00:00  09 54 34.8  -12 10 12  +000514.2 -000010.5  01 49 51.4  210.236 26.456  55.87  35151 14.0
2010-04-17  20:10:00  10 00 23.7  -12 12 21  +000533.1 -000015.5  01 54 04.1  211.292 26.051  54.45  34497 13.9
2010-04-17  20:20:00  10 06 26.4  -12 15 24  +000555.3 -000021.1  01 58 03.1  212.275 25.643  52.98  33773 13.8
2010-04-17  20:30:00  10 12 45.0  -12 19 27  +000581.4 -000027.7  02 01 46.1  213.176 25.234  51.44  32976 13.7
2010-04-17  20:40:00  10 19 22.5  -12 24 42  +000612.0 -000035.4  02 05 10.3  213.982 24.829  49.83  32102 13.7
2010-04-17  20:50:00  10 26 22.2  -12 31 20  +000648.2 -000044.5  02 08 12.3  214.681 24.432  48.12  31149 13.6
2010-04-17  21:00:00  10 33 48.2  -12 39 38  +000691.3 -000055.5  02 10 47.9  215.254 24.050  46.32  30112 13.5
2010-04-17  21:10:00  10 41 45.7  -12 49 59  +000743.1 -000069.1  02 12 52.0  215.680 23.685  44.37  28986 13.4
2010-04-17  21:20:00  10 50 21.4  -13 02 51  +000806.2 -000086.0  02 14 17.9  215.929 23.346  42.28  27766 13.2
2010-04-17  21:30:00  10 59 43.8  -13 18 54  +000884.0 -000107.6  02 14 57.2  215.966 23.036  40.00  26446 13.1
2010-04-17  21:40:00  11 10 04.4  -13 39 04  +000981.9 -000135.8  02 14 38.2  215.738 22.762  37.49  25018 13.0
2010-04-17  21:50:00  11 21 39.1  -14 04 42  +001107.8 -000173.7  02 13 05.2  215.176 22.528  34.69  23474 12.8
2010-04-17  22:00:00  11 34 50.4  -14 37 45  +001274.7 -000226.1  02 09 55.5  214.178 22.335  31.53  21804 12.6
2010-04-17  22:10:00  11 50 12.1  -15 21 20  +001503.9 -000301.7  02 04 35.4  212.589 22.173  27.89  19997 12.4
2010-04-17  22:20:00  12 08 37.6  -16 20 25  +001834.7 -000415.5  01 56 11.6  210.170 22.013  23.67  18041 12.1
2010-04-17  22:30:00  12 31 36.9  -17 43 30     <<SHADOW>>        01 43 13.9  206.522 21.773  18.72  15928 ----
2010-04-17  22:40:00  13 01 57.1  -19 45 59     <<SHADOW>>        01 22 55.4  200.939 21.230  13.47  13654 ----
2010-04-17  22:50:00  13 45 28.1  -22 56 53     <<SHADOW>>        00 49 26.1  192.088 19.756  12.26  11249 ----
2010-04-17  23:00:00  14 56 15.6  -28 04 54     <<SHADOW>>        23 48 40.2  177.407 15.477  24.38   8848 ----

   Date        UTC        RA         DECL      RARate   DeclRate    HourAng      Az     Um    Phase  Range  Mag
2010-04-18  17:50:00  10 58 15.5  -12 41 30  +000753.2 -000057.0  22 39 45.9  157.682 28.222  41.10  30209 13.4
2010-04-18  18:00:00  11 06 57.6  -12 51 58  +000815.3 -000068.9  22 41 05.4  158.088 28.140  38.99  29096 13.3
2010-04-18  18:10:00  11 16 25.5  -13 04 37  +000890.9 -000083.4  22 41 39.2  158.301 27.973  36.68  27902 13.2
2010-04-18  18:20:00  11 26 49.4  -13 19 58  +000984.4 -000101.5  22 41 16.9  158.278 27.702  34.15  26622 13.1
2010-04-18  18:30:00  11 38 23.2  -13 38 43  +001101.7 -000124.3  22 39 44.8  157.965 27.302  31.35  25252 12.9
2010-04-18  18:40:00  11 51 25.6  -14 01 47  +001252.1 -000153.8  22 36 44.1  157.292 26.734  28.21  23789 12.8
2010-04-18  18:50:00  12 06 22.8  -14 30 29  +001449.5 -000192.4  22 31 48.4  156.163 25.940  24.63  22228 12.6
2010-04-18  19:00:00  12 23 53.3  -15 06 38  +001716.2 -000244.1  22 24 19.7  154.452 24.826  20.52  20568 12.4
2010-04-18  19:10:00  12 44 54.4  -15 52 54  +002089.7 -000314.7  22 13 20.2  151.980 23.242  15.74  18809 12.2
2010-04-18  19:20:00  13 10 57.0  -16 53 01     <<SHADOW>>        21 57 19.2  148.493 20.935  10.44  16959 ----
2010-04-18  19:30:00  13 44 30.8  -18 12 03     <<SHADOW>>        21 33 47.0  143.621 17.463   7.22  15040 ----
2010-04-18  19:40:00  14 29 52.9  -19 55 21     <<SHADOW>>        20 58 26.6  136.816 12.040  13.72  13112 ----

   Date        UTC        RA         DECL      RARate   DeclRate    HourAng      Az     Um    Phase  Range  Mag
2010-04-20  18:00:00  08 12 51.0  -13 06 39  +000515.9 +000059.8  01 43 05.2  208.145 26.143  82.81  36324 14.6
2010-04-20  18:10:00  08 18 29.7  -12 57 06  +000500.5 +000055.0  01 47 28.1  209.323 25.929  81.48  36838 14.6
2010-04-20  18:20:00  08 23 58.9  -12 48 18  +000487.5 +000050.7  01 52 00.6  210.530 25.676  80.20  37293 14.6
2010-04-20  18:30:00  08 29 20.1  -12 40 11  +000476.6 +000046.7  01 56 41.0  211.760 25.385  78.94  37688 14.6
2010-04-20  18:40:00  08 34 34.7  -12 32 43  +000467.5 +000043.0  02 01 28.0  213.007 25.058  77.71  38024 14.6
2010-04-20  18:50:00  08 39 43.9  -12 25 50  +000460.2 +000039.6  02 06 20.5  214.263 24.698  76.49  38302 14.6
2010-04-20  19:00:00  08 44 48.7  -12 19 30  +000454.4 +000036.4  02 11 17.4  215.525 24.307  75.29  38523 14.5
2010-04-20  19:10:00  08 49 50.1  -12 13 41  +000450.2 +000033.4  02 16 17.5  216.786 23.886  74.09  38686 14.5
2010-04-20  19:20:00  08 54 49.2  -12 08 22  +000447.3 +000030.5  02 21 20.1  218.043 23.438  72.91  38792 14.5
2010-04-20  19:30:00  08 59 46.9  -12 03 31  +000445.9 +000027.7  02 26 24.1  219.291 22.965  71.73  38840 14.5
2010-04-20  19:40:00  09 04 44.0  -11 59 08  +000445.8 +000024.9  02 31 28.6  220.527 22.468  70.55  38831 14.4
2010-04-20  19:50:00  09 09 41.5  -11 55 13  +000447.0 +000022.1  02 36 32.7  221.746 21.951  69.36  38765 14.4
2010-04-20  20:00:00  09 14 40.3  -11 51 46  +000449.5 +000019.4  02 41 35.6  222.945 21.416  68.17  38640 14.4
2010-04-20  20:10:00  09 19 41.2  -11 48 46  +000453.5 +000016.6  02 46 36.3  224.121 20.864  66.97  38456 14.4
2010-04-20  20:20:00  09 24 45.2  -11 46 14  +000458.9 +000013.7  02 51 34.0  225.269 20.299  65.75  38212 14.3
2010-04-20  20:30:00  09 29 53.3  -11 44 11  +000465.8 +000010.7  02 56 27.5  226.387 19.724  64.51  37908 14.3
2010-04-20  20:40:00  09 35 06.6  -11 42 40  +000474.4 +000007.5  03 01 15.8  227.471 19.140  63.26  37541 14.2
2010-04-20  20:50:00  09 40 26.2  -11 41 41  +000484.7 +000004.1  03 05 57.9  228.516 18.552  61.97  37111 14.2
2010-04-20  21:00:00  09 45 53.3  -11 41 18  +000497.1 +000000.4  03 10 32.4  229.519 17.962  60.66  36616 14.1
2010-04-20  21:10:00  09 51 29.4  -11 41 34  +000511.6 -000003.7  03 14 57.9  230.474 17.374  59.30  36054 14.1
2010-04-20  21:20:00  09 57 16.1  -11 42 33  +000528.7 -000008.2  03 19 12.9  231.376 16.791  57.90  35423 14.0
2010-04-20  21:30:00  10 03 15.0  -11 44 21  +000548.8 -000013.4  03 23 15.6  232.218 16.218  56.44  34720 13.9
2010-04-20  21:40:00  10 09 28.5  -11 47 04  +000572.2 -000019.3  03 27 03.8  232.994 15.660  54.94  33943 13.9
2010-04-20  21:50:00  10 15 58.8  -11 50 51  +000599.7 -000026.3  03 30 35.1  233.695 15.121  53.35  33088 13.8
2010-04-20  22:00:00  10 22 49.1  -11 55 54  +000632.0 -000034.5  03 33 46.5  234.308 14.606  51.68  32151 13.7
2010-04-20  22:10:00  10 30 02.8  -12 02 27  +000670.4 -000044.4  03 36 34.4  234.822 14.124  49.91  31128 13.6
2010-04-20  22:20:00  10 37 44.6  -12 10 50  +000716.2 -000056.6  03 38 54.3  235.218 13.681  48.04  30014 13.5
2010-04-20  22:30:00  10 45 59.8  -12 21 28  +000771.5 -000071.7  03 40 40.7  235.474 13.285  46.02  28804 13.4
2010-04-20  22:40:00  10 54 55.9  -12 34 58  +000839.2 -000091.1  03 41 46.2  235.563 12.947  43.84  27489 13.2
2010-04-20  22:50:00  11 04 42.4  -12 52 09  +000923.5 -000116.3  03 42 01.4  235.443 12.678  41.44  26063 13.1
2010-04-20  23:00:00  11 15 32.1  -13 14 13  +001030.5 -000150.3  03 41 13.3  235.061 12.492  38.80  24515 12.9
2010-04-20  23:10:00  11 27 43.4  -13 42 59  +001170.2 -000197.5  03 39 03.7  234.338 12.405  35.82  22834 12.7
2010-04-20  23:20:00  11 41 43.0  -14 21 12  +001358.8 -000265.7  03 35 05.8  233.157 12.435  32.44  21007 12.5
2010-04-20  23:30:00  11 58 12.0  -15 13 29  +001625.3 -000369.4  03 28 38.4  231.334 12.595  28.49  19017 12.3
2010-04-20  23:40:00  12 18 18.9  -16 27 50     <<SHADOW>>        03 18 33.1  228.557 12.890  23.81  16847 ----
2010-04-20  23:50:00  12 44 08.2  -18 19 26     <<SHADOW>>        03 02 45.5  224.262 13.277  18.23  14479 ----
2010-04-21  00:00:00  13 19 57.7  -21 19 43     <<SHADOW>>        02 36 57.6  217.308 13.543  12.68  11908 ----
2010-04-21  00:10:00  14 16 36.9  -26 39 36     <<SHADOW>>        01 50 20.0  205.109 12.789  15.78   9189 ----

   Date        UTC        RA         DECL      RARate   DeclRate    HourAng      Az     Um    Phase  Range  Mag
2010-04-21  18:00:00  10 11 12.9  -12 04 41  +000521.4 -000011.2  23 48 39.8  176.750 31.469  55.22  35006 13.9
2010-04-21  18:10:00  10 17 07.1  -12 06 57  +000541.8 -000016.1  23 52 47.3  177.933 31.464  53.78  34349 13.9
2010-04-21  18:20:00  10 23 16.1  -12 10 04  +000565.7 -000021.5  23 56 39.9  179.045 31.430  52.29  33624 13.8
2010-04-21  18:30:00  10 29 42.3  -12 14 10  +000593.7 -000027.8  00 00 15.4  180.073 31.366  50.72  32830 13.7
2010-04-21  18:40:00  10 36 28.7  -12 19 23  +000626.7 -000035.1  00 03 30.6  181.003 31.274  49.08  31965 13.6
2010-04-21  18:50:00  10 43 39.2  -12 25 56  +000665.7 -000043.7  00 06 21.8  181.815 31.153  47.32  31024 13.6
2010-04-21  19:00:00  10 51 18.0  -12 34 03  +000712.3 -000054.0  00 08 44.6  182.489 31.002  45.46  30005 13.5
2010-04-21  19:10:00  10 59 30.9  -12 44 03  +000768.3 -000066.5  00 10 33.3  182.997 30.821  43.45  28905 13.3
2010-04-21  19:20:00  11 08 25.0  -12 56 22  +000836.5 -000081.9  00 11 40.8  183.307 30.605  41.29  27718 13.2
2010-04-21  19:30:00  11 18 09.6  -13 11 35  +000920.6 -000101.3  00 11 57.9  183.375 30.349  38.90  26441 13.1
2010-04-21  19:40:00  11 28 57.1  -13 30 27  +001026.2 -000126.2  00 11 12.0  183.146 30.042  36.28  25067 13.0
2010-04-21  19:50:00  11 41 04.4  -13 54 05  +001161.7 -000158.8  00 09 06.4  182.543 29.666  33.33  23591 12.8
2010-04-21  20:00:00  11 54 55.4  -14 24 01  +001340.1 -000202.7  00 05 17.1  181.466 29.191  29.98  22007 12.6
2010-04-21  20:10:00  12 11 05.1  -15 02 34  +001582.5 -000263.2  23 59 09.0  179.766 28.560  26.10  20308 12.4
2010-04-21  20:20:00  12 30 27.2  -15 53 11  +001925.6 -000349.5  23 49 48.5  177.233 27.674  21.54  18492 12.2
2010-04-21  20:30:00  12 54 28.9  -17 01 18  +002436.3 -000476.2  23 35 48.5  173.545 26.346  16.12  16557 11.9
2010-04-21  20:40:00  13 25 40.3  -18 35 24     <<SHADOW>>        23 14 38.7  168.210 24.208  10.16  14515 ----
2010-04-21  20:50:00  14 08 40.9  -20 48 14     <<SHADOW>>        22 41 39.8  160.457 20.500   9.13  12410 ----
2010-04-21  21:00:00  15 12 36.1  -23 51 58     <<SHADOW>>        21 47 46.2  149.117 13.627  21.28  10369 ----

   Date        UTC        RA         DECL      RARate   DeclRate    HourAng      Az     Um    Phase  Range  Mag
2010-04-23  18:00:00  07 20 51.8  -14 23 16  +000766.2 +000115.5  02 46 54.0  222.854 18.581  97.26  31601 14.7
2010-04-23  18:10:00  07 29 05.2  -14 04 59  +000715.3 +000104.3  02 48 42.3  223.414 18.634  95.41  32596 14.7
2010-04-23  18:20:00  07 36 47.4  -13 48 24  +000672.4 +000094.8  02 51 01.7  224.075 18.598  93.68  33520 14.7
2010-04-23  18:30:00  07 44 03.3  -13 33 19  +000636.1 +000086.5  02 53 47.5  224.821 18.482  92.02  34376 14.7
2010-04-23  18:40:00  07 50 56.7  -13 19 31  +000605.1 +000079.2  02 56 55.7  225.638 18.297  90.46  35166 14.7
2010-04-23  18:50:00  07 57 31.1  -13 06 51  +000578.7 +000072.8  03 00 22.9  226.512 18.050  88.95  35891 14.7
2010-04-23  19:00:00  08 03 49.2  -12 55 12  +000556.0 +000067.1  03 04 06.5  227.434 17.746  87.50  36553 14.7
2010-04-23  19:10:00  08 09 53.2  -12 44 27  +000536.6 +000062.1  03 08 04.1  228.394 17.392  86.10  37152 14.7
2010-04-23  19:20:00  08 15 45.3  -12 34 29  +000520.1 +000057.5  03 12 13.6  229.385 16.992  84.74  37691 14.7
2010-04-23  19:30:00  08 21 27.2  -12 25 16  +000506.0 +000053.3  03 16 33.4  230.401 16.551  83.41  38170 14.7
2010-04-23  19:40:00  08 27 00.5  -12 16 42  +000494.1 +000049.5  03 21 01.8  231.434 16.072  82.12  38589 14.7
2010-04-23  19:50:00  08 32 26.5  -12 08 45  +000484.2 +000045.9  03 25 37.4  232.481 15.558  80.85  38950 14.7
2010-04-23  20:00:00  08 37 46.5  -12 01 23  +000476.1 +000042.7  03 30 19.1  233.536 15.013  79.60  39254 14.7
2010-04-23  20:10:00  08 43 01.6  -11 54 32  +000469.6 +000039.6  03 35 05.6  234.595 14.440  78.36  39499 14.7
2010-04-23  20:20:00  08 48 12.9  -11 48 10  +000464.6 +000036.7  03 39 55.9  235.654 13.842  77.14  39687 14.6
2010-04-23  20:30:00  08 53 21.4  -11 42 18  +000461.2 +000033.9  03 44 49.0  236.710 13.222  75.92  39817 14.6
2010-04-23  20:40:00  08 58 28.1  -11 36 53  +000459.1 +000031.2  03 49 44.0  237.760 12.582  74.72  39890 14.6
2010-04-23  20:50:00  09 03 33.8  -11 31 54  +000458.3 +000028.6  03 54 39.9  238.801 11.925  73.51  39905 14.6
2010-04-23  21:00:00  09 08 39.5  -11 27 21  +000459.0 +000026.0  03 59 35.9  239.830 11.254  72.30  39861 14.5
2010-04-23  21:10:00  09 13 46.1  -11 23 15  +000460.9 +000023.4  04 04 31.0  240.844 10.571  71.08  39759 14.5

   Date        UTC        RA         DECL      RARate   DeclRate    HourAng      Az     Um    Phase  Range  Mag
2010-04-24  18:00:00  09 29 46.2  -11 58 27  +000441.2 +000018.8  00 41 56.2  191.969 30.874  67.88  37849 14.3
2010-04-24  18:10:00  09 34 41.7  -11 55 34  +000445.6 +000015.9  00 47 02.3  193.413 30.728  66.69  37653 14.3
2010-04-24  18:20:00  09 39 40.6  -11 53 10  +000451.4 +000012.9  00 52 05.0  194.835 30.555  65.51  37399 14.3
2010-04-24  18:30:00  09 44 44.0  -11 51 17  +000458.9 +000009.7  00 57 03.3  196.227 30.356  64.29  37086 14.2
2010-04-24  18:40:00  09 49 52.8  -11 49 56  +000468.0 +000006.4  01 01 56.1  197.585 30.134  63.06  36712 14.2
2010-04-24  18:50:00  09 55 08.4  -11 49 09  +000479.1 +000002.9  01 06 42.2  198.903 29.889  61.79  36277 14.1
2010-04-24  19:00:00  10 00 32.1  -11 48 58  +000492.2 -000000.9  01 11 20.2  200.173 29.625  60.50  35779 14.1
2010-04-24  19:10:00  10 06 05.2  -11 49 28  +000507.6 -000005.1  01 15 48.7  201.388 29.343  59.15  35217 14.0
2010-04-24  19:20:00  10 11 49.5  -11 50 43  +000525.8 -000009.8  01 20 06.0  202.542 29.046  57.77  34588 14.0
2010-04-24  19:30:00  10 17 46.9  -11 52 47  +000547.1 -000015.1  01 24 10.3  203.624 28.738  56.32  33891 13.9
2010-04-24  19:40:00  10 23 59.7  -11 55 48  +000572.0 -000021.2  01 27 59.1  204.625 28.421  54.82  33123 13.8
2010-04-24  19:50:00  10 30 30.5  -11 59 55  +000601.3 -000028.3  01 31 30.0  205.533 28.099  53.24  32280 13.7
2010-04-24  20:00:00  10 37 22.6  -12 05 19  +000635.9 -000036.7  01 34 39.5  206.333 27.775  51.57  31361 13.6
2010-04-24  20:10:00  10 44 39.8  -12 12 15  +000677.0 -000046.7  01 37 24.0  207.009 27.453  49.79  30361 13.5
2010-04-24  20:20:00  10 52 26.9  -12 21 01  +000726.2 -000058.9  01 39 38.4  207.539 27.138  47.90  29276 13.4
2010-04-24  20:30:00  11 00 50.3  -12 32 03  +000785.8 -000074.0  01 41 16.8  207.895 26.833  45.84  28101 13.3
2010-04-24  20:40:00  11 09 57.7  -12 45 55  +000859.1 -000093.2  01 42 11.0  208.042 26.542  43.62  26830 13.2
2010-04-24  20:50:00  11 19 59.6  -13 03 25  +000950.5 -000117.8  01 42 10.7  207.933 26.267  41.15  25458 13.0
2010-04-24  21:00:00  11 31 10.5  -13 25 38  +001067.1 -000150.5  01 41 01.5  207.501 26.010  38.42  23976 12.9
2010-04-24  21:10:00  11 43 50.3  -13 54 13  +001219.8 -000195.0  01 38 23.3  206.657 25.766  35.32  22375 12.7
2010-04-24  21:20:00  11 58 28.5  -14 31 37  +001426.1 -000257.6  01 33 46.8  205.264 25.521  31.77  20648 12.5
2010-04-24  21:30:00  12 15 50.1  -15 21 41  +001717.2 -000349.4  01 26 26.7  203.119 25.242  27.57  18785 12.2
2010-04-24  21:40:00  12 37 08.9  -16 30 45  +002151.0 -000490.1  01 15 09.6  199.896 24.844  22.54  16776 12.0
2010-04-24  21:50:00  13 04 34.7  -18 09 47     <<SHADOW>>        00 57 45.5  195.048 24.133  16.40  14620 ----
2010-04-24  22:00:00  13 42 20.0  -20 38 26     <<SHADOW>>        00 30 01.8  187.611 22.618   9.96  12334 ----
2010-04-24  22:10:00  14 39 37.7  -24 30 01     <<SHADOW>>        23 42 45.8  175.853 18.995  13.49  10002 ----

   Date        UTC        RA         DECL      RARate   DeclRate    HourAng      Az     Um    Phase  Range  Mag
2010-04-25  18:00:00  12 14 28.3  -13 31 29  +001366.5 -000157.5  22 01 10.7  148.059 24.397  28.69  23226 12.7
2010-04-25  18:10:00  12 30 52.4  -14 01 00  +001597.4 -000198.6  21 54 48.2  146.701 23.350  24.69  21628 12.5
2010-04-25  18:20:00  12 50 16.6  -14 38 28  +001912.9 -000253.7  21 45 25.6  144.719 21.867  20.00  19937 12.3
2010-04-25  18:30:00  13 13 51.5  -15 26 39  +002359.6 -000328.3  21 31 52.4  141.919 19.745  14.37  18157 12.1
2010-04-25  18:40:00  13 43 28.9  -16 29 20  +003018.4 -000428.6  21 12 16.6  138.028 16.645   7.71  16303 11.8
2010-04-25  18:50:00  14 22 13.2  -17 51 03     <<SHADOW>>        20 43 34.0  132.641 11.991   5.07  14416 ----

   Date        UTC        RA         DECL      RARate   DeclRate    HourAng      Az     Um    Phase  Range  Mag
2010-04-27  18:10:00  08 56 15.9  -12 12 21  +000452.8 +000041.8  01 37 17.8  206.981 27.460  78.46  38128 14.6
2010-04-27  18:20:00  09 01 16.2  -12 05 40  +000448.1 +000038.5  01 42 19.2  208.328 27.163  77.29  38310 14.6
2010-04-27  18:30:00  09 06 13.7  -11 59 30  +000444.8 +000035.5  01 47 23.3  209.674 26.836  76.13  38434 14.6
2010-04-27  18:40:00  09 11 09.5  -11 53 50  +000442.9 +000032.5  01 52 29.1  211.016 26.480  74.98  38501 14.5
2010-04-27  18:50:00  09 16 04.5  -11 48 40  +000442.3 +000029.6  01 57 35.8  212.347 26.097  73.82  38511 14.5
2010-04-27  19:00:00  09 20 59.5  -11 43 58  +000443.1 +000026.8  02 02 42.4  213.664 25.690  72.66  38463 14.5
2010-04-27  19:10:00  09 25 55.6  -11 39 45  +000445.2 +000023.9  02 07 48.0  214.963 25.259  71.49  38358 14.4
2010-04-27  19:20:00  09 30 53.4  -11 36 00  +000448.7 +000021.1  02 12 51.8  216.239 24.808  70.32  38194 14.4
2010-04-27  19:30:00  09 35 54.1  -11 32 44  +000453.6 +000018.2  02 17 52.8  217.489 24.339  69.13  37971 14.4
2010-04-27  19:40:00  09 40 58.5  -11 29 57  +000460.0 +000015.2  02 22 50.0  218.708 23.853  67.92  37688 14.3
2010-04-27  19:50:00  09 46 07.7  -11 27 41  +000468.0 +000012.0  02 27 42.4  219.893 23.355  66.69  37344 14.3
2010-04-27  20:00:00  09 51 22.9  -11 25 58  +000477.8 +000008.6  02 32 28.9  221.039 22.846  65.44  36938 14.2
2010-04-27  20:10:00  09 56 45.2  -11 24 49  +000489.5 +000005.0  02 37 08.2  222.141 22.330  64.15  36468 14.2
2010-04-27  20:20:00  10 02 16.0  -11 24 19  +000503.3 +000001.1  02 41 39.0  223.195 21.810  62.83  35933 14.1
2010-04-27  20:30:00  10 07 56.8  -11 24 30  +000519.6 -000003.3  02 45 59.9  224.194 21.290  61.46  35329 14.1
2010-04-27  20:40:00  10 13 49.4  -11 25 28  +000538.7 -000008.3  02 50 08.9  225.133 20.773  60.05  34656 14.0
2010-04-27  20:50:00  10 19 55.8  -11 27 18  +000561.0 -000014.0  02 54 04.2  226.003 20.263  58.57  33911 13.9
2010-04-27  21:00:00  10 26 18.3  -11 30 10  +000587.2 -000020.5  02 57 43.3  226.797 19.766  57.04  33090 13.8
2010-04-27  21:10:00  10 32 59.8  -11 34 12  +000618.1 -000028.2  03 01 03.5  227.503 19.287  55.41  32190 13.8
2010-04-27  21:20:00  10 40 03.6  -11 39 39  +000654.5 -000037.5  03 04 01.3  228.108 18.831  53.70  31207 13.7
2010-04-27  21:30:00  10 47 34.0  -11 46 48  +000698.0 -000048.7  03 06 32.6  228.595 18.405  51.86  30137 13.6
2010-04-27  21:40:00  10 55 36.1  -11 56 02  +000750.2 -000062.6  03 08 32.1  228.944 18.016  49.91  28973 13.4
2010-04-27  21:50:00  11 04 16.7  -12 07 52  +000813.9 -000080.1  03 09 53.1  229.128 17.673  47.78  27711 13.3
2010-04-27  22:00:00  11 13 44.6  -12 23 02  +000892.7 -000102.8  03 10 26.9  229.108 17.386  45.47  26342 13.2
2010-04-27  22:10:00  11 24 11.5  -12 42 33  +000992.2 -000132.9  03 10 01.6  228.836 17.166  42.90  24858 13.0
2010-04-27  22:20:00  11 35 53.8  -13 07 57  +001120.7 -000174.1  03 08 21.0  228.238 17.024  40.03  23250 12.8
2010-04-27  22:30:00  11 49 15.1  -13 41 31  +001292.2 -000232.4  03 05 01.3  227.211 16.972  36.74  21505 12.6
2010-04-27  22:40:00  12 04 51.1  -14 26 58  +001530.2 -000318.9  02 59 26.9  225.592 17.018  32.92  19610 12.4
2010-04-27  22:50:00  12 23 39.3  -15 30 29  +001878.9 -000454.0  02 50 40.4  223.118 17.158  28.34  17550 12.1
2010-04-27  23:00:00  12 47 19.7  -17 03 16     <<SHADOW>>        02 37 01.6  219.331 17.347  22.72  15310 ----
2010-04-27  23:10:00  13 19 07.3  -19 27 11     <<SHADOW>>        02 15 15.7  213.362 17.405  15.74  12883 ----
2010-04-27  23:20:00  14 06 23.7  -23 28 11     <<SHADOW>>        01 38 01.0  203.402 16.692  10.03  10301 ----
2010-04-27  23:30:00  15 29 36.0  -30 35 28     <<SHADOW>>        00 24 50.3  185.479 12.807  22.87   7751 ----

   Date        UTC        RA         DECL      RARate   DeclRate    HourAng      Az     Um    Phase  Range  Mag
2010-04-28  18:10:00  11 02 40.1  -11 59 43  +000701.0 -000044.2  23 34 50.2  172.791 31.334  48.95  30505 13.5
2010-04-28  18:20:00  11 10 44.5  -12 07 58  +000753.9 -000055.2  23 36 47.4  173.362 31.238  46.99  29441 13.4
2010-04-28  18:30:00  11 19 27.8  -12 18 15  +000818.0 -000068.7  23 38 05.8  173.749 31.092  44.86  28295 13.3
2010-04-28  18:40:00  11 28 58.3  -12 31 03  +000896.6 -000085.4  23 38 36.8  173.915 30.889  42.54  27062 13.2
2010-04-28  18:50:00  11 39 27.4  -12 46 58  +000994.4 -000106.6  23 38 09.4  173.809 30.616  39.97  25739 13.1
2010-04-28  19:00:00  11 51 10.0  -13 06 54  +001118.5 -000133.9  23 36 28.5  173.366 30.253  37.11  24319 12.9
2010-04-28  19:10:00  12 04 26.8  -13 32 05  +001279.6 -000170.1  23 33 13.3  172.498 29.766  33.85  22797 12.7
2010-04-28  19:20:00  12 19 47.8  -14 04 18  +001494.7 -000219.0  23 27 53.9  171.084 29.100  30.11  21170 12.5
2010-04-28  19:30:00  12 37 57.5  -14 46 09  +001791.8 -000287.1  23 19 45.9  168.955 28.165  25.68  19432 12.3
2010-04-28  19:40:00  13 00 05.5  -15 41 37  +002220.4 -000384.4  23 07 39.5  165.866 26.797  20.34  17583 12.0
2010-04-28  19:50:00  13 28 06.5  -16 56 43  +002871.6 -000525.9  22 49 40.2  161.455 24.698  13.74  15633 11.8
2010-04-28  20:00:00  14 05 21.2  -18 40 24     <<SHADOW>>        22 22 27.1  155.176 21.297   6.28  13611 ----
2010-04-28  20:10:00  14 58 00.2  -21 03 05     <<SHADOW>>        21 39 49.7  146.219 15.476  10.49  11599 ----

   Date        UTC        RA         DECL      RARate   DeclRate    HourAng      Az     Um    Phase  Range  Mag
2010-04-30  18:10:00  08 14 14.3  -12 57 40  +000559.6 +000075.8  02 31 09.1  219.970 21.637  90.76  35843 14.8
2010-04-30  18:20:00  08 20 20.3  -12 45 32  +000539.0 +000070.0  02 35 04.7  220.984 21.377  89.39  36465 14.8
2010-04-30  18:30:00  08 26 13.6  -12 34 18  +000521.4 +000064.8  02 39 13.0  222.035 21.069  88.05  37026 14.8
2010-04-30  18:40:00  08 31 56.1  -12 23 53  +000506.4 +000060.2  02 43 32.2  223.115 20.718  86.76  37527 14.8
2010-04-30  18:50:00  08 37 29.4  -12 14 13  +000493.7 +000055.9  02 48 00.6  224.217 20.326  85.48  37968 14.8
2010-04-30  19:00:00  08 42 54.8  -12 05 13  +000483.0 +000052.0  02 52 36.7  225.336 19.897  84.25  38350 14.8
2010-04-30  19:10:00  08 48 13.8  -11 56 52  +000474.2 +000048.4  02 57 19.4  226.466 19.434  83.02  38673 14.7
2010-04-30  19:20:00  08 53 27.5  -11 49 04  +000467.1 +000045.0  03 02 07.3  227.602 18.940  81.82  38939 14.7
2010-04-30  19:30:00  08 58 37.0  -11 41 50  +000461.6 +000041.9  03 06 59.5  228.740 18.417  80.62  39148 14.7
2010-04-30  19:40:00  09 03 43.4  -11 35 06  +000457.6 +000038.9  03 11 54.8  229.875 17.868  79.44  39299 14.7
2010-04-30  19:50:00  09 08 47.5  -11 28 52  +000455.0 +000036.0  03 16 52.3  231.004 17.297  78.25  39393 14.7
2010-04-30  20:00:00  09 13 50.3  -11 23 06  +000453.7 +000033.2  03 21 51.1  232.125 16.704  77.08  39429 14.6
2010-04-30  20:10:00  09 18 52.8  -11 17 48  +000453.8 +000030.5  03 26 50.3  233.232 16.094  75.90  39407 14.6
2010-04-30  20:20:00  09 23 55.7  -11 12 57  +000455.3 +000027.8  03 31 49.0  234.325 15.468  74.72  39327 14.6
2010-04-30  20:30:00  09 29 00.1  -11 08 33  +000458.1 +000025.1  03 36 46.3  235.398 14.829  73.52  39188 14.5
2010-04-30  20:40:00  09 34 06.8  -11 04 36  +000462.3 +000022.3  03 41 41.2  236.451 14.181  72.32  38989 14.5
2010-04-30  20:50:00  09 39 16.8  -11 01 07  +000467.9 +000019.5  03 46 32.9  237.479 13.525  71.10  38730 14.5
2010-04-30  21:00:00  09 44 31.0  -10 58 07  +000475.1 +000016.5  03 51 20.3  238.479 12.865  69.86  38408 14.4
2010-04-30  21:10:00  09 49 50.6  -10 55 37  +000484.0 +000013.4  03 56 02.3  239.449 12.204  68.59  38024 14.4
2010-04-30  21:20:00  09 55 16.7  -10 53 40  +000494.7 +000010.1  04 00 37.8  240.384 11.545  67.30  37575 14.3
2010-04-30  21:30:00  10 00 50.6  -10 52 17  +000507.4 +000006.4  04 05 05.6  241.280 10.891  65.97  37059 14.3
2010-04-30  21:40:00  10 06 33.8  -10 51 32  +000522.4 +000002.4  04 09 24.1  242.134 10.247  64.61  36475 14.2
