ЭФЕМЕРИДЫ ПО ОБЪЕКТУ:  90200
Для пункта:  10016 Маяки   46 23'50.68"   30 16'17.74"    14m
C   2010-04-15 12:00
по  2010-05-01 12:00
Шаг  0:10:00
Мин.угол места:          10 град
Макс.угол места Солнца: -10 град
Стандартный блеск :      8.5 (зв.вел.)

ОБОЗНАЧЕНИЯ
RA        прямое восхождение, тек.эпоха
DECL      склонение, тек.эпоха
RARate    скорость по пр.восх., арксек/мин
DeclRate  скорость по склонению, арксек/мин
HourAng   часовой угол
Az        азимут
Um        угол места
Phase     фазовый угол
Range     дальность
Mag       зв.величина (оценка)

   Date        UTC        RA         DECL      RARate   DeclRate    HourAng      Az     Um    Phase  Range  Mag
2010-04-16  19:40:00  07 35 10.7  -14 27 13  +002964.8 +000286.5  03 45 15.6  235.151 10.932  88.38  20200 15.0
2010-04-16  19:50:00  08 06 43.0  -13 38 20  +002712.6 +000297.9  03 23 45.0  231.228 14.572  80.97  20905 14.9
2010-04-16  20:00:00  08 35 30.2  -12 48 38  +002471.4 +000296.7  03 04 59.4  227.686 17.727  74.15  21708 14.8
2010-04-16  20:10:00  09 01 42.6  -11 59 54  +002248.6 +000287.0  02 48 48.7  224.525 20.437  67.90  22585 14.7
2010-04-16  20:20:00  09 25 33.4  -11 13 15  +002047.3 +000272.2  02 34 59.5  221.737 22.748  62.18  23514 14.7
2010-04-16  20:30:00  09 47 17.4  -10 29 20  +001867.9 +000254.6  02 23 17.2  219.308 24.710  56.95  24481 14.7
2010-04-16  20:40:00  10 07 10.2  -09 48 28  +001709.8 +000236.1  02 13 26.1  217.215 26.376  52.15  25471 14.7
2010-04-16  20:50:00  10 25 22.6  -09 10 40  +001570.3 +000217.7  02 05 15.2  215.446 27.785  47.75  26473 14.7
2010-04-16  21:00:00  10 42 07.8  -08 35 52  +001447.8 +000200.0  01 58 31.7  213.975 28.977  43.70  27478 14.7
2010-04-16  21:10:00  10 57 36.5  -08 03 55  +001340.2 +000183.5  01 53 04.7  212.779 29.986  39.95  28478 14.8
2010-04-16  21:20:00  11 11 57.7  -07 34 38  +001245.4 +000168.2  01 48 45.1  211.837 30.838  36.49  29470 14.8
2010-04-16  21:30:00  11 25 19.6  -07 07 47  +001161.9 +000154.2  01 45 24.8  211.125 31.555  33.27  30448 14.8
2010-04-16  21:40:00  11 37 49.1  -06 43 10  +001088.0 +000141.4  01 42 57.0  210.625 32.157  30.27  31410 14.9
2010-04-16  21:50:00  11 49 32.8  -06 20 36  +001022.7 +000129.8  01 41 14.9  210.313 32.658  27.46  32355 14.9
2010-04-16  22:00:00  12 00 34.8  -05 59 51  +000964.4 +000119.3  01 40 14.5  210.178 33.069  24.85  33278 15.0
2010-04-16  22:10:00  12 11 00.1  -05 40 47  +000912.3 +000109.7  01 39 50.9  210.201 33.401  22.39  34178 15.0
2010-04-16  22:20:00  12 20 52.5  -05 23 13  +000865.7 +000101.1  01 40 00.1  210.366 33.662  20.09  35055 15.0
2010-04-16  22:30:00  12 30 15.5  -05 07 02  +000823.9 +000093.2  01 40 38.8  210.661 33.858  17.93  35908 15.1
2010-04-16  22:40:00  12 39 12.0  -04 52 06  +000786.2 +000086.1  01 41 43.9  211.072 33.995  15.93  36737 15.1
2010-04-16  22:50:00  12 47 44.7  -04 38 18  +000752.3 +000079.6  01 43 12.9  211.588 34.076  14.06  37541 15.2
2010-04-16  23:00:00  12 55 56.0  -04 25 35  +000721.6 +000073.6  01 45 03.2  212.197 34.106  12.35  38323 15.2
2010-04-16  23:10:00  13 03 47.6  -04 13 47  +000693.7 +000068.1  01 47 13.3  212.891 34.088  10.79  39077 15.2
2010-04-16  23:20:00  13 11 21.5  -04 02 51  +000668.3 +000063.1  01 49 41.1  213.660 34.023   9.44  39806 15.3
2010-04-16  23:30:00  13 18 39.2  -03 52 43  +000645.3 +000058.5  01 52 24.9  214.496 33.915   8.32  40511 15.3
2010-04-16  23:40:00  13 25 42.3  -03 43 20  +000624.3 +000054.2  01 55 23.5  215.391 33.765   7.49  41190 15.3
2010-04-16  23:50:00  13 32 32.0  -03 34 38  +000605.1 +000050.3  01 58 35.4  216.339 33.574   7.01  41844 15.4
2010-04-17  00:00:00  13 39 09.5  -03 26 34  +000587.6 +000046.6  02 01 59.6  217.332 33.345   6.92  42473 15.4
2010-04-17  00:10:00  13 45 35.9  -03 19 06  +000571.6 +000043.2  02 05 34.9  218.364 33.078   7.19  43080 15.4
2010-04-17  00:20:00  13 51 52.0  -03 12 10  +000557.0 +000040.0  02 09 20.4  219.431 32.775   7.76  43661 15.5
2010-04-17  00:30:00  13 57 58.8  -03 05 45  +000543.6 +000037.0  02 13 15.3  220.527 32.437   8.55  44218 15.5
2010-04-17  00:40:00  14 03 57.0  -02 59 49  +000531.3 +000034.3  02 17 18.7  221.647 32.066   9.49  44750 15.5
2010-04-17  00:50:00  14 09 47.4  -02 54 19  +000520.1 +000031.7  02 21 29.9  222.787 31.662  10.52  45258 15.6
2010-04-17  01:00:00  14 15 30.7  -02 49 15  +000509.9 +000029.2  02 25 48.2  223.943 31.227  11.62  45742 15.6
2010-04-17  01:10:00  14 21 07.6  -02 44 35  +000500.6 +000026.9  02 30 13.0  225.112 30.761  12.75  46203 15.6
2010-04-17  01:20:00  14 26 38.3  -02 40 20  +000492.1 +000024.6  02 34 43.9  226.291 30.265  13.91  46642 15.6
2010-04-17  01:30:00  14 32 03.7  -02 36 24  +000484.3 +000022.5  02 39 20.2  227.476 29.743  15.08  47056 15.7
2010-04-17  01:40:00  14 37 24.2  -02 32 50  +000477.4 +000020.5  02 44 01.3  228.664 29.193  16.25  47447 15.7
2010-04-17  01:50:00  14 42 40.4  -02 29 34  +000471.1 +000018.6  02 48 46.8  229.854 28.617  17.43  47814 15.7
2010-04-17  02:00:00  14 47 52.5  -02 26 38  +000465.4 +000016.7  02 53 36.3  231.042 28.017  18.60  48158 15.7
2010-04-17  02:10:00  14 53 01.1  -02 23 60  +000460.4 +000015.0  02 58 29.4  232.228 27.394  19.78  48479 15.7

   Date        UTC        RA         DECL      RARate   DeclRate    HourAng      Az     Um    Phase  Range  Mag
2010-04-17  17:50:00  13 44 08.5  -03 50 36  +000634.1 +000057.5  19 49 56.3  113.217 15.606   6.79  41369 15.3
2010-04-17  18:00:00  13 51 04.5  -03 41 23  +000614.0 +000053.2  19 53 02.0  113.736 16.215   7.25  42019 15.4
2010-04-17  18:10:00  13 57 47.6  -03 32 52  +000595.6 +000049.2  19 56 20.5  114.311 16.846   8.02  42638 15.4
2010-04-17  18:20:00  14 04 19.0  -03 24 59  +000578.7 +000045.5  19 59 50.8  114.936 17.497   9.00  43226 15.4
2010-04-17  18:30:00  14 10 39.5  -03 17 41  +000563.1 +000042.1  20 03 31.9  115.611 18.167  10.11  43783 15.5
2010-04-17  18:40:00  14 16 50.1  -03 10 56  +000548.8 +000038.9  20 07 23.0  116.332 18.852  11.28  44312 15.5
2010-04-17  18:50:00  14 22 51.4  -03 04 43  +000535.6 +000035.9  20 11 23.3  117.098 19.550  12.51  44813 15.5
2010-04-17  19:00:00  14 28 44.3  -02 58 58  +000523.4 +000033.2  20 15 32.0  117.905 20.260  13.74  45284 15.6
2010-04-17  19:10:00  14 34 29.5  -02 53 40  +000512.2 +000030.6  20 19 48.5  118.753 20.979  14.99  45727 15.6
2010-04-17  19:20:00  14 40 07.5  -02 48 47  +000501.9 +000028.1  20 24 12.1  119.640 21.705  16.24  46142 15.6
2010-04-17  19:30:00  14 45 38.9  -02 44 17  +000492.4 +000025.8  20 28 42.4  120.565 22.437  17.48  46530 15.6
2010-04-17  19:40:00  14 51 04.2  -02 40 10  +000483.7 +000023.6  20 33 18.7  121.527 23.173  18.71  46891 15.7
2010-04-17  19:50:00  14 56 24.0  -02 36 25  +000475.7 +000021.5  20 38 00.6  122.525 23.910  19.94  47225 15.7
2010-04-17  20:00:00  15 01 38.4  -02 33 01  +000468.2 +000019.5  20 42 47.9  123.559 24.648  21.15  47535 15.7
2010-04-17  20:10:00  15 06 48.2  -02 29 56  +000461.5 +000017.6  20 47 39.6  124.626 25.385  22.36  47818 15.7
2010-04-17  20:20:00  15 11 53.8  -02 27 09  +000455.4 +000015.8  20 52 35.7  125.727 26.118  23.55  48076 15.8
2010-04-17  20:30:00  15 16 55.5  -02 24 41  +000449.8 +000014.0  20 57 35.6  126.860 26.848  24.74  48308 15.8
2010-04-17  20:40:00  15 21 53.7  -02 22 29  +000444.8 +000012.3  21 02 39.1  128.026 27.570  25.90  48515 15.8
2010-04-17  20:50:00  15 26 48.7  -02 20 34  +000440.3 +000010.7  21 07 45.7  129.223 28.286  27.07  48698 15.8
2010-04-17  21:00:00  15 31 40.9  -02 18 56  +000436.3 +000009.1  21 12 55.2  130.452 28.992  28.22  48856 15.8
2010-04-17  21:10:00  15 36 30.2  -02 17 35  +000432.6 +000007.4  21 18 07.5  131.712 29.687  29.37  48993 15.8
2010-04-17  21:20:00  15 41 17.5  -02 16 28  +000429.6 +000005.9  21 23 21.8  133.001 30.371  30.51  49104 15.9
2010-04-17  21:30:00  15 46 03.0  -02 15 36  +000426.9 +000004.4  21 28 38.0  134.319 31.040  31.65  49191 15.9
2010-04-17  21:40:00  15 50 46.9  -02 14 60  +000424.8 +000002.9  21 33 55.7  135.666 31.695  32.77  49255 15.9
2010-04-17  21:50:00  15 55 29.5  -02 14 38  +000423.1 +000001.5  21 39 14.8  137.040 32.333  33.90  49295 15.9
2010-04-17  22:00:00  16 00 11.1  -02 14 30  +000421.8 +000000.0  21 44 34.8  138.440 32.954  35.02  49312 15.9
2010-04-17  22:10:00  16 04 52.0  -02 14 38  +000420.9 -000001.4  21 49 55.6  139.867 33.555  36.15  49306 15.9
2010-04-17  22:20:00  16 09 32.0  -02 15 01  +000420.3 -000002.9  21 55 17.2  141.319 34.135  37.26  49279 15.9
2010-04-17  22:30:00  16 14 12.1  -02 15 38  +000420.3 -000004.4  22 00 38.7  142.794 34.694  38.39  49227 15.9
2010-04-17  22:40:00  16 18 52.4  -02 16 29  +000420.7 -000005.9  22 06 00.1  144.290 35.230  39.50  49153 16.0
2010-04-17  22:50:00  16 23 33.1  -02 17 35  +000421.5 -000007.3  22 11 21.0  145.806 35.741  40.63  49056 16.0
2010-04-17  23:00:00  16 28 14.6  -02 18 56  +000422.8 -000008.8  22 16 41.2  147.340 36.228  41.76  48936 16.0
2010-04-17  23:10:00  16 32 57.0  -02 20 32  +000424.6 -000010.3  22 22 00.4  148.891 36.687  42.89  48793 16.0
2010-04-17  23:20:00  16 37 40.8  -02 22 23  +000426.8 -000011.9  22 27 18.3  150.456 37.120  44.03  48627 16.0
2010-04-17  23:30:00  16 42 25.6  -02 24 32  +000429.2 -000013.5  22 32 35.1  152.035 37.524  45.17  48441 16.0
2010-04-17  23:40:00  16 47 12.8  -02 26 55  +000432.4 -000015.1  22 37 49.6  153.621 37.899  46.32  48230 16.0
2010-04-17  23:50:00  16 52 02.2  -02 29 35  +000436.0 -000016.8  22 43 01.8  155.214 38.244  47.49  47996 16.0
2010-04-18  00:00:00  16 56 54.2  -02 32 31  +000440.2 -000018.5  22 48 11.4  156.810 38.558  48.65  47739 16.0
2010-04-18  00:10:00  17 01 49.3  -02 35 46  +000445.0 -000020.3  22 53 18.0  158.406 38.842  49.84  47459 16.0
2010-04-18  00:20:00  17 06 47.6  -02 39 18  +000450.3 -000022.2  22 58 21.3  159.999 39.094  51.03  47156 16.0
2010-04-18  00:30:00  17 11 49.8  -02 43 09  +000456.2 -000024.1  23 03 20.8  161.584 39.315  52.25  46829 16.0
2010-04-18  00:40:00  17 16 55.4  -02 47 22  +000462.5 -000026.2  23 08 16.8  163.163 39.504  53.47  46481 16.0
2010-04-18  00:50:00  17 22 06.1  -02 51 54  +000469.7 -000028.3  23 13 07.8  164.724 39.661  54.73  46107 16.0
2010-04-18  01:00:00  17 27 21.8  -02 56 48  +000477.7 -000030.5  23 17 53.7  166.265 39.786  55.99  45710 16.0
2010-04-18  01:10:00  17 32 43.1  -03 02 04  +000486.4 -000032.8  23 22 34.0  167.784 39.880  57.29  45288 16.0
2010-04-18  01:20:00  17 38 10.6  -03 07 45  +000496.0 -000035.3  23 27 08.2  169.274 39.943  58.59  44842 16.0
2010-04-18  01:30:00  17 43 44.7  -03 13 51  +000506.5 -000037.9  23 31 35.7  170.731 39.976  59.94  44371 16.0
2010-04-18  01:40:00  17 49 26.1  -03 20 24  +000518.0 -000040.7  23 35 55.9  172.151 39.979  61.31  43875 16.0
2010-04-18  01:50:00  17 55 14.8  -03 27 27  +000530.2 -000043.7  23 40 08.9  173.532 39.952  62.71  43355 16.0
2010-04-18  02:00:00  18 01 12.7  -03 35 00  +000543.8 -000046.9  23 44 12.7  174.862 39.897  64.14  42809 16.0

   Date        UTC        RA         DECL      RARate   DeclRate    HourAng      Az     Um    Phase  Range  Mag
2010-04-19  23:10:00  10 40 16.7  -07 46 54  +001506.6 +000185.8  04 22 33.9  246.669 10.590  47.06  28631 14.9
2010-04-19  23:20:00  10 56 24.0  -07 17 14  +001394.9 +000170.7  04 16 28.2  245.802 11.933  43.19  29642 14.9
2010-04-19  23:30:00  11 11 20.2  -06 49 59  +001295.7 +000156.5  04 11 33.6  245.129 13.055  39.61  30650 14.9
2010-04-19  23:40:00  11 25 14.2  -06 25 00  +001207.9 +000143.4  04 07 41.3  244.629 13.983  36.30  31651 15.0
2010-04-19  23:50:00  11 38 13.1  -06 02 07  +001130.1 +000131.4  04 04 44.0  244.285 14.740  33.20  32642 15.0
2010-04-20  00:00:00  11 50 23.0  -05 41 08  +001061.0 +000120.5  04 02 35.7  244.081 15.345  30.33  33618 15.0
2010-04-20  00:10:00  12 01 49.4  -05 21 54  +000999.4 +000110.5  04 01 10.9  244.002 15.815  27.64  34578 15.1
2010-04-20  00:20:00  12 12 37.1  -05 04 15  +000944.4 +000101.4  04 00 25.0  244.038 16.164  25.14  35519 15.1
2010-04-20  00:30:00  12 22 50.4  -04 48 05  +000895.2 +000093.1  04 00 13.3  244.173 16.405  22.79  36442 15.1
2010-04-20  00:40:00  12 32 32.2  -04 33 12  +000851.0 +000085.6  04 00 33.1  244.401 16.548  20.60  37342 15.2
2010-04-20  00:50:00  12 41 46.1  -04 19 31  +000811.2 +000078.7  04 01 20.9  244.712 16.602  18.56  38220 15.2
2010-04-20  01:00:00  12 50 34.7  -04 06 56  +000775.3 +000072.5  04 02 33.9  245.095 16.576  16.67  39075 15.3
2010-04-20  01:10:00  12 59 00.6  -03 55 20  +000742.9 +000066.8  04 04 09.6  245.545 16.476  14.92  39907 15.3
2010-04-20  01:20:00  13 07 06.0  -03 44 38  +000713.5 +000061.6  04 06 05.9  246.053 16.309  13.35  40715 15.3
2010-04-20  01:30:00  13 14 52.6  -03 34 47  +000686.8 +000056.8  04 08 20.9  246.614 16.081  11.93  41498 15.4
2010-04-20  01:40:00  13 22 22.4  -03 25 44  +000662.6 +000052.3  04 10 52.7  247.221 15.797  10.73  42261 15.4
2010-04-20  01:50:00  13 29 36.7  -03 17 21  +000640.6 +000048.2  04 13 40.1  247.870 15.460   9.74  42996 15.4
2010-04-20  02:00:00  13 36 37.0  -03 09 38  +000620.4 +000044.5  04 16 41.5  248.556 15.074   9.04  43708 15.5

   Date        UTC        RA         DECL      RARate   DeclRate    HourAng      Az     Um    Phase  Range  Mag
2010-04-20  18:00:00  11 54 13.8  -07 15 38  +001202.2 +000184.6  22 01 42.4  145.484 30.231  29.79  28598 14.7
2010-04-20  18:10:00  12 07 05.8  -06 46 29  +001115.8 +000165.5  21 58 52.0  144.511 30.395  26.76  29697 14.7
2010-04-20  18:20:00  12 19 04.0  -06 20 19  +001040.5 +000148.9  21 56 55.4  143.793 30.597  23.98  30764 14.8
2010-04-20  18:30:00  12 30 15.3  -05 56 45  +000974.6 +000134.2  21 55 45.8  143.300 30.836  21.41  31798 14.8
2010-04-20  18:40:00  12 40 45.3  -05 35 28  +000916.6 +000121.4  21 55 17.4  143.003 31.110  19.06  32798 14.9
2010-04-20  18:50:00  12 50 38.9  -05 16 12  +000865.2 +000110.1  21 55 25.5  142.881 31.416  16.88  33764 14.9
2010-04-20  19:00:00  13 00 00.2  -04 58 43  +000819.5 +000100.0  21 56 05.8  142.917 31.751  14.92  34697 15.0
2010-04-20  19:10:00  13 08 53.0  -04 42 50  +000778.8 +000091.0  21 57 14.7  143.093 32.110  13.13  35598 15.0
2010-04-20  19:20:00  13 17 19.8  -04 28 20  +000742.2 +000083.1  21 58 49.5  143.399 32.493  11.58  36464 15.1
2010-04-20  19:30:00  13 25 23.4  -04 15 06  +000709.2 +000075.9  22 00 47.6  143.823 32.896  10.26  37297 15.1
2010-04-20  19:40:00  13 33 06.1  -04 02 60  +000679.5 +000069.5  22 03 06.4  144.355 33.314   9.23  38097 15.2
2010-04-20  19:50:00  13 40 30.0  -03 51 54  +000652.6 +000063.7  22 05 44.2  144.988 33.746   8.51  38866 15.2
2010-04-20  20:00:00  13 47 36.8  -03 41 45  +000628.1 +000058.4  22 08 39.1  145.714 34.187   8.16  39603 15.3
2010-04-20  20:10:00  13 54 28.1  -03 32 25  +000605.9 +000053.6  22 11 49.5  146.527 34.636   8.15  40309 15.3
2010-04-20  20:20:00  14 01 05.1  -03 23 54  +000585.5 +000049.1  22 15 14.1  147.422 35.088   8.48  40988 15.3
2010-04-20  20:30:00  14 07 29.2  -03 16 04  +000567.0 +000045.1  22 18 51.6  148.395 35.541   9.06  41635 15.4
2010-04-20  20:40:00  14 13 41.5  -03 08 52  +000550.0 +000041.4  22 22 41.0  149.441 35.994   9.83  42252 15.4
2010-04-20  20:50:00  14 19 42.9  -03 02 15  +000534.5 +000037.9  22 26 41.2  150.556 36.442  10.73  42841 15.4
2010-04-20  21:00:00  14 25 34.4  -02 56 12  +000520.2 +000034.8  22 30 51.4  151.738 36.884  11.71  43402 15.5
2010-04-20  21:10:00  14 31 16.8  -02 50 40  +000507.1 +000031.8  22 35 10.6  152.982 37.317  12.76  43935 15.5
2010-04-20  21:20:00  14 36 50.8  -02 45 36  +000495.1 +000029.0  22 39 38.2  154.286 37.739  13.83  44440 15.5
2010-04-20  21:30:00  14 42 17.0  -02 41 00  +000484.0 +000026.4  22 44 13.7  155.648 38.147  14.93  44922 15.6
2010-04-20  21:40:00  14 47 36.2  -02 36 49  +000473.9 +000024.0  22 48 56.1  157.064 38.540  16.03  45375 15.6
2010-04-20  21:50:00  14 52 49.0  -02 33 01  +000464.6 +000021.7  22 53 44.9  158.530 38.915  17.15  45802 15.6
2010-04-20  22:00:00  14 57 55.9  -02 29 35  +000456.1 +000019.5  22 58 39.7  160.046 39.270  18.25  46203 15.6
2010-04-20  22:10:00  15 02 57.3  -02 26 31  +000448.3 +000017.4  23 03 39.9  161.606 39.603  19.36  46579 15.7
2010-04-20  22:20:00  15 07 53.8  -02 23 46  +000441.2 +000015.5  23 08 45.1  163.210 39.913  20.46  46930 15.7
2010-04-20  22:30:00  15 12 45.8  -02 21 21  +000434.8 +000013.6  23 13 54.7  164.854 40.197  21.55  47257 15.7
2010-04-20  22:40:00  15 17 33.4  -02 19 16  +000428.8 +000011.8  23 19 08.8  166.536 40.454  22.63  47561 15.7
2010-04-20  22:50:00  15 22 17.5  -02 17 27  +000423.5 +000010.0  23 24 26.3  168.250 40.683  23.72  47840 15.7
2010-04-20  23:00:00  15 26 58.2  -02 15 55  +000418.8 +000008.4  23 29 47.2  169.995 40.883  24.79  48095 15.8
2010-04-20  23:10:00  15 31 36.0  -02 14 39  +000414.6 +000006.8  23 35 11.1  171.768 41.051  25.86  48326 15.8
2010-04-20  23:20:00  15 36 11.1  -02 13 39  +000410.9 +000005.2  23 40 37.6  173.563 41.187  26.91  48533 15.8
2010-04-20  23:30:00  15 40 43.9  -02 12 55  +000407.6 +000003.7  23 46 06.4  175.379 41.291  27.98  48717 15.8
2010-04-20  23:40:00  15 45 14.7  -02 12 25  +000404.9 +000002.2  23 51 37.3  177.211 41.360  29.02  48878 15.8
2010-04-20  23:50:00  15 49 43.5  -02 12 13  +000402.4 +000000.7  23 57 10.2  179.057 41.395  30.07  49019 15.8
2010-04-21  00:00:00  15 54 11.1  -02 12 13  +000400.5 -000000.8  00 02 44.2  180.912 41.395  31.11  49134 15.9
2010-04-21  00:10:00  15 58 37.5  -02 12 28  +000399.0 -000002.2  00 08 19.4  182.771 41.360  32.16  49227 15.9
2010-04-21  00:20:00  16 03 03.2  -02 12 57  +000398.0 -000003.6  00 13 55.4  184.631 41.290  33.19  49297 15.9
2010-04-21  00:30:00  16 07 28.3  -02 13 40  +000397.3 -000005.0  00 19 32.0  186.490 41.184  34.24  49344 15.9
2010-04-21  00:40:00  16 11 53.1  -02 14 37  +000397.1 -000006.4  00 25 08.8  188.342 41.043  35.28  49369 15.9
2010-04-21  00:50:00  16 16 17.9  -02 15 48  +000397.3 -000007.8  00 30 45.6  190.184 40.868  36.32  49370 15.9
2010-04-21  01:00:00  16 20 42.5  -02 17 15  +000397.8 -000009.3  00 36 22.6  192.016 40.658  37.36  49351 15.9
2010-04-21  01:10:00  16 25 08.0  -02 18 54  +000398.8 -000010.7  00 41 58.8  193.830 40.414  38.41  49308 15.9
2010-04-21  01:20:00  16 29 34.3  -02 20 48  +000400.2 -000012.1  00 47 34.1  195.624 40.138  39.46  49242 16.0
2010-04-21  01:30:00  16 34 01.7  -02 22 56  +000402.1 -000013.6  00 53 08.4  197.396 39.830  40.52  49153 16.0
2010-04-21  01:40:00  16 38 30.5  -02 25 19  +000404.4 -000015.0  00 58 41.2  199.142 39.492  41.58  49040 16.0
2010-04-21  01:50:00  16 43 01.0  -02 27 57  +000407.2 -000016.5  01 04 12.3  200.860 39.124  42.66  48905 16.0
2010-04-21  02:00:00  16 47 33.5  -02 30 50  +000410.4 -000018.1  01 09 41.5  202.547 38.727  43.73  48746 16.0

   Date        UTC        RA         DECL      RARate   DeclRate    HourAng      Az     Um    Phase  Range  Mag
2010-04-21  20:20:00  17 06 57.6  -02 19 54  +000435.8 -000017.7  19 13 18.1  105.079 10.789  47.82  51832 16.2
2010-04-21  20:30:00  17 11 49.1  -02 22 59  +000438.8 -000019.3  19 18 28.3  106.097 11.609  48.98  51563 16.2
2010-04-21  20:40:00  17 16 42.7  -02 26 19  +000442.2 -000020.8  19 23 36.3  107.118 12.416  50.14  51270 16.2
2010-04-21  20:50:00  17 21 38.3  -02 29 58  +000446.0 -000022.5  19 28 42.4  108.143 13.208  51.33  50955 16.2
2010-04-21  21:00:00  17 26 37.1  -02 33 51  +000450.5 -000024.2  19 33 45.2  109.168 13.984  52.51  50614 16.2
2010-04-21  21:10:00  17 31 39.0  -02 38 02  +000455.6 -000026.0  19 38 44.9  110.193 14.742  53.72  50250 16.2
2010-04-21  21:20:00  17 36 44.6  -02 42 31  +000461.3 -000027.8  19 43 41.0  111.217 15.480  54.93  49861 16.2
2010-04-21  21:30:00  17 41 54.2  -02 47 18  +000467.6 -000029.7  19 48 33.0  112.240 16.199  56.17  49448 16.2
2010-04-21  21:40:00  17 47 08.3  -02 52 26  +000474.7 -000031.7  19 53 20.6  113.259 16.895  57.41  49010 16.2
2010-04-21  21:50:00  17 52 27.2  -02 57 53  +000482.4 -000033.8  19 58 03.3  114.274 17.568  58.69  48549 16.2
2010-04-21  22:00:00  17 57 51.0  -03 03 45  +000490.7 -000036.1  20 02 41.2  115.285 18.217  59.97  48064 16.2
2010-04-21  22:10:00  18 03 21.2  -03 09 58  +000500.1 -000038.5  20 07 12.6  116.286 18.838  61.29  47554 16.2
2010-04-21  22:20:00  18 08 57.9  -03 16 35  +000510.4 -000041.0  20 11 37.5  117.276 19.431  62.63  47020 16.2
2010-04-21  22:30:00  18 14 41.9  -03 23 38  +000521.7 -000043.6  20 15 55.2  118.253 19.993  64.00  46460 16.2
2010-04-21  22:40:00  18 20 33.8  -03 31 08  +000534.1 -000046.4  20 20 05.0  119.215 20.523  65.40  45876 16.2
2010-04-21  22:50:00  18 26 34.3  -03 39 08  +000547.7 -000049.5  20 24 06.1  120.158 21.018  66.84  45267 16.2
2010-04-21  23:00:00  18 32 44.3  -03 47 38  +000562.6 -000052.7  20 27 57.7  121.079 21.477  68.31  44634 16.2
2010-04-21  23:10:00  18 39 03.8  -03 56 44  +000578.5 -000056.2  20 31 39.8  121.978 21.898  69.82  43976 16.2
2010-04-21  23:20:00  18 45 35.4  -04 06 25  +000596.3 -000059.9  20 35 09.9  122.845 22.277  71.37  43292 16.2
2010-04-21  23:30:00  18 52 19.3  -04 16 44  +000616.0 -000063.9  20 38 27.6  123.678 22.612  72.99  42582 16.2
2010-04-21  23:40:00  18 59 17.0  -04 27 44  +000637.5 -000068.3  20 41 31.5  124.471 22.899  74.64  41848 16.2
2010-04-21  23:50:00  19 06 29.8  -04 39 30  +000661.2 -000072.9  20 44 20.4  125.219 23.136  76.36  41087 16.2
2010-04-22  00:00:00  19 13 59.2  -04 52 05  +000687.4 -000078.0  20 46 52.7  125.917 23.319  78.14  40302 16.2
2010-04-22  00:10:00  19 21 46.9  -05 05 32  +000716.2 -000083.6  20 49 06.6  126.556 23.443  80.00  39490 16.2
2010-04-22  00:20:00  19 29 53.8  -05 20 00  +000747.7 -000089.7  20 51 01.3  127.133 23.506  81.92  38654 16.2
2010-04-22  00:30:00  19 38 23.9  -05 35 30  +000783.1 -000096.3  20 52 32.9  127.634 23.500  83.94  37792 16.2
2010-04-22  00:40:00  19 47 18.8  -05 52 08  +000822.5 -000103.5  20 53 39.6  128.052 23.419  86.04  36906 16.2
2010-04-22  00:50:00  19 56 41.5  -06 10 02  +000866.4 -000111.4  20 54 18.5  128.376 23.257  88.26  35994 16.2
2010-04-22  01:00:00  20 06 35.2  -06 29 19  +000915.6 -000120.1  20 54 26.5  128.596 23.005  90.58  35059 16.2
2010-04-22  01:10:00  20 17 03.6  -06 50 06  +000970.7 -000129.6  20 53 59.8  128.699 22.654  93.05  34101 16.3
2010-04-22  01:20:00  20 28 10.9  -07 12 34  +001032.7 -000140.0  20 52 54.1  128.672 22.192  95.64  33122 16.3
2010-04-22  01:30:00  20 40 01.1  -07 36 54  +001102.2 -000151.6  20 51 05.6  128.504 21.608  98.41  32121 16.3
2010-04-22  01:40:00  20 52 41.8  -08 03 12  +001181.6 -000164.1  20 48 26.5  128.170 20.882 101.34  31103 16.3
2010-04-22  01:50:00  21 06 18.8  -08 31 40  +001271.8 -000177.7  20 44 51.1  127.657 19.997 104.48  30070 16.4
2010-04-22  02:00:00  21 21 00.1  -09 02 29  +001374.5 -000192.2  20 40 11.4  126.943 18.931 107.83  29026 16.4

   Date        UTC        RA         DECL      RARate   DeclRate    HourAng      Az     Um    Phase  Range  Mag
2010-04-23  18:30:00  07 32 01.2  -16 10 44  +003827.3 +000401.5  03 05 49.5  226.042 14.745  94.21  17150 14.8
2010-04-23  18:40:00  08 12 24.7  -15 01 02  +003441.1 +000429.0  02 35 27.7  219.961 19.330  85.01  17847 14.6
2010-04-23  18:50:00  08 48 31.7  -13 49 27  +003063.0 +000426.2  02 09 22.3  214.394 23.126  76.65  18706 14.5
2010-04-23  19:00:00  09 20 36.2  -12 40 03  +002716.2 +000404.3  01 47 19.5  209.396 26.208  69.15  19683 14.4
2010-04-23  19:10:00  09 49 02.8  -11 35 13  +002410.2 +000372.7  01 28 54.5  204.986 28.682  62.44  20744 14.4
2010-04-23  19:20:00  10 14 19.4  -10 35 60  +002146.0 +000337.7  01 13 39.5  201.160 30.662  56.46  21858 14.4
2010-04-23  19:30:00  10 36 54.6  -09 42 42  +001920.7 +000302.9  01 01 06.0  197.881 32.249  51.09  23003 14.5
2010-04-23  19:40:00  10 57 09.4  -08 54 59  +001728.6 +000270.3  00 50 52.8  195.126 33.529  46.29  24162 14.5
2010-04-23  19:50:00  11 15 26.0  -08 12 27  +001565.1 +000240.7  00 42 37.9  192.845 34.572  41.95  25321 14.5
2010-04-23  20:00:00  11 32 01.7  -07 34 34  +001425.7 +000214.3  00 36 03.8  190.990 35.430  38.03  26472 14.6
2010-04-23  20:10:00  11 47 11.4  -07 00 49  +001306.2 +000191.1  00 30 55.8  189.519 36.146  34.46  27608 14.6
2010-04-23  20:20:00  12 01 07.1  -06 30 43  +001203.3 +000170.7  00 27 01.7  188.389 36.750  31.22  28724 14.7
2010-04-23  20:30:00  12 13 58.9  -06 03 48  +001114.2 +000152.7  00 24 11.6  187.565 37.264  28.24  29816 14.8
2010-04-23  20:40:00  12 25 55.8  -05 39 43  +001036.8 +000137.0  00 22 16.3  187.010 37.706  25.52  30884 14.8
2010-04-23  20:50:00  12 37 04.0  -05 18 04  +000968.9 +000123.2  00 21 09.8  186.699 38.088  23.02  31922 14.9
2010-04-23  21:00:00  12 47 29.6  -04 58 35  +000909.2 +000111.0  00 20 45.8  186.606 38.420  20.74  32932 14.9
2010-04-23  21:10:00  12 57 17.9  -04 40 59  +000856.5 +000100.3  00 20 59.2  186.707 38.708  18.65  33912 15.0
2010-04-23  21:20:00  13 06 33.0  -04 25 05  +000809.8 +000090.7  00 21 45.6  186.982 38.956  16.76  34861 15.0
2010-04-23  21:30:00  13 15 18.8  -04 10 41  +000768.1 +000082.2  00 23 01.6  187.413 39.168  15.06  35781 15.1
2010-04-23  21:40:00  13 23 38.2  -03 57 37  +000730.8 +000074.7  00 24 43.8  187.986 39.345  13.57  36671 15.1
2010-04-23  21:50:00  13 31 34.2  -03 45 48  +000697.4 +000067.8  00 26 49.4  188.684 39.489  12.29  37533 15.2
2010-04-23  22:00:00  13 39 09.0  -03 35 01  +000667.3 +000061.7  00 29 16.3  189.497 39.601  11.25  38363 15.2
2010-04-23  22:10:00  13 46 24.6  -03 25 12  +000640.1 +000056.2  00 32 02.3  190.412 39.681  10.45  39164 15.2
2010-04-23  22:20:00  13 53 23.0  -03 16 16  +000615.5 +000051.2  00 35 05.5  191.420 39.729   9.94  39936 15.3
2010-04-23  22:30:00  14 00 05.8  -03 08 07  +000593.1 +000046.6  00 38 24.4  192.510 39.745   9.70  40680 15.3
2010-04-23  22:40:00  14 06 34.3  -03 00 42  +000572.8 +000042.4  00 41 57.5  193.674 39.728   9.73  41395 15.4
2010-04-23  22:50:00  14 12 49.9  -02 53 57  +000554.3 +000038.6  00 45 43.5  194.903 39.679  10.00  42082 15.4
2010-04-23  23:00:00  14 18 53.7  -02 47 51  +000537.4 +000035.0  00 49 41.4  196.191 39.595  10.46  42744 15.4
2010-04-23  23:10:00  14 24 46.8  -02 42 17  +000522.0 +000031.8  00 53 49.9  197.529 39.479  11.08  43378 15.5
2010-04-23  23:20:00  14 30 30.1  -02 37 15  +000508.0 +000028.8  00 58 08.3  198.911 39.329  11.82  43984 15.5
2010-04-23  23:30:00  14 36 04.4  -02 32 41  +000495.1 +000026.0  01 02 35.7  200.332 39.145  12.65  44565 15.5
2010-04-23  23:40:00  14 41 30.5  -02 28 34  +000483.4 +000023.4  01 07 11.2  201.784 38.927  13.54  45119 15.6
2010-04-23  23:50:00  14 46 49.1  -02 24 52  +000472.6 +000021.0  01 11 54.2  203.263 38.675  14.47  45647 15.6
2010-04-24  00:00:00  14 52 00.9  -02 21 34  +000462.8 +000018.7  01 16 44.1  204.763 38.389  15.43  46151 15.6
2010-04-24  00:10:00  14 57 06.2  -02 18 40  +000453.8 +000016.5  01 21 40.4  206.281 38.068  16.41  46631 15.6
2010-04-24  00:20:00  15 02 06.0  -02 16 06  +000445.6 +000014.4  01 26 42.3  207.810 37.714  17.41  47085 15.7
2010-04-24  00:30:00  15 07 00.6  -02 13 51  +000438.2 +000012.5  01 31 49.3  209.347 37.327  18.41  47515 15.7
2010-04-24  00:40:00  15 11 50.4  -02 11 55  +000431.5 +000010.7  01 37 01.1  210.889 36.908  19.41  47920 15.7
2010-04-24  00:50:00  15 16 36.0  -02 10 17  +000425.4 +000008.9  01 42 17.2  212.430 36.457  20.43  48301 15.7
2010-04-24  01:00:00  15 21 17.8  -02 08 56  +000419.9 +000007.3  01 47 37.1  213.969 35.974  21.43  48657 15.8
2010-04-24  01:10:00  15 25 56.1  -02 07 51  +000415.0 +000005.7  01 53 00.4  215.503 35.461  22.44  48991 15.8
2010-04-24  01:20:00  15 30 31.0  -02 07 05  +000410.6 +000004.1  01 58 27.1  217.029 34.918  23.44  49302 15.8
2010-04-24  01:30:00  15 35 03.4  -02 06 32  +000406.7 +000002.6  02 03 56.4  218.543 34.346  24.45  49589 15.8
2010-04-24  01:40:00  15 39 33.4  -02 06 13  +000403.4 +000001.1  02 09 28.0  220.045 33.747  25.45  49852 15.8
2010-04-24  01:50:00  15 44 01.3  -02 06 09  +000400.5 -000000.3  02 15 01.7  221.532 33.122  26.46  50091 15.9

   Date        UTC        RA         DECL      RARate   DeclRate    HourAng      Az     Um    Phase  Range  Mag
2010-04-24  18:00:00  15 02 59.3  -02 21 43  +000493.3 +000021.6  19 08 43.1  104.233 10.002  17.12  47254 15.7
2010-04-24  18:10:00  15 08 24.5  -02 18 18  +000482.4 +000019.3  19 13 19.5  105.065 10.813  18.23  47719 15.7
2010-04-24  18:20:00  15 13 42.7  -02 15 16  +000472.4 +000017.1  19 18 03.0  105.929 11.636  19.32  48155 15.7
2010-04-24  18:30:00  15 18 54.5  -02 12 36  +000463.1 +000015.0  19 22 52.8  106.824 12.468  20.43  48561 15.8
2010-04-24  18:40:00  15 24 00.4  -02 10 16  +000454.6 +000013.0  19 27 48.6  107.748 13.309  21.52  48938 15.8
2010-04-24  18:50:00  15 29 00.5  -02 08 17  +000446.6 +000011.1  19 32 50.1  108.701 14.157  22.61  49290 15.8
2010-04-24  19:00:00  15 33 55.8  -02 06 35  +000439.4 +000009.3  19 37 56.4  109.682 15.009  23.69  49612 15.8
2010-04-24  19:10:00  15 38 46.5  -02 05 10  +000432.8 +000007.6  19 43 07.4  110.689 15.866  24.77  49906 15.8
2010-04-24  19:20:00  15 43 33.0  -02 04 02  +000426.7 +000006.0  19 48 22.5  111.724 16.725  25.84  50173 15.9
2010-04-24  19:30:00  15 48 15.6  -02 03 10  +000421.1 +000004.4  19 53 41.6  112.784 17.585  26.90  50414 15.9
2010-04-24  19:40:00  15 52 54.6  -02 02 33  +000416.1 +000002.9  19 59 04.2  113.870 18.444  27.95  50628 15.9
2010-04-24  19:50:00  15 57 30.5  -02 02 11  +000411.5 +000001.4  20 04 30.0  114.981 19.301  29.00  50817 15.9
2010-04-24  20:00:00  16 02 03.1  -02 02 06  +000407.3 -000000.1  20 09 59.0  116.119 20.155  30.04  50982 15.9
2010-04-24  20:10:00  16 06 33.4  -02 02 14  +000403.6 -000001.5  20 15 30.4  117.281 21.004  31.07  51120 15.9
2010-04-24  20:20:00  16 11 01.3  -02 02 36  +000400.4 -000002.9  20 21 04.1  118.468 21.847  32.10  51233 16.0
2010-04-24  20:30:00  16 15 27.3  -02 03 11  +000397.6 -000004.2  20 26 39.7  119.679 22.682  33.12  51321 16.0
2010-04-24  20:40:00  16 19 51.5  -02 03 60  +000395.2 -000005.5  20 32 17.1  120.914 23.508  34.14  51384 16.0
2010-04-24  20:50:00  16 24 14.3  -02 05 02  +000393.2 -000006.9  20 37 56.0  122.174 24.324  35.16  51423 16.0
2010-04-24  21:00:00  16 28 35.9  -02 06 17  +000391.6 -000008.2  20 43 36.1  123.457 25.128  36.17  51437 16.0
2010-04-24  21:10:00  16 32 56.1  -02 07 48  +000390.2 -000009.6  20 49 17.5  124.766 25.920  37.18  51430 16.0
2010-04-24  21:20:00  16 37 15.9  -02 09 31  +000389.4 -000010.9  20 54 59.3  126.097 26.697  38.19  51397 16.0
2010-04-24  21:30:00  16 41 35.4  -02 11 26  +000388.9 -000012.2  21 00 41.5  127.450 27.458  39.20  51341 16.0
2010-04-24  21:40:00  16 45 54.6  -02 13 35  +000388.9 -000013.6  21 06 23.9  128.826 28.201  40.21  51260 16.1
2010-04-24  21:50:00  16 50 14.0  -02 15 57  +000389.3 -000014.9  21 12 06.2  130.224 28.926  41.22  51156 16.1
2010-04-24  22:00:00  16 54 33.7  -02 18 34  +000390.0 -000016.3  21 17 48.1  131.642 29.632  42.23  51029 16.1
2010-04-24  22:10:00  16 58 54.1  -02 21 23  +000391.2 -000017.7  21 23 29.3  133.080 30.316  43.26  50878 16.1
2010-04-24  22:20:00  17 03 14.9  -02 24 30  +000392.5 -000019.2  21 29 10.2  134.541 30.978  44.27  50706 16.1
2010-04-24  22:30:00  17 07 37.3  -02 27 49  +000394.5 -000020.6  21 34 49.5  136.017 31.615  45.31  50509 16.1
2010-04-24  22:40:00  17 12 01.1  -02 31 23  +000397.0 -000022.1  21 40 27.3  137.510 32.228  46.33  50288 16.1
2010-04-24  22:50:00  17 16 26.7  -02 35 12  +000399.9 -000023.7  21 46 03.3  139.018 32.814  47.38  50044 16.1
2010-04-24  23:00:00  17 20 54.4  -02 39 17  +000403.3 -000025.3  21 51 37.3  140.539 33.373  48.43  49776 16.1
2010-04-24  23:10:00  17 25 24.5  -02 43 38  +000407.1 -000026.9  21 57 08.8  142.072 33.903  49.49  49485 16.1
2010-04-24  23:20:00  17 29 57.3  -02 48 16  +000411.5 -000028.7  22 02 37.6  143.614 34.404  50.56  49170 16.1
2010-04-24  23:30:00  17 34 32.7  -02 53 13  +000416.2 -000030.5  22 08 03.9  145.165 34.874  51.65  48833 16.1
2010-04-24  23:40:00  17 39 12.0  -02 58 28  +000421.7 -000032.4  22 13 26.3  146.719 35.312  52.74  48471 16.1
2010-04-24  23:50:00  17 43 55.1  -03 04 02  +000427.8 -000034.4  22 18 44.8  148.273 35.718  53.86  48085 16.1
2010-04-25  00:00:00  17 48 42.6  -03 09 56  +000434.6 -000036.4  22 23 59.0  149.825 36.090  54.99  47674 16.1
2010-04-25  00:10:00  17 53 34.7  -03 16 11  +000442.1 -000038.6  22 29 08.4  151.370 36.429  56.14  47239 16.1
2010-04-25  00:20:00  17 58 32.1  -03 22 48  +000450.3 -000040.9  22 34 12.7  152.906 36.733  57.31  46779 16.1
2010-04-25  00:30:00  18 03 35.3  -03 29 50  +000459.3 -000043.3  22 39 11.2  154.428 37.002  58.51  46295 16.1
2010-04-25  00:40:00  18 08 44.0  -03 37 18  +000468.9 -000046.0  22 44 04.1  155.936 37.236  59.72  45786 16.1
2010-04-25  00:50:00  18 14 00.2  -03 45 12  +000479.7 -000048.8  22 48 49.6  157.417 37.434  60.97  45251 16.1
2010-04-25  01:00:00  18 19 23.9  -03 53 34  +000491.6 -000051.7  22 53 27.5  158.870 37.597  62.24  44690 16.1
2010-04-25  01:10:00  18 24 55.8  -04 02 27  +000504.5 -000054.9  22 57 57.2  160.290 37.724  63.55  44103 16.1
2010-04-25  01:20:00  18 30 36.8  -04 11 53  +000518.7 -000058.3  23 02 17.8  161.669 37.815  64.89  43489 16.1
2010-04-25  01:30:00  18 36 27.8  -04 21 53  +000534.3 -000061.9  23 06 28.6  163.003 37.870  66.27  42848 16.1
2010-04-25  01:40:00  18 42 29.6  -04 32 32  +000551.4 -000065.9  23 10 28.4  164.285 37.890  67.69  42180 16.1
2010-04-25  01:50:00  18 48 42.5  -04 43 55  +000569.8 -000070.2  23 14 17.1  165.513 37.875  69.17  41485 16.1

   Date        UTC        RA         DECL      RARate   DeclRate    HourAng      Az     Um    Phase  Range  Mag
2010-04-26  21:20:00  09 35 59.6  -10 36 35  +002542.2 +000336.3  04 04 08.7  241.257 11.241  68.47  21549 14.6
2010-04-26  21:30:00  10 02 43.8  -09 42 43  +002275.6 +000309.5  03 47 26.2  238.460 14.446  62.17  22576 14.6
2010-04-26  21:40:00  10 26 41.4  -08 53 31  +002042.0 +000280.8  03 33 30.3  236.071 17.130  56.52  23657 14.6
2010-04-26  21:50:00  10 48 13.7  -08 09 05  +001839.7 +000252.6  03 21 59.5  234.058 19.365  51.43  24772 14.6
2010-04-26  22:00:00  11 07 40.7  -07 29 13  +001665.3 +000226.1  03 12 34.2  232.387 21.218  46.85  25904 14.7
2010-04-26  22:10:00  11 25 20.7  -06 53 40  +001515.3 +000201.8  03 04 55.9  231.024 22.748  42.69  27044 14.7
2010-04-26  22:20:00  11 41 26.7  -06 21 53  +001385.7 +000180.0  02 58 51.5  229.945 24.003  38.94  28180 14.7
2010-04-26  22:30:00  11 56 12.3  -05 53 32  +001273.7 +000160.7  02 54 07.5  229.121 25.025  35.51  29306 14.8
2010-04-26  22:40:00  12 09 48.4  -05 28 12  +001176.5 +000143.6  02 50 33.1  228.525 25.849  32.39  30418 14.8
2010-04-26  22:50:00  12 22 23.9  -05 05 33  +001091.8 +000128.5  02 47 59.3  228.134 26.502  29.53  31510 14.9
2010-04-26  23:00:00  12 34 06.6  -04 45 17  +001017.7 +000115.2  02 46 18.2  227.926 27.008  26.92  32581 14.9
2010-04-26  23:10:00  12 45 02.9  -04 27 05  +000952.7 +000103.4  02 45 23.5  227.882 27.385  24.51  33629 15.0
2010-04-26  23:20:00  12 55 18.9  -04 10 47  +000895.4 +000092.9  02 45 09.1  227.981 27.649  22.32  34654 15.0
2010-04-26  23:30:00  13 04 58.6  -03 56 06  +000844.5 +000083.6  02 45 31.1  228.212 27.812  20.32  35651 15.1
2010-04-26  23:40:00  13 14 06.2  -03 42 51  +000799.2 +000075.4  02 46 25.1  228.558 27.884  18.51  36621 15.1
2010-04-26  23:50:00  13 22 45.4  -03 30 54  +000758.9 +000068.1  02 47 47.6  229.007 27.876  16.88  37564 15.2
2010-04-27  00:00:00  13 30 59.0  -03 20 07  +000722.8 +000061.5  02 49 35.6  229.546 27.794  15.45  38480 15.2
2010-04-27  00:10:00  13 38 49.9  -03 10 22  +000690.3 +000055.6  02 51 46.4  230.165 27.645  14.20  39368 15.3
2010-04-27  00:20:00  13 46 20.2  -03 01 34  +000661.1 +000050.2  02 54 17.7  230.854 27.434  13.16  40229 15.3
2010-04-27  00:30:00  13 53 32.1  -02 53 39  +000634.7 +000045.3  02 57 07.5  231.604 27.164  12.33  41065 15.3
2010-04-27  00:40:00  14 00 27.2  -02 46 28  +000610.9 +000040.9  03 00 14.0  232.408 26.842  11.74  41871 15.4
2010-04-27  00:50:00  14 07 07.1  -02 39 59  +000589.2 +000036.9  03 03 35.7  233.259 26.471  11.36  42651 15.4
2010-04-27  01:00:00  14 13 33.3  -02 34 08  +000569.6 +000033.3  03 07 11.2  234.150 26.053  11.22  43403 15.5
2010-04-27  01:10:00  14 19 46.9  -02 28 52  +000551.7 +000029.9  03 10 59.2  235.077 25.591  11.28  44129 15.5
2010-04-27  01:20:00  14 25 49.3  -02 24 08  +000535.4 +000026.8  03 14 58.5  236.033 25.089  11.53  44828 15.5
2010-04-27  01:30:00  14 31 41.2  -02 19 54  +000520.6 +000024.0  03 19 08.2  237.014 24.548  11.95  45500 15.6
2010-04-27  01:40:00  14 37 23.6  -02 16 10  +000507.1 +000021.3  03 23 27.4  238.016 23.970  12.49  46150 15.6
2010-04-27  01:50:00  14 42 57.5  -02 12 50  +000494.7 +000018.8  03 27 55.2  239.036 23.359  13.14  46771 15.6

   Date        UTC        RA         DECL      RARate   DeclRate    HourAng      Az     Um    Phase  Range  Mag
2010-04-27  18:10:00  13 51 21.6  -03 38 12  +000724.3 +000073.7  20 42 12.1  124.109 23.673  12.53  36740 15.1
2010-04-27  18:20:00  13 59 12.7  -03 26 34  +000689.7 +000066.1  20 44 22.6  124.475 24.142  11.73  37657 15.2
2010-04-27  18:30:00  14 06 42.0  -03 16 08  +000658.7 +000059.3  20 46 55.0  124.939 24.645  11.21  38535 15.2
2010-04-27  18:40:00  14 13 51.6  -03 06 45  +000630.6 +000053.3  20 49 47.0  125.493 25.178  10.98  39377 15.3
2010-04-27  18:50:00  14 20 43.5  -02 58 19  +000605.3 +000047.9  20 52 56.8  126.131 25.737  11.01  40182 15.3
2010-04-27  19:00:00  14 27 19.3  -02 50 45  +000582.3 +000043.1  20 56 22.6  126.846 26.318  11.28  40952 15.3
2010-04-27  19:10:00  14 33 40.3  -02 43 59  +000561.3 +000038.6  21 00 03.2  127.634 26.916  11.73  41691 15.4
2010-04-27  19:20:00  14 39 48.1  -02 37 53  +000542.2 +000034.7  21 03 57.1  128.491 27.531  12.34  42394 15.4
2010-04-27  19:30:00  14 45 43.6  -02 32 25  +000524.7 +000031.0  21 08 03.2  129.413 28.158  13.06  43064 15.5
2010-04-27  19:40:00  14 51 28.1  -02 27 31  +000508.7 +000027.7  21 12 20.4  130.397 28.794  13.86  43702 15.5
2010-04-27  19:50:00  14 57 02.3  -02 23 10  +000494.1 +000024.6  21 16 47.8  131.441 29.436  14.72  44309 15.5
2010-04-27  20:00:00  15 02 27.1  -02 19 18  +000480.6 +000021.8  21 21 24.6  132.542 30.083  15.63  44885 15.6
2010-04-27  20:10:00  15 07 43.4  -02 15 53  +000468.3 +000019.2  21 26 10.0  133.699 30.731  16.56  45432 15.6
2010-04-27  20:20:00  15 12 51.5  -02 12 56  +000456.8 +000016.7  21 31 03.5  134.911 31.377  17.51  45951 15.6
2010-04-27  20:30:00  15 17 52.5  -02 10 21  +000446.3 +000014.4  21 36 04.2  136.175 32.020  18.47  46440 15.6
2010-04-27  20:40:00  15 22 46.8  -02 08 08  +000436.7 +000012.2  21 41 11.6  137.489 32.657  19.43  46901 15.7
2010-04-27  20:50:00  15 27 34.9  -02 06 16  +000427.8 +000010.2  21 46 25.1  138.853 33.285  20.40  47334 15.7
2010-04-27  21:00:00  15 32 17.4  -02 04 43  +000419.7 +000008.3  21 51 44.2  140.266 33.903  21.36  47740 15.7
2010-04-27  21:10:00  15 36 54.7  -02 03 29  +000412.2 +000006.5  21 57 08.6  141.727 34.508  22.33  48119 15.7
2010-04-27  21:20:00  15 41 27.2  -02 02 32  +000405.4 +000004.8  22 02 37.7  143.233 35.098  23.28  48471 15.8
2010-04-27  21:30:00  15 45 55.0  -02 01 55  +000399.0 +000003.1  22 08 11.5  144.786 35.672  24.24  48800 15.8
2010-04-27  21:40:00  15 50 19.1  -02 01 32  +000393.3 +000001.5  22 13 49.1  146.382 36.226  25.19  49102 15.8
2010-04-27  21:50:00  15 54 39.6  -02 01 25  +000388.2 -000000.0  22 19 30.2  148.020 36.759  26.13  49379 15.8
2010-04-27  22:00:00  15 58 56.8  -02 01 32  +000383.5 -000001.5  22 25 14.7  149.699 37.269  27.07  49630 15.8
2010-04-27  22:10:00  16 03 11.0  -02 01 54  +000379.3 -000002.9  22 31 02.1  151.417 37.754  28.01  49857 15.9
2010-04-27  22:20:00  16 07 22.6  -02 02 30  +000375.6 -000004.3  22 36 52.1  153.173 38.212  28.93  50060 15.9
2010-04-27  22:30:00  16 11 31.9  -02 03 19  +000372.3 -000005.6  22 42 44.5  154.964 38.642  29.86  50239 15.9
2010-04-27  22:40:00  16 15 38.7  -02 04 25  +000369.2 -000007.0  22 48 39.3  156.790 39.041  30.78  50396 15.9
2010-04-27  22:50:00  16 19 44.0  -02 05 41  +000366.8 -000008.3  22 54 35.7  158.646 39.409  31.70  50528 15.9
2010-04-27  23:00:00  16 23 47.8  -02 07 11  +000364.7 -000009.6  23 00 33.5  160.530 39.743  32.61  50636 15.9
2010-04-27  23:10:00  16 27 50.4  -02 08 53  +000363.0 -000010.9  23 06 32.6  162.440 40.043  33.53  50721 16.0
2010-04-27  23:20:00  16 31 52.0  -02 10 48  +000361.8 -000012.1  23 12 32.6  164.371 40.307  34.44  50782 16.0
2010-04-27  23:30:00  16 35 52.8  -02 12 56  +000360.9 -000013.4  23 18 33.4  166.322 40.535  35.36  50820 16.0
2010-04-27  23:40:00  16 39 53.2  -02 15 16  +000360.4 -000014.7  23 24 34.7  168.289 40.724  36.27  50836 16.0
2010-04-27  23:50:00  16 43 53.0  -02 17 52  +000360.0 -000016.0  23 30 36.6  170.271 40.875  37.19  50830 16.0
2010-04-28  00:00:00  16 47 53.0  -02 20 38  +000360.3 -000017.3  23 36 38.2  172.259 40.987  38.10  50800 16.0
2010-04-28  00:10:00  16 51 53.4  -02 23 37  +000360.9 -000018.6  23 42 39.5  174.251 41.059  39.02  50747 16.0
2010-04-28  00:20:00  16 55 54.3  -02 26 49  +000361.9 -000019.9  23 48 40.2  176.244 41.092  39.94  50670 16.0
2010-04-28  00:30:00  16 59 55.9  -02 30 15  +000363.2 -000021.2  23 54 40.2  178.234 41.084  40.87  50571 16.0
2010-04-28  00:40:00  17 03 58.7  -02 33 54  +000365.0 -000022.6  00 00 39.1  180.216 41.037  41.80  50449 16.0
2010-04-28  00:50:00  17 08 02.7  -02 37 47  +000367.2 -000024.0  00 06 36.7  182.186 40.951  42.75  50303 16.0
2010-04-28  01:00:00  17 12 07.9  -02 41 56  +000369.6 -000025.5  00 12 33.2  184.144 40.825  43.68  50136 16.0
2010-04-28  01:10:00  17 16 15.2  -02 46 18  +000372.6 -000027.0  00 18 27.5  186.081 40.662  44.64  49944 16.0
2010-04-28  01:20:00  17 20 24.8  -02 50 55  +000376.1 -000028.5  00 24 19.6  187.994 40.461  45.60  49728 16.1
2010-04-28  01:30:00  17 24 36.7  -02 55 48  +000380.0 -000030.1  00 30 09.2  189.881 40.224  46.58  49488 16.1
2010-04-28  01:40:00  17 28 51.5  -03 00 57  +000384.4 -000031.7  00 35 56.1  191.737 39.952  47.56  49224 16.1
2010-04-28  01:50:00  17 33 09.4  -03 06 23  +000389.3 -000033.4  00 41 39.9  193.560 39.647  48.57  48936 16.1

   Date        UTC        RA         DECL      RARate   DeclRate    HourAng      Az     Um    Phase  Range  Mag
2010-04-28  21:00:00  18 14 50.4  -03 20 30  +000452.5 -000041.3  19 13 07.7  105.730 10.007  57.83  50554 16.3
2010-04-28  21:10:00  18 19 54.8  -03 27 33  +000460.6 -000043.5  19 18 05.0  106.750 10.739  59.02  50034 16.3
2010-04-28  21:20:00  18 25 04.7  -03 34 59  +000469.4 -000045.8  19 22 56.7  107.762 11.446  60.23  49488 16.3
2010-04-28  21:30:00  18 30 20.9  -03 42 49  +000479.2 -000048.2  19 27 42.2  108.765 12.127  61.47  48917 16.3
2010-04-28  21:40:00  18 35 43.8  -03 51 04  +000489.9 -000050.8  19 32 20.9  109.756 12.779  62.72  48319 16.3
2010-04-28  21:50:00  18 41 14.2  -03 59 47  +000501.6 -000053.6  19 36 52.1  110.733 13.399  64.02  47696 16.3
2010-04-28  22:00:00  18 46 52.1  -04 09 01  +000514.1 -000056.7  19 41 15.9  111.698 13.988  65.33  47048 16.3
2010-04-28  22:10:00  18 52 39.5  -04 18 43  +000528.2 -000059.9  19 45 30.2  112.642 14.541  66.70  46372 16.3
2010-04-28  22:20:00  18 58 36.7  -04 28 59  +000543.7 -000063.3  19 49 34.6  113.565 15.055  68.09  45670 16.3
2010-04-28  22:30:00  19 04 44.8  -04 39 50  +000560.8 -000067.0  19 53 28.2  114.463 15.528  69.53  44942 16.2
2010-04-28  22:40:00  19 11 04.8  -04 51 20  +000579.5 -000071.0  19 57 09.8  115.333 15.956  71.01  44186 16.2
2010-04-28  22:50:00  19 17 37.9  -05 03 31  +000600.1 -000075.3  20 00 38.4  116.169 16.337  72.55  43404 16.2
2010-04-28  23:00:00  19 24 25.4  -05 16 27  +000622.9 -000080.0  20 03 52.5  116.968 16.667  74.13  42595 16.2
2010-04-28  23:10:00  19 31 28.0  -05 30 15  +000647.7 -000085.1  20 06 51.5  117.727 16.943  75.78  41759 16.2
2010-04-28  23:20:00  19 38 48.9  -05 44 54  +000675.5 -000090.7  20 09 32.3  118.435 17.157  77.49  40895 16.2
2010-04-28  23:30:00  19 46 29.4  -06 00 30  +000706.5 -000096.7  20 11 53.5  119.087 17.306  79.28  40004 16.2
2010-04-28  23:40:00  19 54 31.6  -06 17 09  +000740.9 -000103.3  20 13 52.9  119.676 17.384  81.15  39086 16.2
2010-04-28  23:50:00  20 02 58.1  -06 34 58  +000779.3 -000110.5  20 15 28.0  120.193 17.384  83.11  38140 16.2
2010-04-29  00:00:00  20 11 51.7  -06 54 02  +000822.4 -000118.5  20 16 36.0  120.628 17.298  85.17  37167 16.2
2010-04-29  00:10:00  20 21 15.8  -07 14 30  +000870.8 -000127.2  20 17 13.6  120.972 17.117  87.35  36168 16.2
2010-04-29  00:20:00  20 31 13.1  -07 36 33  +000924.9 -000136.9  20 17 18.0  121.216 16.832  89.64  35143 16.2
2010-04-29  00:30:00  20 41 49.8  -08 00 14  +000986.7 -000147.5  20 16 42.9  121.339 16.429  92.08  34093 16.2
2010-04-29  00:40:00  20 53 10.5  -08 25 46  +001057.0 -000159.1  20 15 23.8  121.330 15.893  94.67  33019 16.2
2010-04-29  00:50:00  21 05 21.3  -08 53 20  +001137.3 -000171.8  20 13 14.6  121.171 15.207  97.44  31924 16.3
2010-04-29  01:00:00  21 18 29.5  -09 23 07  +001229.3 -000185.7  20 10 08.1  120.843 14.350 100.40  30809 16.3
2010-04-29  01:10:00  21 32 43.4  -09 55 18  +001335.3 -000200.7  20 05 55.8  120.324 13.297 103.60  29678 16.3
2010-04-29  01:20:00  21 48 13.4  -10 30 05  +001457.7 -000216.7  20 00 27.5  119.588 12.020 107.03  28535 16.4
2010-04-29  01:30:00  22 05 10.0  -11 07 41  +001599.1 -000233.6  19 53 32.5  118.612 10.483 110.74  27386 16.4

   Date        UTC        RA         DECL      RARate   DeclRate    HourAng      Az     Um    Phase  Range  Mag
2010-04-30  18:10:00  10 41 37.9  -10 33 41  +002469.2 +000449.8  00 03 45.5  181.102 33.035  56.08  19509 14.2
2010-04-30  18:20:00  11 07 15.8  -09 24 16  +002148.9 +000385.7  23 48 09.2  176.470 34.135  50.13  20844 14.2
2010-04-30  18:30:00  11 29 38.4  -08 24 45  +001887.6 +000329.9  23 35 48.2  172.695 34.924  44.93  22192 14.3
2010-04-30  18:40:00  11 49 23.5  -07 33 51  +001674.2 +000282.3  23 26 04.8  169.655 35.511  40.39  23533 14.4
2010-04-30  18:50:00  12 06 59.2  -06 50 13  +001498.3 +000242.4  23 18 30.7  167.240 35.969  36.36  24857 14.4
2010-04-30  19:00:00  12 22 48.1  -06 12 41  +001352.3 +000208.9  23 12 43.5  165.356 36.350  32.80  26155 14.5
2010-04-30  19:10:00  12 37 07.7  -05 40 16  +001229.8 +000180.9  23 08 25.5  163.925 36.685  29.61  27422 14.6
2010-04-30  19:20:00  12 50 12.2  -05 12 08  +001126.3 +000157.3  23 05 22.7  162.880 36.994  26.77  28654 14.7
2010-04-30  19:30:00  13 02 13.4  -04 47 42  +001038.0 +000137.2  23 03 23.1  162.165 37.290  24.23  29852 14.7
2010-04-30  19:40:00  13 13 19.5  -04 26 16  +000962.0 +000120.3  23 02 18.7  161.739 37.581  21.96  31012 14.8
2010-04-30  19:50:00  13 23 38.4  -04 07 28  +000896.1 +000105.8  23 02 01.4  161.565 37.871  19.95  32133 14.9
2010-04-30  20:00:00  13 33 16.2  -03 50 54  +000838.7 +000093.3  23 02 25.2  161.611 38.162  18.18  33217 14.9
2010-04-30  20:10:00  13 42 18.2  -03 36 16  +000788.3 +000082.5  23 03 24.9  161.852 38.454  16.64  34263 15.0
2010-04-30  20:20:00  13 50 48.6  -03 23 19  +000743.8 +000073.1  23 04 56.1  162.268 38.746  15.35  35272 15.0
2010-04-30  20:30:00  13 58 51.1  -03 11 50  +000704.3 +000064.9  23 06 55.3  162.840 39.036  14.28  36244 15.1
2010-04-30  20:40:00  14 06 28.8  -03 01 42  +000669.2 +000057.5  23 09 19.2  163.553 39.321  13.46  37183 15.1
2010-04-30  20:50:00  14 13 44.2  -02 52 40  +000637.7 +000051.1  23 12 05.4  164.395 39.601  12.87  38085 15.2
2010-04-30  21:00:00  14 20 39.8  -02 44 38  +000609.4 +000045.4  23 15 11.5  165.355 39.872  12.51  38953 15.2
2010-04-30  21:10:00  14 27 17.4  -02 37 30  +000583.9 +000040.3  23 18 35.5  166.421 40.132  12.37  39787 15.3
2010-04-30  21:20:00  14 33 38.9  -02 31 11  +000560.9 +000035.7  23 22 15.7  167.586 40.378  12.43  40589 15.3
2010-04-30  21:30:00  14 39 45.8  -02 25 35  +000540.0 +000031.5  23 26 10.5  168.841 40.608  12.66  41358 15.4
2010-04-30  21:40:00  14 45 39.3  -02 20 39  +000521.0 +000027.8  23 30 18.5  170.179 40.820  13.04  42096 15.4
2010-04-30  21:50:00  14 51 20.8  -02 16 21  +000503.7 +000024.3  23 34 38.7  171.593 41.009  13.54  42806 15.4
2010-04-30  22:00:00  14 56 51.3  -02 12 34  +000488.0 +000021.2  23 39 09.8  173.077 41.176  14.13  43484 15.5
2010-04-30  22:10:00  15 02 11.8  -02 09 17  +000473.6 +000018.3  23 43 51.0  174.625 41.317  14.79  44133 15.5
2010-04-30  22:20:00  15 07 23.1  -02 06 28  +000460.5 +000015.6  23 48 41.4  176.230 41.431  15.51  44752 15.5
2010-04-30  22:30:00  15 12 26.0  -02 04 04  +000448.4 +000013.2  23 53 40.1  177.887 41.515  16.27  45344 15.6
2010-04-30  22:40:00  15 17 21.2  -02 02 03  +000437.5 +000010.9  23 58 46.5  179.591 41.568  17.06  45908 15.6
2010-04-30  22:50:00  15 22 09.5  -02 00 25  +000427.4 +000008.8  00 03 59.9  181.336 41.588  17.87  46444 15.6
2010-04-30  23:00:00  15 26 51.1  -01 59 10  +000418.1 +000006.7  00 09 19.9  183.117 41.573  18.70  46957 15.7
2010-04-30  23:10:00  15 31 27.0  -01 58 12  +000409.7 +000004.9  00 14 45.6  184.929 41.523  19.54  47441 15.7
2010-04-30  23:20:00  15 35 57.6  -01 57 32  +000402.0 +000003.1  00 20 16.7  186.765 41.437  20.39  47899 15.7
2010-04-30  23:30:00  15 40 23.2  -01 57 09  +000395.0 +000001.4  00 25 52.7  188.623 41.314  21.24  48332 15.7
2010-04-30  23:40:00  15 44 44.4  -01 57 03  +000388.7 -000000.1  00 31 33.2  190.496 41.154  22.09  48739 15.8
2010-04-30  23:50:00  15 49 01.6  -01 57 12  +000382.9 -000001.6  00 37 17.6  192.380 40.955  22.95  49122 15.8
2010-05-01  00:00:00  15 53 15.1  -01 57 35  +000377.7 -000003.1  00 43 05.8  194.270 40.718  23.81  49479 15.8
2010-05-01  00:10:00  15 57 25.1  -01 58 16  +000372.9 -000004.6  00 48 57.4  196.164 40.441  24.67  49816 15.8
2010-05-01  00:20:00  16 01 32.3  -01 59 09  +000368.7 -000005.9  00 54 51.9  198.055 40.127  25.52  50125 15.9
2010-05-01  00:30:00  16 05 36.8  -02 00 14  +000365.0 -000007.2  01 00 49.0  199.939 39.776  26.38  50411 15.9
2010-05-01  00:40:00  16 09 39.1  -02 01 33  +000361.8 -000008.5  01 06 48.4  201.815 39.387  27.23  50674 15.9
2010-05-01  00:50:00  16 13 39.3  -02 03 03  +000359.0 -000009.7  01 12 49.8  203.677 38.961  28.09  50912 15.9
2010-05-01  01:00:00  16 17 37.8  -02 04 46  +000356.6 -000010.9  01 18 52.9  205.523 38.499  28.94  51127 15.9
2010-05-01  01:10:00  16 21 34.9  -02 06 41  +000354.6 -000012.1  01 24 57.5  207.350 38.002  29.80  51318 15.9
2010-05-01  01:20:00  16 25 30.4  -02 08 51  +000352.9 -000013.3  01 31 03.6  209.157 37.470  30.65  51489 16.0
2010-05-01  01:30:00  16 29 25.2  -02 11 10  +000351.7 -000014.5  01 37 10.4  210.939 36.906  31.51  51634 16.0
2010-05-01  01:40:00  16 33 19.4  -02 13 41  +000350.8 -000015.6  01 43 17.9  212.696 36.310  32.36  51756 16.0
