ЭФЕМЕРИДЫ ПО ОБЪЕКТУ:  90300
Для пункта:  10016 Маяки   46 23'50.68"   30 16'17.74"    14m
C   2010-04-15 12:00
по  2010-05-01 12:00
Шаг  0:10:00
Мин.угол места:          10 град
Макс.угол места Солнца: -10 град
Стандартный блеск :      9.4 (зв.вел.)

ОБОЗНАЧЕНИЯ
RA        прямое восхождение, тек.эпоха
DECL      склонение, тек.эпоха
RARate    скорость по пр.восх., арксек/мин
DeclRate  скорость по склонению, арксек/мин
HourAng   часовой угол
Az        азимут
Um        угол места
Phase     фазовый угол
Range     дальность
Mag       зв.величина (оценка)

   Date        UTC        RA         DECL      RARate   DeclRate    HourAng      Az     Um    Phase  Range  Mag
2010-04-15  17:50:00  13 01 02.3  -03 05 18  +000831.8 -000027.3  20 25 09.4  120.023 21.628  10.87  39381 16.2
2010-04-15  18:00:00  13 10 13.5  -03 10 03  +000821.9 -000029.7  20 25 59.9  120.255 21.689   9.16  39619 16.2
2010-04-15  18:10:00  13 19 18.3  -03 15 12  +000812.6 -000032.0  20 26 56.7  120.515 21.761   7.74  39846 16.2
2010-04-15  18:20:00  13 28 17.2  -03 20 43  +000803.9 -000034.2  20 27 59.5  120.800 21.843   6.80  40061 16.2
2010-04-15  18:30:00  13 37 10.4  -03 26 35  +000795.8 -000036.2  20 29 07.9  121.109 21.933   6.50  40265 16.2
2010-04-15  18:40:00  13 45 58.3  -03 32 47  +000788.2 -000038.2  20 30 21.6  121.442 22.030   6.91  40457 16.2
2010-04-15  18:50:00  13 54 41.4  -03 39 19  +000781.1 -000040.1  20 31 40.2  121.796 22.134   7.91  40638 16.2
2010-04-15  19:00:00  14 03 19.9  -03 46 10  +000774.5 -000041.9  20 33 03.3  122.171 22.245   9.29  40807 16.2
2010-04-15  19:10:00  14 11 54.3  -03 53 17  +000768.5 -000043.6  20 34 30.6  122.564 22.360  10.90  40964 16.2
2010-04-15  19:20:00  14 20 24.7  -04 00 41  +000763.0 -000045.2  20 36 01.8  122.975 22.480  12.65  41108 16.3
2010-04-15  19:30:00  14 28 51.7  -04 08 21  +000757.9 -000046.8  20 37 36.5  123.403 22.603  14.48  41241 16.3
2010-04-15  19:40:00  14 37 15.4  -04 16 17  +000753.4 -000048.3  20 39 14.4  123.846 22.730  16.35  41361 16.3
2010-04-15  19:50:00  14 45 36.3  -04 24 27  +000749.3 -000049.7  20 40 55.2  124.303 22.858  18.26  41469 16.3
2010-04-15  20:00:00  14 53 54.5  -04 32 51  +000745.7 -000051.1  20 42 38.6  124.772 22.988  20.18  41564 16.3
2010-04-15  20:10:00  15 02 10.4  -04 41 29  +000742.4 -000052.4  20 44 24.3  125.254 23.118  22.12  41649 16.3
2010-04-15  20:20:00  15 10 24.5  -04 50 19  +000739.7 -000053.6  20 46 11.9  125.746 23.248  24.06  41720 16.3
2010-04-15  20:30:00  15 18 36.8  -04 59 21  +000737.5 -000054.8  20 48 01.2  126.247 23.377  26.02  41779 16.4
2010-04-15  20:40:00  15 26 47.9  -05 08 35  +000735.7 -000056.0  20 49 51.8  126.756 23.505  27.97  41826 16.4
2010-04-15  20:50:00  15 34 57.8  -05 18 00  +000734.3 -000057.1  20 51 43.5  127.272 23.631  29.93  41861 16.4
2010-04-15  21:00:00  15 43 07.0  -05 27 36  +000733.4 -000058.1  20 53 35.9  127.794 23.753  31.89  41883 16.4
2010-04-15  21:10:00  15 51 15.8  -05 37 22  +000732.9 -000059.1  20 55 28.8  128.320 23.872  33.86  41893 16.4
2010-04-15  21:20:00  15 59 24.2  -05 47 19  +000732.8 -000060.1  20 57 22.1  128.850 23.987  35.82  41892 16.5
2010-04-15  21:30:00  16 07 32.8  -05 57 25  +000733.2 -000061.0  20 59 15.0  129.381 24.097  37.79  41878 16.5
2010-04-15  21:40:00  16 15 41.9  -06 07 39  +000734.1 -000061.9  21 01 07.6  129.913 24.202  39.76  41852 16.5
2010-04-15  21:50:00  16 23 51.8  -06 18 02  +000735.4 -000062.7  21 02 59.4  130.445 24.301  41.74  41815 16.5
2010-04-15  22:00:00  16 32 02.6  -06 28 33  +000737.2 -000063.5  21 04 50.2  130.974 24.393  43.72  41765 16.5
2010-04-15  22:10:00  16 40 14.8  -06 39 12  +000739.4 -000064.2  21 06 39.7  131.500 24.478  45.72  41703 16.6
2010-04-15  22:20:00  16 48 28.6  -06 49 58  +000742.1 -000064.9  21 08 27.5  132.022 24.556  47.71  41630 16.6
2010-04-15  22:30:00  16 56 44.1  -07 00 51  +000745.2 -000065.6  21 10 13.6  132.538 24.626  49.72  41545 16.6
2010-04-15  22:40:00  17 05 02.1  -07 11 50  +000748.8 -000066.2  21 11 57.3  133.047 24.687  51.73  41449 16.6
2010-04-15  22:50:00  17 13 22.6  -07 22 55  +000752.9 -000066.8  21 13 38.4  133.547 24.739  53.76  41341 16.7
2010-04-15  23:00:00  17 21 46.1  -07 34 06  +000757.5 -000067.3  21 15 16.6  134.036 24.782  55.79  41222 16.7
2010-04-15  23:10:00  17 30 12.8  -07 45 21  +000762.6 -000067.7  21 16 51.5  134.513 24.814  57.84  41092 16.7
2010-04-15  23:20:00  17 38 43.1  -07 56 40  +000768.3 -000068.1  21 18 22.9  134.977 24.837  59.89  40950 16.8
2010-04-15  23:30:00  17 47 17.2  -08 08 04  +000774.4 -000068.5  21 19 50.4  135.426 24.848  61.98  40798 16.8
2010-04-15  23:40:00  17 55 55.4  -08 19 31  +000780.9 -000068.8  21 21 13.9  135.860 24.850  64.06  40635 16.8
2010-04-15  23:50:00  18 04 38.4  -08 30 60  +000788.2 -000069.0  21 22 32.5  136.275 24.839  66.18  40462 16.8
2010-04-16  00:00:00  18 13 26.4  -08 42 31  +000795.9 -000069.2  21 23 46.2  136.670 24.816  68.30  40278 16.9
2010-04-16  00:10:00  18 22 19.7  -08 54 03  +000804.3 -000069.2  21 24 54.4  137.043 24.781  70.45  40084 16.9
2010-04-16  00:20:00  18 31 18.9  -09 05 35  +000813.2 -000069.2  21 25 57.0  137.393 24.734  72.61  39880 17.0
2010-04-16  00:30:00  18 40 24.1  -09 17 07  +000822.8 -000069.1  21 26 53.3  137.718 24.674  74.80  39667 17.0
2010-04-16  00:40:00  18 49 36.0  -09 28 37  +000832.9 -000068.9  21 27 43.1  138.015 24.601  77.01  39444 17.0
2010-04-16  00:50:00  18 58 54.5  -09 40 06  +000843.6 -000068.6  21 28 26.3  138.286 24.514  79.25  39212 17.1
2010-04-16  01:00:00  19 08 20.6  -09 51 31  +000855.0 -000068.2  21 29 01.8  138.525 24.413  81.51  38971 17.1
2010-04-16  01:10:00  19 17 54.6  -10 02 50  +000867.1 -000067.7  21 29 29.4  138.731 24.299  83.81  38721 17.2
2010-04-16  01:20:00  19 27 36.9  -10 14 04  +000879.9 -000067.0  21 29 48.8  138.903 24.169  86.12  38464 17.2
2010-04-16  01:30:00  19 37 27.9  -10 25 10  +000893.4 -000066.2  21 29 59.4  139.039 24.025  88.48  38199 17.3
2010-04-16  01:40:00  19 47 28.2  -10 36 07  +000907.6 -000065.2  21 30 00.7  139.136 23.865  90.85  37926 17.3
2010-04-16  01:50:00  19 57 38.2  -10 46 53  +000922.5 -000064.0  21 29 52.4  139.193 23.690  93.27  37646 17.4
2010-04-16  02:00:00  20 07 58.0  -10 57 29  +000938.0 -000062.7  21 29 34.3  139.209 23.499  95.72  37360 17.4
2010-04-16  02:10:00  20 18 28.7  -11 07 48  +000954.4 -000061.2  21 29 05.2  139.180 23.292  98.21  37068 17.5

   Date        UTC        RA         DECL      RARate   DeclRate    HourAng      Az     Um    Phase  Range  Mag
2010-04-19  21:40:00  08 46 31.6  -03 23 38  +001240.7 +000049.1  04 46 04.2  254.083 10.101  75.63  33677 16.7
2010-04-19  21:50:00  09 00 10.5  -03 15 55  +001216.0 +000043.5  04 42 26.9  253.482 10.796  72.31  33968 16.6
2010-04-19  22:00:00  09 13 33.0  -03 09 08  +001191.6 +000038.0  04 39 06.0  252.920 11.434  69.07  34269 16.5
2010-04-19  22:10:00  09 26 39.7  -03 03 15  +001167.6 +000032.7  04 36 01.0  252.394 12.015  65.87  34578 16.5
2010-04-19  22:20:00  09 39 30.2  -02 58 14  +001143.9 +000027.5  04 33 12.1  251.909 12.540  62.76  34894 16.5
2010-04-19  22:30:00  09 52 05.1  -02 54 04  +001120.8 +000022.5  04 30 38.9  251.462 13.010  59.69  35216 16.4
2010-04-19  22:40:00  10 04 24.7  -02 50 43  +001098.2 +000017.8  04 28 20.9  251.053 13.428  56.70  35543 16.4
2010-04-19  22:50:00  10 16 29.5  -02 48 08  +001076.2 +000013.2  04 26 17.8  250.682 13.795  53.76  35873 16.4
2010-04-19  23:00:00  10 28 19.8  -02 46 19  +001054.9 +000008.8  04 24 29.1  250.349 14.113  50.89  36206 16.3
2010-04-19  23:10:00  10 39 56.2  -02 45 12  +001034.3 +000004.6  04 22 54.4  250.052 14.383  48.07  36539 16.3
2010-04-19  23:20:00  10 51 19.4  -02 44 47  +001014.6 +000000.6  04 21 32.8  249.790 14.608  45.31  36874 16.3
2010-04-19  23:30:00  11 02 29.3  -02 45 00  +000995.4 -000003.2  04 20 24.5  249.563 14.789  42.60  37207 16.3
2010-04-19  23:40:00  11 13 26.8  -02 45 50  +000977.0 -000006.7  04 19 28.7  249.371 14.929  39.96  37539 16.3
2010-04-19  23:50:00  11 24 12.2  -02 47 15  +000959.4 -000010.1  04 18 44.9  249.211 15.029  37.36  37868 16.3
2010-04-20  00:00:00  11 34 46.1  -02 49 12  +000942.5 -000013.3  04 18 12.6  249.083 15.091  34.82  38194 16.3
2010-04-20  00:10:00  11 45 09.0  -02 51 40  +000926.3 -000016.3  04 17 51.4  248.985 15.116  32.32  38515 16.2
2010-04-20  00:20:00  11 55 21.4  -02 54 38  +000910.9 -000019.1  04 17 40.6  248.917 15.107  29.89  38833 16.2
2010-04-20  00:30:00  12 05 23.9  -02 58 04  +000896.3 -000021.8  04 17 39.7  248.876 15.066  27.50  39145 16.2
2010-04-20  00:40:00  12 15 16.8  -03 01 55  +000882.3 -000024.3  04 17 48.5  248.862 14.993  25.17  39451 16.2
2010-04-20  00:50:00  12 25 00.5  -03 06 10  +000869.1 -000026.7  04 18 06.4  248.874 14.891  22.88  39751 16.2
2010-04-20  01:00:00  12 34 35.7  -03 10 49  +000856.5 -000028.9  04 18 32.9  248.909 14.761  20.67  40044 16.2
2010-04-20  01:10:00  12 44 02.7  -03 15 48  +000844.6 -000031.0  04 19 07.6  248.968 14.604  18.51  40329 16.2
2010-04-20  01:20:00  12 53 22.0  -03 21 08  +000833.3 -000033.0  04 19 49.9  249.048 14.423  16.44  40607 16.2
2010-04-20  01:30:00  13 02 33.9  -03 26 47  +000822.7 -000034.8  04 20 39.6  249.148 14.217  14.44  40875 16.2
2010-04-20  01:40:00  13 11 39.1  -03 32 45  +000812.7 -000036.6  04 21 36.1  249.267 13.990  12.58  41137 16.3
2010-04-20  01:50:00  13 20 37.8  -03 38 59  +000803.4 -000038.2  04 22 39.0  249.403 13.741  10.86  41388 16.3
2010-04-20  02:00:00  13 29 30.4  -03 45 28  +000794.6 -000039.7  04 23 48.1  249.556 13.473   9.38  41630 16.3

   Date        UTC        RA         DECL      RARate   DeclRate    HourAng      Az     Um    Phase  Range  Mag
2010-04-20  18:00:00  08 42 11.5  -03 59 05  +001311.4 +000067.6  01 13 44.6  203.280 37.039  77.35  30397 16.5
2010-04-20  18:10:00  08 56 36.1  -03 48 23  +001282.4 +000061.0  01 09 21.7  202.016 37.502  73.86  30717 16.4
2010-04-20  18:20:00  09 10 41.4  -03 38 46  +001253.6 +000054.4  01 05 18.0  200.828 37.912  70.45  31047 16.4
2010-04-20  18:30:00  09 24 27.7  -03 30 14  +001225.3 +000048.0  01 01 33.4  199.718 38.274  67.11  31386 16.3
2010-04-20  18:40:00  09 37 55.3  -03 22 46  +001197.5 +000041.7  00 58 07.4  198.690 38.590  63.85  31732 16.3
2010-04-20  18:50:00  09 51 04.6  -03 16 19  +001170.4 +000035.7  00 54 59.8  197.742 38.864  60.65  32084 16.2
2010-04-20  19:00:00  10 03 56.1  -03 10 51  +001144.0 +000029.9  00 52 10.0  196.877 39.098  57.54  32439 16.2
2010-04-20  19:10:00  10 16 30.6  -03 06 21  +001118.6 +000024.3  00 49 37.1  196.091 39.296  54.49  32798 16.2
2010-04-20  19:20:00  10 28 48.0  -03 02 45  +001093.8 +000019.0  00 47 21.3  195.388 39.461  51.52  33158 16.2
2010-04-20  19:30:00  10 40 49.2  -03 00 01  +001069.9 +000013.9  00 45 21.8  194.764 39.595  48.60  33519 16.1
2010-04-20  19:40:00  10 52 34.7  -02 58 06  +001046.9 +000009.1  00 43 37.9  194.218 39.701  45.76  33879 16.1
2010-04-20  19:50:00  11 04 05.2  -02 56 57  +001024.8 +000004.6  00 42 09.0  193.748 39.782  42.98  34237 16.1
2010-04-20  20:00:00  11 15 21.3  -02 56 34  +001003.6 +000000.2  00 40 54.6  193.352 39.838  40.26  34592 16.1
2010-04-20  20:10:00  11 26 23.6  -02 56 52  +000983.3 -000003.8  00 39 54.0  193.026 39.873  37.60  34943 16.1
2010-04-20  20:20:00  11 37 12.8  -02 57 51  +000964.0 -000007.7  00 39 06.4  192.768 39.888  35.01  35291 16.1
2010-04-20  20:30:00  11 47 49.2  -02 59 26  +000945.4 -000011.3  00 38 31.6  192.576 39.883  32.47  35633 16.1
2010-04-20  20:40:00  11 58 13.6  -03 01 37  +000927.8 -000014.7  00 38 08.8  192.447 39.862  30.00  35969 16.1
2010-04-20  20:50:00  12 08 26.5  -03 04 20  +000911.0 -000017.9  00 37 57.6  192.378 39.824  27.57  36298 16.1
2010-04-20  21:00:00  12 18 28.5  -03 07 35  +000895.0 -000021.0  00 37 57.2  192.366 39.770  25.22  36621 16.1
2010-04-20  21:10:00  12 28 20.1  -03 11 19  +000879.9 -000023.8  00 38 07.3  192.408 39.703  22.91  36936 16.1
2010-04-20  21:20:00  12 38 01.9  -03 15 30  +000865.6 -000026.5  00 38 27.1  192.500 39.621  20.69  37242 16.1
2010-04-20  21:30:00  12 47 34.5  -03 20 08  +000852.0 -000029.0  00 38 56.2  192.640 39.527  18.52  37541 16.1
2010-04-20  21:40:00  12 56 58.2  -03 25 10  +000839.2 -000031.3  00 39 34.1  192.826 39.420  16.45  37831 16.1
2010-04-20  21:50:00  13 06 13.5  -03 30 35  +000827.0 -000033.5  00 40 20.4  193.054 39.301  14.46  38111 16.1
2010-04-20  22:00:00  13 15 21.0  -03 36 21  +000815.6 -000035.6  00 41 14.6  193.321 39.171  12.62  38381 16.1
2010-04-20  22:10:00  13 24 21.2  -03 42 27  +000804.9 -000037.6  00 42 16.1  193.625 39.029  10.93  38641 16.1
2010-04-20  22:20:00  13 33 14.4  -03 48 52  +000794.8 -000039.4  00 43 24.5  193.964 38.877   9.49  38892 16.1
2010-04-20  22:30:00  13 42 01.1  -03 55 35  +000785.4 -000041.1  00 44 39.4  194.333 38.714   8.38  39131 16.1
2010-04-20  22:40:00  13 50 41.7  -04 02 35  +000776.6 -000042.8  00 46 00.5  194.732 38.540   7.75  39361 16.1
2010-04-20  22:50:00  13 59 16.6  -04 09 51  +000768.4 -000044.3  00 47 27.2  195.157 38.357   7.66  39579 16.2
2010-04-20  23:00:00  14 07 46.3  -04 17 22  +000760.7 -000045.8  00 48 59.1  195.606 38.164   8.13  39786 16.2
2010-04-20  23:10:00  14 16 11.1  -04 25 06  +000753.7 -000047.1  00 50 36.0  196.077 37.961   9.07  39982 16.2
2010-04-20  23:20:00  14 24 31.4  -04 33 04  +000747.2 -000048.4  00 52 17.4  196.568 37.749  10.32  40166 16.2
2010-04-20  23:30:00  14 32 47.5  -04 41 15  +000741.2 -000049.6  00 54 02.9  197.076 37.528  11.79  40338 16.2
2010-04-20  23:40:00  14 40 59.8  -04 49 37  +000735.8 -000050.8  00 55 52.2  197.599 37.298  13.39  40499 16.2
2010-04-20  23:50:00  14 49 08.6  -04 58 11  +000730.9 -000051.9  00 57 45.0  198.135 37.059  15.08  40649 16.2
2010-04-21  00:00:00  14 57 14.4  -05 06 55  +000726.5 -000052.9  00 59 40.9  198.682 36.811  16.82  40786 16.3
2010-04-21  00:10:00  15 05 17.4  -05 15 49  +000722.6 -000053.9  01 01 39.6  199.239 36.556  18.61  40911 16.3
2010-04-21  00:20:00  15 13 18.0  -05 24 52  +000719.2 -000054.8  01 03 40.6  199.803 36.293  20.42  41024 16.3
2010-04-21  00:30:00  15 21 16.4  -05 34 04  +000716.3 -000055.6  01 05 43.8  200.372 36.022  22.25  41124 16.3
2010-04-21  00:40:00  15 29 13.1  -05 43 25  +000713.8 -000056.5  01 07 48.8  200.945 35.745  24.08  41212 16.3
2010-04-21  00:50:00  15 37 08.3  -05 52 53  +000711.9 -000057.2  01 09 55.2  201.521 35.460  25.94  41288 16.3
2010-04-21  01:00:00  15 45 02.2  -06 02 30  +000710.3 -000058.0  01 12 03.0  202.097 35.169  27.79  41352 16.4
2010-04-21  01:10:00  15 52 55.3  -06 12 14  +000709.2 -000058.7  01 14 11.5  202.672 34.872  29.66  41402 16.4
2010-04-21  01:20:00  16 00 47.9  -06 22 04  +000708.6 -000059.3  01 16 20.5  203.244 34.570  31.52  41441 16.4
2010-04-21  01:30:00  16 08 40.3  -06 32 00  +000708.5 -000059.9  01 18 29.8  203.812 34.262  33.40  41466 16.4
2010-04-21  01:40:00  16 16 32.7  -06 42 02  +000708.8 -000060.5  01 20 39.1  204.374 33.950  35.28  41479 16.4
2010-04-21  01:50:00  16 24 25.4  -06 52 10  +000709.6 -000061.1  01 22 47.9  204.929 33.634  37.17  41479 16.5
2010-04-21  02:00:00  16 32 18.9  -07 02 23  +000710.8 -000061.6  01 24 56.1  205.476 33.315  39.05  41466 16.5

   Date        UTC        RA         DECL      RARate   DeclRate    HourAng      Az     Um    Phase  Range  Mag
2010-04-21  18:00:00  13 04 25.4  -03 12 05  +000849.0 -000027.2  20 55 27.3  126.851 25.894  15.81  38467 16.1
2010-04-21  18:10:00  13 13 47.2  -03 16 50  +000836.5 -000029.6  20 56 07.1  127.053 25.919  13.90  38760 16.1
2010-04-21  18:20:00  13 23 00.9  -03 21 58  +000824.6 -000031.9  20 56 55.1  127.290 25.958  12.16  39040 16.1
2010-04-21  18:30:00  13 32 06.9  -03 27 29  +000813.5 -000034.1  20 57 50.7  127.562 26.008  10.62  39311 16.1
2010-04-21  18:40:00  13 41 05.7  -03 33 21  +000803.0 -000036.2  20 58 53.5  127.865 26.069   9.39  39568 16.2
2010-04-21  18:50:00  13 49 57.8  -03 39 32  +000793.1 -000038.1  21 00 03.2  128.198 26.140   8.57  39814 16.2
2010-04-21  19:00:00  13 58 43.4  -03 46 03  +000783.9 -000039.9  21 01 19.2  128.559 26.220   8.26  40047 16.2
2010-04-21  19:10:00  14 07 23.1  -03 52 51  +000775.3 -000041.6  21 02 41.1  128.947 26.308   8.49  40269 16.2
2010-04-21  19:20:00  14 15 57.3  -03 59 56  +000767.2 -000043.3  21 04 08.6  129.361 26.403   9.21  40477 16.2
2010-04-21  19:30:00  14 24 26.2  -04 07 16  +000759.8 -000044.8  21 05 41.3  129.797 26.505  10.30  40674 16.2
2010-04-21  19:40:00  14 32 50.3  -04 14 52  +000752.8 -000046.3  21 07 18.8  130.257 26.612  11.65  40858 16.2
2010-04-21  19:50:00  14 41 10.1  -04 22 42  +000746.4 -000047.7  21 09 00.7  130.737 26.724  13.18  41029 16.3
2010-04-21  20:00:00  14 49 25.7  -04 30 45  +000740.5 -000049.0  21 10 46.7  131.236 26.839  14.81  41188 16.3
2010-04-21  20:10:00  14 57 37.6  -04 39 01  +000735.2 -000050.2  21 12 36.5  131.753 26.958  16.52  41333 16.3
2010-04-21  20:20:00  15 05 46.1  -04 47 29  +000730.4 -000051.4  21 14 29.6  132.287 27.078  18.28  41466 16.3
2010-04-21  20:30:00  15 13 51.5  -04 56 08  +000726.0 -000052.5  21 16 25.8  132.836 27.200  20.07  41586 16.3
2010-04-21  20:40:00  15 21 54.2  -05 04 59  +000722.2 -000053.5  21 18 24.8  133.399 27.323  21.88  41692 16.3
2010-04-21  20:50:00  15 29 54.4  -05 13 60  +000718.7 -000054.6  21 20 26.3  133.975 27.445  23.72  41787 16.3
2010-04-21  21:00:00  15 37 52.5  -05 23 11  +000715.8 -000055.5  21 22 29.8  134.562 27.566  25.55  41868 16.4
2010-04-21  21:10:00  15 45 48.9  -05 32 30  +000713.3 -000056.4  21 24 35.1  135.159 27.686  27.41  41936 16.4
2010-04-21  21:20:00  15 53 43.7  -05 41 59  +000711.4 -000057.3  21 26 41.8  135.765 27.803  29.26  41991 16.4
2010-04-21  21:30:00  16 01 37.5  -05 51 36  +000709.8 -000058.1  21 28 49.8  136.378 27.918  31.12  42033 16.4
2010-04-21  21:40:00  16 09 30.3  -06 01 21  +000708.8 -000058.9  21 30 58.6  136.998 28.029  32.98  42063 16.4
2010-04-21  21:50:00  16 17 22.6  -06 11 14  +000708.1 -000059.6  21 33 07.9  137.621 28.135  34.85  42079 16.5
2010-04-21  22:00:00  16 25 14.4  -06 21 15  +000707.9 -000060.4  21 35 17.8  138.250 28.238  36.72  42083 16.5
2010-04-21  22:10:00  16 33 06.4  -06 31 22  +000708.2 -000061.0  21 37 27.4  138.879 28.334  38.60  42074 16.5
2010-04-21  22:20:00  16 40 58.7  -06 41 35  +000708.9 -000061.6  21 39 36.7  139.509 28.425  40.48  42052 16.5
2010-04-21  22:30:00  16 48 51.7  -06 51 55  +000710.1 -000062.2  21 41 45.4  140.138 28.510  42.37  42018 16.5
2010-04-21  22:40:00  16 56 45.6  -07 02 20  +000711.8 -000062.8  21 43 53.1  140.765 28.588  44.25  41970 16.6
2010-04-21  22:50:00  17 04 40.8  -07 12 50  +000713.9 -000063.3  21 45 59.5  141.388 28.659  46.16  41910 16.6
2010-04-21  23:00:00  17 12 37.6  -07 23 26  +000716.5 -000063.8  21 48 04.4  142.005 28.722  48.06  41838 16.6
2010-04-21  23:10:00  17 20 36.0  -07 34 07  +000719.4 -000064.2  21 50 07.7  142.617 28.777  49.98  41754 16.6
2010-04-21  23:20:00  17 28 36.8  -07 44 51  +000723.0 -000064.6  21 52 08.5  143.220 28.824  51.89  41656 16.7
2010-04-21  23:30:00  17 36 40.1  -07 55 39  +000727.0 -000065.0  21 54 06.9  143.813 28.862  53.83  41547 16.7
2010-04-21  23:40:00  17 44 46.3  -08 06 31  +000731.6 -000065.3  21 56 02.3  144.394 28.892  55.77  41425 16.7
2010-04-21  23:50:00  17 52 55.6  -08 17 26  +000736.6 -000065.6  21 57 54.6  144.961 28.912  57.74  41292 16.7
2010-04-22  00:00:00  18 01 08.6  -08 28 23  +000742.2 -000065.8  21 59 43.3  145.514 28.923  59.70  41146 16.8
2010-04-22  00:10:00  18 09 25.4  -08 39 22  +000748.3 -000066.0  22 01 28.1  146.050 28.924  61.69  40988 16.8
2010-04-22  00:20:00  18 17 46.1  -08 50 23  +000754.9 -000066.1  22 03 09.0  146.569 28.915  63.69  40820 16.8
2010-04-22  00:30:00  18 26 11.8  -09 01 25  +000762.1 -000066.2  22 04 45.0  147.066 28.896  65.71  40639 16.8
2010-04-22  00:40:00  18 34 42.4  -09 12 26  +000769.9 -000066.2  22 06 16.1  147.542 28.867  67.74  40447 16.9
2010-04-22  00:50:00  18 43 18.4  -09 23 28  +000778.3 -000066.1  22 07 41.7  147.993 28.828  69.81  40243 16.9
2010-04-22  01:00:00  18 52 00.2  -09 34 29  +000787.3 -000066.0  22 09 01.5  148.418 28.778  71.88  40029 16.9
2010-04-22  01:10:00  19 00 48.2  -09 45 27  +000796.9 -000065.8  22 10 15.1  148.815 28.718  73.98  39803 17.0
2010-04-22  01:20:00  19 09 42.9  -09 56 23  +000807.2 -000065.4  22 11 22.1  149.183 28.647  76.10  39568 17.0
2010-04-22  01:30:00  19 18 44.3  -10 07 17  +000818.0 -000065.1  22 12 22.3  149.519 28.566  78.25  39321 17.1
2010-04-22  01:40:00  19 27 53.5  -10 18 06  +000829.7 -000064.6  22 13 14.8  149.821 28.473  80.42  39065 17.1
2010-04-22  01:50:00  19 37 10.7  -10 28 48  +000842.0 -000064.0  22 13 59.2  150.086 28.370  82.63  38799 17.1
2010-04-22  02:00:00  19 46 36.4  -10 39 25  +000855.1 -000063.2  22 14 35.2  150.313 28.256  84.85  38523 17.2

   Date        UTC        RA         DECL      RARate   DeclRate    HourAng      Az     Um    Phase  Range  Mag
2010-04-26  18:10:00  08 27 52.6  -04 15 18  +001422.6 +000076.1  02 01 44.5  216.860 32.633  86.19  29444 16.6
2010-04-26  18:20:00  08 43 30.3  -04 03 12  +001390.4 +000069.0  01 56 08.5  215.438 33.387  82.46  29745 16.6
2010-04-26  18:30:00  08 58 46.4  -03 52 17  +001357.9 +000061.9  01 50 54.0  214.079 34.069  78.79  30064 16.5
2010-04-26  18:40:00  09 13 41.4  -03 42 35  +001325.7 +000054.9  01 46 00.7  212.788 34.683  75.22  30398 16.4
2010-04-26  18:50:00  09 28 14.5  -03 34 00  +001293.6 +000048.0  01 41 29.2  211.571 35.231  71.72  30744 16.4
2010-04-26  19:00:00  09 42 26.3  -03 26 34  +001261.9 +000041.4  01 37 19.1  210.432 35.717  68.31  31103 16.3
2010-04-26  19:10:00  09 56 17.1  -03 20 12  +001230.8 +000034.9  01 33 29.9  209.371 36.145  64.97  31470 16.3
2010-04-26  19:20:00  10 09 47.5  -03 14 54  +001200.4 +000028.7  01 30 01.2  208.392 36.518  61.73  31845 16.2
2010-04-26  19:30:00  10 22 57.9  -03 10 37  +001170.9 +000022.9  01 26 52.4  207.495 36.840  58.56  32226 16.2
2010-04-26  19:40:00  10 35 48.9  -03 07 16  +001142.2 +000017.3  01 24 03.1  206.679 37.114  55.48  32611 16.2
2010-04-26  19:50:00  10 48 21.5  -03 04 52  +001114.7 +000011.9  01 21 32.1  205.944 37.345  52.46  32999 16.2
2010-04-26  20:00:00  11 00 35.7  -03 03 18  +001088.0 +000006.9  01 19 19.6  205.291 37.534  49.53  33389 16.1
2010-04-26  20:10:00  11 12 32.4  -03 02 33  +001062.4 +000002.2  01 17 24.4  204.717 37.686  46.66  33778 16.1
2010-04-26  20:20:00  11 24 12.4  -03 02 33  +001037.8 -000002.2  01 15 46.1  204.221 37.803  43.88  34167 16.1
2010-04-26  20:30:00  11 35 36.4  -03 03 16  +001014.3 -000006.4  01 14 23.7  203.800 37.888  41.15  34553 16.1
2010-04-26  20:40:00  11 46 45.0  -03 04 40  +000991.8 -000010.2  01 13 16.7  203.453 37.943  38.51  34936 16.1
2010-04-26  20:50:00  11 57 39.0  -03 06 40  +000970.3 -000013.8  01 12 24.4  203.175 37.970  35.92  35315 16.1
2010-04-26  21:00:00  12 08 19.3  -03 09 17  +000950.0 -000017.3  01 11 45.8  202.964 37.972  33.42  35690 16.1
2010-04-26  21:10:00  12 18 46.1  -03 12 26  +000930.5 -000020.4  01 11 20.6  202.819 37.949  30.96  36058 16.1
2010-04-26  21:20:00  12 29 00.2  -03 16 05  +000912.0 -000023.3  01 11 08.2  202.735 37.905  28.59  36420 16.1
2010-04-26  21:30:00  12 39 02.3  -03 20 12  +000894.5 -000026.1  01 11 07.7  202.709 37.839  26.27  36775 16.1
2010-04-26  21:40:00  12 48 53.0  -03 24 45  +000877.8 -000028.6  01 11 18.6  202.739 37.754  24.04  37122 16.1
2010-04-26  21:50:00  12 58 33.0  -03 29 43  +000862.1 -000030.9  01 11 40.3  202.821 37.650  21.86  37461 16.1
2010-04-26  22:00:00  13 08 02.7  -03 35 04  +000847.2 -000033.1  01 12 12.2  202.952 37.528  19.79  37792 16.1
2010-04-26  22:10:00  13 17 22.9  -03 40 47  +000833.2 -000035.2  01 12 53.7  203.128 37.390  17.79  38114 16.1
2010-04-26  22:20:00  13 26 33.9  -03 46 48  +000820.0 -000037.1  01 13 44.3  203.348 37.236  15.92  38426 16.1
2010-04-26  22:30:00  13 35 36.4  -03 53 08  +000807.5 -000038.9  01 14 43.5  203.609 37.067  14.17  38727 16.1
2010-04-26  22:40:00  13 44 30.8  -03 59 45  +000795.8 -000040.5  01 15 50.7  203.907 36.883  12.60  39019 16.1
2010-04-26  22:50:00  13 53 17.6  -04 06 38  +000784.8 -000042.0  01 17 05.6  204.239 36.685  11.25  39300 16.1
2010-04-26  23:00:00  14 01 57.3  -04 13 46  +000774.4 -000043.4  01 18 27.5  204.603 36.474  10.20  39570 16.2
2010-04-26  23:10:00  14 10 30.3  -04 21 07  +000764.8 -000044.8  01 19 56.1  204.996 36.250   9.51  39829 16.2
2010-04-26  23:20:00  14 18 57.1  -04 28 42  +000755.8 -000046.0  01 21 30.9  205.416 36.013   9.26  40078 16.2
2010-04-26  23:30:00  14 27 18.2  -04 36 28  +000747.4 -000047.2  01 23 11.5  205.860 35.765   9.45  40314 16.2
2010-04-26  23:40:00  14 35 33.9  -04 44 25  +000739.7 -000048.2  01 24 57.5  206.326 35.505  10.06  40538 16.2
2010-04-26  23:50:00  14 43 44.6  -04 52 32  +000732.5 -000049.2  01 26 48.4  206.812 35.233  11.01  40751 16.2
2010-04-27  00:00:00  14 51 50.7  -05 00 49  +000726.0 -000050.1  01 28 43.9  207.315 34.951  12.19  40951 16.2
2010-04-27  00:10:00  14 59 52.7  -05 09 14  +000719.9 -000051.0  01 30 43.6  207.833 34.659  13.56  41139 16.3
2010-04-27  00:20:00  15 07 50.8  -05 17 49  +000714.5 -000051.8  01 32 47.1  208.365 34.357  15.04  41315 16.3
2010-04-27  00:30:00  15 15 45.3  -05 26 31  +000709.4 -000052.6  01 34 54.3  208.908 34.045  16.61  41479 16.3
2010-04-27  00:40:00  15 23 36.8  -05 35 21  +000705.0 -000053.3  01 37 04.4  209.460 33.724  18.24  41630 16.3
2010-04-27  00:50:00  15 31 25.4  -05 44 17  +000701.1 -000053.9  01 39 17.4  210.020 33.395  19.91  41768 16.3
2010-04-27  01:00:00  15 39 11.6  -05 53 19  +000697.6 -000054.5  01 41 32.9  210.586 33.057  21.61  41893 16.3
2010-04-27  01:10:00  15 46 55.7  -06 02 27  +000694.7 -000055.1  01 43 50.4  211.156 32.712  23.33  42005 16.4
2010-04-27  01:20:00  15 54 38.0  -06 11 41  +000692.2 -000055.6  01 46 09.8  211.728 32.360  25.07  42105 16.4
2010-04-27  01:30:00  16 02 18.8  -06 20 60  +000690.2 -000056.1  01 48 30.6  212.302 32.001  26.82  42191 16.4
2010-04-27  01:40:00  16 09 58.3  -06 30 24  +000688.6 -000056.6  01 50 52.8  212.876 31.635  28.58  42264 16.4
2010-04-27  01:50:00  16 17 37.0  -06 39 52  +000687.6 -000057.0  01 53 15.7  213.447 31.265  30.36  42324 16.4

   Date        UTC        RA         DECL      RARate   DeclRate    HourAng      Az     Um    Phase  Range  Mag
2010-04-27  18:10:00  13 06 41.8  -03 19 16  +000872.3 -000027.0  21 26 51.9  134.481 29.900  21.01  37500 16.1
2010-04-27  18:20:00  13 16 18.2  -03 23 59  +000856.8 -000029.5  21 27 17.2  134.631 29.883  18.97  37846 16.1
2010-04-27  18:30:00  13 25 44.4  -03 29 06  +000842.1 -000031.9  21 27 52.5  134.827 29.881  17.04  38180 16.1
2010-04-27  18:40:00  13 35 01.2  -03 34 36  +000828.3 -000034.1  21 28 37.4  135.067 29.892  15.25  38503 16.1
2010-04-27  18:50:00  13 44 09.0  -03 40 27  +000815.2 -000036.1  21 29 31.2  135.347 29.916  13.61  38814 16.1
2010-04-27  19:00:00  13 53 08.4  -03 46 38  +000803.0 -000038.0  21 30 33.5  135.666 29.951  12.20  39113 16.1
2010-04-27  19:10:00  14 01 59.8  -03 53 08  +000791.4 -000039.8  21 31 43.7  136.022 29.997  11.06  39400 16.2
2010-04-27  19:20:00  14 10 43.8  -03 59 55  +000780.5 -000041.5  21 33 01.4  136.412 30.052  10.27  39675 16.2
2010-04-27  19:30:00  14 19 20.7  -04 06 57  +000770.4 -000043.0  21 34 26.1  136.834 30.116   9.88  39936 16.2
2010-04-27  19:40:00  14 27 51.1  -04 14 15  +000760.8 -000044.5  21 35 57.4  137.287 30.188   9.93  40185 16.2
2010-04-27  19:50:00  14 36 15.3  -04 21 46  +000752.0 -000045.8  21 37 34.8  137.769 30.266  10.40  40421 16.2
2010-04-27  20:00:00  14 44 33.8  -04 29 31  +000743.7 -000047.1  21 39 17.9  138.278 30.349  11.22  40643 16.2
2010-04-27  20:10:00  14 52 47.1  -04 37 28  +000736.0 -000048.3  21 41 06.3  138.813 30.438  12.31  40852 16.2
2010-04-27  20:20:00  15 00 55.3  -04 45 38  +000728.9 -000049.4  21 42 59.8  139.372 30.530  13.59  41049 16.3
2010-04-27  20:30:00  15 08 59.0  -04 53 57  +000722.3 -000050.5  21 44 57.7  139.952 30.625  15.02  41232 16.3
2010-04-27  20:40:00  15 16 58.5  -05 02 27  +000716.3 -000051.5  21 46 59.8  140.554 30.723  16.54  41402 16.3
2010-04-27  20:50:00  15 24 54.3  -05 11 07  +000710.9 -000052.4  21 49 05.7  141.174 30.821  18.14  41558 16.3
2010-04-27  21:00:00  15 32 46.5  -05 19 55  +000705.9 -000053.3  21 51 15.1  141.812 30.920  19.78  41700 16.3
2010-04-27  21:10:00  15 40 35.6  -05 28 52  +000701.5 -000054.1  21 53 27.6  142.466 31.019  21.46  41829 16.3
2010-04-27  21:20:00  15 48 22.0  -05 37 56  +000697.6 -000054.9  21 55 42.9  143.135 31.117  23.16  41944 16.4
2010-04-27  21:30:00  15 56 05.7  -05 47 10  +000694.0 -000055.6  21 58 00.9  143.818 31.213  24.89  42047 16.4
2010-04-27  21:40:00  16 03 47.4  -05 56 29  +000691.1 -000056.3  22 00 20.8  144.512 31.306  26.61  42136 16.4
2010-04-27  21:50:00  16 11 27.2  -06 05 55  +000688.6 -000056.9  22 02 42.6  145.216 31.396  28.37  42210 16.4
2010-04-27  22:00:00  16 19 05.6  -06 15 28  +000686.5 -000057.5  22 05 05.9  145.929 31.483  30.11  42272 16.4
2010-04-27  22:10:00  16 26 42.7  -06 25 06  +000685.0 -000058.1  22 07 30.4  146.650 31.565  31.88  42319 16.4
2010-04-27  22:20:00  16 34 18.9  -06 34 50  +000683.9 -000058.6  22 09 55.8  147.376 31.642  33.64  42353 16.5
2010-04-27  22:30:00  16 41 54.6  -06 44 39  +000683.2 -000059.1  22 12 21.8  148.107 31.714  35.42  42374 16.5
2010-04-27  22:40:00  16 49 29.8  -06 54 34  +000682.9 -000059.6  22 14 48.3  148.841 31.780  37.19  42382 16.5
2010-04-27  22:50:00  16 57 05.1  -07 04 33  +000683.2 -000060.1  22 17 14.6  149.576 31.840  38.98  42375 16.5
2010-04-27  23:00:00  17 04 40.8  -07 14 35  +000683.9 -000060.5  22 19 40.5  150.311 31.893  40.76  42356 16.5
2010-04-27  23:10:00  17 12 17.1  -07 24 42  +000685.1 -000060.9  22 22 05.9  151.044 31.939  42.56  42322 16.6
2010-04-27  23:20:00  17 19 54.4  -07 34 53  +000686.8 -000061.2  22 24 30.2  151.773 31.978  44.35  42276 16.6
2010-04-27  23:30:00  17 27 32.9  -07 45 07  +000688.9 -000061.5  22 26 53.4  152.498 32.009  46.17  42216 16.6
2010-04-27  23:40:00  17 35 13.0  -07 55 23  +000691.5 -000061.8  22 29 14.9  153.215 32.032  47.98  42143 16.6
2010-04-27  23:50:00  17 42 54.7  -08 05 44  +000694.4 -000062.1  22 31 34.9  153.926 32.047  49.81  42057 16.6
2010-04-28  00:00:00  17 50 38.8  -08 16 06  +000698.0 -000062.3  22 33 52.4  154.626 32.054  51.64  41958 16.7
2010-04-28  00:10:00  17 58 25.4  -08 26 30  +000702.0 -000062.5  22 36 07.4  155.313 32.053  53.49  41845 16.7
2010-04-28  00:20:00  18 06 14.9  -08 36 56  +000706.6 -000062.6  22 38 19.5  155.988 32.043  55.34  41720 16.7
2010-04-28  00:30:00  18 14 07.7  -08 47 23  +000711.7 -000062.8  22 40 28.4  156.646 32.024  57.22  41581 16.7
2010-04-28  00:40:00  18 22 04.0  -08 57 51  +000717.3 -000062.8  22 42 33.8  157.288 31.997  59.09  41430 16.8
2010-04-28  00:50:00  18 30 04.2  -09 08 19  +000723.5 -000062.9  22 44 35.2  157.910 31.962  61.00  41266 16.8
2010-04-28  01:00:00  18 38 08.4  -09 18 49  +000730.1 -000062.9  22 46 32.6  158.513 31.918  62.91  41089 16.8
2010-04-28  01:10:00  18 46 17.6  -09 29 18  +000737.4 -000062.8  22 48 25.1  159.093 31.866  64.85  40900 16.8
2010-04-28  01:20:00  18 54 31.7  -09 39 45  +000745.3 -000062.7  22 50 12.6  159.647 31.806  66.79  40698 16.9
2010-04-28  01:30:00  19 02 51.4  -09 50 11  +000753.8 -000062.5  22 51 54.6  160.174 31.738  68.77  40484 16.9
2010-04-28  01:40:00  19 11 16.9  -10 00 35  +000762.9 -000062.3  22 53 30.7  160.673 31.662  70.76  40258 16.9
2010-04-28  01:50:00  19 19 48.8  -10 10 56  +000772.7 -000062.0  22 55 00.5  161.140 31.578  72.78  40020 17.0
