ЭФЕМЕРИДЫ ПО ОБЪЕКТУ:  95011
Для пункта:  10016 Маяки   46 23'50.68"   30 16'17.74"    14m
C   2010-04-15 12:00
по  2010-05-01 12:00
Шаг  0:10:00
Мин.угол места:          10 град
Макс.угол места Солнца: -10 град
Стандартный блеск :      5.0 (зв.вел.)

ОБОЗНАЧЕНИЯ
RA        прямое восхождение, тек.эпоха
DECL      склонение, тек.эпоха
RARate    скорость по пр.восх., арксек/мин
DeclRate  скорость по склонению, арксек/мин
HourAng   часовой угол
Az        азимут
Um        угол места
Phase     фазовый угол
Range     дальность
Mag       зв.величина (оценка)

   Date        UTC        RA         DECL      RARate   DeclRate    HourAng      Az     Um    Phase  Range  Mag
2010-04-15  17:50:00  13 52 37.2  -05 22 46  +000896.0 -000047.2  19 33 34.5  111.008 11.814   6.27  40909 11.8
2010-04-15  18:00:00  14 02 34.8  -05 30 41  +000896.9 -000047.8  19 33 38.5  111.108 11.724   8.10  40896 11.8
2010-04-15  18:10:00  14 12 33.0  -05 38 42  +000897.6 -000048.3  19 33 42.0  111.208 11.631  10.20  40884 11.8
2010-04-15  18:20:00  14 22 31.7  -05 46 48  +000898.3 -000048.8  19 33 45.0  111.306 11.536  12.43  40875 11.8
2010-04-15  18:30:00  14 32 30.8  -05 54 57  +000899.0 -000049.1  19 33 47.5  111.404 11.439  14.74  40869 11.8
2010-04-15  18:40:00  14 42 30.3  -06 03 09  +000899.5 -000049.3  19 33 49.7  111.501 11.341  17.09  40864 11.9
2010-04-15  18:50:00  14 52 30.1  -06 11 23  +000900.0 -000049.4  19 33 51.5  111.597 11.241  19.47  40861 11.9
2010-04-15  19:00:00  15 02 30.2  -06 19 38  +000900.3 -000049.5  19 33 53.0  111.692 11.140  21.87  40861 11.9
2010-04-15  19:10:00  15 12 30.5  -06 27 52  +000900.6 -000049.4  19 33 54.4  111.787 11.038  24.29  40862 11.9
2010-04-15  19:20:00  15 22 31.0  -06 36 05  +000900.9 -000049.2  19 33 55.5  111.881 10.936  26.71  40866 11.9
2010-04-15  19:30:00  15 32 31.7  -06 44 17  +000901.0 -000049.0  19 33 56.5  111.973 10.835  29.14  40872 11.9
2010-04-15  19:40:00  15 42 32.4  -06 52 25  +000901.1 -000048.6  19 33 57.4  112.065 10.734  31.57  40880 12.0
2010-04-15  19:50:00  15 52 33.1  -07 00 28  +000901.0 -000048.1  19 33 58.4  112.156 10.633  34.02  40890 12.0
2010-04-15  20:00:00  16 02 33.8  -07 08 27  +000900.9 -000047.6  19 33 59.3  112.246 10.534  36.45  40902 12.0
2010-04-15  20:10:00  16 12 34.3  -07 16 20  +000900.7 -000046.9  19 34 00.4  112.336 10.436  38.90  40915 12.0
2010-04-15  20:20:00  16 22 34.7  -07 24 06  +000900.5 -000046.2  19 34 01.7  112.424 10.340  41.34  40931 12.1
2010-04-15  20:30:00  16 32 34.9  -07 31 44  +000900.1 -000045.4  19 34 03.1  112.512 10.247  43.79  40949 12.1
2010-04-15  20:40:00  16 42 34.9  -07 39 13  +000899.7 -000044.5  19 34 04.8  112.599 10.156  46.22  40968 12.1
2010-04-15  20:50:00  16 52 34.5  -07 46 33  +000899.2 -000043.5  19 34 06.8  112.685 10.067  48.67  40989 12.2

   Date        UTC        RA         DECL      RARate   DeclRate    HourAng      Az     Um    Phase  Range  Mag
2010-04-16  02:00:00  21 55 36.8  -09 21 26  +000852.8 +000010.8  19 41 55.5  115.220 10.079 121.75  42094 14.4
2010-04-16  02:10:00  22 05 04.6  -09 19 29  +000850.8 +000012.6  19 42 29.3  115.309 10.192 123.97  42130 14.5

   Date        UTC        RA         DECL      RARate   DeclRate    HourAng      Az     Um    Phase  Range  Mag
2010-04-16  17:50:00  12 34 43.0  -04 36 51  +000886.9 -000041.4  20 55 25.3  127.702 24.709  16.86  39832 11.8
2010-04-16  18:00:00  12 44 34.7  -04 43 51  +000888.2 -000042.6  20 55 35.2  127.811 24.634  14.55  39804 11.8
2010-04-16  18:10:00  12 54 27.3  -04 51 03  +000889.6 -000043.8  20 55 44.3  127.917 24.554  12.27  39778 11.8
2010-04-16  18:20:00  13 04 20.8  -04 58 27  +000890.8 -000044.9  20 55 52.4  128.023 24.469  10.07  39755 11.8
2010-04-16  18:30:00  13 14 15.1  -05 06 02  +000892.0 -000046.0  20 55 59.8  128.126 24.380   8.01  39733 11.8
2010-04-16  18:40:00  13 24 10.1  -05 13 46  +000893.1 -000046.9  20 56 06.4  128.229 24.287   6.25  39713 11.8
2010-04-16  18:50:00  13 34 05.9  -05 21 39  +000894.2 -000047.7  20 56 12.2  128.329 24.190   5.07  39695 11.8
2010-04-16  19:00:00  13 44 02.4  -05 29 40  +000895.2 -000048.5  20 56 17.4  128.429 24.089   4.95  39679 11.8
2010-04-16  19:10:00  13 53 59.5  -05 37 49  +000896.1 -000049.2  20 56 21.9  128.527 23.985   5.95  39666 11.8
2010-04-16  19:20:00  14 03 57.2  -05 46 03  +000896.9 -000049.7  20 56 25.9  128.623 23.879   7.64  39654 11.8
2010-04-16  19:30:00  14 13 55.4  -05 54 23  +000897.7 -000050.2  20 56 29.3  128.718 23.770   9.67  39645 11.8
2010-04-16  19:40:00  14 23 54.1  -06 02 47  +000898.4 -000050.6  20 56 32.2  128.812 23.659  11.86  39637 11.8
2010-04-16  19:50:00  14 33 53.3  -06 11 14  +000899.0 -000050.8  20 56 34.7  128.904 23.546  14.15  39632 11.8
2010-04-16  20:00:00  14 43 52.8  -06 19 43  +000899.6 -000051.0  20 56 36.8  128.996 23.431  16.49  39629 11.8
2010-04-16  20:10:00  14 53 52.7  -06 28 14  +000900.0 -000051.1  20 56 38.6  129.086 23.316  18.86  39628 11.8
2010-04-16  20:20:00  15 03 52.8  -06 36 45  +000900.4 -000051.0  20 56 40.1  129.175 23.200  21.25  39629 11.8
2010-04-16  20:30:00  15 13 53.2  -06 45 14  +000900.7 -000050.9  20 56 41.4  129.262 23.083  23.66  39633 11.8
2010-04-16  20:40:00  15 23 53.7  -06 53 43  +000900.9 -000050.7  20 56 42.5  129.349 22.967  26.07  39638 11.9
2010-04-16  20:50:00  15 33 54.3  -07 02 08  +000901.0 -000050.3  20 56 43.5  129.435 22.850  28.51  39646 11.9
2010-04-16  21:00:00  15 43 55.0  -07 10 29  +000901.0 -000049.9  20 56 44.5  129.519 22.735  30.93  39655 11.9
2010-04-16  21:10:00  15 53 55.7  -07 18 45  +000901.0 -000049.3  20 56 45.5  129.603 22.621  33.37  39666 11.9
2010-04-16  21:20:00  16 03 56.3  -07 26 55  +000900.8 -000048.7  20 56 46.5  129.686 22.508  35.80  39680 11.9
2010-04-16  21:30:00  16 13 56.8  -07 34 59  +000900.6 -000048.0  20 56 47.7  129.768 22.397  38.24  39695 12.0
2010-04-16  21:40:00  16 23 57.1  -07 42 55  +000900.3 -000047.1  20 56 49.0  129.850 22.289  40.68  39712 12.0
2010-04-16  21:50:00  16 33 57.1  -07 50 42  +000899.9 -000046.2  20 56 50.6  129.930 22.182  43.12  39732 12.0
2010-04-16  22:00:00  16 43 56.9  -07 58 19  +000899.4 -000045.2  20 56 52.5  130.010 22.079  45.55  39752 12.1
2010-04-16  22:10:00  16 53 56.3  -08 05 46  +000898.9 -000044.1  20 56 54.7  130.090 21.979  47.99  39775 12.1
2010-04-16  22:20:00  17 03 55.4  -08 13 01  +000898.2 -000042.9  20 56 57.3  130.169 21.882  50.42  39799 12.1
2010-04-16  22:30:00  17 13 54.0  -08 20 04  +000897.5 -000041.7  20 57 00.3  130.248 21.789  52.86  39825 12.2
2010-04-16  22:40:00  17 23 52.0  -08 26 54  +000896.7 -000040.3  20 57 03.9  130.327 21.701  55.28  39852 12.2
2010-04-16  22:50:00  17 33 49.5  -08 33 31  +000895.8 -000038.9  20 57 08.1  130.406 21.617  57.71  39881 12.3
2010-04-16  23:00:00  17 43 46.4  -08 39 53  +000894.8 -000037.4  20 57 12.8  130.484 21.537  60.13  39911 12.3
2010-04-16  23:10:00  17 53 42.6  -08 45 59  +000893.8 -000035.9  20 57 18.3  130.562 21.463  62.55  39943 12.3
2010-04-16  23:20:00  18 03 38.1  -08 51 50  +000892.7 -000034.3  20 57 24.4  130.641 21.393  64.96  39976 12.4
2010-04-16  23:30:00  18 13 32.8  -08 57 24  +000891.5 -000032.6  20 57 31.3  130.720 21.330  67.37  40010 12.4
2010-04-16  23:40:00  18 23 26.7  -09 02 42  +000890.2 -000030.9  20 57 39.1  130.799 21.272  69.77  40045 12.5
2010-04-16  23:50:00  18 33 19.8  -09 07 42  +000888.9 -000029.1  20 57 47.7  130.878 21.220  72.18  40081 12.6
2010-04-17  00:00:00  18 43 11.9  -09 12 23  +000887.5 -000027.3  20 57 57.2  130.958 21.174  74.56  40118 12.6
2010-04-17  00:10:00  18 53 03.1  -09 16 47  +000886.0 -000025.4  20 58 07.6  131.039 21.134  76.96  40156 12.7
2010-04-17  00:20:00  19 02 53.3  -09 20 51  +000884.5 -000023.5  20 58 19.1  131.120 21.101  79.33  40195 12.7
2010-04-17  00:30:00  19 12 42.5  -09 24 36  +000883.0 -000021.5  20 58 31.5  131.202 21.075  81.72  40234 12.8
2010-04-17  00:40:00  19 22 30.6  -09 28 02  +000881.3 -000019.6  20 58 45.1  131.285 21.056  84.08  40274 12.9
2010-04-17  00:50:00  19 32 17.6  -09 31 08  +000879.6 -000017.6  20 58 59.7  131.369 21.044  86.45  40314 12.9
2010-04-17  01:00:00  19 42 03.4  -09 33 53  +000877.9 -000015.6  20 59 15.5  131.454 21.038  88.79  40355 13.0
2010-04-17  01:10:00  19 51 48.1  -09 36 19  +000876.1 -000013.5  20 59 32.5  131.540 21.041  91.15  40396 13.1
2010-04-17  01:20:00  20 01 31.6  -09 38 24  +000874.3 -000011.5  20 59 50.6  131.628 21.050  93.48  40438 13.1
2010-04-17  01:30:00  20 11 13.9  -09 40 09  +000872.5 -000009.4  21 00 10.0  131.717 21.067  95.82  40479 13.2
2010-04-17  01:40:00  20 20 54.9  -09 41 33  +000870.6 -000007.4  21 00 30.6  131.807 21.091  98.14  40521 13.3
2010-04-17  01:50:00  20 30 34.6  -09 42 37  +000868.6 -000005.3  21 00 52.5  131.899 21.123 100.46  40563 13.4
2010-04-17  02:00:00  20 40 13.1  -09 43 20  +000866.7 -000003.3  21 01 15.7  131.993 21.162 102.76  40604 13.5
2010-04-17  02:10:00  20 49 50.2  -09 43 42  +000864.7 -000001.2  21 01 40.2  132.089 21.209 105.07  40646 13.6

   Date        UTC        RA         DECL      RARate   DeclRate    HourAng      Az     Um    Phase  Range  Mag
2010-04-17  17:50:00  11 15 24.7  -03 57 32  +000873.7 -000030.7  22 18 40.1  148.646 34.879  37.05  39218 11.9
2010-04-17  18:00:00  11 25 07.8  -04 02 48  +000875.5 -000032.4  22 18 58.7  148.772 34.825  34.68  39180 11.9
2010-04-17  18:10:00  11 34 52.1  -04 08 21  +000877.3 -000034.1  22 19 16.1  148.894 34.765  32.30  39142 11.9
2010-04-17  18:20:00  11 44 37.5  -04 14 10  +000879.0 -000035.8  22 19 32.3  149.013 34.698  29.92  39107 11.9
2010-04-17  18:30:00  11 54 24.0  -04 20 16  +000880.6 -000037.4  22 19 47.4  149.128 34.625  27.54  39072 11.8
2010-04-17  18:40:00  12 04 11.6  -04 26 38  +000882.2 -000038.9  22 20 01.4  149.240 34.547  25.17  39040 11.8
2010-04-17  18:50:00  12 14 00.3  -04 33 15  +000883.8 -000040.4  22 20 14.4  149.349 34.463  22.79  39009 11.8
2010-04-17  19:00:00  12 23 50.1  -04 40 06  +000885.3 -000041.8  22 20 26.3  149.453 34.373  20.43  38980 11.8
2010-04-17  19:10:00  12 33 40.8  -04 47 11  +000886.8 -000043.1  22 20 37.2  149.555 34.279  18.07  38952 11.8
2010-04-17  19:20:00  12 43 32.4  -04 54 28  +000888.2 -000044.4  22 20 47.2  149.654 34.179  15.75  38927 11.7
2010-04-17  19:30:00  12 53 25.0  -05 01 58  +000889.5 -000045.5  22 20 56.3  149.749 34.075  13.45  38903 11.7
2010-04-17  19:40:00  13 03 18.4  -05 09 39  +000890.8 -000046.6  22 21 04.5  149.841 33.967  11.22  38881 11.7
2010-04-17  19:50:00  13 13 12.7  -05 17 30  +000892.0 -000047.6  22 21 11.9  149.931 33.855   9.08  38861 11.7
2010-04-17  20:00:00  13 23 07.8  -05 25 32  +000893.1 -000048.5  22 21 18.5  150.017 33.739   7.16  38843 11.7
2010-04-17  20:10:00  13 33 03.5  -05 33 41  +000894.2 -000049.3  22 21 24.3  150.101 33.620   5.65  38827 11.7
2010-04-17  20:20:00  13 43 00.0  -05 41 58  +000895.2 -000050.1  22 21 29.5  150.182 33.498   4.96  38813 11.7
2010-04-17  20:30:00  13 52 57.1  -05 50 22  +000896.1 -000050.7  22 21 34.0  150.261 33.373   5.42  38802 11.7
2010-04-17  20:40:00  14 02 54.8  -05 58 51  +000897.0 -000051.2  22 21 38.0  150.338 33.246   6.80  38792 11.7
2010-04-17  20:50:00  14 12 53.1  -06 07 25  +000897.7 -000051.6  22 21 41.4  150.412 33.116   8.67  38784 11.7
2010-04-17  21:00:00  14 22 51.8  -06 16 03  +000898.4 -000051.9  22 21 44.3  150.484 32.985  10.78  38779 11.7
2010-04-17  21:10:00  14 32 51.0  -06 24 44  +000899.0 -000052.1  22 21 46.7  150.555 32.853  13.02  38775 11.7
2010-04-17  21:20:00  14 42 50.5  -06 33 26  +000899.6 -000052.3  22 21 48.8  150.623 32.720  15.33  38774 11.7
2010-04-17  21:30:00  14 52 50.4  -06 42 09  +000900.0 -000052.3  22 21 50.6  150.690 32.586  17.68  38775 11.7
2010-04-17  21:40:00  15 02 50.5  -06 50 51  +000900.4 -000052.2  22 21 52.1  150.755 32.451  20.05  38777 11.8
2010-04-17  21:50:00  15 12 50.9  -06 59 31  +000900.6 -000051.9  22 21 53.4  150.819 32.317  22.46  38782 11.8
2010-04-17  22:00:00  15 22 51.4  -07 08 09  +000900.8 -000051.6  22 21 54.6  150.882 32.183  24.86  38789 11.8
2010-04-17  22:10:00  15 32 52.0  -07 16 44  +000900.9 -000051.2  22 21 55.6  150.944 32.050  27.28  38798 11.8
2010-04-17  22:20:00  15 42 52.6  -07 25 14  +000901.0 -000050.7  22 21 56.6  151.005 31.918  29.70  38809 11.8
2010-04-17  22:30:00  15 52 53.2  -07 33 38  +000900.9 -000050.1  22 21 57.6  151.065 31.788  32.14  38822 11.9
2010-04-17  22:40:00  16 02 53.8  -07 41 55  +000900.7 -000049.4  22 21 58.7  151.125 31.659  34.56  38837 11.9
2010-04-17  22:50:00  16 12 54.2  -07 50 05  +000900.5 -000048.6  22 21 60.0  151.184 31.533  37.00  38854 11.9
2010-04-17  23:00:00  16 22 54.4  -07 58 06  +000900.1 -000047.6  22 22 01.4  151.243 31.409  39.43  38873 11.9
2010-04-17  23:10:00  16 32 54.3  -08 05 58  +000899.7 -000046.6  22 22 03.1  151.302 31.288  41.87  38893 12.0
2010-04-17  23:20:00  16 42 54.0  -08 13 39  +000899.2 -000045.5  22 22 05.1  151.361 31.170  44.29  38915 12.0
2010-04-17  23:30:00  16 52 53.3  -08 21 08  +000898.6 -000044.4  22 22 07.4  151.421 31.055  46.73  38939 12.0
2010-04-17  23:40:00  17 02 52.1  -08 28 26  +000897.9 -000043.1  22 22 10.2  151.481 30.945  49.16  38965 12.1
2010-04-17  23:50:00  17 12 50.5  -08 35 30  +000897.2 -000041.7  22 22 13.5  151.541 30.838  51.59  38992 12.1
2010-04-18  00:00:00  17 22 48.4  -08 42 20  +000896.3 -000040.3  22 22 17.3  151.602 30.736  54.01  39021 12.2
2010-04-18  00:10:00  17 32 45.6  -08 48 56  +000895.4 -000038.8  22 22 21.7  151.665 30.638  56.44  39052 12.2
2010-04-18  00:20:00  17 42 42.2  -08 55 17  +000894.4 -000037.2  22 22 26.7  151.728 30.545  58.85  39083 12.2
2010-04-18  00:30:00  17 52 38.1  -09 01 21  +000893.3 -000035.6  22 22 32.4  151.792 30.457  61.27  39116 12.3
2010-04-18  00:40:00  18 02 33.3  -09 07 09  +000892.2 -000033.9  22 22 38.9  151.859 30.375  63.67  39151 12.3
2010-04-18  00:50:00  18 12 27.7  -09 12 39  +000890.9 -000032.1  22 22 46.2  151.926 30.298  66.08  39186 12.4
2010-04-18  01:00:00  18 22 21.2  -09 17 52  +000889.6 -000030.3  22 22 54.3  151.996 30.227  68.47  39223 12.4
2010-04-18  01:10:00  18 32 13.8  -09 22 46  +000888.3 -000028.5  22 23 03.3  152.067 30.162  70.87  39260 12.5
2010-04-18  01:20:00  18 42 05.5  -09 27 21  +000886.8 -000026.6  22 23 13.2  152.141 30.103  73.26  39299 12.5
2010-04-18  01:30:00  18 51 56.3  -09 31 37  +000885.3 -000024.6  22 23 24.2  152.217 30.050  75.65  39338 12.6
2010-04-18  01:40:00  19 01 46.0  -09 35 33  +000883.8 -000022.6  22 23 36.1  152.295 30.004  78.02  39379 12.7
2010-04-18  01:50:00  19 11 34.6  -09 39 10  +000882.1 -000020.6  22 23 49.1  152.376 29.965  80.39  39420 12.7
2010-04-18  02:00:00  19 21 22.1  -09 42 26  +000880.5 -000018.6  22 24 03.2  152.460 29.932  82.75  39461 12.8

   Date        UTC        RA         DECL      RARate   DeclRate    HourAng      Az     Um    Phase  Range  Mag
2010-04-18  17:50:00  09 55 53.7  -03 30 10  +000858.3 -000016.6  23 42 07.7  174.179 39.943  57.53  39149 12.2
2010-04-18  18:00:00  10 05 26.6  -03 33 06  +000860.3 -000018.6  23 42 36.4  174.339 39.903  55.20  39105 12.2
2010-04-18  18:10:00  10 15 00.8  -03 36 22  +000862.3 -000020.6  23 43 03.9  174.492 39.856  52.84  39062 12.1
2010-04-18  18:20:00  10 24 36.3  -03 39 58  +000864.3 -000022.6  23 43 30.0  174.638 39.804  50.49  39020 12.1
2010-04-18  18:30:00  10 34 13.1  -03 43 53  +000866.2 -000024.5  23 43 54.8  174.778 39.745  48.13  38978 12.1
2010-04-18  18:40:00  10 43 51.3  -03 48 08  +000868.1 -000026.5  23 44 18.4  174.911 39.680  45.77  38938 12.0
2010-04-18  18:50:00  10 53 30.6  -03 52 43  +000870.0 -000028.4  23 44 40.6  175.037 39.610  43.40  38898 12.0
2010-04-18  19:00:00  11 03 11.3  -03 57 35  +000871.9 -000030.2  23 45 01.7  175.156 39.534  41.04  38860 12.0
2010-04-18  19:10:00  11 12 53.1  -04 02 47  +000873.7 -000032.0  23 45 21.4  175.269 39.452  38.65  38823 11.9
2010-04-18  19:20:00  11 22 36.2  -04 08 16  +000875.5 -000033.8  23 45 40.0  175.375 39.365  36.28  38787 11.9
2010-04-18  19:30:00  11 32 20.5  -04 14 02  +000877.3 -000035.5  23 45 57.4  175.475 39.273  33.90  38752 11.9
2010-04-18  19:40:00  11 42 05.9  -04 20 05  +000879.0 -000037.1  23 46 13.6  175.569 39.176  31.53  38719 11.8
2010-04-18  19:50:00  11 51 52.4  -04 26 24  +000880.6 -000038.7  23 46 28.7  175.657 39.074  29.14  38688 11.8
2010-04-18  20:00:00  12 01 40.1  -04 32 59  +000882.3 -000040.2  23 46 42.7  175.739 38.968  26.77  38658 11.8
2010-04-18  20:10:00  12 11 28.8  -04 39 48  +000883.8 -000041.7  23 46 55.6  175.816 38.857  24.38  38629 11.8
2010-04-18  20:20:00  12 21 18.5  -04 46 52  +000885.4 -000043.0  23 47 07.6  175.887 38.742  22.02  38602 11.8
2010-04-18  20:30:00  12 31 09.2  -04 54 09  +000886.8 -000044.3  23 47 18.5  175.952 38.623  19.66  38577 11.7
2010-04-18  20:40:00  12 41 00.9  -05 01 38  +000888.2 -000045.5  23 47 28.4  176.013 38.500  17.32  38554 11.7
2010-04-18  20:50:00  12 50 53.5  -05 09 19  +000889.6 -000046.7  23 47 37.5  176.068 38.374  15.00  38532 11.7
2010-04-18  21:00:00  13 00 47.0  -05 17 11  +000890.8 -000047.7  23 47 45.6  176.119 38.245  12.74  38512 11.7
2010-04-18  21:10:00  13 10 41.3  -05 25 13  +000892.0 -000048.7  23 47 53.0  176.166 38.112  10.53  38495 11.7
2010-04-18  21:20:00  13 20 36.4  -05 33 24  +000893.2 -000049.5  23 47 59.5  176.209 37.977   8.48  38479 11.7
2010-04-18  21:30:00  13 30 32.2  -05 41 43  +000894.2 -000050.3  23 48 05.4  176.247 37.840   6.68  38465 11.7
2010-04-18  21:40:00  13 40 28.7  -05 50 10  +000895.2 -000051.0  23 48 10.5  176.282 37.700   5.43  38453 11.7
2010-04-18  21:50:00  13 50 25.8  -05 58 42  +000896.2 -000051.5  23 48 15.0  176.314 37.559   5.13  38443 11.7
2010-04-18  22:00:00  14 00 23.6  -06 07 20  +000897.0 -000052.0  23 48 18.9  176.342 37.416   5.93  38435 11.7
2010-04-18  22:10:00  14 10 21.8  -06 16 01  +000897.8 -000052.3  23 48 22.3  176.368 37.272   7.50  38429 11.7
2010-04-18  22:20:00  14 20 20.6  -06 24 46  +000898.5 -000052.6  23 48 25.2  176.391 37.127   9.45  38425 11.7
2010-04-18  22:30:00  14 30 19.7  -06 33 33  +000899.1 -000052.8  23 48 27.7  176.412 36.981  11.61  38423 11.7
2010-04-18  22:40:00  14 40 19.3  -06 42 21  +000899.6 -000052.8  23 48 29.8  176.430 36.835  13.86  38423 11.7
2010-04-18  22:50:00  14 50 19.2  -06 51 09  +000900.0 -000052.7  23 48 31.5  176.447 36.689  16.18  38425 11.7
2010-04-18  23:00:00  15 00 19.3  -06 59 56  +000900.4 -000052.6  23 48 33.0  176.463 36.543  18.53  38430 11.7
2010-04-18  23:10:00  15 10 19.6  -07 08 40  +000900.6 -000052.3  23 48 34.3  176.477 36.398  20.91  38436 11.7
2010-04-18  23:20:00  15 20 20.1  -07 17 21  +000900.8 -000051.9  23 48 35.5  176.491 36.253  23.30  38445 11.8
2010-04-18  23:30:00  15 30 20.7  -07 25 58  +000900.9 -000051.4  23 48 36.6  176.504 36.110  25.71  38455 11.8
2010-04-18  23:40:00  15 40 21.3  -07 34 30  +000900.9 -000050.9  23 48 37.6  176.517 35.968  28.12  38467 11.8
2010-04-18  23:50:00  15 50 21.9  -07 42 55  +000900.8 -000050.2  23 48 38.7  176.530 35.828  30.55  38482 11.8
2010-04-19  00:00:00  16 00 22.4  -07 51 13  +000900.6 -000049.4  23 48 39.8  176.543 35.690  32.97  38498 11.8
2010-04-19  00:10:00  16 10 22.7  -07 59 23  +000900.4 -000048.5  23 48 41.1  176.556 35.554  35.41  38516 11.9
2010-04-19  00:20:00  16 20 22.9  -08 07 23  +000900.0 -000047.5  23 48 42.6  176.571 35.421  37.83  38536 11.9
2010-04-19  00:30:00  16 30 22.7  -08 15 13  +000899.6 -000046.4  23 48 44.4  176.586 35.291  40.26  38558 11.9
2010-04-19  00:40:00  16 40 22.3  -08 22 51  +000899.1 -000045.3  23 48 46.5  176.603 35.164  42.69  38582 12.0
2010-04-19  00:50:00  16 50 21.5  -08 30 18  +000898.5 -000044.0  23 48 48.9  176.622 35.041  45.12  38607 12.0
2010-04-19  01:00:00  17 00 20.2  -08 37 31  +000897.8 -000042.7  23 48 51.8  176.642 34.921  47.54  38634 12.0
2010-04-19  01:10:00  17 10 18.5  -08 44 31  +000897.0 -000041.3  23 48 55.2  176.665 34.805  49.97  38663 12.1
2010-04-19  01:20:00  17 20 16.2  -08 51 17  +000896.1 -000039.8  23 48 59.2  176.690 34.693  52.39  38693 12.1
2010-04-19  01:30:00  17 30 13.3  -08 57 46  +000895.2 -000038.2  23 49 03.7  176.718 34.586  54.81  38725 12.1
2010-04-19  01:40:00  17 40 09.7  -09 04 00  +000894.1 -000036.6  23 49 08.9  176.749 34.483  57.22  38758 12.2
2010-04-19  01:50:00  17 50 05.5  -09 09 58  +000893.0 -000034.9  23 49 14.8  176.784 34.385  59.64  38792 12.2
2010-04-19  02:00:00  18 00 00.4  -09 15 37  +000891.9 -000033.1  23 49 21.5  176.821 34.291  62.04  38828 12.3

   Date        UTC        RA         DECL      RARate   DeclRate    HourAng      Az     Um    Phase  Range  Mag
2010-04-19  17:50:00  08 37 28.4  -03 18 14  +000842.8 -000001.1  01 04 29.6  200.686 38.294  77.72  39628 12.7
2010-04-19  18:00:00  08 46 50.9  -03 18 36  +000844.8 -000003.2  01 05 08.7  200.885 38.248  75.43  39585 12.6
2010-04-19  18:10:00  08 56 14.8  -03 19 18  +000846.8 -000005.3  01 05 46.4  201.075 38.198  73.12  39542 12.5
2010-04-19  18:20:00  09 05 40.0  -03 20 21  +000848.8 -000007.3  01 06 22.9  201.256 38.143  70.82  39499 12.5
2010-04-19  18:30:00  09 15 06.6  -03 21 45  +000850.8 -000009.4  01 06 58.0  201.428 38.084  68.51  39456 12.4
2010-04-19  18:40:00  09 24 34.4  -03 23 29  +000852.8 -000011.5  01 07 31.8  201.591 38.020  66.19  39414 12.4
2010-04-19  18:50:00  09 34 03.6  -03 25 35  +000854.8 -000013.5  01 08 04.2  201.746 37.952  63.86  39372 12.3
2010-04-19  19:00:00  09 43 34.2  -03 28 00  +000856.8 -000015.6  01 08 35.3  201.891 37.880  61.54  39330 12.3
2010-04-19  19:10:00  09 53 06.1  -03 30 46  +000858.8 -000017.6  01 09 05.0  202.027 37.803  59.19  39289 12.3
2010-04-19  19:20:00  10 02 39.3  -03 33 52  +000860.8 -000019.6  01 09 33.4  202.155 37.722  56.86  39249 12.2
2010-04-19  19:30:00  10 12 13.8  -03 37 19  +000862.8 -000021.6  01 10 00.5  202.273 37.638  54.50  39209 12.2
2010-04-19  19:40:00  10 21 49.7  -03 41 05  +000864.7 -000023.6  01 10 26.3  202.383 37.549  52.16  39170 12.1
2010-04-19  19:50:00  10 31 26.8  -03 45 10  +000866.7 -000025.5  01 10 50.8  202.484 37.456  49.79  39131 12.1
2010-04-19  20:00:00  10 41 05.3  -03 49 35  +000868.6 -000027.4  01 11 14.1  202.577 37.360  47.44  39094 12.1
2010-04-19  20:10:00  10 50 44.9  -03 54 19  +000870.5 -000029.3  01 11 36.0  202.661 37.260  45.06  39058 12.0
2010-04-19  20:20:00  11 00 25.9  -03 59 21  +000872.3 -000031.1  01 11 56.7  202.737 37.156  42.70  39022 12.0
2010-04-19  20:30:00  11 10 08.0  -04 04 41  +000874.1 -000032.9  01 12 16.2  202.805 37.048  40.32  38988 12.0
2010-04-19  20:40:00  11 19 51.4  -04 10 18  +000875.9 -000034.6  01 12 34.5  202.865 36.938  37.95  38955 11.9
2010-04-19  20:50:00  11 29 35.9  -04 16 12  +000877.7 -000036.2  01 12 51.6  202.918 36.824  35.56  38923 11.9
2010-04-19  21:00:00  11 39 21.6  -04 22 23  +000879.4 -000037.9  01 13 07.6  202.963 36.707  33.19  38893 11.9
2010-04-19  21:10:00  11 49 08.4  -04 28 49  +000881.0 -000039.4  01 13 22.4  203.001 36.587  30.80  38864 11.8
2010-04-19  21:20:00  11 58 56.3  -04 35 30  +000882.6 -000040.9  01 13 36.2  203.032 36.464  28.43  38836 11.8
2010-04-19  21:30:00  12 08 45.2  -04 42 26  +000884.2 -000042.3  01 13 48.9  203.056 36.339  26.05  38810 11.8
2010-04-19  21:40:00  12 18 35.1  -04 49 35  +000885.7 -000043.6  01 14 00.6  203.074 36.211  23.68  38785 11.8
2010-04-19  21:50:00  12 28 26.1  -04 56 57  +000887.1 -000044.8  01 14 11.3  203.086 36.080  21.31  38762 11.8
2010-04-19  22:00:00  12 38 17.9  -05 04 31  +000888.5 -000046.0  01 14 21.1  203.092 35.948  18.97  38741 11.8
2010-04-19  22:10:00  12 48 10.7  -05 12 17  +000889.8 -000047.1  01 14 29.9  203.092 35.814  16.63  38722 11.7
2010-04-19  22:20:00  12 58 04.4  -05 20 12  +000891.1 -000048.0  01 14 38.0  203.087 35.677  14.35  38704 11.7
2010-04-19  22:30:00  13 07 58.8  -05 28 18  +000892.3 -000048.9  01 14 45.2  203.078 35.540  12.10  38688 11.7
2010-04-19  22:40:00  13 17 54.0  -05 36 31  +000893.4 -000049.7  01 14 51.6  203.063 35.401   9.97  38674 11.7
2010-04-19  22:50:00  13 27 50.0  -05 44 52  +000894.4 -000050.4  01 14 57.3  203.045 35.260   7.99  38662 11.7
2010-04-19  23:00:00  13 37 46.6  -05 53 20  +000895.4 -000051.1  01 15 02.3  203.023 35.119   6.38  38651 11.7
2010-04-19  23:10:00  13 47 43.8  -06 01 53  +000896.3 -000051.6  01 15 06.7  202.997 34.977   5.42  38643 11.7
2010-04-19  23:20:00  13 57 41.6  -06 10 31  +000897.1 -000052.0  01 15 10.5  202.968 34.834   5.49  38636 11.7
2010-04-19  23:30:00  14 07 40.0  -06 19 12  +000897.9 -000052.3  01 15 13.8  202.936 34.691   6.56  38632 11.7
2010-04-19  23:40:00  14 17 38.8  -06 27 56  +000898.5 -000052.5  01 15 16.7  202.902 34.548   8.24  38630 11.7
2010-04-19  23:50:00  14 27 38.0  -06 36 41  +000899.1 -000052.6  01 15 19.1  202.866 34.404  10.25  38629 11.7
2010-04-20  00:00:00  14 37 37.6  -06 45 27  +000899.6 -000052.5  01 15 21.1  202.828 34.261  12.42  38631 11.7
2010-04-20  00:10:00  14 47 37.5  -06 54 12  +000900.1 -000052.4  01 15 22.9  202.789 34.119  14.69  38634 11.7
2010-04-20  00:20:00  14 57 37.7  -07 02 55  +000900.4 -000052.2  01 15 24.4  202.749 33.977  17.00  38640 11.7
2010-04-20  00:30:00  15 07 38.0  -07 11 35  +000900.6 -000051.9  01 15 25.7  202.709 33.837  19.36  38648 11.8
2010-04-20  00:40:00  15 17 38.5  -07 20 12  +000900.8 -000051.4  01 15 26.8  202.668 33.697  21.73  38657 11.8
2010-04-20  00:50:00  15 27 39.1  -07 28 43  +000900.9 -000050.9  01 15 27.9  202.627 33.559  24.13  38669 11.8
2010-04-20  01:00:00  15 37 39.7  -07 37 09  +000900.9 -000050.2  01 15 28.9  202.587 33.423  26.53  38683 11.8
2010-04-20  01:10:00  15 47 40.2  -07 45 28  +000900.8 -000049.5  01 15 30.0  202.548 33.288  28.95  38698 11.8
2010-04-20  01:20:00  15 57 40.7  -07 53 39  +000900.6 -000048.6  01 15 31.2  202.511 33.155  31.36  38716 11.8
2010-04-20  01:30:00  16 07 41.0  -08 01 40  +000900.3 -000047.7  01 15 32.6  202.474 33.025  33.79  38735 11.9
2010-04-20  01:40:00  16 17 41.1  -08 09 33  +000900.0 -000046.7  01 15 34.1  202.440 32.897  36.21  38756 11.9
2010-04-20  01:50:00  16 27 40.9  -08 17 14  +000899.5 -000045.5  01 15 35.9  202.408 32.771  38.64  38780 11.9
2010-04-20  02:00:00  16 37 40.4  -08 24 43  +000899.0 -000044.3  01 15 38.1  202.379 32.648  41.06  38804 12.0

   Date        UTC        RA         DECL      RARate   DeclRate    HourAng      Az     Um    Phase  Range  Mag
2010-04-20  18:00:00  07 30 27.7  -03 20 29  +000831.2 +000011.6  02 25 28.5  223.569 30.808  95.02  40544 13.2
2010-04-20  18:10:00  07 39 42.4  -03 18 43  +000833.0 +000009.7  02 26 15.4  223.785 30.741  92.76  40507 13.1
2010-04-20  18:20:00  07 48 58.3  -03 17 15  +000834.8 +000007.8  02 27 01.1  223.993 30.671  90.52  40469 13.1
2010-04-20  18:30:00  07 58 15.5  -03 16 08  +000836.7 +000005.8  02 27 45.6  224.192 30.599  88.25  40431 13.0
2010-04-20  18:40:00  08 07 33.9  -03 15 20  +000838.6 +000003.8  02 28 28.8  224.383 30.524  85.99  40393 12.9
2010-04-20  18:50:00  08 16 53.6  -03 14 52  +000840.5 +000001.8  02 29 10.8  224.564 30.446  83.71  40354 12.9
2010-04-20  19:00:00  08 26 14.5  -03 14 43  +000842.4 -000000.2  02 29 51.5  224.737 30.366  81.44  40315 12.8
2010-04-20  19:10:00  08 35 36.8  -03 14 55  +000844.3 -000002.2  02 30 30.9  224.901 30.284  79.14  40276 12.7
2010-04-20  19:20:00  08 45 00.3  -03 15 28  +000846.3 -000004.2  02 31 09.0  225.056 30.198  76.85  40236 12.7
2010-04-20  19:30:00  08 54 25.2  -03 16 20  +000848.3 -000006.3  02 31 45.8  225.202 30.111  74.55  40197 12.6
2010-04-20  19:40:00  09 03 51.3  -03 17 33  +000850.2 -000008.3  02 32 21.2  225.339 30.021  72.24  40158 12.6
2010-04-20  19:50:00  09 13 18.8  -03 19 07  +000852.2 -000010.4  02 32 55.4  225.467 29.928  69.92  40118 12.5
2010-04-20  20:00:00  09 22 47.6  -03 21 00  +000854.2 -000012.4  02 33 28.2  225.586 29.833  67.61  40079 12.5
2010-04-20  20:10:00  09 32 17.8  -03 23 14  +000856.2 -000014.4  02 33 59.8  225.697 29.736  65.28  40041 12.4
2010-04-20  20:20:00  09 41 49.2  -03 25 48  +000858.1 -000016.4  02 34 30.0  225.798 29.637  62.95  40002 12.4
2010-04-20  20:30:00  09 51 21.9  -03 28 42  +000860.1 -000018.4  02 34 58.9  225.890 29.535  60.61  39964 12.3
2010-04-20  20:40:00  10 00 56.0  -03 31 56  +000862.1 -000020.4  02 35 26.5  225.974 29.431  58.27  39927 12.3
2010-04-20  20:50:00  10 10 31.3  -03 35 30  +000864.0 -000022.3  02 35 52.8  226.049 29.326  55.91  39890 12.2
2010-04-20  21:00:00  10 20 08.0  -03 39 23  +000865.9 -000024.2  02 36 17.8  226.116 29.218  53.57  39854 12.2
2010-04-20  21:10:00  10 29 45.9  -03 43 34  +000867.8 -000026.1  02 36 41.5  226.174 29.108  51.20  39818 12.2
2010-04-20  21:20:00  10 39 25.0  -03 48 05  +000869.7 -000028.0  02 37 04.0  226.224 28.996  48.85  39783 12.1
2010-04-20  21:30:00  10 49 05.4  -03 52 53  +000871.5 -000029.8  02 37 25.3  226.265 28.883  46.47  39750 12.1
2010-04-20  21:40:00  10 58 47.0  -03 57 60  +000873.3 -000031.5  02 37 45.3  226.299 28.767  44.11  39717 12.0
2010-04-20  21:50:00  11 08 29.8  -04 03 24  +000875.1 -000033.2  02 38 04.1  226.325 28.650  41.73  39685 12.0
2010-04-20  22:00:00  11 18 13.8  -04 09 04  +000876.8 -000034.9  02 38 21.8  226.344 28.532  39.35  39654 12.0
2010-04-20  22:10:00  11 27 58.9  -04 15 01  +000878.5 -000036.5  02 38 38.3  226.355 28.411  36.97  39625 12.0
2010-04-20  22:20:00  11 37 45.2  -04 21 14  +000880.2 -000038.0  02 38 53.7  226.359 28.290  34.59  39597 11.9
2010-04-20  22:30:00  11 47 32.5  -04 27 42  +000881.8 -000039.5  02 39 08.0  226.356 28.167  32.21  39570 11.9
2010-04-20  22:40:00  11 57 20.9  -04 34 24  +000883.4 -000040.9  02 39 21.3  226.347 28.042  29.83  39544 11.9
2010-04-20  22:50:00  12 07 10.3  -04 41 20  +000884.9 -000042.2  02 39 33.5  226.331 27.917  27.45  39520 11.9
2010-04-20  23:00:00  12 17 00.7  -04 48 28  +000886.3 -000043.5  02 39 44.8  226.309 27.791  25.08  39497 11.8
2010-04-20  23:10:00  12 26 52.0  -04 55 49  +000887.7 -000044.7  02 39 55.1  226.282 27.663  22.71  39476 11.8
2010-04-20  23:20:00  12 36 44.3  -05 03 21  +000889.1 -000045.8  02 40 04.4  226.249 27.535  20.37  39457 11.8
2010-04-20  23:30:00  12 46 37.4  -05 11 04  +000890.3 -000046.8  02 40 12.9  226.211 27.406  18.03  39439 11.8
2010-04-20  23:40:00  12 56 31.4  -05 18 56  +000891.6 -000047.7  02 40 20.6  226.168 27.276  15.73  39423 11.8
2010-04-20  23:50:00  13 06 26.2  -05 26 57  +000892.7 -000048.5  02 40 27.5  226.121 27.146  13.47  39409 11.8
2010-04-21  00:00:00  13 16 21.7  -05 35 06  +000893.8 -000049.2  02 40 33.7  226.070 27.016  11.30  39396 11.8
2010-04-21  00:10:00  13 26 17.8  -05 43 22  +000894.8 -000049.9  02 40 39.1  226.015 26.885   9.25  39386 11.7
2010-04-21  00:20:00  13 36 14.7  -05 51 44  +000895.7 -000050.4  02 40 43.9  225.956 26.755   7.46  39377 11.7
2010-04-21  00:30:00  13 46 12.1  -06 00 10  +000896.6 -000050.9  02 40 48.1  225.895 26.624   6.13  39370 11.7
2010-04-21  00:40:00  13 56 10.1  -06 08 41  +000897.4 -000051.2  02 40 51.7  225.830 26.493   5.63  39365 11.7
2010-04-21  00:50:00  14 06 08.6  -06 17 14  +000898.1 -000051.4  02 40 54.9  225.764 26.363   6.15  39362 11.7
2010-04-21  01:00:00  14 16 07.6  -06 25 49  +000898.7 -000051.6  02 40 57.6  225.695 26.234   7.48  39361 11.7
2010-04-21  01:10:00  14 26 06.9  -06 34 25  +000899.3 -000051.6  02 40 59.9  225.625 26.104   9.30  39362 11.7
2010-04-21  01:20:00  14 36 06.6  -06 43 01  +000899.8 -000051.5  02 41 01.8  225.554 25.976  11.35  39364 11.8
2010-04-21  01:30:00  14 46 06.6  -06 51 36  +000900.2 -000051.4  02 41 03.5  225.482 25.848  13.55  39369 11.8
2010-04-21  01:40:00  14 56 06.8  -07 00 08  +000900.5 -000051.1  02 41 04.9  225.409 25.722  15.82  39376 11.8
2010-04-21  01:50:00  15 06 07.2  -07 08 37  +000900.7 -000050.7  02 41 06.2  225.337 25.596  18.14  39385 11.8
2010-04-21  02:00:00  15 16 07.7  -07 17 02  +000900.8 -000050.2  02 41 07.3  225.265 25.472  20.49  39396 11.8

   Date        UTC        RA         DECL      RARate   DeclRate    HourAng      Az     Um    Phase  Range  Mag
2010-04-21  18:00:00  06 16 56.9  -03 37 19  +000821.0 +000024.2  03 42 55.9  241.357 19.986 113.67  41851 14.0
2010-04-21  18:10:00  06 26 04.6  -03 33 25  +000822.4 +000022.6  03 43 49.7  241.588 19.902 111.49  41824 13.9
2010-04-21  18:20:00  06 35 13.4  -03 29 47  +000823.9 +000020.9  03 44 42.6  241.813 19.816 109.30  41797 13.8
2010-04-21  18:30:00  06 44 23.2  -03 26 26  +000825.4 +000019.3  03 45 34.4  242.031 19.729 107.09  41768 13.7
2010-04-21  18:40:00  06 53 34.0  -03 23 22  +000827.0 +000017.5  03 46 25.3  242.242 19.640 104.89  41738 13.6
2010-04-21  18:50:00  07 02 45.9  -03 20 36  +000828.6 +000015.8  03 47 15.0  242.446 19.550 102.67  41707 13.5
2010-04-21  19:00:00  07 11 58.9  -03 18 07  +000830.3 +000014.0  03 48 03.7  242.642 19.458 100.45  41675 13.4
2010-04-21  19:10:00  07 21 13.0  -03 15 56  +000832.0 +000012.2  03 48 51.3  242.831 19.366  98.21  41643 13.4
2010-04-21  19:20:00  07 30 28.2  -03 14 04  +000833.7 +000010.3  03 49 37.7  243.013 19.272  95.97  41609 13.3
2010-04-21  19:30:00  07 39 44.6  -03 12 30  +000835.5 +000008.4  03 50 22.9  243.187 19.176  93.72  41576 13.2
2010-04-21  19:40:00  07 49 02.2  -03 11 15  +000837.3 +000006.5  03 51 06.9  243.353 19.079  91.47  41541 13.1
2010-04-21  19:50:00  07 58 21.0  -03 10 20  +000839.1 +000004.6  03 51 49.8  243.511 18.982  89.19  41506 13.1
2010-04-21  20:00:00  08 07 41.0  -03 09 43  +000841.0 +000002.7  03 52 31.4  243.662 18.882  86.93  41470 13.0
2010-04-21  20:10:00  08 17 02.3  -03 09 26  +000842.8 +000000.7  03 53 11.8  243.804 18.782  84.65  41434 12.9
2010-04-21  20:20:00  08 26 24.8  -03 09 29  +000844.7 -000001.3  03 53 50.9  243.939 18.680  82.37  41398 12.9
2010-04-21  20:30:00  08 35 48.6  -03 09 52  +000846.6 -000003.2  03 54 28.8  244.065 18.578  80.07  41361 12.8
2010-04-21  20:40:00  08 45 13.6  -03 10 34  +000848.5 -000005.2  03 55 05.4  244.183 18.474  77.78  41325 12.8
2010-04-21  20:50:00  08 54 40.0  -03 11 36  +000850.5 -000007.2  03 55 40.7  244.293 18.369  75.47  41288 12.7
2010-04-21  21:00:00  09 04 07.6  -03 12 58  +000852.4 -000009.2  03 56 14.7  244.395 18.263  73.16  41251 12.6
2010-04-21  21:10:00  09 13 36.5  -03 14 40  +000854.3 -000011.2  03 56 47.5  244.488 18.156  70.84  41214 12.6
2010-04-21  21:20:00  09 23 06.7  -03 16 41  +000856.2 -000013.1  03 57 18.9  244.574 18.048  68.52  41177 12.5
2010-04-21  21:30:00  09 32 38.1  -03 19 03  +000858.2 -000015.1  03 57 49.1  244.651 17.939  66.18  41141 12.5
2010-04-21  21:40:00  09 42 10.9  -03 21 43  +000860.1 -000017.0  03 58 18.0  244.720 17.829  63.86  41105 12.4
2010-04-21  21:50:00  09 51 44.9  -03 24 44  +000862.0 -000019.0  03 58 45.6  244.782 17.718  61.51  41069 12.4
2010-04-21  22:00:00  10 01 20.2  -03 28 03  +000863.9 -000020.9  03 59 12.0  244.835 17.606  59.17  41034 12.3
2010-04-21  22:10:00  10 10 56.7  -03 31 41  +000865.8 -000022.7  03 59 37.1  244.881 17.494  56.81  40999 12.3
2010-04-21  22:20:00  10 20 34.5  -03 35 38  +000867.6 -000024.6  04 00 00.9  244.919 17.381  54.46  40965 12.3
2010-04-21  22:30:00  10 30 13.5  -03 39 53  +000869.5 -000026.4  04 00 23.5  244.949 17.266  52.09  40931 12.2
2010-04-21  22:40:00  10 39 53.8  -03 44 26  +000871.3 -000028.2  04 00 45.0  244.972 17.152  49.74  40899 12.2
2010-04-21  22:50:00  10 49 35.2  -03 49 16  +000873.0 -000029.9  04 01 05.2  244.988 17.036  47.36  40867 12.2
2010-04-21  23:00:00  10 59 17.8  -03 54 24  +000874.8 -000031.6  04 01 24.2  244.996 16.920  45.00  40836 12.1
2010-04-21  23:10:00  11 09 01.6  -03 59 48  +000876.5 -000033.2  04 01 42.1  244.998 16.803  42.61  40806 12.1
2010-04-21  23:20:00  11 18 46.4  -04 05 28  +000878.2 -000034.8  04 01 58.8  244.993 16.686  40.24  40777 12.1
2010-04-21  23:30:00  11 28 32.4  -04 11 24  +000879.8 -000036.3  04 02 14.5  244.981 16.568  37.86  40749 12.0
2010-04-21  23:40:00  11 38 19.5  -04 17 34  +000881.4 -000037.8  04 02 29.1  244.963 16.450  35.48  40723 12.0
2010-04-21  23:50:00  11 48 07.6  -04 23 59  +000882.9 -000039.2  04 02 42.6  244.939 16.331  33.10  40697 12.0
2010-04-22  00:00:00  11 57 56.8  -04 30 37  +000884.4 -000040.5  04 02 55.1  244.909 16.213  30.73  40674 11.9
2010-04-22  00:10:00  12 07 46.9  -04 37 29  +000885.9 -000041.7  04 03 06.6  244.873 16.094  28.34  40651 11.9
2010-04-22  00:20:00  12 17 37.9  -04 44 32  +000887.3 -000042.9  04 03 17.2  244.832 15.974  25.98  40630 11.9
2010-04-22  00:30:00  12 27 29.9  -04 51 47  +000888.6 -000044.0  04 03 26.9  244.786 15.855  23.61  40610 11.9
2010-04-22  00:40:00  12 37 22.7  -04 59 12  +000889.9 -000045.0  04 03 35.7  244.735 15.736  21.27  40592 11.9
2010-04-22  00:50:00  12 47 16.4  -05 06 47  +000891.1 -000046.0  04 03 43.7  244.680 15.616  18.94  40576 11.9
2010-04-22  01:00:00  12 57 10.9  -05 14 31  +000892.3 -000046.8  04 03 50.9  244.620 15.497  16.65  40561 11.8
2010-04-22  01:10:00  13 07 06.1  -05 22 23  +000893.4 -000047.6  04 03 57.3  244.557 15.378  14.39  40548 11.8
2010-04-22  01:20:00  13 17 02.0  -05 30 22  +000894.4 -000048.2  04 04 03.0  244.490 15.259  12.21  40537 11.8
2010-04-22  01:30:00  13 26 58.5  -05 38 28  +000895.3 -000048.8  04 04 08.1  244.420 15.141  10.15  40528 11.8
2010-04-22  01:40:00  13 36 55.7  -05 46 38  +000896.2 -000049.3  04 04 12.6  244.346 15.023   8.31  40520 11.8
2010-04-22  01:50:00  13 46 53.5  -05 54 53  +000897.0 -000049.6  04 04 16.4  244.271 14.906   6.85  40515 11.8
2010-04-22  02:00:00  13 56 51.8  -06 03 10  +000897.8 -000049.9  04 04 19.8  244.193 14.789   6.08  40511 11.8
