ЭФЕМЕРИДЫ ПО ОБЪЕКТУ:  95014
Для пункта:  10016 Маяки   46 23'50.68"   30 16'17.74"    14m
C   2010-04-15 12:00
по  2010-05-01 12:00
Шаг  0:10:00
Мин.угол места:          10 град
Макс.угол места Солнца: -10 град
Стандартный блеск :      4.9 (зв.вел.)

ОБОЗНАЧЕНИЯ
RA        прямое восхождение, тек.эпоха
DECL      склонение, тек.эпоха
RARate    скорость по пр.восх., арксек/мин
DeclRate  скорость по склонению, арксек/мин
HourAng   часовой угол
Az        азимут
Um        угол места
Phase     фазовый угол
Range     дальность
Mag       зв.величина (оценка)

   Date        UTC        RA         DECL      RARate   DeclRate    HourAng      Az     Um    Phase  Range  Mag
2010-04-15  17:50:00  06 56 33.4  +07 22 29  +001002.5 -000054.3  02 29 38.4  231.345 39.510 100.70  36748 13.1
2010-04-15  18:00:00  07 07 41.8  +07 12 29  +001002.6 -000065.8  02 28 31.6  230.927 39.519  97.96  36729 13.0
2010-04-15  18:10:00  07 18 50.0  +07 00 34  +001002.0 -000077.1  02 27 25.0  230.488 39.500  95.20  36719 12.9
2010-04-15  18:20:00  07 29 57.7  +06 46 48  +001001.0 -000088.2  02 26 19.0  230.030 39.452  92.45  36716 12.8
2010-04-15  18:30:00  07 41 04.5  +06 31 12  +000999.4 -000099.0  02 25 13.8  229.555 39.375  89.69  36722 12.7
2010-04-15  18:40:00  07 52 10.1  +06 13 50  +000997.3 -000109.5  02 24 09.8  229.067 39.268  86.94  36736 12.7
2010-04-15  18:50:00  08 03 14.1  +05 54 43  +000994.7 -000119.7  02 23 07.5  228.568 39.131  84.17  36758 12.6
2010-04-15  19:00:00  08 14 16.2  +05 33 56  +000991.6 -000129.6  02 22 07.0  228.061 38.964  81.43  36788 12.5
2010-04-15  19:10:00  08 25 16.2  +05 11 33  +000988.1 -000139.0  02 21 08.7  227.549 38.768  78.67  36826 12.5
2010-04-15  19:20:00  08 36 13.6  +04 47 38  +000984.2 -000148.0  02 20 12.9  227.034 38.543  75.93  36873 12.4
2010-04-15  19:30:00  08 47 08.4  +04 22 16  +000979.9 -000156.5  02 19 19.8  226.519 38.289  73.18  36927 12.3
2010-04-15  19:40:00  08 58 00.1  +03 55 31  +000975.3 -000164.5  02 18 29.7  226.006 38.007  70.45  36990 12.3
2010-04-15  19:50:00  09 08 48.8  +03 27 28  +000970.4 -000172.0  02 17 42.7  225.498 37.697  67.71  37060 12.2
2010-04-15  20:00:00  09 19 34.0  +02 58 12  +000965.3 -000179.0  02 16 59.1  224.997 37.361  65.00  37138 12.2
2010-04-15  20:10:00  09 30 15.8  +02 27 49  +000959.9 -000185.5  02 16 19.0  224.505 37.000  62.28  37223 12.1
2010-04-15  20:20:00  09 40 53.8  +01 56 24  +000954.3 -000191.4  02 15 42.5  224.024 36.614  59.59  37316 12.1
2010-04-15  20:30:00  09 51 28.2  +01 24 04  +000948.6 -000196.7  02 15 09.9  223.555 36.206  56.90  37416 12.0
2010-04-15  20:40:00  10 01 58.6  +00 50 52  +000942.7 -000201.5  02 14 41.1  223.101 35.775  54.22  37522 12.0
2010-04-15  20:50:00  10 12 25.1  +00 16 56  +000936.8 -000205.7  02 14 16.2  222.662 35.324  51.55  37635 12.0
2010-04-15  21:00:00  10 22 47.7  -00 17 40  +000930.8 -000209.4  02 13 55.3  222.240 34.854  48.91  37755 11.9
2010-04-15  21:10:00  10 33 06.2  -00 52 49  +000924.7 -000212.5  02 13 38.4  221.836 34.367  46.27  37881 11.9
2010-04-15  21:20:00  10 43 20.7  -01 28 28  +000918.7 -000215.0  02 13 25.6  221.449 33.864  43.65  38012 11.9
2010-04-15  21:30:00  10 53 31.1  -02 04 28  +000912.7 -000217.1  02 13 16.7  221.082 33.346  41.04  38149 11.9
2010-04-15  21:40:00  11 03 37.6  -02 40 47  +000906.7 -000218.6  02 13 11.9  220.734 32.815  38.46  38291 11.8
2010-04-15  21:50:00  11 13 40.1  -03 17 18  +000900.8 -000219.6  02 13 11.1  220.406 32.273  35.88  38437 11.8
2010-04-15  22:00:00  11 23 38.7  -03 53 57  +000894.9 -000220.1  02 13 14.1  220.098 31.721  33.33  38589 11.8
2010-04-15  22:10:00  11 33 33.4  -04 30 38  +000889.2 -000220.1  02 13 21.1  219.810 31.160  30.78  38744 11.8
2010-04-15  22:20:00  11 43 24.3  -05 07 17  +000883.6 -000219.6  02 13 31.8  219.542 30.593  28.27  38904 11.8
2010-04-15  22:30:00  11 53 11.5  -05 43 50  +000878.1 -000218.8  02 13 46.2  219.294 30.019  25.76  39066 11.8
2010-04-15  22:40:00  12 02 55.1  -06 20 11  +000872.7 -000217.5  02 14 04.3  219.066 29.442  23.29  39232 11.7
2010-04-15  22:50:00  12 12 35.2  -06 56 18  +000867.5 -000215.8  02 14 25.9  218.857 28.861  20.82  39401 11.7
2010-04-15  23:00:00  12 22 11.8  -07 32 05  +000862.4 -000213.7  02 14 50.9  218.667 28.279  18.38  39573 11.7
2010-04-15  23:10:00  12 31 45.0  -08 07 30  +000857.4 -000211.2  02 15 19.3  218.497 27.697  15.95  39746 11.7
2010-04-15  23:20:00  12 41 15.0  -08 42 28  +000852.6 -000208.4  02 15 50.9  218.345 27.115  13.56  39921 11.7
2010-04-15  23:30:00  12 50 41.9  -09 16 57  +000848.0 -000205.3  02 16 25.7  218.211 26.535  11.19  40098 11.7
2010-04-15  23:40:00  13 00 05.8  -09 50 53  +000843.6 -000201.8  02 17 03.5  218.094 25.958   8.85  40276 11.7
2010-04-15  23:50:00  13 09 26.7  -10 24 13     <<SHADOW>>        02 17 44.2  217.995 25.385   6.56  40454 ----
2010-04-16  00:00:00  13 18 44.8  -10 56 54     <<SHADOW>>        02 18 27.7  217.913 24.816   4.37  40633 ----
2010-04-16  00:10:00  13 28 00.2  -11 28 53     <<SHADOW>>        02 19 14.0  217.848 24.254   2.47  40813 ----
2010-04-16  00:20:00  13 37 12.9  -12 00 09     <<SHADOW>>        02 20 02.9  217.798 23.698   2.01  40992 ----
2010-04-16  00:30:00  13 46 23.2  -12 30 38     <<SHADOW>>        02 20 54.2  217.764 23.149   3.54  41170 ----
2010-04-16  00:40:00  13 55 31.1  -13 00 19  +000820.0 -000175.6  02 21 48.0  217.746 22.609   5.60  41348 11.8
2010-04-16  00:50:00  14 04 36.6  -13 29 09  +000816.6 -000170.5  02 22 44.1  217.742 22.077   7.77  41525 11.8
2010-04-16  01:00:00  14 13 39.9  -13 57 07  +000813.3 -000165.1  02 23 42.5  217.753 21.554   9.96  41700 11.8
2010-04-16  01:10:00  14 22 41.1  -14 24 12  +000810.2 -000159.7  02 24 43.0  217.778 21.042  12.16  41874 11.8
2010-04-16  01:20:00  14 31 40.2  -14 50 20  +000807.2 -000154.0  02 25 45.5  217.817 20.540  14.34  42046 11.8
2010-04-16  01:30:00  14 40 37.3  -15 15 32  +000804.3 -000148.2  02 26 50.0  217.870 20.049  16.53  42216 11.9
2010-04-16  01:40:00  14 49 32.6  -15 39 45  +000801.5 -000142.3  02 27 56.4  217.936 19.569  18.70  42383 11.9
2010-04-16  01:50:00  14 58 26.0  -16 02 58  +000798.8 -000136.3  02 29 04.6  218.015 19.101  20.86  42548 11.9
2010-04-16  02:00:00  15 07 17.6  -16 25 11  +000796.2 -000130.2  02 30 14.6  218.107 18.645  23.00  42710 11.9
2010-04-16  02:10:00  15 16 07.6  -16 46 22  +000793.7 -000124.0  02 31 26.3  218.212 18.201  25.14  42869 11.9

   Date        UTC        RA         DECL      RARate   DeclRate    HourAng      Az     Um    Phase  Range  Mag
2010-04-16  17:50:00  05 02 50.3  +07 02 43  +000969.4 +000053.6  04 27 18.0  257.741 20.988 129.52  38848 14.6
2010-04-16  18:00:00  05 13 38.2  +07 10 48  +000974.4 +000043.3  04 26 31.7  257.689 21.217 126.90  38755 14.4
2010-04-16  18:10:00  05 24 29.4  +07 17 09  +000979.0 +000032.8  04 25 42.2  257.605 21.434 124.24  38668 14.3
2010-04-16  18:20:00  05 35 23.5  +07 21 44  +000983.2 +000022.1  04 24 49.8  257.489 21.637 121.58  38588 14.1
2010-04-16  18:30:00  05 46 20.2  +07 24 31  +000986.9 +000011.2  04 23 54.7  257.343 21.825 118.90  38514 14.0
2010-04-16  18:40:00  05 57 19.3  +07 25 28  +000990.2 +000000.2  04 22 57.2  257.167 21.998 116.22  38447 13.8
2010-04-16  18:50:00  06 08 20.3  +07 24 35  +000992.9 -000010.9  04 21 57.8  256.961 22.154 113.51  38387 13.7
2010-04-16  19:00:00  06 19 23.1  +07 21 51  +000995.1 -000022.0  04 20 56.7  256.727 22.291 110.81  38335 13.6
2010-04-16  19:10:00  06 30 27.1  +07 17 14  +000996.8 -000033.2  04 19 54.4  256.466 22.409 108.08  38290 13.5
2010-04-16  19:20:00  06 41 32.0  +07 10 46  +000998.0 -000044.4  04 18 51.1  256.178 22.506 105.36  38252 13.4
2010-04-16  19:30:00  06 52 37.5  +07 02 27  +000998.6 -000055.5  04 17 47.2  255.866 22.582 102.62  38223 13.3
2010-04-16  19:40:00  07 03 43.3  +06 52 18  +000998.6 -000066.4  04 16 43.1  255.530 22.635  99.89  38202 13.2
2010-04-16  19:50:00  07 14 48.9  +06 40 19  +000998.1 -000077.2  04 15 39.1  255.173 22.665  97.14  38189 13.1
2010-04-16  20:00:00  07 25 54.0  +06 26 34  +000997.1 -000087.8  04 14 35.7  254.795 22.671  94.40  38184 13.0
2010-04-16  20:10:00  07 36 58.3  +06 11 04  +000995.6 -000098.1  04 13 33.0  254.399 22.653  91.65  38187 12.9
2010-04-16  20:20:00  07 48 01.4  +05 53 53  +000993.6 -000108.2  04 12 31.5  253.986 22.609  88.90  38199 12.8
2010-04-16  20:30:00  07 59 03.0  +05 35 02  +000991.2 -000117.9  04 11 31.6  253.558 22.540  86.15  38219 12.7
2010-04-16  20:40:00  08 10 02.8  +05 14 35  +000988.2 -000127.3  04 10 33.4  253.118 22.446  83.41  38247 12.7
2010-04-16  20:50:00  08 21 00.6  +04 52 37  +000984.9 -000136.3  04 09 37.3  252.668 22.325  80.66  38284 12.6
2010-04-16  21:00:00  08 31 56.0  +04 29 12  +000981.2 -000144.8  04 08 43.5  252.208 22.179  77.93  38329 12.5
2010-04-16  21:10:00  08 42 48.8  +04 04 23  +000977.1 -000152.9  04 07 52.4  251.742 22.007  75.19  38382 12.5
2010-04-16  21:20:00  08 53 38.8  +03 38 15  +000972.7 -000160.5  04 07 04.0  251.270 21.810  72.47  38443 12.4
2010-04-16  21:30:00  09 04 25.7  +03 10 53  +000968.1 -000167.7  04 06 18.7  250.796 21.588  69.74  38513 12.3
2010-04-16  21:40:00  09 15 09.5  +02 42 23  +000963.1 -000174.3  04 05 36.6  250.321 21.342  67.04  38590 12.3
2010-04-16  21:50:00  09 25 49.8  +02 12 49  +000958.0 -000180.4  04 04 57.9  249.846 21.071  64.33  38674 12.2
2010-04-16  22:00:00  09 36 26.7  +01 42 16  +000952.6 -000186.0  04 04 22.7  249.374 20.778  61.64  38766 12.2
2010-04-16  22:10:00  09 46 60.0  +01 10 51  +000947.1 -000191.0  04 03 51.0  248.906 20.463  58.95  38866 12.2
2010-04-16  22:20:00  09 57 29.5  +00 38 38  +000941.5 -000195.5  04 03 23.1  248.443 20.126  56.29  38972 12.1
2010-04-16  22:30:00  10 07 55.3  +00 05 42  +000935.8 -000199.5  04 02 59.0  247.987 19.769  53.63  39085 12.1
2010-04-16  22:40:00  10 18 17.3  -00 27 50  +000930.0 -000202.9  04 02 38.6  247.539 19.393  50.99  39205 12.0
2010-04-16  22:50:00  10 28 35.4  -01 01 54  +000924.2 -000205.8  04 02 22.2  247.100 18.998  48.35  39331 12.0
2010-04-16  23:00:00  10 38 49.6  -01 36 24  +000918.4 -000208.2  04 02 09.6  246.672 18.587  45.74  39462 12.0
2010-04-16  23:10:00  10 49 00.0  -02 11 16  +000912.7 -000210.0  04 02 00.9  246.255 18.160  43.14  39600 12.0
2010-04-16  23:20:00  10 59 06.5  -02 46 23  +000906.9 -000211.4  04 01 56.0  245.850 17.719  40.56  39742 11.9
2010-04-16  23:30:00  11 09 09.2  -03 21 41  +000901.2 -000212.2  04 01 54.9  245.458 17.264  37.98  39890 11.9
2010-04-16  23:40:00  11 19 08.1  -03 57 06  +000895.6 -000212.6  04 01 57.7  245.080 16.798  35.44  40042 11.9
2010-04-16  23:50:00  11 29 03.3  -04 32 32  +000890.0 -000212.5  04 02 04.1  244.716 16.320  32.89  40198 11.9
2010-04-17  00:00:00  11 38 54.9  -05 07 55  +000884.6 -000212.0  04 02 14.2  244.367 15.834  30.38  40359 11.9
2010-04-17  00:10:00  11 48 42.8  -05 43 11  +000879.3 -000211.1  04 02 27.9  244.032 15.339  27.87  40523 11.8
2010-04-17  00:20:00  11 58 27.3  -06 18 16  +000874.1 -000209.7  04 02 45.1  243.713 14.837  25.40  40690 11.8
2010-04-17  00:30:00  12 08 08.3  -06 53 05  +000869.0 -000208.0  04 03 05.7  243.409 14.330  22.93  40860 11.8
2010-04-17  00:40:00  12 17 46.0  -07 27 35  +000864.1 -000205.9  04 03 29.6  243.121 13.817  20.49  41033 11.8
2010-04-17  00:50:00  12 27 20.5  -08 01 41  +000859.4 -000203.4  04 03 56.8  242.849 13.302  18.06  41207 11.8
2010-04-17  01:00:00  12 36 51.9  -08 35 22  +000854.7 -000200.6  04 04 27.1  242.593 12.784  15.66  41384 11.8
2010-04-17  01:10:00  12 46 20.2  -09 08 33  +000850.3 -000197.5  04 05 00.4  242.352 12.264  13.27  41562 11.8
2010-04-17  01:20:00  12 55 45.6  -09 41 12  +000846.0 -000194.1  04 05 36.6  242.128 11.745  10.91  41741 11.8
2010-04-17  01:30:00  13 05 08.2  -10 13 15     <<SHADOW>>        04 06 15.7  241.919 11.226   8.58  41922 ----
2010-04-17  01:40:00  13 14 28.0  -10 44 40     <<SHADOW>>        04 06 57.5  241.727 10.709   6.30  42102 ----
2010-04-17  01:50:00  13 23 45.3  -11 15 23     <<SHADOW>>        04 07 41.9  241.550 10.194   4.10  42283 ----

   Date        UTC        RA         DECL      RARate   DeclRate    HourAng      Az     Um    Phase  Range  Mag
2010-04-27  18:10:00  14 13 56.0  -11 59 09  +000821.3 -000181.4  20 19 37.7  124.366 13.631   2.49  42064 11.8
2010-04-27  18:20:00  14 23 02.4  -12 29 01  +000818.0 -000177.0  20 20 32.9  124.851 13.356   1.65  42218 11.8
2010-04-27  18:30:00  14 32 06.7  -12 58 07     <<SHADOW>>        20 21 30.3  125.335 13.096   3.08  42371 ----
2010-04-27  18:40:00  14 41 08.8  -13 26 27     <<SHADOW>>        20 22 29.8  125.817 12.849   5.12  42522 ----
2010-04-27  18:50:00  14 50 08.9  -13 53 57     <<SHADOW>>        20 23 31.4  126.295 12.616   7.27  42671 ----
2010-04-27  19:00:00  14 59 07.0  -14 20 36     <<SHADOW>>        20 24 34.9  126.771 12.399   9.43  42817 ----
2010-04-27  19:10:00  15 08 03.2  -14 46 22  +000802.9 -000152.0  20 25 40.4  127.244 12.195  11.60  42961 11.9
2010-04-27  19:20:00  15 16 57.6  -15 11 15  +000800.2 -000146.5  20 26 47.6  127.712 12.007  13.76  43101 11.9
2010-04-27  19:30:00  15 25 50.2  -15 35 12  +000797.6 -000140.9  20 27 56.6  128.176 11.834  15.92  43239 11.9
2010-04-27  19:40:00  15 34 41.1  -15 58 13  +000795.1 -000135.2  20 29 07.4  128.636 11.676  18.05  43373 11.9
2010-04-27  19:50:00  15 43 30.4  -16 20 16  +000792.7 -000129.4  20 30 19.7  129.091 11.533  20.19  43503 11.9
2010-04-27  20:00:00  15 52 18.1  -16 41 21  +000790.3 -000123.5  20 31 33.7  129.541 11.406  22.30  43630 12.0
2010-04-27  20:10:00  16 01 04.2  -17 01 25  +000788.0 -000117.4  20 32 49.3  129.986 11.294  24.42  43753 12.0
2010-04-27  20:20:00  16 09 48.7  -17 20 29  +000785.8 -000111.4  20 34 06.3  130.425 11.198  26.51  43873 12.0
2010-04-27  20:30:00  16 18 31.8  -17 38 32  +000783.6 -000105.2  20 35 24.9  130.859 11.118  28.60  43987 12.0
2010-04-27  20:40:00  16 27 13.5  -17 55 33  +000781.4 -000099.0  20 36 44.8  131.288 11.053  30.67  44098 12.1
2010-04-27  20:50:00  16 35 53.7  -18 11 31  +000779.3 -000092.7  20 38 06.2  131.711 11.005  32.74  44204 12.1
2010-04-27  21:00:00  16 44 32.6  -18 26 26  +000777.3 -000086.3  20 39 29.0  132.129 10.973  34.79  44305 12.1
2010-04-27  21:10:00  16 53 10.1  -18 40 18  +000775.3 -000080.0  20 40 53.1  132.540 10.957  36.84  44402 12.1
2010-04-27  21:20:00  17 01 46.3  -18 53 06  +000773.3 -000073.5  20 42 18.6  132.947 10.957  38.86  44494 12.2
2010-04-27  21:30:00  17 10 21.2  -19 04 49  +000771.4 -000067.1  20 43 45.3  133.347 10.973  40.89  44580 12.2
2010-04-27  21:40:00  17 18 54.8  -19 15 28  +000769.4 -000060.7  20 45 13.4  133.743 11.006  42.90  44662 12.2
2010-04-27  21:50:00  17 27 27.1  -19 25 02  +000767.6 -000054.2  20 46 42.7  134.132 11.055  44.92  44738 12.2
2010-04-27  22:00:00  17 35 58.2  -19 33 32  +000765.7 -000047.7  20 48 13.3  134.517 11.121  46.91  44809 12.3
2010-04-27  22:10:00  17 44 28.1  -19 40 56  +000763.9 -000041.2  20 49 45.0  134.896 11.203  48.91  44874 12.3
2010-04-27  22:20:00  17 52 56.7  -19 47 16  +000762.1 -000034.7  20 51 18.0  135.270 11.301  50.88  44934 12.3
2010-04-27  22:30:00  18 01 24.2  -19 52 31  +000760.3 -000028.3  20 52 52.2  135.639 11.416  52.86  44989 12.4
2010-04-27  22:40:00  18 09 50.4  -19 56 42  +000758.5 -000021.8  20 54 27.7  136.003 11.547  54.83  45037 12.4
2010-04-27  22:50:00  18 18 15.5  -19 59 48  +000756.8 -000015.4  20 56 04.2  136.362 11.695  56.80  45080 12.4
2010-04-27  23:00:00  18 26 39.4  -20 01 49  +000755.0 -000009.0  20 57 41.9  136.717 11.859  58.75  45117 12.5
2010-04-27  23:10:00  18 35 02.2  -20 02 47  +000753.4 -000002.6  20 59 20.8  137.067 12.039  60.71  45148 12.5
2010-04-27  23:20:00  18 43 23.9  -20 02 41  +000751.7 +000003.8  21 01 00.7  137.413 12.236  62.65  45174 12.6
2010-04-27  23:30:00  18 51 44.5  -20 01 31  +000750.1 +000010.1  21 02 41.8  137.755 12.448  64.60  45193 12.6
2010-04-27  23:40:00  19 00 04.0  -19 59 19  +000748.5 +000016.4  21 04 23.9  138.093 12.677  66.53  45206 12.6
2010-04-27  23:50:00  19 08 22.5  -19 56 04  +000746.9 +000022.7  21 06 07.1  138.428 12.922  68.48  45214 12.7
2010-04-28  00:00:00  19 16 39.9  -19 51 46  +000745.4 +000028.8  21 07 51.3  138.759 13.182  70.40  45215 12.7
2010-04-28  00:10:00  19 24 56.4  -19 46 27  +000744.0 +000035.0  21 09 36.5  139.086 13.459  72.34  45211 12.8
2010-04-28  00:20:00  19 33 11.9  -19 40 07  +000742.5 +000041.1  21 11 22.6  139.410 13.751  74.26  45200 12.8
2010-04-28  00:30:00  19 41 26.4  -19 32 46  +000741.2 +000047.1  21 13 09.7  139.731 14.058  76.19  45183 12.8
2010-04-28  00:40:00  19 49 40.1  -19 24 25  +000739.9 +000053.1  21 14 57.6  140.050 14.381  78.11  45160 12.9
2010-04-28  00:50:00  19 57 53.0  -19 15 04  +000738.6 +000059.0  21 16 46.4  140.365 14.718  80.04  45132 12.9
2010-04-28  01:00:00  20 06 05.0  -19 04 45  +000737.5 +000064.9  21 18 36.0  140.678 15.071  81.96  45097 13.0
2010-04-28  01:10:00  20 14 16.3  -18 53 27  +000736.4 +000070.6  21 20 26.4  140.988 15.438  83.89  45056 13.0
2010-04-28  01:20:00  20 22 26.9  -18 41 13  +000735.4 +000076.3  21 22 17.4  141.296 15.820  85.81  45010 13.1
2010-04-28  01:30:00  20 30 36.8  -18 28 01  +000734.5 +000082.0  21 24 09.1  141.601 16.216  87.74  44958 13.1
2010-04-28  01:40:00  20 38 46.2  -18 13 54  +000733.6 +000087.5  21 26 01.4  141.904 16.626  89.66  44899 13.2
2010-04-28  01:50:00  20 46 55.0  -17 58 51  +000732.9 +000093.0  21 27 54.2  142.205 17.050  91.59  44836 13.2

   Date        UTC        RA         DECL      RARate   DeclRate    HourAng      Az     Um    Phase  Range  Mag
2010-04-28  18:10:00  12 35 25.0  -06 52 21  +000861.8 -000217.6  22 02 05.3  145.407 30.624  27.64  39218 11.8
2010-04-28  18:20:00  12 44 57.8  -07 28 28  +000856.8 -000215.7  22 02 34.1  145.808 30.118  25.22  39381 11.8
2010-04-28  18:30:00  12 54 27.5  -08 04 14  +000852.0 -000213.4  22 03 06.1  146.216 29.620  22.79  39545 11.8
2010-04-28  18:40:00  13 03 53.9  -08 39 36  +000847.3 -000210.8  22 03 41.3  146.630 29.132  20.40  39711 11.7
2010-04-28  18:50:00  13 13 17.3  -09 14 30  +000842.8 -000207.9  22 04 19.5  147.050 28.655  18.02  39877 11.7
2010-04-28  19:00:00  13 22 37.7  -09 48 52  +000838.5 -000204.6  22 05 00.8  147.475 28.188  15.67  40043 11.7
2010-04-28  19:10:00  13 31 55.3  -10 22 41  +000834.3 -000201.1  22 05 44.8  147.904 27.733  13.32  40210 11.7
2010-04-28  19:20:00  13 41 10.1  -10 55 54  +000830.2 -000197.3  22 06 31.6  148.336 27.290  11.00  40376 11.7
2010-04-28  19:30:00  13 50 22.3  -11 28 26  +000826.4 -000193.2  22 07 21.1  148.770 26.860   8.69  40541 11.7
2010-04-28  19:40:00  13 59 32.0  -12 00 17  +000822.6 -000188.9  22 08 13.0  149.207 26.442   6.42  40706 11.7
2010-04-28  19:50:00  14 08 39.2  -12 31 24  +000819.0 -000184.3  22 09 07.5  149.645 26.038   4.17  40870 11.7
2010-04-28  20:00:00  14 17 44.0  -13 01 44  +000815.5 -000179.6  22 10 04.3  150.084 25.647   2.03  41032 11.8
2010-04-28  20:10:00  14 26 46.6  -13 31 15     <<SHADOW>>        22 11 03.3  150.524 25.270   1.01  41193 ----
2010-04-28  20:20:00  14 35 47.0  -13 59 56     <<SHADOW>>        22 12 04.6  150.964 24.908   2.81  41352 ----
2010-04-28  20:30:00  14 44 45.3  -14 27 44     <<SHADOW>>        22 13 07.9  151.403 24.561   4.97  41509 ----
2010-04-28  20:40:00  14 53 41.6  -14 54 39     <<SHADOW>>        22 14 13.3  151.842 24.228   7.13  41663 ----
2010-04-28  20:50:00  15 02 35.9  -15 20 38  +000800.1 -000153.1  22 15 20.6  152.280 23.910   9.31  41815 11.8
2010-04-28  21:00:00  15 11 28.4  -15 45 40  +000797.3 -000147.3  22 16 29.8  152.717 23.608  11.46  41964 11.8
2010-04-28  21:10:00  15 20 19.0  -16 09 44  +000794.6 -000141.4  22 17 40.8  153.153 23.322  13.62  42110 11.8
2010-04-28  21:20:00  15 29 07.9  -16 32 48  +000792.0 -000135.4  22 18 53.6  153.588 23.052  15.75  42253 11.9
2010-04-28  21:30:00  15 37 55.1  -16 54 52  +000789.5 -000129.3  22 20 08.0  154.020 22.798  17.88  42392 11.9
2010-04-28  21:40:00  15 46 40.6  -17 15 54  +000787.1 -000123.1  22 21 24.1  154.451 22.560  19.98  42528 11.9
2010-04-28  21:50:00  15 55 24.6  -17 35 54  +000784.8 -000116.9  22 22 41.8  154.881 22.338  22.09  42660 11.9
2010-04-28  22:00:00  16 04 07.0  -17 54 51  +000782.5 -000110.5  22 24 01.0  155.308 22.133  24.17  42788 11.9
2010-04-28  22:10:00  16 12 47.9  -18 12 45  +000780.2 -000104.1  22 25 21.8  155.734 21.945  26.25  42912 12.0
2010-04-28  22:20:00  16 21 27.3  -18 29 33  +000778.1 -000097.6  22 26 44.0  156.158 21.774  28.30  43032 12.0
2010-04-28  22:30:00  16 30 05.3  -18 45 17  +000775.9 -000091.1  22 28 07.6  156.580 21.619  30.36  43147 12.0
2010-04-28  22:40:00  16 38 42.0  -18 59 55  +000773.9 -000084.5  22 29 32.7  157.001 21.482  32.39  43257 12.0
2010-04-28  22:50:00  16 47 17.2  -19 13 28  +000771.8 -000077.9  22 30 59.1  157.420 21.362  34.43  43363 12.1
2010-04-28  23:00:00  16 55 51.1  -19 25 54  +000769.8 -000071.3  22 32 26.8  157.838 21.258  36.45  43463 12.1
2010-04-28  23:10:00  17 04 23.6  -19 37 14  +000767.9 -000064.7  22 33 55.9  158.254 21.172  38.46  43559 12.1
2010-04-28  23:20:00  17 12 54.9  -19 47 28  +000765.9 -000058.0  22 35 26.3  158.669 21.104  40.46  43650 12.1
2010-04-28  23:30:00  17 21 24.9  -19 56 35  +000764.0 -000051.4  22 36 58.0  159.084 21.052  42.46  43735 12.2
2010-04-28  23:40:00  17 29 53.6  -20 04 35  +000762.2 -000044.7  22 38 30.9  159.497 21.018  44.44  43815 12.2
2010-04-28  23:50:00  17 38 21.1  -20 11 29  +000760.3 -000038.0  22 40 05.0  159.910 21.000  46.42  43890 12.2
2010-04-29  00:00:00  17 46 47.3  -20 17 16  +000758.5 -000031.4  22 41 40.4  160.323 21.000  48.38  43959 12.3
2010-04-29  00:10:00  17 55 12.4  -20 21 57  +000756.7 -000024.8  22 43 17.0  160.735 21.017  50.35  44023 12.3
2010-04-29  00:20:00  18 03 36.2  -20 25 32  +000754.9 -000018.1  22 44 54.8  161.148 21.051  52.30  44080 12.3
2010-04-29  00:30:00  18 11 58.9  -20 28 00  +000753.2 -000011.6  22 46 33.7  161.560 21.102  54.26  44133 12.4
2010-04-29  00:40:00  18 20 20.5  -20 29 23  +000751.5 -000005.0  22 48 13.8  161.974 21.169  56.20  44179 12.4
2010-04-29  00:50:00  18 28 40.9  -20 29 41  +000749.8 +000001.5  22 49 55.1  162.388 21.254  58.15  44220 12.4
2010-04-29  01:00:00  18 37 00.2  -20 28 53  +000748.1 +000008.0  22 51 37.4  162.803 21.355  60.08  44255 12.5
2010-04-29  01:10:00  18 45 18.4  -20 27 00  +000746.5 +000014.5  22 53 20.8  163.219 21.472  62.02  44283 12.5
2010-04-29  01:20:00  18 53 35.6  -20 24 04  +000744.9 +000020.9  22 55 05.3  163.637 21.605  63.94  44306 12.5
2010-04-29  01:30:00  19 01 51.6  -20 20 04  +000743.4 +000027.2  22 56 50.9  164.057 21.755  65.87  44323 12.6
2010-04-29  01:40:00  19 10 06.7  -20 15 00  +000741.9 +000033.5  22 58 37.4  164.478 21.921  67.79  44335 12.6

   Date        UTC        RA         DECL      RARate   DeclRate    HourAng      Az     Um    Phase  Range  Mag
2010-04-29  18:10:00  10 48 32.0  -00 59 17  +000920.3 -000217.0  23 52 54.8  177.594 42.589  55.79  37237 12.0
2010-04-29  18:20:00  10 58 43.5  -01 35 40  +000914.1 -000219.4  23 52 45.0  177.562 41.982  53.19  37372 12.0
2010-04-29  18:30:00  11 08 50.8  -02 12 24  +000908.0 -000221.4  23 52 39.3  177.554 41.369  50.59  37511 11.9
2010-04-29  18:40:00  11 18 54.1  -02 49 26  +000901.9 -000222.8  23 52 37.6  177.569 40.752  48.02  37654 11.9
2010-04-29  18:50:00  11 28 53.4  -03 26 39  +000895.9 -000223.7  23 52 40.0  177.606 40.132  45.46  37802 11.9
2010-04-29  19:00:00  11 38 48.8  -04 03 59  +000890.1 -000224.2  23 52 46.2  177.663 39.511  42.92  37954 11.9
2010-04-29  19:10:00  11 48 40.2  -04 41 20  +000884.3 -000224.1  23 52 56.4  177.740 38.890  40.39  38110 11.8
2010-04-29  19:20:00  11 58 27.9  -05 18 39  +000878.6 -000223.6  23 53 10.4  177.836 38.269  37.89  38268 11.8
2010-04-29  19:30:00  12 08 11.8  -05 55 51  +000873.1 -000222.7  23 53 28.2  177.949 37.652  35.39  38430 11.8
2010-04-29  19:40:00  12 17 52.1  -06 32 51  +000867.7 -000221.3  23 53 49.5  178.079 37.037  32.93  38594 11.8
2010-04-29  19:50:00  12 27 28.8  -07 09 35  +000862.5 -000219.5  23 54 14.4  178.224 36.427  30.47  38761 11.8
2010-04-29  20:00:00  12 37 02.1  -07 46 00  +000857.4 -000217.4  23 54 42.8  178.385 35.823  28.04  38929 11.8
2010-04-29  20:10:00  12 46 32.1  -08 22 02  +000852.5 -000214.9  23 55 14.4  178.559 35.225  25.61  39099 11.8
2010-04-29  20:20:00  12 55 58.9  -08 57 37  +000847.8 -000212.0  23 55 49.3  178.746 34.635  23.22  39270 11.7
2010-04-29  20:30:00  13 05 22.5  -09 32 41  +000843.2 -000208.8  23 56 27.3  178.945 34.052  20.83  39442 11.7
2010-04-29  20:40:00  13 14 43.2  -10 07 12  +000838.7 -000205.3  23 57 08.3  179.156 33.479  18.47  39615 11.7
2010-04-29  20:50:00  13 24 00.9  -10 41 06  +000834.5 -000201.5  23 57 52.2  179.377 32.916  16.12  39788 11.7
2010-04-29  21:00:00  13 33 15.8  -11 14 21  +000830.4 -000197.5  23 58 38.9  179.608 32.363  13.80  39962 11.7
2010-04-29  21:10:00  13 42 28.1  -11 46 55  +000826.4 -000193.1  23 59 28.3  179.848 31.821  11.48  40135 11.7
2010-04-29  21:20:00  13 51 37.7  -12 18 44  +000822.6 -000188.6  00 00 20.3  180.097 31.290   9.19  40307 11.7
2010-04-29  21:30:00  14 00 44.9  -12 49 46  +000818.9 -000183.8  00 01 14.8  180.354 30.773   6.91  40479 11.7
2010-04-29  21:40:00  14 09 49.7  -13 19 59  +000815.4 -000178.8  00 02 11.6  180.618 30.267   4.66  40649 11.7
2010-04-29  21:50:00  14 18 52.1  -13 49 22  +000812.0 -000173.6  00 03 10.8  180.890 29.776   2.42  40818 11.7
2010-04-29  22:00:00  14 27 52.4  -14 17 51     <<SHADOW>>        00 04 12.2  181.168 29.298   0.37  40985 ----
2010-04-29  22:10:00  14 36 50.5  -14 45 26     <<SHADOW>>        00 05 15.7  181.452 28.834   2.06  41151 ----
2010-04-29  22:20:00  14 45 46.6  -15 12 05     <<SHADOW>>        00 06 21.3  181.743 28.384   4.24  41314 ----
2010-04-29  22:30:00  14 54 40.7  -15 37 47  +000799.7 -000151.2  00 07 28.8  182.039 27.950   6.42  41475 11.8
2010-04-29  22:40:00  15 03 32.9  -16 02 29  +000796.9 -000145.3  00 08 38.3  182.341 27.531   8.58  41633 11.8
2010-04-29  22:50:00  15 12 23.3  -16 26 12  +000794.2 -000139.2  00 09 49.5  182.647 27.127  10.73  41788 11.8
2010-04-29  23:00:00  15 21 11.9  -16 48 53  +000791.6 -000133.0  00 11 02.6  182.959 26.739  12.86  41940 11.8
2010-04-29  23:10:00  15 29 58.8  -17 10 32  +000789.1 -000126.7  00 12 17.3  183.276 26.367  14.99  42089 11.8
2010-04-29  23:20:00  15 38 44.0  -17 31 08  +000786.7 -000120.4  00 13 33.7  183.598 26.010  17.09  42234 11.9
2010-04-29  23:30:00  15 47 27.7  -17 50 39  +000784.3 -000113.9  00 14 51.7  183.924 25.671  19.20  42376 11.9
2010-04-29  23:40:00  15 56 09.8  -18 09 06  +000782.0 -000107.5  00 16 11.2  184.255 25.347  21.27  42514 11.9
2010-04-29  23:50:00  16 04 50.4  -18 26 28  +000779.8 -000100.9  00 17 32.2  184.591 25.040  23.35  42647 11.9
2010-04-30  00:00:00  16 13 29.6  -18 42 44  +000777.6 -000094.3  00 18 54.7  184.932 24.750  25.41  42777 11.9
2010-04-30  00:10:00  16 22 07.3  -18 57 54  +000775.5 -000087.6  00 20 18.7  185.277 24.476  27.46  42902 12.0
2010-04-30  00:20:00  16 30 43.6  -19 11 57  +000773.5 -000081.0  00 21 44.0  185.627 24.219  29.49  43022 12.0
2010-04-30  00:30:00  16 39 18.6  -19 24 53  +000771.4 -000074.3  00 23 10.7  185.982 23.979  31.53  43138 12.0
2010-04-30  00:40:00  16 47 52.2  -19 36 43  +000769.5 -000067.5  00 24 38.7  186.342 23.756  33.54  43249 12.0
2010-04-30  00:50:00  16 56 24.5  -19 47 24  +000767.5 -000060.8  00 26 08.0  186.707 23.549  35.55  43355 12.1
2010-04-30  01:00:00  17 04 55.6  -19 56 59  +000765.6 -000054.0  00 27 38.6  187.077 23.359  37.55  43456 12.1
2010-04-30  01:10:00  17 13 25.3  -20 05 25  +000763.7 -000047.3  00 29 10.5  187.452 23.185  39.55  43552 12.1
2010-04-30  01:20:00  17 21 53.9  -20 12 45  +000761.9 -000040.6  00 30 43.6  187.834 23.028  41.52  43643 12.1
2010-04-30  01:30:00  17 30 21.2  -20 18 57  +000760.1 -000033.8  00 32 17.9  188.220 22.887  43.51  43728 12.2
2010-04-30  01:40:00  17 38 47.3  -20 24 02  +000758.3 -000027.1  00 33 53.4  188.613 22.763  45.47  43808 12.2

   Date        UTC        RA         DECL      RARate   DeclRate    HourAng      Az     Um    Phase  Range  Mag
2010-04-30  18:10:00  08 54 36.2  +04 12 07  +000978.4 -000161.9  01 50 47.2  218.207 41.457  85.52  36691 12.6
2010-04-30  18:20:00  09 05 26.8  +03 44 29  +000973.5 -000169.7  01 49 58.2  217.701 41.126  82.80  36758 12.6
2010-04-30  18:30:00  09 16 14.2  +03 15 35  +000968.4 -000177.0  01 49 12.5  217.204 40.769  80.08  36833 12.5
2010-04-30  18:40:00  09 26 58.0  +02 45 30  +000963.0 -000183.8  01 48 30.3  216.720 40.386  77.38  36916 12.4
2010-04-30  18:50:00  09 37 38.2  +02 14 21  +000957.5 -000190.0  01 47 51.8  216.250 39.978  74.67  37006 12.4
2010-04-30  19:00:00  09 48 14.6  +01 42 12  +000951.7 -000195.7  01 47 17.0  215.794 39.547  71.99  37103 12.3
2010-04-30  19:10:00  09 58 47.2  +01 09 09  +000945.9 -000200.8  01 46 46.1  215.356 39.094  69.31  37207 12.3
2010-04-30  19:20:00  10 09 15.7  +00 35 18  +000939.9 -000205.3  01 46 19.1  214.936 38.621  66.65  37318 12.2
2010-04-30  19:30:00  10 19 40.3  +00 00 45  +000933.9 -000209.3  01 45 56.2  214.535 38.129  63.99  37435 12.2
2010-04-30  19:40:00  10 30 00.9  -00 34 25  +000927.8 -000212.7  01 45 37.3  214.155 37.620  61.36  37558 12.1
2010-04-30  19:50:00  10 40 17.4  -01 10 07  +000921.7 -000215.5  01 45 22.4  213.794 37.095  58.73  37687 12.1
2010-04-30  20:00:00  10 50 29.8  -01 46 14  +000915.6 -000217.8  01 45 11.7  213.455 36.556  56.13  37822 12.0
2010-04-30  20:10:00  11 00 38.1  -02 22 42  +000909.5 -000219.6  01 45 05.0  213.138 36.004  53.53  37962 12.0
2010-04-30  20:20:00  11 10 42.4  -02 59 24  +000903.5 -000220.9  01 45 02.3  212.842 35.441  50.96  38107 12.0
2010-04-30  20:30:00  11 20 42.8  -03 36 17  +000897.6 -000221.6  01 45 03.6  212.567 34.869  48.39  38256 12.0
2010-04-30  20:40:00  11 30 39.2  -04 13 15  +000891.7 -000221.9  01 45 08.8  212.314 34.289  45.85  38410 11.9
2010-04-30  20:50:00  11 40 31.8  -04 50 13  +000886.0 -000221.7  01 45 17.9  212.083 33.702  43.32  38567 11.9
2010-04-30  21:00:00  11 50 20.5  -05 27 07  +000880.4 -000221.0  01 45 30.7  211.872 33.110  40.81  38729 11.9
2010-04-30  21:10:00  12 00 05.6  -06 03 52  +000874.9 -000219.9  01 45 47.3  211.682 32.515  38.31  38893 11.9
2010-04-30  21:20:00  12 09 47.1  -06 40 23  +000869.5 -000218.4  01 46 07.5  211.512 31.917  35.84  39061 11.8
2010-04-30  21:30:00  12 19 25.0  -07 16 38  +000864.3 -000216.5  01 46 31.2  211.363 31.319  33.38  39231 11.8
2010-04-30  21:40:00  12 28 59.6  -07 52 31  +000859.3 -000214.2  01 46 58.3  211.232 30.721  30.95  39403 11.8
2010-04-30  21:50:00  12 38 30.8  -08 27 60  +000854.4 -000211.5  01 47 28.7  211.120 30.124  28.52  39577 11.8
2010-04-30  22:00:00  12 47 58.8  -09 03 00  +000849.7 -000208.5  01 48 02.3  211.027 29.530  26.12  39753 11.8
2010-04-30  22:10:00  12 57 23.7  -09 37 29  +000845.1 -000205.2  01 48 39.1  210.952 28.939  23.73  39930 11.8
2010-04-30  22:20:00  13 06 45.6  -10 11 23  +000840.7 -000201.6  01 49 18.8  210.893 28.353  21.37  40108 11.8
2010-04-30  22:30:00  13 16 04.7  -10 44 40  +000836.4 -000197.7  01 50 01.4  210.852 27.773  19.02  40286 11.8
2010-04-30  22:40:00  13 25 20.9  -11 17 16  +000832.3 -000193.5  01 50 46.8  210.827 27.199  16.69  40465 11.8
2010-04-30  22:50:00  13 34 34.4  -11 49 09  +000828.4 -000189.1  01 51 34.9  210.817 26.633  14.37  40643 11.8
2010-04-30  23:00:00  13 43 45.5  -12 20 17  +000824.6 -000184.4  01 52 25.6  210.822 26.075  12.08  40822 11.8
2010-04-30  23:10:00  13 52 54.0  -12 50 37  +000821.0 -000179.5  01 53 18.7  210.843 25.525   9.79  40999 11.8
2010-04-30  23:20:00  14 02 00.1  -13 20 07  +000817.5 -000174.5  01 54 14.2  210.877 24.985   7.54  41176 11.8
2010-04-30  23:30:00  14 11 03.9  -13 48 46  +000814.1 -000169.2  01 55 12.0  210.926 24.455   5.28  41351 11.8
2010-04-30  23:40:00  14 20 05.6  -14 16 31     <<SHADOW>>        01 56 12.0  210.988 23.936   3.06  41525 ----
2010-04-30  23:50:00  14 29 05.1  -14 43 21     <<SHADOW>>        01 57 14.1  211.063 23.428   0.84  41697 ----
2010-05-01  00:00:00  14 38 02.6  -15 09 14     <<SHADOW>>        01 58 18.3  211.151 22.932   1.36  41867 ----
2010-05-01  00:10:00  14 46 58.2  -15 34 10  +000801.9 -000146.6  01 59 24.3  211.252 22.448   3.55  42035 11.8
2010-05-01  00:20:00  14 55 51.9  -15 58 06  +000799.2 -000140.6  02 00 32.3  211.364 21.976   5.71  42200 11.8
2010-05-01  00:30:00  15 04 43.7  -16 21 01  +000796.5 -000134.5  02 01 42.1  211.489 21.517   7.87  42362 11.8
2010-05-01  00:40:00  15 13 33.9  -16 42 55  +000793.9 -000128.3  02 02 53.6  211.626 21.071  10.01  42522 11.8
2010-05-01  00:50:00  15 22 22.3  -17 03 46  +000791.5 -000122.0  02 04 06.7  211.774 20.639  12.14  42678 11.9
2010-05-01  01:00:00  15 31 09.2  -17 23 34  +000789.1 -000115.6  02 05 21.5  211.933 20.221  14.25  42831 11.9
2010-05-01  01:10:00  15 39 54.4  -17 42 18  +000786.8 -000109.2  02 06 37.9  212.104 19.816  16.36  42980 11.9
2010-05-01  01:20:00  15 48 38.2  -17 59 58  +000784.5 -000102.7  02 07 55.8  212.286 19.425  18.45  43126 11.9
2010-05-01  01:30:00  15 57 20.5  -18 16 32  +000782.3 -000096.1  02 09 15.2  212.479 19.049  20.53  43267 11.9
2010-05-01  01:40:00  16 06 01.3  -18 32 00  +000780.2 -000089.5  02 10 36.0  212.683 18.686  22.59  43405 12.0
