ЭФЕМЕРИДЫ ПО ОБЪЕКТУ:  95034
Для пункта:  10016 Маяки   46 23'50.68"   30 16'17.74"    14m
C   2010-04-15 12:00
по  2010-05-01 12:00
Шаг  0:10:00
Мин.угол места:          10 град
Макс.угол места Солнца: -10 град
Стандартный блеск :      5.9 (зв.вел.)

ОБОЗНАЧЕНИЯ
RA        прямое восхождение, тек.эпоха
DECL      склонение, тек.эпоха
RARate    скорость по пр.восх., арксек/мин
DeclRate  скорость по склонению, арксек/мин
HourAng   часовой угол
Az        азимут
Um        угол места
Phase     фазовый угол
Range     дальность
Mag       зв.величина (оценка)

   Date        UTC        RA         DECL      RARate   DeclRate    HourAng      Az     Um    Phase  Range  Mag
2010-04-20  18:00:00  13 25 51.4  -11 56 40  +000815.1 -000251.2  20 30 04.7  126.501 15.133   6.83  41803 12.8
2010-04-20  18:10:00  13 34 55.6  -12 38 15  +000817.5 -000247.7  20 31 02.2  127.106 14.693   4.70  41842 12.8
2010-04-20  18:20:00  13 44 01.4  -13 19 13  +000820.1 -000243.8  20 31 58.0  127.696 14.256   2.90  41881 12.8
2010-04-20  18:30:00  13 53 09.1  -13 59 30     <<SHADOW>>        20 32 52.0  128.270 13.822   2.33  41919 ----
2010-04-20  18:40:00  14 02 18.6  -14 39 02     <<SHADOW>>        20 33 44.1  128.827 13.392   3.62  41958 ----
2010-04-20  18:50:00  14 11 30.2  -15 17 46     <<SHADOW>>        20 34 34.2  129.367 12.966   5.61  41996 ----
2010-04-20  19:00:00  14 20 43.8  -15 55 37     <<SHADOW>>        20 35 22.2  129.888 12.546   7.77  42034 ----
2010-04-20  19:10:00  14 29 59.7  -16 32 31     <<SHADOW>>        20 36 07.9  130.391 12.132  10.01  42071 ----
2010-04-20  19:20:00  14 39 17.9  -17 08 25     <<SHADOW>>        20 36 51.4  130.874 11.726  12.25  42107 ----
2010-04-20  19:30:00  14 48 38.4  -17 43 15  +000842.5 -000205.7  20 37 32.6  131.336 11.328  14.52  42143 12.8
2010-04-20  19:40:00  14 58 01.2  -18 16 58  +000846.1 -000198.7  20 38 11.4  131.779 10.940  16.79  42179 12.9
2010-04-20  19:50:00  15 07 26.5  -18 49 29  +000849.7 -000191.4  20 38 47.7  132.200 10.562  19.07  42213 12.9
2010-04-20  20:00:00  15 16 54.2  -19 20 45  +000853.4 -000183.8  20 39 21.7  132.600 10.195  21.35  42246 12.9

   Date        UTC        RA         DECL      RARate   DeclRate    HourAng      Az     Um    Phase  Range  Mag
2010-04-21  01:40:00  20 49 24.6  -20 38 49  +000858.0 +000160.8  20 47 47.1  135.005 10.139  98.26  42189 14.3
2010-04-21  01:50:00  20 58 55.4  -20 11 18  +000854.4 +000169.3  20 48 18.0  134.867 10.593 100.53  42143 14.4
2010-04-21  02:00:00  21 08 23.8  -19 42 24  +000850.8 +000177.5  20 48 51.2  134.725 11.073 102.78  42095 14.5

   Date        UTC        RA         DECL      RARate   DeclRate    HourAng      Az     Um    Phase  Range  Mag
2010-04-21  18:00:00  12 00 58.0  -05 51 10  +000800.8 -000271.6  21 58 54.8  144.088 31.243  29.41  40309 12.8
2010-04-21  18:10:00  12 09 51.9  -06 36 27  +000801.0 -000271.6  22 00 02.5  144.743 30.666  27.08  40353 12.8
2010-04-21  18:20:00  12 18 46.1  -07 21 41  +000801.6 -000271.1  22 01 10.0  145.387 30.085  24.77  40399 12.8
2010-04-21  18:30:00  12 27 40.7  -08 06 47  +000802.4 -000270.2  22 02 17.0  146.020 29.502  22.45  40444 12.8
2010-04-21  18:40:00  12 36 35.9  -08 51 43  +000803.4 -000268.9  22 03 23.4  146.641 28.917  20.16  40491 12.8
2010-04-21  18:50:00  12 45 31.9  -09 36 23  +000804.7 -000267.1  22 04 29.0  147.249 28.332  17.86  40537 12.8
2010-04-21  19:00:00  12 54 28.9  -10 20 44  +000806.2 -000265.0  22 05 33.7  147.842 27.746  15.58  40584 12.8
2010-04-21  19:10:00  13 03 27.0  -11 04 41  +000808.0 -000262.4  22 06 37.2  148.420 27.162  13.31  40632 12.8
2010-04-21  19:20:00  13 12 26.3  -11 48 10  +000810.1 -000259.4  22 07 39.5  148.983 26.581  11.07  40679 12.8
2010-04-21  19:30:00  13 21 27.1  -12 31 08  +000812.3 -000256.0  22 08 40.4  149.529 26.003   8.87  40726 12.8
2010-04-21  19:40:00  13 30 29.4  -13 13 29  +000814.8 -000252.2  22 09 39.7  150.057 25.429   6.76  40774 12.7
2010-04-21  19:50:00  13 39 33.5  -13 55 10  +000817.4 -000248.0  22 10 37.3  150.568 24.860   4.82  40821 12.7
2010-04-21  20:00:00  13 48 39.4  -14 36 07     <<SHADOW>>        22 11 33.1  151.061 24.298   3.40  40868 ----
2010-04-21  20:10:00  13 57 47.2  -15 16 16     <<SHADOW>>        22 12 26.9  151.535 23.744   3.24  40914 ----
2010-04-21  20:20:00  14 06 57.1  -15 55 32     <<SHADOW>>        22 13 18.6  151.990 23.198   4.47  40960 ----
2010-04-21  20:30:00  14 16 09.2  -16 33 53     <<SHADOW>>        22 14 08.2  152.425 22.662   6.33  41006 ----
2010-04-21  20:40:00  14 25 23.5  -17 11 14     <<SHADOW>>        22 14 55.5  152.840 22.138   8.40  41051 ----
2010-04-21  20:50:00  14 34 40.2  -17 47 32     <<SHADOW>>        22 15 40.4  153.236 21.625  10.57  41095 ----
2010-04-21  21:00:00  14 43 59.3  -18 22 42  +000840.4 -000207.5  22 16 23.0  153.612 21.125  12.77  41138 12.8
2010-04-21  21:10:00  14 53 20.8  -18 56 41  +000844.1 -000200.3  22 17 03.2  153.967 20.640  15.01  41180 12.8
2010-04-21  21:20:00  15 02 44.8  -19 29 26  +000847.8 -000192.6  22 17 40.8  154.303 20.169  17.24  41220 12.8
2010-04-21  21:30:00  15 12 11.2  -20 00 53  +000851.6 -000184.7  22 18 16.0  154.618 19.716  19.50  41260 12.8
2010-04-21  21:40:00  15 21 40.2  -20 30 59  +000855.3 -000176.4  22 18 48.7  154.913 19.279  21.74  41298 12.8
2010-04-21  21:50:00  15 31 11.7  -20 59 41  +000859.0 -000167.8  22 19 18.9  155.189 18.861  24.00  41334 12.9
2010-04-21  22:00:00  15 40 45.6  -21 26 55  +000862.7 -000158.9  22 19 46.6  155.445 18.463  26.25  41369 12.9
2010-04-21  22:10:00  15 50 21.8  -21 52 38  +000866.2 -000149.7  22 20 11.9  155.682 18.085  28.52  41402 12.9
2010-04-21  22:20:00  16 00 00.5  -22 16 48  +000869.6 -000140.2  22 20 35.0  155.900 17.729  30.76  41433 12.9
2010-04-21  22:30:00  16 09 41.3  -22 39 22  +000872.9 -000130.5  22 20 55.8  156.100 17.395  33.03  41463 12.9
2010-04-21  22:40:00  16 19 24.3  -23 00 17  +000876.1 -000120.5  22 21 14.4  156.282 17.084  35.27  41490 13.0
2010-04-21  22:50:00  16 29 09.4  -23 19 31  +000879.0 -000110.3  22 21 31.0  156.446 16.797  37.53  41515 13.0
2010-04-21  23:00:00  16 38 56.3  -23 37 02  +000881.7 -000099.8  22 21 45.7  156.593 16.536  39.78  41538 13.0
2010-04-21  23:10:00  16 48 45.0  -23 52 48  +000884.2 -000089.2  22 21 58.7  156.724 16.300  42.04  41558 13.0
2010-04-21  23:20:00  16 58 35.2  -24 06 46  +000886.5 -000078.4  22 22 10.1  156.840 16.090  44.28  41576 13.1
2010-04-21  23:30:00  17 08 26.8  -24 18 56  +000888.4 -000067.5  22 22 20.1  156.940 15.908  46.54  41591 13.1
2010-04-21  23:40:00  17 18 19.7  -24 29 15  +000890.1 -000056.4  22 22 28.9  157.026 15.754  48.78  41604 13.1
2010-04-21  23:50:00  17 28 13.6  -24 37 43  +000891.5 -000045.2  22 22 36.6  157.099 15.627  51.03  41614 13.2
2010-04-22  00:00:00  17 38 08.3  -24 44 19  +000892.5 -000033.9  22 22 43.6  157.158 15.530  53.28  41621 13.2
2010-04-22  00:10:00  17 48 03.5  -24 49 02  +000893.3 -000022.6  22 22 50.0  157.206 15.462  55.53  41626 13.2
2010-04-22  00:20:00  17 57 59.2  -24 51 50  +000893.7 -000011.2  22 22 55.9  157.243 15.424  57.77  41628 13.3
2010-04-22  00:30:00  18 07 55.0  -24 52 45  +000893.7 +000000.3  22 23 01.8  157.269 15.416  60.02  41627 13.3
2010-04-22  00:40:00  18 17 50.8  -24 51 45  +000893.4 +000011.7  22 23 07.7  157.286 15.438  62.26  41623 13.4
2010-04-22  00:50:00  18 27 46.2  -24 48 52  +000892.8 +000023.0  22 23 13.9  157.295 15.491  64.51  41616 13.4
2010-04-22  01:00:00  18 37 41.1  -24 44 05  +000891.9 +000034.4  22 23 20.6  157.296 15.575  66.75  41606 13.5
2010-04-22  01:10:00  18 47 35.3  -24 37 25  +000890.7 +000045.6  22 23 28.0  157.290 15.690  69.00  41594 13.5
2010-04-22  01:20:00  18 57 28.6  -24 28 53  +000889.1 +000056.8  22 23 36.4  157.278 15.835  71.24  41578 13.5
2010-04-22  01:30:00  19 07 20.8  -24 18 29  +000887.3 +000067.9  22 23 45.9  157.262 16.011  73.49  41560 13.6
2010-04-22  01:40:00  19 17 11.6  -24 06 16  +000885.1 +000078.8  22 23 56.7  157.240 16.218  75.73  41539 13.6
2010-04-22  01:50:00  19 27 00.9  -23 52 14  +000882.7 +000089.6  22 24 09.1  157.216 16.455  77.99  41515 13.7
2010-04-22  02:00:00  19 36 48.5  -23 36 26  +000880.1 +000100.1  22 24 23.1  157.189 16.723  80.23  41488 13.8

   Date        UTC        RA         DECL      RARate   DeclRate    HourAng      Az     Um    Phase  Range  Mag
2010-04-22  18:00:00  10 34 19.0  +00 32 18  +000808.5 -000258.3  23 29 30.3  169.434 43.656  52.92  39359 13.1
2010-04-22  18:10:00  10 43 17.3  -00 11 03  +000806.5 -000261.9  23 30 33.6  169.917 42.972  50.56  39404 13.1
2010-04-22  18:20:00  10 52 14.4  -00 54 58  +000804.8 -000265.0  23 31 38.2  170.397 42.277  48.22  39450 13.0
2010-04-22  18:30:00  11 01 10.4  -01 39 21  +000803.2 -000267.7  23 32 43.8  170.874 41.572  45.87  39497 13.0
2010-04-22  18:40:00  11 10 05.4  -02 24 10  +000802.0 -000269.9  23 33 50.4  171.346 40.859  43.54  39545 13.0
2010-04-22  18:50:00  11 18 59.7  -03 09 19  +000800.9 -000271.8  23 34 57.8  171.813 40.139  41.19  39595 12.9
2010-04-22  19:00:00  11 27 53.4  -03 54 44  +000800.1 -000273.2  23 36 05.8  172.274 39.413  38.87  39645 12.9
2010-04-22  19:10:00  11 36 46.6  -04 40 20  +000799.6 -000274.1  23 37 14.2  172.727 38.681  36.53  39696 12.9
2010-04-22  19:20:00  11 45 39.5  -05 26 05  +000799.3 -000274.6  23 38 22.9  173.171 37.946  34.21  39749 12.9
2010-04-22  19:30:00  11 54 32.4  -06 11 52  +000799.3 -000274.7  23 39 31.6  173.607 37.208  31.89  39802 12.8
2010-04-22  19:40:00  12 03 25.4  -06 57 38  +000799.6 -000274.4  23 40 40.4  174.032 36.469  29.58  39856 12.8
2010-04-22  19:50:00  12 12 18.5  -07 43 19  +000800.1 -000273.6  23 41 48.8  174.447 35.729  27.26  39910 12.8
2010-04-22  20:00:00  12 21 12.2  -08 28 49  +000800.8 -000272.5  23 42 56.8  174.851 34.990  24.97  39965 12.8
2010-04-22  20:10:00  12 30 06.4  -09 14 06  +000801.9 -000270.8  23 44 04.2  175.243 34.253  22.67  40020 12.8
2010-04-22  20:20:00  12 39 01.4  -09 59 05  +000803.2 -000268.8  23 45 10.9  175.622 33.520  20.39  40076 12.8
2010-04-22  20:30:00  12 47 57.3  -10 43 41  +000804.7 -000266.4  23 46 16.6  175.989 32.792  18.11  40132 12.8
2010-04-22  20:40:00  12 56 54.4  -11 27 51  +000806.5 -000263.5  23 47 21.2  176.343 32.069  15.86  40188 12.7
2010-04-22  20:50:00  13 05 52.7  -12 11 31  +000808.5 -000260.3  23 48 24.5  176.683 31.353  13.63  40244 12.7
2010-04-22  21:00:00  13 14 52.4  -12 54 35  +000810.7 -000256.6  23 49 26.5  177.009 30.645  11.44  40300 12.7
2010-04-22  21:10:00  13 23 53.7  -13 37 01  +000813.2 -000252.5  23 50 26.8  177.321 29.947   9.29  40356 12.7
2010-04-22  21:20:00  13 32 56.7  -14 18 44  +000815.9 -000248.0  23 51 25.4  177.619 29.260   7.27  40411 12.7
2010-04-22  21:30:00  13 42 01.5  -14 59 41     <<SHADOW>>        23 52 22.2  177.902 28.584   5.46  40466 ----
2010-04-22  21:40:00  13 51 08.3  -15 39 47     <<SHADOW>>        23 53 17.1  178.170 27.921   4.17  40520 ----
2010-04-22  21:50:00  14 00 17.2  -16 18 58     <<SHADOW>>        23 54 09.8  178.425 27.273   3.94  40573 ----
2010-04-22  22:00:00  14 09 28.3  -16 57 11     <<SHADOW>>        23 55 00.4  178.664 26.639   4.91  40626 ----
2010-04-22  22:10:00  14 18 41.7  -17 34 22     <<SHADOW>>        23 55 48.7  178.889 26.023   6.58  40677 ----
2010-04-22  22:20:00  14 27 57.4  -18 10 28     <<SHADOW>>        23 56 34.6  179.100 25.424   8.53  40728 ----
2010-04-22  22:30:00  14 37 15.5  -18 45 24  +000839.0 -000206.0  23 57 18.2  179.296 24.843  10.62  40776 12.8
2010-04-22  22:40:00  14 46 36.0  -19 19 07  +000842.7 -000198.6  23 57 59.2  179.479 24.282  12.76  40824 12.8
2010-04-22  22:50:00  14 55 59.1  -19 51 34  +000846.5 -000190.8  23 58 37.8  179.648 23.742  14.95  40870 12.8
2010-04-22  23:00:00  15 05 24.7  -20 22 41  +000850.3 -000182.6  23 59 13.8  179.804 23.224  17.15  40914 12.8
2010-04-22  23:10:00  15 14 52.8  -20 52 26  +000854.1 -000174.2  23 59 47.4  179.947 22.729  19.37  40957 12.8
2010-04-22  23:20:00  15 24 23.5  -21 20 44  +000857.8 -000165.4  00 00 18.4  180.077 22.257  21.59  40997 12.8
2010-04-22  23:30:00  15 33 56.6  -21 47 33  +000861.5 -000156.4  00 00 46.9  180.195 21.810  23.83  41036 12.8
2010-04-22  23:40:00  15 43 32.1  -22 12 51  +000865.1 -000147.0  00 01 13.0  180.302 21.388  26.06  41072 12.9
2010-04-22  23:50:00  15 53 10.0  -22 36 33  +000868.6 -000137.4  00 01 36.7  180.398 20.992  28.30  41106 12.9
2010-04-23  00:00:00  16 02 50.2  -22 58 38  +000872.0 -000127.5  00 01 58.2  180.484 20.624  30.53  41138 12.9
2010-04-23  00:10:00  16 12 32.6  -23 19 03  +000875.2 -000117.4  00 02 17.4  180.561 20.283  32.78  41167 12.9
2010-04-23  00:20:00  16 22 17.1  -23 37 46  +000878.2 -000107.1  00 02 34.6  180.628 19.971  35.01  41194 13.0
2010-04-23  00:30:00  16 32 03.5  -23 54 44  +000881.0 -000096.5  00 02 49.9  180.687 19.687  37.26  41218 13.0
2010-04-23  00:40:00  16 41 51.6  -24 09 56  +000883.5 -000085.8  00 03 03.3  180.739 19.434  39.49  41240 13.0
2010-04-23  00:50:00  16 51 41.4  -24 23 19  +000885.8 -000074.9  00 03 15.2  180.784 19.210  41.74  41259 13.0
2010-04-23  01:00:00  17 01 32.7  -24 34 53  +000887.9 -000063.8  00 03 25.6  180.824 19.017  43.97  41275 13.1
2010-04-23  01:10:00  17 11 25.2  -24 44 36  +000889.6 -000052.7  00 03 34.7  180.859 18.855  46.22  41288 13.1
2010-04-23  01:20:00  17 21 18.8  -24 52 26  +000891.0 -000041.4  00 03 42.8  180.889 18.724  48.45  41299 13.1
2010-04-23  01:30:00  17 31 13.2  -24 58 23  +000892.2 -000030.0  00 03 50.0  180.917 18.624  50.70  41306 13.2
2010-04-23  01:40:00  17 41 08.3  -25 02 26  +000893.0 -000018.6  00 03 56.6  180.942 18.556  52.93  41311 13.2
2010-04-23  01:50:00  17 51 03.7  -25 04 35  +000893.4 -000007.1  00 04 02.8  180.966 18.520  55.18  41312 13.2
2010-04-23  02:00:00  18 00 59.4  -25 04 48  +000893.5 +000004.4  00 04 08.7  180.990 18.516  57.41  41311 13.3

   Date        UTC        RA         DECL      RARate   DeclRate    HourAng      Az     Um    Phase  Range  Mag
2010-04-23  18:00:00  09 05 17.9  +06 12 32  +000834.5 -000209.6  01 02 27.9  203.390 47.614  76.79  39121 13.5
2010-04-23  18:10:00  09 14 33.2  +05 37 00  +000831.2 -000216.7  01 03 14.3  203.422 46.991  74.41  39160 13.5
2010-04-23  18:20:00  09 23 46.3  +05 00 19  +000828.1 -000223.4  01 04 02.8  203.458 46.348  72.05  39200 13.4
2010-04-23  18:30:00  09 32 57.3  +04 22 33  +000825.0 -000229.7  01 04 53.5  203.499 45.685  69.68  39242 13.4
2010-04-23  18:40:00  09 42 06.2  +03 43 46  +000822.0 -000235.6  01 05 46.2  203.545 45.003  67.32  39285 13.3
2010-04-23  18:50:00  09 51 13.3  +03 04 02  +000819.1 -000241.1  01 06 40.8  203.595 44.304  64.95  39330 13.3
2010-04-23  19:00:00  10 00 18.4  +02 23 26  +000816.4 -000246.1  01 07 37.3  203.649 43.589  62.60  39377 13.3
2010-04-23  19:10:00  10 09 21.8  +01 42 01  +000813.8 -000250.7  01 08 35.5  203.706 42.859  60.23  39426 13.2
2010-04-23  19:20:00  10 18 23.6  +00 59 53  +000811.5 -000254.9  01 09 35.4  203.766 42.115  57.88  39476 13.2
2010-04-23  19:30:00  10 27 23.8  +00 17 05  +000809.3 -000258.6  01 10 36.8  203.830 41.358  55.52  39527 13.1
2010-04-23  19:40:00  10 36 22.7  -00 26 18  +000807.3 -000261.9  01 11 39.6  203.895 40.591  53.18  39580 13.1
2010-04-23  19:50:00  10 45 20.3  -01 10 12  +000805.5 -000264.8  01 12 43.6  203.963 39.814  50.83  39635 13.1
2010-04-23  20:00:00  10 54 16.8  -01 54 32  +000804.0 -000267.2  01 13 48.8  204.031 39.029  48.49  39690 13.0
2010-04-23  20:10:00  11 03 12.3  -02 39 14  +000802.7 -000269.2  01 14 54.8  204.101 38.236  46.14  39747 13.0
2010-04-23  20:20:00  11 12 07.1  -03 24 14  +000801.7 -000270.7  01 16 01.7  204.171 37.438  43.81  39805 13.0
2010-04-23  20:30:00  11 21 01.3  -04 09 28  +000800.8 -000271.9  01 17 09.2  204.240 36.636  41.47  39864 13.0
2010-04-23  20:40:00  11 29 55.0  -04 54 50  +000800.3 -000272.5  01 18 17.2  204.309 35.831  39.15  39925 12.9
2010-04-23  20:50:00  11 38 48.4  -05 40 17  +000800.0 -000272.8  01 19 25.4  204.377 35.024  36.82  39985 12.9
2010-04-23  21:00:00  11 47 41.6  -06 25 45  +000799.9 -000272.6  01 20 33.8  204.442 34.217  34.51  40047 12.9
2010-04-23  21:10:00  11 56 35.0  -07 11 09  +000800.1 -000272.1  01 21 42.1  204.506 33.411  32.19  40109 12.9
2010-04-23  21:20:00  12 05 28.6  -07 56 24  +000800.6 -000271.1  01 22 50.1  204.567 32.607  29.89  40172 12.8
2010-04-23  21:30:00  12 14 22.5  -08 41 28  +000801.4 -000269.6  01 23 57.8  204.625 31.808  27.58  40235 12.8
2010-04-23  21:40:00  12 23 17.1  -09 26 16  +000802.4 -000267.8  01 25 04.9  204.680 31.013  25.30  40298 12.8
2010-04-23  21:50:00  12 32 12.4  -10 10 43  +000803.6 -000265.5  01 26 11.2  204.731 30.225  23.01  40362 12.8
2010-04-23  22:00:00  12 41 08.6  -10 54 45  +000805.1 -000262.9  01 27 16.6  204.777 29.444  20.75  40425 12.8
2010-04-23  22:10:00  12 50 05.9  -11 38 19  +000806.8 -000259.8  01 28 21.0  204.820 28.673  18.48  40488 12.8
2010-04-23  22:20:00  12 59 04.5  -12 21 21  +000808.8 -000256.4  01 29 24.1  204.858 27.912  16.25  40551 12.8
2010-04-23  22:30:00  13 08 04.4  -13 03 46  +000811.0 -000252.5  01 30 25.8  204.891 27.162  14.04  40614 12.8
2010-04-23  22:40:00  13 17 05.9  -13 45 31  +000813.4 -000248.3  01 31 26.0  204.919 26.426  11.88  40676 12.8
2010-04-23  22:50:00  13 26 09.0  -14 26 31  +000816.1 -000243.7  01 32 24.5  204.942 25.703   9.77  40737 12.8
2010-04-23  23:00:00  13 35 14.0  -15 06 43     <<SHADOW>>        01 33 21.1  204.959 24.995   7.78  40797 ----
2010-04-23  23:10:00  13 44 20.9  -15 46 03     <<SHADOW>>        01 34 15.9  204.972 24.304   6.01  40857 ----
2010-04-23  23:20:00  13 53 29.8  -16 24 28     <<SHADOW>>        01 35 08.5  204.980 23.630   4.72  40915 ----
2010-04-23  23:30:00  14 02 41.0  -17 01 53     <<SHADOW>>        01 35 59.1  204.982 22.974   4.35  40972 ----
2010-04-23  23:40:00  14 11 54.3  -17 38 16     <<SHADOW>>        01 36 47.3  204.980 22.338   5.10  41028 ----
2010-04-23  23:50:00  14 21 10.0  -18 13 32     <<SHADOW>>        01 37 33.3  204.973 21.723   6.59  41082 ----
2010-04-24  00:00:00  14 30 28.1  -18 47 38  +000839.0 -000201.0  01 38 16.9  204.962 21.129   8.44  41134 12.8
2010-04-24  00:10:00  14 39 48.6  -19 20 30  +000842.6 -000193.5  01 38 58.0  204.946 20.558  10.46  41185 12.8
2010-04-24  00:20:00  14 49 11.6  -19 52 06  +000846.4 -000185.6  01 39 36.6  204.927 20.010  12.56  41233 12.8
2010-04-24  00:30:00  14 58 37.1  -20 22 22  +000850.2 -000177.5  01 40 12.8  204.903 19.487  14.72  41280 12.8
2010-04-24  00:40:00  15 08 05.2  -20 51 15  +000853.9 -000169.0  01 40 46.4  204.877 18.989  16.89  41325 12.8
2010-04-24  00:50:00  15 17 35.7  -21 18 42  +000857.6 -000160.3  01 41 17.5  204.849 18.516  19.09  41367 12.8
2010-04-24  01:00:00  15 27 08.7  -21 44 40  +000861.3 -000151.2  01 41 46.2  204.818 18.070  21.30  41407 12.8
2010-04-24  01:10:00  15 36 44.1  -22 09 06  +000864.9 -000141.9  01 42 12.4  204.786 17.652  23.52  41445 12.9
2010-04-24  01:20:00  15 46 21.8  -22 31 58  +000868.4 -000132.3  01 42 36.3  204.753 17.261  25.74  41479 12.9
2010-04-24  01:30:00  15 56 01.9  -22 53 12  +000871.7 -000122.5  01 42 57.9  204.719 16.899  27.97  41512 12.9
2010-04-24  01:40:00  16 05 44.1  -23 12 47  +000874.9 -000112.4  01 43 17.3  204.686 16.566  30.20  41542 12.9
2010-04-24  01:50:00  16 15 28.4  -23 30 40  +000877.9 -000102.1  01 43 34.6  204.655 16.262  32.44  41569 12.9

   Date        UTC        RA         DECL      RARate   DeclRate    HourAng      Az     Um    Phase  Range  Mag
2010-04-24  18:00:00  07 34 31.1  +10 09 55  +000864.6 -000130.0  02 37 11.3  235.411 40.778 100.51  39634 14.3
2010-04-24  18:10:00  07 44 06.5  +09 47 25  +000861.8 -000140.0  02 37 37.5  235.242 40.409  98.13  39661 14.2
2010-04-24  18:20:00  07 53 40.1  +09 23 16  +000858.9 -000149.7  02 38 05.6  235.063 40.014  95.75  39690 14.1
2010-04-24  18:30:00  08 03 11.7  +08 57 32  +000855.8 -000159.1  02 38 35.7  234.876 39.591  93.36  39720 14.0
2010-04-24  18:40:00  08 12 41.2  +08 30 15  +000852.7 -000168.2  02 39 07.8  234.681 39.142  90.99  39753 14.0
2010-04-24  18:50:00  08 22 08.6  +08 01 29  +000849.5 -000176.9  02 39 42.0  234.481 38.667  88.60  39788 13.9
2010-04-24  19:00:00  08 31 33.8  +07 31 18  +000846.2 -000185.3  02 40 18.5  234.276 38.167  86.23  39825 13.8
2010-04-24  19:10:00  08 40 56.8  +06 59 45  +000842.9 -000193.2  02 40 57.0  234.067 37.643  83.84  39864 13.8
2010-04-24  19:20:00  08 50 17.7  +06 26 55  +000839.7 -000200.8  02 41 37.8  233.856 37.095  81.47  39905 13.7
2010-04-24  19:30:00  08 59 36.4  +05 52 50  +000836.4 -000208.0  02 42 20.8  233.643 36.525  79.09  39948 13.6
2010-04-24  19:40:00  09 08 53.0  +05 17 35  +000833.2 -000214.8  02 43 05.8  233.430 35.933  76.72  39992 13.6
2010-04-24  19:50:00  09 18 07.4  +04 41 15  +000830.1 -000221.2  02 43 53.1  233.217 35.321  74.34  40039 13.5
2010-04-24  20:00:00  09 27 19.8  +04 03 52  +000827.1 -000227.2  02 44 42.3  233.004 34.688  71.98  40088 13.5
2010-04-24  20:10:00  09 36 30.2  +03 25 31  +000824.1 -000232.8  02 45 33.5  232.793 34.038  69.60  40138 13.4
2010-04-24  20:20:00  09 45 38.7  +02 46 17  +000821.3 -000237.9  02 46 26.7  232.583 33.370  67.24  40191 13.4
2010-04-24  20:30:00  09 54 45.3  +02 06 14  +000818.7 -000242.6  02 47 21.7  232.376 32.686  64.87  40245 13.3
2010-04-24  20:40:00  10 03 50.3  +01 25 26  +000816.1 -000246.9  02 48 18.4  232.171 31.987  62.51  40300 13.3
2010-04-24  20:50:00  10 12 53.6  +00 43 57  +000813.8 -000250.8  02 49 16.7  231.968 31.275  60.15  40358 13.3
2010-04-24  21:00:00  10 21 55.4  +00 01 51  +000811.7 -000254.2  02 50 16.6  231.769 30.550  57.80  40416 13.2
2010-04-24  21:10:00  10 30 55.9  -00 40 47  +000809.7 -000257.2  02 51 17.7  231.572 29.815  55.44  40477 13.2
2010-04-24  21:20:00  10 39 55.1  -01 23 52  +000808.0 -000259.8  02 52 20.2  231.378 29.070  53.09  40538 13.2
2010-04-24  21:30:00  10 48 53.2  -02 07 22  +000806.5 -000262.0  02 53 23.7  231.188 28.317  50.74  40601 13.1
2010-04-24  21:40:00  10 57 50.4  -02 51 10  +000805.2 -000263.7  02 54 28.1  231.000 27.557  48.40  40665 13.1
2010-04-24  21:50:00  11 06 46.9  -03 35 14  +000804.1 -000265.0  02 55 33.3  230.815 26.791  46.06  40729 13.1
2010-04-24  22:00:00  11 15 42.7  -04 19 29  +000803.3 -000265.9  02 56 39.2  230.632 26.022  43.73  40795 13.0
2010-04-24  22:10:00  11 24 38.0  -05 03 50  +000802.8 -000266.3  02 57 45.4  230.452 25.250  41.40  40862 13.0
2010-04-24  22:20:00  11 33 33.1  -05 48 14  +000802.5 -000266.4  02 58 52.0  230.275 24.477  39.08  40929 13.0
2010-04-24  22:30:00  11 42 28.0  -06 32 36  +000802.4 -000266.0  02 59 58.7  230.099 23.704  36.75  40996 13.0
2010-04-24  22:40:00  11 51 23.0  -07 16 53  +000802.6 -000265.2  03 01 05.4  229.926 22.932  34.44  41064 12.9
2010-04-24  22:50:00  12 00 18.2  -08 00 59  +000803.1 -000264.0  03 02 11.8  229.754 22.164  32.13  41133 12.9
2010-04-24  23:00:00  12 09 13.8  -08 44 52  +000803.8 -000262.5  03 03 17.9  229.584 21.399  29.83  41201 12.9
2010-04-24  23:10:00  12 18 10.0  -09 28 27  +000804.7 -000260.5  03 04 23.4  229.415 20.641  27.53  41269 12.9
2010-04-24  23:20:00  12 27 06.8  -10 11 41  +000806.0 -000258.1  03 05 28.1  229.247 19.889  25.25  41337 12.9
2010-04-24  23:30:00  12 36 04.6  -10 54 28  +000807.4 -000255.3  03 06 32.0  229.081 19.146  22.96  41405 12.9
2010-04-24  23:40:00  12 45 03.4  -11 36 46  +000809.1 -000252.2  03 07 34.8  228.916 18.412  20.71  41472 12.8
2010-04-24  23:50:00  12 54 03.5  -12 18 30  +000811.0 -000248.6  03 08 36.4  228.751 17.689  18.45  41539 12.8
2010-04-25  00:00:00  13 03 04.9  -12 59 38  +000813.2 -000244.7  03 09 36.7  228.588 16.978  16.22  41605 12.8
2010-04-25  00:10:00  13 12 07.7  -13 40 04  +000815.5 -000240.4  03 10 35.4  228.425 16.281  14.01  41669 12.8
2010-04-25  00:20:00  13 21 12.3  -14 19 46  +000818.1 -000235.8  03 11 32.5  228.263 15.598  11.85  41733 12.8
2010-04-25  00:30:00  13 30 18.6  -14 58 39     <<SHADOW>>        03 12 27.9  228.102 14.930   9.75  41796 ----
2010-04-25  00:40:00  13 39 26.8  -15 36 40     <<SHADOW>>        03 13 21.3  227.942 14.279   7.77  41857 ----
2010-04-25  00:50:00  13 48 37.0  -16 13 45     <<SHADOW>>        03 14 12.8  227.783 13.646   6.01  41917 ----
2010-04-25  01:00:00  13 57 49.3  -16 49 52     <<SHADOW>>        03 15 02.1  227.625 13.032   4.73  41975 ----
2010-04-25  01:10:00  14 07 03.8  -17 24 56     <<SHADOW>>        03 15 49.2  227.469 12.437   4.37  42032 ----
2010-04-25  01:20:00  14 16 20.6  -17 58 54     <<SHADOW>>        03 16 34.1  227.315 11.863   5.12  42087 ----
2010-04-25  01:30:00  14 25 39.7  -18 31 42     <<SHADOW>>        03 17 16.6  227.163 11.311   6.61  42139 ----
2010-04-25  01:40:00  14 35 01.2  -19 03 18  +000844.1 -000185.9  03 17 56.8  227.013 10.781   8.46  42190 12.8
2010-04-25  01:50:00  14 44 25.1  -19 33 39  +000847.7 -000178.1  03 18 34.5  226.866 10.274  10.48  42238 12.8

   Date        UTC        RA         DECL      RARate   DeclRate    HourAng      Az     Um    Phase  Range  Mag
2010-04-25  18:00:00  06 04 06.2  +11 46 04  +000881.3 -000033.0  04 11 32.7  258.175 27.090 123.60  40797 15.3
2010-04-25  18:10:00  06 13 53.5  +11 39 37  +000880.6 -000044.4  04 11 47.1  258.139 26.972 121.21  40809 15.2
2010-04-25  18:20:00  06 23 40.2  +11 31 17  +000879.6 -000055.6  04 12 02.0  258.081 26.829 118.84  40823 15.1
2010-04-25  18:30:00  06 33 26.2  +11 21 05  +000878.3 -000066.7  04 12 17.7  258.002 26.662 116.45  40839 15.0
2010-04-25  18:40:00  06 43 11.3  +11 09 03  +000876.8 -000077.6  04 12 34.3  257.903 26.470 114.07  40857 14.9
2010-04-25  18:50:00  06 52 55.2  +10 55 13  +000875.0 -000088.4  04 12 51.9  257.785 26.253 111.68  40877 14.8
2010-04-25  19:00:00  07 02 37.9  +10 39 36  +000873.1 -000099.0  04 13 10.9  257.649 26.010 109.30  40899 14.7
2010-04-25  19:10:00  07 12 19.3  +10 22 14  +000870.9 -000109.3  04 13 31.2  257.496 25.742 106.90  40923 14.6
2010-04-25  19:20:00  07 21 59.1  +10 03 10  +000868.5 -000119.5  04 13 53.0  257.328 25.449 104.52  40950 14.5
2010-04-25  19:30:00  07 31 37.2  +09 42 26  +000865.9 -000129.3  04 14 16.5  257.144 25.131 102.13  40978 14.4
2010-04-25  19:40:00  07 41 13.6  +09 20 04  +000863.2 -000138.9  04 14 41.8  256.948 24.787  99.75  41009 14.3
2010-04-25  19:50:00  07 50 48.1  +08 56 09  +000860.4 -000148.2  04 15 08.9  256.740 24.419  97.35  41043 14.2
2010-04-25  20:00:00  08 00 20.7  +08 30 42  +000857.4 -000157.1  04 15 37.9  256.520 24.027  94.97  41078 14.2
2010-04-25  20:10:00  08 09 51.3  +08 03 48  +000854.4 -000165.8  04 16 09.0  256.291 23.610  92.58  41115 14.1
2010-04-25  20:20:00  08 19 19.9  +07 35 28  +000851.3 -000174.1  04 16 42.1  256.053 23.170  90.20  41155 14.0
2010-04-25  20:30:00  08 28 46.4  +07 05 47  +000848.1 -000182.0  04 17 17.2  255.807 22.706  87.81  41197 13.9
2010-04-25  20:40:00  08 38 10.7  +06 34 49  +000845.0 -000189.6  04 17 54.5  255.555 22.221  85.43  41241 13.9
2010-04-25  20:50:00  08 47 33.0  +06 02 37  +000841.8 -000196.8  04 18 33.9  255.297 21.714  83.04  41287 13.8
2010-04-25  21:00:00  08 56 53.1  +05 29 15  +000838.7 -000203.6  04 19 15.4  255.033 21.186  80.67  41336 13.8
2010-04-25  21:10:00  09 06 11.2  +04 54 47  +000835.6 -000210.0  04 19 58.9  254.766 20.638  78.28  41386 13.7
2010-04-25  21:20:00  09 15 27.2  +04 19 17  +000832.5 -000216.0  04 20 44.5  254.496 20.070  75.91  41438 13.6
2010-04-25  21:30:00  09 24 41.3  +03 42 48  +000829.6 -000221.6  04 21 32.1  254.222 19.485  73.53  41492 13.6
2010-04-25  21:40:00  09 33 53.4  +03 05 25  +000826.8 -000226.9  04 22 21.6  253.947 18.883  71.16  41548 13.5
2010-04-25  21:50:00  09 43 03.7  +02 27 12  +000824.1 -000231.7  04 23 13.0  253.670 18.264  68.78  41606 13.5
2010-04-25  22:00:00  09 52 12.2  +01 48 13  +000821.5 -000236.0  04 24 06.1  253.393 17.631  66.42  41665 13.4
2010-04-25  22:10:00  10 01 19.1  +01 08 33  +000819.1 -000240.0  04 25 00.9  253.115 16.983  64.05  41726 13.4
2010-04-25  22:20:00  10 10 24.4  +00 28 14  +000816.8 -000243.6  04 25 57.3  252.836 16.324  61.70  41788 13.4
2010-04-25  22:30:00  10 19 28.2  -00 12 37  +000814.8 -000246.7  04 26 55.1  252.558 15.652  59.33  41851 13.3
2010-04-25  22:40:00  10 28 30.8  -00 53 59  +000812.9 -000249.4  04 27 54.2  252.281 14.971  56.98  41916 13.3
2010-04-25  22:50:00  10 37 32.1  -01 35 45  +000811.2 -000251.8  04 28 54.4  252.004 14.281  54.62  41982 13.3
2010-04-25  23:00:00  10 46 32.5  -02 17 53  +000809.8 -000253.7  04 29 55.8  251.728 13.584  52.28  42049 13.2
2010-04-25  23:10:00  10 55 31.9  -03 00 18  +000808.6 -000255.2  04 30 58.0  251.454 12.880  49.93  42117 13.2
2010-04-25  23:20:00  11 04 30.6  -03 42 55  +000807.6 -000256.3  04 32 00.9  251.180 12.172  47.59  42186 13.2
2010-04-25  23:30:00  11 13 28.7  -04 25 42  +000806.8 -000257.0  04 33 04.5  250.908 11.459  45.25  42255 13.1
2010-04-25  23:40:00  11 22 26.4  -05 08 33  +000806.3 -000257.2  04 34 08.4  250.637 10.745  42.92  42325 13.1
2010-04-25  23:50:00  11 31 23.8  -05 51 25  +000806.0 -000257.1  04 35 12.7  250.368 10.030  40.59  42395 13.1

   Date        UTC        RA         DECL      RARate   DeclRate    HourAng      Az     Um    Phase  Range  Mag
2010-04-26  18:10:00  04 46 32.3  +11 05 30  +000878.4 +000052.0  05 43 04.8  274.689 10.908 143.26  42402 16.8
2010-04-26  18:20:00  04 56 18.4  +11 13 17  +000879.7 +000041.2  05 43 20.4  274.827 10.955 140.92  42399 16.6
2010-04-26  18:30:00  05 06 05.2  +11 19 14  +000880.9 +000030.3  05 43 35.2  274.942 10.984 138.56  42399 16.4
2010-04-26  18:40:00  05 15 52.8  +11 23 22  +000881.8 +000019.3  05 43 49.3  275.033 10.993 136.20  42400 16.2
2010-04-26  18:50:00  05 25 40.8  +11 25 41  +000882.4 +000008.3  05 44 02.9  275.101 10.982 133.83  42404 16.0
2010-04-26  19:00:00  05 35 29.2  +11 26 09  +000882.7 -000002.7  05 44 16.1  275.146 10.949 131.46  42409 15.9
2010-04-26  19:10:00  05 45 17.7  +11 24 48  +000882.8 -000013.7  05 44 29.3  275.169 10.895 129.08  42416 15.7
2010-04-26  19:20:00  05 55 06.2  +11 21 36  +000882.6 -000024.7  05 44 42.4  275.170 10.820 126.71  42426 15.6
2010-04-26  19:30:00  06 04 54.4  +11 16 34  +000882.1 -000035.6  05 44 55.8  275.150 10.722 124.32  42437 15.5
2010-04-26  19:40:00  06 14 42.3  +11 09 44  +000881.4 -000046.5  05 45 09.6  275.110 10.601 121.95  42451 15.3
2010-04-26  19:50:00  06 24 29.5  +11 01 05  +000880.3 -000057.2  05 45 24.1  275.050 10.457 119.55  42467 15.2
2010-04-26  20:00:00  06 34 16.0  +10 50 40  +000879.1 -000067.8  05 45 39.2  274.971 10.289 117.17  42485 15.1
2010-04-26  20:10:00  06 44 01.6  +10 38 30  +000877.6 -000078.3  05 45 55.3  274.875 10.098 114.78  42505 15.0
