ЭФЕМЕРИДЫ ПО ОБЪЕКТУ:  95046
Для пункта:  10016 Маяки   46 23'50.68"   30 16'17.74"    14m
C   2010-04-15 12:00
по  2010-05-01 12:00
Шаг  0:10:00
Мин.угол места:          10 град
Макс.угол места Солнца: -10 град
Стандартный блеск :      6.0 (зв.вел.)

ОБОЗНАЧЕНИЯ
RA        прямое восхождение, тек.эпоха
DECL      склонение, тек.эпоха
RARate    скорость по пр.восх., арксек/мин
DeclRate  скорость по склонению, арксек/мин
HourAng   часовой угол
Az        азимут
Um        угол места
Phase     фазовый угол
Range     дальность
Mag       зв.величина (оценка)

   Date        UTC        RA         DECL      RARate   DeclRate    HourAng      Az     Um    Phase  Range  Mag
2010-04-15  17:50:00  12 52 18.9  -13 54 22  +000828.4 -000179.6  20 33 52.8  128.431 14.030  11.20  41605 12.9
2010-04-15  18:00:00  13 01 31.9  -14 23 56  +000830.4 -000175.1  20 34 41.5  128.882 13.729   9.36  41636 12.9
2010-04-15  18:10:00  13 10 46.2  -14 52 44  +000832.6 -000170.5  20 35 28.8  129.318 13.435   7.75  41663 12.9
2010-04-15  18:20:00  13 20 02.1  -15 20 44     <<SHADOW>>        20 36 14.6  129.741 13.147   6.56  41688 ----
2010-04-15  18:30:00  13 29 19.6  -15 47 54     <<SHADOW>>        20 36 58.8  130.148 12.866   6.05  41709 ----
2010-04-15  18:40:00  13 38 38.8  -16 14 10     <<SHADOW>>        20 37 41.2  130.539 12.592   6.36  41726 ----
2010-04-15  18:50:00  13 47 59.8  -16 39 31     <<SHADOW>>        20 38 21.8  130.914 12.327   7.41  41740 ----
2010-04-15  19:00:00  13 57 22.8  -17 03 52     <<SHADOW>>        20 39 00.5  131.272 12.069   8.92  41751 ----
2010-04-15  19:10:00  14 06 47.7  -17 27 13     <<SHADOW>>        20 39 37.2  131.613 11.821  10.72  41757 ----
2010-04-15  19:20:00  14 16 14.6  -17 49 31     <<SHADOW>>        20 40 11.9  131.936 11.583  12.66  41761 ----
2010-04-15  19:30:00  14 25 43.6  -18 10 43     <<SHADOW>>        20 40 44.6  132.242 11.355  14.72  41760 ----
2010-04-15  19:40:00  14 35 14.7  -18 30 47  +000858.3 -000116.9  20 41 15.1  132.529 11.137  16.82  41756 12.9
2010-04-15  19:50:00  14 44 47.9  -18 49 41  +000861.5 -000109.8  20 41 43.5  132.797 10.931  18.98  41749 12.9
2010-04-15  20:00:00  14 54 23.3  -19 07 22  +000864.7 -000102.4  20 42 09.8  133.046 10.737  21.16  41737 12.9
2010-04-15  20:10:00  15 04 00.9  -19 23 48  +000868.0 -000094.9  20 42 33.9  133.276 10.556  23.37  41722 12.9
2010-04-15  20:20:00  15 13 40.6  -19 38 58  +000871.2 -000087.1  20 42 55.8  133.487 10.388  25.58  41703 13.0
2010-04-15  20:30:00  15 23 22.5  -19 52 50  +000874.4 -000079.1  20 43 15.5  133.678 10.233  27.83  41681 13.0
2010-04-15  20:40:00  15 33 06.5  -20 05 21  +000877.6 -000071.0  20 43 33.1  133.850 10.093  30.07  41654 13.0

   Date        UTC        RA         DECL      RARate   DeclRate    HourAng      Az     Um    Phase  Range  Mag
2010-04-15  23:10:00  18 02 43.9  -20 16 44  +000913.3 +000064.7  20 44 20.5  134.112 10.029  64.81  40827 13.4
2010-04-15  23:20:00  18 12 53.2  -20 05 10  +000914.6 +000074.0  20 44 12.8  133.982 10.177  67.19  40745 13.5
2010-04-15  23:30:00  18 23 03.3  -19 52 04  +000915.8 +000083.3  20 44 04.3  133.836 10.345  69.59  40661 13.5
2010-04-15  23:40:00  18 33 14.2  -19 37 26  +000916.9 +000092.4  20 43 55.1  133.674 10.533  71.98  40575 13.6
2010-04-15  23:50:00  18 43 25.8  -19 21 16  +000917.9 +000101.4  20 43 45.1  133.495 10.740  74.39  40486 13.6
2010-04-16  00:00:00  18 53 38.0  -19 03 37  +000918.7 +000110.4  20 43 34.6  133.300 10.968  76.81  40394 13.7
2010-04-16  00:10:00  19 03 50.7  -18 44 30  +000919.5 +000119.2  20 43 23.4  133.090 11.215  79.24  40301 13.7
2010-04-16  00:20:00  19 14 04.0  -18 23 55  +000920.2 +000127.8  20 43 11.8  132.864 11.481  81.68  40205 13.8
2010-04-16  00:30:00  19 24 17.7  -18 01 54  +000920.9 +000136.3  20 42 59.7  132.623 11.765  84.13  40108 13.8
2010-04-16  00:40:00  19 34 31.8  -17 38 30  +000921.5 +000144.5  20 42 47.3  132.367 12.069  86.59  40009 13.9
2010-04-16  00:50:00  19 44 46.3  -17 13 45  +000922.0 +000152.6  20 42 34.4  132.097 12.390  89.06  39908 14.0
2010-04-16  01:00:00  19 55 01.2  -16 47 40  +000922.6 +000160.4  20 42 21.2  131.813 12.728  91.54  39807 14.0
2010-04-16  01:10:00  20 05 16.4  -16 20 18  +000923.1 +000167.9  20 42 07.7  131.514 13.084  94.04  39704 14.1
2010-04-16  01:20:00  20 15 31.9  -15 51 42  +000923.6 +000175.2  20 41 53.7  131.202 13.455  96.53  39601 14.2
2010-04-16  01:30:00  20 25 47.9  -15 21 55  +000924.1 +000182.2  20 41 39.5  130.877 13.842  99.05  39497 14.3
2010-04-16  01:40:00  20 36 04.1  -14 50 59  +000924.7 +000188.9  20 41 24.8  130.538 14.244 101.57  39392 14.4
2010-04-16  01:50:00  20 46 20.8  -14 18 57  +000925.3 +000195.3  20 41 09.8  130.186 14.659 104.11  39288 14.4
2010-04-16  02:00:00  20 56 37.9  -13 45 54  +000926.0 +000201.3  20 40 54.3  129.821 15.087 106.65  39184 14.5
2010-04-16  02:10:00  21 06 55.5  -13 11 52  +000926.8 +000207.0  20 40 38.4  129.444 15.527 109.21  39080 14.6

   Date        UTC        RA         DECL      RARate   DeclRate    HourAng      Az     Um    Phase  Range  Mag
2010-04-16  17:50:00  13 00 35.5  -14 18 38  +000830.4 -000175.5  20 29 32.8  127.768 13.107  10.17  41698 12.9
2010-04-16  18:00:00  13 09 49.9  -14 47 30  +000832.6 -000170.8  20 30 20.1  128.208 12.816   8.40  41726 12.9
2010-04-16  18:10:00  13 19 05.7  -15 15 34  +000834.9 -000165.9  20 31 05.9  128.632 12.531   6.93  41751 12.9
2010-04-16  18:20:00  13 28 23.1  -15 42 48     <<SHADOW>>        20 31 50.1  129.042 12.253   6.01  41773 ----
2010-04-16  18:30:00  13 37 42.2  -16 09 09     <<SHADOW>>        20 32 32.6  129.437 11.983   5.88  41791 ----
2010-04-16  18:40:00  13 47 03.1  -16 34 35     <<SHADOW>>        20 33 13.4  129.815 11.720   6.59  41806 ----
2010-04-16  18:50:00  13 56 25.9  -16 59 02     <<SHADOW>>        20 33 52.2  130.177 11.466   7.93  41817 ----
2010-04-16  19:00:00  14 05 50.6  -17 22 29     <<SHADOW>>        20 34 29.2  130.521 11.220   9.62  41825 ----
2010-04-16  19:10:00  14 15 17.3  -17 44 53     <<SHADOW>>        20 35 04.1  130.848 10.984  11.53  41829 ----
2010-04-16  19:20:00  14 24 46.1  -18 06 11     <<SHADOW>>        20 35 37.0  131.157 10.758  13.54  41829 ----
2010-04-16  19:30:00  14 34 16.9  -18 26 22  +000857.8 -000117.6  20 36 07.8  131.448 10.543  15.64  41826 12.9
2010-04-16  19:40:00  14 43 49.8  -18 45 23  +000861.0 -000110.5  20 36 36.5  131.720 10.339  17.78  41819 12.9
2010-04-16  19:50:00  14 53 24.9  -19 03 12  +000864.2 -000103.2  20 37 03.1  131.973 10.146  19.96  41809 12.9

   Date        UTC        RA         DECL      RARate   DeclRate    HourAng      Az     Um    Phase  Range  Mag
2010-04-16  23:40:00  18 42 16.1  -19 21 40  +000917.0 +000100.0  20 38 49.7  132.500 10.114  73.15  40577 13.6
2010-04-16  23:50:00  18 52 27.8  -19 04 15  +000917.9 +000108.9  20 38 39.6  132.308 10.337  75.57  40486 13.7
2010-04-17  00:00:00  19 02 40.0  -18 45 23  +000918.7 +000117.7  20 38 29.1  132.099 10.579  77.99  40393 13.7
2010-04-17  00:10:00  19 12 52.7  -18 25 03  +000919.4 +000126.3  20 38 18.0  131.875 10.841  80.43  40298 13.8
2010-04-17  00:20:00  19 23 05.9  -18 03 18  +000920.1 +000134.7  20 38 06.5  131.636 11.121  82.87  40201 13.8
2010-04-17  00:30:00  19 33 19.4  -17 40 09  +000920.6 +000143.0  20 37 54.6  131.382 11.419  85.34  40103 13.9
2010-04-17  00:40:00  19 43 33.4  -17 15 38  +000921.2 +000151.1  20 37 42.3  131.114 11.736  87.80  40003 13.9
2010-04-17  00:50:00  19 53 47.7  -16 49 49  +000921.7 +000158.9  20 37 29.6  130.831 12.069  90.28  39901 14.0
2010-04-17  01:00:00  20 04 02.4  -16 22 42  +000922.3 +000166.5  20 37 16.6  130.534 12.419  92.76  39799 14.1
2010-04-17  01:10:00  20 14 17.4  -15 54 20  +000922.8 +000173.8  20 37 03.2  130.223 12.786  95.27  39696 14.2
2010-04-17  01:20:00  20 24 32.7  -15 24 47  +000923.3 +000180.8  20 36 49.5  129.899 13.168  97.77  39592 14.2
2010-04-17  01:30:00  20 34 48.5  -14 54 06  +000923.9 +000187.5  20 36 35.4  129.561 13.564 100.30  39488 14.3
2010-04-17  01:40:00  20 45 04.6  -14 22 18  +000924.5 +000193.9  20 36 20.9  129.211 13.974 102.82  39384 14.4
2010-04-17  01:50:00  20 55 21.1  -13 49 29  +000925.2 +000200.0  20 36 06.0  128.847 14.397 105.37  39279 14.5
2010-04-17  02:00:00  21 05 38.2  -13 15 40  +000925.9 +000205.7  20 35 50.6  128.471 14.831 107.92  39175 14.6
2010-04-17  02:10:00  21 15 55.7  -12 40 56  +000926.7 +000211.0  20 35 34.7  128.082 15.277 110.49  39072 14.7

   Date        UTC        RA         DECL      RARate   DeclRate    HourAng      Az     Um    Phase  Range  Mag
2010-04-17  17:50:00  13 08 52.8  -14 42 13  +000832.6 -000171.2  20 25 12.1  127.107 12.188   9.17  41789 12.9
2010-04-17  18:00:00  13 18 08.6  -15 10 21  +000834.8 -000166.3  20 25 57.9  127.535 11.906   7.49  41815 12.9
2010-04-17  18:10:00  13 27 25.9  -15 37 39  +000837.3 -000161.2  20 26 42.2  127.948 11.632   6.21  41838 12.9
2010-04-17  18:20:00  13 36 45.0  -16 04 05     <<SHADOW>>        20 27 24.8  128.345 11.364   5.62  41857 ----
2010-04-17  18:30:00  13 46 05.7  -16 29 35     <<SHADOW>>        20 28 05.7  128.726 11.105   5.92  41872 ----
2010-04-17  18:40:00  13 55 28.3  -16 54 08     <<SHADOW>>        20 28 44.7  129.091 10.853   6.99  41884 ----
2010-04-17  18:50:00  14 04 52.9  -17 17 40     <<SHADOW>>        20 29 21.8  129.439 10.610   8.56  41893 ----
2010-04-17  19:00:00  14 14 19.4  -17 40 10     <<SHADOW>>        20 29 57.0  129.770 10.377  10.39  41898 ----
2010-04-17  19:10:00  14 23 47.9  -18 01 35     <<SHADOW>>        20 30 30.1  130.082 10.153  12.38  41899 ----

   Date        UTC        RA         DECL      RARate   DeclRate    HourAng      Az     Um    Phase  Range  Mag
2010-04-18  00:00:00  19 11 41.0  -18 26 07  +000918.6 +000124.8  20 33 24.6  130.896 10.193  79.17  40392 13.7
2010-04-18  00:10:00  19 21 53.7  -18 04 37  +000919.3 +000133.2  20 33 13.6  130.659 10.469  81.62  40295 13.8
2010-04-18  00:20:00  19 32 06.7  -17 41 43  +000919.9 +000141.5  20 33 02.2  130.407 10.762  84.07  40197 13.9
2010-04-18  00:30:00  19 42 20.1  -17 17 28  +000920.4 +000149.6  20 32 50.4  130.140 11.074  86.54  40098 13.9
2010-04-18  00:40:00  19 52 33.9  -16 51 53  +000920.9 +000157.4  20 32 38.3  129.859 11.402  89.01  39997 14.0
2010-04-18  00:50:00  20 02 48.0  -16 25 01  +000921.4 +000165.0  20 32 25.8  129.563 11.748  91.50  39895 14.0
2010-04-18  01:00:00  20 13 02.5  -15 56 55  +000922.0 +000172.3  20 32 13.0  129.254 12.109  93.99  39792 14.1
2010-04-18  01:10:00  20 23 17.3  -15 27 36  +000922.5 +000179.3  20 31 59.8  128.931 12.485  96.50  39688 14.2
2010-04-18  01:20:00  20 33 32.5  -14 57 09  +000923.1 +000186.1  20 31 46.3  128.595 12.877  99.01  39584 14.3
2010-04-18  01:30:00  20 43 48.1  -14 25 36  +000923.7 +000192.5  20 31 32.3  128.245 13.281 101.55  39480 14.4
2010-04-18  01:40:00  20 54 04.1  -13 52 60  +000924.4 +000198.6  20 31 18.0  127.883 13.699 104.08  39376 14.4
2010-04-18  01:50:00  21 04 20.6  -13 19 25  +000925.1 +000204.4  20 31 03.1  127.508 14.128 106.64  39272 14.5
2010-04-18  02:00:00  21 14 37.6  -12 44 54  +000925.9 +000209.7  20 30 47.8  127.121 14.569 109.19  39168 14.6

   Date        UTC        RA         DECL      RARate   DeclRate    HourAng      Az     Um    Phase  Range  Mag
2010-04-18  17:50:00  13 17 10.7  -15 05 04  +000834.8 -000166.7  20 20 50.7  126.448 11.274   8.19  41880 12.9
2010-04-18  18:00:00  13 26 28.0  -15 32 27  +000837.1 -000161.6  20 21 35.1  126.863 11.002   6.64  41903 12.9
2010-04-18  18:10:00  13 35 47.0  -15 58 57     <<SHADOW>>        20 22 17.7  127.263 10.738   5.62  41923 ----
2010-04-18  18:20:00  13 45 07.6  -16 24 32     <<SHADOW>>        20 22 58.7  127.648 10.481   5.44  41940 ----
2010-04-18  18:30:00  13 54 30.1  -16 49 10     <<SHADOW>>        20 23 37.9  128.016 10.232   6.16  41953 ----

   Date        UTC        RA         DECL      RARate   DeclRate    HourAng      Az     Um    Phase  Range  Mag
2010-04-19  00:10:00  19 30 53.5  -17 43 13  +000919.1 +000140.0  20 28 10.4  129.441 10.098  82.82  40293 13.8
2010-04-19  00:20:00  19 41 06.4  -17 19 13  +000919.6 +000148.0  20 27 59.1  129.176 10.405  85.27  40193 13.9
2010-04-19  00:30:00  19 51 19.6  -16 53 53  +000920.1 +000155.9  20 27 47.5  128.897 10.729  87.75  40093 13.9
2010-04-19  00:40:00  20 01 33.2  -16 27 16  +000920.7 +000163.5  20 27 35.6  128.603 11.069  90.23  39991 14.0
2010-04-19  00:50:00  20 11 47.2  -15 59 25  +000921.2 +000170.8  20 27 23.2  128.295 11.425  92.73  39889 14.1
2010-04-19  01:00:00  20 22 01.5  -15 30 21  +000921.7 +000177.9  20 27 10.6  127.973 11.797  95.22  39785 14.2
2010-04-19  01:10:00  20 32 16.1  -15 00 08  +000922.3 +000184.7  20 26 57.6  127.639 12.183  97.74  39681 14.2
2010-04-19  01:20:00  20 42 31.1  -14 28 49  +000922.9 +000191.1  20 26 44.2  127.291 12.582 100.26  39577 14.3
2010-04-19  01:30:00  20 52 46.6  -13 56 27  +000923.6 +000197.2  20 26 30.4  126.930 12.995 102.80  39473 14.4
2010-04-19  01:40:00  21 03 02.6  -13 23 06  +000924.3 +000203.0  20 26 16.1  126.556 13.419 105.34  39369 14.5
2010-04-19  01:50:00  21 13 19.0  -12 48 48  +000925.1 +000208.4  20 26 01.2  126.170 13.854 107.90  39266 14.6
2010-04-19  02:00:00  21 23 36.1  -12 13 39  +000926.0 +000213.5  20 25 45.8  125.771 14.299 110.46  39163 14.7

   Date        UTC        RA         DECL      RARate   DeclRate    HourAng      Az     Um    Phase  Range  Mag
2010-04-19  17:50:00  13 25 29.3  -15 27 11  +000837.1 -000162.1  20 16 28.6  125.789 10.364   7.25  41970 12.9
2010-04-19  18:00:00  13 34 48.2  -15 53 45  +000839.5 -000156.8  20 17 11.4  126.192 10.103   5.88  41991 12.9

   Date        UTC        RA         DECL      RARate   DeclRate    HourAng      Az     Um    Phase  Range  Mag
2010-04-20  00:20:00  19 50 04.7  -16 55 49  +000919.4 +000154.4  20 22 57.3  127.945 10.049  86.48  40190 13.9
2010-04-20  00:30:00  20 00 17.7  -16 29 27  +000919.9 +000162.0  20 22 45.9  127.653 10.384  88.96  40089 14.0
2010-04-20  00:40:00  20 10 31.2  -16 01 51  +000920.4 +000169.3  20 22 34.1  127.346 10.735  91.44  39986 14.1
2010-04-20  00:50:00  20 20 45.0  -15 33 02  +000920.9 +000176.4  20 22 22.0  127.026 11.102  93.95  39883 14.1
2010-04-20  01:00:00  20 30 59.1  -15 03 03  +000921.5 +000183.2  20 22 09.5  126.693 11.483  96.45  39779 14.2
2010-04-20  01:10:00  20 41 13.6  -14 31 59  +000922.1 +000189.7  20 21 56.6  126.346 11.878  98.98  39675 14.3
2010-04-20  01:20:00  20 51 28.6  -13 59 51  +000922.8 +000195.8  20 21 43.3  125.987 12.285 101.51  39571 14.4
2010-04-20  01:30:00  21 01 44.0  -13 26 43  +000923.5 +000201.7  20 21 29.5  125.614 12.704 104.05  39467 14.5
2010-04-20  01:40:00  21 11 59.9  -12 52 39  +000924.3 +000207.1  20 21 15.3  125.230 13.135 106.60  39363 14.5
2010-04-20  01:50:00  21 22 16.4  -12 17 42  +000925.2 +000212.2  20 21 00.4  124.833 13.575 109.17  39260 14.6
2010-04-20  02:00:00  21 32 33.5  -11 41 57  +000926.2 +000216.9  20 20 45.0  124.424 14.024 111.73  39158 14.7

   Date        UTC        RA         DECL      RARate   DeclRate    HourAng      Az     Um    Phase  Range  Mag
2010-04-21  00:30:00  20 09 14.5  -16 04 12  +000919.6 +000167.8  20 17 45.8  126.408 10.041  90.18  40085 14.0
2010-04-21  00:40:00  20 19 27.7  -15 35 38  +000920.2 +000174.9  20 17 34.2  126.090 10.402  92.66  39982 14.1
2010-04-21  00:50:00  20 29 41.3  -15 05 54  +000920.7 +000181.8  20 17 22.2  125.758 10.778  95.18  39878 14.2
2010-04-21  01:00:00  20 39 55.3  -14 35 04  +000921.3 +000188.3  20 17 09.8  125.413 11.168  97.69  39774 14.2
2010-04-21  01:10:00  20 50 09.8  -14 03 10  +000922.0 +000194.4  20 16 57.1  125.055 11.570 100.22  39670 14.3
2010-04-21  01:20:00  21 00 24.6  -13 30 16  +000922.7 +000200.3  20 16 43.8  124.684 11.985 102.75  39566 14.4
2010-04-21  01:30:00  21 10 40.0  -12 56 26  +000923.5 +000205.8  20 16 30.1  124.301 12.410 105.31  39462 14.5
2010-04-21  01:40:00  21 20 56.0  -12 21 42  +000924.4 +000210.9  20 16 15.7  123.905 12.845 107.86  39359 14.6
2010-04-21  01:50:00  21 31 12.6  -11 46 09  +000925.4 +000215.6  20 16 00.8  123.498 13.289 110.44  39257 14.7
2010-04-21  02:00:00  21 41 29.9  -11 09 51  +000926.5 +000219.9  20 15 45.1  123.079 13.741 113.01  39156 14.8

   Date        UTC        RA         DECL      RARate   DeclRate    HourAng      Az     Um    Phase  Range  Mag
2010-04-22  00:40:00  20 28 22.7  -15 08 40  +000919.9 +000180.3  20 12 35.7  124.833 10.069  93.89  39978 14.1
2010-04-22  00:50:00  20 38 36.2  -14 38 05  +000920.5 +000186.8  20 12 23.9  124.490 10.454  96.41  39874 14.2
2010-04-22  01:00:00  20 48 50.1  -14 06 25  +000921.2 +000193.0  20 12 11.6  124.134 10.851  98.92  39770 14.3
2010-04-22  01:10:00  20 59 04.5  -13 33 45  +000921.9 +000198.9  20 11 58.9  123.764 11.261 101.47  39666 14.4
2010-04-22  01:20:00  21 09 19.3  -13 00 08  +000922.7 +000204.4  20 11 45.7  123.383 11.681 104.00  39562 14.5
2010-04-22  01:30:00  21 19 34.7  -12 25 38  +000923.6 +000209.6  20 11 31.9  122.989 12.112 106.56  39459 14.5
2010-04-22  01:40:00  21 29 50.8  -11 50 18  +000924.6 +000214.4  20 11 17.5  122.583 12.551 109.12  39356 14.6
2010-04-22  01:50:00  21 40 07.5  -11 14 12  +000925.7 +000218.7  20 11 02.4  122.166 12.998 111.70  39255 14.7
2010-04-22  02:00:00  21 50 25.0  -10 37 25  +000926.9 +000222.7  20 10 46.6  121.737 13.452 114.28  39155 14.9

   Date        UTC        RA         DECL      RARate   DeclRate    HourAng      Az     Um    Phase  Range  Mag
2010-04-23  00:50:00  20 47 29.6  -14 09 36  +000920.4 +000191.6  20 07 27.1  123.223 10.128  97.64  39872 14.2
2010-04-23  01:00:00  20 57 43.4  -13 37 10  +000921.1 +000197.5  20 07 14.9  122.855 10.533 100.16  39768 14.3
2010-04-23  01:10:00  21 07 57.7  -13 03 47  +000921.9 +000203.1  20 07 02.2  122.476 10.949 102.71  39664 14.4
2010-04-23  01:20:00  21 18 12.6  -12 29 30  +000922.8 +000208.3  20 06 49.0  122.083 11.375 105.25  39560 14.5
2010-04-23  01:30:00  21 28 28.1  -11 54 23  +000923.7 +000213.1  20 06 35.1  121.679 11.810 107.82  39457 14.6
2010-04-23  01:40:00  21 38 44.3  -11 18 30  +000924.8 +000217.5  20 06 20.6  121.264 12.252 110.38  39356 14.7
2010-04-23  01:50:00  21 49 01.2  -10 41 54  +000926.0 +000221.5  20 06 05.3  120.836 12.701 112.97  39255 14.8
2010-04-23  02:00:00  21 59 19.0  -10 04 41  +000927.3 +000225.1  20 05 49.1  120.398 13.156 115.55  39155 14.9

   Date        UTC        RA         DECL      RARate   DeclRate    HourAng      Az     Um    Phase  Range  Mag
2010-04-24  01:00:00  21 06 35.3  -13 07 22  +000921.0 +000201.7  20 02 19.5  121.578 10.212 101.40  39766 14.4
2010-04-24  01:10:00  21 16 49.6  -12 33 18  +000921.9 +000206.9  20 02 06.8  121.188 10.634 103.95  39663 14.5
2010-04-24  01:20:00  21 27 04.5  -11 58 24  +000922.9 +000211.8  20 01 53.6  120.786 11.064 106.50  39560 14.6
2010-04-24  01:30:00  21 37 20.2  -11 22 44  +000924.0 +000216.3  20 01 39.6  120.372 11.503 109.08  39458 14.6
2010-04-24  01:40:00  21 47 36.5  -10 46 20  +000925.2 +000220.3  20 01 24.9  119.947 11.948 111.65  39356 14.8
2010-04-24  01:50:00  21 57 53.7  -10 09 19  +000926.5 +000223.9  20 01 09.3  119.511 12.398 114.24  39257 14.9

   Date        UTC        RA         DECL      RARate   DeclRate    HourAng      Az     Um    Phase  Range  Mag
2010-04-25  01:10:00  21 25 40.4  -12 02 22  +000922.0 +000210.5  19 57 12.6  119.902 10.315 105.20  39664 14.5
2010-04-25  01:20:00  21 35 55.4  -11 26 54  +000923.1 +000215.0  19 56 59.3  119.491 10.749 107.75  39561 14.6
2010-04-25  01:30:00  21 46 11.2  -10 50 43  +000924.3 +000219.1  19 56 45.1  119.068 11.190 110.33  39460 14.7
2010-04-25  01:40:00  21 56 27.8  -10 13 53  +000925.6 +000222.8  19 56 30.2  118.633 11.637 112.91  39360 14.8
2010-04-25  01:50:00  22 06 45.3  -09 36 28  +000927.0 +000226.1  19 56 14.3  118.189 12.088 115.51  39261 14.9

   Date        UTC        RA         DECL      RARate   DeclRate    HourAng      Az     Um    Phase  Range  Mag
2010-04-26  01:20:00  21 44 45.4  -10 55 02  +000923.3 +000217.9  19 52 05.8  118.197 10.429 109.00  39565 14.7
2010-04-26  01:30:00  21 55 01.4  -10 18 24  +000924.6 +000221.7  19 51 51.5  117.765 10.872 111.59  39464 14.8
2010-04-26  01:40:00  22 05 18.2  -09 41 10  +000926.0 +000225.0  19 51 36.3  117.322 11.320 114.17  39365 14.9
2010-04-26  01:50:00  22 15 36.1  -09 03 26  +000927.6 +000227.8  19 51 20.0  116.869 11.770 116.77  39268 15.0

   Date        UTC        RA         DECL      RARate   DeclRate    HourAng      Az     Um    Phase  Range  Mag
2010-04-27  01:20:00  21 53 34.7  -10 22 52  +000923.6 +000220.5  19 47 13.0  116.904 10.103 110.26  39570 14.7
2010-04-27  01:30:00  22 03 51.0  -09 45 50  +000925.1 +000223.9  19 46 58.4  116.463 10.547 112.85  39471 14.8
2010-04-27  01:40:00  22 14 08.2  -09 08 16  +000926.6 +000226.8  19 46 42.9  116.013 10.994 115.43  39373 14.9
2010-04-27  01:50:00  22 24 26.5  -08 30 15  +000928.3 +000229.3  19 46 26.2  115.553 11.444 118.04  39277 15.0

   Date        UTC        RA         DECL      RARate   DeclRate    HourAng      Az     Um    Phase  Range  Mag
2010-04-28  01:30:00  22 12 40.2  -09 13 03  +000925.6 +000225.8  19 42 05.7  115.164 10.214 114.11  39480 14.9
2010-04-28  01:40:00  22 22 57.9  -08 35 13  +000927.3 +000228.3  19 41 49.8  114.706 10.661 116.70  39383 15.0
2010-04-28  01:50:00  22 33 16.6  -07 56 59  +000929.1 +000230.4  19 41 32.6  114.239 11.109 119.31  39289 15.1

   Date        UTC        RA         DECL      RARate   DeclRate    HourAng      Az     Um    Phase  Range  Mag
2010-04-29  01:40:00  22 31 47.3  -08 02 04  +000928.1 +000229.4  19 36 56.9  113.401 10.318 117.96  39395 15.0
