ЭФЕМЕРИДЫ ПО ОБЪЕКТУ:  95073
Для пункта:  10016 Маяки   46 23'50.68"   30 16'17.74"    14m
C   2010-04-15 12:00
по  2010-05-01 12:00
Шаг  0:10:00
Мин.угол места:          10 град
Макс.угол места Солнца: -10 град
Стандартный блеск :      7.0 (зв.вел.)

ОБОЗНАЧЕНИЯ
RA        прямое восхождение, тек.эпоха
DECL      склонение, тек.эпоха
RARate    скорость по пр.восх., арксек/мин
DeclRate  скорость по склонению, арксек/мин
HourAng   часовой угол
Az        азимут
Um        угол места
Phase     фазовый угол
Range     дальность
Mag       зв.величина (оценка)

   Date        UTC        RA         DECL      RARate   DeclRate    HourAng      Az     Um    Phase  Range  Mag
2010-04-15  17:50:00  05 31 05.5  +02 45 04  +000893.6 -000282.3  03 55 06.2  248.188 23.070 121.01  38698 16.2
2010-04-15  18:00:00  05 41 02.5  +01 57 21  +000897.2 -000290.3  03 55 10.9  247.652 22.446 118.43  38595 16.0
2010-04-15  18:10:00  05 51 01.9  +01 08 20  +000901.0 -000297.8  03 55 13.2  247.099 21.810 115.83  38494 15.9
2010-04-15  18:20:00  06 01 03.8  +00 18 06  +000905.0 -000304.9  03 55 12.8  246.527 21.163 113.22  38396 15.8
2010-04-15  18:30:00  06 11 08.6  -00 33 17  +000909.2 -000311.5  03 55 09.7  245.938 20.507 110.59  38301 15.6
2010-04-15  18:40:00  06 21 16.2  -01 25 43  +000913.7 -000317.5  03 55 03.8  245.332 19.843 107.95  38208 15.5
2010-04-15  18:50:00  06 31 26.9  -02 19 06  +000918.5 -000323.0  03 54 54.7  244.711 19.173 105.28  38119 15.4
2010-04-15  19:00:00  06 41 41.0  -03 13 20  +000923.6 -000327.8  03 54 42.3  244.073 18.497 102.61  38033 15.3
2010-04-15  19:10:00  06 51 58.5  -04 08 20  +000929.0 -000332.0  03 54 26.4  243.421 17.819  99.92  37951 15.2
2010-04-15  19:20:00  07 02 19.7  -05 03 58  +000934.7 -000335.5  03 54 06.8  242.754 17.139  97.22  37872 15.1
2010-04-15  19:30:00  07 12 44.9  -06 00 08  +000940.8 -000338.3  03 53 43.3  242.073 16.461  94.50  37798 15.0
2010-04-15  19:40:00  07 23 14.2  -06 56 42  +000947.2 -000340.4  03 53 15.7  241.379 15.784  91.78  37727 14.9
2010-04-15  19:50:00  07 33 47.8  -07 53 33  +000953.9 -000341.7  03 52 43.6  240.672 15.113  89.04  37661 14.9
2010-04-15  20:00:00  07 44 26.1  -08 50 33  +000961.0 -000342.2  03 52 07.0  239.953 14.448  86.30  37598 14.8
2010-04-15  20:10:00  07 55 09.2  -09 47 34  +000968.4 -000341.8  03 51 25.6  239.222 13.793  83.53  37540 14.7
2010-04-15  20:20:00  08 05 57.3  -10 44 27  +000976.1 -000340.7  03 50 39.1  238.480 13.149  80.77  37487 14.6
2010-04-15  20:30:00  08 16 50.7  -11 41 04  +000984.1 -000338.6  03 49 47.4  237.729 12.518  78.00  37438 14.5
2010-04-15  20:40:00  08 27 49.5  -12 37 16  +000992.5 -000335.7  03 48 50.2  236.968 11.902  75.23  37394 14.5
2010-04-15  20:50:00  08 38 54.0  -13 32 54  +001001.1 -000331.8  03 47 47.3  236.198 11.305  72.44  37355 14.4
2010-04-15  21:00:00  08 50 04.3  -14 27 49  +001009.9 -000327.0  03 46 38.6  235.421 10.728  69.66  37320 14.3
2010-04-15  21:10:00  09 01 20.6  -15 21 51  +001019.0 -000321.2  03 45 24.0  234.638 10.174  66.87  37290 14.3

   Date        UTC        RA         DECL      RARate   DeclRate    HourAng      Az     Um    Phase  Range  Mag
2010-04-16  02:10:00  15 08 09.0  -24 48 60  +001058.9 +000143.0  02 39 24.9  216.224 10.173  26.33  38305 13.8

   Date        UTC        RA         DECL      RARate   DeclRate    HourAng      Az     Um    Phase  Range  Mag
2010-04-16  17:50:00  05 35 00.2  +02 26 13  +000895.0 -000285.5  03 55 08.1  247.976 22.824 120.88  38659 16.1
2010-04-16  18:00:00  05 44 58.1  +01 37 59  +000898.6 -000293.3  03 55 11.9  247.433 22.195 118.30  38557 16.0
2010-04-16  18:10:00  05 54 58.4  +00 48 29  +000902.5 -000300.7  03 55 13.2  246.873 21.554 115.69  38457 15.9
2010-04-16  18:20:00  06 05 01.4  -00 02 13  +000906.5 -000307.6  03 55 11.8  246.294 20.904 113.07  38360 15.8
2010-04-16  18:30:00  06 15 07.2  -00 54 01  +000910.9 -000313.9  03 55 07.7  245.699 20.244 110.43  38266 15.6
2010-04-16  18:40:00  06 25 16.0  -01 46 50  +000915.5 -000319.7  03 55 00.5  245.087 19.577 107.78  38175 15.5
2010-04-16  18:50:00  06 35 27.9  -02 40 34  +000920.4 -000324.9  03 54 50.2  244.459 18.905 105.10  38087 15.4
2010-04-16  19:00:00  06 45 43.2  -03 35 06  +000925.6 -000329.5  03 54 36.6  243.816 18.228 102.43  38003 15.3
2010-04-16  19:10:00  06 56 02.1  -04 30 22  +000931.1 -000333.4  03 54 19.3  243.159 17.549  99.72  37922 15.2
2010-04-16  19:20:00  07 06 24.8  -05 26 13  +000937.0 -000336.7  03 53 58.3  242.486 16.869  97.02  37845 15.1
2010-04-16  19:30:00  07 16 51.5  -06 22 32  +000943.2 -000339.2  03 53 33.2  241.801 16.191  94.29  37772 15.0
2010-04-16  19:40:00  07 27 22.4  -07 19 13  +000949.7 -000340.9  03 53 04.0  241.102 15.516  91.56  37703 14.9
2010-04-16  19:50:00  07 37 57.8  -08 16 08  +000956.5 -000341.9  03 52 30.2  240.390 14.847  88.81  37638 14.8
2010-04-16  20:00:00  07 48 37.8  -09 13 09  +000963.7 -000342.1  03 51 51.8  239.667 14.186  86.06  37578 14.8
2010-04-16  20:10:00  07 59 22.8  -10 10 07  +000971.2 -000341.4  03 51 08.5  238.932 13.534  83.29  37522 14.7
2010-04-16  20:20:00  08 10 12.9  -11 06 55  +000979.1 -000339.9  03 50 20.1  238.187 12.895  80.53  37470 14.6
2010-04-16  20:30:00  08 21 08.3  -12 03 22  +000987.3 -000337.5  03 49 26.3  237.432 12.270  77.74  37424 14.5
2010-04-16  20:40:00  08 32 09.3  -12 59 22  +000995.7 -000334.2  03 48 27.0  236.667 11.662  74.96  37381 14.5
2010-04-16  20:50:00  08 43 15.9  -13 54 43  +001004.4 -000329.9  03 47 21.9  235.895 11.072  72.17  37344 14.4
2010-04-16  21:00:00  08 54 28.5  -14 49 17  +001013.3 -000324.7  03 46 11.0  235.116 10.503  69.39  37311 14.3

   Date        UTC        RA         DECL      RARate   DeclRate    HourAng      Az     Um    Phase  Range  Mag
2010-04-17  02:10:00  15 12 42.6  -24 39 24  +001054.2 +000148.8  02 38 47.9  216.169 10.378  26.21  38338 13.8

   Date        UTC        RA         DECL      RARate   DeclRate    HourAng      Az     Um    Phase  Range  Mag
2010-04-17  17:50:00  05 38 55.2  +02 07 11  +000896.3 -000288.6  03 55 09.7  247.762 22.575 120.75  38619 16.1
2010-04-17  18:00:00  05 48 54.0  +01 18 26  +000900.1 -000296.3  03 55 12.5  247.212 21.942 118.16  38518 16.0
2010-04-17  18:10:00  05 58 55.3  +00 28 27  +000904.0 -000303.5  03 55 12.8  246.644 21.297 115.54  38420 15.9
2010-04-17  18:20:00  06 08 59.3  -00 22 41  +000908.2 -000310.1  03 55 10.4  246.059 20.643 112.91  38324 15.7
2010-04-17  18:30:00  06 19 06.3  -01 14 54  +000912.6 -000316.3  03 55 05.2  245.458 19.980 110.26  38231 15.6
2010-04-17  18:40:00  06 29 16.2  -02 08 05  +000917.4 -000321.8  03 54 56.8  244.840 19.311 107.60  38141 15.5
2010-04-17  18:50:00  06 39 29.5  -03 02 08  +000922.4 -000326.8  03 54 45.3  244.206 18.636 104.92  38055 15.4
2010-04-17  19:00:00  06 49 46.1  -03 56 58  +000927.7 -000331.1  03 54 30.2  243.557 17.958 102.23  37972 15.3
2010-04-17  19:10:00  07 00 06.4  -04 52 28  +000933.3 -000334.7  03 54 11.6  242.894 17.278  99.52  37893 15.2
2010-04-17  19:20:00  07 10 30.6  -05 48 31  +000939.3 -000337.7  03 53 49.0  242.216 16.599  96.81  37817 15.1
2010-04-17  19:30:00  07 20 58.9  -06 44 59  +000945.6 -000339.9  03 53 22.4  241.526 15.922  94.07  37746 15.0
2010-04-17  19:40:00  07 31 31.5  -07 41 46  +000952.3 -000341.4  03 52 51.4  240.822 15.249  91.34  37679 14.9
2010-04-17  19:50:00  07 42 08.7  -08 38 44  +000959.3 -000342.0  03 52 15.9  240.106 14.583  88.58  37616 14.8
2010-04-17  20:00:00  07 52 50.6  -09 35 44  +000966.6 -000341.9  03 51 35.6  239.378 13.925  85.82  37557 14.8
2010-04-17  20:10:00  08 03 37.5  -10 32 39  +000974.2 -000340.9  03 50 50.4  238.639 13.278  83.04  37503 14.7
2010-04-17  20:20:00  08 14 29.6  -11 29 19  +000982.2 -000339.0  03 49 59.9  237.890 12.644  80.27  37453 14.6
2010-04-17  20:30:00  08 25 27.1  -12 25 36  +000990.5 -000336.2  03 49 04.0  237.132 12.026  77.48  37408 14.5
2010-04-17  20:40:00  08 36 30.3  -13 21 21  +000999.0 -000332.5  03 48 02.5  236.365 11.425  74.69  37368 14.5
2010-04-17  20:50:00  08 47 39.2  -14 16 24  +001007.8 -000327.9  03 46 55.2  235.590 10.843  71.89  37332 14.4
2010-04-17  21:00:00  08 58 54.0  -15 10 36  +001016.8 -000322.4  03 45 42.0  234.809 10.283  69.10  37302 14.3

   Date        UTC        RA         DECL      RARate   DeclRate    HourAng      Az     Um    Phase  Range  Mag
2010-04-18  02:00:00  15 05 31.9  -24 53 55  +001061.3 +000139.8  02 39 53.4  216.284 10.051  23.99  38290 13.8

   Date        UTC        RA         DECL      RARate   DeclRate    HourAng      Az     Um    Phase  Range  Mag
2010-04-18  17:50:00  05 42 50.2  +01 47 57  +000897.8 -000291.7  03 55 11.3  247.546 22.324 120.61  38579 16.1
2010-04-18  18:00:00  05 52 49.9  +00 58 43  +000901.6 -000299.2  03 55 13.1  246.989 21.686 118.01  38479 16.0
2010-04-18  18:10:00  06 02 52.3  +00 08 16  +000905.6 -000306.1  03 55 12.4  246.414 21.038 115.38  38382 15.9
2010-04-18  18:20:00  06 12 57.5  -00 43 18  +000909.9 -000312.6  03 55 08.9  245.823 20.380 112.75  38287 15.7
2010-04-18  18:30:00  06 23 05.6  -01 35 54  +000914.5 -000318.5  03 55 02.4  245.215 19.714 110.08  38196 15.6
2010-04-18  18:40:00  06 33 16.8  -02 29 26  +000919.3 -000323.8  03 54 52.8  244.591 19.043 107.42  38108 15.5
2010-04-18  18:50:00  06 43 31.3  -03 23 49  +000924.4 -000328.5  03 54 39.9  243.951 18.367 104.73  38023 15.4
2010-04-18  19:00:00  06 53 49.4  -04 18 55  +000929.9 -000332.6  03 54 23.5  243.296 17.688 102.03  37941 15.3
2010-04-18  19:10:00  07 04 11.2  -05 14 38  +000935.6 -000336.0  03 54 03.3  242.628 17.008  99.31  37863 15.2
2010-04-18  19:20:00  07 14 37.0  -06 10 52  +000941.7 -000338.6  03 53 39.2  241.945 16.330  96.59  37790 15.1
2010-04-18  19:30:00  07 25 06.9  -07 07 28  +000948.2 -000340.5  03 53 10.9  241.249 15.654  93.85  37720 15.0
2010-04-18  19:40:00  07 35 41.3  -08 04 20  +000955.0 -000341.7  03 52 38.2  240.541 14.984  91.11  37654 14.9
2010-04-18  19:50:00  07 46 20.3  -09 01 19  +000962.1 -000342.0  03 52 00.8  239.820 14.321  88.34  37593 14.8
2010-04-18  20:00:00  07 57 04.1  -09 58 18  +000969.5 -000341.5  03 51 18.6  239.088 13.667  85.58  37536 14.7
2010-04-18  20:10:00  08 07 53.0  -10 55 07  +000977.3 -000340.2  03 50 31.4  238.345 13.025  82.79  37484 14.7
2010-04-18  20:20:00  08 18 47.3  -11 51 39  +000985.4 -000338.0  03 49 38.8  237.592 12.397  80.01  37436 14.6
2010-04-18  20:30:00  08 29 46.9  -12 47 43  +000993.8 -000334.8  03 48 40.8  236.831 11.785  77.21  37393 14.5
2010-04-18  20:40:00  08 40 52.3  -13 43 12  +001002.4 -000330.8  03 47 37.0  236.061 11.191  74.42  37355 14.5
2010-04-18  20:50:00  08 52 03.5  -14 37 56  +001011.3 -000325.8  03 46 27.4  235.283 10.618  71.62  37321 14.4
2010-04-18  21:00:00  09 03 20.7  -15 31 45  +001020.4 -000319.9  03 45 11.9  234.500 10.068  68.82  37292 14.3

   Date        UTC        RA         DECL      RARate   DeclRate    HourAng      Az     Um    Phase  Range  Mag
2010-04-19  02:00:00  15 10 07.5  -24 44 27  +001056.6 +000145.6  02 39 14.4  216.222 10.258  23.86  38322 13.8

   Date        UTC        RA         DECL      RARate   DeclRate    HourAng      Az     Um    Phase  Range  Mag
2010-04-19  17:50:00  05 46 45.0  +01 28 33  +000899.3 -000294.7  03 55 12.9  247.329 22.071 120.47  38540 16.1
2010-04-19  18:00:00  05 56 45.8  +00 38 49  +000903.2 -000302.0  03 55 13.8  246.765 21.428 117.86  38441 16.0
2010-04-19  18:10:00  06 06 49.3  -00 12 05  +000907.3 -000308.7  03 55 12.0  246.184 20.776 115.22  38345 15.9
2010-04-19  18:20:00  06 16 55.6  -01 04 04  +000911.7 -000315.0  03 55 07.3  245.586 20.115 112.58  38251 15.7
2010-04-19  18:30:00  06 27 04.9  -01 57 02  +000916.3 -000320.7  03 54 59.6  244.971 19.447 109.91  38161 15.6
2010-04-19  18:40:00  06 37 17.4  -02 50 55  +000921.3 -000325.7  03 54 48.8  244.341 18.773 107.23  38074 15.5
2010-04-19  18:50:00  06 47 33.4  -03 45 35  +000926.6 -000330.2  03 54 34.5  243.695 18.096 104.53  37990 15.4
2010-04-19  19:00:00  06 57 52.9  -04 40 56  +000932.1 -000334.0  03 54 16.6  243.035 17.417 101.83  37910 15.3
2010-04-19  19:10:00  07 08 16.2  -05 36 52  +000938.0 -000337.1  03 53 54.9  242.361 16.737  99.10  37834 15.2
2010-04-19  19:20:00  07 18 43.6  -06 33 15  +000944.3 -000339.4  03 53 29.1  241.673 16.060  96.38  37762 15.1
2010-04-19  19:30:00  07 29 15.3  -07 29 58  +000950.8 -000341.0  03 52 59.1  240.972 15.386  93.62  37694 15.0
2010-04-19  19:40:00  07 39 51.5  -08 26 54  +000957.7 -000341.9  03 52 24.5  240.259 14.719  90.87  37630 14.9
2010-04-19  19:50:00  07 50 32.4  -09 23 53  +000965.0 -000341.9  03 51 45.3  239.533 14.059  88.10  37571 14.8
2010-04-19  20:00:00  08 01 18.2  -10 20 49  +000972.6 -000341.1  03 51 01.1  238.797 13.410  85.33  37516 14.7
2010-04-19  20:10:00  08 12 09.2  -11 17 32  +000980.5 -000339.4  03 50 11.8  238.050 12.773  82.54  37465 14.7
2010-04-19  20:20:00  08 23 05.5  -12 13 53  +000988.7 -000336.8  03 49 17.1  237.294 12.151  79.75  37419 14.6
2010-04-19  20:30:00  08 34 07.5  -13 09 44  +000997.2 -000333.3  03 48 16.8  236.529 11.546  76.94  37378 14.5
2010-04-19  20:40:00  08 45 15.1  -14 04 56  +001005.9 -000328.9  03 47 10.8  235.756 10.961  74.15  37341 14.4
2010-04-19  20:50:00  08 56 28.7  -14 59 19  +001014.9 -000323.5  03 45 58.8  234.976 10.396  71.33  37309 14.4

   Date        UTC        RA         DECL      RARate   DeclRate    HourAng      Az     Um    Phase  Range  Mag
2010-04-20  02:00:00  15 14 42.7  -24 34 32  +001051.8 +000151.3  02 38 35.8  216.165 10.471  23.74  38355 13.8

   Date        UTC        RA         DECL      RARate   DeclRate    HourAng      Az     Um    Phase  Range  Mag
2010-04-20  18:00:00  06 00 41.6  +00 18 45  +000904.8 -000304.7  03 55 14.6  246.541 21.167 117.70  38403 16.0
2010-04-20  18:10:00  06 10 46.1  -00 32 35  +000909.0 -000311.2  03 55 11.7  245.953 20.511 115.06  38308 15.8
2010-04-20  18:20:00  06 20 53.6  -01 24 58  +000913.5 -000317.3  03 55 05.8  245.348 19.848 112.40  38216 15.7
2010-04-20  18:30:00  06 31 04.2  -02 18 18  +000918.3 -000322.7  03 54 56.9  244.727 19.177 109.73  38126 15.6
2010-04-20  18:40:00  06 41 18.0  -03 12 30  +000923.3 -000327.5  03 54 44.7  244.091 18.502 107.04  38041 15.5
2010-04-20  18:50:00  06 51 35.4  -04 07 27  +000928.7 -000331.7  03 54 29.0  243.440 17.824 104.34  37959 15.4
2010-04-20  19:00:00  07 01 56.4  -05 03 02  +000934.4 -000335.2  03 54 09.6  242.774 17.145 101.63  37880 15.3
2010-04-20  19:10:00  07 12 21.3  -05 59 09  +000940.5 -000338.1  03 53 46.3  242.094 16.466  98.89  37805 15.2
2010-04-20  19:20:00  07 22 50.4  -06 55 41  +000946.8 -000340.1  03 53 18.9  241.401 15.790  96.15  37735 15.1
2010-04-20  19:30:00  07 33 23.8  -07 52 29  +000953.5 -000341.4  03 52 47.1  240.695 15.118  93.39  37668 15.0
2010-04-20  19:40:00  07 44 01.9  -08 49 27  +000960.6 -000341.9  03 52 10.7  239.977 14.454  90.63  37606 14.9
2010-04-20  19:50:00  07 54 44.7  -09 46 25  +000968.0 -000341.6  03 51 29.5  239.247 13.798  87.85  37548 14.8
2010-04-20  20:00:00  08 05 32.6  -10 43 16  +000975.7 -000340.5  03 50 43.3  238.507 13.154  85.08  37495 14.7
2010-04-20  20:10:00  08 16 25.7  -11 39 51  +000983.7 -000338.4  03 49 51.8  237.756 12.523  82.28  37446 14.7
2010-04-20  20:20:00  08 27 24.2  -12 36 02  +000992.0 -000335.5  03 48 54.9  236.996 11.908  79.48  37402 14.6
2010-04-20  20:30:00  08 38 28.4  -13 31 38  +001000.6 -000331.6  03 47 52.4  236.228 11.310  76.67  37363 14.5
2010-04-20  20:40:00  08 49 38.4  -14 26 31  +001009.5 -000326.8  03 46 44.0  235.452 10.733  73.87  37328 14.4
2010-04-20  20:50:00  09 00 54.4  -15 20 31  +001018.5 -000321.1  03 45 29.7  234.670 10.178  71.05  37298 14.4

   Date        UTC        RA         DECL      RARate   DeclRate    HourAng      Az     Um    Phase  Range  Mag
2010-04-21  01:50:00  15 07 35.0  -24 49 09  +001059.0 +000142.5  02 39 38.4  216.269 10.147  21.57  38306 13.7
2010-04-21  02:00:00  15 19 17.0  -24 24 11  +001047.0 +000157.0  02 37 58.0  216.113 10.690  23.62  38388 13.8

   Date        UTC        RA         DECL      RARate   DeclRate    HourAng      Az     Um    Phase  Range  Mag
2010-04-21  18:00:00  06 04 37.2  -00 01 30  +000906.4 -000307.3  03 55 15.5  246.315 20.903 117.54  38366 16.0
2010-04-21  18:10:00  06 14 42.9  -00 53 15  +000910.7 -000313.6  03 55 11.5  245.721 20.244 114.89  38272 15.8
2010-04-21  18:20:00  06 24 51.5  -01 46 00  +000915.3 -000319.4  03 55 04.5  245.110 19.578 112.23  38181 15.7
2010-04-21  18:30:00  06 35 03.4  -02 39 41  +000920.2 -000324.6  03 54 54.3  244.483 18.905 109.54  38093 15.6
2010-04-21  18:40:00  06 45 18.6  -03 34 11  +000925.4 -000329.2  03 54 40.7  243.841 18.229 106.85  38009 15.5
2010-04-21  18:50:00  06 55 37.3  -04 29 23  +000930.9 -000333.1  03 54 23.6  243.184 17.550 104.14  37928 15.4
2010-04-21  19:00:00  07 05 59.9  -05 25 11  +000936.8 -000336.4  03 54 02.7  242.513 16.871 101.42  37851 15.3
2010-04-21  19:10:00  07 16 26.4  -06 21 29  +000942.9 -000338.9  03 53 37.8  241.827 16.193  98.67  37778 15.2
2010-04-21  19:20:00  07 26 57.2  -07 18 07  +000949.5 -000340.7  03 53 08.7  241.129 15.519  95.93  37709 15.1
2010-04-21  19:30:00  07 37 32.4  -08 14 60  +000956.3 -000341.7  03 52 35.1  240.419 14.850  93.16  37644 15.0
2010-04-21  19:40:00  07 48 12.3  -09 11 58  +000963.5 -000341.9  03 51 56.8  239.696 14.189  90.40  37583 14.9
2010-04-21  19:50:00  07 58 57.1  -10 08 54  +000971.0 -000341.2  03 51 13.6  238.962 13.538  87.61  37527 14.8
2010-04-21  20:00:00  08 09 47.1  -11 05 40  +000978.9 -000339.7  03 50 25.4  238.217 12.899  84.82  37475 14.7
2010-04-21  20:10:00  08 20 42.3  -12 02 06  +000987.0 -000337.3  03 49 31.7  237.463 12.274  82.02  37428 14.6
2010-04-21  20:20:00  08 31 43.1  -12 58 03  +000995.4 -000334.0  03 48 32.6  236.699 11.666  79.22  37386 14.6
2010-04-21  20:30:00  08 42 49.6  -13 53 23  +001004.1 -000329.8  03 47 27.7  235.928 11.076  76.40  37348 14.5
2010-04-21  20:40:00  08 54 02.0  -14 47 56  +001013.1 -000324.6  03 46 17.0  235.149 10.507  73.59  37315 14.4

   Date        UTC        RA         DECL      RARate   DeclRate    HourAng      Az     Um    Phase  Range  Mag
2010-04-22  01:50:00  15 12 11.5  -24 39 21  +001054.3 +000148.3  02 38 58.4  216.206 10.361  21.44  38337 13.7
2010-04-22  02:00:00  15 23 50.3  -24 13 27  +001042.1 +000162.5  02 37 21.2  216.067 10.912  23.51  38419 13.8

   Date        UTC        RA         DECL      RARate   DeclRate    HourAng      Az     Um    Phase  Range  Mag
2010-04-22  18:00:00  06 08 32.8  -00 21 55  +000908.0 -000309.8  03 55 16.5  246.089 20.637 117.38  38331 16.0
2010-04-22  18:10:00  06 18 39.6  -01 14 04  +000912.4 -000315.9  03 55 11.3  245.488 19.975 114.72  38238 15.8
2010-04-22  18:20:00  06 28 49.5  -02 07 11  +000917.2 -000321.5  03 55 03.1  244.871 19.306 112.05  38148 15.7
2010-04-22  18:30:00  06 39 02.6  -03 01 12  +000922.2 -000326.4  03 54 51.6  244.238 18.632 109.35  38061 15.6
2010-04-22  18:40:00  06 49 19.1  -03 55 58  +000927.5 -000330.8  03 54 36.7  243.590 17.954 106.66  37978 15.5
2010-04-22  18:50:00  06 59 39.3  -04 51 25  +000933.2 -000334.4  03 54 18.2  242.928 17.275 103.93  37898 15.4
2010-04-22  19:00:00  07 10 03.4  -05 47 25  +000939.1 -000337.4  03 53 55.7  242.251 16.596 101.21  37823 15.3
2010-04-22  19:10:00  07 20 31.6  -06 43 51  +000945.5 -000339.6  03 53 29.2  241.561 15.920  98.45  37751 15.2
2010-04-22  19:20:00  07 31 04.1  -07 40 35  +000952.1 -000341.1  03 52 58.4  240.858 15.248  95.70  37684 15.1
2010-04-22  19:30:00  07 41 41.1  -08 37 30  +000959.1 -000341.8  03 52 23.0  240.143 14.582  92.93  37620 15.0
2010-04-22  19:40:00  07 52 22.9  -09 34 28  +000966.4 -000341.7  03 51 42.8  239.415 13.925  90.16  37561 14.9
2010-04-22  19:50:00  08 03 09.7  -10 31 21  +000974.1 -000340.7  03 50 57.6  238.677 13.278  87.36  37507 14.8
2010-04-22  20:00:00  08 14 01.7  -11 27 59  +000982.0 -000338.8  03 50 07.3  237.929 12.644  84.57  37457 14.7
2010-04-22  20:10:00  08 24 59.1  -12 24 14  +000990.3 -000336.1  03 49 11.5  237.171 12.026  81.76  37412 14.6
2010-04-22  20:20:00  08 36 02.2  -13 19 57  +000998.9 -000332.4  03 48 10.1  236.404 11.425  78.95  37371 14.6
2010-04-22  20:30:00  08 47 11.0  -14 14 59  +001007.6 -000327.8  03 47 02.9  235.630 10.844  76.13  37335 14.5
2010-04-22  20:40:00  08 58 25.7  -15 09 11  +001016.7 -000322.3  03 45 49.8  234.849 10.284  73.31  37304 14.4

   Date        UTC        RA         DECL      RARate   DeclRate    HourAng      Az     Um    Phase  Range  Mag
2010-04-23  01:40:00  15 05 02.7  -24 53 38  +001061.5 +000139.5  02 40 02.1  216.316 10.040  19.32  38286 13.7
2010-04-23  01:50:00  15 16 46.4  -24 29 10  +001049.6 +000154.0  02 38 20.0  216.151 10.578  21.30  38368 13.7
2010-04-23  02:00:00  15 28 22.1  -24 02 20  +001037.3 +000167.9  02 36 46.0  216.029 11.137  23.40  38451 13.8

   Date        UTC        RA         DECL      RARate   DeclRate    HourAng      Az     Um    Phase  Range  Mag
2010-04-23  18:00:00  06 12 28.7  -00 42 30  +000909.6 -000312.2  03 55 17.2  245.860 20.368 117.21  38296 15.9
2010-04-23  18:10:00  06 22 36.6  -01 35 02  +000914.2 -000318.1  03 55 10.9  245.254 19.703 114.54  38205 15.8
2010-04-23  18:20:00  06 32 47.6  -02 28 31  +000919.0 -000323.4  03 55 01.5  244.631 19.032 111.86  38116 15.7
2010-04-23  18:30:00  06 43 02.0  -03 22 49  +000924.2 -000328.2  03 54 48.8  243.992 18.357 109.16  38030 15.6
2010-04-23  18:40:00  06 53 19.9  -04 17 52  +000929.6 -000332.2  03 54 32.5  243.339 17.679 106.45  37949 15.5
2010-04-23  18:50:00  07 03 41.6  -05 13 32  +000935.4 -000335.6  03 54 12.5  242.671 16.999 103.72  37871 15.3
2010-04-23  19:00:00  07 14 07.2  -06 09 42  +000941.5 -000338.3  03 53 48.5  241.989 16.321 100.99  37796 15.2
2010-04-23  19:10:00  07 24 37.0  -07 06 15  +000948.0 -000340.2  03 53 20.4  241.294 15.646  98.23  37726 15.1
2010-04-23  19:20:00  07 35 11.2  -08 03 04  +000954.7 -000341.4  03 52 47.8  240.586 14.976  95.47  37660 15.0
2010-04-23  19:30:00  07 45 50.0  -09 00 01  +000961.9 -000341.8  03 52 10.6  239.866 14.314  92.69  37599 15.0
2010-04-23  19:40:00  07 56 33.8  -09 56 57  +000969.3 -000341.3  03 51 28.5  239.135 13.661  89.91  37541 14.9
2010-04-23  19:50:00  08 07 22.5  -10 53 44  +000977.1 -000340.0  03 50 41.4  238.393 13.019  87.11  37488 14.8
2010-04-23  20:00:00  08 18 16.6  -11 50 14  +000985.2 -000337.8  03 49 48.9  237.641 12.391  84.31  37440 14.7
2010-04-23  20:10:00  08 29 16.2  -12 46 17  +000993.6 -000334.7  03 48 51.0  236.879 11.780  81.50  37397 14.6
2010-04-23  20:20:00  08 40 21.5  -13 41 44  +001002.3 -000330.7  03 47 47.3  236.110 11.186  78.68  37358 14.6
2010-04-23  20:30:00  08 51 32.6  -14 36 27  +001011.1 -000325.7  03 46 37.9  235.333 10.613  75.85  37323 14.5
2010-04-23  20:40:00  09 02 49.7  -15 30 15  +001020.2 -000319.8  03 45 22.4  234.549 10.063  73.03  37294 14.4

   Date        UTC        RA         DECL      RARate   DeclRate    HourAng      Az     Um    Phase  Range  Mag
2010-04-24  01:40:00  15 09 38.9  -24 44 04  +001057.0 +000145.3  02 39 22.5  216.253 10.250  19.16  38316 13.7
2010-04-24  01:50:00  15 21 19.5  -24 18 39  +001044.9 +000159.6  02 37 43.5  216.105 10.797  21.17  38398 13.7

   Date        UTC        RA         DECL      RARate   DeclRate    HourAng      Az     Um    Phase  Range  Mag
2010-04-24  18:00:00  06 16 25.0  -01 03 16  +000911.2 -000314.5  03 55 17.4  245.629 20.099 117.03  38263 15.9
2010-04-24  18:10:00  06 26 34.0  -01 56 10  +000915.9 -000320.2  03 55 10.0  245.016 19.431 114.35  38173 15.8
2010-04-24  18:20:00  06 36 46.3  -02 49 58  +000920.9 -000325.3  03 54 59.4  244.388 18.758 111.67  38085 15.7
2010-04-24  18:30:00  06 47 01.9  -03 44 34  +000926.1 -000329.8  03 54 45.4  243.744 18.081 108.96  38001 15.6
2010-04-24  18:40:00  06 57 21.2  -04 39 51  +000931.7 -000333.6  03 54 27.7  243.085 17.402 106.25  37921 15.4
2010-04-24  18:50:00  07 07 44.3  -05 35 43  +000937.7 -000336.7  03 54 06.3  242.412 16.723 103.51  37844 15.3
2010-04-24  19:00:00  07 18 11.5  -06 32 03  +000943.9 -000339.1  03 53 40.8  241.725 16.046 100.77  37771 15.2
2010-04-24  19:10:00  07 28 42.9  -07 28 42  +000950.5 -000340.7  03 53 11.0  241.026 15.373  98.01  37703 15.1
2010-04-24  19:20:00  07 39 18.9  -08 25 34  +000957.4 -000341.6  03 52 36.7  240.313 14.706  95.24  37638 15.0
2010-04-24  19:30:00  07 49 59.5  -09 22 31  +000964.7 -000341.6  03 51 57.6  239.589 14.047  92.45  37578 14.9
2010-04-24  19:40:00  08 00 45.1  -10 19 24  +000972.3 -000340.8  03 51 13.7  238.854 13.398  89.67  37523 14.9
2010-04-24  19:50:00  08 11 35.9  -11 16 04  +000980.2 -000339.1  03 50 24.5  238.108 12.762  86.86  37472 14.8
2010-04-24  20:00:00  08 22 32.1  -12 12 24  +000988.4 -000336.6  03 49 30.0  237.353 12.140  84.06  37425 14.7
2010-04-24  20:10:00  08 33 33.9  -13 08 13  +000996.9 -000333.1  03 48 29.9  236.588 11.535  81.23  37383 14.6
2010-04-24  20:20:00  08 44 41.4  -14 03 23  +001005.7 -000328.7  03 47 24.0  235.816 10.950  78.41  37346 14.5
2010-04-24  20:30:00  08 55 54.8  -14 57 45  +001014.6 -000323.4  03 46 12.2  235.036 10.386  75.58  37313 14.5

   Date        UTC        RA         DECL      RARate   DeclRate    HourAng      Az     Um    Phase  Range  Mag
2010-04-25  01:40:00  15 14 13.1  -24 34 10  +001052.4 +000151.1  02 38 44.9  216.199 10.461  19.01  38346 13.7
2010-04-25  01:50:00  15 25 50.6  -24 07 48  +001040.1 +000165.1  02 37 09.0  216.067 11.017  21.05  38428 13.7

   Date        UTC        RA         DECL      RARate   DeclRate    HourAng      Az     Um    Phase  Range  Mag
2010-04-25  18:00:00  06 20 22.0  -01 24 11  +000912.9 -000316.8  03 55 16.9  245.395 19.829 116.85  38231 15.9
2010-04-25  18:10:00  06 30 32.2  -02 17 26  +000917.7 -000322.2  03 55 08.4  244.776 19.159 114.16  38142 15.8
2010-04-25  18:20:00  06 40 45.7  -03 11 33  +000922.8 -000327.1  03 54 56.5  244.142 18.484 111.47  38055 15.7
2010-04-25  18:30:00  06 51 02.6  -04 06 25  +000928.2 -000331.3  03 54 41.2  243.492 17.806 108.76  37973 15.6
2010-04-25  18:40:00  07 01 23.3  -05 01 56  +000933.9 -000334.8  03 54 22.2  242.829 17.127 106.04  37894 15.4
2010-04-25  18:50:00  07 11 47.9  -05 57 59  +000939.9 -000337.6  03 53 59.3  242.151 16.448 103.29  37819 15.3
2010-04-25  19:00:00  07 22 16.6  -06 54 27  +000946.3 -000339.7  03 53 32.2  241.459 15.772 100.54  37748 15.2
2010-04-25  19:10:00  07 32 49.7  -07 51 11  +000953.0 -000341.1  03 53 00.8  240.755 15.101  97.77  37681 15.1
2010-04-25  19:20:00  07 43 27.4  -08 48 05  +000960.1 -000341.6  03 52 24.7  240.038 14.437  95.00  37618 15.0
2010-04-25  19:30:00  07 54 09.9  -09 45 01  +000967.5 -000341.3  03 51 43.9  239.310 13.782  92.21  37559 14.9
2010-04-25  19:40:00  08 04 57.4  -10 41 49  +000975.2 -000340.2  03 50 58.0  238.571 13.137  89.42  37505 14.9
2010-04-25  19:50:00  08 15 50.2  -11 38 21  +000983.2 -000338.2  03 50 06.8  237.822 12.507  86.60  37456 14.8
2010-04-25  20:00:00  08 26 48.5  -12 34 29  +000991.6 -000335.3  03 49 10.2  237.063 11.892  83.79  37411 14.7
2010-04-25  20:10:00  08 37 52.4  -13 30 04  +001000.2 -000331.4  03 48 07.9  236.296 11.294  80.96  37371 14.6
2010-04-25  20:20:00  08 49 02.1  -14 24 55  +001009.0 -000326.7  03 46 59.9  235.521 10.717  78.14  37335 14.5
2010-04-25  20:30:00  09 00 17.8  -15 18 54  +001018.1 -000321.0  03 45 45.8  234.739 10.162  75.30  37305 14.5

   Date        UTC        RA         DECL      RARate   DeclRate    HourAng      Az     Um    Phase  Range  Mag
2010-04-26  01:30:00  15 07 02.7  -24 48 53  +001059.8 +000142.3  02 39 50.2  216.312 10.131  16.96  38294 13.7
2010-04-26  01:40:00  15 18 45.2  -24 23 57  +001047.7 +000156.7  02 38 09.3  216.154 10.674  18.86  38376 13.7
2010-04-26  01:50:00  15 30 19.6  -23 56 41  +001035.3 +000170.5  02 36 36.6  216.038 11.238  20.93  38459 13.8

   Date        UTC        RA         DECL      RARate   DeclRate    HourAng      Az     Um    Phase  Range  Mag
2010-04-26  18:10:00  06 34 31.3  -02 38 50  +000919.5 -000324.1  03 55 05.9  244.532 18.887 113.97  38111 15.8
2010-04-26  18:20:00  06 44 46.0  -03 33 15  +000924.7 -000328.7  03 54 52.8  243.892 18.210 111.27  38026 15.7
2010-04-26  18:30:00  06 55 04.3  -04 28 22  +000930.2 -000332.7  03 54 36.1  243.238 17.531 108.54  37945 15.5
2010-04-26  18:40:00  07 05 26.4  -05 24 06  +000936.1 -000335.9  03 54 15.7  242.569 16.852 105.82  37868 15.4
2010-04-26  18:50:00  07 15 52.4  -06 20 19  +000942.2 -000338.5  03 53 51.3  241.886 16.174 103.07  37794 15.3
2010-04-26  19:00:00  07 26 22.7  -07 16 53  +000948.8 -000340.3  03 53 22.6  241.190 15.500 100.31  37725 15.2
2010-04-26  19:10:00  07 36 57.5  -08 13 42  +000955.6 -000341.3  03 52 49.5  240.481 14.831  97.54  37659 15.1
2010-04-26  19:20:00  07 47 37.0  -09 10 37  +000962.8 -000341.5  03 52 11.7  239.760 14.170  94.76  37598 15.0
2010-04-26  19:30:00  07 58 21.3  -10 07 29  +000970.3 -000340.9  03 51 29.0  239.028 13.519  91.96  37542 14.9
2010-04-26  19:40:00  08 09 10.8  -11 04 11  +000978.2 -000339.4  03 50 41.1  238.285 12.880  89.16  37489 14.8
2010-04-26  19:50:00  08 20 05.6  -12 00 35  +000986.3 -000337.1  03 49 48.0  237.533 12.255  86.34  37442 14.8
2010-04-26  20:00:00  08 31 06.0  -12 56 30  +000994.8 -000333.8  03 48 49.2  236.771 11.646  83.53  37398 14.7
2010-04-26  20:10:00  08 42 12.1  -13 51 48  +001003.5 -000329.6  03 47 44.8  236.001 11.057  80.69  37360 14.6
2010-04-26  20:20:00  08 53 24.0  -14 46 19  +001012.4 -000324.5  03 46 34.5  235.223 10.488  77.86  37326 14.5

   Date        UTC        RA         DECL      RARate   DeclRate    HourAng      Az     Um    Phase  Range  Mag
2010-04-27  01:30:00  15 11 36.1  -24 39 19  +001055.2 +000148.1  02 39 13.3  216.258 10.336  16.78  38325 13.7
2010-04-27  01:40:00  15 23 15.5  -24 13 26  +001043.0 +000162.2  02 37 35.5  216.116 10.888  18.71  38407 13.7
2010-04-27  01:50:00  15 34 46.7  -23 45 16  +001030.4 +000175.7  02 36 06.0  216.018 11.460  20.81  38491 13.8

   Date        UTC        RA         DECL      RARate   DeclRate    HourAng      Az     Um    Phase  Range  Mag
2010-04-27  18:10:00  06 38 31.2  -03 00 20  +000921.4 -000326.0  03 55 02.5  244.285 18.615 113.76  38080 15.8
2010-04-27  18:20:00  06 48 47.2  -03 55 03  +000926.7 -000330.3  03 54 48.1  243.639 17.937 111.06  37997 15.6
2010-04-27  18:30:00  06 59 06.9  -04 50 25  +000932.4 -000334.0  03 54 30.1  242.979 17.258 108.33  37918 15.5
2010-04-27  18:40:00  07 09 30.4  -05 46 20  +000938.3 -000337.0  03 54 08.2  242.305 16.579 105.59  37842 15.4
2010-04-27  18:50:00  07 19 58.1  -06 42 42  +000944.6 -000339.2  03 53 42.2  241.618 15.902 102.83  37770 15.3
2010-04-27  19:00:00  07 30 30.0  -07 39 22  +000951.3 -000340.7  03 53 11.9  240.917 15.230 100.08  37702 15.2
2010-04-27  19:10:00  07 41 06.5  -08 36 13  +000958.3 -000341.4  03 52 37.0  240.204 14.564  97.29  37638 15.1
2010-04-27  19:20:00  07 51 47.8  -09 33 07  +000965.6 -000341.3  03 51 57.4  239.479 13.906  94.51  37579 15.0
2010-04-27  19:30:00  08 02 34.0  -10 29 56  +000973.2 -000340.3  03 51 12.8  238.743 13.259  91.70  37524 14.9
2010-04-27  19:40:00  08 13 25.5  -11 26 32  +000981.2 -000338.5  03 50 23.0  237.996 12.626  88.90  37474 14.8
2010-04-27  19:50:00  08 24 22.4  -12 22 44  +000989.5 -000335.8  03 49 27.8  237.240 12.007  86.08  37428 14.8
2010-04-27  20:00:00  08 35 24.8  -13 18 25  +000998.0 -000332.2  03 48 26.9  236.476 11.405  83.26  37386 14.7
2010-04-27  20:10:00  08 46 33.1  -14 13 25  +001006.8 -000327.6  03 47 20.3  235.703 10.824  80.42  37350 14.6
2010-04-27  20:20:00  08 57 47.4  -15 07 35  +001015.9 -000322.1  03 46 07.7  234.924 10.264  77.58  37318 14.5

   Date        UTC        RA         DECL      RARate   DeclRate    HourAng      Az     Um    Phase  Range  Mag
2010-04-28  01:20:00  15 04 23.8  -24 53 48  +001062.4 +000139.1  02 40 20.5  216.378 10.006  14.84  38276 13.7
2010-04-28  01:30:00  15 16 08.2  -24 29 24  +001050.5 +000153.7  02 38 37.8  216.211 10.544  16.60  38356 13.7
2010-04-28  01:40:00  15 27 44.4  -24 02 36  +001038.2 +000167.6  02 37 03.2  216.086 11.104  18.57  38439 13.7
2010-04-28  01:50:00  15 39 12.3  -23 33 34  +001025.5 +000180.7  02 35 36.9  216.004 11.684  20.70  38523 13.8

   Date        UTC        RA         DECL      RARate   DeclRate    HourAng      Az     Um    Phase  Range  Mag
2010-04-28  18:10:00  06 42 32.0  -03 21 57  +000923.4 -000327.7  03 54 58.3  244.034 18.344 113.55  38050 15.8
2010-04-28  18:20:00  06 52 49.4  -04 16 55  +000928.8 -000331.8  03 54 42.5  243.383 17.665 110.84  37968 15.6
2010-04-28  18:30:00  07 03 10.5  -05 12 31  +000934.6 -000335.2  03 54 23.1  242.718 16.986 108.10  37890 15.5
2010-04-28  18:40:00  07 13 35.5  -06 08 37  +000940.7 -000337.9  03 53 59.7  242.039 16.307 105.36  37815 15.4
2010-04-28  18:50:00  07 24 04.8  -07 05 06  +000947.1 -000339.8  03 53 32.1  241.346 15.632 102.60  37745 15.3
2010-04-28  19:00:00  07 34 38.4  -08 01 51  +000953.9 -000341.0  03 53 00.1  240.641 14.962  99.83  37679 15.2
2010-04-28  19:10:00  07 45 16.7  -08 58 44  +000961.0 -000341.4  03 52 23.4  239.923 14.299  97.04  37617 15.1
2010-04-28  19:20:00  07 55 59.8  -09 55 37  +000968.5 -000341.0  03 51 42.0  239.194 13.645  94.25  37560 15.0
2010-04-28  19:30:00  08 06 48.0  -10 52 21  +000976.2 -000339.7  03 50 55.4  238.454 13.003  91.44  37507 14.9
2010-04-28  19:40:00  08 17 41.5  -11 48 48  +000984.3 -000337.5  03 50 03.5  237.704 12.375  88.63  37458 14.8
2010-04-28  19:50:00  08 28 40.5  -12 44 48  +000992.7 -000334.4  03 49 06.2  236.945 11.763  85.80  37414 14.7
2010-04-28  20:00:00  08 39 45.1  -13 40 13  +001001.4 -000330.4  03 48 03.2  236.178 11.169  82.98  37374 14.7
2010-04-28  20:10:00  08 50 55.7  -14 34 54  +001010.3 -000325.5  03 46 54.3  235.403 10.595  80.13  37340 14.6
2010-04-28  20:20:00  09 02 12.2  -15 28 41  +001019.3 -000319.7  03 45 39.4  234.621 10.045  77.30  37310 14.5

   Date        UTC        RA         DECL      RARate   DeclRate    HourAng      Az     Um    Phase  Range  Mag
2010-04-29  01:20:00  15 08 58.0  -24 44 29  +001057.8 +000144.9  02 39 42.9  216.320 10.209  14.63  38308 13.7
2010-04-29  01:30:00  15 20 39.2  -24 19 08  +001045.7 +000159.3  02 38 03.4  216.170 10.756  16.43  38389 13.7
2010-04-29  01:40:00  15 32 12.2  -23 51 27  +001033.3 +000172.9  02 36 32.0  216.062 11.324  18.44  38472 13.7

   Date        UTC        RA         DECL      RARate   DeclRate    HourAng      Az     Um    Phase  Range  Mag
2010-04-29  18:10:00  06 46 33.5  -03 43 38  +000925.4 -000329.4  03 54 53.4  243.781 18.073 113.33  38019 15.7
2010-04-29  18:20:00  06 56 52.2  -04 38 52  +000931.0 -000333.2  03 54 36.2  243.125 17.394 110.61  37938 15.6
2010-04-29  18:30:00  07 07 14.8  -05 34 40  +000936.9 -000336.3  03 54 15.3  242.454 16.714 107.87  37862 15.5
2010-04-29  18:40:00  07 17 41.5  -06 30 56  +000943.1 -000338.7  03 53 50.3  241.770 16.037 105.12  37789 15.4
2010-04-29  18:50:00  07 28 12.4  -07 27 32  +000949.7 -000340.4  03 53 21.0  241.072 15.363 102.35  37721 15.3
2010-04-29  19:00:00  07 38 47.8  -08 24 21  +000956.6 -000341.2  03 52 47.3  240.362 14.696  99.58  37656 15.2
2010-04-29  19:10:00  07 49 27.9  -09 21 14  +000963.8 -000341.3  03 52 08.8  239.640 14.036  96.79  37596 15.1
2010-04-29  19:20:00  08 00 12.9  -10 18 04  +000971.4 -000340.5  03 51 25.4  238.907 13.387  93.99  37540 15.0
2010-04-29  19:30:00  08 11 03.1  -11 14 42  +000979.3 -000338.9  03 50 36.8  238.163 12.750  91.18  37489 14.9
2010-04-29  19:40:00  08 21 58.7  -12 10 59  +000987.5 -000336.4  03 49 42.9  237.410 12.128  88.36  37442 14.8
2010-04-29  19:50:00  08 32 59.9  -13 06 46  +000996.0 -000332.9  03 48 43.4  236.648 11.523  85.53  37400 14.7
2010-04-29  20:00:00  08 44 06.8  -14 01 55  +001004.8 -000328.6  03 47 38.1  235.877 10.937  82.70  37362 14.7
2010-04-29  20:10:00  08 55 19.6  -14 56 15  +001013.7 -000323.3  03 46 26.9  235.100 10.372  79.85  37329 14.6

   Date        UTC        RA         DECL      RARate   DeclRate    HourAng      Az     Um    Phase  Range  Mag
2010-04-30  01:20:00  15 13 31.4  -24 34 46  +001053.1 +000150.6  02 39 06.0  216.267 10.416  14.42  38340 13.7
2010-04-30  01:30:00  15 25 09.4  -24 08 29  +001040.9 +000164.7  02 37 29.7  216.134 10.972  16.27  38422 13.7
2010-04-30  01:40:00  15 36 39.1  -23 39 56  +001028.3 +000178.0  02 36 01.6  216.043 11.547  18.31  38506 13.7

   Date        UTC        RA         DECL      RARate   DeclRate    HourAng      Az     Um    Phase  Range  Mag
2010-04-30  18:10:00  06 50 35.5  -04 05 25  +000927.6 -000331.0  03 54 47.9  243.526 17.802 113.11  37987 15.7
2010-04-30  18:20:00  07 00 55.7  -05 00 53  +000933.3 -000334.5  03 54 29.3  242.864 17.123 110.39  37909 15.6
2010-04-30  18:30:00  07 11 19.8  -05 56 52  +000939.3 -000337.3  03 54 06.8  242.188 16.444 107.64  37834 15.5
2010-04-30  18:40:00  07 21 48.1  -06 53 17  +000945.6 -000339.4  03 53 40.2  241.499 15.768 104.88  37763 15.4
2010-04-30  18:50:00  07 32 20.8  -07 49 59  +000952.3 -000340.8  03 53 09.2  240.796 15.096 102.11  37696 15.3
2010-04-30  19:00:00  07 42 58.0  -08 46 50  +000959.4 -000341.3  03 52 33.6  240.081 14.432  99.33  37633 15.2
2010-04-30  19:10:00  07 53 40.0  -09 43 43  +000966.7 -000341.1  03 51 53.2  239.355 13.776  96.53  37575 15.1
2010-04-30  19:20:00  08 04 27.0  -10 40 28  +000974.5 -000339.9  03 51 07.8  238.618 13.131  93.73  37521 15.0
2010-04-30  19:30:00  08 15 19.3  -11 36 59  +000982.5 -000338.0  03 50 17.2  237.870 12.500  90.91  37471 14.9
2010-04-30  19:40:00  08 26 17.0  -12 33 05  +000990.8 -000335.1  03 49 21.1  237.114 11.884  88.09  37426 14.8
2010-04-30  19:50:00  08 37 20.4  -13 28 37  +000999.4 -000331.3  03 48 19.4  236.348 11.286  85.25  37386 14.7
2010-04-30  20:00:00  08 48 29.6  -14 23 27  +001008.2 -000326.6  03 47 11.9  235.575 10.708  82.41  37350 14.6
2010-04-30  20:10:00  08 59 44.7  -15 17 25  +001017.3 -000320.9  03 45 58.4  234.795 10.153  79.56  37319 14.6

   Date        UTC        RA         DECL      RARate   DeclRate    HourAng      Az     Um    Phase  Range  Mag
2010-05-01  01:10:00  15 06 21.4  -24 49 30  +001060.3 +000141.7  02 40 11.0  216.378 10.087  12.62  38292 13.7
2010-05-01  01:20:00  15 18 04.3  -24 24 39  +001048.3 +000156.2  02 38 29.7  216.219 10.629  14.23  38373 13.7
2010-05-01  01:30:00  15 29 39.0  -23 57 28  +001035.9 +000170.0  02 36 56.6  216.102 11.192  16.13  38456 13.7
2010-05-01  01:40:00  15 41 05.4  -23 28 02  +001023.2 +000183.0  02 35 31.9  216.028 11.775  18.20  38540 13.7
