ЭФЕМЕРИДЫ ПО ОБЪЕКТУ:  95319
Для пункта:  10016 Маяки   46 23'50.68"   30 16'17.74"    14m
C   2010-04-15 12:00
по  2010-05-01 12:00
Шаг  0:10:00
Мин.угол места:          10 град
Макс.угол места Солнца: -10 град
Стандартный блеск :      9.5 (зв.вел.)

ОБОЗНАЧЕНИЯ
RA        прямое восхождение, тек.эпоха
DECL      склонение, тек.эпоха
RARate    скорость по пр.восх., арксек/мин
DeclRate  скорость по склонению, арксек/мин
HourAng   часовой угол
Az        азимут
Um        угол места
Phase     фазовый угол
Range     дальность
Mag       зв.величина (оценка)

   Date        UTC        RA         DECL      RARate   DeclRate    HourAng      Az     Um    Phase  Range  Mag
2010-04-21  18:00:00  05 13 36.2  +05 44 52  +001015.7 -000026.1  04 46 16.5  260.455 16.826 131.22  37453 19.2
2010-04-21  18:10:00  05 24 54.6  +05 39 38  +001019.3 -000036.9  04 44 59.8  260.150 16.980 128.44  37364 19.0
2010-04-21  18:20:00  05 36 15.3  +05 32 34  +001022.7 -000047.8  04 43 40.7  259.815 17.117 125.66  37279 18.8
2010-04-21  18:30:00  05 47 38.1  +05 23 41  +001025.8 -000058.7  04 42 19.5  259.451 17.239 122.85  37197 18.7
2010-04-21  18:40:00  05 59 02.9  +05 13 00  +001028.6 -000069.6  04 40 56.4  259.060 17.343 120.04  37119 18.5
2010-04-21  18:50:00  06 10 29.5  +05 00 31  +001031.1 -000080.3  04 39 31.4  258.640 17.430 117.20  37044 18.4
2010-04-21  19:00:00  06 21 57.6  +04 46 14  +001033.3 -000091.0  04 38 05.0  258.195 17.498 114.37  36974 18.2
2010-04-21  19:10:00  06 33 27.1  +04 30 11  +001035.1 -000101.5  04 36 37.1  257.723 17.548 111.51  36908 18.1
2010-04-21  19:20:00  06 44 57.7  +04 12 24  +001036.7 -000111.9  04 35 08.1  257.227 17.579 108.65  36846 18.0
2010-04-21  19:30:00  06 56 29.4  +03 52 54  +001038.0 -000122.0  04 33 38.2  256.708 17.591 105.76  36789 17.9
2010-04-21  19:40:00  07 08 01.7  +03 31 45  +001039.1 -000131.8  04 32 07.4  256.166 17.583 102.88  36737 17.8
2010-04-21  19:50:00  07 19 34.7  +03 08 58  +001039.8 -000141.4  04 30 36.1  255.603 17.556  99.98  36690 17.6
2010-04-21  20:00:00  07 31 08.1  +02 44 38  +001040.3 -000150.6  04 29 04.3  255.021 17.509  97.09  36648 17.5
2010-04-21  20:10:00  07 42 41.7  +02 18 47  +001040.6 -000159.5  04 27 32.3  254.421 17.443  94.18  36612 17.4
2010-04-21  20:20:00  07 54 15.5  +01 51 30  +001040.6 -000167.9  04 26 00.3  253.804 17.357  91.27  36580 17.4
2010-04-21  20:30:00  08 05 49.1  +01 22 51  +001040.4 -000175.9  04 24 28.2  253.172 17.252  88.34  36554 17.3
2010-04-21  20:40:00  08 17 22.6  +00 52 53  +001040.0 -000183.5  04 22 56.4  252.527 17.129  85.43  36534 17.2
2010-04-21  20:50:00  08 28 55.8  +00 21 43  +001039.5 -000190.5  04 21 24.9  251.869 16.988  82.49  36519 17.1
2010-04-21  21:00:00  08 40 28.5  -00 10 35  +001038.8 -000197.1  04 19 53.8  251.201 16.829  79.57  36509 17.0
2010-04-21  21:10:00  08 52 00.8  -00 43 56  +001037.9 -000203.0  04 18 23.2  250.523 16.653  76.64  36506 17.0
2010-04-21  21:20:00  09 03 32.4  -01 18 14  +001037.0 -000208.5  04 16 53.2  249.839 16.461  73.71  36507 16.9
2010-04-21  21:30:00  09 15 03.4  -01 53 24  +001036.0 -000213.4  04 15 23.8  249.148 16.255  70.77  36514 16.8
2010-04-21  21:40:00  09 26 33.7  -02 29 19  +001034.9 -000217.6  04 13 55.2  248.453 16.034  67.85  36527 16.8
2010-04-21  21:50:00  09 38 03.2  -03 05 54  +001033.7 -000221.3  04 12 27.3  247.755 15.800  64.92  36545 16.7
2010-04-21  22:00:00  09 49 32.0  -03 43 03  +001032.5 -000224.3  04 11 00.2  247.055 15.554  62.00  36568 16.6
2010-04-21  22:10:00  10 00 59.9  -04 20 39  +001031.3 -000226.8  04 09 33.9  246.354 15.298  59.07  36597 16.6
2010-04-21  22:20:00  10 12 27.0  -04 58 37  +001030.1 -000228.6  04 08 08.4  245.655 15.032  56.16  36630 16.5
2010-04-21  22:30:00  10 23 53.3  -05 36 49  +001028.8 -000229.8  04 06 43.8  244.958 14.758  53.25  36668 16.5
2010-04-21  22:40:00  10 35 18.7  -06 15 11  +001027.6 -000230.4  04 05 20.0  244.264 14.477  50.35  36711 16.5
2010-04-21  22:50:00  10 46 43.4  -06 53 35  +001026.4 -000230.3  04 03 56.9  243.575 14.191  47.45  36759 16.4
2010-04-21  23:00:00  10 58 07.3  -07 31 55  +001025.2 -000229.7  04 02 34.7  242.892 13.901  44.57  36811 16.4
2010-04-21  23:10:00  11 09 30.4  -08 10 06  +001024.1 -000228.4  04 01 13.2  242.215 13.609  41.68  36867 16.4
2010-04-21  23:20:00  11 20 52.8  -08 48 01  +001023.0 -000226.5  03 59 52.5  241.545 13.315  38.82  36927 16.3
2010-04-21  23:30:00  11 32 14.4  -09 25 35  +001021.9 -000224.1  03 58 32.5  240.884 13.021  35.95  36991 16.3
2010-04-21  23:40:00  11 43 35.3  -10 02 42  +001020.9 -000221.1  03 57 13.2  240.233 12.729  33.11  37058 16.3
2010-04-21  23:50:00  11 54 55.6  -10 39 15  +001019.9 -000217.5  03 55 54.6  239.592 12.440  30.28  37129 16.2
2010-04-22  00:00:00  12 06 15.2  -11 15 11  +001018.9 -000213.5  03 54 36.6  238.961 12.156  27.47  37202 16.2
2010-04-22  00:10:00  12 17 34.2  -11 50 23  +001018.0 -000208.9  03 53 19.3  238.343 11.877  24.66  37278 16.2
2010-04-22  00:20:00  12 28 52.6  -12 24 46  +001017.1 -000203.8  03 52 02.6  237.737 11.604  21.89  37357 16.2
2010-04-22  00:30:00  12 40 10.3  -12 58 17  +001016.1 -000198.2  03 50 46.5  237.144 11.340  19.13  37437 16.2
2010-04-22  00:40:00  12 51 27.4  -13 30 49  +001015.2 -000192.2  03 49 31.0  236.565 11.085  16.41  37520 16.2
2010-04-22  00:50:00  13 02 43.9  -14 02 19  +001014.3 -000185.7  03 48 16.2  236.000 10.840  13.73  37605 16.2
2010-04-22  01:00:00  13 13 59.7  -14 32 42     <<SHADOW>>        03 47 02.0  235.450 10.607  11.12  37691 ----
2010-04-22  01:10:00  13 25 14.9  -15 01 54     <<SHADOW>>        03 45 48.5  234.916 10.386   8.61  37777 ----
2010-04-22  01:20:00  13 36 29.4  -15 29 53     <<SHADOW>>        03 44 35.6  234.398 10.178   6.36  37865 ----

   Date        UTC        RA         DECL      RARate   DeclRate    HourAng      Az     Um    Phase  Range  Mag
2010-04-22  18:00:00  07 02 44.5  +04 01 02  +001043.9 -000127.4  03 01 04.7  237.009 32.337 105.13  35403 17.8
2010-04-22  18:10:00  07 14 20.8  +03 38 56  +001044.9 -000137.6  02 59 30.1  236.378 32.264 102.22  35357 17.6
2010-04-22  18:20:00  07 25 57.7  +03 15 11  +001045.6 -000147.5  02 57 54.9  235.726 32.166  99.32  35316 17.5
2010-04-22  18:30:00  07 37 34.9  +02 49 48  +001046.0 -000157.0  02 56 19.3  235.056 32.044  96.39  35280 17.4
2010-04-22  18:40:00  07 49 12.3  +02 22 52  +001046.2 -000166.1  02 54 43.6  234.369 31.898  93.47  35249 17.3
2010-04-22  18:50:00  08 00 49.7  +01 54 27  +001046.1 -000174.8  02 53 07.7  233.669 31.728  90.53  35224 17.3
2010-04-22  19:00:00  08 12 27.1  +01 24 37  +001045.9 -000183.1  02 51 32.0  232.956 31.534  87.60  35204 17.2
2010-04-22  19:10:00  08 24 04.2  +00 53 26  +001045.4 -000190.9  02 49 56.6  232.232 31.317  84.66  35190 17.1
2010-04-22  19:20:00  08 35 40.9  +00 21 01  +001044.8 -000198.1  02 48 21.5  231.500 31.078  81.72  35182 17.0
2010-04-22  19:30:00  08 47 17.2  -00 12 33  +001044.0 -000204.8  02 46 46.9  230.762 30.818  78.77  35180 16.9
2010-04-22  19:40:00  08 58 52.8  -00 47 12  +001043.0 -000210.9  02 45 12.9  230.020 30.537  75.82  35183 16.9
2010-04-22  19:50:00  09 10 27.9  -01 22 49  +001042.0 -000216.4  02 43 39.5  229.274 30.236  72.87  35191 16.8
2010-04-22  20:00:00  09 22 02.2  -01 59 19  +001040.9 -000221.3  02 42 06.8  228.528 29.917  69.93  35206 16.7
2010-04-22  20:10:00  09 33 35.7  -02 36 34  +001039.7 -000225.7  02 40 34.9  227.782 29.581  66.97  35226 16.7
2010-04-22  20:20:00  09 45 08.4  -03 14 30  +001038.5 -000229.3  02 39 03.8  227.039 29.230  64.03  35251 16.6
2010-04-22  20:30:00  09 56 40.3  -03 52 59  +001037.2 -000232.4  02 37 33.6  226.299 28.864  61.09  35282 16.6
2010-04-22  20:40:00  10 08 11.4  -04 31 55  +001035.9 -000234.7  02 36 04.2  225.564 28.485  58.16  35319 16.5
2010-04-22  20:50:00  10 19 41.5  -05 11 11  +001034.6 -000236.5  02 34 35.7  224.835 28.096  55.22  35360 16.5
2010-04-22  21:00:00  10 31 10.8  -05 50 42  +001033.3 -000237.5  02 33 08.0  224.114 27.696  52.30  35407 16.4
2010-04-22  21:10:00  10 42 39.3  -06 30 20  +001032.0 -000238.0  02 31 41.2  223.401 27.289  49.37  35458 16.4
2010-04-22  21:20:00  10 54 06.8  -07 09 60  +001030.8 -000237.8  02 30 15.3  222.697 26.876  46.47  35514 16.3
2010-04-22  21:30:00  11 05 33.6  -07 49 34  +001029.5 -000236.9  02 28 50.2  222.004 26.458  43.56  35574 16.3
2010-04-22  21:40:00  11 16 59.6  -08 28 56  +001028.3 -000235.5  02 27 25.9  221.321 26.038  40.67  35639 16.3
2010-04-22  21:50:00  11 28 24.7  -09 08 01  +001027.2 -000233.4  02 26 02.3  220.651 25.616  37.79  35708 16.2
2010-04-22  22:00:00  11 39 49.2  -09 46 42  +001026.1 -000230.7  02 24 39.5  219.992 25.195  34.92  35780 16.2
2010-04-22  22:10:00  11 51 12.8  -10 24 54  +001025.0 -000227.4  02 23 17.5  219.346 24.776  32.06  35857 16.2
2010-04-22  22:20:00  12 02 35.8  -11 02 30  +001024.0 -000223.6  02 21 56.2  218.713 24.361  29.23  35936 16.2
2010-04-22  22:30:00  12 13 58.1  -11 39 24  +001022.9 -000219.2  02 20 35.5  218.093 23.952  26.40  36018 16.1
2010-04-22  22:40:00  12 25 19.7  -12 15 33  +001021.9 -000214.3  02 19 15.5  217.488 23.549  23.60  36103 16.1
2010-04-22  22:50:00  12 36 40.7  -12 50 50  +001020.9 -000208.9  02 17 56.2  216.897 23.155  20.81  36191 16.1
2010-04-22  23:00:00  12 48 01.0  -13 25 10  +001019.9 -000203.0  02 16 37.6  216.320 22.771  18.06  36281 16.1
2010-04-22  23:10:00  12 59 20.6  -13 58 29  +001018.9 -000196.7  02 15 19.6  215.758 22.399  15.33  36373 16.1
2010-04-22  23:20:00  13 10 39.6  -14 30 42  +001017.9 -000189.9  02 14 02.3  215.211 22.038  12.67  36466 16.1
2010-04-22  23:30:00  13 21 57.8  -15 01 46     <<SHADOW>>        02 12 45.7  214.680 21.692  10.09  36561 ----
2010-04-22  23:40:00  13 33 15.4  -15 31 36     <<SHADOW>>        02 11 29.8  214.164 21.361   7.66  36657 ----
2010-04-22  23:50:00  13 44 32.1  -16 00 08     <<SHADOW>>        02 10 14.6  213.664 21.045   5.57  36753 ----
2010-04-23  00:00:00  13 55 48.1  -16 27 19     <<SHADOW>>        02 09 00.3  213.179 20.747   4.32  36850 ----
2010-04-23  00:10:00  14 07 03.2  -16 53 06     <<SHADOW>>        02 07 46.8  212.711 20.466   4.61  36948 ----
2010-04-23  00:20:00  14 18 17.4  -17 17 26     <<SHADOW>>        02 06 34.3  212.260 20.204   6.22  37045 ----
2010-04-23  00:30:00  14 29 30.7  -17 40 17  +001009.0 -000132.5  02 05 22.7  211.824 19.962   8.41  37142 16.1
2010-04-23  00:40:00  14 40 42.8  -18 01 35  +001007.3 -000123.2  02 04 12.2  211.406 19.739  10.82  37238 16.1
2010-04-23  00:50:00  14 51 53.7  -18 21 20  +001005.5 -000113.7  02 03 02.9  211.005 19.538  13.34  37334 16.1
2010-04-23  01:00:00  15 03 03.4  -18 39 28  +001003.5 -000104.0  02 01 54.8  210.621 19.357  15.88  37429 16.2
2010-04-23  01:10:00  15 14 11.8  -18 56 00  +001001.4 -000094.2  02 00 48.1  210.254 19.198  18.46  37522 16.2
2010-04-23  01:20:00  15 25 18.6  -19 10 53  +000999.1 -000084.3  01 59 42.9  209.905 19.061  21.03  37614 16.2
2010-04-23  01:30:00  15 36 23.9  -19 24 07  +000996.7 -000074.4  01 58 39.3  209.574 18.946  23.62  37704 16.2
2010-04-23  01:40:00  15 47 27.5  -19 35 40  +000994.0 -000064.3  01 57 37.4  209.261 18.854  26.19  37792 16.2
2010-04-23  01:50:00  15 58 29.2  -19 45 33  +000991.2 -000054.2  01 56 37.3  208.966 18.784  28.77  37879 16.3
2010-04-23  02:00:00  16 09 29.0  -19 53 45  +000988.2 -000044.1  01 55 39.1  208.690 18.737  31.33  37962 16.3

   Date        UTC        RA         DECL      RARate   DeclRate    HourAng      Az     Um    Phase  Range  Mag
2010-04-23  18:00:00  08 57 15.8  -00 14 29  +001047.2 -000209.9  01 10 30.0  203.600 40.861  77.20  34360 16.8
2010-04-23  18:10:00  09 08 53.6  -00 49 59  +001046.2 -000216.0  01 08 53.9  202.880 40.400  74.24  34373 16.8
2010-04-23  18:20:00  09 20 30.7  -01 26 27  +001045.0 -000221.5  01 07 18.4  202.168 39.919  71.28  34392 16.7
2010-04-23  18:30:00  09 32 06.9  -02 03 48  +001043.8 -000226.4  01 05 43.8  201.466 39.419  68.32  34417 16.6
2010-04-23  18:40:00  09 43 42.4  -02 41 54  +001042.5 -000230.6  01 04 10.0  200.774 38.901  65.37  34447 16.6
2010-04-23  18:50:00  09 55 17.0  -03 20 39  +001041.2 -000234.2  01 02 37.1  200.095 38.367  62.41  34483 16.5
2010-04-23  19:00:00  10 06 50.6  -03 59 56  +001039.8 -000237.1  01 01 05.0  199.427 37.820  59.46  34524 16.5
2010-04-23  19:10:00  10 18 23.4  -04 39 40  +001038.5 -000239.4  00 59 33.9  198.773 37.261  56.51  34571 16.4
2010-04-23  19:20:00  10 29 55.3  -05 19 42  +001037.1 -000241.0  00 58 03.7  198.133 36.692  53.57  34623 16.4
2010-04-23  19:30:00  10 41 26.2  -05 59 57  +001035.7 -000241.9  00 56 34.4  197.506 36.114  50.63  34680 16.3
2010-04-23  19:40:00  10 52 56.3  -06 40 18  +001034.4 -000242.2  00 55 06.0  196.894 35.531  47.71  34742 16.3
2010-04-23  19:50:00  11 04 25.4  -07 20 39  +001033.1 -000241.8  00 53 38.5  196.297 34.944  44.79  34808 16.3
2010-04-23  20:00:00  11 15 53.8  -08 00 52  +001031.8 -000240.7  00 52 11.8  195.713 34.355  41.88  34879 16.2
2010-04-23  20:10:00  11 27 21.2  -08 40 52  +001030.6 -000239.1  00 50 46.0  195.144 33.766  38.98  34955 16.2
2010-04-23  20:20:00  11 38 47.9  -09 20 32  +001029.4 -000236.8  00 49 20.9  194.590 33.178  36.09  35034 16.2
2010-04-23  20:30:00  11 50 13.8  -09 59 46  +001028.2 -000233.9  00 47 56.7  194.049 32.594  33.21  35117 16.2
2010-04-23  20:40:00  12 01 38.9  -10 38 27  +001027.1 -000230.4  00 46 33.2  193.523 32.015  30.36  35203 16.1
2010-04-23  20:50:00  12 13 03.3  -11 16 31  +001026.0 -000226.3  00 45 10.5  193.010 31.443  27.50  35293 16.1
2010-04-23  21:00:00  12 24 26.9  -11 53 52  +001025.0 -000221.7  00 43 48.5  192.510 30.881  24.68  35386 16.1
2010-04-23  21:10:00  12 35 49.9  -12 30 24  +001023.9 -000216.6  00 42 27.1  192.024 30.328  21.86  35481 16.1
2010-04-23  21:20:00  12 47 12.2  -13 06 02  +001022.9 -000210.9  00 41 06.5  191.550 29.788  19.08  35579 16.1
2010-04-23  21:30:00  12 58 33.7  -13 40 41  +001021.8 -000204.8  00 39 46.6  191.089 29.261  16.32  35679 16.1
2010-04-23  21:40:00  13 09 54.6  -14 14 16  +001020.8 -000198.2  00 38 27.4  190.640 28.749  13.61  35781 16.1
2010-04-23  21:50:00  13 21 14.7  -14 46 43  +001019.7 -000191.2  00 37 08.9  190.204 28.254  10.96  35884 16.1
2010-04-23  22:00:00  13 32 34.1  -15 17 58     <<SHADOW>>        00 35 51.2  189.779 27.776   8.42  35989 ----
2010-04-23  22:10:00  13 43 52.7  -15 47 57     <<SHADOW>>        00 34 34.2  189.366 27.316   6.10  36094 ----
2010-04-23  22:20:00  13 55 10.5  -16 16 36     <<SHADOW>>        00 33 18.0  188.964 26.877   4.36  36201 ----
2010-04-23  22:30:00  14 06 27.5  -16 43 52     <<SHADOW>>        00 32 02.7  188.574 26.458   4.00  36307 ----
2010-04-23  22:40:00  14 17 43.5  -17 09 42     <<SHADOW>>        00 30 48.4  188.195 26.061   5.29  36414 ----
2010-04-23  22:50:00  14 28 58.5  -17 34 03     <<SHADOW>>        00 29 35.0  187.827 25.687   7.40  36520 ----
2010-04-23  23:00:00  14 40 12.4  -17 56 52  +001010.0 -000132.3  00 28 22.7  187.470 25.336   9.79  36626 16.1
2010-04-23  23:10:00  14 51 25.1  -18 18 07  +001008.2 -000122.8  00 27 11.6  187.124 25.009  12.31  36731 16.1
2010-04-23  23:20:00  15 02 36.7  -18 37 47  +001006.3 -000113.1  00 26 01.7  186.789 24.707  14.87  36835 16.1
2010-04-23  23:30:00  15 13 46.8  -18 55 49  +001004.2 -000103.3  00 24 53.2  186.465 24.430  17.46  36938 16.1
2010-04-23  23:40:00  15 24 55.5  -19 12 13  +001001.9 -000093.4  00 23 46.2  186.152 24.179  20.04  37039 16.2
2010-04-23  23:50:00  15 36 02.6  -19 26 57  +000999.4 -000083.3  00 22 40.7  185.851 23.954  22.64  37139 16.2
2010-04-24  00:00:00  15 47 08.0  -19 40 00  +000996.8 -000073.2  00 21 37.0  185.560 23.755  25.22  37237 16.2
2010-04-24  00:10:00  15 58 11.6  -19 51 22  +000994.0 -000063.1  00 20 35.0  185.281 23.583  27.81  37332 16.2
2010-04-24  00:20:00  16 09 13.3  -20 01 02  +000991.0 -000052.9  00 19 35.0  185.014 23.438  30.38  37425 16.3
2010-04-24  00:30:00  16 20 12.9  -20 09 00  +000987.9 -000042.7  00 18 37.0  184.758 23.319  32.95  37516 16.3
2010-04-24  00:40:00  16 31 10.4  -20 15 17  +000984.5 -000032.6  00 17 41.1  184.514 23.228  35.50  37603 16.3
2010-04-24  00:50:00  16 42 05.6  -20 19 53  +000981.0 -000022.5  00 16 47.6  184.282 23.163  38.06  37688 16.4
2010-04-24  01:00:00  16 52 58.4  -20 22 48  +000977.4 -000012.5  00 15 56.4  184.062 23.125  40.59  37770 16.4
2010-04-24  01:10:00  17 03 48.7  -20 24 03  +000973.5 -000002.5  00 15 07.8  183.855 23.114  43.13  37848 16.4
2010-04-24  01:20:00  17 14 36.4  -20 23 38  +000969.6 +000007.3  00 14 21.7  183.660 23.129  45.64  37923 16.5
2010-04-24  01:30:00  17 25 21.5  -20 21 37  +000965.5 +000017.0  00 13 38.3  183.477 23.171  48.16  37995 16.5
2010-04-24  01:40:00  17 36 03.7  -20 17 59  +000961.3 +000026.6  00 12 57.7  183.307 23.238  50.65  38063 16.5
2010-04-24  01:50:00  17 46 43.1  -20 12 46  +000956.9 +000036.0  00 12 19.9  183.151 23.331  53.16  38127 16.6

   Date        UTC        RA         DECL      RARate   DeclRate    HourAng      Az     Um    Phase  Range  Mag
2010-04-24  18:00:00  10 52 56.3  -06 02 25  +001035.3 -000241.7  23 18 46.1  167.166 36.766  48.71  34628 16.3
2010-04-24  18:10:00  11 04 26.0  -06 42 43  +001033.9 -000241.8  23 17 18.0  166.848 36.046  45.77  34700 16.3
2010-04-24  18:20:00  11 15 54.8  -07 22 58  +001032.6 -000241.2  23 15 50.8  166.542 35.326  42.86  34777 16.2
2010-04-24  18:30:00  11 27 22.8  -08 03 05  +001031.3 -000240.0  23 14 24.5  166.247 34.608  39.94  34859 16.2
2010-04-24  18:40:00  11 38 49.9  -08 42 56  +001030.0 -000238.2  23 12 59.1  165.961 33.895  37.05  34945 16.2
2010-04-24  18:50:00  11 50 16.2  -09 22 26  +001028.8 -000235.7  23 11 34.4  165.684 33.186  34.16  35034 16.2
2010-04-24  19:00:00  12 01 41.7  -10 01 28  +001027.7 -000232.7  23 10 10.5  165.416 32.486  31.29  35127 16.1
2010-04-24  19:10:00  12 13 06.4  -10 39 57  +001026.5 -000229.0  23 08 47.5  165.155 31.794  28.42  35224 16.1
2010-04-24  19:20:00  12 24 30.4  -11 17 47  +001025.4 -000224.8  23 07 25.1  164.901 31.113  25.58  35323 16.1
2010-04-24  19:30:00  12 35 53.6  -11 54 52  +001024.3 -000220.1  23 06 03.5  164.653 30.444  22.74  35426 16.1
2010-04-24  19:40:00  12 47 16.1  -12 31 07  +001023.2 -000214.8  23 04 42.7  164.411 29.788  19.93  35531 16.1
2010-04-24  19:50:00  12 58 37.9  -13 06 27  +001022.1 -000209.1  23 03 22.5  164.173 29.148  17.14  35638 16.1
2010-04-24  20:00:00  13 09 59.0  -13 40 47  +001021.1 -000202.8  23 02 03.1  163.940 28.524  14.39  35747 16.1
2010-04-24  20:10:00  13 21 19.3  -14 14 03  +001020.0 -000196.2  23 00 44.4  163.710 27.918  11.66  35858 16.1
2010-04-24  20:20:00  13 32 38.9  -14 46 10  +001018.8 -000189.1  22 59 26.5  163.484 27.330   9.02  35970 16.0
2010-04-24  20:30:00  13 43 57.7  -15 17 03  +001017.6 -000181.6  22 58 09.3  163.261 26.763   6.50  36084 16.1
2010-04-24  20:40:00  13 55 15.7  -15 46 40     <<SHADOW>>        22 56 52.9  163.041 26.216   4.34  36198 ----
2010-04-24  20:50:00  14 06 32.9  -16 14 57     <<SHADOW>>        22 55 37.4  162.822 25.692   3.27  36312 ----
2010-04-24  21:00:00  14 17 49.1  -16 41 50     <<SHADOW>>        22 54 22.9  162.606 25.190   4.20  36427 ----
2010-04-24  21:10:00  14 29 04.3  -17 07 16     <<SHADOW>>        22 53 09.3  162.391 24.713   6.29  36542 ----
2010-04-24  21:20:00  14 40 18.5  -17 31 14     <<SHADOW>>        22 51 56.7  162.179 24.260   8.71  36657 ----
2010-04-24  21:30:00  14 51 31.5  -17 53 39     <<SHADOW>>        22 50 45.3  161.967 23.832  11.27  36770 ----
2010-04-24  21:40:00  15 02 43.4  -18 14 32  +001006.8 -000120.4  22 49 35.2  161.757 23.431  13.85  36883 16.1
2010-04-24  21:50:00  15 13 53.9  -18 33 48  +001004.7 -000110.8  22 48 26.3  161.549 23.056  16.47  36995 16.1
2010-04-24  22:00:00  15 25 02.9  -18 51 28  +001002.5 -000101.0  22 47 18.9  161.342 22.708  19.07  37105 16.2
2010-04-24  22:10:00  15 36 10.5  -19 07 29  +001000.1 -000091.1  22 46 13.0  161.137 22.387  21.69  37214 16.2
2010-04-24  22:20:00  15 47 16.4  -19 21 50  +000997.5 -000081.2  22 45 08.7  160.933 22.095  24.29  37320 16.2
2010-04-24  22:30:00  15 58 20.5  -19 34 32  +000994.8 -000071.1  22 44 06.2  160.730 21.831  26.89  37425 16.2
2010-04-24  22:40:00  16 09 22.8  -19 45 33  +000991.9 -000061.0  22 43 05.6  160.530 21.595  29.47  37527 16.3
2010-04-24  22:50:00  16 20 23.0  -19 54 53  +000988.8 -000050.9  22 42 07.0  160.332 21.387  32.06  37626 16.3
2010-04-24  23:00:00  16 31 21.2  -20 02 32  +000985.6 -000040.9  22 41 10.5  160.136 21.209  34.62  37723 16.3
2010-04-24  23:10:00  16 42 17.1  -20 08 30  +000982.2 -000030.8  22 40 16.2  159.942 21.059  37.18  37817 16.4
2010-04-24  23:20:00  16 53 10.7  -20 12 49  +000978.6 -000020.8  22 39 24.2  159.751 20.938  39.72  37907 16.4
2010-04-24  23:30:00  17 04 01.9  -20 15 27  +000974.9 -000010.9  22 38 34.7  159.563 20.846  42.27  37994 16.4
2010-04-24  23:40:00  17 14 50.5  -20 16 27  +000971.0 -000001.1  22 37 47.7  159.377 20.783  44.79  38078 16.5
2010-04-24  23:50:00  17 25 36.5  -20 15 49  +000966.9 +000008.6  22 37 03.4  159.195 20.748  47.31  38158 16.5
2010-04-25  00:00:00  17 36 19.8  -20 13 35  +000962.8 +000018.2  22 36 21.8  159.017 20.741  49.81  38234 16.5
2010-04-25  00:10:00  17 47 00.2  -20 09 46  +000958.5 +000027.6  22 35 43.0  158.843 20.763  52.32  38306 16.6
2010-04-25  00:20:00  17 57 37.8  -20 04 23  +000954.2 +000036.9  22 35 07.0  158.672 20.812  54.80  38374 16.6
2010-04-25  00:30:00  18 08 12.4  -19 57 28  +000949.8 +000046.0  22 34 34.0  158.506 20.888  57.29  38439 16.7
2010-04-25  00:40:00  18 18 44.1  -19 49 04  +000945.3 +000054.9  22 34 04.0  158.344 20.991  59.75  38498 16.7
2010-04-25  00:50:00  18 29 12.8  -19 39 11  +000940.7 +000063.6  22 33 36.9  158.187 21.121  62.22  38554 16.8
2010-04-25  01:00:00  18 39 38.4  -19 27 52  +000936.2 +000072.1  22 33 12.9  158.034 21.277  64.67  38605 16.8
2010-04-25  01:10:00  18 50 01.0  -19 15 09  +000931.6 +000080.4  22 32 52.0  157.887 21.458  67.13  38651 16.9
2010-04-25  01:20:00  19 00 20.5  -19 01 05  +000927.0 +000088.5  22 32 34.1  157.745 21.664  69.57  38693 16.9
2010-04-25  01:30:00  19 10 37.0  -18 45 41  +000922.5 +000096.3  22 32 19.3  157.608 21.894  72.01  38731 17.0
2010-04-25  01:40:00  19 20 50.5  -18 29 01  +000918.0 +000103.8  22 32 07.4  157.476 22.148  74.43  38764 17.0
2010-04-25  01:50:00  19 31 01.0  -18 11 05  +000913.5 +000111.1  22 31 58.6  157.349 22.425  76.86  38792 17.1

   Date        UTC        RA         DECL      RARate   DeclRate    HourAng      Az     Um    Phase  Range  Mag
2010-04-25  18:00:00  12 46 10.0  -11 42 32  +001021.1 -000214.8  21 29 29.0  139.562 22.822  21.13  36130 16.1
2010-04-25  18:10:00  12 57 30.4  -12 17 55  +001020.1 -000209.6  21 28 10.2  139.545 22.151  18.31  36242 16.1
2010-04-25  18:20:00  13 08 50.1  -12 52 23  +001019.0 -000203.9  21 26 52.2  139.525 21.495  15.53  36356 16.1
2010-04-25  18:30:00  13 20 09.0  -13 25 52  +001017.9 -000197.7  21 25 34.8  139.502 20.855  12.75  36472 16.1
2010-04-25  18:40:00  13 31 27.3  -13 58 17  +001016.8 -000191.1  21 24 18.3  139.474 20.232  10.02  36589 16.1
2010-04-25  18:50:00  13 42 44.7  -14 29 34  +001015.6 -000184.1  21 23 02.4  139.441 19.629   7.34  36708 16.1
2010-04-25  19:00:00  13 54 01.4  -14 59 39  +001014.4 -000176.8  21 21 47.4  139.404 19.044   4.82  36827 16.1
2010-04-25  19:10:00  14 05 17.2  -15 28 28     <<SHADOW>>        21 20 33.2  139.361 18.480   2.78  36948 ----
2010-04-25  19:20:00  14 16 32.2  -15 55 58     <<SHADOW>>        21 19 19.9  139.313 17.937   2.74  37068 ----
2010-04-25  19:30:00  14 27 46.2  -16 22 06     <<SHADOW>>        21 18 07.5  139.258 17.417   4.72  37189 ----
2010-04-25  19:40:00  14 38 59.3  -16 46 50     <<SHADOW>>        21 16 56.1  139.197 16.919   7.19  37309 ----
2010-04-25  19:50:00  14 50 11.2  -17 10 05     <<SHADOW>>        21 15 45.8  139.130 16.445   9.79  37429 ----
2010-04-25  20:00:00  15 01 22.0  -17 31 51     <<SHADOW>>        21 14 36.6  139.057 15.995  12.41  37548 ----
2010-04-25  20:10:00  15 12 31.6  -17 52 05  +001003.3 -000116.7  21 13 28.7  138.976 15.571  15.05  37667 16.2
2010-04-25  20:20:00  15 23 39.8  -18 10 46  +001001.3 -000107.3  21 12 22.1  138.890 15.171  17.68  37784 16.2
2010-04-25  20:30:00  15 34 46.6  -18 27 51  +000999.0 -000097.7  21 11 17.0  138.797 14.798  20.32  37899 16.2
2010-04-25  20:40:00  15 45 51.8  -18 43 20  +000996.6 -000088.0  21 10 13.5  138.697 14.451  22.94  38013 16.2
2010-04-25  20:50:00  15 56 55.3  -18 57 12  +000994.0 -000078.3  21 09 11.6  138.591 14.131  25.55  38124 16.3
2010-04-25  21:00:00  16 07 57.1  -19 09 25  +000991.3 -000068.5  21 08 11.4  138.479 13.838  28.15  38234 16.3
2010-04-25  21:10:00  16 18 57.0  -19 20 01  +000988.4 -000058.6  21 07 13.2  138.361 13.573  30.75  38341 16.3
2010-04-25  21:20:00  16 29 54.9  -19 28 58  +000985.3 -000048.8  21 06 16.9  138.237 13.335  33.32  38445 16.4
2010-04-25  21:30:00  16 40 50.6  -19 36 16  +000982.0 -000038.9  21 05 22.8  138.107 13.125  35.90  38546 16.4
2010-04-25  21:40:00  16 51 44.2  -19 41 56  +000978.6 -000029.1  21 04 30.9  137.972 12.943  38.45  38644 16.4
2010-04-25  21:50:00  17 02 35.4  -19 45 59  +000975.0 -000019.4  21 03 41.3  137.832 12.789  41.00  38739 16.5
2010-04-25  22:00:00  17 13 24.2  -19 48 24  +000971.3 -000009.7  21 02 54.2  137.688 12.663  43.53  38830 16.5
2010-04-25  22:10:00  17 24 10.5  -19 49 13  +000967.5 -000000.1  21 02 09.5  137.539 12.564  46.07  38918 16.5
2010-04-25  22:20:00  17 34 54.1  -19 48 27  +000963.5 +000009.3  21 01 27.5  137.386 12.494  48.58  39002 16.6
2010-04-25  22:30:00  17 45 35.1  -19 46 07  +000959.4 +000018.7  21 00 48.2  137.229 12.451  51.09  39082 16.6
2010-04-25  22:40:00  17 56 13.3  -19 42 14  +000955.2 +000027.9  21 00 11.7  137.069 12.436  53.58  39158 16.7
2010-04-25  22:50:00  18 06 48.6  -19 36 51  +000950.9 +000036.9  20 59 37.9  136.906 12.447  56.08  39230 16.7
2010-04-25  23:00:00  18 17 21.1  -19 29 58  +000946.5 +000045.7  20 59 07.1  136.739 12.486  58.55  39297 16.7
2010-04-25  23:10:00  18 27 50.7  -19 21 37  +000942.1 +000054.4  20 58 39.2  136.571 12.551  61.02  39361 16.8
2010-04-25  23:20:00  18 38 17.3  -19 11 51  +000937.7 +000062.9  20 58 14.2  136.400 12.643  63.48  39419 16.8
2010-04-25  23:30:00  18 48 41.0  -19 00 41  +000933.2 +000071.1  20 57 52.2  136.227 12.760  65.94  39473 16.9
2010-04-25  23:40:00  18 59 01.6  -18 48 09  +000928.8 +000079.2  20 57 33.2  136.052 12.902  68.38  39523 16.9
2010-04-25  23:50:00  19 09 19.3  -18 34 18  +000924.3 +000087.0  20 57 17.1  135.876 13.069  70.83  39567 17.0
2010-04-26  00:00:00  19 19 34.1  -18 19 10  +000919.9 +000094.6  20 57 04.0  135.699 13.260  73.26  39607 17.1
2010-04-26  00:10:00  19 29 45.9  -18 02 48  +000915.6 +000101.9  20 56 53.8  135.521 13.475  75.69  39642 17.1
2010-04-26  00:20:00  19 39 54.8  -17 45 13  +000911.3 +000109.0  20 56 46.5  135.342 13.712  78.10  39673 17.2
2010-04-26  00:30:00  19 50 00.9  -17 26 28  +000907.1 +000115.9  20 56 42.1  135.162 13.972  80.53  39698 17.2
2010-04-26  00:40:00  20 00 04.3  -17 06 36  +000903.0 +000122.5  20 56 40.4  134.982 14.254  82.93  39719 17.3
2010-04-26  00:50:00  20 10 05.0  -16 45 39  +000899.0 +000128.9  20 56 41.3  134.802 14.556  85.35  39735 17.4
2010-04-26  01:00:00  20 20 03.0  -16 23 40  +000895.2 +000135.0  20 56 44.9  134.621 14.878  87.74  39746 17.4
2010-04-26  01:10:00  20 29 58.6  -16 00 41  +000891.5 +000140.8  20 56 51.0  134.439 15.219  90.15  39752 17.5
2010-04-26  01:20:00  20 39 51.7  -15 36 45  +000888.0 +000146.4  20 56 59.5  134.257 15.579  92.54  39753 17.6
2010-04-26  01:30:00  20 49 42.6  -15 11 55  +000884.7 +000151.6  20 57 10.3  134.075 15.957  94.94  39750 17.6
2010-04-26  01:40:00  20 59 31.3  -14 46 13  +000881.5 +000156.7  20 57 23.2  133.893 16.351  97.32  39742 17.7
2010-04-26  01:50:00  21 09 18.0  -14 19 42  +000878.6 +000161.4  20 57 38.1  133.710 16.761  99.72  39729 17.8
