ЭФЕМЕРИДЫ ПО ОБЪЕКТУ:  95337
Для пункта:  10016 Маяки   46 23'50.68"   30 16'17.74"    14m
C   2010-04-15 12:00
по  2010-05-01 12:00
Шаг  0:10:00
Мин.угол места:          10 град
Макс.угол места Солнца: -10 град
Стандартный блеск :      9.4 (зв.вел.)

ОБОЗНАЧЕНИЯ
RA        прямое восхождение, тек.эпоха
DECL      склонение, тек.эпоха
RARate    скорость по пр.восх., арксек/мин
DeclRate  скорость по склонению, арксек/мин
HourAng   часовой угол
Az        азимут
Um        угол места
Phase     фазовый угол
Range     дальность
Mag       зв.величина (оценка)

   Date        UTC        RA         DECL      RARate   DeclRate    HourAng      Az     Um    Phase  Range  Mag
2010-04-16  17:50:00  13 01 43.8  -04 03 30  +001030.5 +000022.9  20 28 24.5  121.344 21.329  11.10  27188 15.3
2010-04-16  18:00:00  13 13 36.5  -04 00 54  +001110.3 +000007.8  20 26 33.4  120.917 21.091   8.86  26311 15.3
2010-04-16  18:10:00  13 26 28.2  -04 01 04  +001208.3 -000010.5  20 23 43.4  120.311 20.669   6.97  25350 15.2
2010-04-16  18:20:00  13 40 32.7  -04 04 39  +001329.8 -000033.3  20 19 40.5  119.487 20.016   6.22  24304 15.1
2010-04-16  18:30:00  13 56 08.0  -04 12 31  +001482.2 -000062.3  20 14 06.9  118.400 19.072   7.42  23175 15.0
2010-04-16  18:40:00  14 13 38.1  -04 25 54  +001676.3 -000100.1  20 06 38.5  116.992 17.755  10.39  21962 14.9
2010-04-16  18:50:00  14 33 35.5  -04 46 35  +001927.6 -000150.5  19 56 42.7  115.190 15.947  14.61  20671 14.8
2010-04-16  19:00:00  14 56 45.7  -05 17 04  +002259.3 -000218.9  19 43 34.1  112.900 13.484  19.89  19308 14.6
2010-04-16  19:10:00  15 24 13.0  -06 00 60  +002706.0 -000313.3  19 26 08.5  109.997 10.128  26.37  17890 14.5

   Date        UTC        RA         DECL      RARate   DeclRate    HourAng      Az     Um    Phase  Range  Mag
2010-04-17  17:50:00  12 06 44.2  -04 46 18  +000785.3 +000075.0  21 27 20.6  135.415 28.693  24.43  29680 15.6
2010-04-17  18:00:00  12 15 36.9  -04 34 31  +000813.7 +000066.5  21 28 29.6  135.592 29.004  22.37  29222 15.6
2010-04-17  18:10:00  12 24 50.6  -04 24 10  +000848.6 +000057.4  21 29 17.6  135.696 29.251  20.24  28684 15.5
2010-04-17  18:20:00  12 34 29.9  -04 15 26  +000891.0 +000047.4  21 29 39.8  135.708 29.423  18.04  28066 15.4
2010-04-17  18:30:00  12 44 40.5  -04 08 27  +000942.5 +000036.1  21 29 30.9  135.606 29.507  15.76  27365 15.4
2010-04-17  18:40:00  12 55 29.0  -04 03 30  +001005.2 +000023.0  21 28 44.0  135.365 29.485  13.42  26582 15.3
2010-04-17  18:50:00  13 07 03.9  -04 00 57  +001081.9 +000007.4  21 27 10.8  134.952 29.333  11.03  25714 15.2
2010-04-17  19:00:00  13 19 35.5  -04 01 15  +001176.4 -000011.6  21 24 40.8  134.334 29.022   8.76  24759 15.1
2010-04-17  19:10:00  13 33 17.4  -04 05 04  +001294.0 -000035.2  21 21 00.6  133.464 28.511   6.96  23717 15.0
2010-04-17  19:20:00  13 48 27.5  -04 13 19  +001442.2 -000065.3  21 15 52.2  132.290 27.743   6.58  22587 14.9
2010-04-17  19:30:00  14 05 29.4  -04 27 21  +001632.0 -000104.7  21 08 51.9  130.747 26.639   8.36  21368 14.8
2010-04-17  19:40:00  14 24 56.0  -04 48 59  +001879.7 -000157.6  20 59 26.9  128.752 25.085  11.94  20064 14.7
2010-04-17  19:50:00  14 47 33.6  -05 20 57  +002209.9 -000229.9  20 46 50.9  126.203 22.916  16.87  18681 14.6
2010-04-17  20:00:00  15 14 29.0  -06 07 15  +002660.7 -000331.0  20 29 57.2  122.968 19.884  23.09  17233 14.4
2010-04-17  20:10:00  15 47 20.2  -07 13 33  +003289.6 -000472.8  20 07 07.7  118.878 15.620  30.91  15747 14.3

   Date        UTC        RA         DECL      RARate   DeclRate    HourAng      Az     Um    Phase  Range  Mag
2010-04-18  17:50:00  11 19 27.3  -06 06 39  +000711.8 +000119.1  22 18 34.1  149.540 32.859  36.59  30238 15.8
2010-04-18  18:00:00  11 27 22.9  -05 47 33  +000715.6 +000110.3  22 20 40.2  149.991 33.340  34.72  30188 15.7
2010-04-18  18:10:00  11 35 22.2  -05 29 53  +000723.1 +000101.8  22 22 42.5  150.441 33.791  32.83  30061 15.7
2010-04-18  18:20:00  11 43 27.9  -05 13 36  +000734.6 +000093.5  22 24 38.5  150.876 34.209  30.93  29856 15.7
2010-04-18  18:30:00  11 51 42.6  -04 58 42  +000750.4 +000085.3  22 26 25.4  151.282 34.592  28.99  29573 15.6
2010-04-18  18:40:00  12 00 09.4  -04 45 12  +000770.9 +000076.8  22 28 00.2  151.643 34.935  27.02  29212 15.6
2010-04-18  18:50:00  12 08 51.7  -04 33 07  +000796.8 +000068.1  22 29 19.6  151.944 35.233  24.99  28772 15.5
2010-04-18  19:00:00  12 17 53.2  -04 22 33  +000828.8 +000058.7  22 30 19.8  152.163 35.481  22.90  28251 15.5
2010-04-18  19:10:00  12 27 18.3  -04 13 37  +000868.1 +000048.3  22 30 56.2  152.281 35.670  20.73  27648 15.4
2010-04-18  19:20:00  12 37 12.5  -04 06 31  +000916.0 +000036.7  22 31 03.7  152.270 35.792  18.49  26962 15.4
2010-04-18  19:30:00  12 47 42.0  -04 01 29  +000974.6 +000023.3  22 30 35.8  152.101 35.834  16.15  26191 15.3
2010-04-18  19:40:00  12 58 54.9  -03 58 54  +001046.5 +000007.3  22 29 24.6  151.739 35.779  13.73  25332 15.2
2010-04-18  19:50:00  13 11 01.1  -03 59 14  +001135.3 -000012.0  22 27 20.0  151.140 35.602  11.26  24384 15.1
2010-04-18  20:00:00  13 24 13.5  -04 03 10  +001246.2 -000036.2  22 24 09.3  150.251 35.272   8.89  23344 15.0
2010-04-18  20:10:00  13 38 49.1  -04 11 40  +001386.6 -000067.1  22 19 35.3  149.009 34.741   7.08  22211 14.9
2010-04-18  20:20:00  13 55 11.0  -04 26 05  +001567.2 -000107.8  22 13 15.1  147.334 33.941   6.91  20984 14.8
2010-04-18  20:30:00  14 13 51.1  -04 48 25  +001804.5 -000162.8  22 04 36.6  145.126 32.770   9.15  19663 14.6
2010-04-18  20:40:00  14 35 34.9  -05 21 31  +002123.9 -000238.7  21 52 54.5  142.260 31.072  13.34  18252 14.5
2010-04-18  20:50:00  15 01 29.5  -06 09 45  +002565.6 -000346.3  21 37 01.5  138.583 28.606  19.10  16762 14.3
2010-04-18  21:00:00  15 33 16.5  -07 19 34  +003194.7 -000501.0  21 15 16.1  133.900 24.990  26.53  15216 14.2
2010-04-18  21:10:00  16 13 32.3  -09 00 22  +004113.1 -000720.9  20 45 01.9  127.977 19.623  36.17  13663 14.0
2010-04-18  21:20:00  17 06 14.7  -11 23 49  +005459.0 -001009.9  20 02 21.2  120.521 11.591  48.84  12199 13.9

   Date        UTC        RA         DECL      RARate   DeclRate    HourAng      Az     Um    Phase  Range  Mag
2010-04-19  17:50:00  10 31 56.6  -08 09 06  +000763.0 +000180.7  23 10 01.3  164.971 34.321  48.84  28881 15.8
2010-04-19  18:00:00  10 40 18.6  -07 40 12  +000743.7 +000166.5  23 11 41.0  165.358 34.869  46.87  29246 15.8
2010-04-19  18:10:00  10 48 29.3  -07 13 31  +000729.2 +000153.8  23 13 31.9  165.816 35.386  44.94  29531 15.8
2010-04-19  18:20:00  10 56 31.8  -06 48 52  +000719.0 +000142.3  23 15 31.1  166.329 35.874  43.04  29736 15.8
2010-04-19  18:30:00  11 04 28.8  -06 26 02  +000712.8 +000131.8  23 17 35.7  166.884 36.332  41.16  29863 15.8
2010-04-19  18:40:00  11 12 23.0  -06 04 53  +000710.4 +000122.1  23 19 43.2  167.465 36.762  39.30  29913 15.8
2010-04-19  18:50:00  11 20 16.9  -05 45 19  +000711.8 +000112.9  23 21 50.9  168.061 37.162  37.43  29885 15.7
2010-04-19  19:00:00  11 28 12.9  -05 27 14  +000716.9 +000104.1  23 23 56.6  168.657 37.534  35.57  29779 15.7
2010-04-19  19:10:00  11 36 13.7  -05 10 36  +000726.0 +000095.5  23 25 57.4  169.238 37.875  33.68  29596 15.7
2010-04-19  19:20:00  11 44 21.8  -04 55 23  +000739.3 +000087.0  23 27 50.9  169.791 38.186  31.78  29334 15.6
2010-04-19  19:30:00  11 52 40.3  -04 41 36  +000757.0 +000078.4  23 29 34.1  170.298 38.465  29.83  28993 15.6
2010-04-19  19:40:00  12 01 12.3  -04 29 17  +000779.9 +000069.4  23 31 03.7  170.741 38.712  27.85  28573 15.6
2010-04-19  19:50:00  12 10 01.5  -04 18 31  +000808.6 +000059.8  23 32 16.2  171.100 38.923  25.79  28070 15.5
2010-04-19  20:00:00  12 19 11.9  -04 09 24  +000844.0 +000049.3  23 33 07.4  171.352 39.096  23.68  27485 15.4
2010-04-19  20:10:00  12 28 48.6  -04 02 09  +000887.5 +000037.5  23 33 32.4  171.469 39.227  21.47  26815 15.4
2010-04-19  20:20:00  12 38 57.4  -03 57 00  +000940.9 +000024.0  23 33 25.2  171.419 39.309  19.17  26057 15.3
2010-04-19  20:30:00  12 49 45.8  -03 54 18  +001006.6 +000007.9  23 32 38.5  171.164 39.334  16.76  25209 15.2
2010-04-19  20:40:00  13 01 22.9  -03 54 34  +001087.9 -000011.6  23 31 03.0  170.654 39.286  14.25  24269 15.1
2010-04-19  20:50:00  13 14 00.7  -03 58 27  +001189.6 -000035.9  23 28 26.8  169.832 39.146  11.66  23233 15.0
2010-04-19  21:00:00  13 27 55.0  -04 06 56  +001318.6 -000067.2  23 24 34.1  168.621 38.881   9.15  22099 14.9
2010-04-19  21:10:00  13 43 27.1  -04 21 24  +001485.1 -000108.3  23 19 03.7  166.927 38.441   7.22  20863 14.8
2010-04-19  21:20:00  14 01 06.7  -04 43 51  +001704.6 -000164.2  23 11 25.8  164.626 37.749   7.14  19524 14.6
2010-04-19  21:30:00  14 21 36.9  -05 17 21  +002002.0 -000242.3  23 00 57.2  161.558 36.677   9.80  18084 14.5
2010-04-19  21:40:00  14 46 01.9  -06 06 30  +002418.0 -000354.7  22 46 33.9  157.518 35.014  14.67  16548 14.3
2010-04-19  21:50:00  15 16 01.6  -07 18 32  +003021.2 -000520.7  22 26 35.8  152.248 32.405  21.45  14932 14.1
2010-04-19  22:00:00  15 54 16.6  -09 04 32  +003929.5 -000767.3  21 58 22.4  145.437 28.237  30.49  13275 13.9
2010-04-19  22:10:00  16 45 09.6  -11 40 12  +005331.9 -001115.8  21 17 31.1  136.751 21.480  42.71  11664 13.8
2010-04-19  22:20:00  17 55 21.5  -15 18 57  +007430.0 -001497.0  20 17 20.8  125.882 10.598  59.46  10284 13.7

   Date        UTC        RA         DECL      RARate   DeclRate    HourAng      Az     Um    Phase  Range  Mag
2010-04-20  18:00:00  09 46 20.7  -10 34 24  +000939.3 +000268.0  00 09 35.5  182.811 32.989  60.58  26348 15.8
2010-04-20  18:10:00  09 56 28.4  -09 51 57  +000885.8 +000242.1  00 09 29.4  182.810 33.697  58.20  27067 15.8
2010-04-20  18:20:00  10 06 03.9  -09 13 29  +000842.2 +000220.1  00 09 55.5  182.966 34.334  55.96  27699 15.8
2010-04-20  18:30:00  10 15 13.2  -08 38 26  +000806.9 +000201.0  00 10 47.8  183.255 34.909  53.80  28248 15.8
2010-04-20  18:40:00  10 24 01.3  -08 06 20  +000778.4 +000184.4  00 12 01.4  183.653 35.431  51.74  28714 15.8
2010-04-20  18:50:00  10 32 32.4  -07 36 51  +000755.7 +000169.7  00 13 32.0  184.141 35.904  49.73  29100 15.8
2010-04-20  19:00:00  10 40 50.1  -07 09 40  +000738.2 +000156.7  00 15 15.9  184.702 36.333  47.78  29406 15.8
2010-04-20  19:10:00  10 48 57.7  -06 44 34  +000725.2 +000144.8  00 17 09.9  185.319 36.722  45.86  29633 15.8
2010-04-20  19:20:00  10 56 58.1  -06 21 20  +000716.4 +000134.0  00 19 11.2  185.979 37.074  43.98  29783 15.8
2010-04-20  19:30:00  11 04 53.9  -05 59 51  +000711.6 +000124.0  00 21 17.1  186.666 37.392  42.11  29855 15.8
2010-04-20  19:40:00  11 12 47.7  -05 39 58  +000710.5 +000114.6  00 23 24.9  187.367 37.677  40.26  29849 15.8
2010-04-20  19:50:00  11 20 42.0  -05 21 37  +000713.2 +000105.6  00 25 32.2  188.069 37.932  38.39  29766 15.7
2010-04-20  20:00:00  11 28 39.4  -05 04 45  +000719.7 +000096.9  00 27 36.4  188.756 38.160  36.53  29605 15.7
2010-04-20  20:10:00  11 36 42.5  -04 49 19  +000730.2 +000088.2  00 29 35.0  189.415 38.362  34.64  29366 15.7
2010-04-20  20:20:00  11 44 54.0  -04 35 21  +000745.1 +000079.4  00 31 25.2  190.030 38.539  32.73  29046 15.6
2010-04-20  20:30:00  11 53 17.0  -04 22 52  +000764.7 +000070.3  00 33 03.9  190.583 38.695  30.77  28646 15.6
2010-04-20  20:40:00  12 01 54.7  -04 11 56  +000789.7 +000060.7  00 34 27.7  191.057 38.831  28.77  28164 15.5
2010-04-20  20:50:00  12 10 51.2  -04 02 41  +000820.9 +000050.2  00 35 32.9  191.428 38.947  26.69  27598 15.5
2010-04-20  21:00:00  12 20 10.9  -03 55 16  +000859.6 +000038.4  00 36 14.8  191.673 39.045  24.54  26944 15.4
2010-04-20  21:10:00  12 29 59.2  -03 49 58  +000907.2 +000025.0  00 36 28.1  191.759 39.125  22.28  26202 15.3
2010-04-20  21:20:00  12 40 22.8  -03 47 05  +000965.8 +000009.1  00 36 06.2  191.651 39.185  19.93  25368 15.2
2010-04-20  21:30:00  12 51 30.1  -03 47 08  +001038.5 -000010.2  00 35 00.6  191.303 39.222  17.44  24438 15.1
2010-04-20  21:40:00  13 03 31.5  -03 50 46  +001129.5 -000034.2  00 33 00.8  190.655 39.227  14.83  23409 15.0
2010-04-20  21:50:00  13 16 41.3  -03 58 55  +001244.7 -000065.0  00 29 52.7  189.632 39.188  12.11  22276 14.9
2010-04-20  22:00:00  13 31 18.4  -04 12 58  +001393.4 -000105.5  00 25 17.2  188.132 39.077   9.43  21036 14.8
2010-04-20  22:10:00  13 47 49.4  -04 34 55  +001589.5 -000160.8  00 18 47.8  186.019 38.850   7.32  19684 14.6
2010-04-20  22:20:00  14 06 52.9  -05 07 48  +001855.4 -000238.5  00 09 46.0  183.105 38.427   7.28  18219 14.5
2010-04-20  22:30:00  14 29 26.7  -05 56 23  +002229.2 -000352.0  23 57 13.8  179.130 37.659  10.40  16641 14.3
2010-04-20  22:40:00  14 57 03.1  -07 08 22  +002777.5 -000523.6  23 39 39.1  173.735 36.271  16.09  14957 14.1
2010-04-20  22:50:00  15 32 14.5  -08 56 10  +003622.5 -000789.8  23 14 29.3  166.446 33.739  24.20  13195 13.8
2010-04-20  23:00:00  16 19 27.1  -11 39 35  +004991.1 -001198.6  22 37 18.4  156.702 29.050  35.45  11421 13.6
2010-04-20  23:10:00  17 26 24.1  -15 43 20  +007242.4 -001733.5  21 40 23.0  144.015 20.378  51.48   9797 13.5

   Date        UTC        RA         DECL      RARate   DeclRate    HourAng      Az     Um    Phase  Range  Mag
2010-04-21  18:00:00  08 29 33.3  -15 33 55  +001585.0 +000501.1  01 30 19.4  204.043 24.779  79.21  21410 15.8
2010-04-21  18:10:00  08 46 04.6  -14 16 07  +001397.0 +000434.7  01 23 49.8  202.782 26.467  75.48  22586 15.8
2010-04-21  18:20:00  09 00 45.7  -13 08 18  +001252.1 +000380.9  01 19 10.3  201.900 27.861  72.14  23671 15.8
2010-04-21  18:30:00  09 14 01.3  -12 08 37  +001138.5 +000336.8  01 15 56.4  201.329 29.027  69.09  24665 15.8
2010-04-21  18:40:00  09 26 09.0  -11 15 36  +001047.9 +000300.3  01 13 50.3  201.016 30.012  66.29  25571 15.9
2010-04-21  18:50:00  09 37 22.4  -10 28 10  +000974.9 +000269.8  01 12 38.5  200.916 30.851  63.68  26388 15.9
2010-04-21  19:00:00  09 47 52.0  -09 45 25  +000915.7 +000243.9  01 12 10.6  200.995 31.569  61.24  27121 15.9
2010-04-21  19:10:00  09 57 45.8  -09 06 40  +000867.3 +000221.7  01 12 18.4  201.224 32.186  58.92  27769 15.9
2010-04-21  19:20:00  10 07 10.4  -08 31 20  +000827.9 +000202.6  01 12 55.4  201.576 32.717  56.72  28335 15.9
2010-04-21  19:30:00  10 16 11.3  -07 59 00  +000795.8 +000185.8  01 13 56.2  202.030 33.173  54.60  28820 15.9
2010-04-21  19:40:00  10 24 53.0  -07 29 18  +000770.0 +000171.0  01 15 16.2  202.568 33.563  52.57  29226 15.9
2010-04-21  19:50:00  10 33 19.2  -07 01 55  +000749.6 +000157.8  01 16 51.5  203.173 33.896  50.58  29553 15.9
2010-04-21  20:00:00  10 41 33.5  -06 36 38  +000734.0 +000145.8  01 18 38.9  203.829 34.178  48.66  29801 15.9
2010-04-21  20:10:00  10 49 38.8  -06 13 15  +000722.7 +000134.9  01 20 35.2  204.522 34.414  46.75  29973 15.9
2010-04-21  20:20:00  10 57 38.0  -05 51 37  +000715.4 +000124.8  01 22 37.8  205.239 34.611  44.88  30067 15.9
2010-04-21  20:30:00  11 05 33.5  -05 31 37  +000711.9 +000115.3  01 24 43.9  205.967 34.772  43.02  30084 15.8
2010-04-21  20:40:00  11 13 28.0  -05 13 10  +000712.2 +000106.2  01 26 51.0  206.694 34.903  41.17  30024 15.8
2010-04-21  20:50:00  11 21 23.9  -04 56 13  +000716.2 +000097.4  01 28 56.8  207.407 35.007  39.30  29885 15.8
2010-04-21  21:00:00  11 29 23.7  -04 40 42  +000724.0 +000088.7  01 30 58.6  208.093 35.089  37.44  29668 15.7
2010-04-21  21:10:00  11 37 30.1  -04 26 39  +000736.0 +000079.9  01 32 53.8  208.740 35.152  35.54  29371 15.7
2010-04-21  21:20:00  11 45 46.0  -04 14 04  +000752.4 +000070.9  01 34 39.6  209.332 35.202  33.61  28992 15.6
2010-04-21  21:30:00  11 54 14.5  -04 03 03  +000773.9 +000061.3  01 36 12.7  209.855 35.243  31.63  28530 15.6
2010-04-21  21:40:00  12 02 59.1  -03 53 41  +000801.0 +000050.9  01 37 29.8  210.289 35.278  29.61  27984 15.5
2010-04-21  21:50:00  12 12 03.9  -03 46 09  +000834.8 +000039.4  01 38 26.6  210.614 35.313  27.50  27349 15.5
2010-04-21  22:00:00  12 21 33.8  -03 40 40  +000876.5 +000026.1  01 38 58.3  210.805 35.352  25.31  26624 15.4
2010-04-21  22:10:00  12 31 34.7  -03 37 34  +000928.1 +000010.7  01 38 59.0  210.831 35.399  23.01  25805 15.3
2010-04-21  22:20:00  12 42 14.0  -03 37 18  +000992.1 -000008.0  01 38 21.4  210.653 35.459  20.60  24888 15.2
2010-04-21  22:30:00  12 53 40.9  -03 40 29  +001071.9 -000031.2  01 36 56.1  210.222 35.533  18.03  23869 15.1
2010-04-21  22:40:00  13 06 07.7  -03 48 03  +001172.7 -000060.8  01 34 31.0  209.472 35.622  15.31  22743 15.0
2010-04-21  22:50:00  13 19 50.8  -04 01 16  +001302.3 -000099.7  01 30 49.5  208.313 35.722  12.45  21504 14.8
2010-04-21  23:00:00  13 35 12.9  -04 22 03  +001472.4 -000152.7  01 25 29.1  206.622 35.819   9.59  20147 14.7
2010-04-21  23:10:00  13 52 47.0  -04 53 22  +001702.2 -000227.4  01 17 56.6  204.217 35.878   7.31  18666 14.5
2010-04-21  23:20:00  14 13 22.5  -05 39 46  +002024.0 -000337.0  01 07 22.8  200.835 35.830   7.41  17057 14.3
2010-04-21  23:30:00  14 38 18.2  -06 48 53  +002496.0 -000505.0  00 52 28.7  196.076 35.520  11.17  15321 14.1
2010-04-21  23:40:00  15 09 47.2  -08 33 39  +003229.8 -000774.2  00 31 01.4  189.331 34.606  17.91  13470 13.9
2010-04-21  23:50:00  15 51 50.7  -11 16 35  +004453.6 -001218.3  23 58 59.6  179.708 32.326  27.78  11545 13.6
2010-04-22  00:00:00  16 52 13.2  -15 33 56  +006632.9 -001911.1  23 08 38.7  166.104 26.964  42.26   9668 13.4
2010-04-22  00:10:00  18 25 15.2  -21 53 60  +010406.6 -002556.3  21 45 38.3  147.856 15.244  64.09   8153 13.3

   Date        UTC        RA         DECL      RARate   DeclRate    HourAng      Az     Um    Phase  Range  Mag
2010-04-22  18:30:00  07 35 29.5  -18 24 48  +002277.0 +000652.1  02 58 24.7  223.299 13.719  92.10  19131 15.9
2010-04-22  18:40:00  07 58 43.1  -16 43 49  +001921.8 +000562.1  02 45 12.7  221.300 16.720  87.09  20455 15.9
2010-04-22  18:50:00  08 18 32.6  -15 16 35  +001658.8 +000487.2  02 35 24.8  219.825 19.105  82.70  21705 15.9
2010-04-22  19:00:00  08 35 49.9  -14 00 40  +001459.7 +000425.5  02 28 09.3  218.765 21.027  78.83  22870 15.9
2010-04-22  19:10:00  08 51 09.5  -12 54 07  +001305.3 +000374.7  02 22 51.3  218.045 22.590  75.35  23953 15.9
2010-04-22  19:20:00  09 04 57.7  -11 55 17  +001183.7 +000332.5  02 19 04.8  217.603 23.873  72.20  24950 15.9
2010-04-22  19:30:00  09 17 33.3  -11 02 53  +001086.6 +000297.3  02 16 30.8  217.390 24.931  69.30  25862 15.9
2010-04-22  19:40:00  09 29 10.6  -10 15 53  +001008.1 +000267.6  02 14 55.1  217.367 25.807  66.61  26690 16.0
2010-04-22  19:50:00  09 40 00.7  -09 33 27  +000944.2 +000242.3  02 14 06.7  217.502 26.532  64.09  27435 16.0
2010-04-22  20:00:00  09 50 12.1  -08 54 55  +000891.8 +000220.5  02 13 56.9  217.768 27.130  61.72  28098 16.0
2010-04-22  20:10:00  09 59 52.0  -08 19 47  +000848.9 +000201.6  02 14 18.7  218.142 27.620  59.46  28680 16.0
2010-04-22  20:20:00  10 09 05.8  -07 47 36  +000813.8 +000185.0  02 15 06.5  218.606 28.019  57.31  29183 16.0
2010-04-22  20:30:00  10 17 58.5  -07 18 01  +000785.2 +000170.3  02 16 15.4  219.141 28.338  55.23  29608 16.0
2010-04-22  20:40:00  10 26 34.0  -06 50 44  +000762.3 +000157.2  02 17 41.5  219.732 28.588  53.23  29954 16.0
2010-04-22  20:50:00  10 34 56.0  -06 25 33  +000744.3 +000145.3  02 19 21.2  220.367 28.780  51.26  30224 16.0
2010-04-22  21:00:00  10 43 07.4  -06 02 15  +000730.8 +000134.4  02 21 11.4  221.032 28.919  49.35  30416 15.9
2010-04-22  21:10:00  10 51 11.2  -05 40 42  +000721.3 +000124.3  02 23 09.3  221.716 29.015  47.45  30532 15.9
2010-04-22  21:20:00  10 59 10.0  -05 20 47  +000715.7 +000114.8  02 25 12.1  222.409 29.072  45.59  30570 15.9
2010-04-22  21:30:00  11 07 06.3  -05 02 24  +000713.8 +000105.8  02 27 17.5  223.099 29.098  43.73  30532 15.9
2010-04-22  21:40:00  11 15 02.6  -04 45 30  +000715.6 +000097.1  02 29 22.8  223.776 29.098  41.88  30415 15.8
2010-04-22  21:50:00  11 23 01.2  -04 30 02  +000721.1 +000088.5  02 31 25.8  224.431 29.078  40.00  30219 15.8
2010-04-22  22:00:00  11 31 04.8  -04 16 01  +000730.5 +000079.8  02 33 23.9  225.051 29.044  38.13  29944 15.8
2010-04-22  22:10:00  11 39 16.1  -04 03 27  +000744.0 +000070.9  02 35 14.3  225.625 29.000  36.21  29586 15.7
2010-04-22  22:20:00  11 47 37.9  -03 52 25  +000762.2 +000061.5  02 36 54.1  226.142 28.954  34.27  29145 15.7
2010-04-22  22:30:00  11 56 13.5  -03 43 01  +000785.6 +000051.3  02 38 20.1  226.585 28.911  32.27  28619 15.6
2010-04-22  22:40:00  12 05 06.6  -03 35 22  +000815.0 +000040.1  02 39 28.7  226.939 28.877  30.21  28004 15.5
2010-04-22  22:50:00  12 14 21.6  -03 29 44  +000851.5 +000027.4  02 40 15.3  227.185 28.861  28.06  27297 15.5
2010-04-22  23:00:00  12 24 03.8  -03 26 22  +000896.6 +000012.5  02 40 34.8  227.297 28.868  25.83  26495 15.4
2010-04-22  23:10:00  12 34 19.5  -03 25 44  +000952.5 -000005.3  02 40 20.7  227.246 28.906  23.48  25594 15.3
2010-04-22  23:20:00  12 45 16.7  -03 28 23  +001022.0 -000027.3  02 39 25.1  226.992 28.986  20.99  24589 15.2
2010-04-22  23:30:00  12 57 06.0  -03 35 09  +001109.5 -000055.2  02 37 37.5  226.485 29.113  18.33  23474 15.1
2010-04-22  23:40:00  13 10 01.2  -03 47 16  +001221.1 -000091.7  02 34 43.9  225.652 29.297  15.51  22242 14.9
2010-04-22  23:50:00  13 24 21.4  -04 06 27  +001366.4 -000141.1  02 30 25.3  224.397 29.544  12.50  20888 14.8
2010-04-23  00:00:00  13 40 33.7  -04 35 24  +001560.8 -000210.5  02 24 14.7  222.573 29.853   9.48  19402 14.6
2010-04-23  00:10:00  13 59 18.7  -05 18 22  +001830.1 -000312.0  02 15 31.4  219.963 30.207   7.15  17778 14.4
2010-04-23  00:20:00  14 21 40.1  -06 22 24  +002220.6 -000468.2  02 03 11.6  216.221 30.554   7.72  16009 14.2
2010-04-23  00:30:00  14 49 25.2  -07 59 45  +002822.7 -000721.9  01 45 28.1  210.778 30.742  12.42  14096 13.9
2010-04-23  00:40:00  15 25 50.8  -10 32 60  +003828.9 -001158.2  01 19 04.2  202.664 30.362  20.55  12057 13.6
2010-04-23  00:50:00  16 17 34.6  -14 44 27  +005689.4 -001928.3  00 37 22.0  190.269 28.285  32.93   9964 13.3
2010-04-23  01:00:00  17 39 05.3  -21 37 60  +009421.5 -003052.2  23 25 53.0  171.477 21.532  52.37   8050 13.1

   Date        UTC        RA         DECL      RARate   DeclRate    HourAng      Az     Um    Phase  Range  Mag
2010-04-23  19:40:00  08 09 33.8  -14 50 45  +001711.9 +000467.1  03 38 28.4  233.555 11.563  85.75  22214 16.0
2010-04-23  19:50:00  08 27 23.8  -13 37 44  +001506.6 +000410.8  03 30 40.1  232.671 13.641  81.77  23376 16.0
2010-04-23  20:00:00  08 43 12.8  -12 33 18  +001346.7 +000363.7  03 24 52.7  232.087 15.320  78.20  24459 16.0
2010-04-23  20:10:00  08 57 26.9  -11 36 05  +001220.1 +000324.1  03 20 40.3  231.748 16.684  74.95  25460 16.0
2010-04-23  20:20:00  09 10 25.3  -10 44 56  +001118.6 +000290.7  03 17 43.5  231.609 17.794  71.97  26379 16.0
2010-04-23  20:30:00  09 22 22.7  -09 58 54  +001036.3 +000262.3  03 15 47.8  231.636 18.696  69.21  27217 16.0
2010-04-23  20:40:00  09 33 30.5  -09 17 16  +000969.0 +000237.9  03 14 41.6  231.799 19.425  66.64  27974 16.1
2010-04-23  20:50:00  09 43 57.5  -08 39 25  +000913.8 +000216.9  03 14 16.2  232.075 20.009  64.21  28651 16.1
2010-04-23  21:00:00  09 53 51.0  -08 04 50  +000868.2 +000198.5  03 14 24.4  232.443 20.472  61.91  29248 16.1
2010-04-23  21:10:00  10 03 17.0  -07 33 07  +000830.7 +000182.4  03 15 00.1  232.887 20.830  59.71  29768 16.1
2010-04-23  21:20:00  10 12 20.2  -07 03 57  +000800.0 +000168.0  03 15 58.5  233.391 21.100  57.60  30210 16.1
2010-04-23  21:30:00  10 21 04.9  -06 37 02  +000775.1 +000155.1  03 17 15.4  233.943 21.294  55.55  30575 16.0
2010-04-23  21:40:00  10 29 34.7  -06 12 11  +000755.2 +000143.4  03 18 47.2  234.531 21.422  53.57  30863 16.0
2010-04-23  21:50:00  10 37 52.9  -05 49 11  +000739.9 +000132.7  03 20 30.7  235.144 21.495  51.62  31075 16.0
2010-04-23  22:00:00  10 46 02.2  -05 27 54  +000728.7 +000122.8  03 22 23.1  235.773 21.520  49.72  31211 16.0
2010-04-23  22:10:00  10 54 05.3  -05 08 13  +000721.3 +000113.5  03 24 21.6  236.408 21.506  47.84  31269 16.0
2010-04-23  22:20:00  11 02 04.8  -04 50 02  +000717.7 +000104.6  03 26 23.7  237.041 21.459  45.98  31251 15.9
2010-04-23  22:30:00  11 10 03.0  -04 33 20  +000717.6 +000096.0  03 28 27.2  237.663 21.387  44.11  31155 15.9
2010-04-23  22:40:00  11 18 02.4  -04 18 02  +000721.1 +000087.6  03 30 29.4  238.265 21.296  42.25  30979 15.9
2010-04-23  22:50:00  11 26 05.3  -04 04 09  +000728.4 +000079.1  03 32 28.2  238.839 21.192  40.37  30724 15.8
2010-04-23  23:00:00  11 34 14.4  -03 51 42  +000739.6 +000070.3  03 34 20.7  239.375 21.081  38.47  30387 15.8
2010-04-23  23:10:00  11 42 32.3  -03 40 44  +000755.0 +000061.2  03 36 04.4  239.862 20.971  36.53  29966 15.7
2010-04-23  23:20:00  11 51 02.1  -03 31 20  +000775.3 +000051.4  03 37 36.3  240.290 20.867  34.57  29459 15.7
2010-04-23  23:30:00  11 59 47.2  -03 23 39  +000801.0 +000040.6  03 38 52.8  240.645 20.778  32.53  28863 15.6
2010-04-23  23:40:00  12 08 51.5  -03 17 53  +000833.1 +000028.4  03 39 50.2  240.910 20.711  30.43  28176 15.5
2010-04-23  23:50:00  12 18 19.7  -03 14 17  +000872.8 +000014.3  03 40 23.6  241.067 20.675  28.24  27392 15.5
2010-04-24  00:00:00  12 28 17.3  -03 13 16  +000922.0 -000002.5  03 40 27.6  241.093 20.678  25.96  26509 15.4
2010-04-24  00:10:00  12 38 51.5  -03 15 21  +000982.9 -000023.1  03 39 55.1  240.955 20.732  23.53  25519 15.3
2010-04-24  00:20:00  12 50 11.1  -03 21 17  +001059.0 -000049.1  03 38 37.2  240.614 20.849  20.97  24419 15.2
2010-04-24  00:30:00  13 02 27.8  -03 32 08  +001155.4 -000082.7  03 36 22.1  240.017 21.042  18.21  23201 15.0
2010-04-24  00:40:00  13 15 57.6  -03 49 30  +001279.6 -000127.9  03 32 54.0  239.087 21.325  15.27  21856 14.9
2010-04-24  00:50:00  13 31 02.5  -04 15 45  +001443.6 -000190.8  03 27 50.6  237.715 21.713  12.13  20376 14.7
2010-04-24  01:00:00  13 48 15.2  -04 54 38  +001667.1 -000282.0  03 20 39.6  235.736 22.220   9.01  18751 14.5
2010-04-24  01:10:00  14 08 25.8  -05 52 23  +001985.3 -000421.4  03 10 30.6  232.888 22.846   6.92  16969 14.3
2010-04-24  01:20:00  14 32 57.2  -07 19 52  +002465.2 -000647.3  02 56 00.9  228.733 23.554   8.55  15024 14.1
2010-04-24  01:30:00  15 04 18.4  -09 37 15  +003249.7 -001039.8  02 34 41.4  222.486 24.195  14.60  12915 13.7
2010-04-24  01:40:00  15 47 29.5  -13 24 58  +004685.1 -001772.1  02 01 31.9  212.655 24.248  24.66  10676 13.4
2010-04-24  01:50:00  16 54 07.8  -20 03 20  +007726.6 -003133.0  01 04 55.3  196.443 21.943  40.81   8444 13.0

   Date        UTC        RA         DECL      RARate   DeclRate    HourAng      Az     Um    Phase  Range  Mag
2010-04-24  21:20:00  09 17 23.7  -09 39 01  +001058.1 +000255.0  04 14 51.5  243.967 10.352  71.39  27917 16.2
2010-04-24  21:30:00  09 28 45.3  -08 58 29  +000988.9 +000231.8  04 13 31.6  244.138 11.084  68.76  28686 16.2
2010-04-24  21:40:00  09 39 25.0  -08 21 33  +000931.8 +000211.7  04 12 53.5  244.409 11.661  66.30  29376 16.2
2010-04-24  21:50:00  09 49 30.0  -07 47 47  +000884.6 +000194.0  04 12 50.2  244.760 12.107  63.95  29989 16.2
2010-04-24  22:00:00  09 59 06.2  -07 16 46  +000845.5 +000178.4  04 13 15.6  245.176 12.443  61.72  30524 16.2
2010-04-24  22:10:00  10 08 18.8  -06 48 13  +000813.3 +000164.5  04 14 04.6  245.645 12.683  59.57  30982 16.1
2010-04-24  22:20:00  10 17 12.0  -06 21 52  +000787.0 +000152.0  04 15 13.1  246.156 12.843  57.51  31364 16.1
2010-04-24  22:30:00  10 25 49.3  -05 57 30  +000765.8 +000140.6  04 16 37.4  246.697 12.935  55.49  31669 16.1
2010-04-24  22:40:00  10 34 14.1  -05 34 56  +000749.2 +000130.2  04 18 14.3  247.261 12.968  53.53  31899 16.1
2010-04-24  22:50:00  10 42 29.2  -05 14 03  +000736.7 +000120.5  04 20 00.8  247.838 12.953  51.60  32053 16.1
2010-04-24  23:00:00  10 50 37.2  -04 54 44  +000728.1 +000111.4  04 21 54.4  248.421 12.896  49.71  32130 16.1
2010-04-24  23:10:00  10 58 40.7  -04 36 54  +000723.1 +000102.7  04 23 52.6  249.002 12.807  47.82  32130 16.0
2010-04-24  23:20:00  11 06 42.1  -04 20 28  +000721.6 +000094.4  04 25 52.9  249.574 12.693  45.96  32052 16.0
2010-04-24  23:30:00  11 14 43.6  -04 05 26  +000723.6 +000086.1  04 27 53.0  250.130 12.559  44.08  31895 16.0
2010-04-24  23:40:00  11 22 47.7  -03 51 47  +000729.2 +000077.8  04 29 50.6  250.661 12.414  42.21  31658 15.9
2010-04-24  23:50:00  11 30 56.7  -03 39 30  +000738.6 +000069.4  04 31 43.2  251.161 12.263  40.31  31340 15.9
2010-04-25  00:00:00  11 39 13.3  -03 28 40  +000752.0 +000060.6  04 33 28.2  251.620 12.113  38.39  30938 15.8
2010-04-25  00:10:00  11 47 40.3  -03 19 21  +000769.8 +000051.1  04 35 02.8  252.028 11.972  36.42  30449 15.8
2010-04-25  00:20:00  11 56 20.9  -03 11 41  +000792.7 +000040.8  04 36 23.9  252.373 11.847  34.42  29872 15.7
2010-04-25  00:30:00  12 05 18.5  -03 05 50  +000821.4 +000029.2  04 37 27.9  252.644 11.745  32.34  29203 15.6
2010-04-25  00:40:00  12 14 37.5  -03 02 03  +000856.9 +000015.8  04 38 10.6  252.822 11.675  30.19  28438 15.6
2010-04-25  00:50:00  12 24 22.9  -03 00 42  +000900.8 +000000.0  04 38 26.8  252.889 11.647  27.94  27572 15.5
2010-04-25  01:00:00  12 34 40.8  -03 02 14  +000955.0 -000019.1  04 38 10.6  252.820 11.673  25.59  26601 15.4
2010-04-25  01:10:00  12 45 39.0  -03 07 20  +001022.3 -000043.1  04 37 14.0  252.582 11.764  23.08  25518 15.3
2010-04-25  01:20:00  12 57 27.6  -03 16 58  +001106.8 -000073.8  04 35 27.1  252.132 11.936  20.42  24317 15.2
2010-04-25  01:30:00  13 10 19.8  -03 32 31  +001214.6 -000114.7  04 32 36.5  251.411 12.206  17.55  22988 15.0
2010-04-25  01:40:00  13 24 34.0  -03 56 03  +001354.9 -000170.9  04 28 23.9  250.334 12.594  14.49  21522 14.9
2010-04-25  01:50:00  13 40 36.5  -04 30 50  +001542.8 -000251.6  04 22 23.1  248.777 13.124  11.24  19907 14.7

   Date        UTC        RA         DECL      RARate   DeclRate    HourAng      Az     Um    Phase  Range  Mag
2010-04-25  18:00:00  14 17 17.2  -03 26 08  +001525.0 -000092.2  19 58 21.8  114.647 17.250   9.96  23075 15.0
2010-04-25  18:10:00  14 35 18.7  -03 45 00  +001728.2 -000136.0  19 50 21.9  113.240 15.746  11.11  21856 14.9
2010-04-25  18:20:00  14 55 54.6  -04 12 16  +001991.5 -000194.1  19 39 47.6  111.445 13.711  14.06  20561 14.8
2010-04-25  18:30:00  15 19 52.4  -04 50 50  +002339.0 -000272.7  19 25 51.5  109.166 10.968  18.64  19201 14.6

   Date        UTC        RA         DECL      RARate   DeclRate    HourAng      Az     Um    Phase  Range  Mag
2010-04-26  18:10:00  13 15 38.7  -03 01 29  +001028.2 +000006.2  21 13 58.4  131.130 28.525  18.37  26485 15.3
2010-04-26  18:20:00  13 27 30.1  -03 01 53  +001108.8 -000011.6  21 12 08.7  130.692 28.280  16.08  25605 15.2
2010-04-26  18:30:00  13 40 21.2  -03 05 35  +001208.2 -000033.4  21 09 19.2  130.049 27.857  13.81  24638 15.1
2010-04-26  18:40:00  13 54 26.3  -03 13 20  +001331.9 -000060.6  21 05 15.7  129.159 27.209  11.77  23586 15.0
2010-04-26  18:50:00  14 10 04.1  -03 26 12  +001488.0 -000095.4  20 59 39.6  127.971 26.273  10.34  22447 14.9
2010-04-26  19:00:00  14 27 39.9  -03 45 43  +001688.0 -000140.8  20 52 05.5  126.421 24.962  10.28  21223 14.8
2010-04-26  19:10:00  14 47 48.2  -04 13 59  +001949.3 -000201.6  20 41 58.8  124.430 23.152  12.20  19916 14.7
2010-04-26  19:20:00  15 11 17.9  -04 54 07  +002297.6 -000284.4  20 28 30.7  121.898 20.663  16.10  18537 14.5
2010-04-26  19:30:00  15 39 19.3  -05 50 33  +002772.6 -000399.2  20 10 31.0  118.697 17.230  21.83  17100 14.4
2010-04-26  19:40:00  16 13 35.2  -07 09 38  +003433.3 -000558.3  19 46 16.7  114.656 12.463  29.47  15639 14.3

   Date        UTC        RA         DECL      RARate   DeclRate    HourAng      Az     Um    Phase  Range  Mag
2010-04-27  18:10:00  12 19 41.7  -03 31 56  +000781.6 +000066.4  22 13 52.0  147.097 34.836  31.48  29135 15.6
2010-04-27  18:20:00  12 28 31.7  -03 21 40  +000809.3 +000056.7  22 15 03.7  147.356 35.106  29.51  28680 15.6
2010-04-27  18:30:00  12 37 42.2  -03 13 05  +000843.4 +000046.3  22 15 54.8  147.533 35.318  27.47  28144 15.5
2010-04-27  18:40:00  12 47 17.9  -03 06 19  +000885.1 +000034.7  22 16 20.7  147.605 35.463  25.38  27527 15.5
2010-04-27  18:50:00  12 57 24.3  -03 01 36  +000935.9 +000021.6  22 16 16.0  147.546 35.528  23.19  26827 15.4
2010-04-27  19:00:00  13 08 08.2  -02 59 14  +000997.9 +000006.3  22 15 33.7  147.328 35.500  20.92  26042 15.3
2010-04-27  19:10:00  13 19 38.0  -02 59 39  +001074.1 -000011.9  22 14 05.6  146.914 35.356  18.57  25170 15.2
2010-04-27  19:20:00  13 32 04.2  -03 03 25  +001168.1 -000034.1  22 11 41.0  146.262 35.069  16.16  24209 15.1
2010-04-27  19:30:00  13 45 40.5  -03 11 19  +001285.6 -000061.8  22 08 06.3  145.321 34.601  13.77  23159 15.0
2010-04-27  19:40:00  14 00 45.2  -03 24 27  +001434.5 -000097.4  22 03 03.3  144.029 33.896  11.64  22016 14.9
2010-04-27  19:50:00  14 17 42.6  -03 44 25  +001626.5 -000144.2  21 56 07.5  142.309 32.878  10.27  20782 14.8
2010-04-27  20:00:00  14 37 07.0  -04 13 26  +001879.0 -000207.3  21 46 44.8  140.067 31.428  10.61  19458 14.6
2010-04-27  20:10:00  14 59 47.0  -04 54 49  +002219.1 -000294.2  21 34 06.4  137.184 29.374  13.29  18050 14.5
2010-04-27  20:20:00  15 26 54.4  -05 53 31  +002689.9 -000416.8  21 17 00.7  133.517 26.448  18.25  16570 14.3
2010-04-27  20:30:00  16 00 16.8  -07 16 36  +003358.8 -000590.4  20 53 39.9  128.883 22.238  25.41  15049 14.1
2010-04-27  20:40:00  16 42 38.4  -09 14 04  +004328.0 -000831.1  20 21 19.9  123.055 16.109  35.09  13543 14.0

   Date        UTC        RA         DECL      RARate   DeclRate    HourAng      Az     Um    Phase  Range  Mag
2010-04-28  18:10:00  11 31 43.1  -04 44 12  +000713.1 +000114.0  23 05 47.2  162.886 37.471  43.43  29857 15.8
2010-04-28  18:20:00  11 39 39.2  -04 25 60  +000715.9 +000104.5  23 07 52.7  163.455 37.873  41.63  29813 15.8
2010-04-28  18:30:00  11 47 38.4  -04 09 22  +000722.4 +000095.2  23 09 55.1  164.020 38.243  39.81  29691 15.8
2010-04-28  18:40:00  11 55 43.3  -03 54 15  +000732.9 +000086.1  23 11 51.9  164.569 38.581  37.98  29491 15.7
2010-04-28  18:50:00  12 03 56.6  -03 40 40  +000747.7 +000077.0  23 13 40.3  165.084 38.886  36.11  29214 15.7
2010-04-28  19:00:00  12 12 21.2  -03 28 36  +000767.1 +000067.6  23 15 17.3  165.550 39.154  34.22  28858 15.6
2010-04-28  19:10:00  12 21 00.5  -03 18 09  +000791.8 +000057.8  23 16 39.6  165.947 39.384  32.27  28421 15.6
2010-04-28  19:20:00  12 29 58.3  -03 09 24  +000822.6 +000047.1  23 17 43.4  166.256 39.572  30.27  27904 15.5
2010-04-28  19:30:00  12 39 18.9  -03 02 30  +000860.5 +000035.4  23 18 24.5  166.450 39.713  28.19  27303 15.5
2010-04-28  19:40:00  12 49 07.6  -02 57 41  +000907.0 +000022.2  23 18 37.5  166.502 39.801  26.04  26618 15.4
2010-04-28  19:50:00  12 59 30.5  -02 55 14  +000963.9 +000006.8  23 18 16.2  166.380 39.827  23.79  25846 15.3
2010-04-28  20:00:00  13 10 35.6  -02 55 35  +001033.9 -000011.5  23 17 12.7  166.042 39.778  21.44  24984 15.2
2010-04-28  20:10:00  13 22 32.6  -02 59 18  +001120.6 -000033.8  23 15 17.3  165.441 39.635  18.96  24030 15.1
2010-04-28  20:20:00  13 35 34.5  -03 07 10  +001229.2 -000061.8  23 12 17.2  164.516 39.372  16.42  22982 15.0
2010-04-28  20:30:00  13 49 57.9  -03 20 20  +001367.2 -000097.7  23 07 55.3  163.191 38.948  13.86  21837 14.9
2010-04-28  20:40:00  14 06 06.1  -03 40 22  +001545.6 -000145.1  23 01 48.8  161.373 38.301  11.56  20592 14.7
2010-04-28  20:50:00  14 24 31.3  -04 09 38  +001781.7 -000209.4  22 53 25.2  158.942 37.335  10.16  19248 14.6
2010-04-28  21:00:00  14 46 00.1  -04 51 35  +002102.2 -000299.2  22 41 58.1  155.747 35.900  10.86  17807 14.4
2010-04-28  21:10:00  15 11 42.3  -05 51 30  +002551.5 -000427.8  22 26 17.6  151.597 33.751  14.39  16279 14.2
2010-04-28  21:20:00  15 43 26.1  -07 17 26  +003203.3 -000615.5  22 04 35.3  146.260 30.482  20.63  14684 14.1
2010-04-28  21:30:00  16 24 04.3  -09 21 23  +004180.5 -000888.0  21 33 58.8  139.466 25.420  29.67  13072 13.9
2010-04-28  21:40:00  17 18 11.6  -12 18 40  +005664.7 -001251.5  20 49 53.2  130.923 17.491  42.25  11545 13.7

   Date        UTC        RA         DECL      RARate   DeclRate    HourAng      Az     Um    Phase  Range  Mag
2010-04-29  18:10:00  10 43 28.9  -06 40 07  +000772.7 +000177.3  23 57 57.9  179.368 36.932  55.53  28679 15.9
2010-04-29  18:20:00  10 51 56.8  -06 11 50  +000751.8 +000162.5  23 59 31.6  179.852 37.405  53.60  29048 15.9
2010-04-29  18:30:00  11 00 12.5  -05 45 52  +000735.9 +000149.2  00 01 17.6  180.407 37.837  51.71  29338 15.9
2010-04-29  18:40:00  11 08 19.0  -05 22 01  +000724.4 +000137.2  00 03 12.7  181.018 38.231  49.87  29549 15.9
2010-04-29  18:50:00  11 16 19.2  -05 00 05  +000717.0 +000126.1  00 05 14.1  181.668 38.588  48.04  29682 15.9
2010-04-29  19:00:00  11 24 15.9  -04 39 57  +000713.5 +000115.7  00 07 19.1  182.344 38.911  46.23  29737 15.8
2010-04-29  19:10:00  11 32 11.4  -04 21 29  +000713.7 +000105.9  00 09 25.3  183.031 39.202  44.42  29716 15.8
2010-04-29  19:20:00  11 40 08.4  -04 04 37  +000717.8 +000096.5  00 11 29.9  183.715 39.461  42.62  29616 15.8
2010-04-29  19:30:00  11 48 09.3  -03 49 18  +000725.7 +000087.2  00 13 30.7  184.382 39.692  40.79  29439 15.8
2010-04-29  19:40:00  11 56 16.8  -03 35 32  +000737.7 +000078.0  00 15 24.8  185.015 39.894  38.95  29184 15.7
2010-04-29  19:50:00  12 04 33.9  -03 23 20  +000754.2 +000068.5  00 17 09.4  185.598 40.069  37.07  28848 15.7
2010-04-29  20:00:00  12 13 03.5  -03 12 45  +000775.6 +000058.5  00 18 41.4  186.114 40.218  35.16  28432 15.6
2010-04-29  20:10:00  12 21 49.3  -03 03 53  +000802.8 +000047.8  00 19 57.2  186.541 40.342  33.18  27934 15.6
2010-04-29  20:20:00  12 30 55.3  -02 56 52  +000836.4 +000036.1  00 20 52.9  186.857 40.439  31.15  27352 15.5
2010-04-29  20:30:00  12 40 26.2  -02 51 56  +000877.9 +000022.9  00 21 23.6  187.033 40.511  29.03  26683 15.4
2010-04-29  20:40:00  12 50 27.9  -02 49 21  +000928.9 +000007.6  00 21 23.5  187.038 40.554  26.82  25925 15.3
2010-04-29  20:50:00  13 01 07.4  -02 49 33  +000991.8 -000010.5  00 20 45.7  186.831 40.563  24.49  25075 15.2
2010-04-29  21:00:00  13 12 33.6  -02 53 05  +001069.8 -000032.6  00 19 21.2  186.363 40.533  22.04  24131 15.1
2010-04-29  21:10:00  13 24 58.0  -03 00 43  +001167.5 -000060.2  00 16 58.4  185.572 40.448  19.44  23087 15.0
2010-04-29  21:20:00  13 38 36.0  -03 13 36  +001291.7 -000095.7  00 13 22.0  184.376 40.288  16.73  21941 14.9
2010-04-29  21:30:00  13 53 48.2  -03 33 15  +001452.3 -000142.5  00 08 11.4  182.669 40.015  13.96  20690 14.8
2010-04-29  21:40:00  14 11 03.8  -04 02 03  +001665.1 -000206.4  00 00 57.5  180.310 39.568  11.43  19329 14.6
2010-04-29  21:50:00  14 31 05.1  -04 43 30  +001955.0 -000296.4  23 50 57.9  177.109 38.838   9.94  17859 14.4
2010-04-29  22:00:00  14 54 56.4  -05 43 05  +002364.4 -000427.3  23 37 08.2  172.811 37.637  11.07  16283 14.2
2010-04-29  22:10:00  15 24 19.7  -07 09 32  +002967.3 -000623.8  23 17 46.6  167.079 35.623  15.64  14613 14.0
2010-04-29  22:20:00  16 02 04.1  -09 16 44  +003898.1 -000923.7  22 50 03.8  159.495 32.169  23.52  12887 13.8
2010-04-29  22:30:00  16 53 00.8  -12 25 30  +005393.9 -001364.2  22 09 08.7  149.611 26.131  35.19  11187 13.6
2010-04-29  22:40:00  18 05 11.8  -16 55 45  +007768.5 -001864.3  21 06 59.4  137.098 15.645  52.03   9709 13.5

   Date        UTC        RA         DECL      RARate   DeclRate    HourAng      Az     Um    Phase  Range  Mag
2010-04-30  18:10:00  09 46 14.0  -09 45 31  +001026.7 +000294.5  00 59 09.4  197.316 32.304  69.59  25558 15.9
2010-04-30  18:20:00  09 57 14.8  -08 59 05  +000957.9 +000263.7  00 58 10.2  197.224 33.112  67.12  26359 15.9
2010-04-30  18:30:00  10 07 34.2  -08 17 22  +000902.1 +000237.6  00 57 52.4  197.310 33.807  64.78  27075 15.9
2010-04-30  18:40:00  10 17 19.9  -07 39 40  +000856.5 +000215.2  00 58 08.4  197.546 34.408  62.57  27707 16.0
2010-04-30  18:50:00  10 26 38.2  -07 05 27  +000819.4 +000195.9  00 58 51.8  197.906 34.927  60.46  28257 16.0
2010-04-30  19:00:00  10 35 34.1  -06 34 15  +000789.4 +000178.9  00 59 57.5  198.368 35.376  58.43  28726 16.0
2010-04-30  19:10:00  10 44 12.1  -06 05 43  +000765.3 +000163.9  01 01 21.2  198.913 35.763  56.46  29115 16.0
2010-04-30  19:20:00  10 52 35.8  -05 39 33  +000746.5 +000150.4  01 02 59.1  199.525 36.095  54.55  29425 15.9
2010-04-30  19:30:00  11 00 48.5  -05 15 31  +000732.3 +000138.1  01 04 48.0  200.186 36.378  52.68  29658 15.9
2010-04-30  19:40:00  11 08 53.2  -04 53 27  +000722.4 +000126.9  01 06 45.0  200.882 36.617  50.84  29813 15.9
2010-04-30  19:50:00  11 16 52.6  -04 33 11  +000716.4 +000116.4  01 08 47.2  201.601 36.817  49.01  29891 15.9
2010-04-30  20:00:00  11 24 49.3  -04 14 37  +000714.2 +000106.5  01 10 52.2  202.328 36.981  47.21  29891 15.9
2010-04-30  20:10:00  11 32 45.7  -03 57 40  +000715.8 +000096.9  01 12 57.3  203.051 37.115  45.40  29815 15.8
2010-04-30  20:20:00  11 40 44.5  -03 42 18  +000721.2 +000087.6  01 15 00.2  203.756 37.221  43.59  29660 15.8
2010-04-30  20:30:00  11 48 48.2  -03 28 28  +000730.5 +000078.3  01 16 58.2  204.429 37.304  41.75  29426 15.8
2010-04-30  20:40:00  11 56 59.5  -03 16 13  +000744.0 +000068.8  01 18 48.6  205.056 37.366  39.90  29112 15.7
2010-04-30  20:50:00  12 05 21.2  -03 05 35  +000762.2 +000058.8  01 20 28.4  205.621 37.413  38.00  28717 15.7
2010-04-30  21:00:00  12 13 56.8  -02 56 39  +000785.6 +000048.3  01 21 54.5  206.108 37.447  36.06  28239 15.6
2010-04-30  21:10:00  12 22 49.9  -02 49 33  +000814.9 +000036.7  01 23 03.0  206.495 37.472  34.05  27676 15.5
2010-04-30  21:20:00  12 32 04.9  -02 44 30  +000851.4 +000023.7  01 23 49.6  206.761 37.492  31.98  27025 15.5
2010-04-30  21:30:00  12 41 46.9  -02 41 46  +000896.3 +000008.7  01 24 09.3  206.876 37.510  29.81  26284 15.4
2010-04-30  21:40:00  12 52 02.3  -02 41 45  +000951.9 -000009.0  01 23 55.5  206.808 37.528  27.54  25448 15.3
2010-04-30  21:50:00  13 02 59.0  -02 44 59  +001020.7 -000030.4  01 23 00.5  206.512 37.548  25.12  24515 15.2
2010-04-30  22:00:00  13 14 47.0  -02 52 12  +001106.8 -000057.1  01 21 14.1  205.934 37.569  22.57  23480 15.1
2010-04-30  22:10:00  13 27 39.8  -03 04 27  +001216.0 -000091.4  01 18 23.0  205.000 37.585  19.84  22338 15.0
2010-04-30  22:20:00  13 41 55.2  -03 23 15  +001356.7 -000136.5  01 14 09.3  203.610 37.585  16.95  21085 14.8
2010-04-30  22:30:00  13 57 58.5  -03 50 52  +001542.5 -000198.2  01 08 07.6  201.627 37.541  13.94  19715 14.7
2010-04-30  22:40:00  14 16 26.3  -04 30 42  +001795.0 -000285.2  00 59 41.4  198.853 37.399  11.15  18224 14.5
2010-04-30  22:50:00  14 38 14.4  -05 28 09  +002151.3 -000413.0  00 47 55.0  195.004 37.052   9.61  16610 14.3
2010-04-30  23:00:00  15 04 52.0  -06 52 08  +002678.5 -000608.9  00 31 19.0  189.658 36.279  11.37  14877 14.0
2010-04-30  23:10:00  15 38 50.7  -08 57 28  +003504.9 -000919.9  00 07 22.0  182.211 34.620  17.34  13046 13.8
2010-04-30  23:20:00  16 24 45.9  -12 09 08  +004888.2 -001418.2  23 31 28.4  171.851 31.101  27.45  11177 13.5
2010-04-30  23:30:00  17 31 16.1  -17 02 25  +007312.0 -002122.9  22 34 59.8  157.757 23.724  42.95   9424 13.3
