ЭФЕМЕРИДЫ ПО ОБЪЕКТУ:  95353
Для пункта:  10016 Маяки   46 23'50.68"   30 16'17.74"    14m
C   2010-04-15 12:00
по  2010-05-01 12:00
Шаг  0:10:00
Мин.угол места:          10 град
Макс.угол места Солнца: -10 град
Стандартный блеск :      8.1 (зв.вел.)

ОБОЗНАЧЕНИЯ
RA        прямое восхождение, тек.эпоха
DECL      склонение, тек.эпоха
RARate    скорость по пр.восх., арксек/мин
DeclRate  скорость по склонению, арксек/мин
HourAng   часовой угол
Az        азимут
Um        угол места
Phase     фазовый угол
Range     дальность
Mag       зв.величина (оценка)

   Date        UTC        RA         DECL      RARate   DeclRate    HourAng      Az     Um    Phase  Range  Mag
2010-04-20  18:00:00  05 26 44.0  -00 13 09  +000809.7 -000039.6  04 29 12.2  252.998 15.270 125.82  42054 17.7
2010-04-20  18:10:00  05 35 42.6  -00 20 02  +000806.0 -000042.9  04 30 15.2  253.125 15.010 123.62  42166 17.6
2010-04-20  18:20:00  05 44 38.7  -00 27 28  +000802.4 -000046.2  04 31 20.8  253.252 14.737 121.44  42273 17.5
2010-04-20  18:30:00  05 53 32.5  -00 35 26  +000799.1 -000049.4  04 32 28.6  253.381 14.450 119.25  42376 17.4
2010-04-20  18:40:00  06 02 24.2  -00 43 55  +000796.1 -000052.4  04 33 38.5  253.510 14.152 117.07  42473 17.3
2010-04-20  18:50:00  06 11 14.0  -00 52 54  +000793.3 -000055.4  04 34 50.4  253.639 13.841 114.89  42564 17.2
2010-04-20  19:00:00  06 20 02.0  -01 02 23  +000790.7 -000058.3  04 36 04.0  253.768 13.520 112.72  42651 17.1
2010-04-20  19:10:00  06 28 48.4  -01 12 19  +000788.4 -000061.0  04 37 19.3  253.896 13.188 110.55  42732 17.0
2010-04-20  19:20:00  06 37 33.3  -01 22 43  +000786.4 -000063.7  04 38 36.0  254.024 12.846 108.39  42807 16.9
2010-04-20  19:30:00  06 46 16.9  -01 33 33  +000784.5 -000066.3  04 39 54.0  254.151 12.496 106.23  42877 16.8
2010-04-20  19:40:00  06 54 59.4  -01 44 49  +000783.0 -000068.8  04 41 13.2  254.275 12.136 104.07  42941 16.7
2010-04-20  19:50:00  07 03 40.9  -01 56 28  +000781.7 -000071.2  04 42 33.3  254.398 11.770 101.91  42999 16.7
2010-04-20  20:00:00  07 12 21.7  -02 08 32  +000780.6 -000073.4  04 43 54.2  254.519 11.395  99.76  43050 16.6
2010-04-20  20:10:00  07 21 01.8  -02 20 57  +000779.8 -000075.6  04 45 15.7  254.637 11.015  97.60  43096 16.5
2010-04-20  20:20:00  07 29 41.5  -02 33 44  +000779.2 -000077.8  04 46 37.7  254.751 10.629  95.45  43136 16.4
2010-04-20  20:30:00  07 38 20.9  -02 46 52  +000778.9 -000079.8  04 47 59.9  254.863 10.238  93.29  43169 16.4

   Date        UTC        RA         DECL      RARate   DeclRate    HourAng      Az     Um    Phase  Range  Mag
2010-04-21  18:00:00  06 31 19.2  -01 13 40  +000786.6 -000062.5  03 28 33.5  239.816 24.057 110.77  41596 16.9
2010-04-21  18:10:00  06 40 02.9  -01 24 20  +000784.5 -000065.3  03 29 51.5  239.985 23.721 108.61  41668 16.8
2010-04-21  18:20:00  06 48 45.2  -01 35 26  +000782.6 -000068.0  03 31 10.8  240.153 23.375 106.46  41734 16.8
2010-04-21  18:30:00  06 57 26.5  -01 46 59  +000781.1 -000070.5  03 32 31.2  240.319 23.021 104.30  41794 16.7
2010-04-21  18:40:00  07 06 06.8  -01 58 56  +000779.8 -000073.0  03 33 52.5  240.484 22.658 102.16  41849 16.6
2010-04-21  18:50:00  07 14 46.2  -02 11 18  +000778.7 -000075.4  03 35 14.7  240.645 22.288 100.00  41898 16.5
2010-04-21  19:00:00  07 23 25.1  -02 24 04  +000777.9 -000077.7  03 36 37.5  240.804 21.910  97.86  41940 16.5
2010-04-21  19:10:00  07 32 03.5  -02 37 11  +000777.3 -000079.8  03 38 00.7  240.960 21.527  95.70  41977 16.4
2010-04-21  19:20:00  07 40 41.6  -02 50 40  +000777.0 -000081.9  03 39 24.3  241.112 21.138  93.56  42007 16.3
2010-04-21  19:30:00  07 49 19.6  -03 04 30  +000777.0 -000083.9  03 40 47.9  241.259 20.744  91.41  42032 16.3
2010-04-21  19:40:00  07 57 57.7  -03 18 39  +000777.3 -000085.8  03 42 11.4  241.401 20.346  89.26  42050 16.2
2010-04-21  19:50:00  08 06 36.1  -03 33 06  +000777.8 -000087.6  03 43 34.7  241.539 19.944  87.10  42062 16.1
2010-04-21  20:00:00  08 15 14.8  -03 47 51  +000778.5 -000089.3  03 44 57.6  241.671 19.539  84.95  42067 16.1
2010-04-21  20:10:00  08 23 54.2  -04 02 52  +000779.6 -000090.9  03 46 19.9  241.797 19.132  82.79  42067 16.0
2010-04-21  20:20:00  08 32 34.3  -04 18 10  +000780.9 -000092.5  03 47 41.4  241.917 18.724  80.63  42059 16.0
2010-04-21  20:30:00  08 41 15.4  -04 33 41  +000782.4 -000093.9  03 49 02.0  242.030 18.314  78.46  42046 15.9
2010-04-21  20:40:00  08 49 57.6  -04 49 27  +000784.3 -000095.2  03 50 21.4  242.135 17.905  76.29  42026 15.9
2010-04-21  20:50:00  08 58 41.2  -05 05 25  +000786.4 -000096.4  03 51 39.5  242.233 17.496  74.11  42000 15.8
2010-04-21  21:00:00  09 07 26.2  -05 21 34  +000788.8 -000097.5  03 52 56.1  242.323 17.088  71.93  41968 15.7
2010-04-21  21:10:00  09 16 12.9  -05 37 55  +000791.4 -000098.5  03 54 11.0  242.405 16.683  69.74  41929 15.7
2010-04-21  21:20:00  09 25 01.5  -05 54 24  +000794.4 -000099.4  03 55 24.1  242.478 16.280  67.54  41884 15.7
2010-04-21  21:30:00  09 33 52.1  -06 11 02  +000797.6 -000100.2  03 56 35.1  242.542 15.880  65.33  41832 15.6
2010-04-21  21:40:00  09 42 45.0  -06 27 47  +000801.1 -000100.8  03 57 43.8  242.596 15.485  63.12  41775 15.6
2010-04-21  21:50:00  09 51 40.3  -06 44 38  +000804.9 -000101.4  03 58 50.2  242.641 15.094  60.89  41711 15.5
2010-04-21  22:00:00  10 00 38.3  -07 01 34  +000808.9 -000101.8  03 59 53.9  242.675 14.710  58.66  41641 15.5
2010-04-21  22:10:00  10 09 39.0  -07 18 34  +000813.3 -000102.1  04 00 54.8  242.699 14.331  56.41  41565 15.4
2010-04-21  22:20:00  10 18 42.7  -07 35 36  +000817.9 -000102.3  04 01 52.8  242.712 13.960  54.16  41483 15.4
2010-04-21  22:30:00  10 27 49.5  -07 52 39  +000822.8 -000102.3  04 02 47.6  242.714 13.597  51.89  41395 15.3
2010-04-21  22:40:00  10 36 59.7  -08 09 42  +000828.0 -000102.2  04 03 39.0  242.705 13.242  49.62  41301 15.3
2010-04-21  22:50:00  10 46 13.5  -08 26 43  +000833.4 -000102.0  04 04 26.8  242.684 12.898  47.32  41201 15.3
2010-04-21  23:00:00  10 55 31.0  -08 43 41  +000839.2 -000101.6  04 05 11.0  242.650 12.563  45.02  41096 15.2
2010-04-21  23:10:00  11 04 52.5  -09 00 34  +000845.2 -000101.0  04 05 51.2  242.605 12.240  42.69  40985 15.2
2010-04-21  23:20:00  11 14 18.0  -09 17 21  +000851.5 -000100.3  04 06 27.3  242.546 11.928  40.36  40869 15.2
2010-04-21  23:30:00  11 23 47.9  -09 33 60  +000858.1 -000099.4  04 06 59.1  242.475 11.629  38.00  40748 15.1
2010-04-21  23:40:00  11 33 22.2  -09 50 29  +000864.9 -000098.4  04 07 26.4  242.391 11.344  35.64  40621 15.1
2010-04-21  23:50:00  11 43 01.1  -10 06 47  +000872.0 -000097.1  04 07 49.1  242.294 11.073  33.25  40489 15.1
2010-04-22  00:00:00  11 52 44.9  -10 22 52  +000879.4 -000095.7  04 08 06.9  242.183 10.818  30.85  40353 15.0
2010-04-22  00:10:00  12 02 33.7  -10 38 41  +000887.0 -000094.1  04 08 19.8  242.059 10.578  28.42  40212 15.0
2010-04-22  00:20:00  12 12 27.7  -10 54 13  +000894.9 -000092.3  04 08 27.4  241.921 10.356  25.99  40067 15.0
2010-04-22  00:30:00  12 22 27.0  -11 09 26  +000903.0 -000090.3  04 08 29.8  241.769 10.151  23.53  39917 14.9

   Date        UTC        RA         DECL      RARate   DeclRate    HourAng      Az     Um    Phase  Range  Mag
2010-04-22  18:00:00  07 36 11.9  -02 39 60  +000776.0 -000081.7  02 27 37.4  224.496 31.143  95.54  41038 16.3
2010-04-22  18:10:00  07 44 49.1  -02 53 47  +000775.7 -000083.8  02 29 01.8  224.724 30.772  93.39  41064 16.3
2010-04-22  18:20:00  07 53 26.3  -03 07 56  +000775.7 -000085.9  02 30 26.3  224.948 30.394  91.25  41083 16.2
2010-04-22  18:30:00  08 02 03.5  -03 22 25  +000776.0 -000087.9  02 31 50.7  225.165 30.012  89.09  41097 16.1
2010-04-22  18:40:00  08 10 41.0  -03 37 14  +000776.5 -000089.8  02 33 14.9  225.377 29.625  86.95  41104 16.1
2010-04-22  18:50:00  08 19 18.9  -03 52 20  +000777.3 -000091.5  02 34 38.5  225.582 29.235  84.79  41105 16.0
2010-04-22  19:00:00  08 27 57.6  -04 07 44  +000778.5 -000093.2  02 36 01.5  225.780 28.841  82.64  41101 16.0
2010-04-22  19:10:00  08 36 37.0  -04 23 25  +000779.8 -000094.8  02 37 23.8  225.970 28.445  80.48  41089 15.9
2010-04-22  19:20:00  08 45 17.4  -04 39 20  +000781.4 -000096.3  02 38 45.0  226.152 28.046  78.32  41072 15.9
2010-04-22  19:30:00  08 53 59.0  -04 55 30  +000783.3 -000097.6  02 40 05.1  226.326 27.647  76.14  41049 15.8
2010-04-22  19:40:00  09 02 41.9  -05 11 53  +000785.5 -000098.9  02 41 23.8  226.490 27.247  73.97  41019 15.7
2010-04-22  19:50:00  09 11 26.4  -05 28 28  +000788.0 -000100.1  02 42 40.9  226.644 26.847  71.79  40983 15.7
2010-04-22  20:00:00  09 20 12.6  -05 45 14  +000790.7 -000101.1  02 43 56.4  226.789 26.448  69.60  40942 15.6
2010-04-22  20:10:00  09 29 00.8  -06 02 10  +000793.8 -000102.1  02 45 09.8  226.922 26.050  67.40  40894 15.6
2010-04-22  20:20:00  09 37 51.1  -06 19 15  +000797.1 -000102.9  02 46 21.2  227.045 25.655  65.20  40840 15.5
2010-04-22  20:30:00  09 46 43.6  -06 36 28  +000800.7 -000103.6  02 47 30.3  227.156 25.263  62.98  40780 15.5
2010-04-22  20:40:00  09 55 38.7  -06 53 47  +000804.5 -000104.2  02 48 36.9  227.256 24.874  60.77  40714 15.5
2010-04-22  20:50:00  10 04 36.4  -07 11 11  +000808.7 -000104.6  02 49 40.8  227.343 24.490  58.53  40642 15.4
2010-04-22  21:00:00  10 13 37.0  -07 28 39  +000813.1 -000105.0  02 50 41.9  227.417 24.110  56.29  40564 15.4
2010-04-22  21:10:00  10 22 40.6  -07 46 10  +000817.9 -000105.2  02 51 39.9  227.479 23.737  54.03  40481 15.3
2010-04-22  21:20:00  10 31 47.6  -08 03 42  +000822.9 -000105.2  02 52 34.6  227.526 23.370  51.77  40392 15.3
2010-04-22  21:30:00  10 40 57.9  -08 21 14  +000828.2 -000105.1  02 53 25.9  227.560 23.011  49.48  40298 15.3
2010-04-22  21:40:00  10 50 11.9  -08 38 44  +000833.8 -000104.9  02 54 13.5  227.580 22.660  47.19  40198 15.2
2010-04-22  21:50:00  10 59 29.7  -08 56 11  +000839.7 -000104.5  02 54 57.4  227.585 22.317  44.88  40092 15.2
2010-04-22  22:00:00  11 08 51.5  -09 13 34  +000845.9 -000103.9  02 55 37.2  227.576 21.985  42.56  39981 15.1
2010-04-22  22:10:00  11 18 17.5  -09 30 50  +000852.3 -000103.2  02 56 12.8  227.551 21.663  40.22  39866 15.1
2010-04-22  22:20:00  11 27 48.0  -09 47 58  +000859.0 -000102.3  02 56 44.0  227.511 21.352  37.87  39745 15.1
2010-04-22  22:30:00  11 37 23.0  -10 04 56  +000866.0 -000101.3  02 57 10.6  227.454 21.053  35.49  39619 15.0
2010-04-22  22:40:00  11 47 02.8  -10 21 42  +000873.3 -000100.0  02 57 32.5  227.382 20.768  33.11  39489 15.0
2010-04-22  22:50:00  11 56 47.5  -10 38 15  +000880.9 -000098.5  02 57 49.4  227.294 20.495  30.70  39355 15.0
2010-04-22  23:00:00  12 06 37.3  -10 54 33  +000888.7 -000096.9  02 58 01.2  227.189 20.238  28.28  39216 14.9
2010-04-22  23:10:00  12 16 32.4  -11 10 32  +000896.7 -000095.0  02 58 07.8  227.067 19.996  25.83  39072 14.9
2010-04-22  23:20:00  12 26 33.0  -11 26 13  +000905.0 -000092.9  02 58 08.8  226.928 19.769  23.38  38926 14.9
2010-04-22  23:30:00  12 36 39.2  -11 41 31  +000913.6 -000090.6  02 58 04.3  226.772 19.560  20.89  38775 14.9
2010-04-22  23:40:00  12 46 51.2  -11 56 24  +000922.3 -000088.1  02 57 54.0  226.599 19.369  18.40  38621 14.8
2010-04-22  23:50:00  12 57 09.0  -12 10 52  +000931.3 -000085.3  02 57 37.8  226.408 19.195  15.87  38464 14.8
2010-04-23  00:00:00  13 07 32.9  -12 24 50  +000940.5 -000082.3  02 57 15.5  226.200 19.041  13.34  38304 14.8
2010-04-23  00:10:00  13 18 03.0  -12 38 17  +000949.8 -000079.0  02 56 47.1  225.974 18.907  10.77  38141 14.8
2010-04-23  00:20:00  13 28 39.3  -12 51 09     <<SHADOW>>        02 56 12.4  225.730 18.794   8.20  37976 ----
2010-04-23  00:30:00  13 39 22.1  -13 03 26     <<SHADOW>>        02 55 31.3  225.469 18.702   5.61  37809 ----
2010-04-23  00:40:00  13 50 11.3  -13 15 03     <<SHADOW>>        02 54 43.7  225.190 18.632   3.06  37640 ----
2010-04-23  00:50:00  14 01 07.0  -13 25 57     <<SHADOW>>        02 53 49.6  224.894 18.584   1.04  37470 ----
2010-04-23  01:00:00  14 12 09.4  -13 36 08  +000998.5 -000058.7  02 52 48.9  224.580 18.560   2.66  37298 14.7
2010-04-23  01:10:00  14 23 18.3  -13 45 31  +001008.4 -000053.8  02 51 41.6  224.248 18.560   5.27  37126 14.7
2010-04-23  01:20:00  14 34 34.0  -13 54 04  +001018.4 -000048.7  02 50 27.6  223.899 18.584   7.97  36954 14.7
2010-04-23  01:30:00  14 45 56.2  -14 01 44  +001028.4 -000043.3  02 49 07.0  223.533 18.633  10.71  36782 14.7
2010-04-23  01:40:00  14 57 25.1  -14 08 29  +001038.3 -000037.6  02 47 39.7  223.151 18.706  13.48  36610 14.7
2010-04-23  01:50:00  15 09 00.5  -14 14 16  +001048.1 -000031.7  02 46 05.9  222.751 18.806  16.29  36439 14.7
2010-04-23  02:00:00  15 20 42.5  -14 19 02  +001057.8 -000025.5  02 44 25.7  222.336 18.931  19.11  36269 14.7

   Date        UTC        RA         DECL      RARate   DeclRate    HourAng      Az     Um    Phase  Range  Mag
2010-04-23  18:00:00  08 42 08.1  -04 26 56  +000779.8 -000096.6  01 25 37.8  206.633 35.730  79.98  40419 15.9
2010-04-23  18:10:00  08 50 48.5  -04 43 10  +000781.5 -000098.1  01 26 59.0  206.923 35.368  77.81  40396 15.8
2010-04-23  18:20:00  08 59 30.2  -04 59 39  +000783.5 -000099.6  01 28 18.9  207.203 35.003  75.65  40367 15.7
2010-04-23  18:30:00  09 08 13.3  -05 16 21  +000785.7 -000100.9  01 29 37.5  207.471 34.635  73.47  40333 15.7
2010-04-23  18:40:00  09 16 57.9  -05 33 16  +000788.3 -000102.1  01 30 54.5  207.728 34.265  71.29  40292 15.6
2010-04-23  18:50:00  09 25 44.4  -05 50 23  +000791.1 -000103.2  01 32 09.7  207.973 33.895  69.10  40246 15.6
2010-04-23  19:00:00  09 34 32.8  -06 07 40  +000794.2 -000104.2  01 33 22.9  208.205 33.523  66.90  40194 15.5
2010-04-23  19:10:00  09 43 23.4  -06 25 06  +000797.6 -000105.1  01 34 34.0  208.423 33.152  64.69  40136 15.5
2010-04-23  19:20:00  09 52 16.3  -06 42 40  +000801.3 -000105.8  01 35 42.6  208.627 32.781  62.48  40072 15.5
2010-04-23  19:30:00  10 01 11.9  -07 00 22  +000805.3 -000106.4  01 36 48.7  208.816 32.412  60.25  40003 15.4
2010-04-23  19:40:00  10 10 10.2  -07 18 08  +000809.6 -000106.9  01 37 52.1  208.990 32.045  58.02  39928 15.4
2010-04-23  19:50:00  10 19 11.4  -07 35 59  +000814.1 -000107.3  01 38 52.5  209.148 31.681  55.77  39847 15.3
2010-04-23  20:00:00  10 28 15.7  -07 53 53  +000819.0 -000107.5  01 39 49.8  209.291 31.320  53.52  39761 15.3
2010-04-23  20:10:00  10 37 23.4  -08 11 48  +000824.1 -000107.5  01 40 43.8  209.416 30.963  51.24  39670 15.2
2010-04-23  20:20:00  10 46 34.6  -08 29 44  +000829.5 -000107.5  01 41 34.3  209.524 30.611  48.96  39574 15.2
2010-04-23  20:30:00  10 55 49.5  -08 47 37  +000835.2 -000107.2  01 42 21.0  209.615 30.265  46.66  39472 15.2
2010-04-23  20:40:00  11 05 08.3  -09 05 28  +000841.3 -000106.8  01 43 03.8  209.687 29.925  44.35  39366 15.1
2010-04-23  20:50:00  11 14 31.3  -09 23 14  +000847.6 -000106.3  01 43 42.5  209.741 29.592  42.02  39254 15.1
2010-04-23  21:00:00  11 23 58.5  -09 40 53  +000854.2 -000105.5  01 44 16.9  209.776 29.267  39.68  39138 15.1
2010-04-23  21:10:00  11 33 30.2  -09 58 24  +000861.0 -000104.6  01 44 46.9  209.792 28.951  37.32  39017 15.0
2010-04-23  21:20:00  11 43 06.6  -10 15 45  +000868.2 -000103.5  01 45 12.1  209.788 28.643  34.95  38892 15.0
2010-04-23  21:30:00  11 52 47.8  -10 32 54  +000875.6 -000102.2  01 45 32.5  209.764 28.346  32.55  38763 15.0
2010-04-23  21:40:00  12 02 34.1  -10 49 49  +000883.3 -000100.7  01 45 47.9  209.719 28.060  30.15  38629 14.9
2010-04-23  21:50:00  12 12 25.6  -11 06 28  +000891.2 -000099.0  01 45 58.0  209.654 27.786  27.71  38492 14.9
2010-04-23  22:00:00  12 22 22.5  -11 22 49  +000899.4 -000097.1  01 46 02.8  209.568 27.523  25.27  38351 14.9
2010-04-23  22:10:00  12 32 24.9  -11 38 49  +000907.9 -000094.9  01 46 02.0  209.460 27.274  22.80  38207 14.8
2010-04-23  22:20:00  12 42 33.0  -11 54 27  +000916.6 -000092.6  01 45 55.5  209.331 27.039  20.31  38059 14.8
2010-04-23  22:30:00  12 52 47.0  -12 09 40  +000925.5 -000089.9  01 45 43.1  209.180 26.818  17.80  37909 14.8
2010-04-23  22:40:00  13 03 07.0  -12 24 25  +000934.6 -000087.1  01 45 24.8  209.007 26.613  15.28  37755 14.8
2010-04-23  22:50:00  13 13 33.2  -12 38 40  +000943.9 -000083.9  01 45 00.3  208.811 26.424  12.72  37599 14.8
2010-04-23  23:00:00  13 24 05.6  -12 52 23  +000953.4 -000080.5  01 44 29.5  208.594 26.251  10.16  37441 14.7
2010-04-23  23:10:00  13 34 44.4  -13 05 30     <<SHADOW>>        01 43 52.4  208.353 26.096   7.57  37282 ----
2010-04-23  23:20:00  13 45 29.6  -13 17 59     <<SHADOW>>        01 43 08.8  208.090 25.960   4.98  37120 ----
2010-04-23  23:30:00  13 56 21.4  -13 29 48     <<SHADOW>>        01 42 18.6  207.804 25.841   2.43  36957 ----
2010-04-23  23:40:00  14 07 19.9  -13 40 54     <<SHADOW>>        01 41 21.8  207.495 25.742   0.99  36794 ----
2010-04-23  23:50:00  14 18 25.0  -13 51 14     <<SHADOW>>        01 40 18.4  207.164 25.663   3.24  36629 ----
2010-04-24  00:00:00  14 29 36.7  -14 00 44  +001012.7 -000054.5  01 39 08.2  206.809 25.605   5.89  36465 14.7
2010-04-24  00:10:00  14 40 55.2  -14 09 23  +001022.7 -000049.2  01 37 51.4  206.432 25.567   8.62  36300 14.7
2010-04-24  00:20:00  14 52 20.3  -14 17 07  +001032.8 -000043.6  01 36 27.9  206.032 25.551  11.37  36137 14.7
2010-04-24  00:30:00  15 03 52.2  -14 23 54  +001042.7 -000037.8  01 34 57.7  205.610 25.556  14.16  35974 14.7
2010-04-24  00:40:00  15 15 30.6  -14 29 42  +001052.5 -000031.7  01 33 21.0  205.165 25.583  16.96  35812 14.7
2010-04-24  00:50:00  15 27 15.5  -14 34 27  +001062.2 -000025.3  01 31 37.7  204.698 25.633  19.80  35652 14.7
2010-04-24  01:00:00  15 39 06.8  -14 38 07  +001071.8 -000018.7  01 29 48.0  204.209 25.705  22.66  35494 14.7
2010-04-24  01:10:00  15 51 04.4  -14 40 40  +001081.0 -000011.9  01 27 52.0  203.699 25.800  25.55  35338 14.7
2010-04-24  01:20:00  16 03 08.1  -14 42 04  +001090.0 -000004.8  01 25 50.0  203.167 25.917  28.46  35186 14.7
2010-04-24  01:30:00  16 15 17.7  -14 42 17  +001098.8 +000002.4  01 23 42.0  202.615 26.056  31.40  35037 14.7
2010-04-24  01:40:00  16 27 33.0  -14 41 16  +001107.1 +000009.8  01 21 28.4  202.042 26.219  34.35  34892 14.8
2010-04-24  01:50:00  16 39 53.8  -14 39 01  +001115.1 +000017.3  01 19 09.2  201.450 26.403  37.33  34750 14.8

   Date        UTC        RA         DECL      RARate   DeclRate    HourAng      Az     Um    Phase  Range  Mag
2010-04-24  18:00:00  09 49 55.1  -06 27 37  +000799.4 -000106.4  00 21 47.3  186.775 36.920  63.97  39791 15.5
2010-04-24  18:10:00  09 58 49.3  -06 45 25  +000803.2 -000107.1  00 22 54.7  187.092 36.601  61.74  39723 15.4
2010-04-24  18:20:00  10 07 46.1  -07 03 19  +000807.3 -000107.8  00 23 59.5  187.391 36.280  59.52  39649 15.4
2010-04-24  18:30:00  10 16 45.7  -07 21 20  +000811.6 -000108.3  00 25 01.6  187.674 35.958  57.27  39570 15.3
2010-04-24  18:40:00  10 25 48.3  -07 39 25  +000816.2 -000108.7  00 26 00.6  187.938 35.635  55.02  39486 15.3
2010-04-24  18:50:00  10 34 54.2  -07 57 33  +000821.2 -000108.9  00 26 56.4  188.183 35.312  52.75  39397 15.3
2010-04-24  19:00:00  10 44 03.4  -08 15 42  +000826.4 -000109.0  00 27 48.8  188.409 34.989  50.48  39303 15.2
2010-04-24  19:10:00  10 53 16.2  -08 33 51  +000832.0 -000108.9  00 28 37.7  188.615 34.667  48.18  39204 15.2
2010-04-24  19:20:00  11 02 32.7  -08 51 59  +000837.8 -000108.7  00 29 22.8  188.800 34.347  45.89  39100 15.1
2010-04-24  19:30:00  11 11 53.3  -09 10 04  +000843.9 -000108.2  00 30 03.9  188.964 34.029  43.56  38991 15.1
2010-04-24  19:40:00  11 21 18.0  -09 28 04  +000850.3 -000107.7  00 30 40.8  189.107 33.715  41.23  38879 15.1
2010-04-24  19:50:00  11 30 47.0  -09 45 57  +000857.0 -000106.9  00 31 13.4  189.226 33.403  38.88  38761 15.0
2010-04-24  20:00:00  11 40 20.7  -10 03 42  +000863.9 -000106.0  00 31 41.4  189.323 33.097  36.52  38640 15.0
2010-04-24  20:10:00  11 49 59.0  -10 21 16  +000871.2 -000104.8  00 32 04.7  189.396 32.795  34.13  38515 15.0
2010-04-24  20:20:00  11 59 42.3  -10 38 38  +000878.7 -000103.5  00 32 23.1  189.446 32.499  31.74  38386 14.9
2010-04-24  20:30:00  12 09 30.6  -10 55 45  +000886.5 -000101.9  00 32 36.4  189.471 32.209  29.31  38254 14.9
2010-04-24  20:40:00  12 19 24.3  -11 12 36  +000894.5 -000100.2  00 32 44.4  189.471 31.926  26.88  38118 14.9
2010-04-24  20:50:00  12 29 23.4  -11 29 08  +000902.8 -000098.2  00 32 47.0  189.445 31.651  24.42  37978 14.8
2010-04-24  21:00:00  12 39 28.0  -11 45 19  +000911.3 -000096.0  00 32 43.9  189.395 31.385  21.95  37836 14.8
2010-04-24  21:10:00  12 49 38.5  -12 01 06  +000920.1 -000093.5  00 32 35.1  189.317 31.127  19.45  37692 14.8
2010-04-24  21:20:00  12 59 54.9  -12 16 28  +000929.0 -000090.8  00 32 20.4  189.214 30.880  16.94  37545 14.8
2010-04-24  21:30:00  13 10 17.3  -12 31 21  +000938.2 -000087.8  00 31 59.6  189.084 30.643  14.39  37395 14.8
2010-04-24  21:40:00  13 20 45.9  -12 45 43  +000947.6 -000084.6  00 31 32.7  188.927 30.417  11.84  37244 14.7
2010-04-24  21:50:00  13 31 20.7  -12 59 32  +000957.1 -000081.1  00 30 59.4  188.742 30.203   9.25  37091 14.7
2010-04-24  22:00:00  13 42 02.0  -13 12 44  +000966.8 -000077.3  00 30 19.8  188.531 30.001   6.66  36936 14.7
2010-04-24  22:10:00  13 52 49.8  -13 25 18     <<SHADOW>>        00 29 33.7  188.291 29.812   4.05  36781 ----
2010-04-24  22:20:00  14 03 44.1  -13 37 09     <<SHADOW>>        00 28 41.0  188.024 29.637   1.50  36625 ----
2010-04-24  22:30:00  14 14 45.0  -13 48 16     <<SHADOW>>        00 27 41.7  187.728 29.476   1.49  36468 ----
2010-04-24  22:40:00  14 25 52.6  -13 58 35     <<SHADOW>>        00 26 35.8  187.405 29.330   4.08  36312 ----
2010-04-24  22:50:00  14 37 06.8  -14 08 04  +001016.4 -000054.3  00 25 23.2  187.054 29.199   6.80  36156 14.7
2010-04-24  23:00:00  14 48 27.8  -14 16 39  +001026.4 -000048.8  00 24 03.9  186.674 29.083   9.53  36000 14.7
2010-04-24  23:10:00  14 59 55.3  -14 24 19  +001036.3 -000043.1  00 22 38.0  186.267 28.984  12.30  35845 14.7
2010-04-24  23:20:00  15 11 29.5  -14 31 00  +001046.2 -000037.1  00 21 05.4  185.832 28.901  15.09  35692 14.7
2010-04-24  23:30:00  15 23 10.2  -14 36 40  +001055.9 -000030.8  00 19 26.4  185.370 28.834  17.92  35541 14.7
2010-04-24  23:40:00  15 34 57.3  -14 41 16  +001065.4 -000024.3  00 17 41.0  184.880 28.785  20.76  35391 14.7
2010-04-24  23:50:00  15 46 50.7  -14 44 46  +001074.8 -000017.6  00 15 49.2  184.363 28.753  23.63  35245 14.7
2010-04-25  00:00:00  15 58 50.3  -14 47 08  +001083.9 -000010.6  00 13 51.2  183.820 28.738  26.52  35101 14.7
2010-04-25  00:10:00  16 10 55.8  -14 48 18  +001092.7 -000003.5  00 11 47.3  183.250 28.740  29.44  34961 14.7
2010-04-25  00:20:00  16 23 07.2  -14 48 17  +001101.2 +000003.9  00 09 37.6  182.654 28.759  32.37  34824 14.7
2010-04-25  00:30:00  16 35 24.1  -14 47 01  +001109.4 +000011.3  00 07 22.4  182.034 28.796  35.34  34692 14.7
2010-04-25  00:40:00  16 47 46.2  -14 44 30  +001117.1 +000019.0  00 05 01.9  181.389 28.850  38.32  34565 14.8
2010-04-25  00:50:00  17 00 13.3  -14 40 42  +001124.3 +000026.7  00 02 36.4  180.720 28.922  41.33  34442 14.8
2010-04-25  01:00:00  17 12 45.2  -14 35 36  +001131.1 +000034.4  00 00 06.2  180.029 29.009  44.35  34325 14.8
2010-04-25  01:10:00  17 25 21.4  -14 29 13  +001137.4 +000042.2  23 57 31.7  179.315 29.113  47.40  34214 14.9
2010-04-25  01:20:00  17 38 01.6  -14 21 32  +001143.2 +000050.0  23 54 53.1  178.580 29.233  50.45  34108 14.9
2010-04-25  01:30:00  17 50 45.5  -14 12 33  +001148.3 +000057.7  23 52 10.8  177.825 29.368  53.53  34010 14.9
2010-04-25  01:40:00  18 03 32.6  -14 02 18  +001152.9 +000065.4  23 49 25.4  177.052 29.517  56.62  33918 15.0
2010-04-25  01:50:00  18 16 22.5  -13 50 46  +001156.8 +000072.9  23 46 37.1  176.261 29.681  59.73  33833 15.0

   Date        UTC        RA         DECL      RARate   DeclRate    HourAng      Az     Um    Phase  Range  Mag
2010-04-25  18:00:00  11 00 17.1  -08 32 50  +000835.3 -000109.2  23 15 21.8  166.627 34.158  47.36  39225 15.2
2010-04-25  18:10:00  11 09 36.0  -08 51 01  +000841.2 -000108.9  23 16 04.6  166.896 33.887  45.04  39119 15.1
2010-04-25  18:20:00  11 18 58.8  -09 09 09  +000847.3 -000108.5  23 16 43.4  167.143 33.613  42.72  39009 15.1
2010-04-25  18:30:00  11 28 25.8  -09 27 11  +000853.7 -000107.9  23 17 18.1  167.367 33.338  40.37  38894 15.1
2010-04-25  18:40:00  11 37 57.1  -09 45 06  +000860.4 -000107.1  23 17 48.4  167.568 33.062  38.02  38776 15.0
2010-04-25  18:50:00  11 47 33.1  -10 02 53  +000867.4 -000106.1  23 18 14.1  167.745 32.785  35.64  38654 15.0
2010-04-25  19:00:00  11 57 13.8  -10 20 28  +000874.7 -000105.0  23 18 35.0  167.898 32.508  33.25  38528 15.0
2010-04-25  19:10:00  12 06 59.4  -10 37 51  +000882.2 -000103.6  23 18 51.1  168.025 32.231  30.84  38399 14.9
2010-04-25  19:20:00  12 16 50.1  -10 54 60  +000890.0 -000102.0  23 19 02.0  168.126 31.954  28.42  38268 14.9
2010-04-25  19:30:00  12 26 46.1  -11 11 51  +000898.0 -000100.2  23 19 07.6  168.200 31.680  25.96  38133 14.9
2010-04-25  19:40:00  12 36 47.6  -11 28 22  +000906.3 -000098.1  23 19 07.8  168.248 31.407  23.50  37995 14.8
2010-04-25  19:50:00  12 46 54.6  -11 44 32  +000914.8 -000095.8  23 19 02.4  168.267 31.138  21.01  37855 14.8
2010-04-25  20:00:00  12 57 07.4  -12 00 18  +000923.6 -000093.3  23 18 51.3  168.259 30.871  18.51  37713 14.8
2010-04-25  20:10:00  13 07 26.1  -12 15 37  +000932.5 -000090.5  23 18 34.2  168.222 30.608  15.98  37569 14.8
2010-04-25  20:20:00  13 17 50.8  -12 30 27  +000941.6 -000087.4  23 18 11.2  168.155 30.350  13.44  37424 14.8
2010-04-25  20:30:00  13 28 21.6  -12 44 45  +000950.9 -000084.1  23 17 42.0  168.059 30.097  10.86  37277 14.7
2010-04-25  20:40:00  13 38 58.7  -12 58 29  +000960.4 -000080.5  23 17 06.5  167.934 29.850   8.28  37129 14.7
2010-04-25  20:50:00  13 49 42.1  -13 11 35  +000969.9 -000076.7  23 16 24.8  167.778 29.608   5.66  36980 14.7
2010-04-25  21:00:00  14 00 31.9  -13 24 02     <<SHADOW>>        23 15 36.6  167.592 29.374   3.03  36831 ----
2010-04-25  21:10:00  14 11 28.3  -13 35 45     <<SHADOW>>        23 14 41.9  167.376 29.147   0.43  36681 ----
2010-04-25  21:20:00  14 22 31.1  -13 46 43     <<SHADOW>>        23 13 40.7  167.129 28.927   2.33  36532 ----
2010-04-25  21:30:00  14 33 40.5  -13 56 52     <<SHADOW>>        23 12 32.9  166.851 28.717   5.04  36383 ----
2010-04-25  21:40:00  14 44 56.4  -14 06 11  +001018.8 -000053.1  23 11 18.6  166.542 28.514   7.76  36235 14.7
2010-04-25  21:50:00  14 56 18.9  -14 14 35  +001028.6 -000047.6  23 09 57.8  166.203 28.322  10.52  36088 14.7
2010-04-25  22:00:00  15 07 47.9  -14 22 02  +001038.4 -000041.8  23 08 30.4  165.833 28.139  13.30  35943 14.7
2010-04-25  22:10:00  15 19 23.4  -14 28 30  +001048.0 -000035.7  23 06 56.6  165.432 27.966  16.10  35800 14.7
2010-04-25  22:20:00  15 31 05.2  -14 33 55  +001057.4 -000029.4  23 05 16.5  165.001 27.803  18.92  35659 14.7
2010-04-25  22:30:00  15 42 53.2  -14 38 16  +001066.7 -000022.8  23 03 30.1  164.541 27.652  21.78  35521 14.7
2010-04-25  22:40:00  15 54 47.4  -14 41 31  +001075.7 -000016.0  23 01 37.6  164.050 27.511  24.64  35385 14.7
2010-04-25  22:50:00  16 06 47.4  -14 43 36  +001084.5 -000009.0  22 59 39.2  163.531 27.382  27.55  35254 14.7
2010-04-25  23:00:00  16 18 53.2  -14 44 30  +001093.0 -000001.8  22 57 35.0  162.983 27.265  30.46  35126 14.7
2010-04-25  23:10:00  16 31 04.6  -14 44 11  +001101.1 +000005.6  22 55 25.2  162.408 27.159  33.40  35002 14.7
2010-04-25  23:20:00  16 43 21.3  -14 42 38  +001108.9 +000013.1  22 53 10.2  161.805 27.065  36.36  34883 14.8
2010-04-25  23:30:00  16 55 43.0  -14 39 50  +001116.2 +000020.7  22 50 50.1  161.176 26.983  39.34  34769 14.8
2010-04-25  23:40:00  17 08 09.5  -14 35 45  +001123.1 +000028.4  22 48 25.3  160.521 26.912  42.34  34661 14.8
2010-04-25  23:50:00  17 20 40.3  -14 30 22  +001129.5 +000036.1  22 45 56.1  159.842 26.854  45.36  34558 14.9
2010-04-26  00:00:00  17 33 15.2  -14 23 43  +001135.3 +000043.8  22 43 22.8  159.140 26.807  48.40  34461 14.9
2010-04-26  00:10:00  17 45 53.9  -14 15 46  +001140.6 +000051.5  22 40 45.8  158.415 26.772  51.46  34371 14.9
2010-04-26  00:20:00  17 58 36.0  -14 06 33  +001145.4 +000059.2  22 38 05.4  157.670 26.748  54.52  34287 15.0
2010-04-26  00:30:00  18 11 21.0  -13 56 03  +001149.5 +000066.7  22 35 22.0  156.905 26.735  57.61  34210 15.0
2010-04-26  00:40:00  18 24 08.5  -13 44 19  +001153.1 +000074.1  22 32 36.1  156.122 26.732  60.70  34141 15.1
2010-04-26  00:50:00  18 36 58.3  -13 31 21  +001156.0 +000081.3  22 29 48.0  155.323 26.740  63.82  34079 15.1
2010-04-26  01:00:00  18 49 49.7  -13 17 13  +001158.3 +000088.3  22 26 58.2  154.508 26.758  66.93  34026 15.2
2010-04-26  01:10:00  19 02 42.4  -13 01 56  +001159.9 +000095.0  22 24 07.2  153.681 26.785  70.07  33980 15.2
2010-04-26  01:20:00  19 15 36.1  -12 45 33  +001160.9 +000101.5  22 21 15.2  152.842 26.822  73.19  33942 15.3
2010-04-26  01:30:00  19 28 30.1  -12 28 08  +001161.2 +000107.5  22 18 22.7  151.993 26.867  76.34  33913 15.4
2010-04-26  01:40:00  19 41 24.2  -12 09 44  +001161.0 +000113.3  22 15 30.3  151.136 26.920  79.48  33893 15.5
2010-04-26  01:50:00  19 54 17.9  -11 50 24  +001160.0 +000118.6  22 12 38.2  150.273 26.980  82.63  33881 15.5

   Date        UTC        RA         DECL      RARate   DeclRate    HourAng      Az     Um    Phase  Range  Mag
2010-04-26  18:10:00  12 23 40.8  -10 47 35  +000893.4 -000100.9  22 05 56.3  148.127 27.366  27.65  38669 14.9
2010-04-26  18:20:00  12 33 39.1  -11 04 14  +000901.4 -000099.0  22 05 59.7  148.257 27.113  25.20  38535 14.9
2010-04-26  18:30:00  12 43 42.7  -11 20 34  +000909.6 -000096.9  22 05 57.7  148.361 26.857  22.72  38399 14.9
2010-04-26  18:40:00  12 53 51.9  -11 36 32  +000918.0 -000094.6  22 05 50.2  148.439 26.598  20.24  38262 14.8
2010-04-26  18:50:00  13 04 06.7  -11 52 05  +000926.6 -000092.0  22 05 37.0  148.490 26.338  17.72  38122 14.8
2010-04-26  19:00:00  13 14 27.3  -12 07 10  +000935.3 -000089.1  22 05 18.0  148.513 26.075  15.19  37981 14.8
2010-04-26  19:10:00  13 24 53.9  -12 21 46  +000944.3 -000086.0  22 04 53.1  148.508 25.812  12.63  37839 14.8
2010-04-26  19:20:00  13 35 26.4  -12 35 50  +000953.4 -000082.7  22 04 22.2  148.474 25.547  10.06  37696 14.8
2010-04-26  19:30:00  13 46 05.1  -12 49 19  +000962.7 -000079.0  22 03 45.2  148.411 25.283   7.45  37552 14.7
2010-04-26  19:40:00  13 56 50.0  -13 02 10  +000972.0 -000075.1  22 03 01.9  148.319 25.019   4.84  37408 14.7
2010-04-26  19:50:00  14 07 41.1  -13 14 20  +000981.5 -000070.9  22 02 12.4  148.197 24.756   2.20  37265 14.7
2010-04-26  20:00:00  14 18 38.6  -13 25 47     <<SHADOW>>        22 01 16.6  148.045 24.494   0.55  37121 ----
2010-04-26  20:10:00  14 29 42.4  -13 36 28     <<SHADOW>>        22 00 14.4  147.862 24.234   3.18  36979 ----
2010-04-26  20:20:00  14 40 52.6  -13 46 20     <<SHADOW>>        21 59 05.9  147.649 23.977   5.88  36837 ----
2010-04-26  20:30:00  14 52 09.2  -13 55 21  +001019.6 -000051.4  21 57 50.9  147.405 23.723   8.62  36697 14.7
2010-04-26  20:40:00  15 03 32.1  -14 03 27  +001029.1 -000045.8  21 56 29.7  147.131 23.472  11.37  36558 14.7
2010-04-26  20:50:00  15 15 01.3  -14 10 36  +001038.4 -000040.0  21 55 02.2  146.826 23.225  14.15  36421 14.7
2010-04-26  21:00:00  15 26 36.6  -14 16 46  +001047.7 -000033.9  21 53 28.5  146.491 22.982  16.95  36287 14.7
2010-04-26  21:10:00  15 38 18.1  -14 21 53  +001056.7 -000027.5  21 51 48.6  146.126 22.745  19.78  36156 14.7
2010-04-26  21:20:00  15 50 05.5  -14 25 56  +001065.6 -000021.0  21 50 02.8  145.730 22.513  22.62  36028 14.7
2010-04-26  21:30:00  16 01 58.8  -14 28 52  +001074.3 -000014.2  21 48 11.2  145.306 22.286  25.49  35903 14.7
2010-04-26  21:40:00  16 13 57.8  -14 30 40  +001082.6 -000007.2  21 46 13.8  144.852 22.066  28.38  35783 14.7
2010-04-26  21:50:00  16 26 02.3  -14 31 17  +001090.7 -000000.1  21 44 11.0  144.370 21.852  31.30  35666 14.8
2010-04-26  22:00:00  16 38 11.9  -14 30 42  +001098.4 +000007.2  21 42 03.0  143.861 21.645  34.23  35554 14.8
2010-04-26  22:10:00  16 50 26.6  -14 28 53  +001105.6 +000014.6  21 39 50.0  143.324 21.446  37.19  35447 14.8
2010-04-26  22:20:00  17 02 46.0  -14 25 50  +001112.5 +000022.1  21 37 32.2  142.762 21.254  40.15  35346 14.8
2010-04-26  22:30:00  17 15 09.8  -14 21 32  +001118.9 +000029.6  21 35 10.1  142.174 21.069  43.15  35250 14.9
2010-04-26  22:40:00  17 27 37.7  -14 15 58  +001124.9 +000037.2  21 32 43.7  141.562 20.893  46.15  35159 14.9
2010-04-26  22:50:00  17 40 09.5  -14 09 08  +001130.3 +000044.8  21 30 13.6  140.927 20.725  49.19  35076 14.9
2010-04-26  23:00:00  17 52 44.7  -14 01 02  +001135.2 +000052.3  21 27 40.1  140.270 20.565  52.22  34998 15.0
2010-04-26  23:10:00  18 05 22.9  -13 51 42  +001139.5 +000059.8  21 25 03.5  139.593 20.414  55.28  34928 15.0
2010-04-26  23:20:00  18 18 03.8  -13 41 08  +001143.2 +000067.1  21 22 24.3  138.897 20.272  58.35  34865 15.1
2010-04-26  23:30:00  18 30 47.0  -13 29 20  +001146.3 +000074.3  21 19 42.7  138.183 20.138  61.43  34809 15.1
2010-04-26  23:40:00  18 43 32.1  -13 16 23  +001148.9 +000081.3  21 16 59.3  137.453 20.012  64.52  34761 15.2
2010-04-26  23:50:00  18 56 18.7  -13 02 16  +001150.8 +000088.0  21 14 14.3  136.709 19.896  67.62  34721 15.2
2010-04-27  00:00:00  19 09 06.3  -12 47 03  +001152.1 +000094.5  21 11 28.3  135.952 19.787  70.73  34688 15.3
2010-04-27  00:10:00  19 21 54.7  -12 30 47  +001152.8 +000100.7  21 08 41.6  135.184 19.688  73.85  34664 15.4
2010-04-27  00:20:00  19 34 43.2  -12 13 31  +001152.9 +000106.5  21 05 54.7  134.406 19.596  76.96  34648 15.4
2010-04-27  00:30:00  19 47 31.6  -11 55 19  +001152.3 +000112.0  21 03 08.0  133.622 19.513  80.08  34641 15.5
2010-04-27  00:40:00  20 00 19.5  -11 36 13  +001151.2 +000117.1  21 00 21.7  132.831 19.438  83.20  34642 15.6
2010-04-27  00:50:00  20 13 06.4  -11 16 19  +001149.5 +000121.7  20 57 36.4  132.037 19.371  86.32  34651 15.7
2010-04-27  01:00:00  20 25 52.1  -10 55 41  +001147.3 +000125.9  20 54 52.4  131.241 19.312  89.43  34669 15.8
2010-04-27  01:10:00  20 38 36.0  -10 34 23  +001144.5 +000129.7  20 52 10.1  130.444 19.260  92.55  34695 15.9
2010-04-27  01:20:00  20 51 18.0  -10 12 29  +001141.2 +000132.9  20 49 29.8  129.650 19.215  95.65  34730 16.0
2010-04-27  01:30:00  21 03 57.5  -09 50 06  +001137.4 +000135.7  20 46 51.9  128.859 19.177  98.76  34773 16.1
2010-04-27  01:40:00  21 16 34.3  -09 27 17  +001133.1 +000138.0  20 44 16.7  128.074 19.146 101.84  34825 16.2
2010-04-27  01:50:00  21 29 08.2  -09 04 07  +001128.4 +000139.8  20 41 44.5  127.296 19.122 104.92  34884 16.3

   Date        UTC        RA         DECL      RARate   DeclRate    HourAng      Az     Um    Phase  Range  Mag
2010-04-27  18:10:00  13 41 12.5  -12 20 23  +000954.8 -000080.4  20 52 21.2  131.475 17.787   9.61  38455 14.8
2010-04-27  18:20:00  13 51 52.0  -12 33 29  +000963.7 -000076.8  20 51 43.4  131.459 17.520   7.03  38315 14.8
2010-04-27  18:30:00  14 02 37.4  -12 45 58  +000972.8 -000072.9  20 50 59.5  131.416 17.250   4.43  38176 14.8
2010-04-27  18:40:00  14 13 29.0  -12 57 46  +000981.9 -000068.7  20 50 09.6  131.346 16.975   1.92  38036 14.8
2010-04-27  18:50:00  14 24 26.6  -13 08 51     <<SHADOW>>        20 49 13.6  131.247 16.698   1.33  37898 ----
2010-04-27  19:00:00  14 35 30.4  -13 19 10     <<SHADOW>>        20 48 11.5  131.121 16.418   3.77  37761 ----
2010-04-27  19:10:00  14 46 40.3  -13 28 40     <<SHADOW>>        20 47 03.3  130.965 16.136   6.44  37625 ----
2010-04-27  19:20:00  14 57 56.3  -13 37 19     <<SHADOW>>        20 45 48.9  130.781 15.853   9.14  37491 ----
2010-04-27  19:30:00  15 09 18.3  -13 45 04  +001027.6 -000043.7  20 44 28.5  130.569 15.569  11.89  37360 14.7
2010-04-27  19:40:00  15 20 46.4  -13 51 52  +001036.6 -000037.9  20 43 02.1  130.327 15.285  14.66  37230 14.7
2010-04-27  19:50:00  15 32 20.4  -13 57 42  +001045.4 -000031.9  20 41 29.7  130.057 15.000  17.46  37104 14.8
2010-04-27  20:00:00  15 44 00.2  -14 02 30  +001054.0 -000025.7  20 39 51.5  129.757 14.717  20.27  36980 14.8
2010-04-27  20:10:00  15 55 45.7  -14 06 15  +001062.5 -000019.2  20 38 07.7  129.430 14.435  23.12  36860 14.8
2010-04-27  20:20:00  16 07 36.7  -14 08 54  +001070.6 -000012.6  20 36 18.3  129.075 14.154  25.97  36744 14.8
2010-04-27  20:30:00  16 19 33.1  -14 10 26  +001078.5 -000005.7  20 34 23.6  128.691 13.876  28.86  36633 14.8
2010-04-27  20:40:00  16 31 34.7  -14 10 49  +001086.1 +000001.2  20 32 23.7  128.281 13.601  31.75  36525 14.8
2010-04-27  20:50:00  16 43 41.1  -14 10 01  +001093.3 +000008.4  20 30 18.8  127.843 13.330  34.68  36423 14.8
2010-04-27  21:00:00  16 55 52.3  -14 08 02  +001100.1 +000015.6  20 28 09.3  127.380 13.063  37.62  36326 14.9
2010-04-27  21:10:00  17 08 07.9  -14 04 49  +001106.6 +000022.9  20 25 55.4  126.891 12.800  40.58  36234 14.9
2010-04-27  21:20:00  17 20 27.6  -14 00 24  +001112.5 +000030.2  20 23 37.3  126.378 12.542  43.55  36148 14.9
2010-04-27  21:30:00  17 32 51.1  -13 54 45  +001118.0 +000037.6  20 21 15.4  125.842 12.290  46.55  36068 15.0
2010-04-27  21:40:00  17 45 18.1  -13 47 53  +001123.0 +000044.9  20 18 50.0  125.284 12.043  49.55  35995 15.0
2010-04-27  21:50:00  17 57 48.3  -13 39 47  +001127.5 +000052.2  20 16 21.5  124.703 11.803  52.58  35928 15.0
2010-04-27  22:00:00  18 10 21.3  -13 30 29  +001131.4 +000059.4  20 13 50.1  124.103 11.570  55.61  35868 15.1
2010-04-27  22:10:00  18 22 56.8  -13 19 60  +001134.8 +000066.5  20 11 16.3  123.484 11.344  58.67  35815 15.1
2010-04-27  22:20:00  18 35 34.3  -13 08 20  +001137.6 +000073.4  20 08 40.5  122.848 11.126  61.72  35770 15.2
2010-04-27  22:30:00  18 48 13.5  -12 55 33  +001139.8 +000080.1  20 06 02.9  122.196 10.915  64.80  35732 15.3
2010-04-27  22:40:00  19 00 53.9  -12 41 40  +001141.5 +000086.5  20 03 24.2  121.529 10.712  67.87  35702 15.3
2010-04-27  22:50:00  19 13 35.2  -12 26 44  +001142.5 +000092.7  20 00 44.5  120.849 10.518  70.96  35680 15.4
2010-04-27  23:00:00  19 26 17.1  -12 10 47  +001143.0 +000098.6  19 58 04.2  120.159 10.333  74.04  35666 15.4
2010-04-27  23:10:00  19 38 59.1  -11 53 52  +001142.9 +000104.2  19 55 23.9  119.458 10.156  77.14  35659 15.5
