ЭФЕМЕРИДЫ ПО ОБЪЕКТУ:  95352
Для пункта:  10016 Маяки   46 23'50.68"   30 16'17.74"    14m
C   2010-04-15 12:00
по  2010-05-01 12:00
Шаг  0:10:00
Мин.угол места:          10 град
Макс.угол места Солнца: -10 град
Стандартный блеск :      8.3 (зв.вел.)

ОБОЗНАЧЕНИЯ
RA        прямое восхождение, тек.эпоха
DECL      склонение, тек.эпоха
RARate    скорость по пр.восх., арксек/мин
DeclRate  скорость по склонению, арксек/мин
HourAng   часовой угол
Az        азимут
Um        угол места
Phase     фазовый угол
Range     дальность
Mag       зв.величина (оценка)

   Date        UTC        RA         DECL      RARate   DeclRate    HourAng      Az     Um    Phase  Range  Mag
2010-04-17  01:20:00  20 12 13.7  -20 41 50  +000861.8 +000131.8  20 49 08.5  135.307 10.261  93.74  42307 16.5
2010-04-17  01:30:00  20 21 50.5  -20 19 01  +000868.5 +000142.0  20 49 33.4  135.191 10.637  96.02  42030 16.6
2010-04-17  01:40:00  20 31 31.7  -19 54 30  +000875.2 +000152.2  20 49 53.8  135.045 11.028  98.31  41752 16.7
2010-04-17  01:50:00  20 41 17.4  -19 28 17  +000881.9 +000162.5  20 50 09.8  134.869 11.434 100.65  41473 16.7
2010-04-17  02:00:00  20 51 07.6  -19 00 21  +000888.7 +000172.8  20 50 21.2  134.662 11.855 102.99  41193 16.8
2010-04-17  02:10:00  21 01 02.4  -18 30 42  +000895.5 +000183.0  20 50 28.1  134.423 12.292 105.38  40912 16.9

   Date        UTC        RA         DECL      RARate   DeclRate    HourAng      Az     Um    Phase  Range  Mag
2010-04-17  17:50:00  12 46 08.3  -10 17 57  +000621.8 -000192.1  20 47 56.6  129.362 18.932  13.87  47128 15.5
2010-04-17  18:00:00  12 53 02.4  -10 49 48  +000620.5 -000190.1  20 51 04.1  130.348 18.898  12.17  47217 15.5
2010-04-17  18:10:00  12 59 55.7  -11 21 19  +000619.6 -000188.1  20 54 12.4  131.333 18.862  10.49  47299 15.4
2010-04-17  18:20:00  13 06 48.5  -11 52 29  +000618.8 -000185.9  20 57 21.3  132.314 18.825   8.87  47373 15.4
2010-04-17  18:30:00  13 13 40.9  -12 23 17  +000618.4 -000183.6  21 00 30.5  133.291 18.785   7.31  47441 15.4
2010-04-17  18:40:00  13 20 33.1  -12 53 41  +000618.2 -000181.2  21 03 40.0  134.264 18.742   5.87  47502 15.4
2010-04-17  18:50:00  13 27 25.3  -13 23 41  +000618.3 -000178.7  21 06 49.4  135.231 18.696   4.64  47556 15.4
2010-04-17  19:00:00  13 34 17.6  -13 53 15     <<SHADOW>>        21 09 58.8  136.192 18.648   3.85  47603 ----
2010-04-17  19:10:00  13 41 10.2  -14 22 22     <<SHADOW>>        21 13 07.8  137.145 18.597   3.75  47643 ----
2010-04-17  19:20:00  13 48 03.3  -14 51 01     <<SHADOW>>        21 16 16.3  138.090 18.544   4.40  47675 ----
2010-04-17  19:30:00  13 54 57.1  -15 19 11     <<SHADOW>>        21 19 24.2  139.027 18.488   5.53  47701 ----
2010-04-17  19:40:00  14 01 51.6  -15 46 50     <<SHADOW>>        21 22 31.3  139.954 18.429   6.91  47719 ----
2010-04-17  19:50:00  14 08 47.1  -16 13 58     <<SHADOW>>        21 25 37.4  140.870 18.367   8.42  47730 ----
2010-04-17  20:00:00  14 15 43.8  -16 40 34     <<SHADOW>>        21 28 42.4  141.776 18.304   9.99  47734 ----
2010-04-17  20:10:00  14 22 41.7  -17 06 35     <<SHADOW>>        21 31 46.2  142.670 18.238  11.61  47731 ----
2010-04-17  20:20:00  14 29 41.0  -17 32 01  +000630.2 -000150.8  21 34 48.5  143.551 18.170  13.25  47721 15.5
2010-04-17  20:30:00  14 36 41.9  -17 56 51  +000632.6 -000147.1  21 37 49.2  144.419 18.101  14.91  47703 15.5
2010-04-17  20:40:00  14 43 44.6  -18 21 04  +000635.3 -000143.3  21 40 48.2  145.274 18.031  16.58  47678 15.5
2010-04-17  20:50:00  14 50 49.1  -18 44 37  +000638.3 -000139.3  21 43 45.3  146.114 17.959  18.26  47646 15.5
2010-04-17  21:00:00  14 57 55.6  -19 07 30  +000641.4 -000135.3  21 46 40.4  146.939 17.888  19.95  47607 15.5
2010-04-17  21:10:00  15 05 04.3  -19 29 42  +000644.7 -000131.0  21 49 33.4  147.749 17.816  21.65  47560 15.5
2010-04-17  21:20:00  15 12 15.3  -19 51 10  +000648.2 -000126.7  21 52 24.1  148.543 17.745  23.34  47506 15.5
2010-04-17  21:30:00  15 19 28.7  -20 11 55  +000652.0 -000122.1  21 55 12.3  149.320 17.674  25.06  47445 15.5
2010-04-17  21:40:00  15 26 44.6  -20 31 53  +000655.9 -000117.5  21 57 58.0  150.081 17.606  26.77  47376 15.5
2010-04-17  21:50:00  15 34 03.3  -20 51 04  +000660.0 -000112.7  22 00 41.0  150.824 17.539  28.50  47300 15.6
2010-04-17  22:00:00  15 41 24.7  -21 09 26  +000664.3 -000107.7  22 03 21.2  151.548 17.474  30.22  47217 15.6
2010-04-17  22:10:00  15 48 49.1  -21 26 58  +000668.8 -000102.6  22 05 58.5  152.255 17.413  31.96  47126 15.6
2010-04-17  22:20:00  15 56 16.5  -21 43 37  +000673.5 -000097.3  22 08 32.7  152.943 17.356  33.69  47029 15.6
2010-04-17  22:30:00  16 03 47.0  -21 59 24  +000678.3 -000091.9  22 11 03.8  153.612 17.304  35.45  46923 15.6
2010-04-17  22:40:00  16 11 20.9  -22 14 15  +000683.3 -000086.3  22 13 31.6  154.261 17.257  37.20  46811 15.6
2010-04-17  22:50:00  16 18 58.1  -22 28 09  +000688.4 -000080.5  22 15 56.0  154.891 17.215  38.97  46691 15.6
2010-04-17  23:00:00  16 26 38.8  -22 41 04  +000693.7 -000074.6  22 18 17.0  155.501 17.181  40.74  46564 15.6
2010-04-17  23:10:00  16 34 23.1  -22 52 59  +000699.1 -000068.4  22 20 34.3  156.090 17.153  42.53  46430 15.7
2010-04-17  23:20:00  16 42 11.0  -23 03 52  +000704.7 -000062.1  22 22 48.0  156.659 17.134  44.32  46289 15.7
2010-04-17  23:30:00  16 50 02.7  -23 13 41  +000710.4 -000055.6  22 24 58.0  157.207 17.124  46.13  46140 15.7
2010-04-17  23:40:00  16 57 58.2  -23 22 25  +000716.2 -000049.0  22 27 04.1  157.735 17.124  47.94  45985 15.7
2010-04-17  23:50:00  17 05 57.7  -23 30 00  +000722.2 -000042.1  22 29 06.3  158.241 17.134  49.78  45822 15.7
2010-04-18  00:00:00  17 14 01.1  -23 36 26  +000728.2 -000035.1  22 31 04.5  158.726 17.156  51.61  45653 15.8
2010-04-18  00:10:00  17 22 08.6  -23 41 41  +000734.4 -000027.8  22 32 58.6  159.190 17.189  53.47  45477 15.8
2010-04-18  00:20:00  17 30 20.3  -23 45 43  +000740.6 -000020.4  22 34 48.6  159.632 17.236  55.34  45293 15.8
2010-04-18  00:30:00  17 38 36.1  -23 48 29  +000746.9 -000012.8  22 36 34.5  160.053 17.296  57.23  45104 15.8
2010-04-18  00:40:00  17 46 56.1  -23 49 58  +000753.3 -000005.0  22 38 16.1  160.452 17.371  59.12  44907 15.8
2010-04-18  00:50:00  17 55 20.4  -23 50 07  +000759.7 +000003.1  22 39 53.4  160.829 17.461  61.04  44704 15.9
2010-04-18  01:00:00  18 03 49.1  -23 48 56  +000766.3 +000011.3  22 41 26.4  161.184 17.567  62.97  44495 15.9
2010-04-18  01:10:00  18 12 22.2  -23 46 22  +000772.9 +000019.7  22 42 55.0  161.517 17.690  64.92  44280 15.9
2010-04-18  01:20:00  18 20 59.6  -23 42 23  +000779.5 +000028.2  22 44 19.2  161.828 17.831  66.88  44058 15.9
2010-04-18  01:30:00  18 29 41.5  -23 36 57  +000786.2 +000037.0  22 45 38.9  162.117 17.990  68.88  43831 16.0
2010-04-18  01:40:00  18 38 27.8  -23 30 02  +000792.9 +000046.0  22 46 54.2  162.384 18.168  70.88  43598 16.0
2010-04-18  01:50:00  18 47 18.6  -23 21 37  +000799.6 +000055.1  22 48 05.1  162.628 18.366  72.91  43359 16.0
2010-04-18  02:00:00  18 56 13.9  -23 11 39  +000806.3 +000064.4  22 49 11.5  162.850 18.584  74.95  43116 16.1

   Date        UTC        RA         DECL      RARate   DeclRate    HourAng      Az     Um    Phase  Range  Mag
2010-04-18  17:50:00  11 19 56.3  -04 19 14  +000650.8 -000211.0  22 18 05.1  148.639 34.490  36.83  44253 15.5
2010-04-18  18:00:00  11 27 08.6  -04 54 21  +000646.0 -000210.3  22 20 54.5  149.687 34.192  34.96  44437 15.5
2010-04-18  18:10:00  11 34 17.7  -05 29 19  +000641.5 -000209.4  22 23 47.0  150.740 33.891  33.10  44616 15.5
2010-04-18  18:20:00  11 41 24.0  -06 04 08  +000637.3 -000208.3  22 26 42.4  151.797 33.586  31.26  44789 15.5
2010-04-18  18:30:00  11 48 27.5  -06 38 45  +000633.4 -000207.1  22 29 40.4  152.856 33.278  29.43  44956 15.5
2010-04-18  18:40:00  11 55 28.7  -07 13 09  +000629.9 -000205.7  22 32 41.0  153.916 32.965  27.63  45117 15.4
2010-04-18  18:50:00  12 02 27.5  -07 47 18  +000626.8 -000204.2  22 35 43.7  154.976 32.649  25.83  45272 15.4
2010-04-18  19:00:00  12 09 24.4  -08 21 12  +000623.9 -000202.5  22 38 48.5  156.035 32.328  24.06  45421 15.4
2010-04-18  19:10:00  12 16 19.5  -08 54 49  +000621.3 -000200.8  22 41 55.1  157.091 32.003  22.29  45564 15.4
2010-04-18  19:20:00  12 23 13.0  -09 28 07  +000619.1 -000198.9  22 45 03.2  158.143 31.674  20.54  45701 15.4
2010-04-18  19:30:00  12 30 05.1  -10 01 06  +000617.2 -000196.9  22 48 12.8  159.190 31.340  18.81  45831 15.4
2010-04-18  19:40:00  12 36 55.9  -10 33 44  +000615.5 -000194.7  22 51 23.5  160.231 31.003  17.10  45955 15.4
2010-04-18  19:50:00  12 43 45.8  -11 05 60  +000614.2 -000192.5  22 54 35.3  161.265 30.661  15.41  46072 15.4
2010-04-18  20:00:00  12 50 34.9  -11 37 53  +000613.1 -000190.1  22 57 47.9  162.291 30.316  13.75  46183 15.4
2010-04-18  20:10:00  12 57 23.3  -12 09 22  +000612.3 -000187.6  23 01 01.1  163.309 29.967  12.11  46287 15.4
2010-04-18  20:20:00  13 04 11.4  -12 40 25  +000611.8 -000185.0  23 04 14.7  164.316 29.614  10.52  46385 15.4
2010-04-18  20:30:00  13 10 59.2  -13 11 02  +000611.6 -000182.3  23 07 28.5  165.313 29.259   8.99  46475 15.4
2010-04-18  20:40:00  13 17 46.9  -13 41 12  +000611.6 -000179.5  23 10 42.5  166.299 28.901   7.55  46559 15.4
2010-04-18  20:50:00  13 24 34.7  -14 10 53     <<SHADOW>>        23 13 56.3  167.272 28.540   6.26  46636 ----
2010-04-18  21:00:00  13 31 22.8  -14 40 04     <<SHADOW>>        23 17 09.9  168.233 28.177   5.23  46705 ----
2010-04-18  21:10:00  13 38 11.3  -15 08 45     <<SHADOW>>        23 20 23.0  169.181 27.812   4.62  46768 ----
2010-04-18  21:20:00  13 45 00.5  -15 36 54     <<SHADOW>>        23 23 35.4  170.114 27.446   4.61  46824 ----
2010-04-18  21:30:00  13 51 50.4  -16 04 29     <<SHADOW>>        23 26 47.2  171.034 27.080   5.20  46872 ----
2010-04-18  21:40:00  13 58 41.3  -16 31 31     <<SHADOW>>        23 29 57.9  171.938 26.713   6.20  46913 ----
2010-04-18  21:50:00  14 05 33.3  -16 57 58     <<SHADOW>>        23 33 07.5  172.827 26.346   7.47  46947 ----
2010-04-18  22:00:00  14 12 26.5  -17 23 49     <<SHADOW>>        23 36 15.9  173.700 25.981   8.87  46974 ----
2010-04-18  22:10:00  14 19 21.2  -17 49 03  +000623.1 -000149.4  23 39 22.9  174.557 25.616  10.37  46993 15.4
2010-04-18  22:20:00  14 26 17.5  -18 13 38  +000625.6 -000145.5  23 42 28.3  175.398 25.254  11.91  47004 15.4
2010-04-18  22:30:00  14 33 15.4  -18 37 33  +000628.3 -000141.5  23 45 32.0  176.221 24.895  13.51  47008 15.4
2010-04-18  22:40:00  14 40 15.2  -19 00 48  +000631.2 -000137.4  23 48 33.8  177.028 24.538  15.11  47005 15.5
2010-04-18  22:50:00  14 47 17.1  -19 23 20  +000634.3 -000133.1  23 51 33.6  177.818 24.186  16.75  46994 15.5
2010-04-18  23:00:00  14 54 21.1  -19 45 09  +000637.7 -000128.7  23 54 31.3  178.591 23.838  18.38  46975 15.5
2010-04-18  23:10:00  15 01 27.3  -20 06 14  +000641.2 -000124.2  23 57 26.6  179.346 23.496  20.04  46949 15.5
2010-04-18  23:20:00  15 08 36.0  -20 26 33  +000644.9 -000119.6  00 00 19.6  180.083 23.160  21.70  46915 15.5
2010-04-18  23:30:00  15 15 47.3  -20 46 05  +000648.9 -000114.8  00 03 10.0  180.803 22.831  23.39  46873 15.5
2010-04-18  23:40:00  15 23 01.2  -21 04 48  +000653.0 -000109.9  00 05 57.7  181.505 22.509  25.06  46823 15.5
2010-04-18  23:50:00  15 30 18.0  -21 22 42  +000657.3 -000104.8  00 08 42.6  182.190 22.196  26.76  46766 15.5
2010-04-19  00:00:00  15 37 37.6  -21 39 44  +000661.8 -000099.6  00 11 24.6  182.857 21.891  28.46  46701 15.5
2010-04-19  00:10:00  15 45 00.3  -21 55 54  +000666.4 -000094.3  00 14 03.5  183.506 21.597  30.18  46628 15.5
2010-04-19  00:20:00  15 52 26.2  -22 11 09  +000671.3 -000088.8  00 16 39.3  184.138 21.313  31.89  46547 15.6
2010-04-19  00:30:00  15 59 55.4  -22 25 28  +000676.2 -000083.1  00 19 11.7  184.753 21.041  33.62  46458 15.6
2010-04-19  00:40:00  16 07 27.9  -22 38 51  +000681.4 -000077.3  00 21 40.9  185.350 20.781  35.36  46362 15.6
2010-04-19  00:50:00  16 15 03.9  -22 51 14  +000686.7 -000071.3  00 24 06.5  185.930 20.534  37.11  46257 15.6
2010-04-19  01:00:00  16 22 43.5  -23 02 37  +000692.1 -000065.2  00 26 28.5  186.494 20.300  38.86  46145 15.6
2010-04-19  01:10:00  16 30 26.8  -23 12 58  +000697.7 -000058.9  00 28 46.9  187.040 20.082  40.64  46025 15.6
2010-04-19  01:20:00  16 38 13.8  -23 22 15  +000703.4 -000052.4  00 31 01.6  187.570 19.878  42.41  45898 15.6
2010-04-19  01:30:00  16 46 04.6  -23 30 27  +000709.2 -000045.8  00 33 12.3  188.084 19.691  44.21  45762 15.7
2010-04-19  01:40:00  16 53 59.4  -23 37 31  +000715.2 -000039.0  00 35 19.2  188.581 19.521  46.01  45619 15.7
2010-04-19  01:50:00  17 01 58.2  -23 43 26  +000721.2 -000032.0  00 37 22.1  189.063 19.369  47.83  45469 15.7
2010-04-19  02:00:00  17 10 01.0  -23 48 11  +000727.4 -000024.8  00 39 20.9  189.529 19.236  49.66  45310 15.7

   Date        UTC        RA         DECL      RARate   DeclRate    HourAng      Az     Um    Phase  Range  Mag
2010-04-19  17:50:00  09 44 13.5  +02 09 41  +000735.3 -000209.2  23 57 44.5  179.191 45.761  62.54  41233 15.7
2010-04-19  18:00:00  09 52 20.5  +01 34 41  +000725.8 -000210.8  23 59 39.1  179.877 45.181  60.45  41488 15.7
2010-04-19  18:10:00  10 00 21.3  +00 59 26  +000716.7 -000212.1  00 01 40.0  180.585 44.592  58.36  41740 15.7
2010-04-19  18:20:00  10 08 16.2  +00 23 59  +000708.1 -000213.1  00 03 46.7  181.313 43.995  56.31  41988 15.6
2010-04-19  18:30:00  10 16 05.5  -00 11 36  +000699.9 -000213.9  00 05 59.0  182.059 43.391  54.27  42234 15.6
2010-04-19  18:40:00  10 23 49.5  -00 47 17  +000692.1 -000214.3  00 08 16.7  182.820 42.779  52.27  42476 15.6
2010-04-19  18:50:00  10 31 28.4  -01 23 02  +000684.7 -000214.5  00 10 39.4  183.594 42.161  50.27  42715 15.6
2010-04-19  19:00:00  10 39 02.6  -01 58 46  +000677.7 -000214.4  00 13 06.9  184.379 41.537  48.30  42949 15.6
2010-04-19  19:10:00  10 46 32.2  -02 34 30  +000671.1 -000214.2  00 15 38.9  185.174 40.906  46.34  43180 15.6
2010-04-19  19:20:00  10 53 57.5  -03 10 09  +000664.9 -000213.7  00 18 15.2  185.976 40.269  44.42  43406 15.5
2010-04-19  19:30:00  11 01 18.8  -03 45 43  +000659.1 -000213.0  00 20 55.5  186.784 39.627  42.50  43628 15.5
2010-04-19  19:40:00  11 08 36.4  -04 21 09  +000653.7 -000212.1  00 23 39.6  187.596 38.980  40.61  43845 15.5
2010-04-19  19:50:00  11 15 50.6  -04 56 25  +000648.7 -000211.1  00 26 27.1  188.410 38.328  38.72  44057 15.5
2010-04-19  20:00:00  11 23 01.4  -05 31 29  +000644.0 -000209.8  00 29 17.9  189.225 37.671  36.86  44264 15.5
2010-04-19  20:10:00  11 30 09.3  -06 06 21  +000639.6 -000208.5  00 32 11.7  190.041 37.010  35.01  44466 15.5
2010-04-19  20:20:00  11 37 14.4  -06 40 58  +000635.6 -000206.9  00 35 08.3  190.855 36.346  33.19  44663 15.5
2010-04-19  20:30:00  11 44 16.9  -07 15 19  +000632.0 -000205.3  00 38 07.4  191.666 35.678  31.36  44854 15.5
2010-04-19  20:40:00  11 51 17.1  -07 49 23  +000628.7 -000203.4  00 41 08.8  192.474 35.008  29.57  45040 15.5
2010-04-19  20:50:00  11 58 15.2  -08 23 08  +000625.7 -000201.5  00 44 12.3  193.277 34.334  27.78  45220 15.5
2010-04-19  21:00:00  12 05 11.5  -08 56 33  +000623.1 -000199.4  00 47 17.7  194.074 33.659  26.02  45393 15.4
2010-04-19  21:10:00  12 12 06.0  -09 29 37  +000620.7 -000197.3  00 50 24.8  194.866 32.982  24.26  45561 15.4
2010-04-19  21:20:00  12 18 59.2  -10 02 18  +000618.7 -000195.0  00 53 33.3  195.650 32.304  22.53  45723 15.4
2010-04-19  21:30:00  12 25 51.0  -10 34 36  +000617.0 -000192.5  00 56 43.1  196.427 31.626  20.80  45878 15.4
2010-04-19  21:40:00  12 32 41.9  -11 06 29  +000615.5 -000190.0  00 59 53.9  197.196 30.947  19.10  46027 15.4
2010-04-19  21:50:00  12 39 31.8  -11 37 56  +000614.4 -000187.4  01 03 05.6  197.955 30.268  17.41  46169 15.4
2010-04-19  22:00:00  12 46 21.1  -12 08 57  +000613.5 -000184.7  01 06 17.9  198.705 29.590  15.75  46305 15.4
2010-04-19  22:10:00  12 53 10.0  -12 39 29  +000613.0 -000181.8  01 09 30.7  199.446 28.914  14.11  46434 15.4
2010-04-19  22:20:00  12 59 58.5  -13 09 33  +000612.7 -000178.9  01 12 43.8  200.176 28.239  12.52  46556 15.4
2010-04-19  22:30:00  13 06 47.0  -13 39 08  +000612.7 -000175.9  01 15 57.0  200.895 27.567  10.95  46671 15.4
2010-04-19  22:40:00  13 13 35.5  -14 08 11  +000612.9 -000172.8  01 19 10.1  201.604 26.898   9.47  46778 15.4
2010-04-19  22:50:00  13 20 24.2  -14 36 43     <<SHADOW>>        01 22 23.0  202.302 26.232   8.06  46879 ----
2010-04-19  23:00:00  13 27 13.4  -15 04 42     <<SHADOW>>        01 25 35.5  202.988 25.571   6.82  46972 ----
2010-04-19  23:10:00  13 34 03.2  -15 32 08     <<SHADOW>>        01 28 47.3  203.662 24.914   5.81  47058 ----
2010-04-19  23:20:00  13 40 53.7  -15 58 59     <<SHADOW>>        01 31 58.4  204.325 24.263   5.18  47137 ----
2010-04-19  23:30:00  13 47 45.2  -16 25 14     <<SHADOW>>        01 35 08.6  204.976 23.617   5.08  47208 ----
2010-04-19  23:40:00  13 54 37.7  -16 50 53     <<SHADOW>>        01 38 17.7  205.615 22.979   5.52  47271 ----
2010-04-19  23:50:00  14 01 31.5  -17 15 54     <<SHADOW>>        01 41 25.6  206.242 22.347   6.40  47326 ----
2010-04-20  00:00:00  14 08 26.7  -17 40 17     <<SHADOW>>        01 44 32.1  206.857 21.723   7.56  47374 ----
2010-04-20  00:10:00  14 15 23.4  -18 04 00  +000626.3 -000140.3  01 47 37.0  207.460 21.107   8.90  47414 15.4
2010-04-20  00:20:00  14 22 21.8  -18 27 03  +000629.0 -000136.2  01 50 40.2  208.051 20.500  10.33  47445 15.5
2010-04-20  00:30:00  14 29 22.0  -18 49 24  +000631.8 -000132.0  01 53 41.6  208.630 19.903  11.85  47469 15.5
2010-04-20  00:40:00  14 36 24.3  -19 11 03  +000634.9 -000127.7  01 56 41.0  209.197 19.317  13.40  47485 15.5
2010-04-20  00:50:00  14 43 28.6  -19 31 57  +000638.2 -000123.2  01 59 38.4  209.752 18.741  15.00  47493 15.5
2010-04-20  01:00:00  14 50 35.2  -19 52 07  +000641.7 -000118.7  02 02 33.4  210.296 18.176  16.61  47492 15.5
2010-04-20  01:10:00  14 57 44.2  -20 11 31  +000645.3 -000114.0  02 05 26.1  210.828 17.624  18.25  47483 15.5
2010-04-20  01:20:00  15 04 55.7  -20 30 07  +000649.2 -000109.2  02 08 16.2  211.349 17.085  19.89  47466 15.5
2010-04-20  01:30:00  15 12 09.8  -20 47 55  +000653.3 -000104.3  02 11 03.7  211.859 16.559  21.56  47441 15.5
2010-04-20  01:40:00  15 19 26.7  -21 04 53  +000657.5 -000099.3  02 13 48.5  212.357 16.047  23.23  47407 15.5
2010-04-20  01:50:00  15 26 46.5  -21 21 00  +000661.9 -000094.1  02 16 30.3  212.845 15.550  24.93  47365 15.5
2010-04-20  02:00:00  15 34 09.3  -21 36 15  +000666.5 -000088.8  02 19 09.2  213.323 15.069  26.62  47314 15.5

   Date        UTC        RA         DECL      RARate   DeclRate    HourAng      Az     Um    Phase  Range  Mag
2010-04-20  18:00:00  08 03 06.8  +07 27 46  +000864.7 -000167.8  01 52 49.4  220.787 44.160  89.23  39010 16.2
2010-04-20  18:10:00  08 12 38.8  +06 59 16  +000851.3 -000174.1  01 53 19.0  220.639 43.681  86.82  39280 16.2
2010-04-20  18:20:00  08 22 01.9  +06 29 46  +000838.2 -000179.7  01 53 57.5  220.529 43.171  84.46  39552 16.1
2010-04-20  18:30:00  08 31 16.4  +05 59 23  +000825.4 -000184.8  01 54 44.7  220.456 42.630  82.10  39826 16.1
2010-04-20  18:40:00  08 40 22.5  +05 28 12  +000812.9 -000189.4  01 55 40.2  220.418 42.063  79.79  40101 16.0
2010-04-20  18:50:00  08 49 20.4  +04 56 17  +000800.9 -000193.4  01 56 44.0  220.415 41.469  77.50  40376 16.0
2010-04-20  19:00:00  08 58 10.4  +04 23 45  +000789.2 -000197.0  01 57 55.6  220.445 40.850  75.25  40653 16.0
2010-04-20  19:10:00  09 06 52.8  +03 50 39  +000777.9 -000200.1  01 59 14.9  220.506 40.210  73.01  40929 15.9
2010-04-20  19:20:00  09 15 27.7  +03 17 04  +000767.0 -000202.7  02 00 41.6  220.598 39.548  70.81  41205 15.9
2010-04-20  19:30:00  09 23 55.5  +02 43 05  +000756.5 -000205.0  02 02 15.4  220.720 38.866  68.62  41480 15.9
2010-04-20  19:40:00  09 32 16.5  +02 08 46  +000746.5 -000206.9  02 03 56.1  220.868 38.167  66.47  41754 15.8
2010-04-20  19:50:00  09 40 30.9  +01 34 09  +000736.8 -000208.4  02 05 43.4  221.042 37.450  64.33  42026 15.8
2010-04-20  20:00:00  09 48 39.0  +00 59 19  +000727.6 -000209.5  02 07 36.9  221.240 36.718  62.23  42297 15.8
2010-04-20  20:10:00  09 56 41.2  +00 24 19  +000718.8 -000210.4  02 09 36.4  221.460 35.972  60.14  42565 15.7
2010-04-20  20:20:00  10 04 37.6  -00 10 48  +000710.5 -000210.9  02 11 41.6  221.701 35.213  58.09  42831 15.7
2010-04-20  20:30:00  10 12 28.6  -00 45 59  +000702.6 -000211.2  02 13 52.2  221.961 34.442  56.04  43095 15.7
2010-04-20  20:40:00  10 20 14.5  -01 21 11  +000695.0 -000211.2  02 16 08.0  222.239 33.660  54.03  43355 15.7
2010-04-20  20:50:00  10 27 55.4  -01 56 23  +000687.9 -000211.0  02 18 28.7  222.533 32.868  52.03  43613 15.7
2010-04-20  21:00:00  10 35 31.8  -02 31 30  +000681.2 -000210.5  02 20 53.9  222.842 32.068  50.06  43866 15.6
2010-04-20  21:10:00  10 43 03.8  -03 06 32  +000674.9 -000209.9  02 23 23.6  223.164 31.260  48.09  44116 15.6
2010-04-20  21:20:00  10 50 31.8  -03 41 27  +000669.0 -000209.0  02 25 57.3  223.498 30.444  46.16  44362 15.6
2010-04-20  21:30:00  10 57 55.9  -04 16 12  +000663.5 -000207.9  02 28 34.8  223.844 29.623  44.23  44603 15.6
2010-04-20  21:40:00  11 05 16.5  -04 50 45  +000658.3 -000206.7  02 31 15.8  224.199 28.796  42.34  44840 15.6
2010-04-20  21:50:00  11 12 33.7  -05 25 05  +000653.5 -000205.3  02 34 00.2  224.562 27.965  40.44  45072 15.6
2010-04-20  22:00:00  11 19 47.9  -05 59 10  +000649.1 -000203.7  02 36 47.7  224.933 27.131  38.58  45300 15.6
2010-04-20  22:10:00  11 26 59.2  -06 32 58  +000645.0 -000202.0  02 39 38.0  225.310 26.293  36.72  45522 15.6
2010-04-20  22:20:00  11 34 07.9  -07 06 29  +000641.3 -000200.2  02 42 30.9  225.694 25.453  34.88  45738 15.5
2010-04-20  22:30:00  11 41 14.3  -07 39 41  +000637.9 -000198.2  02 45 26.2  226.081 24.612  33.05  45950 15.5
2010-04-20  22:40:00  11 48 18.5  -08 12 33  +000634.8 -000196.1  02 48 23.6  226.473 23.771  31.25  46155 15.5
2010-04-20  22:50:00  11 55 20.8  -08 45 02  +000632.1 -000193.9  02 51 23.0  226.867 22.929  29.45  46354 15.5
2010-04-20  23:00:00  12 02 21.4  -09 17 10  +000629.7 -000191.5  02 54 24.1  227.264 22.088  27.67  46548 15.5
2010-04-20  23:10:00  12 09 20.5  -09 48 53  +000627.6 -000189.1  02 57 26.6  227.663 21.248  25.90  46735 15.5
2010-04-20  23:20:00  12 16 18.2  -10 20 11  +000625.8 -000186.6  03 00 30.5  228.063 20.411  24.15  46915 15.5
2010-04-20  23:30:00  12 23 14.9  -10 51 04  +000624.3 -000183.9  03 03 35.5  228.463 19.576  22.40  47089 15.5
2010-04-20  23:40:00  12 30 10.7  -11 21 29  +000623.1 -000181.2  03 06 41.3  228.863 18.744  20.69  47256 15.5
2010-04-20  23:50:00  12 37 05.8  -11 51 27  +000622.2 -000178.4  03 09 47.9  229.262 17.916  18.97  47416 15.5
2010-04-21  00:00:00  12 44 00.4  -12 20 56  +000621.6 -000175.4  03 12 54.9  229.661 17.093  17.29  47569 15.5
2010-04-21  00:10:00  12 50 54.6  -12 49 55  +000621.2 -000172.4  03 16 02.3  230.058 16.274  15.62  47715 15.5
2010-04-21  00:20:00  12 57 48.7  -13 18 24  +000621.1 -000169.3  03 19 09.9  230.453 15.462  13.98  47854 15.5
2010-04-21  00:30:00  13 04 42.8  -13 46 22  +000621.3 -000166.2  03 22 17.4  230.846 14.656  12.36  47985 15.5
2010-04-21  00:40:00  13 11 37.2  -14 13 47  +000621.7 -000162.9  03 25 24.7  231.236 13.856  10.80  48108 15.5
2010-04-21  00:50:00  13 18 31.9  -14 40 39     <<SHADOW>>        03 28 31.6  231.624 13.064   9.29  48224 ----
2010-04-21  01:00:00  13 25 27.1  -15 06 58     <<SHADOW>>        03 31 38.0  232.009 12.280   7.89  48332 ----
2010-04-21  01:10:00  13 32 23.1  -15 32 41     <<SHADOW>>        03 34 43.7  232.390 11.505   6.64  48432 ----
2010-04-21  01:20:00  13 39 20.0  -15 57 49     <<SHADOW>>        03 37 48.5  232.768 10.739   5.64  48524 ----

   Date        UTC        RA         DECL      RARate   DeclRate    HourAng      Az     Um    Phase  Range  Mag
2010-04-21  18:00:00  05 57 25.8  +10 38 05  +001020.3 -000050.2  04 02 26.9  255.468 27.791 121.29  37799 17.4
2010-04-21  18:10:00  06 08 41.9  +10 28 36  +001008.1 -000063.5  04 01 12.4  255.094 27.882 118.52  38003 17.3
2010-04-21  18:20:00  06 19 49.8  +10 16 57  +000995.5 -000076.3  04 00 06.2  254.719 27.923 115.80  38216 17.2
2010-04-21  18:30:00  06 30 49.2  +10 03 13  +000982.5 -000088.4  03 59 08.4  254.346 27.914 113.09  38437 17.1
2010-04-21  18:40:00  06 41 39.8  +09 47 31  +000969.3 -000099.8  03 58 19.5  253.979 27.856 110.42  38667 17.0
2010-04-21  18:50:00  06 52 21.5  +09 29 59  +000955.8 -000110.6  03 57 39.4  253.619 27.750 107.78  38904 16.9
2010-04-21  19:00:00  07 02 54.2  +09 10 42  +000942.3 -000120.6  03 57 08.3  253.269 27.597 105.17  39148 16.8
2010-04-21  19:10:00  07 13 17.9  +08 49 48  +000928.6 -000130.0  03 56 46.3  252.930 27.398 102.58  39398 16.7
2010-04-21  19:20:00  07 23 32.5  +08 27 23  +000915.0 -000138.8  03 56 33.4  252.606 27.155 100.04  39654 16.6
2010-04-21  19:30:00  07 33 38.0  +08 03 35  +000901.5 -000146.8  03 56 29.5  252.296 26.869  97.51  39916 16.5
2010-04-21  19:40:00  07 43 34.6  +07 38 28  +000888.1 -000154.3  03 56 34.6  252.003 26.542  95.03  40182 16.5
2010-04-21  19:50:00  07 53 22.2  +07 12 11  +000874.9 -000161.1  03 56 48.5  251.729 26.175  92.56  40452 16.4
2010-04-21  20:00:00  08 03 01.1  +06 44 49  +000861.9 -000167.3  03 57 11.3  251.473 25.770  90.14  40726 16.4
2010-04-21  20:10:00  08 12 31.5  +06 16 28  +000849.1 -000172.9  03 57 42.6  251.237 25.329  87.73  41004 16.3
2010-04-21  20:20:00  08 21 53.3  +05 47 14  +000836.6 -000177.9  03 58 22.4  251.021 24.853  85.37  41284 16.2
2010-04-21  20:30:00  08 31 07.0  +05 17 12  +000824.4 -000182.4  03 59 10.4  250.826 24.345  83.02  41566 16.2
2010-04-21  20:40:00  08 40 12.6  +04 46 27  +000812.5 -000186.4  04 00 06.4  250.652 23.805  80.71  41850 16.2
2010-04-21  20:50:00  08 49 10.5  +04 15 05  +000801.1 -000189.9  04 01 10.1  250.499 23.236  78.41  42135 16.1
2010-04-21  21:00:00  08 58 00.8  +03 43 10  +000790.0 -000193.0  04 02 21.4  250.367 22.639  76.16  42421 16.1
2010-04-21  21:10:00  09 06 43.9  +03 10 47  +000779.2 -000195.6  04 03 40.1  250.255 22.017  73.92  42707 16.0
2010-04-21  21:20:00  09 15 19.9  +02 37 60  +000768.9 -000197.8  04 05 05.7  250.165 21.370  71.71  42993 16.0
2010-04-21  21:30:00  09 23 49.1  +02 04 52  +000758.9 -000199.6  04 06 38.1  250.094 20.700  69.52  43279 16.0
2010-04-21  21:40:00  09 32 11.9  +01 31 28  +000749.4 -000201.1  04 08 17.0  250.043 20.009  67.37  43564 15.9
2010-04-21  21:50:00  09 40 28.4  +00 57 52  +000740.3 -000202.2  04 10 02.1  250.012 19.299  65.23  43847 15.9
2010-04-21  22:00:00  09 48 39.0  +00 24 05  +000731.6 -000203.0  04 11 53.1  249.998 18.570  63.12  44129 15.9
2010-04-21  22:10:00  09 56 44.0  -00 09 48  +000723.3 -000203.5  04 13 49.8  250.003 17.825  61.03  44409 15.9
2010-04-21  22:20:00  10 04 43.5  -00 43 45  +000715.4 -000203.8  04 15 52.0  250.025 17.064  58.96  44686 15.8
2010-04-21  22:30:00  10 12 37.9  -01 17 42  +000707.9 -000203.7  04 17 59.2  250.063 16.290  56.91  44961 15.8
2010-04-21  22:40:00  10 20 27.4  -01 51 39  +000700.8 -000203.5  04 20 11.3  250.117 15.502  54.89  45233 15.8
2010-04-21  22:50:00  10 28 12.3  -02 25 31  +000694.1 -000203.0  04 22 28.0  250.186 14.703  52.88  45501 15.8
2010-04-21  23:00:00  10 35 52.9  -02 59 17  +000687.8 -000202.3  04 24 49.1  250.269 13.894  50.89  45766 15.7
2010-04-21  23:10:00  10 43 29.4  -03 32 56  +000681.8 -000201.4  04 27 14.2  250.366 13.076  48.92  46027 15.7
2010-04-21  23:20:00  10 51 02.1  -04 06 24  +000676.3 -000200.3  04 29 43.1  250.475 12.249  46.97  46283 15.7
2010-04-21  23:30:00  10 58 31.3  -04 39 41  +000671.1 -000199.0  04 32 15.7  250.596 11.415  45.03  46535 15.7
2010-04-21  23:40:00  11 05 57.1  -05 12 44  +000666.3 -000197.6  04 34 51.5  250.729 10.576  43.12  46782 15.7

   Date        UTC        RA         DECL      RARate   DeclRate    HourAng      Az     Um    Phase  Range  Mag
2010-04-30  19:30:00  15 24 22.0  -19 50 23  +000652.7 -000119.9  20 41 14.5  133.249 10.015  13.48  48429 15.5
2010-04-30  19:40:00  15 31 38.2  -20 09 59  +000656.0 -000115.3  20 43 59.9  133.982 10.082  15.19  48366 15.5
2010-04-30  19:50:00  15 38 56.6  -20 28 49  +000659.4 -000110.6  20 46 43.1  134.701 10.151  16.92  48297 15.5
2010-04-30  20:00:00  15 46 17.4  -20 46 51  +000663.0 -000105.8  20 49 24.0  135.404 10.221  18.64  48220 15.5
2010-04-30  20:10:00  15 53 40.6  -21 04 04  +000666.7 -000100.8  20 52 02.4  136.091 10.293  20.39  48136 15.5
2010-04-30  20:20:00  16 01 06.4  -21 20 27  +000670.7 -000095.7  20 54 38.3  136.762 10.367  22.12  48045 15.5
2010-04-30  20:30:00  16 08 34.9  -21 35 57  +000674.7 -000090.4  20 57 11.5  137.416 10.443  23.87  47946 15.5
2010-04-30  20:40:00  16 16 06.1  -21 50 34  +000679.0 -000085.0  20 59 41.9  138.053 10.523  25.62  47840 15.6
2010-04-30  20:50:00  16 23 40.2  -22 04 16  +000683.3 -000079.4  21 02 09.5  138.672 10.606  27.39  47726 15.6
2010-04-30  21:00:00  16 31 17.2  -22 17 01  +000687.9 -000073.6  21 04 34.0  139.273 10.693  29.15  47606 15.6
2010-04-30  21:10:00  16 38 57.4  -22 28 49  +000692.5 -000067.7  21 06 55.6  139.855 10.785  30.93  47478 15.6
2010-04-30  21:20:00  16 46 40.6  -22 39 36  +000697.3 -000061.7  21 09 13.9  140.419 10.882  32.71  47343 15.6
2010-04-30  21:30:00  16 54 27.1  -22 49 22  +000702.2 -000055.5  21 11 29.1  140.963 10.985  34.50  47201 15.6
2010-04-30  21:40:00  17 02 16.9  -22 58 05  +000707.2 -000049.1  21 13 40.9  141.488 11.094  36.30  47051 15.6
2010-04-30  21:50:00  17 10 10.1  -23 05 43  +000712.4 -000042.5  21 15 49.4  141.993 11.210  38.12  46895 15.6
2010-04-30  22:00:00  17 18 06.7  -23 12 15  +000717.6 -000035.8  21 17 54.4  142.478 11.333  39.93  46732 15.6
2010-04-30  22:10:00  17 26 06.9  -23 17 39  +000723.0 -000028.9  21 19 55.9  142.942 11.464  41.77  46562 15.7
2010-04-30  22:20:00  17 34 10.7  -23 21 53  +000728.4 -000021.9  21 21 53.7  143.385 11.604  43.61  46385 15.7
2010-04-30  22:30:00  17 42 18.1  -23 24 56  +000733.9 -000014.6  21 23 47.9  143.807 11.753  45.48  46201 15.7
2010-04-30  22:40:00  17 50 29.3  -23 26 46  +000739.5 -000007.2  21 25 38.4  144.208 11.913  47.34  46010 15.7
2010-04-30  22:50:00  17 58 44.2  -23 27 20  +000745.2 +000000.4  21 27 25.1  144.588 12.083  49.23  45813 15.7
2010-04-30  23:00:00  18 07 02.9  -23 26 38  +000751.0 +000008.1  21 29 08.1  144.945 12.264  51.12  45610 15.7
2010-04-30  23:10:00  18 15 25.5  -23 24 38  +000756.8 +000016.0  21 30 47.2  145.281 12.457  53.05  45400 15.8
2010-04-30  23:20:00  18 23 52.0  -23 21 17  +000762.7 +000024.1  21 32 22.3  145.594 12.662  54.97  45184 15.8
2010-04-30  23:30:00  18 32 22.4  -23 16 35  +000768.6 +000032.4  21 33 53.5  145.884 12.881  56.93  44962 15.8
2010-04-30  23:40:00  18 40 56.8  -23 10 29  +000774.6 +000040.8  21 35 20.7  146.151 13.113  58.88  44734 15.8
2010-04-30  23:50:00  18 49 35.3  -23 02 58  +000780.7 +000049.4  21 36 43.9  146.396 13.360  60.87  44501 15.9
2010-05-01  00:00:00  18 58 17.8  -22 54 01  +000786.8 +000058.1  21 38 03.1  146.616 13.621  62.87  44262 15.9
2010-05-01  00:10:00  19 07 04.3  -22 43 35  +000792.9 +000067.0  21 39 18.2  146.814 13.898  64.90  44017 15.9
2010-05-01  00:20:00  19 15 55.0  -22 31 40  +000799.1 +000076.1  21 40 29.2  146.987 14.191  66.94  43768 15.9
2010-05-01  00:30:00  19 24 49.8  -22 18 14  +000805.4 +000085.2  21 41 36.0  147.136 14.500  69.01  43514 16.0
2010-05-01  00:40:00  19 33 48.8  -22 03 15  +000811.7 +000094.6  21 42 38.6  147.261 14.826  71.09  43255 16.0
2010-05-01  00:50:00  19 42 52.0  -21 46 43  +000818.0 +000104.0  21 43 37.1  147.360 15.169  73.20  42991 16.0
2010-05-01  01:00:00  19 51 59.4  -21 28 35  +000824.4 +000113.5  21 44 31.3  147.435 15.530  75.33  42724 16.1
2010-05-01  01:10:00  20 01 11.1  -21 08 52  +000830.8 +000123.1  21 45 21.2  147.483 15.909  77.50  42453 16.1
2010-05-01  01:20:00  20 10 27.1  -20 47 33  +000837.2 +000132.8  21 46 06.9  147.506 16.305  79.67  42179 16.1
2010-05-01  01:30:00  20 19 47.4  -20 24 35  +000843.8 +000142.6  21 46 48.2  147.503 16.721  81.89  41901 16.2
2010-05-01  01:40:00  20 29 12.1  -20 00 00  +000850.4 +000152.5  21 47 25.1  147.472 17.154  84.12  41621 16.2
