ЭФЕМЕРИДЫ ПО ОБЪЕКТУ:  95363
Для пункта:  10016 Маяки   46 23'50.68"   30 16'17.74"    14m
C   2010-04-15 12:00
по  2010-05-01 12:00
Шаг  0:10:00
Мин.угол места:          10 град
Макс.угол места Солнца: -10 град
Стандартный блеск :      8.8 (зв.вел.)

ОБОЗНАЧЕНИЯ
RA        прямое восхождение, тек.эпоха
DECL      склонение, тек.эпоха
RARate    скорость по пр.восх., арксек/мин
DeclRate  скорость по склонению, арксек/мин
HourAng   часовой угол
Az        азимут
Um        угол места
Phase     фазовый угол
Range     дальность
Mag       зв.величина (оценка)

   Date        UTC        RA         DECL      RARate   DeclRate    HourAng      Az     Um    Phase  Range  Mag
2010-04-15  17:50:00  12 11 26.1  -04 55 35  +000647.5 -000256.4  21 14 45.7  132.429 26.996  21.33  44673 15.9
2010-04-15  18:00:00  12 18 36.1  -05 38 13  +000642.7 -000255.0  21 17 37.3  133.520 26.745  19.44  44861 15.9
2010-04-15  18:10:00  12 25 43.1  -06 20 36  +000638.4 -000253.5  21 20 31.9  134.616 26.493  17.55  45043 15.9
2010-04-15  18:20:00  12 32 47.4  -07 02 43  +000634.4 -000251.8  21 23 29.3  135.714 26.240  15.70  45220 15.9
2010-04-15  18:30:00  12 39 49.1  -07 44 31  +000630.8 -000249.9  21 26 29.2  136.813 25.986  13.86  45391 15.9
2010-04-15  18:40:00  12 46 48.5  -08 26 00  +000627.5 -000247.9  21 29 31.4  137.912 25.732  12.05  45557 15.9
2010-04-15  18:50:00  12 53 45.9  -09 07 08  +000624.6 -000245.6  21 32 35.7  139.010 25.475  10.27  45717 15.9
2010-04-15  19:00:00  13 00 41.5  -09 47 53  +000622.1 -000243.3  21 35 41.8  140.104 25.217   8.53  45871 15.9
2010-04-15  19:10:00  13 07 35.4  -10 28 13  +000619.9 -000240.8  21 38 49.5  141.196 24.956   6.84  46019 15.9
2010-04-15  19:20:00  13 14 28.0  -11 08 08  +000618.0 -000238.1  21 41 58.5  142.282 24.694   5.28  46162 15.9
2010-04-15  19:30:00  13 21 19.5  -11 47 35  +000616.4 -000235.3  21 45 08.7  143.362 24.429   3.92  46298 15.9
2010-04-15  19:40:00  13 28 10.0  -12 26 33     <<SHADOW>>        21 48 19.8  144.436 24.162   3.07  46428 ----
2010-04-15  19:50:00  13 34 59.7  -13 05 01     <<SHADOW>>        21 51 31.7  145.501 23.892   3.14  46552 ----
2010-04-15  20:00:00  13 41 49.0  -13 42 58     <<SHADOW>>        21 54 44.1  146.557 23.620   4.07  46670 ----
2010-04-15  20:10:00  13 48 37.9  -14 20 22     <<SHADOW>>        21 57 56.8  147.603 23.346   5.44  46781 ----
2010-04-15  20:20:00  13 55 26.7  -14 57 11     <<SHADOW>>        22 01 09.7  148.638 23.070   6.97  46886 ----
2010-04-15  20:30:00  14 02 15.5  -15 33 26     <<SHADOW>>        22 04 22.5  149.661 22.793   8.59  46984 ----
2010-04-15  20:40:00  14 09 04.6  -16 09 03     <<SHADOW>>        22 07 35.1  150.672 22.513  10.24  47076 ----
2010-04-15  20:50:00  14 15 54.1  -16 44 03  +000614.6 -000208.0  22 10 47.2  151.670 22.232  11.91  47160 15.9
2010-04-15  21:00:00  14 22 44.2  -17 18 24  +000615.7 -000204.0  22 13 58.8  152.653 21.950  13.59  47239 16.0
2010-04-15  21:10:00  14 29 35.0  -17 52 03  +000617.0 -000199.9  22 17 09.6  153.622 21.668  15.28  47310 16.0
2010-04-15  21:20:00  14 36 26.8  -18 25 01  +000618.5 -000195.7  22 20 19.4  154.576 21.385  16.96  47375 16.0
2010-04-15  21:30:00  14 43 19.7  -18 57 16  +000620.3 -000191.3  22 23 28.1  155.513 21.103  18.66  47432 16.0
2010-04-15  21:40:00  14 50 13.9  -19 28 46  +000622.3 -000186.8  22 26 35.6  156.435 20.820  20.34  47482 16.0
2010-04-15  21:50:00  14 57 09.5  -19 59 31  +000624.5 -000182.1  22 29 41.7  157.339 20.540  22.04  47526 16.0
2010-04-15  22:00:00  15 04 06.7  -20 29 28  +000627.0 -000177.3  22 32 46.1  158.226 20.260  23.72  47562 16.0
2010-04-15  22:10:00  15 11 05.6  -20 58 37  +000629.7 -000172.4  22 35 48.9  159.096 19.984  25.41  47591 16.0
2010-04-15  22:20:00  15 18 06.3  -21 26 56  +000632.6 -000167.4  22 38 49.8  159.947 19.710  27.09  47612 16.1
2010-04-15  22:30:00  15 25 09.1  -21 54 24  +000635.7 -000162.2  22 41 48.7  160.780 19.439  28.78  47627 16.1
2010-04-15  22:40:00  15 32 14.0  -22 20 59  +000639.0 -000156.8  22 44 45.4  161.595 19.173  30.46  47633 16.1
2010-04-15  22:50:00  15 39 21.1  -22 46 40  +000642.5 -000151.3  22 47 39.9  162.390 18.911  32.16  47633 16.1
2010-04-15  23:00:00  15 46 30.7  -23 11 25  +000646.2 -000145.7  22 50 32.0  163.167 18.655  33.84  47624 16.1
2010-04-15  23:10:00  15 53 42.7  -23 35 13  +000650.0 -000139.9  22 53 21.6  163.924 18.406  35.53  47608 16.1
2010-04-15  23:20:00  16 00 57.4  -23 58 03  +000654.0 -000134.0  22 56 08.6  164.663 18.163  37.22  47585 16.2
2010-04-15  23:30:00  16 08 14.8  -24 19 52  +000658.2 -000127.9  22 58 52.8  165.381 17.928  38.92  47553 16.2
2010-04-15  23:40:00  16 15 35.0  -24 40 40  +000662.5 -000121.6  23 01 34.2  166.081 17.702  40.61  47515 16.2
2010-04-15  23:50:00  16 22 58.1  -25 00 24  +000667.0 -000115.2  23 04 12.7  166.761 17.486  42.31  47468 16.2
2010-04-16  00:00:00  16 30 24.3  -25 19 03  +000671.5 -000108.6  23 06 48.2  167.422 17.279  44.01  47413 16.2
2010-04-16  00:10:00  16 37 53.6  -25 36 36  +000676.2 -000101.9  23 09 20.6  168.064 17.084  45.72  47351 16.2
2010-04-16  00:20:00  16 45 26.0  -25 52 60  +000681.0 -000094.9  23 11 49.8  168.686 16.900  47.43  47280 16.3
2010-04-16  00:30:00  16 53 01.6  -26 08 14  +000686.0 -000087.9  23 14 15.8  169.290 16.729  49.15  47202 16.3
2010-04-16  00:40:00  17 00 40.6  -26 22 17  +000690.9 -000080.6  23 16 38.5  169.875 16.571  50.87  47116 16.3
2010-04-16  00:50:00  17 08 22.9  -26 35 05  +000696.0 -000073.1  23 18 57.9  170.442 16.428  52.61  47021 16.3
2010-04-16  01:00:00  17 16 08.6  -26 46 39  +000701.1 -000065.5  23 21 13.8  170.990 16.300  54.34  46919 16.4
2010-04-16  01:10:00  17 23 57.7  -26 56 55  +000706.3 -000057.7  23 23 26.3  171.521 16.188  56.09  46809 16.4
2010-04-16  01:20:00  17 31 50.3  -27 05 53  +000711.5 -000049.7  23 25 35.4  172.034 16.092  57.84  46691 16.4
2010-04-16  01:30:00  17 39 46.4  -27 13 30  +000716.8 -000041.6  23 27 40.9  172.529 16.014  59.61  46565 16.4
2010-04-16  01:40:00  17 47 46.1  -27 19 44  +000722.1 -000033.2  23 29 42.9  173.007 15.955  61.37  46432 16.5
2010-04-16  01:50:00  17 55 49.2  -27 24 34  +000727.4 -000024.7  23 31 41.4  173.469 15.915  63.16  46290 16.5
2010-04-16  02:00:00  18 03 55.9  -27 27 58  +000732.7 -000016.0  23 33 36.4  173.915 15.895  64.95  46141 16.5
2010-04-16  02:10:00  18 12 06.1  -27 29 54  +000738.0 -000007.1  23 35 27.8  174.344 15.895  66.76  45984 16.5

   Date        UTC        RA         DECL      RARate   DeclRate    HourAng      Az     Um    Phase  Range  Mag
2010-04-16  17:50:00  10 25 32.1  +04 01 42  +000744.0 -000261.0  23 04 36.2  159.912 45.957  50.20  40709 16.0
2010-04-16  18:00:00  10 33 44.5  +03 18 02  +000733.4 -000262.9  23 06 25.4  160.786 45.355  48.04  40965 16.0
2010-04-16  18:10:00  10 41 50.0  +02 34 05  +000723.2 -000264.5  23 08 21.6  161.683 44.748  45.89  41220 15.9
2010-04-16  18:20:00  10 49 48.9  +01 49 54  +000713.5 -000265.6  23 10 24.3  162.601 44.136  43.78  41472 15.9
2010-04-16  18:30:00  10 57 41.4  +01 05 34  +000704.3 -000266.4  23 12 33.4  163.537 43.521  41.69  41722 15.9
2010-04-16  18:40:00  11 05 28.0  +00 21 08  +000695.6 -000266.8  23 14 48.5  164.488 42.900  39.63  41970 15.9
2010-04-16  18:50:00  11 13 09.0  -00 23 21  +000687.3 -000266.8  23 17 09.2  165.452 42.276  37.57  42214 15.9
2010-04-16  19:00:00  11 20 44.6  -01 07 48  +000679.6 -000266.6  23 19 35.2  166.425 41.647  35.56  42456 15.9
2010-04-16  19:10:00  11 28 15.2  -01 52 12  +000672.3 -000266.1  23 22 06.3  167.407 41.015  33.55  42694 15.9
2010-04-16  19:20:00  11 35 41.1  -02 36 29  +000665.4 -000265.3  23 24 42.0  168.394 40.378  31.57  42928 15.9
2010-04-16  19:30:00  11 43 02.6  -03 20 37  +000659.0 -000264.3  23 27 22.2  169.385 39.738  29.61  43159 15.9
2010-04-16  19:40:00  11 50 19.9  -04 04 34  +000653.1 -000263.0  23 30 06.5  170.378 39.094  27.68  43386 15.9
2010-04-16  19:50:00  11 57 33.4  -04 48 16  +000647.5 -000261.5  23 32 54.6  171.370 38.446  25.75  43609 15.9
2010-04-16  20:00:00  12 04 43.4  -05 31 43  +000642.4 -000259.8  23 35 46.3  172.362 37.796  23.86  43828 15.9
2010-04-16  20:10:00  12 11 50.1  -06 14 51  +000637.7 -000257.9  23 38 41.2  173.350 37.142  21.98  44042 15.9
2010-04-16  20:20:00  12 18 53.8  -06 57 39  +000633.4 -000255.8  23 41 39.2  174.334 36.485  20.13  44251 15.8
2010-04-16  20:30:00  12 25 54.7  -07 40 06  +000629.5 -000253.5  23 44 39.8  175.312 35.826  18.29  44456 15.8
2010-04-16  20:40:00  12 32 53.2  -08 22 09  +000626.0 -000251.0  23 47 43.0  176.283 35.165  16.49  44655 15.8
2010-04-16  20:50:00  12 39 49.5  -09 03 46  +000622.8 -000248.4  23 50 48.4  177.246 34.502  14.71  44850 15.9
2010-04-16  21:00:00  12 46 43.7  -09 44 57  +000620.0 -000245.7  23 53 55.8  178.199 33.837  12.96  45039 15.9
2010-04-16  21:10:00  12 53 36.2  -10 25 39  +000617.5 -000242.8  23 57 05.0  179.143 33.171  11.25  45222 15.9
2010-04-16  21:20:00  13 00 27.1  -11 05 52  +000615.4 -000239.7  00 00 15.7  180.076 32.505   9.60  45400 15.9
2010-04-16  21:30:00  13 07 16.8  -11 45 34  +000613.6 -000236.6  00 03 27.6  180.997 31.838   8.01  45572 15.9
2010-04-16  21:40:00  13 14 05.4  -12 24 43  +000612.2 -000233.3  00 06 40.7  181.906 31.171   6.55  45739 15.9
2010-04-16  21:50:00  13 20 53.2  -13 03 19     <<SHADOW>>        00 09 54.6  182.801 30.506   5.30  45899 ----
2010-04-16  22:00:00  13 27 40.3  -13 41 19     <<SHADOW>>        00 13 09.1  183.683 29.841   4.43  46053 ----
2010-04-16  22:10:00  13 34 26.9  -14 18 44     <<SHADOW>>        00 16 24.1  184.551 29.178   4.16  46201 ----
2010-04-16  22:20:00  13 41 13.4  -14 55 31     <<SHADOW>>        00 19 39.3  185.405 28.518   4.60  46343 ----
2010-04-16  22:30:00  13 47 59.7  -15 31 39     <<SHADOW>>        00 22 54.6  186.244 27.860   5.58  46477 ----
2010-04-16  22:40:00  13 54 46.3  -16 07 08     <<SHADOW>>        00 26 09.7  187.067 27.206   6.85  46606 ----
2010-04-16  22:50:00  14 01 33.2  -16 41 56     <<SHADOW>>        00 29 24.4  187.875 26.555   8.30  46727 ----
2010-04-16  23:00:00  14 08 20.6  -17 16 02  +000611.6 -000202.4  00 32 38.6  188.668 25.910   9.81  46841 15.9
2010-04-16  23:10:00  14 15 08.7  -17 49 24  +000612.8 -000198.1  00 35 52.2  189.445 25.270  11.39  46949 15.9
2010-04-16  23:20:00  14 21 57.7  -18 22 03  +000614.2 -000193.6  00 39 04.8  190.205 24.635  12.99  47049 15.9
2010-04-16  23:30:00  14 28 47.7  -18 53 56  +000615.9 -000189.0  00 42 16.4  190.950 24.008  14.62  47142 16.0
2010-04-16  23:40:00  14 35 39.0  -19 25 03  +000617.9 -000184.3  00 45 26.8  191.679 23.387  16.25  47228 16.0
2010-04-16  23:50:00  14 42 31.6  -19 55 21  +000620.0 -000179.5  00 48 35.8  192.392 22.775  17.90  47306 16.0
2010-04-17  00:00:00  14 49 25.8  -20 24 51  +000622.5 -000174.5  00 51 43.3  193.089 22.171  19.54  47376 16.0
2010-04-17  00:10:00  14 56 21.6  -20 53 31  +000625.1 -000169.4  00 54 49.1  193.770 21.576  21.19  47439 16.0
2010-04-17  00:20:00  15 03 19.3  -21 21 20  +000627.9 -000164.3  00 57 53.1  194.435 20.991  22.84  47494 16.0
2010-04-17  00:30:00  15 10 18.9  -21 48 16  +000631.0 -000159.0  01 00 55.1  195.085 20.417  24.51  47542 16.0
2010-04-17  00:40:00  15 17 20.6  -22 14 19  +000634.3 -000153.5  01 03 55.0  195.719 19.854  26.16  47581 16.0
2010-04-17  00:50:00  15 24 24.6  -22 39 26  +000637.7 -000148.0  01 06 52.7  196.338 19.303  27.83  47612 16.1
2010-04-17  01:00:00  15 31 31.0  -23 03 38  +000641.4 -000142.3  01 09 48.0  196.942 18.765  29.49  47635 16.1
2010-04-17  01:10:00  15 38 39.8  -23 26 51  +000645.2 -000136.4  01 12 40.8  197.531 18.241  31.16  47650 16.1
2010-04-17  01:20:00  15 45 51.2  -23 49 06  +000649.2 -000130.5  01 15 31.0  198.106 17.730  32.82  47657 16.1
2010-04-17  01:30:00  15 53 05.3  -24 10 21  +000653.3 -000124.4  01 18 18.5  198.667 17.235  34.50  47656 16.1
2010-04-17  01:40:00  16 00 22.3  -24 30 33  +000657.6 -000118.1  01 21 03.2  199.214 16.754  36.17  47646 16.1
2010-04-17  01:50:00  16 07 42.2  -24 49 43  +000662.0 -000111.8  01 23 45.0  199.748 16.291  37.86  47627 16.2
2010-04-17  02:00:00  16 15 05.1  -25 07 48  +000666.6 -000105.2  01 26 23.7  200.269 15.843  39.54  47601 16.2
2010-04-17  02:10:00  16 22 31.0  -25 24 47  +000671.3 -000098.5  01 28 59.4  200.777 15.414  41.24  47566 16.2

   Date        UTC        RA         DECL      RARate   DeclRate    HourAng      Az     Um    Phase  Range  Mag
2010-04-17  17:50:00  08 17 24.2  +12 00 54  +000925.8 -000188.9  01 16 40.6  211.435 51.988  83.84  37554 16.5
2010-04-17  18:00:00  08 27 36.2  +11 28 34  +000910.2 -000199.0  01 16 30.2  211.053 51.502  81.30  37804 16.4
2010-04-17  18:10:00  08 37 37.8  +10 54 38  +000894.6 -000208.2  01 16 30.3  210.727 50.975  78.77  38058 16.4
2010-04-17  18:20:00  08 47 29.2  +10 19 13  +000879.3 -000216.6  01 16 40.6  210.457 50.408  76.30  38317 16.4
2010-04-17  18:30:00  08 57 10.3  +09 42 28  +000864.3 -000224.2  01 17 01.1  210.241 49.806  73.83  38579 16.3
2010-04-17  18:40:00  09 06 41.6  +09 04 31  +000849.5 -000231.0  01 17 31.5  210.079 49.170  71.42  38845 16.3
2010-04-17  18:50:00  09 16 03.2  +08 25 30  +000835.2 -000237.1  01 18 11.5  209.969 48.502  69.01  39113 16.2
2010-04-17  19:00:00  09 25 15.3  +07 45 31  +000821.2 -000242.5  01 19 01.0  209.909 47.807  66.65  39383 16.2
2010-04-17  19:10:00  09 34 18.3  +07 04 42  +000807.7 -000247.2  01 19 59.7  209.897 47.085  64.31  39656 16.2
2010-04-17  19:20:00  09 43 12.4  +06 23 09  +000794.6 -000251.3  01 21 07.3  209.929 46.338  62.01  39930 16.1
2010-04-17  19:30:00  09 51 57.9  +05 40 58  +000782.0 -000254.8  01 22 23.4  210.005 45.569  59.72  40205 16.1
2010-04-17  19:40:00  10 00 35.2  +04 58 15  +000769.9 -000257.7  01 23 47.7  210.120 44.780  57.48  40480 16.1
2010-04-17  19:50:00  10 09 04.6  +04 15 06  +000758.3 -000260.1  01 25 20.0  210.272 43.973  55.25  40756 16.1
2010-04-17  20:00:00  10 17 26.4  +03 31 34  +000747.2 -000262.0  01 26 59.8  210.459 43.148  53.05  41032 16.0
2010-04-17  20:10:00  10 25 40.9  +02 47 46  +000736.6 -000263.5  01 28 46.9  210.678 42.308  50.87  41307 16.0
2010-04-17  20:20:00  10 33 48.6  +02 03 46  +000726.4 -000264.5  01 30 40.9  210.926 41.454  48.73  41581 16.0
2010-04-17  20:30:00  10 41 49.6  +01 19 38  +000716.8 -000265.1  01 32 41.5  211.201 40.588  46.60  41855 16.0
2010-04-17  20:40:00  10 49 44.5  +00 35 25  +000707.7 -000265.4  01 34 48.3  211.500 39.711  44.51  42127 16.0
2010-04-17  20:50:00  10 57 33.4  -00 08 48  +000699.1 -000265.2  01 37 01.1  211.821 38.823  42.43  42397 16.0
2010-04-17  21:00:00  11 05 16.7  -00 52 59  +000690.9 -000264.8  01 39 19.4  212.162 37.927  40.39  42665 16.0
2010-04-17  21:10:00  11 12 54.7  -01 37 04  +000683.3 -000264.1  01 41 43.0  212.521 37.024  38.35  42930 15.9
2010-04-17  21:20:00  11 20 27.8  -02 20 60  +000676.1 -000263.1  01 44 11.5  212.896 36.114  36.36  43193 15.9
2010-04-17  21:30:00  11 27 56.3  -03 04 44  +000669.4 -000261.8  01 46 44.7  213.284 35.198  34.36  43452 15.9
2010-04-17  21:40:00  11 35 20.4  -03 48 15  +000663.1 -000260.3  01 49 22.2  213.685 34.278  32.41  43709 15.9
2010-04-17  21:50:00  11 42 40.5  -04 31 29  +000657.2 -000258.5  01 52 03.8  214.096 33.354  30.46  43962 15.9
2010-04-17  22:00:00  11 49 56.8  -05 14 25  +000651.8 -000256.6  01 54 49.1  214.516 32.428  28.55  44211 15.9
2010-04-17  22:10:00  11 57 09.7  -05 57 00  +000646.8 -000254.4  01 57 37.9  214.944 31.499  26.64  44456 15.9
2010-04-17  22:20:00  12 04 19.4  -06 39 13  +000642.3 -000252.1  02 00 29.8  215.378 30.570  24.77  44697 15.9
2010-04-17  22:30:00  12 11 26.2  -07 21 01  +000638.1 -000249.5  02 03 24.7  215.817 29.640  22.91  44933 15.9
2010-04-17  22:40:00  12 18 30.3  -08 02 23  +000634.3 -000246.9  02 06 22.2  216.259 28.711  21.08  45165 15.9
2010-04-17  22:50:00  12 25 32.0  -08 43 18  +000630.9 -000244.0  02 09 22.1  216.705 27.783  19.26  45391 15.9
2010-04-17  23:00:00  12 32 31.6  -09 23 44  +000627.9 -000241.1  02 12 24.1  217.152 26.857  17.48  45613 15.9
2010-04-17  23:10:00  12 39 29.3  -10 03 39  +000625.3 -000237.9  02 15 28.1  217.600 25.934  15.72  45829 15.9
2010-04-17  23:20:00  12 46 25.4  -10 43 02  +000623.0 -000234.7  02 18 33.7  218.048 25.014  14.00  46039 15.9
2010-04-17  23:30:00  12 53 20.0  -11 21 52  +000621.0 -000231.3  02 21 40.7  218.495 24.099  12.30  46244 15.9
2010-04-17  23:40:00  13 00 13.5  -12 00 08  +000619.4 -000227.8  02 24 48.9  218.941 23.188  10.68  46442 15.9
2010-04-17  23:50:00  13 07 06.0  -12 37 49     <<SHADOW>>        02 27 58.0  219.385 22.282   9.11  46634 ----
2010-04-18  00:00:00  13 13 57.7  -13 14 52     <<SHADOW>>        02 31 08.0  219.826 21.383   7.66  46820 ----
2010-04-18  00:10:00  13 20 48.9  -13 51 19     <<SHADOW>>        02 34 18.4  220.264 20.491   6.37  46999 ----
2010-04-18  00:20:00  13 27 39.7  -14 27 06     <<SHADOW>>        02 37 29.2  220.699 19.606   5.38  47172 ----
2010-04-18  00:30:00  13 34 30.4  -15 02 14     <<SHADOW>>        02 40 40.2  221.130 18.729   4.85  47338 ----
2010-04-18  00:40:00  13 41 21.2  -15 36 41     <<SHADOW>>        02 43 51.0  221.556 17.860   4.92  47496 ----
2010-04-18  00:50:00  13 48 12.2  -16 10 26     <<SHADOW>>        02 47 01.7  221.978 17.001   5.56  47648 ----
2010-04-18  01:00:00  13 55 03.6  -16 43 29     <<SHADOW>>        02 50 11.9  222.395 16.152   6.60  47792 ----
2010-04-18  01:10:00  14 01 55.7  -17 15 48  +000618.7 -000191.7  02 53 21.4  222.806 15.313   7.89  47929 16.0
2010-04-18  01:20:00  14 08 48.6  -17 47 22  +000620.0 -000187.1  02 56 30.2  223.213 14.485   9.31  48058 16.0
2010-04-18  01:30:00  14 15 42.4  -18 18 10  +000621.5 -000182.5  02 59 38.0  223.614 13.669  10.82  48179 16.0
2010-04-18  01:40:00  14 22 37.4  -18 48 12  +000623.4 -000177.8  03 02 44.7  224.010 12.865  12.37  48292 16.0
2010-04-18  01:50:00  14 29 33.6  -19 17 27  +000625.4 -000173.0  03 05 50.1  224.400 12.074  13.97  48397 16.0
2010-04-18  02:00:00  14 36 31.3  -19 45 52  +000627.7 -000168.1  03 08 54.0  224.784 11.297  15.57  48494 16.0

   Date        UTC        RA         DECL      RARate   DeclRate    HourAng      Az     Um    Phase  Range  Mag
2010-04-18  17:50:00  05 45 25.8  +14 48 54  +001091.5 +000011.5  03 52 35.6  256.767 32.480 121.75  36571 17.9
2010-04-18  18:00:00  05 57 30.8  +14 49 11  +001083.2 -000008.1  03 50 32.3  256.346 32.828 118.85  36703 17.7
2010-04-18  18:10:00  06 09 29.8  +14 46 15  +001073.7 -000027.1  03 48 34.9  255.899 33.120 115.96  36847 17.6
2010-04-18  18:20:00  06 21 22.2  +14 40 10  +001063.3 -000045.6  03 46 44.1  255.430 33.356 113.10  37003 17.5
2010-04-18  18:30:00  06 33 07.3  +14 31 04  +001051.9 -000063.5  03 45 00.7  254.942 33.533 110.26  37171 17.4
2010-04-18  18:40:00  06 44 44.5  +14 19 04  +001039.7 -000080.6  03 43 25.1  254.441 33.652 107.46  37349 17.3
2010-04-18  18:50:00  06 56 13.3  +14 04 15  +001026.7 -000097.0  03 41 57.9  253.929 33.714 104.67  37538 17.2
2010-04-18  19:00:00  07 07 33.3  +13 46 47  +001013.2 -000112.5  03 40 39.6  253.412 33.717 101.92  37737 17.1
2010-04-18  19:10:00  07 18 44.1  +13 26 48  +000999.1 -000127.2  03 39 30.4  252.893 33.662  99.18  37946 17.0
2010-04-18  19:20:00  07 29 45.4  +13 04 26  +000984.7 -000141.0  03 38 30.8  252.376 33.551  96.49  38163 16.9
2010-04-18  19:30:00  07 40 37.0  +12 39 50  +000969.9 -000154.0  03 37 40.8  251.866 33.385  93.81  38390 16.8
2010-04-18  19:40:00  07 51 18.6  +12 13 09  +000955.0 -000166.0  03 37 00.8  251.365 33.164  91.18  38623 16.8
2010-04-18  19:50:00  08 01 50.3  +11 44 32  +000939.9 -000177.2  03 36 30.8  250.877 32.890  88.56  38865 16.7
2010-04-18  20:00:00  08 12 11.9  +11 14 08  +000924.9 -000187.5  03 36 10.9  250.404 32.565  85.98  39113 16.6
2010-04-18  20:10:00  08 22 23.5  +10 42 05  +000909.9 -000197.0  03 36 00.9  249.950 32.191  83.42  39368 16.6
2010-04-18  20:20:00  08 32 25.1  +10 08 32  +000895.0 -000205.6  03 36 01.0  249.517 31.770  80.91  39628 16.5
2010-04-18  20:30:00  08 42 16.8  +09 33 36  +000880.3 -000213.4  03 36 10.9  249.105 31.303  78.41  39893 16.5
2010-04-18  20:40:00  08 51 58.9  +08 57 27  +000865.9 -000220.4  03 36 30.4  248.718 30.794  75.96  40164 16.4
2010-04-18  20:50:00  09 01 31.4  +08 20 12  +000851.7 -000226.6  03 36 59.6  248.356 30.244  73.52  40438 16.4
2010-04-18  21:00:00  09 10 54.6  +07 41 57  +000838.0 -000232.2  03 37 38.0  248.020 29.655  71.12  40716 16.4
2010-04-18  21:10:00  09 20 08.8  +07 02 50  +000824.5 -000237.0  03 38 25.5  247.710 29.030  68.74  40998 16.3
2010-04-18  21:20:00  09 29 14.1  +06 22 58  +000811.5 -000241.3  03 39 21.8  247.428 28.371  66.40  41282 16.3
2010-04-18  21:30:00  09 38 10.9  +05 42 27  +000799.0 -000244.9  03 40 26.6  247.172 27.680  64.08  41568 16.3
2010-04-18  21:40:00  09 46 59.5  +05 01 23  +000786.8 -000247.9  03 41 39.7  246.943 26.960  61.80  41857 16.2
2010-04-18  21:50:00  09 55 40.2  +04 19 51  +000775.2 -000250.4  03 43 00.7  246.741 26.212  59.53  42146 16.2
2010-04-18  22:00:00  10 04 13.2  +03 37 56  +000764.0 -000252.4  03 44 29.3  246.565 25.438  57.30  42436 16.2
2010-04-18  22:10:00  10 12 39.0  +02 55 44  +000753.3 -000253.9  03 46 05.2  246.414 24.641  55.09  42727 16.2
2010-04-18  22:20:00  10 20 57.7  +02 13 19  +000743.1 -000255.0  03 47 48.0  246.287 23.823  52.91  43018 16.1
2010-04-18  22:30:00  10 29 09.9  +01 30 46  +000733.3 -000255.7  03 49 37.6  246.185 22.985  50.75  43308 16.1
2010-04-18  22:40:00  10 37 15.6  +00 48 07  +000724.1 -000255.9  03 51 33.4  246.105 22.129  48.62  43597 16.1
2010-04-18  22:50:00  10 45 15.4  +00 05 28  +000715.3 -000255.9  03 53 35.2  246.046 21.257  46.50  43886 16.1
2010-04-18  23:00:00  10 53 09.6  -00 37 09  +000707.1 -000255.5  03 55 42.8  246.009 20.371  44.42  44172 16.1
2010-04-18  23:10:00  11 00 58.3  -01 19 40  +000699.2 -000254.8  03 57 55.7  245.991 19.471  42.35  44456 16.1
2010-04-18  23:20:00  11 08 42.0  -02 02 03  +000691.9 -000253.8  04 00 13.6  245.992 18.561  40.32  44739 16.1
2010-04-18  23:30:00  11 16 20.9  -02 44 15  +000685.0 -000252.5  04 02 36.3  246.011 17.641  38.29  45018 16.0
2010-04-18  23:40:00  11 23 55.4  -03 26 12  +000678.6 -000251.0  04 05 03.5  246.046 16.712  36.30  45294 16.0
2010-04-18  23:50:00  11 31 25.8  -04 07 54  +000672.6 -000249.3  04 07 34.8  246.096 15.776  34.32  45567 16.0
2010-04-19  00:00:00  11 38 52.3  -04 49 17  +000667.0 -000247.3  04 10 09.9  246.161 14.834  32.37  45836 16.0
2010-04-19  00:10:00  11 46 15.2  -05 30 20  +000661.9 -000245.2  04 12 48.6  246.240 13.887  30.42  46101 16.0
2010-04-19  00:20:00  11 53 34.9  -06 11 00  +000657.1 -000242.9  04 15 30.6  246.331 12.937  28.51  46362 16.0
2010-04-19  00:30:00  12 00 51.5  -06 51 17  +000652.8 -000240.4  04 18 15.6  246.434 11.985  26.61  46618 16.0
2010-04-19  00:40:00  12 08 05.3  -07 31 07  +000648.9 -000237.7  04 21 03.4  246.547 11.031  24.73  46870 16.0
2010-04-19  00:50:00  12 15 16.7  -08 10 31  +000645.3 -000234.9  04 23 53.7  246.670 10.077  22.87  47116 16.0

   Date        UTC        RA         DECL      RARate   DeclRate    HourAng      Az     Um    Phase  Range  Mag
2010-04-19  20:20:00  06 12 47.7  +13 50 46  +001059.5 -000035.0  05 59 34.9  279.574 10.051 116.13  39184 17.7
2010-04-19  20:30:00  06 24 30.7  +13 43 31  +001049.4 -000052.0  05 57 53.5  279.190 10.252 113.29  39343 17.6
2010-04-19  20:40:00  06 36 06.7  +13 33 28  +001038.5 -000068.4  05 56 19.1  278.794 10.400 110.48  39514 17.5
2010-04-19  20:50:00  06 47 35.3  +13 20 44  +001026.9 -000084.2  05 54 52.3  278.387 10.496 107.69  39697 17.4
2010-04-19  21:00:00  06 58 55.8  +13 05 26  +001014.6 -000099.2  05 53 33.4  277.973 10.538 104.93  39890 17.3
2010-04-19  21:10:00  07 10 07.9  +12 47 42  +001001.7 -000113.5  05 52 22.9  277.555 10.528 102.19  40094 17.2
2010-04-19  21:20:00  07 21 11.3  +12 27 39  +000988.4 -000127.0  05 51 21.1  277.134 10.466  99.49  40308 17.1
2010-04-19  21:30:00  07 32 05.8  +12 05 25  +000974.8 -000139.7  05 50 28.4  276.715 10.352  96.80  40531 17.1
2010-04-19  21:40:00  07 42 51.0  +11 41 08  +000960.9 -000151.5  05 49 44.8  276.298 10.188  94.15  40763 17.0

   Date        UTC        RA         DECL      RARate   DeclRate    HourAng      Az     Um    Phase  Range  Mag
2010-04-27  01:50:00  21 09 21.2  -22 29 24  +000826.8 +000178.2  21 01 31.5  138.752 10.169  96.33  43091 17.2

   Date        UTC        RA         DECL      RARate   DeclRate    HourAng      Az     Um    Phase  Range  Mag
2010-04-27  18:10:00  13 26 56.9  -11 59 54  +000620.2 -000232.9  21 06 36.8  134.442 19.879  13.09  46717 15.9
2010-04-27  18:20:00  13 33 49.9  -12 38 28  +000618.9 -000229.9  21 09 45.5  135.491 19.705  11.35  46845 15.9
2010-04-27  18:30:00  13 40 42.1  -13 16 32  +000617.9 -000226.8  21 12 54.9  136.533 19.531   9.61  46966 15.9
2010-04-27  18:40:00  13 47 33.7  -13 54 04  +000617.1 -000223.6  21 16 04.9  137.568 19.355   7.92  47081 15.9
2010-04-27  18:50:00  13 54 25.0  -14 31 03  +000616.7 -000220.2  21 19 15.3  138.595 19.178   6.27  47189 15.9
2010-04-27  19:00:00  14 01 16.1  -15 07 27  +000616.6 -000216.7  21 22 25.8  139.613 19.000   4.73  47291 15.9
2010-04-27  19:10:00  14 08 07.1  -15 43 16  +000616.7 -000213.0  21 25 36.4  140.621 18.821   3.41  47386 15.9
2010-04-27  19:20:00  14 14 58.4  -16 18 28     <<SHADOW>>        21 28 46.8  141.619 18.641   2.65  47475 ----
2010-04-27  19:30:00  14 21 50.0  -16 53 01     <<SHADOW>>        21 31 56.9  142.606 18.460   2.92  47556 ----
2010-04-27  19:40:00  14 28 42.1  -17 26 54     <<SHADOW>>        21 35 06.4  143.580 18.278   4.00  47631 ----
2010-04-27  19:50:00  14 35 34.9  -18 00 07     <<SHADOW>>        21 38 15.3  144.542 18.095   5.43  47699 ----
2010-04-27  20:00:00  14 42 28.5  -18 32 38     <<SHADOW>>        21 41 23.2  145.490 17.912   6.98  47759 ----
2010-04-27  20:10:00  14 49 23.2  -19 04 25     <<SHADOW>>        21 44 30.2  146.424 17.729   8.60  47813 ----
2010-04-27  20:20:00  14 56 19.0  -19 35 27     <<SHADOW>>        21 47 36.0  147.344 17.547  10.24  47860 ----
2010-04-27  20:30:00  15 03 16.2  -20 05 44  +000626.8 -000179.3  21 50 40.5  148.248 17.365  11.90  47899 16.0
2010-04-27  20:40:00  15 10 14.8  -20 35 13  +000629.1 -000174.5  21 53 43.5  149.137 17.184  13.56  47932 16.0
2010-04-27  20:50:00  15 17 15.1  -21 03 53  +000631.7 -000169.6  21 56 44.9  150.009 17.005  15.24  47957 16.0
2010-04-27  21:00:00  15 24 17.1  -21 31 43  +000634.4 -000164.5  21 59 44.5  150.865 16.827  16.91  47974 16.0
2010-04-27  21:10:00  15 31 21.0  -21 58 42  +000637.3 -000159.3  22 02 42.3  151.704 16.653  18.60  47984 16.0
2010-04-27  21:20:00  15 38 26.9  -22 24 48  +000640.4 -000153.9  22 05 38.0  152.525 16.481  20.27  47987 16.0
2010-04-27  21:30:00  15 45 34.9  -22 50 00  +000643.7 -000148.4  22 08 31.7  153.328 16.313  21.96  47983 16.0
2010-04-27  21:40:00  15 52 45.2  -23 14 16  +000647.2 -000142.8  22 11 23.0  154.114 16.150  23.64  47970 16.0
2010-04-27  21:50:00  15 59 57.8  -23 37 36  +000650.8 -000137.0  22 14 12.0  154.881 15.991  25.33  47950 16.1
2010-04-27  22:00:00  16 07 12.9  -23 59 56  +000654.6 -000131.1  22 16 58.6  155.629 15.838  27.01  47923 16.1
2010-04-27  22:10:00  16 14 30.6  -24 21 16  +000658.5 -000125.0  22 19 42.5  156.359 15.691  28.71  47888 16.1
2010-04-27  22:20:00  16 21 51.0  -24 41 35  +000662.6 -000118.7  22 22 23.8  157.070 15.552  30.39  47845 16.1
2010-04-27  22:30:00  16 29 14.1  -25 00 50  +000666.8 -000112.3  22 25 02.3  157.762 15.420  32.10  47794 16.1
2010-04-27  22:40:00  16 36 40.0  -25 19 01  +000671.1 -000105.7  22 27 38.0  158.435 15.296  33.79  47736 16.1
2010-04-27  22:50:00  16 44 08.9  -25 36 05  +000675.6 -000099.0  22 30 10.8  159.089 15.182  35.50  47669 16.1
2010-04-27  23:00:00  16 51 40.8  -25 52 01  +000680.1 -000092.1  22 32 40.5  159.724 15.077  37.20  47595 16.2
2010-04-27  23:10:00  16 59 15.8  -26 06 47  +000684.7 -000085.1  22 35 07.2  160.340 14.984  38.92  47513 16.2
2010-04-27  23:20:00  17 06 53.8  -26 20 22  +000689.5 -000077.8  22 37 30.8  160.936 14.902  40.63  47423 16.2
2010-04-27  23:30:00  17 14 35.0  -26 32 43  +000694.2 -000070.4  22 39 51.2  161.514 14.832  42.36  47326 16.2
2010-04-27  23:40:00  17 22 19.5  -26 43 50  +000699.1 -000062.9  22 42 08.4  162.074 14.775  44.09  47220 16.2
2010-04-27  23:50:00  17 30 07.1  -26 53 40  +000704.0 -000055.1  22 44 22.4  162.614 14.733  45.84  47107 16.2
2010-04-28  00:00:00  17 37 58.1  -27 02 12  +000708.9 -000047.2  22 46 33.1  163.136 14.705  47.58  46985 16.3
2010-04-28  00:10:00  17 45 52.4  -27 09 24  +000713.9 -000039.1  22 48 40.4  163.640 14.693  49.34  46856 16.3
2010-04-28  00:20:00  17 53 50.0  -27 15 14  +000718.9 -000030.9  22 50 44.5  164.126 14.696  51.10  46719 16.3
2010-04-28  00:30:00  18 01 50.9  -27 19 41  +000723.9 -000022.4  22 52 45.2  164.594 14.718  52.88  46574 16.3
2010-04-28  00:40:00  18 09 55.2  -27 22 42  +000728.9 -000013.8  22 54 42.5  165.044 14.757  54.66  46421 16.3
2010-04-28  00:50:00  18 18 02.8  -27 24 17  +000734.0 -000005.0  22 56 36.6  165.477 14.814  56.46  46261 16.4
2010-04-28  01:00:00  18 26 13.8  -27 24 22  +000738.9 +000004.0  22 58 27.3  165.893 14.891  58.27  46093 16.4
2010-04-28  01:10:00  18 34 28.0  -27 22 57  +000743.9 +000013.1  23 00 14.7  166.292 14.989  60.10  45917 16.4
2010-04-28  01:20:00  18 42 45.6  -27 20 00  +000748.9 +000022.4  23 01 58.7  166.675 15.107  61.92  45734 16.4
2010-04-28  01:30:00  18 51 06.5  -27 15 29  +000753.8 +000031.9  23 03 39.5  167.042 15.247  63.78  45544 16.5
2010-04-28  01:40:00  18 59 30.7  -27 09 23  +000758.7 +000041.5  23 05 17.0  167.393 15.409  65.64  45346 16.5
2010-04-28  01:50:00  19 07 58.1  -27 01 39  +000763.5 +000051.3  23 06 51.2  167.728 15.594  67.52  45142 16.5

   Date        UTC        RA         DECL      RARate   DeclRate    HourAng      Az     Um    Phase  Range  Mag
2010-04-28  18:10:00  11 49 14.1  -03 39 04  +000661.0 -000264.8  22 48 16.1  157.214 37.496  39.57  43238 16.0
2010-04-28  18:20:00  11 56 32.8  -04 23 05  +000655.0 -000263.4  22 50 59.1  158.276 36.965  37.62  43463 16.0
2010-04-28  18:30:00  12 03 47.6  -05 06 52  +000649.5 -000261.8  22 53 45.9  159.340 36.432  35.68  43684 16.0
2010-04-28  18:40:00  12 10 58.9  -05 50 21  +000644.3 -000260.0  22 56 36.3  160.404 35.896  33.77  43900 15.9
2010-04-28  18:50:00  12 18 06.8  -06 33 32  +000639.5 -000258.0  22 59 30.0  161.467 35.359  31.86  44111 15.9
2010-04-28  19:00:00  12 25 11.7  -07 16 21  +000635.2 -000255.9  23 02 26.8  162.527 34.818  29.99  44318 15.9
2010-04-28  19:10:00  12 32 13.8  -07 58 48  +000631.2 -000253.5  23 05 26.3  163.583 34.276  28.12  44519 15.9
2010-04-28  19:20:00  12 39 13.4  -08 40 51  +000627.6 -000251.0  23 08 28.3  164.633 33.731  26.28  44716 15.9
2010-04-28  19:30:00  12 46 10.7  -09 22 28  +000624.4 -000248.3  23 11 32.7  165.676 33.185  24.45  44907 15.9
2010-04-28  19:40:00  12 53 06.0  -10 03 38  +000621.5 -000245.5  23 14 39.0  166.711 32.636  22.64  45093 15.9
2010-04-28  19:50:00  12 59 59.5  -10 44 18  +000619.0 -000242.5  23 17 47.1  167.738 32.086  20.84  45273 15.9
2010-04-28  20:00:00  13 06 51.5  -11 24 28  +000616.8 -000239.4  23 20 56.9  168.754 31.534  19.07  45448 15.9
2010-04-28  20:10:00  13 13 42.0  -12 04 06  +000615.0 -000236.2  23 24 07.9  169.759 30.982  17.30  45616 15.9
2010-04-28  20:20:00  13 20 31.5  -12 43 11  +000613.5 -000232.8  23 27 20.1  170.753 30.429  15.57  45779 15.9
2010-04-28  20:30:00  13 27 20.1  -13 21 42  +000612.3 -000229.3  23 30 33.2  171.734 29.875  13.85  45935 15.9
2010-04-28  20:40:00  13 34 07.9  -13 59 37  +000611.4 -000225.7  23 33 47.0  172.702 29.321  12.17  46086 15.9
2010-04-28  20:50:00  13 40 55.3  -14 36 55  +000610.8 -000221.9  23 37 01.2  173.656 28.768  10.51  46230 15.9
2010-04-28  21:00:00  13 47 42.4  -15 13 35  +000610.5 -000218.1  23 40 15.8  174.596 28.216   8.91  46367 15.9
2010-04-28  21:10:00  13 54 29.4  -15 49 36  +000610.5 -000214.1  23 43 30.5  175.521 27.665   7.37  46498 15.9
2010-04-28  21:20:00  14 01 16.4  -16 24 57  +000610.7 -000210.0  23 46 45.1  176.430 27.116   5.96  46623 15.9
2010-04-28  21:30:00  14 08 03.7  -16 59 36     <<SHADOW>>        23 49 59.4  177.324 26.569   4.75  46740 ----
2010-04-28  21:40:00  14 14 51.5  -17 33 33     <<SHADOW>>        23 53 13.2  178.202 26.025   3.97  46851 ----
2010-04-28  21:50:00  14 21 39.9  -18 06 45     <<SHADOW>>        23 56 26.5  179.063 25.485   3.84  46954 ----
2010-04-28  22:00:00  14 28 29.1  -18 39 13     <<SHADOW>>        23 59 38.9  179.908 24.949   4.42  47051 ----
2010-04-28  22:10:00  14 35 19.3  -19 10 55     <<SHADOW>>        00 02 50.4  180.736 24.418   5.49  47140 ----
2010-04-28  22:20:00  14 42 10.6  -19 41 49     <<SHADOW>>        00 06 00.7  181.548 23.892   6.81  47222 ----
2010-04-28  22:30:00  14 49 03.2  -20 11 56     <<SHADOW>>        00 09 09.8  182.342 23.372   8.27  47296 ----
2010-04-28  22:40:00  14 55 57.2  -20 41 12  +000622.2 -000173.2  00 12 17.4  183.119 22.858   9.79  47363 15.9
2010-04-28  22:50:00  15 02 52.8  -21 09 38  +000624.6 -000168.0  00 15 23.5  183.880 22.352  11.37  47422 16.0
2010-04-28  23:00:00  15 09 50.1  -21 37 13  +000627.3 -000162.8  00 18 27.8  184.623 21.854  12.96  47474 16.0
2010-04-28  23:10:00  15 16 49.3  -22 03 54  +000630.2 -000157.4  00 21 30.3  185.350 21.365  14.58  47518 16.0
2010-04-28  23:20:00  15 23 50.4  -22 29 40  +000633.3 -000151.9  00 24 30.7  186.060 20.885  16.19  47554 16.0
2010-04-28  23:30:00  15 30 53.7  -22 54 32  +000636.6 -000146.3  00 27 29.1  186.753 20.415  17.83  47582 16.0
2010-04-28  23:40:00  15 37 59.3  -23 18 26  +000640.1 -000140.6  00 30 25.2  187.430 19.955  19.47  47601 16.0
2010-04-28  23:50:00  15 45 07.2  -23 41 22  +000643.7 -000134.7  00 33 18.9  188.090 19.508  21.12  47613 16.0
2010-04-29  00:00:00  15 52 17.5  -24 03 19  +000647.5 -000128.7  00 36 10.2  188.734 19.072  22.76  47617 16.0
2010-04-29  00:10:00  15 59 30.5  -24 24 15  +000651.4 -000122.5  00 38 58.9  189.363 18.649  24.43  47612 16.0
2010-04-29  00:20:00  16 06 46.1  -24 44 09  +000655.5 -000116.2  00 41 44.9  189.976 18.240  26.08  47600 16.0
2010-04-29  00:30:00  16 14 04.5  -25 02 59  +000659.7 -000109.8  00 44 28.2  190.574 17.846  27.75  47579 16.1
2010-04-29  00:40:00  16 21 25.7  -25 20 45  +000664.1 -000103.2  00 47 08.6  191.158 17.466  29.42  47549 16.1
2010-04-29  00:50:00  16 28 49.9  -25 37 24  +000668.6 -000096.5  00 49 46.0  191.727 17.102  31.10  47511 16.1
2010-04-29  01:00:00  16 36 17.2  -25 52 55  +000673.1 -000089.6  00 52 20.4  192.282 16.754  32.78  47465 16.1
2010-04-29  01:10:00  16 43 47.5  -26 07 16  +000677.8 -000082.6  00 54 51.8  192.823 16.424  34.47  47410 16.1
2010-04-29  01:20:00  16 51 20.9  -26 20 27  +000682.6 -000075.5  00 57 20.0  193.352 16.111  36.16  47347 16.1
2010-04-29  01:30:00  16 58 57.6  -26 32 25  +000687.4 -000068.1  00 59 45.0  193.867 15.817  37.87  47275 16.1
2010-04-29  01:40:00  17 06 37.5  -26 43 09  +000692.3 -000060.6  01 02 06.7  194.371 15.542  39.57  47195 16.2

   Date        UTC        RA         DECL      RARate   DeclRate    HourAng      Az     Um    Phase  Range  Mag
2010-04-29  18:10:00  09 57 51.0  +05 28 22  +000783.6 -000259.3  00 43 35.9  196.339 48.004  69.80  39878 16.3
2010-04-29  18:20:00  10 06 29.3  +04 44 54  +000771.3 -000262.1  00 44 59.2  196.631 47.225  67.55  40154 16.3
2010-04-29  18:30:00  10 14 59.5  +04 01 01  +000759.5 -000264.4  00 46 30.6  196.961 46.433  65.31  40430 16.2
2010-04-29  18:40:00  10 23 22.1  +03 16 47  +000748.2 -000266.2  00 48 09.7  197.325 45.627  63.10  40705 16.2
2010-04-29  18:50:00  10 31 37.2  +02 32 18  +000737.4 -000267.5  00 49 56.1  197.722 44.810  60.92  40980 16.2
2010-04-29  19:00:00  10 39 45.4  +01 47 38  +000727.2 -000268.4  00 51 49.6  198.146 43.982  58.77  41254 16.2
2010-04-29  19:10:00  10 47 46.9  +01 02 51  +000717.4 -000268.9  00 53 49.7  198.597 43.145  56.63  41527 16.1
2010-04-29  19:20:00  10 55 42.1  +00 18 02  +000708.1 -000269.0  00 55 56.2  199.070 42.299  54.53  41798 16.1
2010-04-29  19:30:00  11 03 31.2  -00 26 47  +000699.4 -000268.7  00 58 08.7  199.562 41.446  52.44  42067 16.1
2010-04-29  19:40:00  11 11 14.7  -01 11 32  +000691.1 -000268.2  01 00 26.9  200.073 40.586  50.38  42334 16.1
2010-04-29  19:50:00  11 18 52.9  -01 56 10  +000683.4 -000267.3  01 02 50.4  200.599 39.721  48.34  42598 16.1
2010-04-29  20:00:00  11 26 26.0  -02 40 37  +000676.1 -000266.2  01 05 18.9  201.138 38.851  46.33  42860 16.0
2010-04-29  20:10:00  11 33 54.4  -03 24 52  +000669.2 -000264.7  01 07 52.1  201.688 37.976  44.33  43118 16.0
2010-04-29  20:20:00  11 41 18.4  -04 08 52  +000662.9 -000263.1  01 10 29.7  202.247 37.098  42.36  43373 16.0
2010-04-29  20:30:00  11 48 38.3  -04 52 33  +000656.9 -000261.2  01 13 11.5  202.814 36.218  40.40  43625 16.0
2010-04-29  20:40:00  11 55 54.4  -05 35 55  +000651.4 -000259.1  01 15 57.0  203.387 35.336  38.47  43872 16.0
2010-04-29  20:50:00  12 03 07.0  -06 18 55  +000646.4 -000256.8  01 18 46.1  203.964 34.453  36.55  44116 16.0
2010-04-29  21:00:00  12 10 16.4  -07 01 31  +000641.7 -000254.3  01 21 38.4  204.544 33.569  34.66  44355 16.0
2010-04-29  21:10:00  12 17 22.7  -07 43 41  +000637.5 -000251.7  01 24 33.6  205.126 32.685  32.77  44590 16.0
2010-04-29  21:20:00  12 24 26.4  -08 25 24  +000633.6 -000248.9  01 27 31.6  205.709 31.802  30.92  44820 16.0
2010-04-29  21:30:00  12 31 27.7  -09 06 38  +000630.1 -000245.9  01 30 32.0  206.291 30.921  29.07  45045 16.0
2010-04-29  21:40:00  12 38 26.7  -09 47 21  +000627.0 -000242.8  01 33 34.6  206.871 30.041  27.25  45265 16.0
2010-04-29  21:50:00  12 45 23.8  -10 27 33  +000624.3 -000239.5  01 36 39.1  207.450 29.164  25.43  45479 15.9
2010-04-29  22:00:00  12 52 19.2  -11 07 11  +000621.9 -000236.1  01 39 45.4  208.025 28.291  23.65  45688 15.9
2010-04-29  22:10:00  12 59 13.1  -11 46 15  +000619.9 -000232.6  01 42 53.1  208.597 27.421  21.87  45891 15.9
2010-04-29  22:20:00  13 06 05.8  -12 24 44  +000618.2 -000229.0  01 46 02.1  209.164 26.556  20.12  46088 15.9
2010-04-29  22:30:00  13 12 57.4  -13 02 36  +000616.8 -000225.3  01 49 12.1  209.726 25.696  18.37  46279 15.9
2010-04-29  22:40:00  13 19 48.3  -13 39 50  +000615.8 -000221.4  01 52 22.9  210.283 24.842  16.66  46463 15.9
2010-04-29  22:50:00  13 26 38.5  -14 16 24  +000615.0 -000217.5  01 55 34.3  210.834 23.993  14.96  46641 15.9
2010-04-29  23:00:00  13 33 28.3  -14 52 19  +000614.6 -000213.4  01 58 46.1  211.378 23.152  13.30  46813 15.9
2010-04-29  23:10:00  13 40 18.0  -15 27 33  +000614.4 -000209.3  02 01 58.1  211.915 22.318  11.66  46977 15.9
2010-04-29  23:20:00  13 47 07.6  -16 02 04  +000614.6 -000205.0  02 05 10.1  212.446 21.493  10.08  47135 15.9
2010-04-29  23:30:00  13 53 57.4  -16 35 53     <<SHADOW>>        02 08 21.9  212.969 20.675   8.55  47285 ----
2010-04-29  23:40:00  14 00 47.7  -17 08 58     <<SHADOW>>        02 11 33.3  213.484 19.868   7.13  47429 ----
2010-04-29  23:50:00  14 07 38.4  -17 41 17     <<SHADOW>>        02 14 44.2  213.992 19.069   5.87  47564 ----
2010-04-30  00:00:00  14 14 29.9  -18 12 51     <<SHADOW>>        02 17 54.4  214.492 18.282   4.90  47693 ----
2010-04-30  00:10:00  14 21 22.3  -18 43 38     <<SHADOW>>        02 21 03.7  214.984 17.505   4.41  47813 ----
2010-04-30  00:20:00  14 28 15.7  -19 13 37     <<SHADOW>>        02 24 11.9  215.468 16.740   4.55  47926 ----
2010-04-30  00:30:00  14 35 10.3  -19 42 47     <<SHADOW>>        02 27 18.9  215.944 15.986   5.27  48031 ----
2010-04-30  00:40:00  14 42 06.4  -20 11 07     <<SHADOW>>        02 30 24.5  216.412 15.246   6.36  48128 ----
2010-04-30  00:50:00  14 49 03.9  -20 38 36  +000627.5 -000162.3  02 33 28.6  216.872 14.519   7.68  48217 16.0
2010-04-30  01:00:00  14 56 03.1  -21 05 14  +000630.1 -000157.1  02 36 31.1  217.325 13.805   9.11  48297 16.0
2010-04-30  01:10:00  15 03 04.1  -21 30 58  +000632.9 -000151.8  02 39 31.7  217.769 13.106  10.62  48369 16.0
2010-04-30  01:20:00  15 10 07.0  -21 55 48  +000635.9 -000146.3  02 42 30.4  218.206 12.421  12.17  48433 16.0
2010-04-30  01:30:00  15 17 12.0  -22 19 44  +000639.1 -000140.7  02 45 27.1  218.636 11.752  13.76  48488 16.0
2010-04-30  01:40:00  15 24 19.2  -22 42 43  +000642.5 -000135.1  02 48 21.5  219.058 11.100  15.36  48535 16.0

   Date        UTC        RA         DECL      RARate   DeclRate    HourAng      Az     Um    Phase  Range  Mag
2010-04-30  18:10:00  07 44 28.5  +12 44 15  +000977.3 -000160.2  03 00 54.9  243.490 39.303 104.40  37720 17.2
2010-04-30  18:20:00  07 55 14.9  +12 16 30  +000961.8 -000172.5  03 00 10.1  242.932 39.059 101.75  37954 17.1
2010-04-30  18:30:00  08 05 51.0  +11 46 47  +000946.3 -000183.8  02 59 35.7  242.393 38.760  99.11  38196 17.0
2010-04-30  18:40:00  08 16 16.6  +11 15 16  +000930.7 -000194.3  02 59 11.7  241.876 38.410  96.52  38444 16.9
2010-04-30  18:50:00  08 26 31.9  +10 42 05  +000915.2 -000203.8  02 58 58.0  241.385 38.010  93.95  38699 16.9
2010-04-30  19:00:00  08 36 37.0  +10 07 23  +000899.9 -000212.5  02 58 54.6  240.922 37.562  91.41  38959 16.8
2010-04-30  19:10:00  08 46 31.8  +09 31 19  +000884.7 -000220.3  02 59 01.4  240.488 37.069  88.90  39225 16.7
2010-04-30  19:20:00  08 56 16.6  +08 54 00  +000869.8 -000227.3  02 59 18.2  240.086 36.533  86.43  39496 16.7
2010-04-30  19:30:00  09 05 51.7  +08 15 35  +000855.3 -000233.5  02 59 44.8  239.715 35.956  83.98  39771 16.6
2010-04-30  19:40:00  09 15 17.1  +07 36 12  +000841.1 -000239.0  03 00 21.0  239.377 35.341  81.56  40050 16.6
2010-04-30  19:50:00  09 24 33.2  +06 55 57  +000827.3 -000243.8  03 01 06.6  239.072 34.691  79.17  40332 16.5
2010-04-30  20:00:00  09 33 40.3  +06 14 57  +000813.9 -000248.0  03 02 01.2  238.800 34.007  76.82  40616 16.5
2010-04-30  20:10:00  09 42 38.6  +05 33 20  +000801.0 -000251.5  03 03 04.5  238.561 33.293  74.48  40903 16.5
2010-04-30  20:20:00  09 51 28.4  +04 51 10  +000788.6 -000254.4  03 04 16.3  238.353 32.550  72.19  41192 16.4
2010-04-30  20:30:00  10 00 10.1  +04 08 34  +000776.6 -000256.7  03 05 36.3  238.177 31.780  69.91  41483 16.4
2010-04-30  20:40:00  10 08 44.0  +03 25 37  +000765.1 -000258.6  03 07 04.0  238.031 30.986  67.67  41774 16.3
2010-04-30  20:50:00  10 17 10.4  +02 42 24  +000754.2 -000259.9  03 08 39.3  237.914 30.170  65.44  42065 16.3
2010-04-30  21:00:00  10 25 29.6  +01 58 60  +000743.7 -000260.8  03 10 21.6  237.825 29.334  63.25  42357 16.3
2010-04-30  21:10:00  10 33 42.1  +01 15 28  +000733.7 -000261.3  03 12 10.8  237.764 28.480  61.08  42648 16.3
2010-04-30  21:20:00  10 41 48.1  +00 31 54  +000724.3 -000261.4  03 14 06.5  237.727 27.609  58.94  42939 16.2
2010-04-30  21:30:00  10 49 47.9  -00 11 39  +000715.3 -000261.2  03 16 08.3  237.715 26.723  56.82  43228 16.2
2010-04-30  21:40:00  10 57 41.9  -00 55 08  +000706.8 -000260.6  03 18 16.0  237.725 25.824  54.73  43516 16.2
2010-04-30  21:50:00  11 05 30.4  -01 38 30  +000698.8 -000259.7  03 20 29.1  237.757 24.914  52.65  43801 16.2
2010-04-30  22:00:00  11 13 13.8  -02 21 41  +000691.3 -000258.5  03 22 47.4  237.809 23.993  50.61  44085 16.2
2010-04-30  22:10:00  11 20 52.3  -03 04 39  +000684.3 -000257.0  03 25 10.5  237.880 23.064  48.57  44366 16.1
2010-04-30  22:20:00  11 28 26.2  -03 47 21  +000677.7 -000255.3  03 27 38.2  237.968 22.128  46.57  44644 16.1
2010-04-30  22:30:00  11 35 56.0  -04 29 44  +000671.5 -000253.4  03 30 10.1  238.072 21.185  44.58  44918 16.1
2010-04-30  22:40:00  11 43 21.7  -05 11 48  +000665.8 -000251.2  03 32 46.0  238.192 20.237  42.62  45189 16.1
2010-04-30  22:50:00  11 50 43.8  -05 53 29  +000660.6 -000248.9  03 35 25.5  238.325 19.286  40.66  45456 16.1
2010-04-30  23:00:00  11 58 02.6  -06 34 45  +000655.7 -000246.4  03 38 08.4  238.470 18.333  38.74  45719 16.1
2010-04-30  23:10:00  12 05 18.2  -07 15 36  +000651.3 -000243.7  03 40 54.4  238.627 17.378  36.82  45977 16.1
2010-04-30  23:20:00  12 12 31.0  -07 55 58  +000647.2 -000240.8  03 43 43.2  238.795 16.422  34.93  46231 16.1
2010-04-30  23:30:00  12 19 41.3  -08 35 52  +000643.6 -000237.8  03 46 34.6  238.972 15.467  33.05  46479 16.1
2010-04-30  23:40:00  12 26 49.2  -09 15 15  +000640.3 -000234.7  03 49 28.4  239.158 14.513  31.19  46722 16.1
2010-04-30  23:50:00  12 33 55.1  -09 54 06  +000637.4 -000231.4  03 52 24.1  239.352 13.561  29.34  46960 16.0
2010-05-01  00:00:00  12 40 59.1  -10 32 23  +000634.8 -000228.1  03 55 21.7  239.553 12.613  27.52  47191 16.0
2010-05-01  00:10:00  12 48 01.6  -11 10 07  +000632.6 -000224.6  03 58 20.9  239.760 11.668  25.70  47417 16.0
2010-05-01  00:20:00  12 55 02.7  -11 47 14  +000630.8 -000221.0  04 01 21.4  239.972 10.729  23.91  47637 16.0
