ЭФЕМЕРИДЫ ПО ОБЪЕКТУ:  95364
Для пункта:  10016 Маяки   46 23'50.68"   30 16'17.74"    14m
C   2010-04-15 12:00
по  2010-05-01 12:00
Шаг  0:10:00
Мин.угол места:          10 град
Макс.угол места Солнца: -10 град
Стандартный блеск :      9.9 (зв.вел.)

ОБОЗНАЧЕНИЯ
RA        прямое восхождение, тек.эпоха
DECL      склонение, тек.эпоха
RARate    скорость по пр.восх., арксек/мин
DeclRate  скорость по склонению, арксек/мин
HourAng   часовой угол
Az        азимут
Um        угол места
Phase     фазовый угол
Range     дальность
Mag       зв.величина (оценка)

   Date        UTC        RA         DECL      RARate   DeclRate    HourAng      Az     Um    Phase  Range  Mag
2010-04-22  18:00:00  04 38 12.2  +06 50 41  +001016.0 -000006.5  05 25 37.0  268.526 10.874 140.96  38418 20.3
2010-04-22  18:10:00  04 49 30.1  +06 48 39  +001017.3 -000017.9  05 24 20.9  268.271 11.068 138.20  38377 20.1
2010-04-22  18:20:00  05 00 48.6  +06 44 43  +001018.2 -000029.3  05 23 04.0  267.991 11.242 135.44  38342 19.9
2010-04-22  18:30:00  05 12 07.5  +06 38 53  +001018.6 -000040.7  05 21 46.7  267.687 11.394 132.66  38311 19.7
2010-04-22  18:40:00  05 23 26.6  +06 31 10  +001018.7 -000051.9  05 20 29.2  267.360 11.523 129.89  38287 19.5
2010-04-22  18:50:00  05 34 45.6  +06 21 35  +001018.3 -000063.1  05 19 11.8  267.012 11.630 127.10  38267 19.4
2010-04-22  19:00:00  05 46 04.3  +06 10 09  +001017.5 -000074.1  05 17 54.8  266.642 11.714 124.31  38254 19.2
2010-04-22  19:10:00  05 57 22.3  +05 56 54  +001016.4 -000084.9  05 16 38.5  266.253 11.774 121.51  38245 19.1
2010-04-22  19:20:00  06 08 39.4  +05 41 52  +001014.9 -000095.4  05 15 23.0  265.845 11.809 118.72  38243 18.9
2010-04-22  19:30:00  06 19 55.4  +05 25 06  +001013.0 -000105.7  05 14 08.7  265.420 11.820 115.92  38246 18.8
2010-04-22  19:40:00  06 31 10.0  +05 06 39  +001010.8 -000115.7  05 12 55.7  264.979 11.806 113.12  38255 18.7
2010-04-22  19:50:00  06 42 23.0  +04 46 33  +001008.2 -000125.4  05 11 44.3  264.524 11.768 110.32  38269 18.5
2010-04-22  20:00:00  06 53 34.2  +04 24 53  +001005.4 -000134.6  05 10 34.8  264.056 11.705 107.53  38290 18.4
2010-04-22  20:10:00  07 04 43.6  +04 01 42  +001002.4 -000143.5  05 09 27.1  263.576 11.617 104.73  38315 18.3
2010-04-22  20:20:00  07 15 50.7  +03 37 03  +000999.0 -000152.0  05 08 21.6  263.087 11.506 101.94  38346 18.2
2010-04-22  20:30:00  07 26 55.6  +03 11 03  +000995.5 -000160.0  05 07 18.3  262.588 11.370  99.14  38383 18.1
2010-04-22  20:40:00  07 37 58.0  +02 43 44  +000991.8 -000167.6  05 06 17.5  262.082 11.212  96.37  38425 18.0
2010-04-22  20:50:00  07 48 58.0  +02 15 12  +000988.0 -000174.7  05 05 19.2  261.570 11.030  93.58  38472 17.9
2010-04-22  21:00:00  07 59 55.3  +01 45 32  +000984.0 -000181.3  05 04 23.5  261.054 10.827  90.81  38525 17.9
2010-04-22  21:10:00  08 10 50.0  +01 14 48  +000980.0 -000187.4  05 03 30.5  260.534 10.602  88.04  38582 17.8
2010-04-22  21:20:00  08 21 42.0  +00 43 05  +000975.9 -000193.0  05 02 40.1  260.012 10.358  85.29  38644 17.7
2010-04-22  21:30:00  08 32 31.3  +00 10 30  +000971.8 -000198.0  05 01 52.5  259.490 10.093  82.53  38711 17.6

   Date        UTC        RA         DECL      RARate   DeclRate    HourAng      Az     Um    Phase  Range  Mag
2010-04-23  18:00:00  05 24 19.5  +06 38 01  +001021.5 -000052.8  04 43 26.3  260.551 17.955 130.58  37607 19.5
2010-04-23  18:10:00  05 35 40.4  +06 28 15  +001021.1 -000064.2  04 42 07.1  260.182 18.061 127.78  37588 19.4
2010-04-23  18:20:00  05 47 01.0  +06 16 37  +001020.4 -000075.4  04 40 48.2  259.792 18.142 124.99  37574 19.2
2010-04-23  18:30:00  05 58 20.8  +06 03 08  +001019.2 -000086.4  04 39 29.9  259.381 18.199 122.18  37566 19.0
2010-04-23  18:40:00  06 09 39.8  +05 47 50  +001017.7 -000097.2  04 38 12.6  258.951 18.231 119.38  37564 18.9
2010-04-23  18:50:00  06 20 57.6  +05 30 45  +001015.7 -000107.7  04 36 56.4  258.504 18.236 116.57  37567 18.8
2010-04-23  19:00:00  06 32 14.1  +05 11 57  +001013.5 -000117.9  04 35 41.6  258.040 18.217 113.77  37576 18.6
2010-04-23  19:10:00  06 43 28.9  +04 51 29  +001010.9 -000127.7  04 34 28.5  257.562 18.171 110.96  37591 18.5
2010-04-23  19:20:00  06 54 41.8  +04 29 25  +001008.0 -000137.2  04 33 17.1  257.070 18.099 108.16  37612 18.4
2010-04-23  19:30:00  07 05 52.8  +04 05 48  +001004.9 -000146.2  04 32 07.8  256.567 18.002 105.35  37637 18.3
2010-04-23  19:40:00  07 17 01.7  +03 40 42  +001001.5 -000154.8  04 31 00.6  256.055 17.880 102.56  37669 18.2
2010-04-23  19:50:00  07 28 08.1  +03 14 12  +000997.9 -000163.0  04 29 55.8  255.534 17.733  99.76  37706 18.1
2010-04-23  20:00:00  07 39 12.2  +02 46 23  +000994.1 -000170.7  04 28 53.4  255.006 17.561  96.97  37749 18.0
2010-04-23  20:10:00  07 50 13.6  +02 17 19  +000990.2 -000177.9  04 27 53.6  254.473 17.366  94.18  37796 17.9
2010-04-23  20:20:00  08 01 12.4  +01 47 06  +000986.2 -000184.6  04 26 56.4  253.937 17.147  91.41  37849 17.8
2010-04-23  20:30:00  08 12 08.5  +01 15 48  +000982.0 -000190.8  04 26 02.0  253.398 16.906  88.63  37907 17.8
2010-04-23  20:40:00  08 23 01.8  +00 43 31  +000977.9 -000196.5  04 25 10.3  252.858 16.644  85.86  37970 17.7
2010-04-23  20:50:00  08 33 52.3  +00 10 20  +000973.6 -000201.6  04 24 21.4  252.318 16.362  83.10  38037 17.6
2010-04-23  21:00:00  08 44 40.0  -00 23 40  +000969.4 -000206.2  04 23 35.4  251.780 16.060  80.36  38109 17.5
2010-04-23  21:10:00  08 55 24.9  -00 58 23  +000965.2 -000210.3  04 22 52.1  251.245 15.740  77.61  38185 17.5
2010-04-23  21:20:00  09 06 07.0  -01 33 44  +000961.0 -000213.8  04 22 11.7  250.714 15.403  74.88  38266 17.4
2010-04-23  21:30:00  09 16 46.3  -02 09 37  +000956.9 -000216.8  04 21 34.0  250.187 15.051  72.15  38350 17.4
2010-04-23  21:40:00  09 27 22.9  -02 45 57  +000952.9 -000219.2  04 20 59.1  249.666 14.684  69.45  38437 17.3
2010-04-23  21:50:00  09 37 56.9  -03 22 40  +000949.0 -000221.1  04 20 26.7  249.151 14.305  66.74  38528 17.3
2010-04-23  22:00:00  09 48 28.3  -03 59 38  +000945.2 -000222.5  04 19 56.9  248.644 13.913  64.06  38623 17.2
2010-04-23  22:10:00  09 58 57.2  -04 36 49  +000941.5 -000223.4  04 19 29.7  248.145 13.512  61.37  38720 17.2
2010-04-23  22:20:00  10 09 23.7  -05 14 05  +000938.0 -000223.8  04 19 04.8  247.654 13.101  58.71  38819 17.1
2010-04-23  22:30:00  10 19 47.9  -05 51 23  +000934.6 -000223.7  04 18 42.2  247.172 12.683  56.05  38921 17.1
2010-04-23  22:40:00  10 30 10.0  -06 28 37  +000931.4 -000223.1  04 18 21.9  246.700 12.259  53.41  39025 17.0
2010-04-23  22:50:00  10 40 29.9  -07 05 44  +000928.4 -000222.1  04 18 03.6  246.238 11.831  50.78  39131 17.0
2010-04-23  23:00:00  10 50 47.9  -07 42 37  +000925.5 -000220.6  04 17 47.2  245.786 11.399  48.17  39239 17.0
2010-04-23  23:10:00  11 01 04.0  -08 19 14  +000922.9 -000218.6  04 17 32.8  245.344 10.965  45.56  39347 16.9
2010-04-23  23:20:00  11 11 18.4  -08 55 29  +000920.3 -000216.3  04 17 20.0  244.914 10.530  42.98  39457 16.9
2010-04-23  23:30:00  11 21 31.2  -09 31 18  +000918.0 -000213.5  04 17 08.9  244.494 10.096  40.39  39567 16.9

   Date        UTC        RA         DECL      RARate   DeclRate    HourAng      Az     Um    Phase  Range  Mag
2010-04-24  18:00:00  06 11 20.5  +05 53 39  +001020.4 -000098.9  04 00 21.9  251.509 24.609 119.88  36924 18.9
2010-04-24  18:10:00  06 22 40.2  +05 36 16  +001018.4 -000109.6  03 59 03.9  251.032 24.602 117.06  36929 18.8
2010-04-24  18:20:00  06 33 58.4  +05 17 08  +001016.1 -000120.0  03 57 47.3  250.538 24.569 114.26  36939 18.6
2010-04-24  18:30:00  06 45 14.9  +04 56 17  +001013.5 -000130.0  03 56 32.4  250.030 24.508 111.44  36954 18.5
2010-04-24  18:40:00  06 56 29.5  +04 33 49  +001010.5 -000139.6  03 55 19.4  249.510 24.420 108.64  36975 18.4
2010-04-24  18:50:00  07 07 42.2  +04 09 46  +001007.3 -000148.8  03 54 08.4  248.978 24.305 105.82  37002 18.3
2010-04-24  19:00:00  07 18 52.6  +03 44 14  +001003.8 -000157.6  03 52 59.7  248.438 24.164 103.02  37035 18.2
2010-04-24  19:10:00  07 30 00.6  +03 17 16  +001000.2 -000165.9  03 51 53.3  247.890 23.996 100.21  37073 18.1
2010-04-24  19:20:00  07 41 06.1  +02 48 57  +000996.3 -000173.8  03 50 49.4  247.337 23.802  97.42  37116 18.0
2010-04-24  19:30:00  07 52 09.0  +02 19 22  +000992.3 -000181.1  03 49 48.2  246.780 23.584  94.62  37165 17.9
2010-04-24  19:40:00  08 03 09.1  +01 48 37  +000988.2 -000187.9  03 48 49.7  246.221 23.341  91.84  37219 17.8
2010-04-24  19:50:00  08 14 06.5  +01 16 46  +000983.9 -000194.2  03 47 54.0  245.661 23.075  89.05  37278 17.7
2010-04-24  20:00:00  08 25 01.1  +00 43 55  +000979.7 -000199.9  03 47 01.0  245.101 22.787  86.28  37342 17.7
2010-04-24  20:10:00  08 35 52.7  +00 10 10  +000975.4 -000205.1  03 46 11.0  244.544 22.478  83.51  37410 17.6
2010-04-24  20:20:00  08 46 41.6  -00 24 25  +000971.0 -000209.8  03 45 23.8  243.991 22.148  80.76  37483 17.5
2010-04-24  20:30:00  08 57 27.5  -00 59 44  +000966.7 -000213.8  03 44 39.5  243.442 21.800  78.01  37561 17.4
2010-04-24  20:40:00  09 08 10.6  -01 35 40  +000962.5 -000217.4  03 43 58.1  242.899 21.434  75.27  37642 17.4
2010-04-24  20:50:00  09 18 50.8  -02 12 10  +000958.3 -000220.4  03 43 19.5  242.363 21.052  72.54  37728 17.3
2010-04-24  21:00:00  09 29 28.3  -02 49 06  +000954.2 -000222.8  03 42 43.6  241.835 20.655  69.83  37817 17.3
2010-04-24  21:10:00  09 40 03.2  -03 26 25  +000950.2 -000224.8  03 42 10.4  241.314 20.245  67.11  37909 17.2
2010-04-24  21:20:00  09 50 35.3  -04 03 60  +000946.3 -000226.1  03 41 39.9  240.803 19.823  64.43  38005 17.2
2010-04-24  21:30:00  10 01 05.0  -04 41 46  +000942.6 -000227.0  03 41 11.9  240.302 19.391  61.74  38104 17.1
2010-04-24  21:40:00  10 11 32.2  -05 19 38  +000939.0 -000227.4  03 40 46.3  239.812 18.949  59.07  38205 17.1
2010-04-24  21:50:00  10 21 57.0  -05 57 31  +000935.6 -000227.2  03 40 23.1  239.332 18.500  56.40  38308 17.0
2010-04-24  22:00:00  10 32 19.7  -06 35 21  +000932.3 -000226.6  03 40 02.1  238.863 18.046  53.76  38414 17.0
2010-04-24  22:10:00  10 42 40.2  -07 13 01  +000929.2 -000225.5  03 39 43.3  238.406 17.586  51.13  38522 17.0
2010-04-24  22:20:00  10 52 58.7  -07 50 29  +000926.3 -000223.9  03 39 26.4  237.960 17.124  48.51  38631 16.9
2010-04-24  22:30:00  11 03 15.3  -08 27 38  +000923.6 -000221.9  03 39 11.4  237.527 16.660  45.90  38741 16.9
2010-04-24  22:40:00  11 13 30.1  -09 04 25  +000921.0 -000219.5  03 38 58.2  237.105 16.196  43.31  38853 16.9
2010-04-24  22:50:00  11 23 43.3  -09 40 46  +000918.6 -000216.6  03 38 46.7  236.696 15.733  40.73  38965 16.9
2010-04-24  23:00:00  11 33 55.0  -10 16 36  +000916.4 -000213.3  03 38 36.6  236.300 15.272  38.17  39077 16.8
2010-04-24  23:10:00  11 44 05.3  -10 51 52  +000914.4 -000209.7  03 38 28.0  235.916 14.815  35.61  39190 16.8
2010-04-24  23:20:00  11 54 14.3  -11 26 29  +000912.6 -000205.7  03 38 20.7  235.544 14.362  33.09  39303 16.8
2010-04-24  23:30:00  12 04 22.1  -12 00 24  +000910.9 -000201.3  03 38 14.5  235.185 13.916  30.56  39415 16.8
2010-04-24  23:40:00  12 14 28.8  -12 33 33  +000909.4 -000196.6  03 38 09.4  234.839 13.477  28.06  39527 16.8
2010-04-24  23:50:00  12 24 34.6  -13 05 54  +000908.0 -000191.5  03 38 05.3  234.505 13.047  25.57  39638 16.7
2010-04-25  00:00:00  12 34 39.5  -13 37 23  +000906.8 -000186.2  03 38 02.0  234.184 12.626  23.12  39747 16.7
2010-04-25  00:10:00  12 44 43.7  -14 07 56  +000905.7 -000180.5  03 37 59.5  233.876 12.215  20.67  39856 16.7
2010-04-25  00:20:00  12 54 47.2  -14 37 32  +000904.7 -000174.6  03 37 57.7  233.580 11.815  18.26  39962 16.7
2010-04-25  00:30:00  13 04 50.0  -15 06 07  +000903.9 -000168.4  03 37 56.4  233.297 11.427  15.87  40067 16.7
2010-04-25  00:40:00  13 14 52.3  -15 33 39  +000903.1 -000161.9  03 37 55.8  233.027 11.053  13.53  40170 16.7
2010-04-25  00:50:00  13 24 54.2  -16 00 04     <<SHADOW>>        03 37 55.6  232.770 10.692  11.25  40271 ----
2010-04-25  01:00:00  13 34 55.6  -16 25 22     <<SHADOW>>        03 37 55.8  232.526 10.345   9.07  40369 ----
2010-04-25  01:10:00  13 44 56.7  -16 49 29     <<SHADOW>>        03 37 56.3  232.295 10.014   7.08  40464 ----

   Date        UTC        RA         DECL      RARate   DeclRate    HourAng      Az     Um    Phase  Range  Mag
2010-04-25  18:00:00  06 58 56.2  +04 37 57  +001012.8 -000142.0  03 16 42.7  241.114 30.520 108.95  36399 18.4
2010-04-25  18:10:00  07 10 10.4  +04 13 30  +001009.6 -000151.3  03 15 30.2  240.550 30.378 106.13  36427 18.3
2010-04-25  18:20:00  07 21 22.2  +03 47 31  +001006.0 -000160.2  03 14 20.0  239.979 30.207 103.32  36461 18.2
2010-04-25  18:30:00  07 32 31.7  +03 20 06  +001002.2 -000168.7  03 13 12.2  239.402 30.008 100.51  36501 18.1
2010-04-25  18:40:00  07 43 38.5  +02 51 20  +000998.3 -000176.6  03 12 07.0  238.822 29.782  97.71  36546 18.0
2010-04-25  18:50:00  07 54 42.7  +02 21 16  +000994.2 -000184.0  03 11 04.5  238.241 29.531  94.90  36596 17.9
2010-04-25  19:00:00  08 05 44.1  +01 50 01  +000990.0 -000190.9  03 10 04.7  237.660 29.254  92.11  36652 17.8
2010-04-25  19:10:00  08 16 42.6  +01 17 39  +000985.6 -000197.3  03 09 07.8  237.080 28.952  89.32  36712 17.7
2010-04-25  19:20:00  08 27 38.3  +00 44 17  +000981.3 -000203.1  03 08 13.8  236.504 28.628  86.55  36778 17.6
2010-04-25  19:30:00  08 38 31.0  +00 09 59  +000976.9 -000208.3  03 07 22.7  235.933 28.282  83.77  36848 17.6
2010-04-25  19:40:00  08 49 20.8  -00 25 08  +000972.5 -000213.0  03 06 34.6  235.368 27.915  81.01  36922 17.5
2010-04-25  19:50:00  09 00 07.7  -01 00 60  +000968.1 -000217.2  03 05 49.3  234.811 27.529  78.25  37001 17.4
2010-04-25  20:00:00  09 10 51.6  -01 37 30  +000963.8 -000220.7  03 05 07.0  234.262 27.124  75.52  37084 17.4
2010-04-25  20:10:00  09 21 32.7  -02 14 32  +000959.5 -000223.7  03 04 27.6  233.723 26.704  72.78  37172 17.3
2010-04-25  20:20:00  09 32 11.0  -02 52 02  +000955.3 -000226.2  03 03 51.0  233.194 26.268  70.06  37262 17.2
2010-04-25  20:30:00  09 42 46.6  -03 29 55  +000951.3 -000228.1  03 03 17.0  232.675 25.819  67.34  37356 17.2
2010-04-25  20:40:00  09 53 19.4  -04 08 03  +000947.3 -000229.5  03 02 45.8  232.169 25.359  64.65  37454 17.2
2010-04-25  20:50:00  10 03 49.7  -04 46 22  +000943.5 -000230.3  03 02 17.1  231.675 24.888  61.95  37554 17.1
2010-04-25  21:00:00  10 14 17.5  -05 24 47  +000939.9 -000230.6  03 01 51.0  231.193 24.408  59.28  37657 17.1
2010-04-25  21:10:00  10 24 42.9  -06 03 13  +000936.4 -000230.4  03 01 27.2  230.724 23.922  56.61  37762 17.0
2010-04-25  21:20:00  10 35 06.1  -06 41 34  +000933.1 -000229.7  03 01 05.7  230.268 23.429  53.97  37870 17.0
2010-04-25  21:30:00  10 45 27.1  -07 19 46  +000929.9 -000228.6  03 00 46.4  229.826 22.933  51.33  37979 16.9
2010-04-25  21:40:00  10 55 46.0  -07 57 45  +000927.0 -000227.0  03 00 29.0  229.396 22.434  48.71  38090 16.9
2010-04-25  21:50:00  11 06 03.1  -08 35 24  +000924.2 -000224.9  03 00 13.6  228.980 21.935  46.09  38202 16.9
2010-04-25  22:00:00  11 16 18.3  -09 12 41  +000921.6 -000222.4  03 00 00.0  228.578 21.435  43.50  38316 16.9
2010-04-25  22:10:00  11 26 31.9  -09 49 30  +000919.2 -000219.4  02 59 48.1  228.189 20.938  40.91  38430 16.8
2010-04-25  22:20:00  11 36 43.9  -10 25 48  +000916.9 -000216.1  02 59 37.7  227.814 20.443  38.35  38544 16.8
2010-04-25  22:30:00  11 46 54.5  -11 01 31  +000914.9 -000212.3  02 59 28.8  227.451 19.954  35.80  38659 16.8
2010-04-25  22:40:00  11 57 03.8  -11 36 34  +000913.0 -000208.2  02 59 21.2  227.102 19.469  33.27  38773 16.8
2010-04-25  22:50:00  12 07 11.9  -12 10 54  +000911.3 -000203.8  02 59 14.7  226.766 18.992  30.74  38888 16.8
2010-04-25  23:00:00  12 17 18.9  -12 44 28  +000909.7 -000198.9  02 59 09.4  226.443 18.523  28.24  39001 16.7
2010-04-25  23:10:00  12 27 24.9  -13 17 12  +000908.3 -000193.8  02 59 05.0  226.133 18.064  25.75  39114 16.7
2010-04-25  23:20:00  12 37 30.0  -13 49 03  +000907.1 -000188.3  02 59 01.5  225.836 17.614  23.29  39226 16.7
2010-04-25  23:30:00  12 47 34.3  -14 19 58  +000905.9 -000182.6  02 58 58.8  225.552 17.176  20.84  39336 16.7
2010-04-25  23:40:00  12 57 37.9  -14 49 54  +000904.9 -000176.5  02 58 56.9  225.280 16.751  18.42  39445 16.7
2010-04-25  23:50:00  13 07 40.9  -15 18 48  +000904.0 -000170.2  02 58 55.5  225.021 16.338  16.03  39551 16.7
2010-04-26  00:00:00  13 17 43.3  -15 46 37  +000903.3 -000163.6  02 58 54.7  224.774 15.939  13.69  39656 16.7
2010-04-26  00:10:00  13 27 45.3  -16 13 20     <<SHADOW>>        02 58 54.4  224.540 15.555  11.40  39759 ----
2010-04-26  00:20:00  13 37 46.8  -16 38 53     <<SHADOW>>        02 58 54.6  224.318 15.187   9.21  39859 ----
2010-04-26  00:30:00  13 47 47.9  -17 03 15     <<SHADOW>>        02 58 55.1  224.108 14.835   7.19  39956 ----
2010-04-26  00:40:00  13 57 48.6  -17 26 24     <<SHADOW>>        02 58 56.0  223.911 14.499   5.53  40050 ----
2010-04-26  00:50:00  14 07 49.1  -17 48 17     <<SHADOW>>        02 58 57.2  223.727 14.181   4.60  40142 ----
2010-04-26  01:00:00  14 17 49.2  -18 08 53     <<SHADOW>>        02 58 58.8  223.555 13.881   4.83  40230 ----
2010-04-26  01:10:00  14 27 49.0  -18 28 11     <<SHADOW>>        02 59 00.6  223.396 13.599   6.09  40315 ----
2010-04-26  01:20:00  14 37 48.6  -18 46 08  +000899.1 -000103.7  02 59 02.7  223.250 13.336   7.88  40396 16.7
2010-04-26  01:30:00  14 47 47.8  -19 02 44  +000898.7 -000095.4  02 59 05.0  223.117 13.091   9.93  40473 16.7
2010-04-26  01:40:00  14 57 46.8  -19 17 57  +000898.3 -000087.1  02 59 07.7  222.996 12.866  12.08  40547 16.7
2010-04-26  01:50:00  15 07 45.5  -19 31 46  +000897.8 -000078.7  02 59 10.7  222.889 12.661  14.30  40617 16.7

   Date        UTC        RA         DECL      RARate   DeclRate    HourAng      Az     Um    Phase  Range  Mag
2010-04-26  18:10:00  07 57 51.7  +02 22 56  +000995.8 -000186.7  02 31 45.4  228.581 34.997  95.04  36106 17.8
2010-04-26  18:20:00  08 08 54.2  +01 51 14  +000991.5 -000193.6  02 30 44.6  227.985 34.675  92.25  36164 17.8
2010-04-26  18:30:00  08 19 53.7  +01 18 25  +000987.1 -000200.1  02 29 46.7  227.394 34.327  89.45  36226 17.7
2010-04-26  18:40:00  08 30 50.4  +00 44 34  +000982.7 -000205.9  02 28 51.7  226.811 33.956  86.67  36293 17.6
2010-04-26  18:50:00  08 41 44.0  +00 09 48  +000978.2 -000211.2  02 27 59.7  226.236 33.563  83.89  36365 17.5
2010-04-26  19:00:00  08 52 34.7  -00 25 48  +000973.7 -000215.9  02 27 10.7  225.672 33.149  81.13  36442 17.5
2010-04-26  19:10:00  09 03 22.3  -01 02 09  +000969.3 -000220.1  02 26 24.7  225.119 32.715  78.36  36523 17.4
2010-04-26  19:20:00  09 14 07.0  -01 39 08  +000964.8 -000223.7  02 25 41.6  224.577 32.264  75.62  36608 17.3
2010-04-26  19:30:00  09 24 48.8  -02 16 40  +000960.5 -000226.7  02 25 01.5  224.049 31.796  72.88  36697 17.3
2010-04-26  19:40:00  09 35 27.7  -02 54 40  +000956.3 -000229.1  02 24 24.2  223.534 31.314  70.15  36790 17.2
2010-04-26  19:50:00  09 46 03.9  -03 33 01  +000952.2 -000231.0  02 23 49.7  223.033 30.819  67.43  36886 17.2
2010-04-26  20:00:00  09 56 37.3  -04 11 38  +000948.2 -000232.4  02 23 17.9  222.546 30.313  64.73  36985 17.1
2010-04-26  20:10:00  10 07 08.2  -04 50 27  +000944.3 -000233.2  02 22 48.7  222.074 29.797  62.04  37087 17.1
2010-04-26  20:20:00  10 17 36.5  -05 29 20  +000940.6 -000233.5  02 22 22.0  221.617 29.273  59.36  37192 17.0
2010-04-26  20:30:00  10 28 02.3  -06 08 14  +000937.1 -000233.2  02 21 57.8  221.175 28.743  56.69  37299 17.0
2010-04-26  20:40:00  10 38 25.9  -06 47 03  +000933.7 -000232.5  02 21 35.9  220.749 28.208  54.04  37409 17.0
2010-04-26  20:50:00  10 48 47.3  -07 25 43  +000930.5 -000231.3  02 21 16.1  220.337 27.670  51.40  37520 16.9
2010-04-26  21:00:00  10 59 06.7  -08 04 08  +000927.5 -000229.6  02 20 58.4  219.939 27.131  48.77  37633 16.9
2010-04-26  21:10:00  11 09 24.0  -08 42 13  +000924.7 -000227.5  02 20 42.7  219.557 26.592  46.16  37747 16.9
2010-04-26  21:20:00  11 19 39.6  -09 19 56  +000922.1 -000224.9  02 20 28.7  219.189 26.054  43.56  37862 16.8
2010-04-26  21:30:00  11 29 53.5  -09 57 10  +000919.6 -000221.9  02 20 16.5  218.836 25.519  40.97  37978 16.8
2010-04-26  21:40:00  11 40 05.8  -10 33 52  +000917.3 -000218.4  02 20 05.8  218.496 24.988  38.41  38094 16.8
2010-04-26  21:50:00  11 50 16.6  -11 09 57  +000915.2 -000214.6  02 19 56.6  218.170 24.463  35.85  38211 16.8
2010-04-26  22:00:00  12 00 26.2  -11 45 23  +000913.3 -000210.4  02 19 48.8  217.858 23.945  33.32  38327 16.7
2010-04-26  22:10:00  12 10 34.5  -12 20 05  +000911.6 -000205.9  02 19 42.1  217.559 23.435  30.79  38443 16.7
2010-04-26  22:20:00  12 20 41.7  -12 53 59  +000910.0 -000201.0  02 19 36.5  217.272 22.934  28.29  38559 16.7
2010-04-26  22:30:00  12 30 47.9  -13 27 03  +000908.6 -000195.7  02 19 32.0  216.999 22.444  25.79  38673 16.7
2010-04-26  22:40:00  12 40 53.2  -13 59 13  +000907.3 -000190.2  02 19 28.3  216.738 21.965  23.33  38787 16.7
2010-04-26  22:50:00  12 50 57.6  -14 30 26  +000906.1 -000184.3  02 19 25.5  216.489 21.499  20.88  38899 16.7
2010-04-26  23:00:00  13 01 01.4  -15 00 39  +000905.1 -000178.2  02 19 23.4  216.252 21.046  18.46  39009 16.7
2010-04-26  23:10:00  13 11 04.5  -15 29 49  +000904.2 -000171.8  02 19 21.9  216.027 20.607  16.07  39118 16.7
2010-04-26  23:20:00  13 21 07.0  -15 57 54  +000903.4 -000165.1  02 19 21.0  215.814 20.184  13.72  39224 16.7
2010-04-26  23:30:00  13 31 09.0  -16 24 51  +000902.7 -000158.2  02 19 20.7  215.612 19.777  11.42  39329 16.7
2010-04-26  23:40:00  13 41 10.6  -16 50 37     <<SHADOW>>        02 19 20.8  215.422 19.387   9.23  39430 ----
2010-04-26  23:50:00  13 51 11.7  -17 15 12     <<SHADOW>>        02 19 21.3  215.243 19.014   7.19  39529 ----
2010-04-27  00:00:00  14 01 12.4  -17 38 32     <<SHADOW>>        02 19 22.2  215.075 18.659   5.49  39625 ----
2010-04-27  00:10:00  14 11 12.8  -18 00 36     <<SHADOW>>        02 19 23.4  214.919 18.322   4.52  39718 ----
2010-04-27  00:20:00  14 21 12.9  -18 21 22     <<SHADOW>>        02 19 25.0  214.774 18.005   4.71  39808 ----
2010-04-27  00:30:00  14 31 12.7  -18 40 47     <<SHADOW>>        02 19 26.9  214.640 17.707   5.96  39894 ----
2010-04-27  00:40:00  14 41 12.1  -18 58 52  +000898.9 -000104.4  02 19 29.1  214.518 17.429   7.75  39977 16.7
2010-04-27  00:50:00  14 51 11.2  -19 15 35  +000898.5 -000096.1  02 19 31.6  214.407 17.171   9.80  40056 16.7
2010-04-27  01:00:00  15 01 10.0  -19 30 54  +000898.0 -000087.7  02 19 34.5  214.307 16.934  11.96  40130 16.7
2010-04-27  01:10:00  15 11 08.5  -19 44 48  +000897.4 -000079.1  02 19 37.6  214.219 16.718  14.18  40201 16.7
2010-04-27  01:20:00  15 21 06.6  -19 57 17  +000896.9 -000070.5  02 19 41.2  214.143 16.522  16.43  40268 16.7
2010-04-27  01:30:00  15 31 04.3  -20 08 19  +000896.3 -000061.9  02 19 45.1  214.079 16.348  18.71  40331 16.7
2010-04-27  01:40:00  15 41 01.6  -20 17 54  +000895.6 -000053.1  02 19 49.5  214.027 16.196  20.98  40389 16.8
2010-04-27  01:50:00  15 50 58.4  -20 26 01  +000894.9 -000044.3  02 19 54.3  213.986 16.065  23.28  40443 16.8

   Date        UTC        RA         DECL      RARate   DeclRate    HourAng      Az     Um    Phase  Range  Mag
2010-04-27  18:10:00  08 45 26.9  +00 09 37  +000979.3 -000213.6  01 48 06.8  215.245 38.050  83.89  35979 17.5
2010-04-27  18:20:00  08 56 18.2  -00 26 23  +000974.7 -000218.3  01 47 17.1  214.704 37.581  81.12  36057 17.4
2010-04-27  18:30:00  09 07 06.5  -01 03 08  +000970.2 -000222.5  01 46 30.5  214.179 37.093  78.35  36141 17.4
2010-04-27  18:40:00  09 17 51.8  -01 40 32  +000965.7 -000226.1  01 45 46.8  213.669 36.588  75.61  36228 17.3
2010-04-27  18:50:00  09 28 34.1  -02 18 28  +000961.3 -000229.1  01 45 06.1  213.176 36.067  72.86  36319 17.3
2010-04-27  19:00:00  09 39 13.6  -02 56 51  +000957.0 -000231.5  01 44 28.3  212.700 35.533  70.14  36414 17.2
2010-04-27  19:10:00  09 49 50.2  -03 35 37  +000952.9 -000233.4  01 43 53.3  212.241 34.987  67.41  36512 17.2
2010-04-27  19:20:00  10 00 24.1  -04 14 38  +000948.8 -000234.7  01 43 21.1  211.800 34.431  64.71  36613 17.1
2010-04-27  19:30:00  10 10 55.3  -04 53 50  +000944.9 -000235.5  01 42 51.5  211.375 33.867  62.01  36717 17.1
2010-04-27  19:40:00  10 21 24.0  -05 33 06  +000941.2 -000235.8  01 42 24.5  210.968 33.296  59.33  36824 17.0
2010-04-27  19:50:00  10 31 50.3  -06 12 23  +000937.6 -000235.5  01 41 59.9  210.577 32.720  56.65  36933 17.0
2010-04-27  20:00:00  10 42 14.2  -06 51 35  +000934.2 -000234.7  01 41 37.6  210.203 32.141  54.00  37044 16.9
2010-04-27  20:10:00  10 52 35.9  -07 30 36  +000931.0 -000233.4  01 41 17.5  209.845 31.560  51.36  37158 16.9
2010-04-27  20:20:00  11 02 55.5  -08 09 22  +000927.9 -000231.7  01 40 59.5  209.503 30.979  48.73  37272 16.9
2010-04-27  20:30:00  11 13 13.2  -08 47 49  +000925.1 -000229.5  01 40 43.5  209.176 30.399  46.11  37388 16.8
2010-04-27  20:40:00  11 23 29.0  -09 25 51  +000922.4 -000226.9  01 40 29.3  208.865 29.823  43.52  37505 16.8
2010-04-27  20:50:00  11 33 43.2  -10 03 25  +000920.0 -000223.8  01 40 16.8  208.567 29.250  40.92  37623 16.8
2010-04-27  21:00:00  11 43 55.7  -10 40 26  +000917.7 -000220.3  01 40 05.9  208.284 28.684  38.36  37741 16.8
2010-04-27  21:10:00  11 54 06.8  -11 16 50  +000915.6 -000216.4  01 39 56.5  208.014 28.124  35.80  37859 16.7
2010-04-27  21:20:00  12 04 16.5  -11 52 34  +000913.6 -000212.2  01 39 48.4  207.757 27.573  33.26  37977 16.7
2010-04-27  21:30:00  12 14 25.0  -12 27 33  +000911.9 -000207.5  01 39 41.6  207.512 27.031  30.73  38095 16.7
2010-04-27  21:40:00  12 24 32.4  -13 01 43  +000910.3 -000202.6  01 39 35.8  207.280 26.500  28.23  38213 16.7
2010-04-27  21:50:00  12 34 38.7  -13 35 03  +000908.8 -000197.2  01 39 31.1  207.060 25.981  25.73  38329 16.7
2010-04-27  22:00:00  12 44 44.2  -14 07 27  +000907.5 -000191.6  01 39 27.3  206.850 25.474  23.27  38444 16.7
2010-04-27  22:10:00  12 54 48.8  -14 38 54  +000906.3 -000185.7  01 39 24.4  206.652 24.981  20.81  38558 16.7
2010-04-27  22:20:00  13 04 52.6  -15 09 20  +000905.3 -000179.5  01 39 22.2  206.465 24.503  18.39  38670 16.6
2010-04-27  22:30:00  13 14 55.8  -15 38 43  +000904.3 -000173.0  01 39 20.6  206.288 24.041  15.99  38780 16.6
2010-04-27  22:40:00  13 24 58.4  -16 06 60  +000903.5 -000166.2  01 39 19.6  206.120 23.595  13.64  38888 16.6
2010-04-27  22:50:00  13 35 00.5  -16 34 07  +000902.7 -000159.3  01 39 19.2  205.963 23.167  11.33  38994 16.6
2010-04-27  23:00:00  13 45 02.1  -17 00 04     <<SHADOW>>        01 39 19.3  205.816 22.756   9.13  39097 ----
2010-04-27  23:10:00  13 55 03.2  -17 24 48     <<SHADOW>>        01 39 19.8  205.678 22.364   7.07  39197 ----
2010-04-27  23:20:00  14 05 03.9  -17 48 17     <<SHADOW>>        01 39 20.7  205.549 21.992   5.36  39295 ----
2010-04-27  23:30:00  14 15 04.3  -18 10 28     <<SHADOW>>        01 39 22.0  205.430 21.639   4.37  39389 ----
2010-04-27  23:40:00  14 25 04.3  -18 31 21     <<SHADOW>>        01 39 23.6  205.320 21.306   4.58  39480 ----
2010-04-27  23:50:00  14 35 04.0  -18 50 54     <<SHADOW>>        01 39 25.6  205.220 20.994   5.87  39568 ----
2010-04-28  00:00:00  14 45 03.3  -19 09 04  +000898.7 -000104.9  01 39 27.9  205.129 20.703   7.69  39652 16.7
2010-04-28  00:10:00  14 55 02.3  -19 25 52  +000898.2 -000096.5  01 39 30.6  205.047 20.434   9.75  39732 16.7
2010-04-28  00:20:00  15 05 00.9  -19 41 15  +000897.7 -000088.0  01 39 33.6  204.974 20.186  11.92  39808 16.7
2010-04-28  00:30:00  15 14 59.1  -19 55 12  +000897.1 -000079.5  01 39 37.0  204.911 19.961  14.15  39880 16.7
2010-04-28  00:40:00  15 24 57.0  -20 07 44  +000896.5 -000070.8  01 39 40.8  204.857 19.758  16.40  39947 16.7
2010-04-28  00:50:00  15 34 54.4  -20 18 48  +000895.8 -000062.1  01 39 45.0  204.814 19.577  18.68  40011 16.7
2010-04-28  01:00:00  15 44 51.3  -20 28 25  +000895.1 -000053.3  01 39 49.7  204.780 19.419  20.95  40070 16.7
2010-04-28  01:10:00  15 54 47.8  -20 36 34  +000894.3 -000044.4  01 39 54.9  204.756 19.284  23.25  40125 16.8
2010-04-28  01:20:00  16 04 43.7  -20 43 14  +000893.4 -000035.6  01 40 00.6  204.742 19.171  25.53  40174 16.8
2010-04-28  01:30:00  16 14 39.0  -20 48 25  +000892.5 -000026.7  01 40 06.9  204.738 19.081  27.83  40220 16.8
2010-04-28  01:40:00  16 24 33.7  -20 52 07  +000891.6 -000017.8  01 40 13.9  204.745 19.014  30.11  40260 16.8
2010-04-28  01:50:00  16 34 27.8  -20 54 21  +000890.5 -000008.9  01 40 21.5  204.763 18.970  32.41  40296 16.8

   Date        UTC        RA         DECL      RARate   DeclRate    HourAng      Az     Um    Phase  Range  Mag
2010-04-28  18:10:00  09 32 42.1  -02 19 51  +000961.9 -000230.9  01 04 48.1  201.089 39.218  72.76  36049 17.2
2010-04-28  18:20:00  09 43 21.9  -02 58 32  +000957.5 -000233.3  01 04 10.0  200.687 38.632  70.03  36146 17.2
2010-04-28  18:30:00  09 53 58.9  -03 37 35  +000953.4 -000235.1  01 03 34.6  200.305 38.036  67.30  36246 17.1
2010-04-28  18:40:00  10 04 33.1  -04 16 54  +000949.3 -000236.4  01 03 02.0  199.941 37.432  64.60  36350 17.1
2010-04-28  18:50:00  10 15 04.7  -04 56 22  +000945.3 -000237.2  01 02 32.2  199.597 36.821  61.89  36456 17.0
2010-04-28  19:00:00  10 25 33.6  -05 35 56  +000941.6 -000237.4  01 02 04.8  199.271 36.206  59.22  36565 17.0
2010-04-28  19:10:00  10 36 00.1  -06 15 29  +000938.0 -000237.1  01 01 40.0  198.962 35.587  56.54  36676 17.0
2010-04-28  19:20:00  10 46 24.3  -06 54 56  +000934.5 -000236.3  01 01 17.5  198.670 34.967  53.89  36789 16.9
2010-04-28  19:30:00  10 56 46.2  -07 34 13  +000931.3 -000235.0  01 00 57.2  198.395 34.347  51.23  36904 16.9
2010-04-28  19:40:00  11 07 06.1  -08 13 15  +000928.3 -000233.2  01 00 38.9  198.135 33.729  48.61  37021 16.9
2010-04-28  19:50:00  11 17 24.0  -08 51 56  +000925.4 -000231.0  01 00 22.7  197.890 33.114  45.99  37138 16.8
2010-04-28  20:00:00  11 27 40.0  -09 30 13  +000922.7 -000228.3  01 00 08.3  197.659 32.503  43.39  37257 16.8
2010-04-28  20:10:00  11 37 54.3  -10 08 00  +000920.2 -000225.1  00 59 55.6  197.442 31.898  40.79  37376 16.8
2010-04-28  20:20:00  11 48 07.0  -10 45 14  +000917.9 -000221.6  00 59 44.6  197.238 31.301  38.23  37496 16.7
2010-04-28  20:30:00  11 58 18.3  -11 21 51  +000915.8 -000217.7  00 59 35.0  197.046 30.712  35.66  37616 16.7
2010-04-28  20:40:00  12 08 28.2  -11 57 47  +000913.9 -000213.3  00 59 26.7  196.865 30.133  33.13  37736 16.7
2010-04-28  20:50:00  12 18 36.8  -12 32 57  +000912.1 -000208.7  00 59 19.7  196.695 29.565  30.59  37855 16.7
2010-04-28  21:00:00  12 28 44.4  -13 07 19  +000910.5 -000203.6  00 59 13.8  196.535 29.009  28.09  37974 16.7
2010-04-28  21:10:00  12 38 50.8  -13 40 49  +000909.0 -000198.3  00 59 09.0  196.385 28.466  25.59  38092 16.7
2010-04-28  21:20:00  12 48 56.4  -14 13 23  +000907.7 -000192.6  00 59 05.1  196.245 27.937  23.12  38208 16.7
2010-04-28  21:30:00  12 59 01.1  -14 44 60  +000906.5 -000186.6  00 59 02.0  196.113 27.423  20.66  38324 16.6
2010-04-28  21:40:00  13 09 05.0  -15 15 34  +000905.4 -000180.3  00 58 59.7  195.990 26.925  18.24  38437 16.6
2010-04-28  21:50:00  13 19 08.3  -15 45 05  +000904.4 -000173.8  00 58 58.1  195.874 26.444  15.83  38549 16.6
2010-04-28  22:00:00  13 29 11.0  -16 13 29  +000903.6 -000167.0  00 58 57.0  195.767 25.981  13.48  38658 16.6
2010-04-28  22:10:00  13 39 13.1  -16 40 44  +000902.8 -000159.9  00 58 56.6  195.667 25.536  11.16  38765 16.6
2010-04-28  22:20:00  13 49 14.7  -17 06 47     <<SHADOW>>        00 58 56.6  195.573 25.110   8.94  38870 ----
2010-04-28  22:30:00  13 59 15.9  -17 31 37     <<SHADOW>>        00 58 57.1  195.487 24.703   6.87  38971 ----
2010-04-28  22:40:00  14 09 16.6  -17 55 11     <<SHADOW>>        00 58 58.0  195.408 24.317   5.13  39070 ----
2010-04-28  22:50:00  14 19 16.9  -18 17 27     <<SHADOW>>        00 58 59.4  195.335 23.952   4.15  39166 ----
2010-04-28  23:00:00  14 29 16.8  -18 38 24     <<SHADOW>>        00 59 01.1  195.269 23.608   4.43  39258 ----
2010-04-28  23:10:00  14 39 16.4  -18 58 01     <<SHADOW>>        00 59 03.1  195.210 23.286   5.79  39346 ----
2010-04-28  23:20:00  14 49 15.6  -19 16 14     <<SHADOW>>        00 59 05.6  195.157 22.986   7.65  39431 ----
2010-04-28  23:30:00  14 59 14.4  -19 33 04  +000897.9 -000096.8  00 59 08.4  195.111 22.708   9.75  39512 16.7
2010-04-28  23:40:00  15 09 12.8  -19 48 30  +000897.3 -000088.2  00 59 11.6  195.071 22.453  11.93  39589 16.7
2010-04-28  23:50:00  15 19 10.9  -20 02 29  +000896.7 -000079.6  00 59 15.2  195.038 22.222  14.17  39662 16.7
2010-04-29  00:00:00  15 29 08.5  -20 15 02  +000896.1 -000070.9  00 59 19.3  195.012 22.013  16.43  39731 16.7
2010-04-29  00:10:00  15 39 05.6  -20 26 08  +000895.3 -000062.1  00 59 23.8  194.993 21.829  18.71  39795 16.7
2010-04-29  00:20:00  15 49 02.2  -20 35 45  +000894.6 -000053.3  00 59 28.8  194.981 21.668  20.99  39855 16.7
2010-04-29  00:30:00  15 58 58.3  -20 43 54  +000893.7 -000044.4  00 59 34.4  194.976 21.530  23.28  39910 16.7
2010-04-29  00:40:00  16 08 53.8  -20 50 33  +000892.8 -000035.5  00 59 40.5  194.978 21.417  25.57  39961 16.8
2010-04-29  00:50:00  16 18 48.7  -20 55 44  +000891.8 -000026.6  00 59 47.3  194.988 21.327  27.86  40006 16.8
2010-04-29  01:00:00  16 28 42.9  -20 59 26  +000890.8 -000017.7  00 59 54.7  195.006 21.261  30.15  40047 16.8
2010-04-29  01:10:00  16 38 36.4  -21 01 38  +000889.7 -000008.8  01 00 02.8  195.032 21.219  32.44  40083 16.8
2010-04-29  01:20:00  16 48 29.2  -21 02 22  +000888.5 +000000.1  01 00 11.7  195.066 21.200  34.72  40114 16.9
2010-04-29  01:30:00  16 58 21.1  -21 01 36  +000887.2 +000009.0  01 00 21.5  195.108 21.205  37.02  40141 16.9
2010-04-29  01:40:00  17 08 12.1  -20 59 22  +000885.9 +000017.8  01 00 32.0  195.159 21.234  39.30  40162 16.9

   Date        UTC        RA         DECL      RARate   DeclRate    HourAng      Az     Um    Phase  Range  Mag
2010-04-29  18:10:00  10 19 28.2  -04 57 58  +000945.6 -000238.1  00 21 58.7  186.992 38.405  61.73  36312 17.0
2010-04-29  18:20:00  10 29 57.3  -05 37 41  +000941.8 -000238.3  00 21 31.2  186.777 37.755  59.05  36423 17.0
2010-04-29  18:30:00  10 40 24.0  -06 17 23  +000938.2 -000238.0  00 21 06.1  186.580 37.104  56.37  36536 16.9
2010-04-29  18:40:00  10 50 48.3  -06 56 59  +000934.8 -000237.1  00 20 43.5  186.399 36.453  53.72  36651 16.9
2010-04-29  18:50:00  11 01 10.4  -07 36 25  +000931.5 -000235.8  00 20 23.0  186.232 35.805  51.07  36768 16.9
2010-04-29  19:00:00  11 11 30.4  -08 15 34  +000928.5 -000234.0  00 20 04.6  186.079 35.159  48.44  36886 16.8
2010-04-29  19:10:00  11 21 48.4  -08 54 23  +000925.6 -000231.7  00 19 48.2  185.940 34.519  45.81  37005 16.8
2010-04-29  19:20:00  11 32 04.6  -09 32 47  +000922.9 -000229.0  00 19 33.7  185.812 33.885  43.22  37125 16.8
2010-04-29  19:30:00  11 42 19.1  -10 10 42  +000920.4 -000225.8  00 19 20.9  185.696 33.258  40.62  37246 16.8
2010-04-29  19:40:00  11 52 31.9  -10 48 03  +000918.1 -000222.3  00 19 09.7  185.590 32.641  38.05  37368 16.7
2010-04-29  19:50:00  12 02 43.3  -11 24 46  +000916.0 -000218.3  00 18 59.9  185.494 32.033  35.48  37489 16.7
2010-04-29  20:00:00  12 12 53.3  -12 00 47  +000914.1 -000213.9  00 18 51.6  185.407 31.436  32.95  37610 16.7
2010-04-29  20:10:00  12 23 02.1  -12 36 04  +000912.3 -000209.2  00 18 44.4  185.327 30.851  30.41  37731 16.7
2010-04-29  20:20:00  12 33 09.8  -13 10 31  +000910.7 -000204.1  00 18 38.4  185.256 30.280  27.90  37851 16.7
2010-04-29  20:30:00  12 43 16.4  -13 44 05  +000909.2 -000198.7  00 18 33.4  185.191 29.723  25.40  37970 16.7
2010-04-29  20:40:00  12 53 22.0  -14 16 44  +000907.8 -000193.0  00 18 29.4  185.132 29.181  22.93  38088 16.6
2010-04-29  20:50:00  13 03 26.8  -14 48 25  +000906.6 -000187.0  00 18 26.3  185.080 28.655  20.47  38204 16.6
2010-04-29  21:00:00  13 13 30.9  -15 19 03  +000905.5 -000180.7  00 18 23.9  185.032 28.146  18.04  38319 16.6
2010-04-29  21:10:00  13 23 34.2  -15 48 37  +000904.5 -000174.1  00 18 22.2  184.990 27.654  15.62  38432 16.6
2010-04-29  21:20:00  13 33 36.9  -16 17 04  +000903.6 -000167.3  00 18 21.1  184.951 27.181  13.26  38542 16.6
2010-04-29  21:30:00  13 43 39.1  -16 44 22  +000902.8 -000160.2  00 18 20.6  184.918 26.727  10.93  38650 16.6
2010-04-29  21:40:00  13 53 40.7  -17 10 28  +000902.1 -000152.9  00 18 20.6  184.888 26.293   8.69  38756 16.6
2010-04-29  21:50:00  14 03 41.9  -17 35 19     <<SHADOW>>        00 18 21.1  184.862 25.880   6.59  38859 ----
2010-04-29  22:00:00  14 13 42.6  -17 58 55     <<SHADOW>>        00 18 22.0  184.839 25.487   4.84  38958 ----
2010-04-29  22:10:00  14 23 42.8  -18 21 13     <<SHADOW>>        00 18 23.4  184.820 25.116   3.87  39055 ----
2010-04-29  22:20:00  14 33 42.7  -18 42 11     <<SHADOW>>        00 18 25.2  184.804 24.766   4.25  39148 ----
2010-04-29  22:30:00  14 43 42.2  -19 01 48     <<SHADOW>>        00 18 27.3  184.791 24.440   5.71  39237 ----
2010-04-29  22:40:00  14 53 41.2  -19 20 02     <<SHADOW>>        00 18 29.9  184.782 24.136   7.64  39323 ----
2010-04-29  22:50:00  15 03 39.9  -19 36 52  +000897.7 -000096.8  00 18 32.9  184.776 23.855   9.76  39405 16.7
2010-04-29  23:00:00  15 13 38.2  -19 52 18  +000897.0 -000088.2  00 18 36.3  184.774 23.597  11.97  39483 16.7
2010-04-29  23:10:00  15 23 36.0  -20 06 17  +000896.4 -000079.6  00 18 40.1  184.775 23.364  14.22  39556 16.7
2010-04-29  23:20:00  15 33 33.3  -20 18 50  +000895.6 -000070.9  00 18 44.4  184.779 23.154  16.49  39626 16.7
2010-04-29  23:30:00  15 43 30.1  -20 29 54  +000894.9 -000062.1  00 18 49.2  184.787 22.969  18.78  39691 16.7
2010-04-29  23:40:00  15 53 26.4  -20 39 31  +000894.0 -000053.2  00 18 54.6  184.799 22.807  21.06  39751 16.7
2010-04-29  23:50:00  16 03 22.2  -20 47 39  +000893.1 -000044.3  00 19 00.5  184.815 22.671  23.36  39807 16.7
2010-04-30  00:00:00  16 13 17.3  -20 54 18  +000892.2 -000035.4  00 19 07.0  184.835 22.559  25.64  39858 16.8
2010-04-30  00:10:00  16 23 11.8  -20 59 27  +000891.2 -000026.5  00 19 14.2  184.859 22.471  27.94  39904 16.8
2010-04-30  00:20:00  16 33 05.5  -21 03 08  +000890.1 -000017.6  00 19 22.1  184.888 22.408  30.22  39945 16.8
2010-04-30  00:30:00  16 42 58.5  -21 05 19  +000888.9 -000008.6  00 19 30.7  184.922 22.370  32.52  39981 16.8
2010-04-30  00:40:00  16 52 50.7  -21 06 01  +000887.7 +000000.2  00 19 40.2  184.961 22.356  34.80  40013 16.9
2010-04-30  00:50:00  17 02 42.0  -21 05 14  +000886.4 +000009.1  00 19 50.5  185.005 22.366  37.09  40039 16.9
2010-04-30  01:00:00  17 12 32.5  -21 02 59  +000885.0 +000017.9  00 20 01.7  185.054 22.401  39.37  40060 16.9
2010-04-30  01:10:00  17 22 22.0  -20 59 16  +000883.6 +000026.7  00 20 13.8  185.110 22.459  41.66  40077 16.9
2010-04-30  01:20:00  17 32 10.6  -20 54 06  +000882.1 +000035.3  00 20 26.9  185.171 22.542  43.93  40088 17.0
2010-04-30  01:30:00  17 41 58.1  -20 47 30  +000880.6 +000043.9  00 20 41.0  185.238 22.648  46.22  40094 17.0
2010-04-30  01:40:00  17 51 44.6  -20 39 28  +000879.0 +000052.4  00 20 56.1  185.312 22.778  48.50  40094 17.0

   Date        UTC        RA         DECL      RARate   DeclRate    HourAng      Az     Um    Phase  Range  Mag
2010-04-30  18:10:00  11 05 39.5  -07 37 05  +000931.7 -000235.9  23 39 43.9  173.804 35.796  50.89  36752 16.9
2010-04-30  18:20:00  11 15 59.6  -08 16 15  +000928.6 -000234.1  23 39 25.4  173.771 35.139  48.26  36872 16.8
2010-04-30  18:30:00  11 26 17.8  -08 55 05  +000925.8 -000231.8  23 39 08.9  173.748 34.488  45.63  36993 16.8
2010-04-30  18:40:00  11 36 34.0  -09 33 29  +000923.1 -000229.0  23 38 54.3  173.735 33.846  43.03  37114 16.8
2010-04-30  18:50:00  11 46 48.6  -10 11 24  +000920.6 -000225.8  23 38 41.3  173.729 33.212  40.44  37237 16.8
2010-04-30  19:00:00  11 57 01.6  -10 48 45  +000918.3 -000222.2  23 38 30.0  173.731 32.587  37.87  37359 16.7
2010-04-30  19:10:00  12 07 13.0  -11 25 27  +000916.2 -000218.2  23 38 20.2  173.739 31.974  35.30  37482 16.7
2010-04-30  19:20:00  12 17 23.2  -12 01 28  +000914.2 -000213.9  23 38 11.7  173.752 31.373  32.76  37604 16.7
2010-04-30  19:30:00  12 27 32.1  -12 36 44  +000912.4 -000209.1  23 38 04.4  173.771 30.785  30.22  37726 16.7
2010-04-30  19:40:00  12 37 39.8  -13 11 10  +000910.8 -000204.0  23 37 58.3  173.793 30.211  27.71  37847 16.7
2010-04-30  19:50:00  12 47 46.5  -13 44 44  +000909.3 -000198.6  23 37 53.3  173.819 29.652  25.20  37967 16.7
2010-04-30  20:00:00  12 57 52.3  -14 17 21  +000908.0 -000192.9  23 37 49.2  173.847 29.108  22.73  38086 16.6
2010-04-30  20:10:00  13 07 57.2  -14 49 00  +000906.7 -000186.8  23 37 45.9  173.878 28.581  20.26  38203 16.6
2010-04-30  20:20:00  13 18 01.3  -15 19 37  +000905.6 -000180.5  23 37 43.4  173.911 28.071  17.82  38319 16.6
2010-04-30  20:30:00  13 28 04.7  -15 49 10  +000904.6 -000173.9  23 37 41.7  173.945 27.580  15.40  38433 16.6
2010-04-30  20:40:00  13 38 07.5  -16 17 35  +000903.7 -000167.1  23 37 40.5  173.980 27.107  13.02  38544 16.6
2010-04-30  20:50:00  13 48 09.7  -16 44 51  +000902.9 -000160.0  23 37 39.9  174.016 26.654  10.68  38653 16.6
2010-04-30  21:00:00  13 58 11.3  -17 10 55  +000902.1 -000152.7  23 37 39.9  174.052 26.221   8.42  38759 16.6
2010-04-30  21:10:00  14 08 12.5  -17 35 44     <<SHADOW>>        23 37 40.4  174.089 25.808   6.29  38863 ----
2010-04-30  21:20:00  14 18 13.2  -17 59 18     <<SHADOW>>        23 37 41.4  174.126 25.417   4.50  38963 ----
2010-04-30  21:30:00  14 28 13.4  -18 21 33     <<SHADOW>>        23 37 42.8  174.162 25.048   3.53  39060 ----
2010-04-30  21:40:00  14 38 13.2  -18 42 29     <<SHADOW>>        23 37 44.6  174.198 24.700   4.03  39154 ----
2010-04-30  21:50:00  14 48 12.6  -19 02 04     <<SHADOW>>        23 37 46.9  174.234 24.375   5.61  39244 ----
2010-04-30  22:00:00  14 58 11.6  -19 20 16     <<SHADOW>>        23 37 49.6  174.270 24.074   7.61  39331 ----
2010-04-30  22:10:00  15 08 10.1  -19 37 04  +000897.4 -000096.6  23 37 52.7  174.306 23.795   9.78  39413 16.7
2010-04-30  22:20:00  15 18 08.2  -19 52 27  +000896.8 -000088.0  23 37 56.3  174.342 23.541  12.01  39492 16.7
2010-04-30  22:30:00  15 28 05.8  -20 06 24  +000896.0 -000079.4  23 38 00.3  174.377 23.310  14.28  39566 16.7
2010-04-30  22:40:00  15 38 02.9  -20 18 54  +000895.3 -000070.6  23 38 04.9  174.413 23.103  16.55  39636 16.7
2010-04-30  22:50:00  15 47 59.4  -20 29 57  +000894.4 -000061.9  23 38 09.9  174.448 22.921  18.85  39701 16.7
2010-04-30  23:00:00  15 57 55.4  -20 39 32  +000893.6 -000053.0  23 38 15.6  174.485 22.763  21.14  39762 16.7
2010-04-30  23:10:00  16 07 50.8  -20 47 37  +000892.6 -000044.1  23 38 21.8  174.521 22.631  23.44  39818 16.7
2010-04-30  23:20:00  16 17 45.6  -20 54 14  +000891.6 -000035.2  23 38 28.7  174.559 22.522  25.73  39869 16.8
2010-04-30  23:30:00  16 27 39.6  -20 59 22  +000890.5 -000026.3  23 38 36.3  174.597 22.439  28.03  39916 16.8
2010-04-30  23:40:00  16 37 32.9  -21 03 01  +000889.4 -000017.4  23 38 44.7  174.637 22.381  30.31  39957 16.8
2010-04-30  23:50:00  16 47 25.4  -21 05 11  +000888.2 -000008.5  23 38 53.8  174.678 22.347  32.61  39994 16.8
2010-05-01  00:00:00  16 57 17.1  -21 05 52  +000886.9 +000000.4  23 39 03.7  174.720 22.339  34.89  40025 16.9
2010-05-01  00:10:00  17 07 07.9  -21 05 04  +000885.5 +000009.2  23 39 14.6  174.765 22.355  37.18  40052 16.9
2010-05-01  00:20:00  17 16 57.8  -21 02 48  +000884.1 +000018.0  23 39 26.4  174.811 22.395  39.46  40073 16.9
2010-05-01  00:30:00  17 26 46.7  -20 59 05  +000882.6 +000026.7  23 39 39.1  174.860 22.461  41.75  40089 16.9
2010-05-01  00:40:00  17 36 34.6  -20 53 54  +000881.1 +000035.4  23 39 52.8  174.912 22.550  44.02  40100 17.0
2010-05-01  00:50:00  17 46 21.5  -20 47 18  +000879.6 +000043.9  23 40 07.5  174.966 22.664  46.31  40106 17.0
2010-05-01  01:00:00  17 56 07.4  -20 39 16  +000878.0 +000052.4  23 40 23.3  175.023 22.801  48.58  40107 17.0
2010-05-01  01:10:00  18 05 52.1  -20 29 50  +000876.3 +000060.8  23 40 40.2  175.084 22.963  50.86  40102 17.1
2010-05-01  01:20:00  18 15 35.7  -20 19 00  +000874.6 +000069.1  23 40 58.3  175.148 23.147  53.14  40093 17.1
2010-05-01  01:30:00  18 25 18.3  -20 06 49  +000873.0 +000077.2  23 41 17.4  175.215 23.354  55.42  40078 17.1
2010-05-01  01:40:00  18 34 59.7  -19 53 16  +000871.3 +000085.2  23 41 37.6  175.286 23.584  57.70  40058 17.2
