ЭФЕМЕРИДЫ ПО ОБЪЕКТУ:  95377
Для пункта:  10016 Маяки   46 23'50.68"   30 16'17.74"    14m
C   2010-04-15 12:00
по  2010-05-01 12:00
Шаг  0:10:00
Мин.угол места:          10 град
Макс.угол места Солнца: -10 град
Стандартный блеск :      8.1 (зв.вел.)

ОБОЗНАЧЕНИЯ
RA        прямое восхождение, тек.эпоха
DECL      склонение, тек.эпоха
RARate    скорость по пр.восх., арксек/мин
DeclRate  скорость по склонению, арксек/мин
HourAng   часовой угол
Az        азимут
Um        угол места
Phase     фазовый угол
Range     дальность
Mag       зв.величина (оценка)

   Date        UTC        RA         DECL      RARate   DeclRate    HourAng      Az     Um    Phase  Range  Mag
2010-04-15  19:40:00  06 49 04.5  -06 11 19  +002372.6 +000151.7  04 27 25.3  248.651 11.036 100.26  19284 14.9
2010-04-15  19:50:00  07 13 02.9  -05 51 16  +001963.6 +000092.7  04 13 28.6  246.144 13.512  94.47  20965 14.8
2010-04-15  20:00:00  07 33 06.8  -05 39 25  +001662.6 +000052.0  04 03 26.3  244.269 15.237  89.60  22584 14.9
2010-04-15  20:10:00  07 50 16.9  -05 33 30  +001435.7 +000023.3  03 56 17.8  242.884 16.417  85.41  24128 14.9
2010-04-15  20:20:00  08 05 13.3  -05 31 25  +001260.5 +000002.8  03 51 23.1  241.899 17.195  81.76  25598 14.9
2010-04-15  20:30:00  08 18 25.9  -05 32 17  +001122.5 -000012.3  03 48 12.1  241.231 17.666  78.51  26991 14.9
2010-04-15  20:40:00  08 30 16.2  -05 35 19  +001012.1 -000023.6  03 46 23.4  240.823 17.899  75.61  28306 15.0
2010-04-15  20:50:00  08 41 00.1  -05 39 60  +000922.4 -000032.2  03 45 41.2  240.627 17.943  72.96  29547 15.0
2010-04-15  21:00:00  08 50 49.7  -05 45 57  +000848.6 -000039.0  03 45 53.2  240.605 17.833  70.54  30714 15.0
2010-04-15  21:10:00  08 59 54.4  -05 52 55  +000787.2 -000044.3  03 46 50.2  240.729 17.598  68.29  31809 15.1
2010-04-15  21:20:00  09 08 21.7  -06 00 41  +000735.8 -000048.7  03 48 24.6  240.973 17.258  66.20  32834 15.1
2010-04-15  21:30:00  09 16 17.3  -06 09 07  +000692.2 -000052.3  03 50 30.6  241.318 16.830  64.23  33792 15.1
2010-04-15  21:40:00  09 23 46.1  -06 18 05  +000655.2 -000055.3  03 53 03.4  241.746 16.325  62.38  34684 15.1
2010-04-15  21:50:00  09 30 52.1  -06 27 32  +000623.6 -000058.0  03 55 59.0  242.244 15.755  60.61  35512 15.2
2010-04-15  22:00:00  09 37 38.6  -06 37 24  +000596.5 -000060.3  03 59 14.2  242.799 15.128  58.94  36277 15.2
2010-04-15  22:10:00  09 44 08.3  -06 47 38  +000573.2 -000062.5  04 02 46.1  243.402 14.451  57.32  36981 15.2
2010-04-15  22:20:00  09 50 23.7  -06 58 13  +000553.3 -000064.5  04 06 32.4  244.044 13.730  55.77  37625 15.2
2010-04-15  22:30:00  09 56 26.7  -07 09 07  +000536.2 -000066.3  04 10 31.0  244.717 12.970  54.25  38209 15.2
2010-04-15  22:40:00  10 02 19.2  -07 20 20  +000521.6 -000068.2  04 14 40.2  245.415 12.176  52.80  38735 15.2
2010-04-15  22:50:00  10 08 02.7  -07 31 51  +000509.2 -000070.0  04 18 58.3  246.133 11.351  51.36  39203 15.2
2010-04-15  23:00:00  10 13 38.6  -07 43 40  +000498.9 -000071.9  04 23 24.0  246.866 10.499  49.98  39614 15.2

   Date        UTC        RA         DECL      RARate   DeclRate    HourAng      Az     Um    Phase  Range  Mag
2010-04-16  17:50:00  08 39 12.4  -06 01 05  +001050.6 -000002.5  00 50 55.9  195.798 36.375  74.12  25126 14.7
2010-04-16  18:00:00  08 50 16.0  -06 02 46  +000944.3 -000017.1  00 49 53.9  195.477 36.395  71.42  26469 14.7
2010-04-16  18:10:00  09 00 16.2  -06 06 34  +000859.0 -000028.0  00 49 55.4  195.470 36.332  68.95  27724 14.8
2010-04-16  18:20:00  09 09 25.0  -06 12 00  +000789.5 -000036.6  00 50 48.2  195.716 36.202  66.70  28896 14.8
2010-04-16  18:30:00  09 17 51.6  -06 18 41  +000732.1 -000043.3  00 52 23.2  196.168 36.018  64.61  29989 14.9
2010-04-16  18:40:00  09 25 43.3  -06 26 22  +000684.2 -000048.7  00 54 33.2  196.788 35.786  62.67  31005 14.9
2010-04-16  18:50:00  09 33 05.6  -06 34 52  +000643.9 -000053.2  00 57 12.5  197.547 35.512  60.84  31949 14.9
2010-04-16  19:00:00  09 40 03.2  -06 44 03  +000609.7 -000057.0  01 00 16.6  198.419 35.200  59.12  32822 15.0
2010-04-16  19:10:00  09 46 39.7  -06 53 50  +000580.6 -000060.2  01 03 41.7  199.384 34.850  57.47  33627 15.0
2010-04-16  19:20:00  09 52 58.3  -07 04 07  +000555.8 -000063.1  01 07 24.7  200.424 34.465  55.91  34367 15.0
2010-04-16  19:30:00  09 59 01.7  -07 14 51  +000534.6 -000065.7  01 11 23.1  201.525 34.047  54.39  35043 15.0
2010-04-16  19:40:00  10 04 51.8  -07 26 01  +000516.4 -000068.2  01 15 34.5  202.674 33.595  52.95  35656 15.0
2010-04-16  19:50:00  10 10 30.8  -07 37 34  +000500.9 -000070.5  01 19 57.2  203.859 33.112  51.53  36209 15.0
2010-04-16  20:00:00  10 16 00.2  -07 49 30  +000487.7 -000072.7  01 24 29.4  205.072 32.598  50.17  36703 15.1
2010-04-16  20:10:00  10 21 21.6  -08 01 47  +000476.6 -000074.9  01 29 09.7  206.304 32.053  48.83  37138 15.1
2010-04-16  20:20:00  10 26 36.2  -08 14 27  +000467.4 -000077.1  01 33 56.8  207.547 31.479  47.53  37516 15.1
2010-04-16  20:30:00  10 31 45.2  -08 27 30  +000459.9 -000079.4  01 38 49.4  208.795 30.877  46.24  37838 15.1
2010-04-16  20:40:00  10 36 49.8  -08 40 55  +000454.0 -000081.7  01 43 46.4  210.042 30.248  44.98  38103 15.1
2010-04-16  20:50:00  10 41 50.9  -08 54 44  +000449.6 -000084.1  01 48 46.9  211.281 29.592  43.73  38312 15.1
2010-04-16  21:00:00  10 46 49.5  -09 08 58  +000446.5 -000086.7  01 53 50.0  212.509 28.911  42.49  38466 15.1
2010-04-16  21:10:00  10 51 46.6  -09 23 39  +000444.8 -000089.5  01 58 54.6  213.721 28.207  41.25  38564 15.0
2010-04-16  21:20:00  10 56 42.9  -09 38 48  +000444.5 -000092.4  02 03 59.8  214.912 27.480  40.03  38608 15.0
2010-04-16  21:30:00  11 01 39.5  -09 54 28  +000445.4 -000095.6  02 09 04.9  216.079 26.733  38.80  38595 15.0
2010-04-16  21:40:00  11 06 37.1  -10 10 41  +000447.7 -000099.1  02 14 09.0  217.218 25.966  37.57  38527 15.0
2010-04-16  21:50:00  11 11 36.7  -10 27 31  +000451.3 -000102.8  02 19 11.0  218.324 25.181  36.33  38403 15.0
2010-04-16  22:00:00  11 16 39.1  -10 44 59  +000456.3 -000107.0  02 24 10.2  219.394 24.380  35.09  38222 15.0
2010-04-16  22:10:00  11 21 45.4  -11 03 12  +000462.8 -000111.6  02 29 05.6  220.425 23.564  33.82  37983 14.9
2010-04-16  22:20:00  11 26 56.5  -11 22 12  +000470.8 -000116.6  02 33 56.1  221.413 22.736  32.56  37685 14.9
2010-04-16  22:30:00  11 32 13.6  -11 42 06  +000480.6 -000122.2  02 38 40.7  222.353 21.898  31.26  37328 14.9
2010-04-16  22:40:00  11 37 37.7  -12 02 59  +000492.3 -000128.5  02 43 18.2  223.242 21.050  29.94  36910 14.8
2010-04-16  22:50:00  11 43 10.3  -12 24 59  +000506.0 -000135.6  02 47 47.2  224.073 20.197  28.59  36429 14.8
2010-04-16  23:00:00  11 48 52.9  -12 48 14  +000522.1 -000143.6  02 52 06.3  224.842 19.338  27.23  35885 14.7
2010-04-16  23:10:00  11 54 47.1  -13 12 54  +000540.9 -000152.7  02 56 13.8  225.542 18.478  25.81  35274 14.7
2010-04-16  23:20:00  12 00 54.8  -13 39 12  +000562.8 -000163.1  03 00 07.7  226.166 17.619  24.37  34595 14.6
2010-04-16  23:30:00  12 07 18.3  -14 07 20  +000588.4 -000175.0  03 03 45.9  226.705 16.762  22.87  33844 14.6
2010-04-16  23:40:00  12 14 00.3  -14 37 39  +000618.4 -000188.9  03 07 05.5  227.148 15.912  21.35  33020 14.5
2010-04-16  23:50:00  12 21 04.0  -15 10 27  +000653.7 -000205.3  03 10 03.4  227.484 15.070  19.77  32119 14.5
2010-04-17  00:00:00  12 28 33.3  -15 46 14  +000695.5 -000224.6  03 12 35.8  227.695 14.241  18.16  31137 14.4
2010-04-17  00:10:00  12 36 33.2  -16 25 32     <<SHADOW>>        03 14 37.6  227.762 13.427  16.52  30069 ----
2010-04-17  00:20:00  12 45 09.6  -17 09 05     <<SHADOW>>        03 16 02.7  227.660 12.632  14.90  28911 ----
2010-04-17  00:30:00  12 54 30.7  -17 57 50     <<SHADOW>>        03 16 43.3  227.356 11.858  13.35  27657 ----
2010-04-17  00:40:00  13 04 46.8  -18 53 04     <<SHADOW>>        03 16 28.8  226.807 11.110  12.02  26300 ----
2010-04-17  00:50:00  13 16 12.4  -19 56 31     <<SHADOW>>        03 15 04.9  225.952 10.387  11.14  24832 ----

   Date        UTC        RA         DECL      RARate   DeclRate    HourAng      Az     Um    Phase  Range  Mag
2010-04-17  17:50:00  10 50 15.3  -08 34 33  +000448.8 -000084.3  22 43 49.5  157.520 32.455  42.48  37663 15.0
2010-04-17  18:00:00  10 55 13.0  -08 48 48  +000444.5 -000086.9  22 48 53.5  159.027 32.549  41.25  37872 15.0
2010-04-17  18:10:00  11 00 08.3  -09 03 31  +000441.5 -000089.6  22 53 59.9  160.550 32.615  40.02  38025 15.0
2010-04-17  18:20:00  11 05 02.0  -09 18 41  +000439.9 -000092.5  22 59 07.8  162.082 32.652  38.80  38123 15.0
2010-04-17  18:30:00  11 09 55.1  -09 34 21  +000439.6 -000095.5  23 04 16.3  163.620 32.658  37.58  38165 15.0
2010-04-17  18:40:00  11 14 48.5  -09 50 32  +000440.7 -000098.8  23 09 24.6  165.157 32.631  36.37  38152 15.0
2010-04-17  18:50:00  11 19 43.0  -10 07 18  +000443.0 -000102.3  23 14 31.7  166.688 32.571  35.14  38084 14.9
2010-04-17  19:00:00  11 24 39.5  -10 24 40  +000446.7 -000106.2  23 19 36.8  168.207 32.475  33.92  37961 14.9
2010-04-17  19:10:00  11 29 39.0  -10 42 43  +000451.9 -000110.3  23 24 39.0  169.707 32.344  32.68  37782 14.9
2010-04-17  19:20:00  11 34 42.4  -11 01 28  +000458.5 -000114.9  23 29 37.3  171.184 32.175  31.44  37548 14.9
2010-04-17  19:30:00  11 39 50.7  -11 21 02  +000466.8 -000119.9  23 34 30.6  172.630 31.969  30.17  37258 14.9
2010-04-17  19:40:00  11 45 05.2  -11 41 29  +000476.8 -000125.5  23 39 17.8  174.038 31.725  28.89  36911 14.8
2010-04-17  19:50:00  11 50 26.9  -12 02 55  +000488.8 -000131.7  23 43 57.7  175.403 31.443  27.57  36507 14.8
2010-04-17  20:00:00  11 55 57.4  -12 25 25  +000502.9 -000138.6  23 48 28.9  176.714 31.122  26.24  36044 14.7
2010-04-17  20:10:00  12 01 38.0  -12 49 09  +000519.5 -000146.3  23 52 49.9  177.966 30.761  24.87  35521 14.7
2010-04-17  20:20:00  12 07 30.6  -13 14 15  +000538.8 -000155.1  23 56 58.9  179.149 30.361  23.47  34937 14.7
2010-04-17  20:30:00  12 13 37.2  -13 40 54  +000561.5 -000165.0  00 00 54.0  180.252 29.921  22.03  34290 14.6
2010-04-17  20:40:00  12 20 00.0  -14 09 19  +000587.9 -000176.3  00 04 32.8  181.265 29.439  20.55  33578 14.6
2010-04-17  20:50:00  12 26 42.0  -14 39 45  +000618.8 -000189.3  00 07 52.5  182.176 28.914  19.03  32800 14.5
2010-04-17  21:00:00  12 33 46.3  -15 12 31  +000655.3 -000204.3  00 10 49.8  182.969 28.346  17.47  31953 14.4
2010-04-17  21:10:00  12 41 17.1  -15 47 59  +000698.4 -000221.9  00 13 20.6  183.627 27.730  15.87  31035 14.4
2010-04-17  21:20:00  12 49 19.3  -16 26 39  +000749.8 -000242.6  00 15 20.1  184.129 27.063  14.28  30042 14.3
2010-04-17  21:30:00  12 57 59.1  -17 09 04     <<SHADOW>>        00 16 41.8  184.451 26.340  12.71  28971 ----
2010-04-17  21:40:00  13 07 24.7  -17 55 59     <<SHADOW>>        00 17 18.0  184.561 25.551  11.29  27819 ----
2010-04-17  21:50:00  13 17 46.3  -18 48 22     <<SHADOW>>        00 16 58.0  184.419 24.684  10.18  26581 ----
2010-04-17  22:00:00  13 29 17.9  -19 47 27     <<SHADOW>>        00 15 28.0  183.974 23.719   9.70  25254 ----
2010-04-17  22:10:00  13 42 18.8  -20 54 51     <<SHADOW>>        00 12 28.8  183.158 22.629  10.23  23834 ----
2010-04-17  22:20:00  13 57 16.1  -22 12 47     <<SHADOW>>        00 07 33.1  181.877 21.368  12.00  22315 ----
2010-04-17  22:30:00  14 14 49.8  -23 44 13     <<SHADOW>>        00 00 01.1  180.004 19.866  15.06  20695 ----
2010-04-17  22:40:00  14 36 01.4  -25 33 10     <<SHADOW>>        23 48 51.1  177.356 18.005  19.40  18973 ----
2010-04-17  22:50:00  15 02 30.5  -27 44 55     <<SHADOW>>        23 32 23.6  173.661 15.591  25.23  17156 ----
2010-04-17  23:00:00  15 37 07.8  -30 25 27  +003612.2 -001059.6  23 07 48.0  168.506 12.276  32.96  15263 12.9

   Date        UTC        RA         DECL      RARate   DeclRate    HourAng      Az     Um    Phase  Range  Mag
2010-04-18  17:50:00  12 32 25.1  -13 18 08  +000605.0 -000160.9  21 05 36.3  134.911 18.628  18.19  35452 14.7
2010-04-18  18:00:00  12 39 18.2  -13 45 47  +000635.1 -000171.1  21 08 44.8  135.852 18.609  16.59  34707 14.6
2010-04-18  18:10:00  12 46 33.1  -14 15 15  +000670.4 -000182.8  21 11 31.6  136.726 18.512  14.94  33900 14.5
2010-04-18  18:20:00  12 54 13.4  -14 46 48  +000711.8 -000196.0  21 13 53.0  137.520 18.329  13.26  33029 14.5
2010-04-18  18:30:00  13 02 23.7  -15 20 42  +000760.7 -000211.3  21 15 44.3  138.219 18.047  11.55  32092 14.4
2010-04-18  18:40:00  13 11 09.7  -15 57 21  +000819.0 -000228.9  21 16 59.9  138.804 17.654   9.90  31087 14.3
2010-04-18  18:50:00  13 20 38.3  -16 37 10  +000889.1 -000249.4  21 17 32.9  139.254 17.131   8.42  30013 14.3
2010-04-18  19:00:00  13 30 58.4  -17 20 40     <<SHADOW>>        21 17 14.5  139.542 16.456   7.38  28866 ----
2010-04-18  19:10:00  13 42 21.3  -18 08 31     <<SHADOW>>        21 15 53.2  139.635 15.600   7.22  27645 ----
2010-04-18  19:20:00  13 55 02.2  -19 01 30     <<SHADOW>>        21 13 13.9  139.492 14.525   8.29  26349 ----
2010-04-18  19:30:00  14 09 21.2  -20 00 35     <<SHADOW>>        21 08 56.6  139.062 13.177  10.56  24975 ----
2010-04-18  19:40:00  14 25 46.1  -21 06 52     <<SHADOW>>        21 02 33.3  138.275 11.484  13.81  23524 ----

   Date        UTC        RA         DECL      RARate   DeclRate    HourAng      Az     Um    Phase  Range  Mag
2010-04-19  20:00:00  07 24 27.9  -06 07 09  +001837.4 +000064.0  04 27 51.4  248.781 11.019  95.10  21899 15.0
2010-04-19  20:10:00  07 43 20.0  -05 59 21  +001571.0 +000031.6  04 19 01.0  247.147 12.531  90.53  23487 15.0
2010-04-19  20:20:00  07 59 36.6  -05 56 07  +001367.5 +000008.6  04 12 46.0  245.951 13.562  86.58  25001 15.0
2010-04-19  20:30:00  08 13 53.4  -05 56 09  +001208.9 -000008.1  04 08 30.9  245.106 14.228  83.10  26439 15.0
2010-04-19  20:40:00  08 26 35.8  -05 58 35  +001082.9 -000020.4  04 05 50.1  244.544 14.615  80.00  27801 15.0
2010-04-19  20:50:00  08 38 02.7  -06 02 47  +000981.3 -000029.7  04 04 24.8  244.213 14.781  77.19  29088 15.1
2010-04-19  21:00:00  08 48 28.4  -06 08 23  +000898.2 -000036.9  04 04 00.7  244.073 14.771  74.63  30299 15.1
2010-04-19  21:10:00  08 58 03.7  -06 15 02  +000829.5 -000042.5  04 04 27.1  244.090 14.616  72.26  31439 15.1
2010-04-19  21:20:00  09 06 57.0  -06 22 30  +000772.1 -000047.0  04 05 35.5  244.237 14.342  70.08  32509 15.2
2010-04-19  21:30:00  09 15 15.2  -06 30 39  +000723.7 -000050.7  04 07 18.9  244.494 13.968  68.02  33510 15.2
2010-04-19  21:40:00  09 23 03.7  -06 39 22  +000682.7 -000053.8  04 09 32.1  244.842 13.509  66.10  34444 15.2
2010-04-19  21:50:00  09 30 26.9  -06 48 33  +000647.8 -000056.4  04 12 10.5  245.266 12.977  64.27  35314 15.2
2010-04-19  22:00:00  09 37 28.5  -06 58 09  +000617.9 -000058.7  04 15 10.5  245.754 12.383  62.53  36120 15.2
2010-04-19  22:10:00  09 44 11.7  -07 08 06  +000592.2 -000060.7  04 18 29.0  246.295 11.733  60.86  36863 15.2
2010-04-19  22:20:00  09 50 39.0  -07 18 23  +000570.2 -000062.6  04 22 03.3  246.879 11.036  59.26  37546 15.3
2010-04-19  22:30:00  09 56 52.7  -07 28 58  +000551.3 -000064.4  04 25 51.3  247.500 10.297  57.71  38170 15.3

   Date        UTC        RA         DECL      RARate   DeclRate    HourAng      Az     Um    Phase  Range  Mag
2010-04-20  18:00:00  08 45 40.2  -06 31 11  +001021.0 -000011.0  01 10 15.9  201.424 34.821  76.03  25758 14.8
2010-04-20  18:10:00  08 56 26.6  -06 34 06  +000921.7 -000023.3  01 09 31.2  201.190 34.821  73.39  27067 14.8
2010-04-20  18:20:00  09 06 13.5  -06 38 48  +000841.5 -000032.7  01 09 45.9  201.238 34.730  70.99  28291 14.9
2010-04-20  18:30:00  09 15 12.0  -06 44 53  +000775.8 -000040.0  01 10 49.1  201.515 34.565  68.78  29434 14.9
2010-04-20  18:40:00  09 23 30.5  -06 52 04  +000721.3 -000045.8  01 12 32.3  201.978 34.340  66.74  30501 14.9
2010-04-20  18:50:00  09 31 15.7  -07 00 07  +000675.7 -000050.6  01 14 48.7  202.593 34.062  64.82  31493 15.0
2010-04-20  19:00:00  09 38 33.0  -07 08 53  +000637.2 -000054.5  01 17 33.0  203.333 33.737  63.03  32413 15.0
2010-04-20  19:10:00  09 45 26.6  -07 18 15  +000604.5 -000057.9  01 20 41.0  204.176 33.369  61.32  33264 15.0
2010-04-20  19:20:00  09 52 00.1  -07 28 09  +000576.6 -000060.8  01 24 09.2  205.102 32.962  59.70  34049 15.1
2010-04-20  19:30:00  09 58 16.4  -07 38 30  +000552.8 -000063.4  01 27 54.5  206.096 32.518  58.13  34770 15.1
2010-04-20  19:40:00  10 04 18.0  -07 49 16  +000532.4 -000065.8  01 31 54.6  207.144 32.038  56.64  35427 15.1
2010-04-20  19:50:00  10 10 07.0  -08 00 25  +000515.0 -000068.0  01 36 07.2  208.234 31.525  55.19  36023 15.1
2010-04-20  20:00:00  10 15 45.3  -08 11 55  +000500.1 -000070.1  01 40 30.6  209.356 30.980  53.80  36559 15.1
2010-04-20  20:10:00  10 21 14.4  -08 23 47  +000487.6 -000072.2  01 45 03.2  210.501 30.404  52.43  37037 15.1
2010-04-20  20:20:00  10 26 35.8  -08 35 59  +000477.0 -000074.3  01 49 43.4  211.661 29.798  51.10  37456 15.1
2010-04-20  20:30:00  10 31 50.8  -08 48 32  +000468.3 -000076.4  01 54 30.0  212.831 29.165  49.78  37818 15.1
2010-04-20  20:40:00  10 37 00.5  -09 01 27  +000461.2 -000078.5  01 59 21.9  214.003 28.504  48.50  38124 15.1
2010-04-20  20:50:00  10 42 06.1  -09 14 43  +000455.7 -000080.8  02 04 18.0  215.171 27.818  47.23  38374 15.1
2010-04-20  21:00:00  10 47 08.4  -09 28 23  +000451.7 -000083.1  02 09 17.3  216.332 27.108  45.98  38568 15.1
2010-04-20  21:10:00  10 52 08.6  -09 42 26  +000449.0 -000085.6  02 14 18.8  217.481 26.375  44.73  38707 15.1
2010-04-20  21:20:00  10 57 07.4  -09 56 56  +000447.7 -000088.3  02 19 21.6  218.613 25.621  43.49  38790 15.1
2010-04-20  21:30:00  11 02 05.8  -10 11 53  +000447.7 -000091.2  02 24 24.9  219.724 24.847  42.25  38818 15.1
2010-04-20  21:40:00  11 07 04.6  -10 27 21  +000449.0 -000094.3  02 29 27.7  220.812 24.055  41.02  38790 15.1
2010-04-20  21:50:00  11 12 04.8  -10 43 21  +000451.7 -000097.8  02 34 29.2  221.871 23.246  39.77  38706 15.0
2010-04-20  22:00:00  11 17 07.1  -10 59 57  +000455.7 -000101.5  02 39 28.4  222.900 22.423  38.52  38565 15.0
2010-04-20  22:10:00  11 22 12.7  -11 17 12  +000461.1 -000105.6  02 44 24.6  223.893 21.586  37.25  38367 15.0
2010-04-20  22:20:00  11 27 22.3  -11 35 11  +000468.1 -000110.1  02 49 16.6  224.848 20.739  35.98  38110 15.0
2010-04-20  22:30:00  11 32 37.1  -11 53 57  +000476.6 -000115.2  02 54 03.4  225.762 19.882  34.68  37795 14.9
2010-04-20  22:40:00  11 37 58.2  -12 13 36  +000486.9 -000120.8  02 58 44.0  226.628 19.018  33.37  37419 14.9
2010-04-20  22:50:00  11 43 26.7  -12 34 15  +000499.2 -000127.1  03 03 17.1  227.445 18.149  32.02  36981 14.9
2010-04-20  23:00:00  11 49 04.2  -12 56 00  +000513.6 -000134.2  03 07 41.3  228.205 17.278  30.65  36480 14.8
2010-04-20  23:10:00  11 54 52.0  -13 19 01  +000530.4 -000142.2  03 11 55.1  228.904 16.406  29.23  35913 14.8
2010-04-20  23:20:00  12 00 52.0  -13 43 28  +000550.0 -000151.3  03 15 56.8  229.536 15.536  27.79  35280 14.7
2010-04-20  23:30:00  12 07 06.1  -14 09 32  +000573.0 -000161.8  03 19 44.3  230.092 14.672  26.29  34576 14.7
2010-04-20  23:40:00  12 13 36.7  -14 37 30  +000599.7 -000174.0  03 23 15.3  230.563 13.816  24.75  33800 14.6
2010-04-20  23:50:00  12 20 26.7  -15 07 38  +000631.1 -000188.1  03 26 26.9  230.939 12.970  23.14  32949 14.5
2010-04-21  00:00:00  12 27 39.4  -15 40 19  +000668.1 -000204.7  03 29 15.9  231.206 12.140  21.49  32018 14.5
2010-04-21  00:10:00  12 35 18.9  -16 16 03  +000711.9 -000224.5  03 31 38.0  231.348 11.328  19.77  31004 14.4
2010-04-21  00:20:00  12 43 30.5  -16 55 23  +000764.5 -000248.3  03 33 28.1  231.343 10.539  18.00  29902 14.3

   Date        UTC        RA         DECL      RARate   DeclRate    HourAng      Az     Um    Phase  Range  Mag
2010-04-21  18:00:00  10 55 19.2  -09 12 21  +000447.6 -000084.0  23 04 33.6  163.617 33.031  44.81  37693 15.0
2010-04-21  18:10:00  11 00 16.1  -09 26 34  +000443.6 -000086.6  23 09 38.2  165.138 33.035  43.57  37888 15.0
2010-04-21  18:20:00  11 05 10.9  -09 41 13  +000441.0 -000089.2  23 14 45.1  166.669 33.009  42.35  38028 15.0
2010-04-21  18:30:00  11 10 04.5  -09 56 19  +000439.8 -000092.1  23 19 53.2  168.205 32.952  41.12  38111 15.0
2010-04-21  18:40:00  11 14 57.6  -10 11 55  +000439.8 -000095.1  23 25 01.7  169.741 32.864  39.91  38140 15.0
2010-04-21  18:50:00  11 19 51.2  -10 28 02  +000441.2 -000098.3  23 30 09.7  171.270 32.744  38.68  38113 15.0
2010-04-21  19:00:00  11 24 46.2  -10 44 42  +000443.9 -000101.8  23 35 16.4  172.787 32.589  37.46  38031 15.0
2010-04-21  19:10:00  11 29 43.4  -11 01 60  +000448.0 -000105.7  23 40 20.8  174.286 32.400  36.22  37894 14.9
2010-04-21  19:20:00  11 34 43.9  -11 19 57  +000453.6 -000109.8  23 45 22.0  175.761 32.177  34.99  37702 14.9
2010-04-21  19:30:00  11 39 48.5  -11 38 38  +000460.6 -000114.4  23 50 19.0  177.206 31.918  33.72  37453 14.9
2010-04-21  19:40:00  11 44 58.4  -11 58 07  +000469.4 -000119.5  23 55 10.7  178.615 31.624  32.45  37148 14.9
2010-04-21  19:50:00  11 50 14.7  -12 18 29  +000479.9 -000125.1  23 59 56.1  179.981 31.294  31.14  36786 14.8
2010-04-21  20:00:00  11 55 38.7  -12 39 51  +000492.4 -000131.4  00 04 33.8  181.297 30.929  29.82  36366 14.8
2010-04-21  20:10:00  12 01 11.7  -13 02 19  +000507.1 -000138.3  00 09 02.4  182.556 30.529  28.46  35886 14.8
2010-04-21  20:20:00  12 06 55.4  -13 26 01  +000524.4 -000146.2  00 13 20.4  183.749 30.094  27.07  35346 14.7
2010-04-21  20:30:00  12 12 51.5  -13 51 07  +000544.5 -000155.1  00 17 25.9  184.868 29.623  25.64  34743 14.7
2010-04-21  20:40:00  12 19 02.1  -14 17 47  +000568.1 -000165.2  00 21 16.9  185.903 29.117  24.16  34077 14.6
2010-04-21  20:50:00  12 25 29.8  -14 46 17  +000595.6 -000176.8  00 24 50.9  186.843 28.576  22.63  33345 14.6
2010-04-21  21:00:00  12 32 17.3  -15 16 50  +000627.9 -000190.2  00 28 05.0  187.674 27.998  21.05  32545 14.5
2010-04-21  21:10:00  12 39 28.2  -15 49 48  +000665.9 -000205.8  00 30 55.7  188.382 27.383  19.41  31675 14.4
2010-04-21  21:20:00  12 47 06.7  -16 25 35  +000711.1 -000224.0  00 33 18.8  188.949 26.728  17.72  30731 14.3
2010-04-21  21:30:00  12 55 18.2  -17 04 40  +000765.1 -000245.6  00 35 09.0  189.353 26.030  15.98  29710 14.3
2010-04-21  21:40:00  13 04 09.2  -17 47 42  +000830.4 -000271.5  00 36 19.6  189.568 25.285  14.22  28610 14.2
2010-04-21  21:50:00  13 13 48.5  -18 35 28     <<SHADOW>>        00 36 42.0  189.559 24.484  12.51  27425 ----
2010-04-21  22:00:00  13 24 27.3  -19 29 01     <<SHADOW>>        00 36 04.9  189.283 23.615  10.98  26152 ----
2010-04-21  22:10:00  13 36 20.9  -20 29 44     <<SHADOW>>        00 34 12.9  188.684 22.660   9.92  24786 ----
2010-04-21  22:20:00  13 49 50.5  -21 39 25     <<SHADOW>>        00 30 44.9  187.684 21.590   9.80  23322 ----
2010-04-21  22:30:00  14 05 26.7  -23 00 34     <<SHADOW>>        00 25 10.3  186.178 20.359  11.08  21755 ----
2010-04-21  22:40:00  14 23 55.3  -24 36 37     <<SHADOW>>        00 16 43.4  184.017 18.891  13.94  20083 ----
2010-04-21  22:50:00  14 46 28.0  -26 32 13     <<SHADOW>>        00 04 12.4  180.984 17.059  18.38  18306 ----
2010-04-21  23:00:00  15 15 04.4  -28 53 34     <<SHADOW>>        23 45 37.6  176.749 14.639  24.55  16429 ----
2010-04-21  23:10:00  15 53 16.3  -31 47 30  +004034.7 -001150.6  23 17 27.4  170.797 11.222  32.97  14479 12.8

   Date        UTC        RA         DECL      RARate   DeclRate    HourAng      Az     Um    Phase  Range  Mag
2010-04-22  18:00:00  12 38 37.3  -13 59 06  +000611.9 -000162.9  21 25 12.0  139.686 20.320  20.17  35007 14.6
2010-04-22  18:10:00  12 45 35.6  -14 27 06  +000643.6 -000173.5  21 28 15.4  140.616 20.243  18.51  34243 14.6
2010-04-22  18:20:00  12 52 56.7  -14 57 01  +000680.8 -000185.6  21 30 55.9  141.470 20.087  16.80  33415 14.5
2010-04-22  18:30:00  13 00 44.7  -15 29 04  +000724.6 -000199.5  21 33 09.5  142.234 19.845  15.02  32522 14.5
2010-04-22  18:40:00  13 09 04.6  -16 03 37  +000776.5 -000215.5  21 34 51.3  142.890 19.504  13.20  31562 14.4
2010-04-22  18:50:00  13 18 02.2  -16 41 02  +000838.5 -000234.0  21 35 55.2  143.419 19.052  11.34  30532 14.3
2010-04-22  19:00:00  13 27 45.4  -17 21 48  +000913.3 -000255.8  21 36 13.8  143.797 18.469   9.55  29431 14.2
2010-04-22  19:10:00  13 38 23.6  -18 06 30     <<SHADOW>>        21 35 37.2  143.993 17.734   7.99  28256 ----
2010-04-22  19:20:00  13 50 09.6  -18 55 50     <<SHADOW>>        21 33 52.8  143.971 16.814   7.11  27005 ----
2010-04-22  19:30:00  14 03 20.2  -19 50 40     <<SHADOW>>        21 30 43.9  143.684 15.669   7.50  25676 ----
2010-04-22  19:40:00  14 18 18.1  -20 52 05     <<SHADOW>>        21 25 47.6  143.073 14.241   9.41  24268 ----
2010-04-22  19:50:00  14 35 35.2  -22 01 20     <<SHADOW>>        21 18 32.1  142.057 12.450  12.62  22782 ----
2010-04-22  20:00:00  14 55 57.2  -23 19 50     <<SHADOW>>        21 08 11.8  140.531 10.179  16.94  21219 ----

   Date        UTC        RA         DECL      RARate   DeclRate    HourAng      Az     Um    Phase  Range  Mag
2010-04-23  20:30:00  08 09 02.9  -06 20 40  +001304.9 -000003.1  04 29 07.6  248.877 10.643  87.71  25871 15.1
2010-04-23  20:40:00  08 22 43.2  -06 22 27  +001160.9 -000016.7  04 25 28.9  248.154 11.205  84.40  27278 15.1
2010-04-23  20:50:00  08 34 57.4  -06 26 07  +001045.6 -000026.8  04 23 16.3  247.685 11.512  81.42  28611 15.1
2010-04-23  21:00:00  08 46 02.3  -06 31 14  +000952.0 -000034.4  04 22 13.1  247.424 11.614  78.72  29869 15.2
2010-04-23  21:10:00  08 56 10.5  -06 37 29  +000875.0 -000040.3  04 22 06.5  247.335 11.551  76.23  31055 15.2
2010-04-23  21:20:00  09 05 31.9  -06 44 37  +000810.9 -000045.0  04 22 46.8  247.387 11.353  73.94  32169 15.2
2010-04-23  21:30:00  09 14 14.1  -06 52 27  +000757.2 -000048.8  04 24 06.2  247.559 11.042  71.80  33214 15.2
2010-04-23  21:40:00  09 22 23.4  -07 00 51  +000711.8 -000051.9  04 25 58.6  247.830 10.637  69.80  34191 15.3
2010-04-23  21:50:00  09 30 04.8  -07 09 43  +000673.3 -000054.5  04 28 18.8  248.184 10.150  67.90  35103 15.3

   Date        UTC        RA         DECL      RARate   DeclRate    HourAng      Az     Um    Phase  Range  Mag
2010-04-24  18:00:00  08 40 35.5  -07 00 49  +001109.6 -000003.7  01 31 06.9  207.226 32.867  80.71  25032 14.8
2010-04-24  18:10:00  08 52 15.1  -07 02 39  +000993.5 -000017.6  01 29 29.0  206.757 32.965  77.88  26394 14.9
2010-04-24  18:20:00  09 02 45.3  -07 06 29  +000900.6 -000028.1  01 29 00.3  206.599 32.941  75.33  27671 14.9
2010-04-24  18:30:00  09 12 19.7  -07 11 52  +000825.0 -000036.1  01 29 27.6  206.693 32.821  72.98  28867 15.0
2010-04-24  18:40:00  09 21 08.4  -07 18 26  +000762.8 -000042.4  01 30 40.5  206.993 32.623  70.83  29984 15.0
2010-04-24  18:50:00  09 29 19.3  -07 25 57  +000711.1 -000047.5  01 32 31.3  207.460 32.358  68.82  31025 15.0
2010-04-24  19:00:00  09 36 58.5  -07 34 13  +000667.6 -000051.6  01 34 53.8  208.065 32.037  66.94  31993 15.1
2010-04-24  19:10:00  09 44 11.0  -07 43 07  +000630.8 -000055.1  01 37 42.9  208.783 31.666  65.16  32892 15.1
2010-04-24  19:20:00  09 51 00.8  -07 52 33  +000599.5 -000058.1  01 40 54.7  209.594 31.249  63.48  33723 15.1
2010-04-24  19:30:00  09 57 31.4  -08 02 27  +000572.8 -000060.7  01 44 25.8  210.479 30.791  61.86  34489 15.1
2010-04-24  19:40:00  10 03 45.5  -08 12 46  +000550.0 -000063.0  01 48 13.3  211.425 30.294  60.33  35191 15.1
2010-04-24  19:50:00  10 09 45.5  -08 23 27  +000530.4 -000065.2  01 52 15.0  212.419 29.761  58.84  35831 15.1
2010-04-24  20:00:00  10 15 33.4  -08 34 29  +000513.7 -000067.2  01 56 28.7  213.451 29.195  57.40  36410 15.2
2010-04-24  20:10:00  10 21 11.0  -08 45 52  +000499.5 -000069.2  02 00 52.7  214.510 28.596  56.00  36930 15.2
2010-04-24  20:20:00  10 26 39.9  -08 57 34  +000487.5 -000071.2  02 05 25.5  215.590 27.967  54.65  37392 15.2
2010-04-24  20:30:00  10 32 01.4  -09 09 35  +000477.4 -000073.1  02 10 05.6  216.682 27.310  53.31  37795 15.2
2010-04-24  20:40:00  10 37 16.9  -09 21 56  +000469.2 -000075.1  02 14 51.8  217.781 26.626  52.01  38143 15.2
2010-04-24  20:50:00  10 42 27.4  -09 34 37  +000462.5 -000077.2  02 19 43.0  218.881 25.917  50.72  38433 15.2
2010-04-24  21:00:00  10 47 33.9  -09 47 40  +000457.4 -000079.3  02 24 38.0  219.978 25.183  49.45  38668 15.2
2010-04-24  21:10:00  10 52 37.6  -10 01 05  +000453.8 -000081.6  02 29 36.0  221.065 24.428  48.18  38847 15.2
2010-04-24  21:20:00  10 57 39.3  -10 14 53  +000451.5 -000084.0  02 34 35.9  222.141 23.652  46.94  38971 15.1
2010-04-24  21:30:00  11 02 40.0  -10 29 06  +000450.6 -000086.7  02 39 36.9  223.200 22.857  45.69  39039 15.1
2010-04-24  21:40:00  11 07 40.4  -10 43 47  +000451.0 -000089.5  02 44 38.1  224.239 22.045  44.45  39052 15.1
2010-04-24  21:50:00  11 12 41.5  -10 58 57  +000452.7 -000092.6  02 49 38.6  225.254 21.217  43.19  39008 15.1
2010-04-24  22:00:00  11 17 44.2  -11 14 39  +000455.7 -000095.9  02 54 37.6  226.243 20.376  41.94  38908 15.1
2010-04-24  22:10:00  11 22 49.4  -11 30 56  +000460.1 -000099.6  02 59 34.0  227.201 19.523  40.67  38751 15.0
2010-04-24  22:20:00  11 27 58.1  -11 47 52  +000466.0 -000103.6  03 04 27.0  228.126 18.659  39.40  38536 15.0
2010-04-24  22:30:00  11 33 11.1  -12 05 31  +000473.4 -000108.1  03 09 15.7  229.014 17.788  38.10  38262 15.0
2010-04-24  22:40:00  11 38 29.6  -12 23 57  +000482.4 -000113.1  03 13 58.8  229.861 16.910  36.79  37928 15.0
2010-04-24  22:50:00  11 43 54.7  -12 43 15  +000493.2 -000118.7  03 18 35.4  230.664 16.029  35.45  37533 14.9
2010-04-24  23:00:00  11 49 27.6  -13 03 33  +000506.0 -000125.0  03 23 04.0  231.417 15.146  34.09  37076 14.9
2010-04-24  23:10:00  11 55 09.9  -13 24 58  +000521.1 -000132.1  03 27 23.4  232.115 14.264  32.68  36554 14.8
2010-04-24  23:20:00  12 01 02.9  -13 47 37  +000538.7 -000140.1  03 31 32.0  232.753 13.386  31.24  35966 14.8
2010-04-24  23:30:00  12 07 08.7  -14 11 43  +000559.1 -000149.2  03 35 27.9  233.325 12.514  29.75  35309 14.7
2010-04-24  23:40:00  12 13 29.2  -14 37 27  +000583.0 -000159.8  03 39 09.0  233.822 11.651  28.22  34581 14.7
2010-04-24  23:50:00  12 20 06.9  -15 05 04  +000611.0 -000172.0  03 42 32.9  234.234 10.801  26.62  33780 14.6

   Date        UTC        RA         DECL      RARate   DeclRate    HourAng      Az     Um    Phase  Range  Mag
2010-04-25  18:00:00  10 55 26.5  -09 36 09  +000451.8 -000080.9  23 20 12.5  168.241 33.296  48.36  37508 15.1
2010-04-25  18:10:00  11 00 26.0  -09 49 50  +000446.8 -000083.3  23 25 14.6  169.749 33.236  47.11  37746 15.1
2010-04-25  18:20:00  11 05 22.5  -10 03 55  +000443.2 -000085.7  23 30 19.7  171.267 33.147  45.88  37928 15.1
2010-04-25  18:30:00  11 10 17.2  -10 18 26  +000440.9 -000088.3  23 35 26.7  172.791 33.029  44.65  38054 15.1
2010-04-25  18:40:00  11 15 10.8  -10 33 23  +000440.0 -000091.1  23 40 34.7  174.314 32.880  43.44  38125 15.0
2010-04-25  18:50:00  11 20 04.2  -10 48 49  +000440.4 -000094.1  23 45 43.0  175.831 32.699  42.21  38140 15.0
2010-04-25  19:00:00  11 24 58.3  -11 04 46  +000442.1 -000097.3  23 50 50.5  177.336 32.487  41.00  38101 15.0
2010-04-25  19:10:00  11 29 54.0  -11 21 16  +000445.2 -000100.8  23 55 56.5  178.824 32.241  39.76  38006 15.0
2010-04-25  19:20:00  11 34 52.2  -11 38 23  +000449.6 -000104.6  00 00 59.9  180.288 31.963  38.53  37856 15.0
2010-04-25  19:30:00  11 39 53.8  -11 56 09  +000455.6 -000108.8  00 05 59.9  181.724 31.651  37.28  37650 14.9
2010-04-25  19:40:00  11 44 59.9  -12 14 39  +000463.0 -000113.4  00 10 55.4  183.124 31.307  36.01  37388 14.9
2010-04-25  19:50:00  11 50 11.6  -12 33 58  +000472.2 -000118.4  00 15 45.4  184.483 30.930  34.72  37069 14.9
2010-04-25  20:00:00  11 55 29.9  -12 54 10  +000483.2 -000124.1  00 20 28.8  185.795 30.521  33.42  36692 14.9
2010-04-25  20:10:00  12 00 56.2  -13 15 22  +000496.2 -000130.4  00 25 04.1  187.053 30.081  32.07  36256 14.8
2010-04-25  20:20:00  12 06 31.9  -13 37 40  +000511.5 -000137.4  00 29 30.0  188.250 29.609  30.70  35760 14.8
2010-04-25  20:30:00  12 12 18.8  -14 01 13  +000529.4 -000145.4  00 33 44.8  189.376 29.106  29.28  35203 14.7
2010-04-25  20:40:00  12 18 18.5  -14 26 11  +000550.3 -000154.4  00 37 46.7  190.425 28.574  27.82  34583 14.7
2010-04-25  20:50:00  12 24 33.3  -14 52 46  +000574.8 -000164.7  00 41 33.6  191.386 28.012  26.31  33898 14.6
2010-04-25  21:00:00  12 31 05.7  -15 21 11  +000603.3 -000176.6  00 45 02.8  192.249 27.420  24.75  33145 14.6
2010-04-25  21:10:00  12 37 58.8  -15 51 44  +000636.9 -000190.3  00 48 11.3  192.999 26.799  23.11  32324 14.5
2010-04-25  21:20:00  12 45 16.2  -16 24 45  +000676.5 -000206.3  00 50 55.6  193.621 26.147  21.41  31430 14.4
2010-04-25  21:30:00  12 53 02.4  -17 00 40  +000723.6 -000225.2  00 53 11.0  194.098 25.464  19.63  30460 14.3
2010-04-25  21:40:00  13 01 23.0  -17 40 00  +000780.1 -000247.6  00 54 52.1  194.406 24.748  17.79  29413 14.2
2010-04-25  21:50:00  13 10 25.1  -18 23 27  +000848.6 -000274.6  00 55 51.6  194.517 23.993  15.88  28282 14.2
2010-04-25  22:00:00  13 20 17.9  -19 11 52     <<SHADOW>>        00 56 00.5  194.394 23.193  13.94  27065 ----
2010-04-25  22:10:00  13 31 13.7  -20 06 24     <<SHADOW>>        00 55 06.4  193.991 22.337  12.07  25755 ----
2010-04-25  22:20:00  13 43 29.0  -21 08 31     <<SHADOW>>        00 52 52.7  193.244 21.408  10.51  24350 ----
2010-04-25  22:30:00  13 57 27.3  -22 20 18     <<SHADOW>>        00 48 56.0  192.068 20.376   9.70  22842 ----
2010-04-25  22:40:00  14 13 42.8  -23 44 31     <<SHADOW>>        00 42 42.1  190.344 19.196  10.35  21227 ----
2010-04-25  22:50:00  14 33 07.5  -25 25 07     <<SHADOW>>        00 33 19.0  187.898 17.788  12.90  19501 ----
2010-04-25  23:00:00  14 57 05.1  -27 27 32     <<SHADOW>>        00 19 23.1  184.473 16.013  17.38  17664 ----
2010-04-25  23:10:00  15 27 58.7  -29 59 04     <<SHADOW>>        23 58 31.2  179.670 13.617  23.93  15727 ----
2010-04-25  23:20:00  16 10 10.7  -33 07 23  +004517.2 -001248.0  23 26 20.8  172.850 10.118  33.09  13720 12.7

   Date        UTC        RA         DECL      RARate   DeclRate    HourAng      Az     Um    Phase  Range  Mag
2010-04-26  18:10:00  12 44 49.9  -14 39 18  +000619.2 -000164.3  21 44 47.2  144.573 21.791  22.19  34586 14.6
2010-04-26  18:20:00  12 51 53.5  -15 07 35  +000652.4 -000175.3  21 47 45.3  145.485 21.654  20.50  33803 14.6
2010-04-26  18:30:00  12 59 21.1  -15 37 49  +000691.5 -000187.9  21 50 19.3  146.312 21.440  18.72  32955 14.5
2010-04-26  18:40:00  13 07 17.1  -16 10 19  +000737.7 -000202.4  21 52 25.0  147.038 21.141  16.88  32040 14.4
2010-04-26  18:50:00  13 15 46.6  -16 45 25  +000792.5 -000219.1  21 53 57.1  147.644 20.745  14.95  31056 14.4
2010-04-26  19:00:00  13 24 56.2  -17 23 31  +000858.3 -000238.7  21 54 49.2  148.108 20.238  12.95  30002 14.3
2010-04-26  19:10:00  13 34 54.1  -18 05 09  +000938.1 -000261.6  21 54 52.9  148.404 19.602  10.92  28875 14.2
2010-04-26  19:20:00  13 45 50.9  -18 50 57  +001035.9 -000288.8  21 53 57.8  148.498 18.813   9.00  27672 14.1
2010-04-26  19:30:00  13 58 00.5  -19 41 42     <<SHADOW>>        21 51 49.7  148.349 17.839   7.48  26391 ----
2010-04-26  19:40:00  14 11 41.8  -20 38 21     <<SHADOW>>        21 48 10.2  147.904 16.635   7.06  25030 ----
2010-04-26  19:50:00  14 27 20.3  -21 42 05     <<SHADOW>>        21 42 33.3  147.094 15.141   8.43  23588 ----
2010-04-26  20:00:00  14 45 32.5  -22 54 18     <<SHADOW>>        21 34 22.7  145.828 13.265  11.49  22065 ----
2010-04-26  20:10:00  15 07 11.2  -24 16 33     <<SHADOW>>        21 22 45.6  143.980 10.877  15.95  20464 ----

   Date        UTC        RA         DECL      RARate   DeclRate    HourAng      Az     Um    Phase  Range  Mag
2010-04-28  18:10:00  08 47 14.9  -07 30 21  +001078.1 -000011.7  01 50 15.3  212.270 30.767  82.53  25697 14.9
2010-04-28  18:20:00  08 58 36.3  -07 33 19  +000969.8 -000023.4  01 48 55.6  211.893 30.842  79.79  27027 15.0
2010-04-28  18:30:00  09 08 52.9  -07 38 01  +000882.6 -000032.3  01 48 40.7  211.793 30.792  77.30  28273 15.0
2010-04-28  18:40:00  09 18 16.8  -07 43 59  +000811.2 -000039.1  01 49 18.4  211.919 30.642  75.02  29440 15.0
2010-04-28  18:50:00  09 26 57.3  -07 50 59  +000752.2 -000044.5  01 50 39.5  212.230 30.410  72.89  30531 15.1
2010-04-28  19:00:00  09 35 01.9  -07 58 46  +000702.9 -000048.9  01 52 36.5  212.692 30.109  70.93  31549 15.1
2010-04-28  19:10:00  09 42 36.3  -08 07 14  +000661.4 -000052.5  01 55 03.8  213.279 29.749  69.06  32495 15.1
2010-04-28  19:20:00  09 49 45.2  -08 16 15  +000626.2 -000055.5  01 57 56.5  213.968 29.335  67.32  33373 15.2
2010-04-28  19:30:00  09 56 32.4  -08 25 43  +000596.2 -000058.2  02 01 11.0  214.741 28.875  65.64  34184 15.2
2010-04-28  19:40:00  10 03 01.1  -08 35 37  +000570.5 -000060.5  02 04 43.9  215.580 28.371  64.05  34930 15.2
2010-04-28  19:50:00  10 09 14.0  -08 45 53  +000548.6 -000062.6  02 08 32.7  216.475 27.828  62.51  35614 15.2
2010-04-28  20:00:00  10 15 13.3  -08 56 29  +000529.8 -000064.6  02 12 35.0  217.413 27.249  61.04  36237 15.2
2010-04-28  20:10:00  10 21 01.0  -09 07 25  +000513.8 -000066.5  02 16 49.0  218.384 26.637  59.60  36799 15.2
2010-04-28  20:20:00  10 26 38.8  -09 18 39  +000500.1 -000068.3  02 21 12.8  219.380 25.993  58.22  37303 15.2
2010-04-28  20:30:00  10 32 08.3  -09 30 11  +000488.6 -000070.1  02 25 44.9  220.394 25.319  56.85  37748 15.2
2010-04-28  20:40:00  10 37 30.8  -09 42 01  +000479.1 -000072.0  02 30 24.1  221.419 24.619  55.53  38136 15.2
2010-04-28  20:50:00  10 42 47.5  -09 54 10  +000471.3 -000073.8  02 35 09.1  222.450 23.892  54.21  38468 15.2
2010-04-28  21:00:00  10 47 59.5  -10 06 38  +000465.0 -000075.8  02 39 58.7  223.480 23.142  52.93  38744 15.2
2010-04-28  21:10:00  10 53 07.9  -10 19 27  +000460.3 -000077.9  02 44 52.0  224.507 22.371  51.64  38963 15.2
2010-04-28  21:20:00  10 58 13.6  -10 32 37  +000457.1 -000080.1  02 49 47.9  225.525 21.579  50.38  39127 15.2
2010-04-28  21:30:00  11 03 17.6  -10 46 09  +000455.2 -000082.5  02 54 45.5  226.531 20.768  49.12  39235 15.2
2010-04-28  21:40:00  11 08 20.8  -11 00 06  +000454.6 -000085.0  02 59 43.9  227.521 19.941  47.87  39288 15.2
2010-04-28  21:50:00  11 13 24.1  -11 14 30  +000455.4 -000087.8  03 04 42.3  228.491 19.100  46.61  39284 15.2
2010-04-28  22:00:00  11 18 28.3  -11 29 23  +000457.5 -000090.8  03 09 39.7  229.439 18.245  45.35  39225 15.1
2010-04-28  22:10:00  11 23 34.4  -11 44 47  +000460.9 -000094.1  03 14 35.3  230.362 17.379  44.08  39108 15.1
2010-04-28  22:20:00  11 28 43.2  -12 00 45  +000465.8 -000097.7  03 19 28.2  231.255 16.504  42.81  38934 15.1
2010-04-28  22:30:00  11 33 55.7  -12 17 22  +000472.1 -000101.7  03 24 17.3  232.117 15.621  41.51  38701 15.1
2010-04-28  22:40:00  11 39 12.9  -12 34 41  +000479.9 -000106.1  03 29 01.7  232.942 14.734  40.20  38409 15.0
2010-04-28  22:50:00  11 44 35.9  -12 52 46  +000489.5 -000111.1  03 33 40.3  233.728 13.843  38.86  38056 15.0
2010-04-28  23:00:00  11 50 06.0  -13 11 45  +000500.9 -000116.6  03 38 11.9  234.470 12.952  37.51  37642 14.9
2010-04-28  23:10:00  11 55 44.3  -13 31 42  +000514.4 -000122.9  03 42 35.3  235.164 12.062  36.11  37164 14.9
2010-04-28  23:20:00  12 01 32.3  -13 52 45  +000530.1 -000129.9  03 46 48.9  235.805 11.177  34.69  36620 14.9
2010-04-28  23:30:00  12 07 31.6  -14 15 03  +000548.5 -000137.9  03 50 51.2  236.386 10.299  33.21  36009 14.8

   Date        UTC        RA         DECL      RARate   DeclRate    HourAng      Az     Um    Phase  Range  Mag
2010-04-29  18:10:00  11 00 26.9  -10 12 41  +000452.0 -000080.1  23 40 59.9  174.408 33.231  50.69  37584 15.1
2010-04-29  18:20:00  11 05 26.6  -10 26 13  +000447.3 -000082.4  23 46 01.8  175.900 33.079  49.45  37809 15.1
2010-04-29  18:30:00  11 10 23.6  -10 40 09  +000444.0 -000084.8  23 51 06.4  177.398 32.899  48.22  37977 15.1
2010-04-29  18:40:00  11 15 18.9  -10 54 30  +000442.1 -000087.4  23 56 12.8  178.895 32.688  47.00  38090 15.1
2010-04-29  18:50:00  11 20 13.4  -11 09 18  +000441.5 -000090.1  00 01 20.0  180.387 32.447  45.77  38147 15.1
2010-04-29  19:00:00  11 25 07.9  -11 24 33  +000442.2 -000093.0  00 06 27.1  181.868 32.175  44.55  38150 15.1
2010-04-29  19:10:00  11 30 03.4  -11 40 19  +000444.3 -000096.2  00 11 33.3  183.332 31.873  43.32  38097 15.0
2010-04-29  19:20:00  11 35 00.6  -11 56 39  +000447.7 -000099.7  00 16 37.7  184.773 31.539  42.09  37989 15.0
2010-04-29  19:30:00  11 40 00.6  -12 13 34  +000452.5 -000103.5  00 21 39.3  186.187 31.175  40.84  37825 15.0
2010-04-29  19:40:00  11 45 04.3  -12 31 09  +000458.8 -000107.6  00 26 37.3  187.567 30.780  39.59  37605 15.0
2010-04-29  19:50:00  11 50 12.8  -12 49 28  +000466.7 -000112.2  00 31 30.5  188.909 30.356  38.31  37328 14.9
2010-04-29  20:00:00  11 55 27.0  -13 08 35  +000476.3 -000117.3  00 36 17.9  190.205 29.902  37.01  36994 14.9
2010-04-29  20:10:00  12 00 48.3  -13 28 36  +000487.9 -000123.0  00 40 58.2  191.450 29.420  35.68  36602 14.9
2010-04-29  20:20:00  12 06 18.0  -13 49 37  +000501.5 -000129.3  00 45 30.2  192.638 28.911  34.33  36150 14.8
2010-04-29  20:30:00  12 11 57.4  -14 11 45  +000517.4 -000136.4  00 49 52.4  193.762 28.375  32.93  35637 14.8
2010-04-29  20:40:00  12 17 48.4  -14 35 09  +000536.1 -000144.5  00 54 03.0  194.813 27.813  31.50  35062 14.7
2010-04-29  20:50:00  12 23 52.9  -14 59 59  +000557.8 -000153.7  00 58 00.2  195.783 27.227  30.00  34423 14.7
2010-04-29  21:00:00  12 30 13.0  -15 26 27  +000583.3 -000164.2  01 01 41.8  196.663 26.617  28.47  33717 14.6
2010-04-29  21:10:00  12 36 51.5  -15 54 48  +000613.0 -000176.3  01 05 04.9  197.442 25.984  26.86  32943 14.6
2010-04-29  21:20:00  12 43 51.5  -16 25 20  +000648.0 -000190.4  01 08 06.5  198.104 25.328  25.18  32099 14.5
2010-04-29  21:30:00  12 51 16.9  -16 58 24  +000689.4 -000206.9  01 10 42.8  198.636 24.649  23.42  31180 14.4
2010-04-29  21:40:00  12 59 12.4  -17 34 28  +000738.7 -000226.4  01 12 48.9  199.018 23.948  21.58  30184 14.3
2010-04-29  21:50:00  13 07 44.0  -18 14 05  +000798.0 -000249.7  01 14 19.0  199.226 23.222  19.63  29106 14.2
2010-04-29  22:00:00  13 16 59.2  -18 57 59  +000870.3 -000278.0  01 15 05.4  199.229 22.468  17.60  27944 14.1
2010-04-29  22:10:00  13 27 08.0  -19 47 06  +000959.6 -000312.6  01 14 58.2  198.988 21.680  15.48  26692 14.0
2010-04-29  22:20:00  13 38 23.7  -20 42 40     <<SHADOW>>        01 13 44.2  198.451 20.848  13.35  25344 ----
2010-04-29  22:30:00  13 51 04.6  -21 46 21     <<SHADOW>>        01 11 05.0  197.550 19.956  11.36  23896 ----
2010-04-29  22:40:00  14 05 36.5  -23 00 25     <<SHADOW>>        01 06 34.6  196.188 18.976   9.94  22341 ----
2010-04-29  22:50:00  14 22 38.2  -24 28 04     <<SHADOW>>        00 59 34.6  194.229 17.861   9.90  20674 ----
2010-04-29  23:00:00  14 43 09.3  -26 13 48     <<SHADOW>>        00 49 05.1  191.471 16.526  12.07  18891 ----
2010-04-29  23:10:00  15 08 48.5  -28 24 02     <<SHADOW>>        00 33 27.6  187.607 14.819  16.61  16993 ----
2010-04-29  23:20:00  15 42 29.8  -31 07 18     <<SHADOW>>        00 09 47.9  182.147 12.449  23.61  14992 ----

   Date        UTC        RA         DECL      RARate   DeclRate    HourAng      Az     Um    Phase  Range  Mag
2010-04-30  18:10:00  12 44 10.6  -14 51 55  +000598.0 -000155.9  22 01 12.8  148.615 23.157  25.92  34899 14.7
2010-04-30  18:20:00  12 50 59.0  -15 18 43  +000628.0 -000165.9  22 04 26.0  149.579 23.026  24.26  34159 14.6
2010-04-30  18:30:00  12 58 09.0  -15 47 18  +000663.0 -000177.3  22 07 17.7  150.463 22.828  22.52  33356 14.6
2010-04-30  18:40:00  13 05 44.3  -16 17 54  +000704.2 -000190.4  22 09 43.9  151.251 22.555  20.71  32486 14.5
2010-04-30  18:50:00  13 13 49.6  -16 50 52  +000753.0 -000205.5  22 11 40.3  151.927 22.198  18.80  31548 14.4
2010-04-30  19:00:00  13 22 30.4  -17 26 33  +000811.2 -000223.1  22 13 01.2  152.469 21.746  16.79  30540 14.3
2010-04-30  19:10:00  13 31 53.8  -18 05 25  +000881.3 -000243.8  22 13 39.4  152.855 21.186  14.67  29460 14.2
2010-04-30  19:20:00  13 42 08.8  -18 48 01  +000966.6 -000268.1  22 13 26.1  153.053 20.498  12.47  28305 14.1
2010-04-30  19:30:00  13 53 27.0  -19 35 03  +001072.0 -000297.1  22 12 09.5  153.026 19.659  10.25  27072 14.0
2010-04-30  19:40:00  14 06 04.0  -20 27 23     <<SHADOW>>        22 09 34.1  152.728 18.633   8.25  25758 ----
2010-04-30  19:50:00  14 20 20.7  -21 26 05     <<SHADOW>>        22 05 19.1  152.099 17.374   7.05  24362 ----
2010-04-30  20:00:00  14 36 46.4  -22 32 27     <<SHADOW>>        21 58 55.0  151.060 15.815   7.70  22883 ----
2010-04-30  20:10:00  14 56 03.2  -23 48 04     <<SHADOW>>        21 49 39.9  149.503 13.854  10.55  21321 ----
2010-04-30  20:20:00  15 19 13.0  -25 14 37     <<SHADOW>>        21 36 31.7  147.281 11.343  15.14  19681 ----
