ЭФЕМЕРИДЫ ПО ОБЪЕКТУ:  95379
Для пункта:  10016 Маяки   46 23'50.68"   30 16'17.74"    14m
C   2010-04-15 12:00
по  2010-05-01 12:00
Шаг  0:10:00
Мин.угол места:          10 град
Макс.угол места Солнца: -10 град
Стандартный блеск :      9.3 (зв.вел.)

ОБОЗНАЧЕНИЯ
RA        прямое восхождение, тек.эпоха
DECL      склонение, тек.эпоха
RARate    скорость по пр.восх., арксек/мин
DeclRate  скорость по склонению, арксек/мин
HourAng   часовой угол
Az        азимут
Um        угол места
Phase     фазовый угол
Range     дальность
Mag       зв.величина (оценка)

   Date        UTC        RA         DECL      RARate   DeclRate    HourAng      Az     Um    Phase  Range  Mag
2010-04-15  17:50:00  06 20 51.1  -05 57 53  +002277.4 -000069.2  03 05 20.6  231.665 23.474 107.10  20988 16.5
2010-04-15  18:00:00  06 44 49.6  -06 10 30  +002044.0 -000081.4  02 51 23.8  228.319 25.137 101.24  22049 16.4
2010-04-15  18:10:00  07 06 24.4  -06 24 48  +001845.6 -000089.6  02 39 50.6  225.436 26.386  95.93  23115 16.3
2010-04-15  18:20:00  07 25 57.2  -06 40 12  +001677.2 -000094.8  02 30 19.5  222.978 27.305  91.12  24172 16.3
2010-04-15  18:30:00  07 43 46.4  -06 56 18  +001534.0 -000097.9  02 22 31.9  220.903 27.966  86.71  25211 16.2
2010-04-15  18:40:00  08 00 07.4  -07 12 46  +001411.9 -000099.6  02 16 12.6  219.172 28.421  82.68  26225 16.2
2010-04-15  18:50:00  08 15 13.0  -07 29 26  +001307.4 -000100.2  02 11 08.6  217.746 28.714  78.94  27209 16.2
2010-04-15  19:00:00  08 29 14.0  -07 46 09  +001217.5 -000100.1  02 07 09.2  216.589 28.877  75.48  28159 16.2
2010-04-15  19:10:00  08 42 19.2  -08 02 48  +001139.9 -000099.6  02 04 05.7  215.669 28.935  72.23  29073 16.2
2010-04-15  19:20:00  08 54 36.2  -08 19 20  +001072.4 -000098.7  02 01 50.3  214.959 28.907  69.19  29950 16.2
2010-04-15  19:30:00  09 06 11.2  -08 35 43  +001013.7 -000097.7  02 00 17.0  214.432 28.810  66.32  30787 16.2
2010-04-15  19:40:00  09 17 09.5  -08 51 54  +000962.4 -000096.5  01 59 20.3  214.066 28.653  63.60  31585 16.2
2010-04-15  19:50:00  09 27 35.7  -09 07 53  +000917.3 -000095.3  01 58 55.7  213.842 28.447  61.01  32343 16.2
2010-04-15  20:00:00  09 37 33.8  -09 23 40  +000877.7 -000094.0  01 58 59.3  213.741 28.199  58.55  33061 16.2
2010-04-15  20:10:00  09 47 07.1  -09 39 14  +000842.8 -000092.8  01 59 27.6  213.749 27.915  56.18  33739 16.2
2010-04-15  20:20:00  09 56 18.5  -09 54 36  +000812.0 -000091.6  02 00 17.9  213.851 27.599  53.92  34377 16.2
2010-04-15  20:30:00  10 05 10.6  -10 09 47  +000784.8 -000090.4  02 01 27.4  214.035 27.254  51.72  34975 16.2
2010-04-15  20:40:00  10 13 45.6  -10 24 46  +000760.8 -000089.4  02 02 54.0  214.291 26.885  49.61  35533 16.2
2010-04-15  20:50:00  10 22 05.6  -10 39 34  +000739.6 -000088.3  02 04 35.7  214.610 26.493  47.55  36051 16.2
2010-04-15  21:00:00  10 30 12.3  -10 54 13  +000720.9 -000087.4  02 06 30.6  214.981 26.081  45.56  36531 16.2
2010-04-15  21:10:00  10 38 07.4  -11 08 42  +000704.6 -000086.5  02 08 37.2  215.399 25.651  43.60  36971 16.2
2010-04-15  21:20:00  10 45 52.3  -11 23 03  +000690.4 -000085.7  02 10 53.9  215.855 25.204  41.71  37372 16.2
2010-04-15  21:30:00  10 53 28.3  -11 37 17  +000678.0 -000085.0  02 13 19.6  216.343 24.741  39.84  37734 16.2
2010-04-15  21:40:00  11 00 56.7  -11 51 24  +000667.4 -000084.4  02 15 52.8  216.858 24.265  38.01  38058 16.2
2010-04-15  21:50:00  11 08 18.6  -12 05 25  +000658.5 -000083.8  02 18 32.6  217.394 23.777  36.21  38344 16.2
2010-04-15  22:00:00  11 15 35.0  -12 19 20  +000651.1 -000083.3  02 21 17.8  217.947 23.277  34.44  38591 16.2
2010-04-15  22:10:00  11 22 47.0  -12 33 12  +000645.1 -000083.0  02 24 07.5  218.512 22.768  32.69  38800 16.2
2010-04-15  22:20:00  11 29 55.5  -12 46 60  +000640.6 -000082.7  02 27 00.6  219.085 22.250  30.97  38970 16.2
2010-04-15  22:30:00  11 37 01.4  -13 00 45  +000637.3 -000082.4  02 29 56.4  219.662 21.725  29.25  39103 16.1
2010-04-15  22:40:00  11 44 05.6  -13 14 29  +000635.4 -000082.3  02 32 53.8  220.239 21.193  27.55  39197 16.1
2010-04-15  22:50:00  11 51 08.9  -13 28 12  +000634.8 -000082.3  02 35 52.1  220.813 20.657  25.86  39252 16.1
2010-04-15  23:00:00  11 58 12.3  -13 41 55  +000635.4 -000082.3  02 38 50.4  221.381 20.118  24.19  39269 16.1
2010-04-15  23:10:00  12 05 16.4  -13 55 39  +000637.3 -000082.5  02 41 47.9  221.939 19.578  22.51  39247 16.1
2010-04-15  23:20:00  12 12 22.3  -14 09 25  +000640.5 -000082.7  02 44 43.7  222.485 19.037  20.85  39186 16.1
2010-04-15  23:30:00  12 19 30.7  -14 23 14  +000645.0 -000083.0  02 47 36.9  223.014 18.497  19.19  39086 16.1
2010-04-15  23:40:00  12 26 42.6  -14 37 06  +000650.9 -000083.5  02 50 26.6  223.524 17.961  17.54  38946 16.1
2010-04-15  23:50:00  12 33 58.8  -14 51 04  +000658.1 -000084.0  02 53 12.0  224.012 17.430  15.90  38766 16.0
2010-04-16  00:00:00  12 41 20.4  -15 05 07  +000666.8 -000084.7  02 55 52.1  224.475 16.906  14.29  38546 16.0
2010-04-16  00:10:00  12 48 48.3  -15 19 18     <<SHADOW>>        02 58 25.9  224.909 16.391  12.69  38285 ----
2010-04-16  00:20:00  12 56 23.5  -15 33 37     <<SHADOW>>        03 00 52.3  225.311 15.887  11.16  37982 ----
2010-04-16  00:30:00  13 04 07.4  -15 48 06     <<SHADOW>>        03 03 10.1  225.676 15.397   9.71  37637 ----
2010-04-16  00:40:00  13 12 01.0  -16 02 45     <<SHADOW>>        03 05 18.1  226.001 14.924   8.42  37250 ----
2010-04-16  00:50:00  13 20 05.9  -16 17 38     <<SHADOW>>        03 07 14.9  226.282 14.470   7.40  36819 ----
2010-04-16  01:00:00  13 28 23.4  -16 32 44     <<SHADOW>>        03 08 59.0  226.514 14.038   6.80  36345 ----
2010-04-16  01:10:00  13 36 55.2  -16 48 05     <<SHADOW>>        03 10 28.8  226.690 13.633   6.78  35825 ----
2010-04-16  01:20:00  13 45 43.3  -17 03 44     <<SHADOW>>        03 11 42.4  226.806 13.257   7.40  35260 ----
2010-04-16  01:30:00  13 54 49.7  -17 19 42     <<SHADOW>>        03 12 37.6  226.854 12.915   8.57  34648 ----
2010-04-16  01:40:00  14 04 16.8  -17 36 02  +000867.5 -000099.1  03 13 12.2  226.827 12.611  10.16  33988 15.7
2010-04-16  01:50:00  14 14 07.3  -17 52 44  +000904.9 -000101.5  03 13 23.3  226.715 12.351  12.06  33280 15.7
2010-04-16  02:00:00  14 24 24.4  -18 09 52  +000947.3 -000104.2  03 13 07.9  226.508 12.141  14.18  32521 15.6
2010-04-16  02:10:00  14 35 11.7  -18 27 28  +000995.8 -000107.1  03 12 22.2  226.193 11.986  16.53  31712 15.6

   Date        UTC        RA         DECL      RARate   DeclRate    HourAng      Az     Um    Phase  Range  Mag
2010-04-18  17:50:00  12 59 41.6  -14 24 26  +000668.9 -000090.5  20 38 19.8  129.644 14.208  11.86  39421 16.1
2010-04-18  18:00:00  13 07 10.6  -14 39 34  +000678.4 -000091.0  20 40 52.5  130.318 14.333  10.22  39195 16.0
2010-04-18  18:10:00  13 14 46.5  -14 54 47  +000689.5 -000091.5  20 43 18.2  130.970 14.438   8.63  38931 16.0
2010-04-18  18:20:00  13 22 30.3  -15 10 05  +000702.3 -000092.1  20 45 36.1  131.594 14.520   7.16  38629 16.0
2010-04-18  18:30:00  13 30 23.3  -15 25 30  +000717.0 -000092.8  20 47 44.7  132.188 14.578   5.90  38290 16.0
2010-04-18  18:40:00  13 38 26.7  -15 41 01     <<SHADOW>>        20 49 42.9  132.745 14.609   5.08  37913 ----
2010-04-18  18:50:00  13 46 42.1  -15 56 39     <<SHADOW>>        20 51 29.2  133.262 14.610   4.96  37498 ----
2010-04-18  19:00:00  13 55 10.8  -16 12 24     <<SHADOW>>        20 53 02.1  133.731 14.579   5.63  37045 ----
2010-04-18  19:10:00  14 03 54.7  -16 28 17     <<SHADOW>>        20 54 19.9  134.147 14.514   6.93  36554 ----
2010-04-18  19:20:00  14 12 55.6  -16 44 17     <<SHADOW>>        20 55 20.6  134.504 14.410   8.60  36025 ----
2010-04-18  19:30:00  14 22 15.7  -17 00 24     <<SHADOW>>        20 56 02.1  134.793 14.265  10.55  35458 ----
2010-04-18  19:40:00  14 31 57.4  -17 16 37     <<SHADOW>>        20 56 22.1  135.006 14.073  12.66  34853 ----
2010-04-18  19:50:00  14 42 03.2  -17 32 54     <<SHADOW>>        20 56 17.9  135.134 13.831  14.94  34209 ----
2010-04-18  20:00:00  14 52 36.5  -17 49 16  +000972.1 -000098.2  20 55 46.3  135.166 13.532  17.36  33528 15.7
2010-04-18  20:10:00  15 03 40.5  -18 05 37  +001021.2 -000098.1  20 54 43.9  135.091 13.172  19.93  32808 15.7
2010-04-18  20:20:00  15 15 19.5  -18 21 56  +001076.9 -000097.5  20 53 06.6  134.895 12.741  22.64  32052 15.7
2010-04-18  20:30:00  15 27 38.0  -18 38 06  +001140.1 -000096.4  20 50 49.7  134.563 12.230  25.53  31258 15.6
2010-04-18  20:40:00  15 40 41.5  -18 54 00  +001212.0 -000094.3  20 47 47.9  134.079 11.630  28.59  30428 15.6
2010-04-18  20:50:00  15 54 36.2  -19 09 29  +001294.1 -000091.1  20 43 54.8  133.422 10.927  31.87  29564 15.6
2010-04-18  21:00:00  16 09 29.5  -19 24 18  +001388.2 -000086.3  20 39 03.1  132.570 10.105  35.36  28667 15.5

   Date        UTC        RA         DECL      RARate   DeclRate    HourAng      Az     Um    Phase  Range  Mag
2010-04-19  17:50:00  10 57 06.1  -11 15 14  +000690.9 -000090.5  22 44 51.9  158.627 29.937  42.34  36360 16.1
2010-04-19  18:00:00  11 04 42.2  -11 30 16  +000677.8 -000090.0  22 47 17.4  159.364 29.844  40.48  36748 16.1
2010-04-19  18:10:00  11 12 10.3  -11 45 14  +000666.6 -000089.5  22 49 51.0  160.134 29.755  38.64  37095 16.1
2010-04-19  18:20:00  11 19 31.4  -12 00 07  +000657.0 -000089.1  22 52 31.5  160.934 29.668  36.84  37402 16.1
2010-04-19  18:30:00  11 26 46.7  -12 14 57  +000649.1 -000088.8  22 55 17.9  161.758 29.580  35.06  37669 16.1
2010-04-19  18:40:00  11 33 57.2  -12 29 43  +000642.6 -000088.6  22 58 09.0  162.600 29.490  33.31  37897 16.1
2010-04-19  18:50:00  11 41 03.8  -12 44 28  +000637.5 -000088.4  23 01 04.0  163.458 29.396  31.57  38085 16.1
2010-04-19  19:00:00  11 48 07.5  -12 59 11  +000633.8 -000088.3  23 04 02.0  164.326 29.298  29.86  38235 16.1
2010-04-19  19:10:00  11 55 09.2  -13 13 54  +000631.5 -000088.2  23 07 01.9  165.201 29.193  28.15  38345 16.1
2010-04-19  19:20:00  12 02 09.8  -13 28 36  +000630.4 -000088.3  23 10 03.0  166.078 29.080  26.46  38418 16.1
2010-04-19  19:30:00  12 09 10.0  -13 43 20  +000630.6 -000088.4  23 13 04.4  166.953 28.960  24.77  38451 16.1
2010-04-19  19:40:00  12 16 10.9  -13 58 05  +000632.1 -000088.6  23 16 05.2  167.822 28.830  23.09  38447 16.1
2010-04-19  19:50:00  12 23 13.2  -14 12 53  +000634.9 -000088.9  23 19 04.5  168.680 28.691  21.41  38404 16.1
2010-04-19  20:00:00  12 30 17.7  -14 27 44  +000639.0 -000089.3  23 22 01.6  169.525 28.542  19.74  38323 16.0
2010-04-19  20:10:00  12 37 25.5  -14 42 40  +000644.5 -000089.8  23 24 55.5  170.352 28.382  18.07  38204 16.0
2010-04-19  20:20:00  12 44 37.4  -14 57 41  +000651.4 -000090.4  23 27 45.2  171.156 28.212  16.41  38046 16.0
2010-04-19  20:30:00  12 51 54.4  -15 12 48  +000659.8 -000091.0  23 30 29.9  171.933 28.031  14.74  37850 16.0
2010-04-19  20:40:00  12 59 17.4  -15 28 02  +000669.7 -000091.8  23 33 08.5  172.678 27.840  13.10  37615 16.0
2010-04-19  20:50:00  13 06 47.7  -15 43 24  +000681.3 -000092.7  23 35 39.9  173.387 27.637  11.47  37342 15.9
2010-04-19  21:00:00  13 14 26.3  -15 58 56  +000694.7 -000093.7  23 38 02.9  174.055 27.424   9.90  37029 15.9
2010-04-19  21:10:00  13 22 14.4  -16 14 38     <<SHADOW>>        23 40 16.4  174.675 27.201   8.42  36676 ----
2010-04-19  21:20:00  13 30 13.5  -16 30 31     <<SHADOW>>        23 42 18.9  175.243 26.967   7.12  36284 ----
2010-04-19  21:30:00  13 38 25.0  -16 46 37     <<SHADOW>>        23 44 09.1  175.752 26.724   6.15  35851 ----
2010-04-19  21:40:00  13 46 50.6  -17 02 57     <<SHADOW>>        23 45 45.1  176.195 26.472   5.75  35378 ----
2010-04-19  21:50:00  13 55 32.2  -17 19 32     <<SHADOW>>        23 47 05.2  176.565 26.210   6.07  34864 ----
2010-04-19  22:00:00  14 04 31.7  -17 36 23     <<SHADOW>>        23 48 07.4  176.853 25.940   7.07  34308 ----
2010-04-19  22:10:00  14 13 51.4  -17 53 31     <<SHADOW>>        23 48 49.2  177.049 25.661   8.60  33710 ----
2010-04-19  22:20:00  14 23 34.2  -18 10 57     <<SHADOW>>        23 49 08.2  177.144 25.373  10.45  33070 ----
2010-04-19  22:30:00  14 33 42.8  -18 28 42  +000934.2 -000107.4  23 49 01.1  177.125 25.077  12.57  32386 15.6
2010-04-19  22:40:00  14 44 20.9  -18 46 46  +000981.2 -000109.4  23 48 24.7  176.979 24.770  14.89  31660 15.6
2010-04-19  22:50:00  14 55 32.5  -19 05 10  +001034.8 -000111.3  23 47 14.7  176.690 24.453  17.40  30890 15.6
2010-04-19  23:00:00  15 07 22.3  -19 23 52  +001096.1 -000113.1  23 45 26.6  176.239 24.122  20.09  30076 15.5
2010-04-19  23:10:00  15 19 55.9  -19 42 51  +001166.4 -000114.6  23 42 54.6  175.605 23.775  22.99  29219 15.5
2010-04-19  23:20:00  15 33 19.9  -20 02 03  +001247.6 -000115.7  23 39 32.3  174.763 23.407  26.09  28318 15.4
2010-04-19  23:30:00  15 47 42.1  -20 21 23  +001341.6 -000116.1  23 35 11.7  173.683 23.010  29.43  27374 15.4
2010-04-19  23:40:00  16 03 12.1  -20 40 42  +001451.3 -000115.3  23 29 43.4  172.330 22.575  33.04  26390 15.3
2010-04-19  23:50:00  16 20 01.2  -20 59 43  +001579.7 -000112.6  23 22 55.9  170.662 22.087  36.96  25366 15.3
2010-04-20  00:00:00  16 38 23.3  -21 18 06  +001731.0 -000107.2  23 14 35.5  168.630 21.525  41.23  24306 15.2
2010-04-20  00:10:00  16 58 35.2  -21 35 14  +001910.2 -000097.6  23 04 25.2  166.175 20.860  45.93  23216 15.2
2010-04-20  00:20:00  17 20 57.4  -21 50 17  +002122.9 -000081.6  22 52 04.6  163.227 20.053  51.12  22103 15.2
2010-04-20  00:30:00  17 45 54.4  -22 01 55  +002375.7 -000056.1  22 37 09.2  159.707 19.046  56.91  20976 15.2
2010-04-20  00:40:00  18 13 55.1  -22 08 13  +002675.0 -000016.7  22 19 10.2  155.528 17.765  63.38  19853 15.1
2010-04-20  00:50:00  18 45 32.2  -22 06 25  +003025.4 +000042.5  21 57 34.8  150.596 16.107  70.69  18754 15.2
2010-04-20  01:00:00  19 21 19.8  -21 52 36  +003426.0 +000128.5  21 31 48.8  144.826 13.944  78.95  17709 15.2
2010-04-20  01:10:00  20 01 48.4  -21 21 48  +003864.9 +000247.3  21 01 21.8  138.153 11.131  88.31  16759 15.4

   Date        UTC        RA         DECL      RARate   DeclRate    HourAng      Az     Um    Phase  Range  Mag
2010-04-20  18:00:00  08 13 08.0  -07 34 08  +001353.0 -000099.9  01 42 48.2  210.233 31.374  83.77  26447 16.2
2010-04-20  18:10:00  08 27 36.8  -07 50 50  +001255.8 -000100.2  01 38 21.0  208.907 31.492  80.19  27423 16.2
2010-04-20  18:20:00  08 41 05.5  -08 07 30  +001172.2 -000099.9  01 34 53.9  207.853 31.512  76.87  28362 16.2
2010-04-20  18:30:00  08 53 42.4  -08 24 06  +001100.0 -000099.1  01 32 18.7  207.038 31.456  73.75  29263 16.2
2010-04-20  18:40:00  09 05 34.4  -08 40 33  +001037.3 -000098.2  01 30 28.4  206.432 31.339  70.82  30124 16.2
2010-04-20  18:50:00  09 16 47.3  -08 56 49  +000982.6 -000097.1  01 29 17.1  206.007 31.171  68.04  30945 16.2
2010-04-20  19:00:00  09 27 26.0  -09 12 54  +000934.8 -000095.9  01 28 40.0  205.742 30.962  65.42  31725 16.2
2010-04-20  19:10:00  09 37 35.0  -09 28 47  +000892.8 -000094.7  01 28 32.7  205.615 30.719  62.90  32463 16.2
2010-04-20  19:20:00  09 47 17.6  -09 44 28  +000855.9 -000093.4  01 28 51.7  205.610 30.446  60.51  33161 16.2
2010-04-20  19:30:00  09 56 37.1  -09 59 56  +000823.3 -000092.2  01 29 33.8  205.710 30.148  58.20  33818 16.2
2010-04-20  19:40:00  10 05 36.2  -10 15 13  +000794.6 -000091.1  01 30 36.4  205.903 29.828  55.98  34434 16.2
2010-04-20  19:50:00  10 14 17.3  -10 30 18  +000769.3 -000089.9  01 31 56.9  206.175 29.487  53.83  35010 16.2
2010-04-20  20:00:00  10 22 42.6  -10 45 12  +000746.9 -000088.9  01 33 33.3  206.517 29.128  51.76  35545 16.2
2010-04-20  20:10:00  10 30 53.9  -10 59 56  +000727.2 -000087.9  01 35 23.7  206.918 28.752  49.74  36041 16.2
2010-04-20  20:20:00  10 38 52.8  -11 14 31  +000710.0 -000087.0  01 37 26.3  207.370 28.361  47.78  36497 16.2
2010-04-20  20:30:00  10 46 41.0  -11 28 57  +000694.9 -000086.2  01 39 39.8  207.865 27.956  45.85  36914 16.2
2010-04-20  20:40:00  10 54 19.8  -11 43 15  +000681.8 -000085.5  01 42 02.7  208.397 27.538  43.98  37292 16.2
2010-04-20  20:50:00  11 01 50.5  -11 57 26  +000670.5 -000084.8  01 44 33.6  208.960 27.107  42.12  37631 16.2
2010-04-20  21:00:00  11 09 14.2  -12 11 31  +000660.9 -000084.2  01 47 11.5  209.546 26.665  40.32  37931 16.2
2010-04-20  21:10:00  11 16 32.1  -12 25 31  +000652.9 -000083.7  01 49 55.3  210.152 26.212  38.52  38193 16.2
2010-04-20  21:20:00  11 23 45.1  -12 39 26  +000646.4 -000083.3  01 52 43.9  210.772 25.750  36.76  38416 16.2
2010-04-20  21:30:00  11 30 54.3  -12 53 17  +000641.3 -000082.9  01 55 36.4  211.401 25.279  35.01  38601 16.2
2010-04-20  21:40:00  11 38 00.5  -13 07 05  +000637.6 -000082.7  01 58 31.8  212.036 24.801  33.29  38748 16.2
2010-04-20  21:50:00  11 45 04.7  -13 20 51  +000635.2 -000082.5  02 01 29.2  212.673 24.316  31.56  38856 16.2
2010-04-20  22:00:00  11 52 07.7  -13 34 36  +000634.1 -000082.4  02 04 27.9  213.307 23.825  29.86  38926 16.1
2010-04-20  22:10:00  11 59 10.5  -13 48 20  +000634.3 -000082.5  02 07 26.8  213.936 23.329  28.15  38958 16.1
2010-04-20  22:20:00  12 06 13.7  -14 02 05  +000635.7 -000082.6  02 10 25.2  214.555 22.831  26.46  38950 16.1
2010-04-20  22:30:00  12 13 18.3  -14 15 52  +000638.4 -000082.7  02 13 22.2  215.161 22.330  24.75  38904 16.1
2010-04-20  22:40:00  12 20 25.2  -14 29 40  +000642.5 -000083.0  02 16 16.9  215.752 21.830  23.06  38819 16.1
2010-04-20  22:50:00  12 27 35.3  -14 43 33  +000647.8 -000083.4  02 19 08.5  216.323 21.330  21.35  38695 16.1
2010-04-20  23:00:00  12 34 49.3  -14 57 29  +000654.6 -000083.9  02 21 56.1  216.872 20.832  19.65  38531 16.0
2010-04-20  23:10:00  12 42 08.4  -15 11 31  +000662.8 -000084.5  02 24 38.7  217.395 20.339  17.93  38327 16.0
2010-04-20  23:20:00  12 49 33.5  -15 25 40  +000672.6 -000085.2  02 27 15.3  217.888 19.852  16.22  38083 16.0
2010-04-20  23:30:00  12 57 05.6  -15 39 57  +000684.0 -000086.1  02 29 44.8  218.348 19.373  14.50  37798 16.0
2010-04-20  23:40:00  13 04 45.9  -15 54 22     <<SHADOW>>        02 32 06.2  218.771 18.905  12.80  37471 ----
2010-04-20  23:50:00  13 12 35.6  -16 08 58     <<SHADOW>>        02 34 18.1  219.153 18.450  11.11  37103 ----
2010-04-21  00:00:00  13 20 36.0  -16 23 45     <<SHADOW>>        02 36 19.3  219.489 18.010   9.48  36691 ----
2010-04-21  00:10:00  13 28 48.7  -16 38 46     <<SHADOW>>        02 38 08.3  219.775 17.588   7.96  36237 ----
2010-04-21  00:20:00  13 37 15.1  -16 54 01     <<SHADOW>>        02 39 43.5  220.005 17.187   6.66  35738 ----
2010-04-21  00:30:00  13 45 57.2  -17 09 32     <<SHADOW>>        02 41 03.0  220.172 16.810   5.81  35195 ----
2010-04-21  00:40:00  13 54 57.0  -17 25 22     <<SHADOW>>        02 42 04.9  220.271 16.462   5.66  34605 ----
2010-04-21  00:50:00  14 04 16.7  -17 41 31     <<SHADOW>>        02 42 46.8  220.293 16.146   6.36  33970 ----
2010-04-21  01:00:00  14 13 59.0  -17 58 03     <<SHADOW>>        02 43 06.1  220.230 15.867   7.73  33286 ----
2010-04-21  01:10:00  14 24 06.9  -18 14 58  +000932.8 -000102.8  02 42 59.9  220.070 15.629   9.59  32554 15.6
2010-04-21  01:20:00  14 34 43.9  -18 32 20  +000979.3 -000105.5  02 42 24.5  219.801 15.439  11.75  31773 15.6
2010-04-21  01:30:00  14 45 54.1  -18 50 09  +001032.5 -000108.4  02 41 16.0  219.410 15.301  14.17  30941 15.5
2010-04-21  01:40:00  14 57 42.3  -19 08 29  +001093.6 -000111.6  02 39 29.4  218.878 15.223  16.81  30057 15.5
2010-04-21  01:50:00  15 10 14.3  -19 27 21  +001164.1 -000114.8  02 36 59.0  218.184 15.212  19.67  29122 15.4
2010-04-21  02:00:00  15 23 37.0  -19 46 47  +001246.0 -000118.2  02 33 38.0  217.303 15.276  22.74  28133 15.4

   Date        UTC        RA         DECL      RARate   DeclRate    HourAng      Az     Um    Phase  Range  Mag
2010-04-21  20:50:00  08 25 17.0  -07 36 39  +001196.6 -000101.7  04 25 03.6  247.263 10.325  81.77  30397 16.5
2010-04-21  21:00:00  08 38 10.8  -07 53 30  +001126.2 -000100.2  04 22 11.5  246.525 10.565  78.59  31272 16.5
2010-04-21  21:10:00  08 50 20.6  -08 10 04  +001064.5 -000098.6  04 20 03.3  245.931 10.689  75.58  32114 16.5
2010-04-21  21:20:00  09 01 51.8  -08 26 21  +001010.2 -000096.8  04 18 33.8  245.466 10.714  72.74  32921 16.4
2010-04-21  21:30:00  09 12 49.1  -08 42 21  +000962.4 -000095.1  04 17 38.2  245.113 10.653  70.03  33692 16.4
2010-04-21  21:40:00  09 23 16.3  -08 58 03  +000920.2 -000093.3  04 17 12.5  244.862 10.517  67.45  34427 16.4
2010-04-21  21:50:00  09 33 17.1  -09 13 27  +000882.8 -000091.6  04 17 13.4  244.700 10.315  64.97  35125 16.4
2010-04-21  22:00:00  09 42 54.4  -09 28 35  +000849.7 -000089.9  04 17 37.7  244.617 10.057  62.60  35785 16.4

   Date        UTC        RA         DECL      RARate   DeclRate    HourAng      Az     Um    Phase  Range  Mag
2010-04-23  18:00:00  13 46 36.7  -15 42 50  +000747.4 -000090.7  20 21 09.2  126.878 10.801   5.39  38109 16.0
2010-04-23  18:10:00  13 55 01.5  -15 58 00     <<SHADOW>>        20 22 46.0  127.349 10.815   4.08  37673 ----
2010-04-23  18:20:00  14 03 40.5  -16 13 15     <<SHADOW>>        20 24 08.6  127.773 10.794   3.56  37199 ----
2010-04-23  18:30:00  14 12 35.7  -16 28 35     <<SHADOW>>        20 25 15.1  128.143 10.734   4.21  36688 ----
2010-04-23  18:40:00  14 21 48.8  -16 43 59     <<SHADOW>>        20 26 03.6  128.453 10.632   5.72  36139 ----
2010-04-23  18:50:00  14 31 22.3  -16 59 26     <<SHADOW>>        20 26 31.8  128.696 10.482   7.67  35552 ----
2010-04-23  19:00:00  14 41 18.5  -17 14 56     <<SHADOW>>        20 26 37.2  128.861 10.281   9.85  34927 ----
2010-04-23  19:10:00  14 51 40.3  -17 30 26     <<SHADOW>>        20 26 17.0  128.941 10.022  12.21  34265 ----

   Date        UTC        RA         DECL      RARate   DeclRate    HourAng      Az     Um    Phase  Range  Mag
2010-04-24  18:00:00  11 42 29.5  -12 41 40  +000640.8 -000087.8  22 29 12.9  154.893 27.488  35.62  38162 16.2
2010-04-24  18:10:00  11 49 35.2  -12 56 17  +000636.7 -000087.6  22 32 08.8  155.743 27.466  33.88  38326 16.1
2010-04-24  18:20:00  11 56 38.6  -13 10 53  +000633.8 -000087.5  22 35 07.0  156.603 27.440  32.16  38450 16.1
2010-04-24  18:30:00  12 03 40.6  -13 25 28  +000632.3 -000087.5  22 38 06.7  157.467 27.408  30.44  38535 16.1
2010-04-24  18:40:00  12 10 42.1  -13 40 03  +000632.1 -000087.6  22 41 06.9  158.333 27.368  28.73  38583 16.1
2010-04-24  18:50:00  12 17 43.8  -13 54 40  +000633.2 -000087.7  22 44 06.8  159.195 27.321  27.02  38591 16.1
2010-04-24  19:00:00  12 24 46.6  -14 09 18  +000635.5 -000087.9  22 47 05.7  160.051 27.263  25.32  38562 16.1
2010-04-24  19:10:00  12 31 51.4  -14 23 59  +000639.2 -000088.2  22 50 02.5  160.897 27.195  23.60  38494 16.1
2010-04-24  19:20:00  12 38 59.1  -14 38 43  +000644.2 -000088.6  22 52 56.4  161.727 27.116  21.89  38389 16.1
2010-04-24  19:30:00  12 46 10.6  -14 53 31  +000650.6 -000089.1  22 55 46.5  162.539 27.026  20.17  38245 16.0
2010-04-24  19:40:00  12 53 26.9  -15 08 25  +000658.4 -000089.6  22 58 31.9  163.328 26.922  18.44  38062 16.0
2010-04-24  19:50:00  13 00 48.9  -15 23 24  +000667.8 -000090.3  23 01 11.6  164.089 26.806  16.69  37842 16.0
2010-04-24  20:00:00  13 08 17.6  -15 38 30  +000678.8 -000091.0  23 03 44.5  164.817 26.677  14.95  37582 16.0
2010-04-24  20:10:00  13 15 54.3  -15 53 44  +000691.6 -000091.8  23 06 09.5  165.509 26.534  13.18  37284 15.9
2010-04-24  20:20:00  13 23 40.1  -16 09 07  +000706.2 -000092.7  23 08 25.3  166.157 26.377  11.43  36947 15.9
2010-04-24  20:30:00  13 31 36.3  -16 24 40  +000722.9 -000093.8  23 10 30.7  166.757 26.206   9.68  36571 15.9
2010-04-24  20:40:00  13 39 44.4  -16 40 23  +000741.9 -000094.9  23 12 24.2  167.303 26.021   7.99  36155 15.9
2010-04-24  20:50:00  13 48 06.0  -16 56 18     <<SHADOW>>        23 14 04.3  167.787 25.821   6.41  35699 ----
2010-04-24  21:00:00  13 56 42.8  -17 12 25     <<SHADOW>>        23 15 29.2  168.203 25.606   5.14  35203 ----
2010-04-24  21:10:00  14 05 36.7  -17 28 45     <<SHADOW>>        23 16 36.9  168.542 25.376   4.52  34666 ----
2010-04-24  21:20:00  14 14 50.1  -17 45 20     <<SHADOW>>        23 17 25.1  168.795 25.129   4.89  34088 ----
2010-04-24  21:30:00  14 24 25.3  -18 02 10     <<SHADOW>>        23 17 51.6  168.953 24.866   6.18  33468 ----
2010-04-24  21:40:00  14 34 25.3  -18 19 15     <<SHADOW>>        23 17 53.2  169.003 24.585   8.01  32807 ----
2010-04-24  21:50:00  14 44 53.3  -18 36 35     <<SHADOW>>        23 17 26.9  168.934 24.285  10.19  32104 ----
2010-04-24  22:00:00  14 55 53.0  -18 54 10  +001015.6 -000106.2  23 16 28.8  168.731 23.962  12.60  31358 15.6
2010-04-24  22:10:00  15 07 29.0  -19 11 59  +001073.6 -000107.5  23 14 54.5  168.376 23.615  15.23  30570 15.5
2010-04-24  22:20:00  15 19 46.2  -19 29 59  +001139.8 -000108.4  23 12 38.9  167.851 23.238  18.05  29740 15.5
2010-04-24  22:30:00  15 32 50.8  -19 48 06  +001216.0 -000108.9  23 09 35.9  167.133 22.826  21.08  28867 15.4
2010-04-24  22:40:00  15 46 50.1  -20 06 15  +001303.9 -000108.6  23 05 38.3  166.195 22.370  24.33  27954 15.4
2010-04-24  22:50:00  16 01 52.4  -20 24 15  +001405.9 -000107.2  23 00 37.6  165.007 21.860  27.84  27000 15.3
2010-04-24  23:00:00  16 18 08.2  -20 41 54  +001524.8 -000104.0  22 54 23.4  163.532 21.281  31.63  26009 15.3
2010-04-24  23:10:00  16 35 49.9  -20 58 48  +001664.0 -000098.3  22 46 43.5  161.727 20.611  35.76  24982 15.2
2010-04-24  23:20:00  16 55 12.2  -21 14 27  +001827.7 -000088.7  22 37 22.8  159.544 19.824  40.27  23926 15.2
2010-04-24  23:30:00  17 16 33.2  -21 28 05  +002020.9 -000073.6  22 26 03.4  156.923 18.882  45.25  22845 15.2
2010-04-24  23:40:00  17 40 14.3  -21 38 33  +002249.1 -000050.3  22 12 23.9  153.799 17.734  50.74  21750 15.1
2010-04-24  23:50:00  18 06 40.7  -21 44 12  +002517.8 -000015.2  21 55 59.1  150.096 16.315  56.88  20653 15.1
2010-04-25  00:00:00  18 36 21.1  -21 42 44  +002831.6 +000036.2  21 36 20.4  145.737 14.538  63.75  19574 15.1
2010-04-25  00:10:00  19 09 46.1  -21 30 56  +003191.3 +000109.8  21 12 57.1  140.641 12.298  71.50  18538 15.2

   Date        UTC        RA         DECL      RARate   DeclRate    HourAng      Az     Um    Phase  Range  Mag
2010-04-25  18:00:00  09 16 46.0  -09 01 45  +001002.8 -000097.2  00 58 53.0  197.418 33.032  72.42  30359 16.3
2010-04-25  18:10:00  09 27 37.3  -09 17 51  +000952.1 -000096.0  00 58 03.3  197.113 32.812  69.74  31162 16.3
2010-04-25  18:20:00  09 37 57.0  -09 33 46  +000907.7 -000094.9  00 57 45.2  196.963 32.567  67.20  31923 16.3
2010-04-25  18:30:00  09 47 48.9  -09 49 29  +000868.8 -000093.6  00 57 55.0  196.946 32.303  64.76  32642 16.3
2010-04-25  18:40:00  09 57 16.4  -10 04 59  +000834.5 -000092.5  00 58 29.1  197.045 32.021  62.44  33319 16.3
2010-04-25  18:50:00  10 06 22.5  -10 20 18  +000804.2 -000091.3  00 59 24.7  197.246 31.724  60.19  33955 16.3
2010-04-25  19:00:00  10 15 09.6  -10 35 25  +000777.6 -000090.2  01 00 39.2  197.534 31.414  58.03  34550 16.3
2010-04-25  19:10:00  10 23 39.9  -10 50 22  +000754.1 -000089.1  01 02 10.5  197.899 31.091  55.92  35103 16.3
2010-04-25  19:20:00  10 31 55.7  -11 05 08  +000733.4 -000088.1  01 03 56.4  198.329 30.756  53.89  35616 16.3
2010-04-25  19:30:00  10 39 58.4  -11 19 45  +000715.2 -000087.2  01 05 55.3  198.816 30.410  51.91  36089 16.2
2010-04-25  19:40:00  10 47 49.8  -11 34 13  +000699.3 -000086.4  01 08 05.6  199.351 30.053  49.98  36522 16.2
2010-04-25  19:50:00  10 55 31.3  -11 48 33  +000685.4 -000085.6  01 10 25.7  199.927 29.685  48.08  36916 16.2
2010-04-25  20:00:00  11 03 04.1  -12 02 45  +000673.5 -000084.9  01 12 54.5  200.536 29.308  46.23  37270 16.2
2010-04-25  20:10:00  11 10 29.6  -12 16 51  +000663.2 -000084.3  01 15 30.7  201.173 28.921  44.40  37586 16.2
2010-04-25  20:20:00  11 17 48.8  -12 30 51  +000654.7 -000083.8  01 18 13.1  201.832 28.524  42.61  37862 16.2
2010-04-25  20:30:00  11 25 02.9  -12 44 46  +000647.6 -000083.3  01 21 00.7  202.508 28.119  40.83  38100 16.2
2010-04-25  20:40:00  11 32 12.7  -12 58 38  +000642.0 -000082.9  01 23 52.6  203.196 27.705  39.09  38299 16.2
2010-04-25  20:50:00  11 39 19.2  -13 12 25  +000637.8 -000082.6  01 26 47.7  203.891 27.283  37.34  38460 16.2
2010-04-25  21:00:00  11 46 23.3  -13 26 11  +000634.9 -000082.4  01 29 45.2  204.590 26.855  35.62  38583 16.2
2010-04-25  21:10:00  11 53 26.0  -13 39 54  +000633.3 -000082.3  01 32 44.2  205.287 26.419  33.90  38667 16.2
2010-04-25  21:20:00  12 00 28.0  -13 53 37  +000633.0 -000082.3  01 35 43.8  205.980 25.979  32.19  38713 16.2
2010-04-25  21:30:00  12 07 30.2  -14 07 20  +000634.0 -000082.3  01 38 43.2  206.664 25.533  30.47  38721 16.1
2010-04-25  21:40:00  12 14 33.6  -14 21 04  +000636.3 -000082.5  01 41 41.5  207.336 25.084  28.77  38690 16.1
2010-04-25  21:50:00  12 21 38.9  -14 34 50  +000639.8 -000082.7  01 44 37.8  207.992 24.632  27.05  38620 16.1
2010-04-25  22:00:00  12 28 47.0  -14 48 39  +000644.7 -000083.0  01 47 31.4  208.630 24.179  25.33  38511 16.1
2010-04-25  22:10:00  12 35 58.8  -15 02 31  +000651.0 -000083.5  01 50 21.2  209.245 23.726  23.60  38363 16.1
2010-04-25  22:20:00  12 43 15.3  -15 16 29  +000658.7 -000084.0  01 53 06.4  209.833 23.274  21.86  38175 16.0
2010-04-25  22:30:00  12 50 37.4  -15 30 32  +000668.0 -000084.7  01 55 45.9  210.392 22.825  20.10  37947 16.0
2010-04-25  22:40:00  12 58 06.2  -15 44 43  +000678.8 -000085.4  01 58 18.7  210.917 22.382  18.33  37679 16.0
2010-04-25  22:50:00  13 05 42.8  -15 59 01  +000691.4 -000086.3  02 00 43.7  211.404 21.944  16.53  37370 16.0
2010-04-25  23:00:00  13 13 28.5  -16 13 29  +000705.8 -000087.3  02 02 59.8  211.849 21.516  14.73  37020 15.9
2010-04-25  23:10:00  13 21 24.3  -16 28 08  +000722.3 -000088.5  02 05 05.5  212.248 21.099  12.91  36627 15.9
2010-04-25  23:20:00  13 29 32.0  -16 42 59     <<SHADOW>>        02 06 59.5  212.596 20.695  11.09  36192 ----
2010-04-25  23:30:00  13 37 52.9  -16 58 04     <<SHADOW>>        02 08 40.3  212.886 20.307   9.27  35714 ----
2010-04-25  23:40:00  13 46 28.8  -17 13 23     <<SHADOW>>        02 10 06.0  213.114 19.938   7.53  35192 ----
2010-04-25  23:50:00  13 55 21.7  -17 28 60     <<SHADOW>>        02 11 14.7  213.271 19.591   5.96  34625 ----
2010-04-26  00:00:00  14 04 33.8  -17 44 55     <<SHADOW>>        02 12 04.3  213.351 19.269   4.84  34013 ----
2010-04-26  00:10:00  14 14 07.6  -18 01 10     <<SHADOW>>        02 12 32.1  213.344 18.977   4.61  33354 ----
2010-04-26  00:20:00  14 24 06.0  -18 17 47     <<SHADOW>>        02 12 35.4  213.240 18.717   5.50  32648 ----
2010-04-26  00:30:00  14 34 32.3  -18 34 48     <<SHADOW>>        02 12 10.7  213.026 18.496   7.22  31894 ----
2010-04-26  00:40:00  14 45 30.4  -18 52 14  +001013.3 -000106.0  02 11 14.2  212.689 18.317   9.40  31091 15.5
2010-04-26  00:50:00  14 57 04.9  -19 10 09  +001071.6 -000108.8  02 09 41.4  212.212 18.185  11.91  30237 15.5
2010-04-26  01:00:00  15 09 21.1  -19 28 32  +001138.9 -000111.8  02 07 26.8  211.574 18.107  14.66  29333 15.4
2010-04-26  01:10:00  15 22 25.6  -19 47 24  +001216.7 -000114.7  02 04 24.0  210.750 18.088  17.65  28378 15.4
2010-04-26  01:20:00  15 36 26.1  -20 06 47  +001307.4 -000117.6  02 00 25.1  209.710 18.133  20.88  27371 15.3
2010-04-26  01:30:00  15 51 32.2  -20 26 37  +001413.9 -000120.2  01 55 20.6  208.415 18.250  24.40  26313 15.2
2010-04-26  01:40:00  16 07 55.6  -20 46 50  +001540.0 -000122.2  01 48 58.9  206.820 18.441  28.21  25203 15.2
2010-04-26  01:50:00  16 25 50.7  -21 07 17  +001690.3 -000122.9  01 41 05.4  204.864 18.712  32.39  24045 15.1

   Date        UTC        RA         DECL      RARate   DeclRate    HourAng      Az     Um    Phase  Range  Mag
2010-04-26  19:10:00  06 58 26.8  -06 18 34  +001838.8 -000099.6  04 31 20.2  249.326 10.314 107.25  24594 16.8
2010-04-26  19:20:00  07 17 59.1  -06 35 28  +001681.5 -000102.8  04 21 49.6  247.302 11.622 102.52  25603 16.8
2010-04-26  19:30:00  07 35 53.8  -06 52 45  +001545.9 -000104.3  04 13 56.4  245.570 12.646  98.15  26599 16.7
2010-04-26  19:40:00  07 52 24.5  -07 10 09  +001428.8 -000104.5  04 07 27.4  244.098 13.432  94.13  27578 16.6
2010-04-26  19:50:00  08 07 42.6  -07 27 33  +001327.5 -000103.9  04 02 10.9  242.859 14.019  90.37  28532 16.6
2010-04-26  20:00:00  08 21 57.6  -07 44 47  +001239.5 -000102.8  03 57 57.6  241.826 14.438  86.89  29458 16.6
2010-04-26  20:10:00  08 35 17.9  -08 01 48  +001162.9 -000101.3  03 54 39.0  240.976 14.714  83.61  30354 16.5
2010-04-26  20:20:00  08 47 50.3  -08 18 32  +001095.9 -000099.6  03 52 08.2  240.290 14.870  80.53  31217 16.5
2010-04-26  20:30:00  08 59 41.0  -08 34 60  +001037.2 -000097.8  03 50 19.2  239.748 14.923  77.61  32044 16.5
2010-04-26  20:40:00  09 10 54.9  -08 51 08  +000985.6 -000096.0  03 49 06.9  239.335 14.887  74.85  32836 16.5
2010-04-26  20:50:00  09 21 36.5  -09 06 59  +000940.2 -000094.1  03 48 26.9  239.035 14.775  72.21  33592 16.5
2010-04-26  21:00:00  09 31 49.7  -09 22 32  +000900.0 -000092.4  03 48 15.3  238.835 14.595  69.70  34309 16.5
2010-04-26  21:10:00  09 41 37.7  -09 37 47  +000864.6 -000090.7  03 48 29.0  238.724 14.358  67.28  34990 16.5
2010-04-26  21:20:00  09 51 03.4  -09 52 46  +000833.1 -000089.0  03 49 05.0  238.692 14.070  64.97  35632 16.4
2010-04-26  21:30:00  10 00 09.4  -10 07 28  +000805.3 -000087.5  03 50 00.6  238.730 13.737  62.72  36236 16.4
2010-04-26  21:40:00  10 08 57.8  -10 21 55  +000780.6 -000086.0  03 51 13.8  238.828 13.364  60.56  36803 16.4
2010-04-26  21:50:00  10 17 30.8  -10 36 08  +000758.8 -000084.6  03 52 42.4  238.980 12.956  58.44  37331 16.4
2010-04-26  22:00:00  10 25 50.2  -10 50 08  +000739.6 -000083.3  03 54 24.7  239.179 12.518  56.40  37821 16.4
2010-04-26  22:10:00  10 33 57.5  -11 03 55  +000722.6 -000082.1  03 56 19.1  239.419 12.052  54.40  38273 16.4
2010-04-26  22:20:00  10 41 54.2  -11 17 31  +000707.8 -000081.0  03 58 24.0  239.693 11.563  52.45  38687 16.4
2010-04-26  22:30:00  10 49 41.6  -11 30 57  +000694.9 -000080.0  04 00 38.2  239.998 11.052  50.53  39063 16.4
2010-04-26  22:40:00  10 57 21.1  -11 44 12  +000683.7 -000079.1  04 03 00.4  240.329 10.522  48.65  39401 16.4

   Date        UTC        RA         DECL      RARate   DeclRate    HourAng      Az     Um    Phase  Range  Mag
2010-04-29  18:10:00  12 26 16.9  -14 04 55  +000637.6 -000086.9  22 15 09.9  151.772 25.085  29.39  38763 16.1
2010-04-29  18:20:00  12 33 23.0  -14 19 25  +000640.8 -000087.1  22 18 05.5  152.599 25.093  27.67  38710 16.1
2010-04-29  18:30:00  12 40 31.6  -14 33 58  +000645.3 -000087.4  22 20 58.5  153.415 25.089  25.93  38618 16.1
2010-04-29  18:40:00  12 47 43.6  -14 48 34  +000651.1 -000087.8  22 23 48.1  154.216 25.073  24.19  38489 16.1
2010-04-29  18:50:00  12 55 00.1  -15 03 13  +000658.4 -000088.2  22 26 33.3  154.998 25.044  22.42  38321 16.1
2010-04-29  19:00:00  13 02 21.9  -15 17 58  +000667.3 -000088.7  22 29 13.1  155.755 25.001  20.65  38115 16.0
2010-04-29  19:10:00  13 09 50.1  -15 32 48  +000677.6 -000089.3  22 31 46.6  156.485 24.943  18.85  37871 16.0
2010-04-29  19:20:00  13 17 25.8  -15 47 44  +000689.7 -000089.9  22 34 12.5  157.182 24.869  17.04  37589 16.0
2010-04-29  19:30:00  13 25 10.1  -16 02 47  +000703.6 -000090.7  22 36 29.8  157.841 24.779  15.19  37267 16.0
2010-04-29  19:40:00  13 33 04.4  -16 17 57  +000719.5 -000091.5  22 38 37.2  158.456 24.671  13.33  36907 15.9
2010-04-29  19:50:00  13 41 10.0  -16 33 17  +000737.6 -000092.4  22 40 33.3  159.022 24.545  11.43  36509 15.9
2010-04-29  20:00:00  13 49 28.4  -16 48 46  +000758.1 -000093.4  22 42 16.5  159.532 24.401   9.53  36070 15.9
2010-04-29  20:10:00  13 58 01.3  -17 04 24  +000781.2 -000094.4  22 43 45.2  159.979 24.236   7.62  35592 15.8
2010-04-29  20:20:00  14 06 50.7  -17 20 14     <<SHADOW>>        22 44 57.5  160.355 24.051   5.77  35075 ----
2010-04-29  20:30:00  14 15 58.4  -17 36 14     <<SHADOW>>        22 45 51.4  160.653 23.844   4.16  34517 ----
2010-04-29  20:40:00  14 25 27.1  -17 52 26     <<SHADOW>>        22 46 24.4  160.862 23.613   3.30  33918 ----
2010-04-29  20:50:00  14 35 19.2  -18 08 49     <<SHADOW>>        22 46 33.9  160.973 23.357   3.92  33279 ----
2010-04-29  21:00:00  14 45 37.9  -18 25 24     <<SHADOW>>        22 46 16.8  160.973 23.072   5.64  32599 ----
2010-04-29  21:10:00  14 56 26.7  -18 42 08     <<SHADOW>>        22 45 29.6  160.848 22.757   7.90  31877 ----
2010-04-29  21:20:00  15 07 49.7  -18 59 01     <<SHADOW>>        22 44 08.3  160.584 22.407  10.42  31115 ----
2010-04-29  21:30:00  15 19 51.6  -19 15 60  +001114.7 -000102.0  22 42 08.0  160.164 22.016  13.18  30311 15.5
2010-04-29  21:40:00  15 32 38.0  -19 33 00  +001186.1 -000101.9  22 39 23.3  159.566 21.579  16.13  29467 15.4
2010-04-29  21:50:00  15 46 15.3  -19 49 56  +001268.0 -000101.0  22 35 47.6  158.767 21.086  19.31  28583 15.4
2010-04-29  22:00:00  16 00 51.4  -20 06 37  +001362.7 -000099.0  22 31 13.2  157.742 20.527  22.72  27660 15.3
2010-04-29  22:10:00  16 16 35.4  -20 22 50  +001472.4 -000095.3  22 25 30.8  156.458 19.885  26.40  26701 15.3
2010-04-29  22:20:00  16 33 38.4  -20 38 15  +001600.1 -000089.2  22 18 29.4  154.878 19.141  30.38  25707 15.2
2010-04-29  22:30:00  16 52 13.5  -20 52 23  +001749.4 -000079.7  22 09 56.0  152.961 18.269  34.73  24683 15.2
2010-04-29  22:40:00  17 12 36.5  -21 04 34  +001924.4 -000065.3  21 59 34.7  150.656 17.236  39.48  23635 15.2
2010-04-29  22:50:00  17 35 05.9  -21 13 47  +002129.7 -000043.9  21 47 06.9  147.909 15.996  44.73  22571 15.1
2010-04-29  23:00:00  18 00 03.7  -21 18 39  +002370.3 -000012.6  21 32 10.7  144.656 14.492  50.53  21502 15.1
2010-04-29  23:10:00  18 27 54.8  -21 17 14  +002650.2 +000032.3  21 14 21.3  140.827 12.653  57.01  20444 15.1
2010-04-29  23:20:00  18 59 06.2  -21 06 55  +002971.4 +000095.3  20 53 11.5  136.350 10.389  64.25  19418 15.1

   Date        UTC        RA         DECL      RARate   DeclRate    HourAng      Az     Um    Phase  Range  Mag
2010-04-30  18:10:00  10 15 57.5  -10 38 51  +000787.9 -000090.8  00 29 25.9  188.590 32.575  62.25  34124 16.3
2010-04-30  18:20:00  10 24 34.4  -10 53 54  +000763.2 -000089.7  00 30 50.6  188.966 32.288  60.14  34696 16.3
2010-04-30  18:30:00  10 32 55.7  -11 08 46  +000741.4 -000088.7  00 32 30.9  189.415 31.996  58.08  35227 16.3
2010-04-30  18:40:00  10 41 03.5  -11 23 28  +000722.3 -000087.7  00 34 24.8  189.925 31.698  56.09  35717 16.3
2010-04-30  18:50:00  10 48 59.3  -11 38 01  +000705.5 -000086.9  00 36 30.6  190.488 31.393  54.14  36166 16.3
2010-04-30  19:00:00  10 56 44.6  -11 52 25  +000690.9 -000086.1  00 38 46.9  191.095 31.082  52.24  36576 16.3
2010-04-30  19:10:00  11 04 20.9  -12 06 42  +000678.2 -000085.3  00 41 12.3  191.740 30.763  50.36  36945 16.3
2010-04-30  19:20:00  11 11 49.3  -12 20 52  +000667.3 -000084.7  00 43 45.6  192.417 30.438  48.54  37276 16.3
2010-04-30  19:30:00  11 19 11.0  -12 34 56  +000658.1 -000084.1  00 46 25.5  193.118 30.105  46.72  37567 16.3
2010-04-30  19:40:00  11 26 27.2  -12 48 55  +000650.5 -000083.6  00 49 11.0  193.840 29.764  44.95  37819 16.2
2010-04-30  19:50:00  11 33 38.7  -13 02 49  +000644.4 -000083.2  00 52 01.1  194.576 29.416  43.18  38033 16.2
2010-04-30  20:00:00  11 40 46.6  -13 16 39  +000639.6 -000082.9  00 54 54.8  195.322 29.060  41.44  38208 16.2
2010-04-30  20:10:00  11 47 51.8  -13 30 27  +000636.3 -000082.6  00 57 51.2  196.073 28.698  39.70  38345 16.2
2010-04-30  20:20:00  11 54 55.3  -13 44 12  +000634.2 -000082.4  01 00 49.5  196.825 28.328  37.99  38443 16.2
2010-04-30  20:30:00  12 01 57.7  -13 57 56  +000633.4 -000082.4  01 03 48.6  197.574 27.952  36.26  38503 16.2
2010-04-30  20:40:00  12 09 00.2  -14 11 39  +000634.0 -000082.4  01 06 47.8  198.316 27.570  34.55  38525 16.2
2010-04-30  20:50:00  12 16 03.4  -14 25 23  +000635.8 -000082.4  01 09 46.3  199.047 27.183  32.83  38508 16.1
2010-04-30  21:00:00  12 23 08.2  -14 39 09  +000638.9 -000082.6  01 12 43.1  199.764 26.791  31.12  38452 16.1
2010-04-30  21:10:00  12 30 15.6  -14 52 56  +000643.4 -000082.9  01 15 37.4  200.462 26.396  29.38  38358 16.1
2010-04-30  21:20:00  12 37 26.3  -15 06 47  +000649.2 -000083.3  01 18 28.2  201.138 25.999  27.65  38225 16.1
2010-04-30  21:30:00  12 44 41.5  -15 20 42  +000656.4 -000083.7  01 21 14.7  201.789 25.600  25.89  38053 16.1
2010-04-30  21:40:00  12 52 01.9  -15 34 42  +000665.2 -000084.3  01 23 55.9  202.409 25.201  24.13  37841 16.0
2010-04-30  21:50:00  12 59 28.7  -15 48 48  +000675.5 -000085.0  01 26 30.8  202.996 24.803  22.33  37589 16.0
2010-04-30  22:00:00  13 07 03.0  -16 03 02  +000687.5 -000085.8  01 28 58.2  203.545 24.408  20.52  37297 16.0
2010-04-30  22:10:00  13 14 45.8  -16 17 24  +000701.4 -000086.7  01 31 17.0  204.052 24.018  18.67  36964 16.0
2010-04-30  22:20:00  13 22 38.6  -16 31 55  +000717.2 -000087.7  01 33 25.9  204.512 23.635  16.80  36590 15.9
2010-04-30  22:30:00  13 30 42.6  -16 46 38  +000735.2 -000088.8  01 35 23.5  204.920 23.260  14.89  36174 15.9
2010-04-30  22:40:00  13 38 59.4  -17 01 33  +000755.6 -000090.1  01 37 08.4  205.270 22.895  12.96  35716 15.8
2010-04-30  22:50:00  13 47 30.6  -17 16 41  +000778.7 -000091.6  01 38 38.7  205.556 22.544  10.99  35214 15.8
2010-04-30  23:00:00  13 56 18.3  -17 32 05     <<SHADOW>>        01 39 52.7  205.771 22.208   9.01  34669 ----
2010-04-30  23:10:00  14 05 24.5  -17 47 45     <<SHADOW>>        01 40 48.2  205.908 21.891   7.04  34079 ----
2010-04-30  23:20:00  14 14 51.5  -18 03 43     <<SHADOW>>        01 41 22.8  205.957 21.595   5.21  33445 ----
2010-04-30  23:30:00  14 24 42.2  -18 20 01     <<SHADOW>>        01 41 33.7  205.908 21.324   3.83  32764 ----
2010-04-30  23:40:00  14 34 59.8  -18 36 40     <<SHADOW>>        01 41 17.7  205.750 21.080   3.69  32036 ----
2010-04-30  23:50:00  14 45 47.9  -18 53 42     <<SHADOW>>        01 40 31.3  205.468 20.869   5.06  31261 ----
2010-05-01  00:00:00  14 57 10.9  -19 11 08     <<SHADOW>>        01 39 10.0  205.045 20.692   7.25  30437 ----
2010-05-01  00:10:00  15 09 13.8  -19 28 58  +001117.3 -000108.3  01 37 08.7  204.463 20.555   9.86  29564 15.4
2010-05-01  00:20:00  15 22 02.7  -19 47 13  +001191.4 -000110.7  01 34 21.4  203.697 20.461  12.75  28642 15.4
2010-05-01  00:30:00  15 35 44.9  -20 05 53  +001277.5 -000113.0  01 30 40.8  202.719 20.413  15.91  27670 15.3
2010-05-01  00:40:00  15 50 29.2  -20 24 53  +001378.2 -000115.0  01 25 58.2  201.492 20.414  19.32  26649 15.2
2010-05-01  00:50:00  16 06 26.4  -20 44 10  +001496.8 -000116.2  01 20 02.7  199.974 20.466  23.04  25579 15.2
2010-05-01  01:00:00  16 23 49.7  -21 03 33  +001637.4 -000116.1  01 12 41.0  198.110 20.566  27.08  24462 15.1
2010-05-01  01:10:00  16 42 55.6  -21 22 45  +001805.6 -000113.7  01 03 36.8  195.830 20.710  31.54  23300 15.0
2010-05-01  01:20:00  17 04 04.6  -21 41 16  +002008.3 -000107.8  00 52 29.4  193.050 20.885  36.45  22099 15.0
2010-05-01  01:30:00  17 27 42.6  -21 58 21  +002254.1 -000095.8  00 38 53.0  189.660 21.065  41.94  20866 14.9
2010-05-01  01:40:00  17 54 21.7  -22 12 40  +002553.5 -000074.0  00 22 15.6  185.526 21.206  48.11  19614 14.9
