ЭФЕМЕРИДЫ ПО ОБЪЕКТУ:  95376
Для пункта:  10016 Маяки   46 23'50.68"   30 16'17.74"    14m
C   2010-04-15 12:00
по  2010-05-01 12:00
Шаг  0:10:00
Мин.угол места:          10 град
Макс.угол места Солнца: -10 град
Стандартный блеск :      8.2 (зв.вел.)

ОБОЗНАЧЕНИЯ
RA        прямое восхождение, тек.эпоха
DECL      склонение, тек.эпоха
RARate    скорость по пр.восх., арксек/мин
DeclRate  скорость по склонению, арксек/мин
HourAng   часовой угол
Az        азимут
Um        угол места
Phase     фазовый угол
Range     дальность
Mag       зв.величина (оценка)

   Date        UTC        RA         DECL      RARate   DeclRate    HourAng      Az     Um    Phase  Range  Mag
2010-04-15  17:50:00  11 44 39.7  +00 29 47  +000449.4 -000039.3  21 41 32.0  136.083 35.017  29.39  37301 14.9
2010-04-15  18:00:00  11 49 37.2  +00 22 51  +000443.1 -000043.9  21 46 36.2  137.518 35.513  28.21  37572 15.0
2010-04-15  18:10:00  11 54 30.8  +00 15 10  +000438.2 -000048.4  21 51 44.2  138.995 35.989  27.03  37785 15.0
2010-04-15  18:20:00  11 59 21.7  +00 06 43  +000434.6 -000052.9  21 56 55.0  140.510 36.440  25.87  37941 15.0
2010-04-15  18:30:00  12 04 10.6  -00 02 28  +000432.3 -000057.4  22 02 07.7  142.058 36.864  24.71  38040 15.0
2010-04-15  18:40:00  12 08 58.4  -00 12 25  +000431.3 -000062.0  22 07 21.5  143.634 37.258  23.56  38084 14.9
2010-04-15  18:50:00  12 13 46.0  -00 23 08  +000431.6 -000066.7  22 12 35.6  145.234 37.619  22.40  38073 14.9
2010-04-15  19:00:00  12 18 34.2  -00 34 40  +000433.1 -000071.6  22 17 49.1  146.852 37.945  21.26  38006 14.9
2010-04-15  19:10:00  12 23 23.8  -00 47 01  +000435.9 -000076.7  22 23 01.1  148.484 38.233  20.09  37885 14.9
2010-04-15  19:20:00  12 28 15.7  -01 00 15  +000440.1 -000082.2  22 28 10.8  150.123 38.481  18.93  37708 14.9
2010-04-15  19:30:00  12 33 10.9  -01 14 26  +000445.7 -000088.0  22 33 17.3  151.763 38.686  17.74  37476 14.9
2010-04-15  19:40:00  12 38 10.3  -01 29 36  +000452.8 -000094.2  22 38 19.5  153.398 38.846  16.55  37188 14.9
2010-04-15  19:50:00  12 43 15.0  -01 45 52  +000461.5 -000100.9  22 43 16.5  155.018 38.959  15.33  36844 14.8
2010-04-15  20:00:00  12 48 26.0  -02 03 17  +000472.0 -000108.3  22 48 07.1  156.617 39.022  14.10  36443 14.8
2010-04-15  20:10:00  12 53 44.7  -02 22 00  +000484.5 -000116.4  22 52 50.0  158.186 39.034  12.84  35985 14.8
2010-04-15  20:20:00  12 59 12.5  -02 42 08  +000499.2 -000125.3  22 57 23.9  159.714 38.992  11.57  35468 14.7
2010-04-15  20:30:00  13 04 50.9  -03 03 49  +000516.5 -000135.3  23 01 47.1  161.192 38.893  10.27  34891 14.7
2010-04-15  20:40:00  13 10 41.8  -03 27 17  +000536.6 -000146.4  23 05 57.9  162.608 38.735   8.97  34253 14.6
2010-04-15  20:50:00  13 16 47.2  -03 52 43  +000560.2 -000159.1  23 09 54.2  163.948 38.515   7.66  33553 14.6
2010-04-15  21:00:00  13 23 09.6  -04 20 25  +000587.8 -000173.6  23 13 33.4  165.198 38.229   6.42  32788 14.5
2010-04-15  21:10:00  13 29 52.0  -04 50 42  +000620.3 -000190.2  23 16 52.6  166.343 37.872   5.32  31956 14.5
2010-04-15  21:20:00  13 36 57.9  -05 23 59  +000658.5 -000209.6  23 19 48.4  167.363 37.439   4.58  31056 14.4
2010-04-15  21:30:00  13 44 31.6  -06 00 45  +000704.0 -000232.3  23 22 16.3  168.237 36.923   4.52  30085 14.4
2010-04-15  21:40:00  13 52 38.5  -06 41 40  +000758.5 -000259.4  23 24 11.0  168.940 36.312   5.31  29040 14.3
2010-04-15  21:50:00  14 01 25.4  -07 27 30  +000824.6 -000291.9  23 25 25.7  169.441 35.595   6.83  27918 14.2
2010-04-15  22:00:00  14 11 01.2  -08 19 20  +000905.6 -000331.4  23 25 51.6  169.704 34.752   8.85  26716 14.1
2010-04-15  22:10:00  14 21 37.3  -09 18 30  +001006.7 -000380.4  23 25 17.2  169.683 33.756  11.32  25431 14.0
2010-04-15  22:20:00  14 33 29.4  -10 26 50  +001135.2 -000442.0  23 23 26.7  169.319 32.568  14.19  24059 13.9
2010-04-15  22:30:00  14 46 59.2  -11 46 48  +001302.3 -000520.9  23 19 58.5  168.538 31.133  17.56  22597 13.8
2010-04-15  22:40:00  15 02 38.0  -13 21 48  +001525.9 -000623.9  23 14 21.3  167.240 29.364  21.50  21044 13.6
2010-04-15  22:50:00  15 21 12.5  -15 16 37  +001835.7 -000760.7  23 05 48.5  165.291 27.128  26.21  19400 13.5
2010-04-15  23:00:00  15 43 55.7  -17 37 59  +002283.7 -000945.2  22 53 07.0  162.504 24.211  31.95  17672 13.3
2010-04-15  23:10:00  16 12 48.2  -20 35 10  +002965.5 -001193.1  22 34 16.1  158.614 20.264  39.17  15878 13.2
2010-04-15  23:20:00  16 51 20.3  -24 19 28  +004065.0 -001507.7  22 05 45.6  153.233 14.696  48.53  14061 13.1

   Date        UTC        RA         DECL      RARate   DeclRate    HourAng      Az     Um    Phase  Range  Mag
2010-04-16  17:50:00  13 21 36.7  -03 01 28  +000559.5 -000129.8  20 08 31.6  116.466 19.153   8.41  36647 14.8
2010-04-16  18:00:00  13 27 57.2  -03 23 58  +000582.4 -000140.4  20 12 12.8  117.479 19.424   7.39  35966 14.7
2010-04-16  18:10:00  13 34 34.1  -03 48 20  +000609.2 -000152.3  20 15 37.5  118.457 19.621   6.56  35225 14.7
2010-04-16  18:20:00  13 41 30.4  -04 14 50  +000640.4 -000165.8  20 18 42.8  119.392 19.736   6.07  34422 14.6
2010-04-16  18:30:00  13 48 49.2  -04 43 43  +000677.1 -000181.3  20 21 25.6  120.274 19.757   6.07  33557 14.6
2010-04-16  18:40:00  13 56 34.6  -05 15 22  +000720.2 -000199.0  20 23 42.0  121.091 19.670   6.65  32627 14.5
2010-04-16  18:50:00  14 04 51.2  -05 50 13  +000771.3 -000219.7  20 25 26.9  121.828 19.458   7.80  31630 14.5
2010-04-16  19:00:00  14 13 45.2  -06 28 47  +000832.4 -000243.8  20 26 34.6  122.468 19.103   9.39  30566 14.4
2010-04-16  19:10:00  14 23 23.9  -07 11 44  +000906.1 -000272.5  20 26 57.6  122.992 18.577  11.39  29432 14.3
2010-04-16  19:20:00  14 33 56.9  -07 59 55  +000996.1 -000306.7  20 26 26.2  123.373 17.849  13.73  28227 14.2
2010-04-16  19:30:00  14 45 36.6  -08 54 22  +001107.3 -000348.1  20 24 48.1  123.581 16.876  16.46  26950 14.2
2010-04-16  19:40:00  14 58 39.5  -09 56 26  +001247.1 -000398.5  20 21 46.8  123.578 15.601  19.57  25599 14.1
2010-04-16  19:50:00  15 13 28.0  -11 07 51  +001426.1 -000460.8  20 17 00.1  123.313 13.948  23.18  24174 14.0
2010-04-16  20:00:00  15 30 33.0  -12 30 52  +001660.4 -000538.2  20 09 56.6  122.723 11.812  27.37  22679 13.9

   Date        UTC        RA         DECL      RARate   DeclRate    HourAng      Az     Um    Phase  Range  Mag
2010-04-17  19:40:00  06 59 27.6  -06 35 02  +003604.2 +000830.2  04 24 55.3  247.908 11.134  99.35  15437 14.4
2010-04-17  19:50:00  07 34 49.3  -04 37 02  +002810.0 +000598.8  03 59 35.3  244.164 16.648  91.11  17160 14.4
2010-04-17  20:00:00  08 03 09.8  -03 12 36  +002264.5 +000436.3  03 41 16.4  241.272 20.564  84.43  18855 14.4
2010-04-17  20:10:00  08 26 02.2  -02 09 54  +001873.4 +000322.6  03 28 25.7  239.179 23.323  79.00  20524 14.5
2010-04-17  20:20:00  08 45 11.0  -01 23 15  +001586.8 +000241.6  03 19 18.5  237.657 25.292  74.45  22127 14.5
2010-04-17  20:30:00  09 01 33.9  -00 48 10  +001371.2 +000182.4  03 12 57.3  236.594 26.688  70.54  23655 14.6
2010-04-17  20:40:00  09 15 50.4  -00 21 36  +001205.0 +000138.3  03 08 42.4  235.901 27.660  67.14  25105 14.6
2010-04-17  20:50:00  09 28 28.5  -00 01 28  +001074.2 +000104.7  03 06 05.9  235.511 28.307  64.12  26476 14.7
2010-04-17  21:00:00  09 39 48.5  +00 13 43  +000969.5 +000078.6  03 04 47.5  235.369 28.701  61.41  27769 14.7
2010-04-17  21:10:00  09 50 05.6  +00 24 60  +000884.3 +000057.8  03 04 32.1  235.430 28.892  58.94  28985 14.8
2010-04-17  21:20:00  09 59 31.1  +00 33 11  +000814.2 +000041.0  03 05 08.3  235.660 28.919  56.69  30128 14.8
2010-04-17  21:30:00  10 08 13.9  +00 38 51  +000755.9 +000027.3  03 06 27.1  236.030 28.809  54.59  31198 14.9
2010-04-17  21:40:00  10 16 21.0  +00 42 25  +000706.8 +000015.8  03 08 21.6  236.514 28.584  52.65  32199 14.9
2010-04-17  21:50:00  10 23 58.0  +00 44 14  +000665.3 +000006.1  03 10 46.2  237.094 28.261  50.81  33133 14.9
2010-04-17  22:00:00  10 31 09.5  +00 44 32  +000630.0 -000002.2  03 13 36.4  237.751 27.853  49.09  34000 15.0
2010-04-17  22:10:00  10 37 59.3  +00 43 33  +000599.8 -000009.5  03 16 48.3  238.471 27.372  47.43  34804 15.0
2010-04-17  22:20:00  10 44 30.3  +00 41 25  +000573.9 -000015.9  03 20 18.9  239.243 26.825  45.87  35544 15.0
2010-04-17  22:30:00  10 50 45.3  +00 38 17  +000551.7 -000021.7  03 24 05.5  240.056 26.221  44.35  36224 15.0
2010-04-17  22:40:00  10 56 46.6  +00 34 13  +000532.5 -000026.9  03 28 05.9  240.902 25.566  42.90  36844 15.1
2010-04-17  22:50:00  11 02 36.0  +00 29 19  +000516.1 -000031.8  03 32 18.1  241.772 24.865  41.48  37405 15.1
2010-04-17  23:00:00  11 08 15.3  +00 23 39  +000502.1 -000036.3  03 36 40.5  242.660 24.123  40.12  37908 15.1
2010-04-17  23:10:00  11 13 46.0  +00 17 14  +000490.2 -000040.6  03 41 11.5  243.561 23.344  38.77  38354 15.1
2010-04-17  23:20:00  11 19 09.3  +00 10 07  +000480.2 -000044.8  03 45 49.7  244.469 22.532  37.46  38743 15.1
2010-04-17  23:30:00  11 24 26.7  +00 02 19  +000472.0 -000048.8  03 50 34.0  245.380 21.691  36.17  39075 15.1
2010-04-17  23:40:00  11 29 39.0  -00 06 09  +000465.3 -000052.8  03 55 23.3  246.290 20.823  34.90  39352 15.1
2010-04-17  23:50:00  11 34 47.4  -00 15 16  +000460.1 -000056.7  04 00 16.6  247.195 19.931  33.64  39573 15.1
2010-04-18  00:00:00  11 39 52.8  -00 25 04  +000456.3 -000060.7  04 05 12.8  248.093 19.018  32.40  39739 15.1
2010-04-18  00:10:00  11 44 56.1  -00 35 32  +000453.9 -000064.8  04 10 11.2  248.981 18.086  31.15  39848 15.1
2010-04-18  00:20:00  11 49 58.2  -00 46 41  +000452.7 -000069.1  04 15 10.7  249.855 17.139  29.92  39902 15.1
2010-04-18  00:30:00  11 54 60.0  -00 58 33  +000452.8 -000073.5  04 20 10.6  250.712 16.177  28.67  39900 15.1
2010-04-18  00:40:00  12 00 02.3  -01 11 11  +000454.2 -000078.1  04 25 10.0  251.551 15.203  27.43  39840 15.1
2010-04-18  00:50:00  12 05 05.9  -01 24 36  +000456.9 -000083.0  04 30 08.0  252.368 14.220  26.18  39724 15.1
2010-04-18  01:00:00  12 10 11.7  -01 38 52  +000460.8 -000088.2  04 35 03.8  253.161 13.229  24.92  39549 15.0
2010-04-18  01:10:00  12 15 20.6  -01 54 02  +000466.2 -000093.9  04 39 56.5  253.927 12.233  23.63  39316 15.0
2010-04-18  01:20:00  12 20 33.6  -02 10 11  +000473.0 -000100.0  04 44 45.2  254.662 11.234  22.34  39022 15.0
2010-04-18  01:30:00  12 25 51.6  -02 27 25  +000481.4 -000106.7  04 49 28.8  255.363 10.232  21.02  38667 15.0

   Date        UTC        RA         DECL      RARate   DeclRate    HourAng      Az     Um    Phase  Range  Mag
2010-04-18  17:50:00  09 29 50.1  -00 52 07  +001231.8 +000191.5  00 08 11.3  182.786 42.700  64.43  22407 14.3
2010-04-18  18:00:00  09 42 39.3  -00 24 24  +001082.2 +000143.5  00 05 23.7  181.850 43.181  61.41  23898 14.4
2010-04-18  18:10:00  09 54 00.7  -00 03 42  +000966.0 +000107.5  00 04 04.0  181.402 43.532  58.71  25291 14.5
2010-04-18  18:20:00  10 04 12.8  +00 11 50  +000873.6 +000079.9  00 03 53.5  181.348 43.792  56.30  26592 14.6
2010-04-18  18:30:00  10 13 29.5  +00 23 17  +000798.9 +000058.3  00 04 38.4  181.612 43.979  54.09  27806 14.6
2010-04-18  18:40:00  10 22 01.1  +00 31 31  +000737.7 +000041.0  00 06 08.5  182.139 44.108  52.07  28935 14.7
2010-04-18  18:50:00  10 29 55.5  +00 37 08  +000686.8 +000026.9  00 08 15.8  182.881 44.186  50.18  29985 14.7
2010-04-18  19:00:00  10 37 18.7  +00 40 36  +000644.1 +000015.1  00 10 54.2  183.804 44.217  48.43  30959 14.8
2010-04-18  19:10:00  10 44 15.8  +00 42 17  +000608.1 +000005.2  00 13 58.8  184.878 44.205  46.76  31859 14.8
2010-04-18  19:20:00  10 50 50.7  +00 42 24  +000577.4 -000003.4  00 17 25.5  186.076 44.150  45.19  32689 14.8
2010-04-18  19:30:00  10 57 06.7  +00 41 13  +000551.2 -000010.8  00 21 11.1  187.379 44.054  43.69  33452 14.9
2010-04-18  19:40:00  11 03 06.5  +00 38 51  +000528.8 -000017.4  00 25 13.0  188.767 43.917  42.25  34149 14.9
2010-04-18  19:50:00  11 08 52.5  +00 35 27  +000509.5 -000023.4  00 29 28.7  190.226 43.740  40.86  34782 14.9
2010-04-18  20:00:00  11 14 26.5  +00 31 05  +000493.0 -000028.8  00 33 56.3  191.740 43.521  39.53  35354 14.9
2010-04-18  20:10:00  11 19 50.4  +00 25 52  +000479.0 -000033.8  00 38 34.0  193.296 43.262  38.22  35865 15.0
2010-04-18  20:20:00  11 25 05.6  +00 19 50  +000467.0 -000038.6  00 43 20.4  194.885 42.963  36.96  36317 15.0
2010-04-18  20:30:00  11 30 13.5  +00 13 01  +000457.0 -000043.1  00 48 14.2  196.494 42.623  35.71  36711 15.0
2010-04-18  20:40:00  11 35 15.3  +00 05 28  +000448.6 -000047.5  00 53 14.0  198.116 42.243  34.50  37048 15.0
2010-04-18  20:50:00  11 40 12.1  -00 02 49  +000441.9 -000051.8  00 58 18.9  199.742 41.825  33.29  37328 15.0
2010-04-18  21:00:00  11 45 04.9  -00 11 48  +000436.6 -000056.0  01 03 27.8  201.363 41.368  32.11  37553 15.0
2010-04-18  21:10:00  11 49 54.6  -00 21 29  +000432.7 -000060.3  01 08 39.7  202.973 40.874  30.92  37722 15.0
2010-04-18  21:20:00  11 54 42.1  -00 31 54  +000430.2 -000064.6  01 13 53.8  204.565 40.343  29.76  37836 15.0
2010-04-18  21:30:00  11 59 28.4  -00 43 02  +000428.9 -000069.1  01 19 09.2  206.134 39.778  28.58  37894 15.0
2010-04-18  21:40:00  12 04 14.2  -00 54 57  +000428.8 -000073.7  01 24 25.0  207.673 39.179  27.42  37898 15.0
2010-04-18  21:50:00  12 09 00.4  -01 07 38  +000430.1 -000078.6  01 29 40.4  209.178 38.547  26.24  37847 15.0
2010-04-18  22:00:00  12 13 47.9  -01 21 09  +000432.6 -000083.7  01 34 54.6  210.644 37.886  25.06  37740 14.9
2010-04-18  22:10:00  12 18 37.5  -01 35 32  +000436.4 -000089.1  01 40 06.6  212.065 37.195  23.86  37577 14.9
2010-04-18  22:20:00  12 23 30.0  -01 50 52  +000441.6 -000094.9  01 45 15.7  213.438 36.478  22.66  37357 14.9
2010-04-18  22:30:00  12 28 26.5  -02 07 12  +000448.2 -000101.3  01 50 20.9  214.758 35.735  21.43  37080 14.9
2010-04-18  22:40:00  12 33 28.0  -02 24 39  +000456.4 -000108.1  01 55 21.1  216.021 34.969  20.18  36745 14.8
2010-04-18  22:50:00  12 38 35.4  -02 43 18  +000466.3 -000115.7  02 00 15.3  217.220 34.181  18.90  36350 14.8
2010-04-18  23:00:00  12 43 50.1  -03 03 16  +000478.0 -000124.1  02 05 02.3  218.353 33.375  17.60  35895 14.8
2010-04-18  23:10:00  12 49 13.3  -03 24 43  +000491.9 -000133.4  02 09 40.7  219.412 32.550  16.24  35377 14.7
2010-04-18  23:20:00  12 54 46.5  -03 47 49  +000508.2 -000144.0  02 14 09.2  220.392 31.710  14.86  34796 14.7
2010-04-18  23:30:00  13 00 31.4  -04 12 47  +000527.2 -000155.8  02 18 25.9  221.286 30.857  13.42  34148 14.7
2010-04-18  23:40:00  13 06 30.0  -04 39 52  +000549.3 -000169.4  02 22 28.9  222.085 29.992  11.93  33433 14.6
2010-04-18  23:50:00  13 12 44.7  -05 09 22  +000575.3 -000185.1  02 26 15.9  222.778 29.116  10.36  32646 14.5
2010-04-19  00:00:00  13 19 18.1  -05 41 43  +000605.8 -000203.4  02 29 44.1  223.355 28.233   8.75  31786 14.5
2010-04-19  00:10:00  13 26 13.6  -06 17 21  +000641.8 -000224.9  02 32 50.3  223.800 27.342   7.05  30848 14.4
2010-04-19  00:20:00  13 33 35.3  -06 56 55  +000684.6 -000250.5  02 35 30.2  224.094 26.446   5.33  29830 14.3
2010-04-19  00:30:00  13 41 28.3  -07 41 10  +000736.1 -000281.5  02 37 38.8  224.214 25.543   3.67  28726 14.3
2010-04-19  00:40:00  13 49 59.2  -08 31 08  +000798.7 -000319.5  02 39 09.6  224.129 24.633   2.64  27533 14.2
2010-04-19  00:50:00  13 59 16.4  -09 28 10  +000876.0 -000366.9  02 39 54.0  223.799 23.713   3.35  26243 14.1
2010-04-19  01:00:00  14 09 31.5  -10 34 08  +000973.2 -000427.2  02 39 40.6  223.170 22.776   5.46  24852 13.9
2010-04-19  01:10:00  14 21 00.1  -11 51 36  +001098.5 -000506.0  02 38 13.5  222.167 21.811   8.27  23351 13.8
2010-04-19  01:20:00  14 34 05.0  -13 24 16  +001264.7 -000611.5  02 35 10.3  220.685 20.794  11.63  21734 13.7
2010-04-19  01:30:00  14 49 20.0  -15 17 39  +001493.7 -000757.7  02 29 57.0  218.570 19.684  15.64  19991 13.5
2010-04-19  01:40:00  15 07 38.8  -17 40 21  +001825.6 -000968.3  02 21 39.8  215.585 18.403  20.48  18117 13.3
2010-04-19  01:50:00  15 30 33.5  -20 46 13  +002340.3 -001285.1  02 08 46.7  211.356 16.792  26.55  16108 13.1
2010-04-19  02:00:00  16 00 57.2  -24 58 34  +003217.7 -001782.1  01 48 24.7  205.253 14.522  34.48  13975 12.9

   Date        UTC        RA         DECL      RARate   DeclRate    HourAng      Az     Um    Phase  Range  Mag
2010-04-19  17:50:00  11 49 43.9  +00 07 53  +000448.3 -000043.2  21 52 14.0  139.200 35.937  31.98  37234 15.0
2010-04-19  18:00:00  11 54 40.6  +00 00 19  +000441.9 -000047.6  21 57 19.0  140.680 36.388  30.80  37506 15.0
2010-04-19  18:10:00  11 59 33.5  -00 07 60  +000437.0 -000052.0  22 02 27.7  142.201 36.816  29.63  37720 15.0
2010-04-19  18:20:00  12 04 23.6  -00 17 02  +000433.4 -000056.4  22 07 39.3  143.758 37.218  28.47  37877 15.0
2010-04-19  18:30:00  12 09 11.7  -00 26 48  +000431.2 -000060.8  22 12 52.8  145.347 37.591  27.31  37978 15.0
2010-04-19  18:40:00  12 13 58.8  -00 37 19  +000430.2 -000065.4  22 18 07.4  146.963 37.933  26.16  38023 15.0
2010-04-19  18:50:00  12 18 45.6  -00 48 36  +000430.4 -000070.0  22 23 22.3  148.601 38.240  25.00  38013 15.0
2010-04-19  19:00:00  12 23 32.9  -01 00 40  +000431.9 -000074.9  22 28 36.5  150.255 38.511  23.85  37948 14.9
2010-04-19  19:10:00  12 28 21.7  -01 13 34  +000434.7 -000080.0  22 33 49.4  151.920 38.743  22.68  37828 14.9
2010-04-19  19:20:00  12 33 12.9  -01 27 21  +000438.9 -000085.4  22 38 59.9  153.588 38.933  21.52  37653 14.9
2010-04-19  19:30:00  12 38 07.2  -01 42 03  +000444.4 -000091.2  22 44 07.2  155.255 39.081  20.32  37423 14.9
2010-04-19  19:40:00  12 43 05.8  -01 57 45  +000451.5 -000097.4  22 49 10.3  156.911 39.183  19.12  37136 14.9
2010-04-19  19:50:00  12 48 09.6  -02 14 32  +000460.2 -000104.1  22 54 08.1  158.550 39.237  17.89  36794 14.8
2010-04-19  20:00:00  12 53 19.8  -02 32 29  +000470.7 -000111.4  22 58 59.5  160.164 39.242  16.65  36395 14.8
2010-04-19  20:10:00  12 58 37.6  -02 51 43  +000483.2 -000119.5  23 03 43.4  161.743 39.196  15.37  35937 14.8
2010-04-19  20:20:00  13 04 04.5  -03 12 23  +000497.9 -000128.5  23 08 18.1  163.277 39.096  14.07  35421 14.7
2010-04-19  20:30:00  13 09 42.0  -03 34 36  +000515.1 -000138.5  23 12 42.3  164.756 38.942  12.73  34846 14.7
2010-04-19  20:40:00  13 15 31.9  -03 58 36  +000535.2 -000149.7  23 16 54.0  166.168 38.729  11.37  34208 14.6
2010-04-19  20:50:00  13 21 36.3  -04 24 35  +000558.8 -000162.4  23 20 51.2  167.501 38.457   9.96  33508 14.6
2010-04-19  21:00:00  13 27 57.8  -04 52 50  +000586.3 -000177.0  23 24 31.4  168.740 38.121   8.55  32744 14.5
2010-04-19  21:10:00  13 34 39.1  -05 23 42  +000618.7 -000193.7  23 27 51.7  169.868 37.718   7.14  31912 14.5
2010-04-19  21:20:00  13 41 44.0  -05 57 34  +000657.0 -000213.2  23 30 48.5  170.868 37.242   5.83  31012 14.4
2010-04-19  21:30:00  13 49 16.6  -06 34 58  +000702.4 -000236.2  23 33 17.5  171.718 36.687   4.80  30039 14.3
2010-04-19  21:40:00  13 57 22.5  -07 16 31  +000756.9 -000263.4  23 35 13.3  172.393 36.044   4.43  28993 14.3
2010-04-19  21:50:00  14 06 08.3  -08 03 04  +000823.0 -000296.2  23 36 29.1  172.862 35.299   5.07  27869 14.2
2010-04-19  22:00:00  14 15 43.0  -08 55 39  +000904.2 -000336.2  23 36 56.0  173.088 34.435   6.64  26664 14.1
2010-04-19  22:10:00  14 26 18.3  -09 55 40  +001005.5 -000385.8  23 36 22.4  173.024 33.427   8.88  25375 14.0
2010-04-19  22:20:00  14 38 09.7  -11 04 57  +001134.4 -000448.2  23 34 32.6  172.611 32.237  11.64  23997 13.9
2010-04-19  22:30:00  14 51 39.3  -12 26 02  +001302.4 -000528.2  23 31 04.7  171.772 30.811  14.95  22529 13.8
2010-04-19  22:40:00  15 07 18.7  -14 02 23  +001527.8 -000632.9  23 25 26.9  170.404 29.064  18.85  20968 13.6
2010-04-19  22:50:00  15 25 55.5  -15 58 53  +001841.2 -000772.3  23 16 51.8  168.367 26.866  23.55  19315 13.5
2010-04-19  23:00:00  15 48 44.4  -18 22 31  +002296.4 -000960.9  23 04 04.4  165.463 24.005  29.30  17575 13.3
2010-04-19  23:10:00  16 17 49.9  -21 22 49  +002993.8 -001215.2  22 45 00.6  161.413 20.129  36.55  15766 13.1
2010-04-19  23:20:00  16 56 51.5  -25 11 32  +004129.5 -001538.4  22 16 00.7  155.799 14.636  46.00  13932 13.0

   Date        UTC        RA         DECL      RARate   DeclRate    HourAng      Az     Um    Phase  Range  Mag
2010-04-20  18:00:00  13 33 19.1  -03 54 31  +000581.2 -000144.0  20 22 37.1  120.005 20.591   9.26  35806 14.7
2010-04-20  18:10:00  13 39 55.3  -04 19 30  +000608.1 -000156.0  20 26 02.5  121.003 20.765   8.10  35064 14.7
2010-04-20  18:20:00  13 46 50.9  -04 46 37  +000639.5 -000169.7  20 29 08.6  121.956 20.857   7.11  34260 14.6
2010-04-20  18:30:00  13 54 09.2  -05 16 10  +000676.4 -000185.3  20 31 51.9  122.853 20.853   6.40  33393 14.6
2010-04-20  18:40:00  14 01 54.2  -05 48 31  +000719.9 -000203.2  20 34 08.6  123.681 20.742   6.19  32461 14.5
2010-04-20  18:50:00  14 10 10.8  -06 24 05  +000771.5 -000224.1  20 35 53.6  124.425 20.507   6.64  31463 14.5
2010-04-20  19:00:00  14 19 05.0  -07 03 25  +000833.2 -000248.6  20 37 01.0  125.068 20.128   7.74  30396 14.4
2010-04-20  19:10:00  14 28 44.5  -07 47 12  +000907.7 -000277.7  20 37 23.2  125.589 19.579   9.42  29260 14.3
2010-04-20  19:20:00  14 39 18.9  -08 36 17  +000998.8 -000312.4  20 36 50.4  125.960 18.828  11.57  28052 14.2
2010-04-20  19:30:00  14 51 01.0  -09 31 44  +001111.6 -000354.3  20 35 10.0  126.151 17.832  14.18  26770 14.1
2010-04-20  19:40:00  15 04 07.5  -10 34 54  +001253.7 -000405.6  20 32 05.1  126.120 16.534  17.23  25415 14.0
2010-04-20  19:50:00  15 19 01.4  -11 47 35  +001436.1 -000468.9  20 27 12.9  125.815 14.858  20.80  23986 13.9
2010-04-20  20:00:00  15 36 14.7  -13 12 03  +001675.6 -000547.6  20 20 01.2  125.170 12.697  24.98  22485 13.8

   Date        UTC        RA         DECL      RARate   DeclRate    HourAng      Az     Um    Phase  Range  Mag
2010-04-21  19:50:00  07 41 29.0  -04 28 23  +002773.8 +000560.6  04 08 41.8  246.096 15.335  93.03  17390 14.5
2010-04-21  20:00:00  08 09 09.9  -03 08 26  +002239.3 +000407.9  03 51 02.5  243.368 19.128  86.57  19099 14.5
2010-04-21  20:10:00  08 31 48.9  -02 09 54  +001857.3 +000300.7  03 38 25.2  241.343 21.827  81.24  20762 14.5
2010-04-21  20:20:00  08 50 49.0  -01 26 30  +001576.3 +000224.1  03 29 26.7  239.871 23.753  76.75  22360 14.6
2010-04-21  20:30:00  09 07 06.1  -00 54 02  +001364.2 +000168.2  03 23 11.3  238.841 25.117  72.89  23883 14.6
2010-04-21  20:40:00  09 21 18.8  -00 29 39  +001200.3 +000126.5  03 19 00.2  238.168 26.061  69.52  25328 14.7
2010-04-21  20:50:00  09 33 54.5  -00 11 23  +001071.2 +000094.6  03 16 26.2  237.785 26.683  66.52  26694 14.8
2010-04-21  21:00:00  09 45 12.9  +00 02 14  +000967.5 +000069.8  03 15 09.4  237.642 27.054  63.83  27983 14.8
2010-04-21  21:10:00  09 55 28.8  +00 12 10  +000883.1 +000050.1  03 14 55.1  237.696 27.224  61.38  29197 14.8
2010-04-21  21:20:00  10 04 53.7  +00 19 09  +000813.5 +000034.3  03 15 31.9  237.913 27.229  59.14  30337 14.9
2010-04-21  21:30:00  10 13 36.2  +00 23 44  +000755.6 +000021.2  03 16 51.0  238.263 27.098  57.05  31406 14.9
2010-04-21  21:40:00  10 21 43.2  +00 26 21  +000706.9 +000010.3  03 18 45.6  238.725 26.852  55.11  32405 15.0
2010-04-21  21:50:00  10 29 20.4  +00 27 17  +000665.6 +000001.1  03 21 10.1  239.279 26.509  53.28  33337 15.0
2010-04-21  22:00:00  10 36 32.1  +00 26 47  +000630.5 -000006.8  03 24 00.0  239.909 26.081  51.56  34204 15.0
2010-04-21  22:10:00  10 43 22.2  +00 25 04  +000600.4 -000013.7  03 27 11.6  240.600 25.580  49.91  35006 15.1
2010-04-21  22:20:00  10 49 53.6  +00 22 15  +000574.6 -000019.8  03 30 41.8  241.341 25.015  48.34  35746 15.1
2010-04-21  22:30:00  10 56 09.2  +00 18 29  +000552.5 -000025.3  03 34 27.9  242.123 24.392  46.83  36425 15.1
2010-04-21  22:40:00  11 02 11.0  +00 13 50  +000533.4 -000030.4  03 38 27.7  242.937 23.720  45.38  37045 15.1
2010-04-21  22:50:00  11 08 01.0  +00 08 23  +000517.1 -000035.0  03 42 39.4  243.775 23.002  43.96  37605 15.1
2010-04-21  23:00:00  11 13 41.0  +00 02 11  +000503.1 -000039.3  03 47 01.0  244.631 22.244  42.59  38108 15.1
2010-04-21  23:10:00  11 19 12.3  -00 04 43  +000491.3 -000043.5  03 51 31.3  245.501 21.450  41.24  38553 15.1
2010-04-21  23:20:00  11 24 36.4  -00 12 18  +000481.3 -000047.5  03 56 08.9  246.378 20.623  39.94  38942 15.2
2010-04-21  23:30:00  11 29 54.5  -00 20 32  +000473.1 -000051.3  04 00 52.5  247.259 19.768  38.64  39274 15.2
2010-04-21  23:40:00  11 35 07.6  -00 29 25  +000466.5 -000055.2  04 05 41.0  248.140 18.887  37.37  39551 15.2
2010-04-21  23:50:00  11 40 16.8  -00 38 56  +000461.3 -000059.0  04 10 33.4  249.017 17.983  36.11  39771 15.2
2010-04-22  00:00:00  11 45 23.0  -00 49 06  +000457.6 -000062.9  04 15 28.8  249.888 17.059  34.86  39936 15.1
2010-04-22  00:10:00  11 50 27.2  -00 59 55  +000455.2 -000066.9  04 20 26.3  250.749 16.117  33.61  40045 15.1
2010-04-22  00:20:00  11 55 30.2  -01 11 25  +000454.1 -000071.1  04 25 24.9  251.597 15.160  32.38  40098 15.1
2010-04-22  00:30:00  12 00 32.9  -01 23 37  +000454.2 -000075.4  04 30 23.9  252.431 14.189  31.13  40095 15.1
2010-04-22  00:40:00  12 05 36.1  -01 36 33  +000455.6 -000079.9  04 35 22.3  253.247 13.208  29.89  40035 15.1
2010-04-22  00:50:00  12 10 40.7  -01 50 16  +000458.3 -000084.7  04 40 19.4  254.042 12.217  28.63  39917 15.1
2010-04-22  01:00:00  12 15 47.5  -02 04 49  +000462.4 -000089.9  04 45 14.2  254.815 11.220  27.37  39741 15.1
2010-04-22  01:10:00  12 20 57.5  -02 20 15  +000467.8 -000095.5  04 50 05.9  255.560 10.218  26.08  39506 15.0

   Date        UTC        RA         DECL      RARate   DeclRate    HourAng      Az     Um    Phase  Range  Mag
2010-04-22  18:00:00  09 47 27.8  -00 33 40  +001083.4 +000131.9  00 16 21.5  185.587 42.904  63.97  23997 14.5
2010-04-22  18:10:00  09 58 49.8  -00 14 40  +000967.1 +000097.7  00 15 01.1  185.157 43.242  61.29  25386 14.5
2010-04-22  18:20:00  10 09 02.7  -00 00 40  +000874.7 +000071.4  00 14 49.9  185.113 43.477  58.88  26683 14.6
2010-04-22  18:30:00  10 18 20.1  +00 09 27  +000799.9 +000050.8  00 15 34.1  185.382 43.634  56.68  27894 14.7
2010-04-22  18:40:00  10 26 52.3  +00 16 29  +000738.5 +000034.3  00 17 03.6  185.907 43.726  54.66  29021 14.7
2010-04-22  18:50:00  10 34 47.1  +00 21 02  +000687.6 +000020.8  00 19 10.4  186.644 43.762  52.78  30070 14.8
2010-04-22  19:00:00  10 42 10.9  +00 23 31  +000644.8 +000009.5  00 21 48.2  187.556 43.747  51.03  31042 14.8
2010-04-22  19:10:00  10 49 08.4  +00 24 18  +000608.7 +000000.1  00 24 52.4  188.614 43.685  49.36  31942 14.8
2010-04-22  19:20:00  10 55 43.7  +00 23 37  +000577.9 -000008.1  00 28 18.7  189.793 43.579  47.80  32773 14.9
2010-04-22  19:30:00  11 02 00.0  +00 21 39  +000551.7 -000015.2  00 32 04.0  191.072 43.429  46.29  33536 14.9
2010-04-22  19:40:00  11 08 00.2  +00 18 35  +000529.2 -000021.6  00 36 05.6  192.432 43.237  44.86  34233 14.9
2010-04-22  19:50:00  11 13 46.4  +00 14 30  +000509.9 -000027.3  00 40 21.0  193.857 43.003  43.47  34867 15.0
2010-04-22  20:00:00  11 19 20.7  +00 09 31  +000493.4 -000032.5  00 44 48.3  195.334 42.728  42.13  35440 15.0
2010-04-22  20:10:00  11 24 44.8  +00 03 42  +000479.3 -000037.3  00 49 25.8  196.850 42.412  40.83  35952 15.0
2010-04-22  20:20:00  11 30 00.2  -00 02 54  +000467.3 -000041.9  00 54 12.1  198.394 42.055  39.56  36406 15.0
2010-04-22  20:30:00  11 35 08.3  -00 10 15  +000457.2 -000046.2  00 59 05.6  199.956 41.659  38.31  36801 15.0
2010-04-22  20:40:00  11 40 10.3  -00 18 19  +000448.9 -000050.5  01 04 05.3  201.528 41.223  37.10  37139 15.0
2010-04-22  20:50:00  11 45 07.2  -00 27 04  +000442.1 -000054.6  01 09 10.0  203.100 40.750  35.89  37421 15.0
2010-04-22  21:00:00  11 50 00.1  -00 36 31  +000436.8 -000058.8  01 14 18.7  204.667 40.240  34.71  37647 15.0
2010-04-22  21:10:00  11 54 50.0  -00 46 40  +000432.9 -000062.9  01 19 30.5  206.220 39.693  33.52  37818 15.0
2010-04-22  21:20:00  11 59 37.7  -00 57 30  +000430.4 -000067.2  01 24 44.5  207.755 39.112  32.36  37934 15.0
2010-04-22  21:30:00  12 04 24.1  -01 09 04  +000429.1 -000071.5  01 29 59.7  209.265 38.498  31.18  37994 15.0
2010-04-22  21:40:00  12 09 10.0  -01 21 22  +000429.0 -000076.1  01 35 15.4  210.745 37.852  30.01  37999 15.0
2010-04-22  21:50:00  12 13 56.4  -01 34 26  +000430.2 -000080.8  01 40 30.7  212.191 37.176  28.83  37950 15.0
2010-04-22  22:00:00  12 18 43.9  -01 48 19  +000432.7 -000085.8  01 45 44.8  213.598 36.471  27.65  37844 15.0
2010-04-22  22:10:00  12 23 33.6  -02 03 04  +000436.5 -000091.2  01 50 56.8  214.961 35.740  26.45  37682 14.9
2010-04-22  22:20:00  12 28 26.2  -02 18 44  +000441.7 -000097.0  01 56 05.7  216.277 34.983  25.25  37464 14.9
2010-04-22  22:30:00  12 33 22.8  -02 35 25  +000448.3 -000103.2  02 01 10.8  217.541 34.204  24.01  37188 14.9
2010-04-22  22:40:00  12 38 24.3  -02 53 11  +000456.5 -000110.1  02 06 11.0  218.749 33.403  22.77  36854 14.9
2010-04-22  22:50:00  12 43 31.8  -03 12 09  +000466.3 -000117.6  02 11 05.2  219.896 32.583  21.48  36460 14.8
2010-04-22  23:00:00  12 48 46.4  -03 32 25  +000478.0 -000125.9  02 15 52.1  220.978 31.746  20.17  36005 14.8
2010-04-22  23:10:00  12 54 09.6  -03 54 09  +000491.9 -000135.2  02 20 30.6  221.988 30.894  18.81  35488 14.8
2010-04-22  23:20:00  12 59 42.8  -04 17 32  +000508.1 -000145.6  02 24 59.1  222.922 30.029  17.42  34907 14.7
2010-04-22  23:30:00  13 05 27.6  -04 42 46  +000527.0 -000157.4  02 29 15.9  223.772 29.152  15.97  34259 14.7
2010-04-22  23:40:00  13 11 26.1  -05 10 07  +000549.1 -000171.0  02 33 19.1  224.530 28.266  14.46  33543 14.6
2010-04-22  23:50:00  13 17 40.5  -05 39 53  +000574.9 -000186.6  02 37 06.3  225.186 27.373  12.88  32755 14.6
2010-04-23  00:00:00  13 24 13.6  -06 12 27  +000605.3 -000204.8  02 40 34.8  225.727 26.474  11.24  31893 14.5
2010-04-23  00:10:00  13 31 08.8  -06 48 19  +000641.2 -000226.2  02 43 41.3  226.140 25.571   9.49  30954 14.4
2010-04-23  00:20:00  13 38 30.0  -07 28 05  +000683.8 -000251.8  02 46 21.7  226.406 24.664   7.67  29934 14.3
2010-04-23  00:30:00  13 46 22.4  -08 12 32  +000735.1 -000282.6  02 48 30.9  226.501 23.756   5.75  28827 14.3
2010-04-23  00:40:00  13 54 52.5  -09 02 41  +000797.4 -000320.5  02 50 02.5  226.395 22.844   3.85  27630 14.2
2010-04-23  00:50:00  14 04 08.8  -09 59 54  +000874.4 -000367.8  02 50 47.9  226.049 21.927   2.48  26335 14.1
2010-04-23  01:00:00  14 14 22.6  -11 05 60  +000971.2 -000428.1  02 50 35.7  225.408 20.999   3.24  24938 13.9
2010-04-23  01:10:00  14 25 49.7  -12 23 35  +001095.8 -000506.7  02 49 10.3  224.398 20.050   5.73  23430 13.8
2010-04-23  01:20:00  14 38 52.5  -13 56 22  +001261.3 -000612.2  02 46 09.0  222.915 19.061   9.00  21804 13.7
2010-04-23  01:30:00  14 54 05.0  -15 49 54  +001489.5 -000758.7  02 40 58.2  220.804 17.993  12.98  20051 13.5
2010-04-23  01:40:00  15 12 20.7  -18 12 48  +001820.5 -000970.1  02 32 44.1  217.829 16.774  17.80  18163 13.3
2010-04-23  01:50:00  15 35 11.9  -21 19 09  +002335.0 -001289.5  02 19 54.6  213.610 15.257  23.86  16136 13.1
2010-04-23  02:00:00  16 05 32.8  -25 32 48  +003216.0 -001794.1  01 59 35.3  207.502 13.129  31.78  13979 12.8

   Date        UTC        RA         DECL      RARate   DeclRate    HourAng      Az     Um    Phase  Range  Mag
2010-04-23  18:00:00  11 59 42.6  -00 23 35  +000440.3 -000051.0  22 08 03.2  143.928 37.158  33.39  37460 15.0
2010-04-23  18:10:00  12 04 34.4  -00 32 26  +000435.3 -000055.2  22 13 13.1  145.492 37.538  32.22  37675 15.0
2010-04-23  18:20:00  12 09 23.4  -00 41 60  +000431.8 -000059.5  22 18 25.7  147.090 37.889  31.06  37834 15.0
2010-04-23  18:30:00  12 14 10.4  -00 52 17  +000429.5 -000063.9  22 23 40.4  148.719 38.210  29.90  37937 15.0
2010-04-23  18:40:00  12 18 56.3  -01 03 18  +000428.4 -000068.3  22 28 56.1  150.372 38.498  28.76  37984 15.0
2010-04-23  18:50:00  12 23 41.9  -01 15 04  +000428.7 -000072.9  22 34 12.1  152.045 38.750  27.60  37975 15.0
2010-04-23  19:00:00  12 28 28.1  -01 27 37  +000430.2 -000077.7  22 39 27.5  153.731 38.964  26.45  37912 15.0
2010-04-23  19:10:00  12 33 15.8  -01 40 59  +000433.0 -000082.8  22 44 41.5  155.425 39.139  25.28  37794 14.9
2010-04-23  19:20:00  12 38 05.7  -01 55 13  +000437.1 -000088.1  22 49 53.2  157.119 39.271  24.11  37620 14.9
2010-04-23  19:30:00  12 42 58.9  -02 10 23  +000442.6 -000093.8  22 55 01.7  158.807 39.360  22.91  37391 14.9
2010-04-23  19:40:00  12 47 56.2  -02 26 32  +000449.7 -000100.0  23 00 06.0  160.482 39.403  21.71  37107 14.9
2010-04-23  19:50:00  12 52 58.8  -02 43 45  +000458.3 -000106.7  23 05 05.1  162.135 39.398  20.47  36766 14.8
2010-04-23  20:00:00  12 58 07.7  -03 02 08  +000468.8 -000114.0  23 09 57.8  163.759 39.345  19.22  36368 14.8
2010-04-23  20:10:00  13 03 24.2  -03 21 48  +000481.2 -000122.1  23 14 42.9  165.343 39.241  17.93  35912 14.8
2010-04-23  20:20:00  13 08 49.8  -03 42 53  +000495.8 -000131.0  23 19 19.1  166.879 39.085  16.62  35397 14.7
2010-04-23  20:30:00  13 14 25.9  -04 05 33  +000513.0 -000141.0  23 23 44.6  168.355 38.875  15.25  34823 14.7
2010-04-23  20:40:00  13 20 14.3  -04 29 58  +000533.0 -000152.3  23 27 57.8  169.761 38.610  13.85  34186 14.7
2010-04-23  20:50:00  13 26 17.3  -04 56 23  +000556.5 -000165.0  23 31 56.5  171.083 38.286  12.40  33487 14.6
2010-04-23  21:00:00  13 32 37.2  -05 25 05  +000583.9 -000179.6  23 35 38.2  172.307 37.903  10.91  32722 14.6
2010-04-23  21:10:00  13 39 16.9  -05 56 23  +000616.2 -000196.4  23 39 00.2  173.418 37.455   9.36  31891 14.5
2010-04-23  21:20:00  13 46 20.0  -06 30 42  +000654.3 -000216.0  23 41 58.7  174.396 36.939   7.80  30990 14.4
2010-04-23  21:30:00  13 53 50.8  -07 08 34  +000699.6 -000239.0  23 44 29.5  175.222 36.348   6.27  30016 14.4
2010-04-23  21:40:00  14 01 54.7  -07 50 37  +000753.9 -000266.4  23 46 27.2  175.869 35.675   4.96  28968 14.3
2010-04-23  21:50:00  14 10 38.6  -08 37 42  +000819.8 -000299.5  23 47 45.1  176.307 34.906   4.28  27842 14.2
2010-04-23  22:00:00  14 20 11.1  -09 30 51  +000900.9 -000339.8  23 48 14.1  176.499 34.027   4.81  26634 14.1
2010-04-23  22:10:00  14 30 44.1  -10 31 28  +001002.1 -000389.7  23 47 42.8  176.398 33.011   6.53  25340 14.0
2010-04-23  22:20:00  14 42 33.2  -11 41 28  +001131.0 -000452.7  23 45 55.3  175.943 31.826   9.07  23958 13.9
2010-04-23  22:30:00  14 56 00.7  -13 03 22  +001299.4 -000533.7  23 42 29.5  175.054 30.416  12.27  22483 13.7
2010-04-23  22:40:00  15 11 38.4  -14 40 45  +001525.8 -000639.8  23 36 53.5  173.626 28.702  16.12  20913 13.6
2010-04-23  22:50:00  15 30 14.4  -16 38 36  +001841.5 -000781.7  23 28 19.1  171.512 26.555  20.79  19248 13.4
2010-04-23  23:00:00  15 53 05.2  -19 04 06  +002302.2 -000974.3  23 15 30.0  168.506 23.765  26.53  17494 13.3
2010-04-23  23:10:00  16 22 18.3  -22 07 09  +003012.9 -001235.3  22 56 18.5  164.310 19.982  33.80  15668 13.1
2010-04-23  23:20:00  17 01 41.6  -25 59 58  +004181.2 -001568.4  22 26 56.8  158.480 14.597  43.31  13814 12.9

   Date        UTC        RA         DECL      RARate   DeclRate    HourAng      Az     Um    Phase  Range  Mag
2010-04-24  18:00:00  13 38 33.5  -04 25 32  +000578.9 -000147.1  20 33 08.9  122.604 21.725  11.37  35668 14.7
2010-04-24  18:10:00  13 45 08.2  -04 51 03  +000605.9 -000159.2  20 36 35.9  123.624 21.877  10.02  34925 14.7
2010-04-24  18:20:00  13 52 02.3  -05 18 42  +000637.4 -000172.9  20 39 43.4  124.596 21.945   8.74  34121 14.6
2010-04-24  18:30:00  13 59 19.3  -05 48 48  +000674.5 -000188.6  20 42 28.0  125.509 21.920   7.57  33252 14.6
2010-04-24  18:40:00  14 07 03.1  -06 21 43  +000718.2 -000206.8  20 44 45.9  126.350 21.787   6.67  32319 14.5
2010-04-24  18:50:00  14 15 18.6  -06 57 53  +000770.0 -000227.8  20 46 32.0  127.104 21.530   6.25  31319 14.4
2010-04-24  19:00:00  14 24 12.0  -07 37 51  +000832.1 -000252.6  20 47 40.3  127.751 21.130   6.57  30251 14.4
2010-04-24  19:10:00  14 33 50.9  -08 22 19  +000907.2 -000281.9  20 48 03.0  128.270 20.562   7.69  29112 14.3
2010-04-24  19:20:00  14 44 25.3  -09 12 08  +000999.1 -000317.0  20 47 30.3  128.633 19.793   9.50  27900 14.2
2010-04-24  19:30:00  14 56 07.9  -10 08 23  +001113.1 -000359.5  20 45 49.3  128.807 18.781  11.90  26615 14.1
2010-04-24  19:40:00  15 09 15.9  -11 12 28  +001257.0 -000411.4  20 42 42.9  128.750 17.470  14.83  25256 14.0
2010-04-24  19:50:00  15 24 12.8  -12 26 11  +001442.1 -000475.6  20 37 47.7  128.408 15.781  18.34  23821 13.9
2010-04-24  20:00:00  15 41 31.4  -13 51 52  +001685.9 -000555.4  20 30 30.7  127.709 13.607  22.49  22314 13.8
2010-04-24  20:10:00  16 01 59.3  -15 32 26  +002015.5 -000654.9  20 20 04.4  126.560 10.794  27.45  20740 13.7

   Date        UTC        RA         DECL      RARate   DeclRate    HourAng      Az     Um    Phase  Range  Mag
2010-04-25  19:50:00  07 47 49.7  -04 22 05  +002740.4 +000526.2  04 18 07.3  248.037 13.919  95.04  17620 14.6
2010-04-25  20:00:00  08 15 12.9  -03 07 07  +002218.4 +000381.8  04 00 45.8  245.384 17.634  88.70  19327 14.6
2010-04-25  20:10:00  08 37 40.5  -02 12 25  +001843.8 +000280.4  03 48 19.8  243.415 20.280  83.45  20986 14.6
2010-04-25  20:20:00  08 56 33.2  -01 32 03  +001567.4 +000207.9  03 39 28.7  241.983 22.168  79.03  22580 14.7
2010-04-25  20:30:00  09 12 46.0  -01 02 14  +001358.4 +000154.8  03 33 17.6  240.976 23.500  75.20  24097 14.7
2010-04-25  20:40:00  09 26 55.5  -00 39 52  +001196.4 +000115.2  03 29 09.8  240.318 24.419  71.86  25540 14.8
2010-04-25  20:50:00  09 39 28.9  -00 23 17  +001068.5 +000085.1  03 26 38.0  239.942 25.018  68.89  26904 14.8
2010-04-25  21:00:00  09 50 45.8  -00 11 09  +000965.7 +000061.6  03 25 22.7  239.797 25.368  66.22  28191 14.9
2010-04-25  21:10:00  10 01 00.8  -00 02 30  +000882.0 +000042.9  03 25 09.3  239.843 25.517  63.78  29404 14.9
2010-04-25  21:20:00  10 10 25.1  +00 03 21  +000812.9 +000027.9  03 25 46.7  240.046 25.502  61.54  30543 14.9
2010-04-25  21:30:00  10 19 07.2  +00 06 56  +000755.2 +000015.5  03 27 06.2  240.379 25.352  59.46  31611 15.0
2010-04-25  21:40:00  10 27 14.2  +00 08 37  +000706.8 +000005.1  03 29 00.9  240.820 25.087  57.53  32609 15.0
2010-04-25  21:50:00  10 34 51.3  +00 08 44  +000665.7 -000003.6  03 31 25.4  241.350 24.725  55.70  33541 15.0
2010-04-25  22:00:00  10 42 03.2  +00 07 29  +000630.8 -000011.1  03 34 15.1  241.954 24.279  53.99  34407 15.1
2010-04-25  22:10:00  10 48 53.5  +00 05 05  +000600.8 -000017.7  03 37 26.5  242.619 23.761  52.34  35210 15.1
2010-04-25  22:20:00  10 55 25.3  +00 01 38  +000575.1 -000023.5  03 40 56.4  243.332 23.178  50.78  35950 15.1
2010-04-25  22:30:00  11 01 41.2  -00 02 44  +000553.1 -000028.7  03 44 42.1  244.086 22.540  49.26  36630 15.1
2010-04-25  22:40:00  11 07 43.4  -00 07 55  +000534.1 -000033.5  03 48 41.5  244.871 21.851  47.81  37249 15.2
2010-04-25  22:50:00  11 13 33.9  -00 13 53  +000517.8 -000037.9  03 52 52.7  245.681 21.118  46.39  37810 15.2
2010-04-25  23:00:00  11 19 14.4  -00 20 34  +000503.9 -000042.1  03 57 13.8  246.509 20.346  45.03  38313 15.2
2010-04-25  23:10:00  11 24 46.3  -00 27 55  +000492.1 -000046.1  04 01 43.6  247.350 19.538  43.68  38759 15.2
2010-04-25  23:20:00  11 30 11.0  -00 35 54  +000482.2 -000049.9  04 06 20.6  248.200 18.698  42.37  39148 15.2
2010-04-25  23:30:00  11 35 29.6  -00 44 32  +000474.0 -000053.6  04 11 03.5  249.055 17.831  41.07  39481 15.2
2010-04-25  23:40:00  11 40 43.4  -00 53 47  +000467.4 -000057.4  04 15 51.4  249.910 16.938  39.80  39757 15.2
2010-04-25  23:50:00  11 45 53.2  -01 03 39  +000462.3 -000061.1  04 20 43.2  250.762 16.024  38.54  39978 15.2
2010-04-26  00:00:00  11 51 00.1  -01 14 09  +000458.6 -000064.9  04 25 38.0  251.609 15.090  37.29  40143 15.2
2010-04-26  00:10:00  11 56 05.0  -01 25 17  +000456.2 -000068.8  04 30 34.7  252.447 14.138  36.04  40253 15.2
2010-04-26  00:20:00  12 01 08.7  -01 37 05  +000455.1 -000072.8  04 35 32.7  253.274 13.172  34.80  40306 15.2
2010-04-26  00:30:00  12 06 12.1  -01 49 33  +000455.3 -000077.0  04 40 30.9  254.087 12.194  33.55  40302 15.2
2010-04-26  00:40:00  12 11 16.1  -02 02 45  +000456.8 -000081.4  04 45 28.6  254.883 11.206  32.31  40242 15.1
2010-04-26  00:50:00  12 16 21.4  -02 16 43  +000459.5 -000086.2  04 50 24.9  255.660 10.209  31.04  40124 15.1

   Date        UTC        RA         DECL      RARate   DeclRate    HourAng      Az     Um    Phase  Range  Mag
2010-04-26  18:10:00  10 03 40.0  -00 27 35  +000969.6 +000088.4  00 25 57.1  188.858 42.797  63.86  25468 14.6
2010-04-26  18:20:00  10 13 54.4  -00 15 02  +000876.8 +000063.3  00 25 44.4  188.816 43.011  61.45  26764 14.7
2010-04-26  18:30:00  10 23 13.1  -00 06 11  +000801.8 +000043.6  00 26 27.3  189.081 43.138  59.25  27973 14.7
2010-04-26  18:40:00  10 31 46.5  -00 00 18  +000740.2 +000027.8  00 27 55.5  189.597 43.194  57.24  29100 14.8
2010-04-26  18:50:00  10 39 42.4  +00 03 13  +000689.0 +000014.9  00 30 01.3  190.321 43.190  55.35  30148 14.8
2010-04-26  19:00:00  10 47 07.0  +00 04 47  +000646.0 +000004.2  00 32 38.3  191.215 43.132  53.60  31121 14.9
2010-04-26  19:10:00  10 54 05.3  +00 04 42  +000609.7 -000004.9  00 35 41.7  192.250 43.023  51.94  32022 14.9
2010-04-26  19:20:00  11 00 41.3  +00 03 14  +000578.9 -000012.7  00 39 07.4  193.402 42.868  50.37  32854 14.9
2010-04-26  19:30:00  11 06 58.2  +00 00 33  +000552.5 -000019.5  00 42 52.1  194.649 42.667  48.87  33618 14.9
2010-04-26  19:40:00  11 12 58.8  -00 03 13  +000529.9 -000025.5  00 46 53.1  195.974 42.423  47.43  34317 15.0
2010-04-26  19:50:00  11 18 45.5  -00 07 56  +000510.6 -000031.0  00 51 08.0  197.360 42.135  46.04  34953 15.0
2010-04-26  20:00:00  11 24 20.3  -00 13 31  +000494.0 -000036.0  00 55 35.0  198.795 41.806  44.71  35528 15.0
2010-04-26  20:10:00  11 29 44.7  -00 19 54  +000479.8 -000040.6  01 00 12.1  200.265 41.437  43.40  36042 15.0
2010-04-26  20:20:00  11 35 00.5  -00 27 03  +000467.8 -000045.0  01 04 58.0  201.761 41.027  42.13  36498 15.0
2010-04-26  20:30:00  11 40 08.9  -00 34 54  +000457.7 -000049.2  01 09 51.2  203.272 40.578  40.88  36896 15.0
2010-04-26  20:40:00  11 45 11.2  -00 43 27  +000449.3 -000053.3  01 14 50.6  204.790 40.091  39.67  37236 15.0
2010-04-26  20:50:00  11 50 08.4  -00 52 40  +000442.5 -000057.3  01 19 55.1  206.307 39.567  38.46  37521 15.1
2010-04-26  21:00:00  11 55 01.5  -01 02 33  +000437.2 -000061.3  01 25 03.5  207.817 39.007  37.27  37750 15.1
2010-04-26  21:10:00  11 59 51.6  -01 13 07  +000433.3 -000065.4  01 30 15.1  209.313 38.413  36.09  37923 15.0
2010-04-26  21:20:00  12 04 39.5  -01 24 21  +000430.7 -000069.5  01 35 28.8  210.789 37.785  34.92  38041 15.0
2010-04-26  21:30:00  12 09 26.1  -01 36 18  +000429.3 -000073.8  01 40 43.9  212.241 37.127  33.74  38104 15.0
2010-04-26  21:40:00  12 14 12.2  -01 48 57  +000429.3 -000078.2  01 45 59.4  213.663 36.438  32.57  38112 15.0
2010-04-26  21:50:00  12 18 58.7  -02 02 23  +000430.4 -000082.9  01 51 14.6  215.050 35.721  31.39  38064 15.0
2010-04-26  22:00:00  12 23 46.4  -02 16 36  +000432.9 -000087.8  01 56 28.5  216.400 34.977  30.21  37961 15.0
2010-04-26  22:10:00  12 28 36.2  -02 31 40  +000436.7 -000093.1  02 01 40.4  217.707 34.209  29.00  37801 15.0
2010-04-26  22:20:00  12 33 29.0  -02 47 39  +000441.8 -000098.8  02 06 49.3  218.968 33.417  27.80  37585 15.0
2010-04-26  22:30:00  12 38 25.6  -03 04 37  +000448.4 -000105.0  02 11 54.3  220.179 32.605  26.56  37311 14.9
2010-04-26  22:40:00  12 43 27.1  -03 22 40  +000456.5 -000111.7  02 16 54.4  221.336 31.773  25.31  36979 14.9
2010-04-26  22:50:00  12 48 34.6  -03 41 54  +000466.3 -000119.1  02 21 48.5  222.433 30.925  24.02  36587 14.9
2010-04-26  23:00:00  12 53 49.3  -04 02 25  +000478.0 -000127.4  02 26 35.5  223.468 30.061  22.71  36133 14.8
2010-04-26  23:10:00  12 59 12.4  -04 24 24  +000491.7 -000136.5  02 31 14.1  224.434 29.184  21.34  35617 14.8
2010-04-26  23:20:00  13 04 45.4  -04 48 00  +000507.8 -000146.9  02 35 42.7  225.325 28.296  19.95  35037 14.7
2010-04-26  23:30:00  13 10 30.0  -05 13 26  +000526.7 -000158.6  02 39 59.7  226.135 27.399  18.49  34390 14.7
2010-04-26  23:40:00  13 16 28.3  -05 40 58  +000548.6 -000172.0  02 44 03.1  226.856 26.495  16.98  33674 14.6
2010-04-26  23:50:00  13 22 42.4  -06 10 54  +000574.3 -000187.5  02 47 50.6  227.477 25.586  15.39  32887 14.6
2010-04-27  00:00:00  13 29 15.0  -06 43 37  +000604.5 -000205.6  02 51 19.6  227.988 24.674  13.72  32025 14.5
2010-04-27  00:10:00  13 36 09.6  -07 19 36  +000640.2 -000226.8  02 54 26.7  228.373 23.760  11.96  31085 14.4
2010-04-27  00:20:00  13 43 30.0  -07 59 27  +000682.5 -000252.2  02 57 07.9  228.615 22.846  10.09  30064 14.4
2010-04-27  00:30:00  13 51 21.4  -08 43 58  +000733.4 -000282.8  02 59 18.1  228.690 21.933   8.09  28955 14.3
2010-04-27  00:40:00  13 59 50.3  -09 34 07  +000795.3 -000320.4  03 00 50.9  228.568 21.021   5.98  27756 14.2
2010-04-27  00:50:00  14 09 05.0  -10 31 16  +000871.6 -000367.3  03 01 37.9  228.211 20.109   3.80  26458 14.1
2010-04-27  01:00:00  14 19 16.7  -11 37 15  +000967.6 -000427.1  03 01 27.8  227.565 19.192   2.17  25057 14.0
2010-04-27  01:10:00  14 30 41.1  -12 54 37  +001091.2 -000505.1  03 00 05.0  226.556 18.262   3.34  23544 13.8
2010-04-27  01:20:00  14 43 40.4  -14 27 05  +001255.2 -000609.9  02 57 07.4  225.083 17.302   6.39  21911 13.7
2010-04-27  01:30:00  14 58 48.1  -16 20 09  +001481.2 -000755.4  02 52 01.3  222.990 16.278  10.31  20149 13.5
2010-04-27  01:40:00  15 16 57.4  -18 42 27  +001809.1 -000965.9  02 43 53.7  220.043 15.125  15.09  18250 13.3
2010-04-27  01:50:00  15 39 39.5  -21 48 03  +002318.9 -001284.8  02 31 13.2  215.861 13.709  21.12  16207 13.1

   Date        UTC        RA         DECL      RARate   DeclRate    HourAng      Az     Um    Phase  Range  Mag
2010-04-27  18:10:00  12 09 37.7  -00 58 18  +000434.1 -000058.4  22 23 56.0  148.842 38.139  34.78  37632 15.0
2010-04-27  18:20:00  12 14 25.8  -01 08 23  +000430.5 -000062.6  22 29 09.5  150.476 38.437  33.63  37793 15.0
2010-04-27  18:30:00  12 19 12.0  -01 19 11  +000428.2 -000066.9  22 34 25.0  152.138 38.702  32.47  37898 15.0
2010-04-27  18:40:00  12 23 57.0  -01 30 41  +000427.1 -000071.2  22 39 41.6  153.823 38.934  31.32  37948 15.0
2010-04-27  18:50:00  12 28 41.8  -01 42 56  +000427.3 -000075.8  22 44 58.5  155.524 39.128  30.16  37942 15.0
2010-04-27  19:00:00  12 33 27.1  -01 55 57  +000428.8 -000080.5  22 50 14.8  157.235 39.284  29.01  37881 15.0
2010-04-27  19:10:00  12 38 13.8  -02 09 47  +000431.6 -000085.5  22 55 29.7  158.950 39.399  27.84  37766 15.0
2010-04-27  19:20:00  12 43 02.8  -02 24 28  +000435.7 -000090.8  23 00 42.4  160.663 39.471  26.66  37595 14.9
2010-04-27  19:30:00  12 47 55.0  -02 40 04  +000441.2 -000096.5  23 05 51.8  162.365 39.499  25.47  37369 14.9
2010-04-27  19:40:00  12 52 51.4  -02 56 39  +000448.2 -000102.6  23 10 57.1  164.050 39.482  24.26  37087 14.9
2010-04-27  19:50:00  12 57 52.9  -03 14 17  +000456.8 -000109.2  23 15 57.2  165.709 39.418  23.02  36748 14.9
2010-04-27  20:00:00  13 03 00.8  -03 33 05  +000467.1 -000116.5  23 20 51.0  167.334 39.305  21.76  36353 14.8
2010-04-27  20:10:00  13 08 16.2  -03 53 10  +000479.5 -000124.6  23 25 37.2  168.916 39.143  20.46  35899 14.8
2010-04-27  20:20:00  13 13 40.6  -04 14 40  +000494.0 -000133.5  23 30 14.5  170.445 38.931  19.14  35387 14.8
2010-04-27  20:30:00  13 19 15.5  -04 37 43  +000511.1 -000143.4  23 34 41.2  171.911 38.666  17.76  34814 14.7
2010-04-27  20:40:00  13 25 02.7  -05 02 33  +000531.1 -000154.7  23 38 55.7  173.303 38.348  16.34  34179 14.7
2010-04-27  20:50:00  13 31 04.2  -05 29 22  +000554.4 -000167.4  23 42 55.7  174.608 37.975  14.85  33481 14.6
2010-04-27  21:00:00  13 37 22.7  -05 58 27  +000581.7 -000182.0  23 46 38.9  175.812 37.544  13.32  32718 14.6
2010-04-27  21:10:00  13 44 00.9  -06 30 09  +000613.8 -000198.8  23 50 02.4  176.900 37.054  11.71  31888 14.5
2010-04-27  21:20:00  13 51 02.3  -07 04 52  +000651.7 -000218.4  23 53 02.6  177.853 36.499  10.04  30987 14.4
2010-04-27  21:30:00  13 58 31.3  -07 43 09  +000696.7 -000241.5  23 55 35.2  178.651 35.875   8.31  30014 14.4
2010-04-27  21:40:00  14 06 33.2  -08 25 37  +000750.8 -000268.9  23 57 35.0  179.269 35.173   6.58  28966 14.3
2010-04-27  21:50:00  14 15 14.9  -09 13 06  +000816.4 -000302.0  23 58 54.9  179.676 34.384   4.98  27838 14.2
2010-04-27  22:00:00  14 24 45.1  -10 06 41  +000897.1 -000342.5  23 59 26.4  179.835 33.491   4.03  26628 14.1
2010-04-27  22:10:00  14 35 15.4  -11 07 47  +000997.9 -000392.7  23 58 57.7  179.698 32.472   4.58  25332 14.0
2010-04-27  22:20:00  14 47 01.7  -12 18 18  +001126.5 -000456.0  23 57 13.1  179.205 31.294   6.62  23946 13.9
2010-04-27  22:30:00  15 00 26.0  -13 40 47  +001294.6 -000537.5  23 53 50.4  178.274 29.907   9.63  22465 13.7
2010-04-27  22:40:00  15 16 00.4  -15 18 53  +001520.9 -000644.6  23 48 17.6  176.796 28.232  13.40  20888 13.6
2010-04-27  22:50:00  15 34 33.5  -17 17 39  +001837.4 -000788.0  23 39 46.2  174.620 26.145  18.04  19215 13.4
2010-04-27  23:00:00  15 57 22.2  -19 44 23  +002300.9 -000983.4  23 26 59.1  171.531 23.442  23.75  17449 13.3
2010-04-27  23:10:00  16 26 36.7  -22 49 20  +003019.8 -001249.4  23 07 46.3  167.215 19.776  31.01  15607 13.1
2010-04-27  23:20:00  17 06 11.1  -26 45 11  +004211.7 -001591.1  22 38 13.5  161.203 14.541  40.54  13733 12.9

   Date        UTC        RA         DECL      RARate   DeclRate    HourAng      Az     Um    Phase  Range  Mag
2010-04-28  18:10:00  13 50 25.9  -05 24 03  +000604.2 -000162.4  20 47 04.3  126.284 22.904  12.11  34792 14.7
2010-04-28  18:20:00  13 57 19.0  -05 52 15  +000635.9 -000176.2  20 50 12.9  127.274 22.947  10.67  33987 14.6
2010-04-28  18:30:00  14 04 35.0  -06 22 54  +000673.1 -000192.0  20 52 58.5  128.201 22.896   9.23  33119 14.6
2010-04-28  18:40:00  14 12 17.9  -06 56 23  +000717.0 -000210.2  20 55 17.3  129.053 22.739   7.90  32185 14.5
2010-04-28  18:50:00  14 20 32.7  -07 33 09  +000769.1 -000231.5  20 57 04.1  129.812 22.459   6.80  31185 14.4
2010-04-28  19:00:00  14 29 25.6  -08 13 45  +000831.5 -000256.4  20 58 12.9  130.461 22.038   6.21  30115 14.4
2010-04-28  19:10:00  14 39 04.3  -08 58 52  +000907.1 -000286.0  20 58 35.8  130.976 21.449   6.47  28975 14.3
2010-04-28  19:20:00  14 49 38.8  -09 49 24  +000999.7 -000321.4  20 58 02.9  131.327 20.662   7.69  27762 14.2
2010-04-28  19:30:00  15 01 22.2  -10 46 25  +001114.8 -000364.3  20 56 21.2  131.482 19.634   9.75  26474 14.1
2010-04-28  19:40:00  15 14 31.9  -11 51 22  +001260.3 -000416.8  20 53 13.2  131.395 18.310  12.51  25111 14.0
2010-04-28  19:50:00  15 29 31.7  -13 06 02  +001447.9 -000481.7  20 48 14.9  131.011 16.610  15.92  23673 13.9
2010-04-28  20:00:00  15 46 55.5  -14 32 48  +001695.6 -000562.5  20 40 52.9  130.256 14.428  20.02  22161 13.7
2010-04-28  20:10:00  16 07 31.8  -16 14 37  +002031.7 -000663.1  20 30 18.2  129.032 11.608  24.98  20581 13.6

   Date        UTC        RA         DECL      RARate   DeclRate    HourAng      Az     Um    Phase  Range  Mag
2010-04-29  19:50:00  07 53 45.4  -04 16 39  +002709.7 +000493.3  04 27 57.8  250.021 12.404  97.16  17857 14.7
2010-04-29  20:00:00  08 20 52.4  -03 06 29  +002199.5 +000356.7  04 10 52.4  247.433 16.045  90.94  19560 14.7
2010-04-29  20:10:00  08 43 15.0  -02 16 13  +001833.3 +000260.5  03 58 31.5  245.487 18.645  85.74  21205 14.7
2010-04-29  20:20:00  09 02 02.3  -01 38 50  +001561.1 +000191.9  03 49 45.9  244.085 20.498  81.37  22794 14.7
2010-04-29  20:30:00  09 18 11.3  -01 11 14  +001354.6 +000141.8  03 43 38.5  243.099 21.805  77.58  24310 14.8
2010-04-29  20:40:00  09 32 18.8  -00 50 52  +001194.3 +000104.3  03 39 32.6  242.450 22.702  74.26  25748 14.8
2010-04-29  20:50:00  09 44 51.2  -00 35 58  +001067.5 +000075.7  03 37 01.9  242.074 23.282  71.30  27110 14.9
2010-04-29  21:00:00  09 56 07.7  -00 25 16  +000965.4 +000053.5  03 35 47.0  241.923 23.613  68.65  28395 14.9
2010-04-29  21:10:00  10 06 22.7  -00 17 53  +000882.2 +000035.8  03 35 33.7  241.957 23.745  66.21  29606 15.0
2010-04-29  21:20:00  10 15 47.3  -00 13 10  +000813.5 +000021.5  03 36 10.7  242.143 23.713  63.99  30743 15.0
2010-04-29  21:30:00  10 24 30.0  -00 10 35  +000756.1 +000009.8  03 37 29.7  242.456 23.546  61.91  31810 15.0
2010-04-29  21:40:00  10 32 37.5  -00 09 47  +000707.8 +000000.0  03 39 23.8  242.874 23.265  59.98  32808 15.1
2010-04-29  21:50:00  10 40 15.4  -00 10 30  +000666.9 -000008.3  03 41 47.5  243.379 22.888  58.15  33739 15.1
2010-04-29  22:00:00  10 47 28.1  -00 12 29  +000632.1 -000015.4  03 44 36.5  243.957 22.427  56.44  34605 15.1
2010-04-29  22:10:00  10 54 19.3  -00 15 34  +000602.2 -000021.6  03 47 46.9  244.594 21.893  54.79  35407 15.2
2010-04-29  22:20:00  11 00 52.0  -00 19 39  +000576.6 -000027.1  03 51 15.8  245.279 21.296  53.22  36147 15.2
2010-04-29  22:30:00  11 07 08.9  -00 24 36  +000554.6 -000032.1  03 55 00.6  246.004 20.644  51.71  36827 15.2
2010-04-29  22:40:00  11 13 12.2  -00 30 20  +000535.6 -000036.7  03 58 59.0  246.760 19.942  50.26  37447 15.2
2010-04-29  22:50:00  11 19 03.7  -00 36 48  +000519.4 -000040.9  04 03 09.1  247.541 19.196  48.83  38008 15.2
2010-04-29  23:00:00  11 24 45.2  -00 43 57  +000505.5 -000044.9  04 07 29.2  248.341 18.412  47.47  38511 15.2
2010-04-29  23:10:00  11 30 18.2  -00 51 45  +000493.7 -000048.7  04 11 57.9  249.155 17.593  46.11  38956 15.2
2010-04-29  23:20:00  11 35 44.0  -01 00 10  +000483.9 -000052.3  04 16 33.8  249.978 16.743  44.80  39346 15.2
2010-04-29  23:30:00  11 41 03.7  -01 09 12  +000475.7 -000055.9  04 21 15.6  250.806 15.866  43.50  39678 15.2
2010-04-29  23:40:00  11 46 18.6  -01 18 49  +000469.2 -000059.5  04 26 02.4  251.636 14.964  42.23  39955 15.2
2010-04-29  23:50:00  11 51 29.6  -01 29 03  +000464.1 -000063.1  04 30 53.0  252.464 14.041  40.96  40176 15.2
2010-04-30  00:00:00  11 56 37.7  -01 39 52  +000460.4 -000066.8  04 35 46.6  253.287 13.099  39.71  40341 15.2
2010-04-30  00:10:00  12 01 43.8  -01 51 19  +000458.0 -000070.6  04 40 42.1  254.103 12.141  38.45  40450 15.2
2010-04-30  00:20:00  12 06 48.7  -02 03 25  +000457.0 -000074.5  04 45 38.8  254.908 11.169  37.21  40502 15.2
2010-04-30  00:30:00  12 11 53.4  -02 16 10  +000457.2 -000078.6  04 50 35.8  255.701 10.185  35.96  40498 15.2

   Date        UTC        RA         DECL      RARate   DeclRate    HourAng      Az     Um    Phase  Range  Mag
2010-04-30  18:10:00  10 08 15.9  -00 41 22  +000973.0 +000079.2  00 37 07.5  192.576 42.211  66.48  25559 14.7
2010-04-30  18:20:00  10 18 32.5  -00 30 17  +000880.0 +000055.3  00 36 52.5  192.530 42.403  64.08  26851 14.7
2010-04-30  18:30:00  10 27 53.3  -00 22 42  +000804.6 +000036.5  00 37 33.4  192.784 42.502  61.87  28059 14.8
2010-04-30  18:40:00  10 36 28.4  -00 17 55  +000742.7 +000021.4  00 38 59.9  193.284 42.525  59.86  29184 14.8
2010-04-30  18:50:00  10 44 25.9  -00 15 24  +000691.3 +000009.2  00 41 04.0  193.985 42.482  57.97  30232 14.9
2010-04-30  19:00:00  10 51 52.1  -00 14 45  +000648.2 -000001.1  00 43 39.5  194.852 42.381  56.22  31205 14.9
2010-04-30  19:10:00  10 58 51.7  -00 15 40  +000611.7 -000009.7  00 46 41.5  195.857 42.228  54.55  32106 14.9
2010-04-30  19:20:00  11 05 28.9  -00 17 55  +000580.7 -000017.1  00 50 06.0  196.973 42.025  52.98  32938 15.0
2010-04-30  19:30:00  11 11 47.0  -00 21 20  +000554.2 -000023.6  00 53 49.5  198.181 41.776  51.47  33703 15.0
2010-04-30  19:40:00  11 17 48.7  -00 25 45  +000531.5 -000029.4  00 57 49.4  199.463 41.481  50.04  34403 15.0
2010-04-30  19:50:00  11 23 36.5  -00 31 06  +000512.1 -000034.6  01 02 03.3  200.804 41.144  48.64  35040 15.0
2010-04-30  20:00:00  11 29 12.1  -00 37 16  +000495.4 -000039.4  01 06 29.3  202.189 40.764  47.30  35617 15.1
2010-04-30  20:10:00  11 34 37.6  -00 44 12  +000481.2 -000043.8  01 11 05.5  203.607 40.344  45.99  36133 15.1
2010-04-30  20:20:00  11 39 54.2  -00 51 52  +000469.1 -000048.1  01 15 50.5  205.048 39.884  44.72  36590 15.1
2010-04-30  20:30:00  11 45 03.5  -01 00 13  +000458.9 -000052.1  01 20 42.9  206.503 39.386  43.47  36990 15.1
2010-04-30  20:40:00  11 50 06.5  -01 09 14  +000450.5 -000056.1  01 25 41.5  207.963 38.851  42.25  37332 15.1
2010-04-30  20:50:00  11 55 04.5  -01 18 54  +000443.7 -000059.9  01 30 45.1  209.421 38.280  41.03  37619 15.1
2010-04-30  21:00:00  11 59 58.5  -01 29 13  +000438.3 -000063.8  01 35 52.8  210.871 37.674  39.84  37849 15.1
2010-04-30  21:10:00  12 04 49.3  -01 40 11  +000434.4 -000067.8  01 41 03.6  212.306 37.036  38.65  38024 15.1
2010-04-30  21:20:00  12 09 37.9  -01 51 49  +000431.8 -000071.8  01 46 16.6  213.722 36.366  37.48  38144 15.1
2010-04-30  21:30:00  12 14 25.3  -02 04 08  +000430.4 -000076.0  01 51 31.0  215.113 35.667  36.30  38209 15.1
2010-04-30  21:40:00  12 19 12.1  -02 17 09  +000430.3 -000080.3  01 56 45.7  216.475 34.939  35.13  38219 15.1
2010-04-30  21:50:00  12 23 59.3  -02 30 55  +000431.5 -000084.9  02 02 00.2  217.804 34.185  33.94  38173 15.0
2010-04-30  22:00:00  12 28 47.8  -02 45 27  +000434.0 -000089.7  02 07 13.4  219.096 33.407  32.75  38071 15.0
2010-04-30  22:10:00  12 33 38.2  -03 00 51  +000437.7 -000094.9  02 12 24.5  220.346 32.605  31.54  37914 15.0
2010-04-30  22:20:00  12 38 31.7  -03 17 08  +000442.8 -000100.5  02 17 32.7  221.552 31.783  30.33  37699 15.0
2010-04-30  22:30:00  12 43 29.0  -03 34 23  +000449.4 -000106.6  02 22 37.0  222.710 30.941  29.09  37426 15.0
2010-04-30  22:40:00  12 48 31.2  -03 52 42  +000457.5 -000113.3  02 27 36.5  223.815 30.083  27.83  37095 14.9
2010-04-30  22:50:00  12 53 39.4  -04 12 11  +000467.3 -000120.7  02 32 29.9  224.863 29.209  26.54  36704 14.9
2010-04-30  23:00:00  12 58 54.8  -04 32 58  +000479.0 -000128.8  02 37 16.2  225.850 28.322  25.22  36251 14.9
2010-04-30  23:10:00  13 04 18.5  -04 55 11  +000492.7 -000137.9  02 41 54.1  226.770 27.424  23.85  35735 14.8
2010-04-30  23:20:00  13 09 52.2  -05 19 01  +000508.8 -000148.2  02 46 22.1  227.618 26.517  22.45  35155 14.8
2010-04-30  23:30:00  13 15 37.5  -05 44 39  +000527.6 -000159.8  02 50 38.4  228.388 25.603  20.98  34508 14.7
2010-04-30  23:40:00  13 21 36.3  -06 12 23  +000549.5 -000173.2  02 54 41.2  229.071 24.684  19.46  33792 14.7
2010-04-30  23:50:00  13 27 51.0  -06 42 29  +000575.2 -000188.5  02 58 28.2  229.657 23.763  17.86  33004 14.6
2010-05-01  00:00:00  13 34 24.3  -07 15 22  +000605.4 -000206.5  03 01 56.6  230.135 22.841  16.19  32141 14.5
2010-05-01  00:10:00  13 41 19.3  -07 51 29  +000640.9 -000227.6  03 05 03.2  230.490 21.920  14.40  31199 14.5
2010-05-01  00:20:00  13 48 40.3  -08 31 27  +000683.2 -000252.8  03 07 43.9  230.705 21.002  12.52  30176 14.4
2010-05-01  00:30:00  13 56 32.1  -09 16 02  +000734.0 -000283.2  03 09 53.7  230.756 20.088  10.48  29065 14.3
2010-05-01  00:40:00  14 05 01.3  -10 06 14  +000795.7 -000320.6  03 11 26.1  230.614 19.178   8.31  27862 14.2
2010-05-01  00:50:00  14 14 16.2  -11 03 24  +000871.9 -000367.2  03 12 12.9  230.240 18.273   5.94  26560 14.1
2010-05-01  01:00:00  14 24 28.0  -12 09 21  +000967.6 -000426.7  03 12 02.7  229.582 17.370   3.46  25154 14.0
2010-05-01  01:10:00  14 35 52.2  -13 26 38  +001090.8 -000504.3  03 10 40.1  228.566 16.460   1.74  23635 13.8
2010-05-01  01:20:00  14 48 51.1  -14 58 56  +001254.3 -000608.7  03 07 42.9  227.089 15.531   3.91  21994 13.7
2010-05-01  01:30:00  15 03 58.1  -16 51 46  +001479.7 -000753.8  03 02 37.6  224.999 14.552   7.75  20222 13.5
2010-05-01  01:40:00  15 22 06.1  -19 13 45  +001806.8 -000964.0  02 54 31.2  222.061 13.464  12.53  18310 13.3
