ЭФЕМЕРИДЫ ПО ОБЪЕКТУ:  95382
Для пункта:  10016 Маяки   46 23'50.68"   30 16'17.74"    14m
C   2010-04-15 12:00
по  2010-05-01 12:00
Шаг  0:10:00
Мин.угол места:          10 град
Макс.угол места Солнца: -10 град
Стандартный блеск :      8.2 (зв.вел.)

ОБОЗНАЧЕНИЯ
RA        прямое восхождение, тек.эпоха
DECL      склонение, тек.эпоха
RARate    скорость по пр.восх., арксек/мин
DeclRate  скорость по склонению, арксек/мин
HourAng   часовой угол
Az        азимут
Um        угол места
Phase     фазовый угол
Range     дальность
Mag       зв.величина (оценка)

   Date        UTC        RA         DECL      RARate   DeclRate    HourAng      Az     Um    Phase  Range  Mag
2010-04-16  17:50:00  04 57 32.5  -04 35 23  +002120.3 +000345.6  04 32 35.8  250.708 11.415 128.34  24128 16.7
2010-04-16  18:00:00  05 20 38.1  -03 39 51  +002035.9 +000320.4  04 19 31.9  248.781 14.233 123.07  24475 16.5
2010-04-16  18:10:00  05 42 46.9  -02 48 43  +001950.5 +000293.1  04 07 24.7  246.934 16.823 117.91  24875 16.2
2010-04-16  18:20:00  06 03 58.9  -02 02 13  +001865.6 +000264.9  03 56 14.3  245.171 19.185 112.92  25319 16.0
2010-04-16  18:30:00  06 24 14.9  -01 20 26  +001782.4 +000236.7  03 46 00.0  243.497 21.321 108.10  25801 15.9
2010-04-16  18:40:00  06 43 36.2  -00 43 16  +001702.0 +000209.2  03 36 40.3  241.916 23.240 103.48  26314 15.8
2010-04-16  18:50:00  07 02 04.9  -00 10 37  +001624.9 +000182.9  03 28 13.2  240.432 24.950  99.04  26851 15.6
2010-04-16  19:00:00  07 19 43.6  +00 17 46  +001551.6 +000158.0  03 20 36.2  239.047 26.465  94.80  27406 15.5
2010-04-16  19:10:00  07 36 34.7  +00 42 09  +001482.4 +000134.8  03 13 46.8  237.764 27.796  90.73  27975 15.5
2010-04-16  19:20:00  07 52 41.0  +01 02 48  +001417.3 +000113.3  03 07 42.1  236.583 28.957  86.84  28553 15.4
2010-04-16  19:30:00  08 08 05.4  +01 19 59  +001356.4 +000093.5  03 02 19.3  235.505 29.961  83.11  29135 15.3
2010-04-16  19:40:00  08 22 50.6  +01 34 02  +001299.7 +000075.3  02 57 35.8  234.529 30.822  79.54  29718 15.3
2010-04-16  19:50:00  08 36 59.2  +01 45 11  +001246.8 +000058.8  02 53 28.8  233.653 31.551  76.10  30298 15.2
2010-04-16  20:00:00  08 50 33.9  +01 53 43  +001197.7 +000043.7  02 49 55.8  232.876 32.160  72.82  30874 15.2
2010-04-16  20:10:00  09 03 37.0  +01 59 51  +001152.2 +000030.0  02 46 54.3  232.193 32.659  69.64  31442 15.2
2010-04-16  20:20:00  09 16 11.0  +02 03 48  +001110.0 +000017.6  02 44 22.0  231.602 33.059  66.60  32001 15.1
2010-04-16  20:30:00  09 28 17.8  +02 05 46  +001071.0 +000006.3  02 42 16.8  231.098 33.367  63.65  32549 15.1
2010-04-16  20:40:00  09 39 59.7  +02 05 56  +001035.0 -000004.0  02 40 36.5  230.677 33.593  60.81  33084 15.1
2010-04-16  20:50:00  09 51 18.4  +02 04 29  +001001.6 -000013.4  02 39 19.5  230.335 33.744  58.06  33604 15.1
2010-04-16  21:00:00  10 02 15.8  +02 01 31  +000970.8 -000021.9  02 38 23.7  230.067 33.825  55.40  34110 15.1
2010-04-16  21:10:00  10 12 53.4  +01 57 12  +000942.4 -000029.8  02 37 47.7  229.868 33.843  52.81  34599 15.1
2010-04-16  21:20:00  10 23 12.8  +01 51 39  +000916.2 -000036.9  02 37 30.0  229.734 33.803  50.30  35071 15.1
2010-04-16  21:30:00  10 33 15.5  +01 44 56  +000892.1 -000043.5  02 37 28.9  229.658 33.710  47.85  35526 15.1
2010-04-16  21:40:00  10 43 02.7  +01 37 11  +000869.8 -000049.5  02 37 43.4  229.638 33.569  45.48  35962 15.0
2010-04-16  21:50:00  10 52 35.7  +01 28 27  +000849.4 -000055.1  02 38 12.0  229.668 33.382  43.15  36379 15.0
2010-04-16  22:00:00  11 01 55.6  +01 18 49  +000830.6 -000060.3  02 38 53.7  229.744 33.154  40.89  36776 15.0
2010-04-16  22:10:00  11 11 03.5  +01 08 21  +000813.4 -000065.2  02 39 47.5  229.861 32.888  38.66  37154 15.0
2010-04-16  22:20:00  11 20 00.5  +00 57 07  +000797.6 -000069.7  02 40 52.2  230.016 32.587  36.50  37512 15.0
2010-04-16  22:30:00  11 28 47.4  +00 45 09  +000783.2 -000073.9  02 42 06.9  230.204 32.253  34.36  37849 15.0
2010-04-16  22:40:00  11 37 25.1  +00 32 29  +000770.2 -000077.9  02 43 30.8  230.421 31.888  32.27  38165 15.0
2010-04-16  22:50:00  11 45 54.5  +00 19 11  +000758.3 -000081.7  02 45 03.1  230.665 31.496  30.21  38461 15.0
2010-04-16  23:00:00  11 54 16.4  +00 05 17  +000747.6 -000085.2  02 46 42.8  230.931 31.078  28.20  38735 15.0
2010-04-16  23:10:00  12 02 31.6  -00 09 13  +000738.0 -000088.7  02 48 29.3  231.216 30.636  26.21  38988 15.0
2010-04-16  23:20:00  12 10 40.7  -00 24 16  +000729.5 -000091.9  02 50 21.8  231.517 30.172  24.26  39220 15.0
2010-04-16  23:30:00  12 18 44.4  -00 39 51  +000721.9 -000095.1  02 52 19.7  231.832 29.688  22.33  39429 15.0
2010-04-16  23:40:00  12 26 43.5  -00 55 58  +000715.4 -000098.1  02 54 22.3  232.157 29.185  20.45  39617 15.0
2010-04-16  23:50:00  12 34 38.4  -01 12 34  +000709.7 -000101.1  02 56 29.0  232.489 28.665  18.58  39783 15.0
2010-04-17  00:00:00  12 42 30.0  -01 29 39  +000705.0 -000104.0  02 58 39.1  232.827 28.130  16.77  39927 15.0
2010-04-17  00:10:00  12 50 18.7  -01 47 14  +000701.2 -000106.9  03 00 52.0  233.167 27.580  14.99  40048 15.0
2010-04-17  00:20:00  12 58 05.2  -02 05 17  +000698.3 -000109.7  03 03 07.2  233.507 27.018  13.27  40148 15.0
2010-04-17  00:30:00  13 05 49.9  -02 23 47  +000696.2 -000112.4  03 05 24.1  233.845 26.445  11.61  40224 15.0
2010-04-17  00:40:00  13 13 33.6  -02 42 45  +000694.9 -000115.2  03 07 42.1  234.179 25.862  10.07  40278 15.0
2010-04-17  00:50:00  13 21 16.6  -03 02 11  +000694.5 -000117.9  03 10 00.7  234.507 25.270   8.67  40310 15.0
2010-04-17  01:00:00  13 28 59.7  -03 22 04  +000694.9 -000120.7  03 12 19.2  234.826 24.672   7.52  40318 15.0
2010-04-17  01:10:00  13 36 43.4  -03 42 25  +000696.2 -000123.5  03 14 37.2  235.135 24.067   6.72  40303 15.0
2010-04-17  01:20:00  13 44 28.2  -04 03 13  +000698.3 -000126.3  03 16 54.0  235.431 23.459   6.43  40266 15.0
2010-04-17  01:30:00  13 52 14.7  -04 24 30  +000701.3 -000129.1  03 19 09.2  235.713 22.847   6.70  40205 15.0
2010-04-17  01:40:00  14 00 03.4  -04 46 15  +000705.1 -000131.9  03 21 22.1  235.978 22.234   7.49  40121 15.0
2010-04-17  01:50:00  14 07 55.0  -05 08 29  +000709.9 -000134.9  03 23 32.1  236.225 21.620   8.67  40013 15.0
2010-04-17  02:00:00  14 15 50.2  -05 31 12  +000715.6 -000137.8  03 25 38.6  236.451 21.008  10.10  39882 15.0
2010-04-17  02:10:00  14 23 49.4  -05 54 25  +000722.3 -000140.9  03 27 41.0  236.654 20.399  11.71  39727 15.0

   Date        UTC        RA         DECL      RARate   DeclRate    HourAng      Az     Um    Phase  Range  Mag
2010-04-17  17:50:00  14 16 13.7  -03 35 07  +000709.4 -000121.5  19 17 51.1  106.790 10.606  10.92  41671 15.1
2010-04-17  18:00:00  14 24 07.9  -03 55 37  +000713.3 -000124.5  19 19 58.6  107.425 10.700  12.28  41565 15.1
2010-04-17  18:10:00  14 32 05.0  -04 16 38  +000718.1 -000127.6  19 22 03.1  108.056 10.777  13.81  41438 15.1
2010-04-17  18:20:00  14 40 05.6  -04 38 09  +000723.8 -000130.7  19 24 04.2  108.682 10.837  15.44  41288 15.1
2010-04-17  18:30:00  14 48 10.2  -05 00 12  +000730.4 -000133.8  19 26 01.2  109.301 10.877  17.17  41117 15.1
2010-04-17  18:40:00  14 56 19.7  -05 22 46  +000738.0 -000137.0  19 27 53.4  109.910 10.895  18.97  40924 15.1
2010-04-17  18:50:00  15 04 34.5  -05 45 52  +000746.7 -000140.2  19 29 40.2  110.508 10.891  20.83  40710 15.1
2010-04-17  19:00:00  15 12 55.5  -06 09 30  +000756.5 -000143.4  19 31 20.8  111.091 10.861  22.74  40474 15.1
2010-04-17  19:10:00  15 21 23.4  -06 33 40  +000767.4 -000146.7  19 32 54.6  111.658 10.805  24.71  40218 15.1
2010-04-17  19:20:00  15 29 59.0  -06 58 23  +000779.5 -000150.0  19 34 20.6  112.205 10.719  26.72  39941 15.1
2010-04-17  19:30:00  15 38 43.1  -07 23 39  +000792.9 -000153.3  19 35 38.2  112.731 10.602  28.80  39644 15.1
2010-04-17  19:40:00  15 47 36.5  -07 49 29  +000807.7 -000156.6  19 36 46.4  113.231 10.452  30.90  39327 15.1
2010-04-17  19:50:00  15 56 40.3  -08 15 52  +000823.9 -000160.0  19 37 44.3  113.703 10.266  33.07  38991 15.1
2010-04-17  20:00:00  16 05 55.4  -08 42 48  +000841.7 -000163.3  19 38 30.8  114.144 10.043  35.28  38635 15.1

   Date        UTC        RA         DECL      RARate   DeclRate    HourAng      Az     Um    Phase  Range  Mag
2010-04-18  22:00:00  08 40 53.9  +01 46 07  +001196.6 +000042.6  05 07 48.6  261.696 10.252  77.11  32929 15.4
2010-04-18  22:10:00  08 53 57.2  +01 52 08  +001153.8 +000029.7  05 04 46.9  261.203 10.841  73.94  33481 15.4
2010-04-18  22:20:00  09 06 33.0  +01 56 06  +001113.9 +000018.0  05 02 12.8  260.770 11.327  70.89  34027 15.4
2010-04-18  22:30:00  09 18 43.1  +01 58 11  +001076.8 +000007.2  05 00 04.3  260.394 11.717  67.93  34563 15.3
2010-04-18  22:40:00  09 30 29.4  +01 58 33  +001042.3 -000002.6  04 58 19.7  260.072 12.017  65.08  35089 15.3
2010-04-18  22:50:00  09 41 53.4  +01 57 21  +001010.3 -000011.6  04 56 57.3  259.801 12.236  62.31  35603 15.3
2010-04-18  23:00:00  09 52 56.9  +01 54 43  +000980.5 -000019.9  04 55 55.4  259.577 12.378  59.62  36104 15.3
2010-04-18  23:10:00  10 03 41.3  +01 50 46  +000953.0 -000027.4  04 55 12.7  259.397 12.451  57.01  36591 15.3
2010-04-18  23:20:00  10 14 08.0  +01 45 37  +000927.5 -000034.3  04 54 47.6  259.259 12.459  54.47  37063 15.2
2010-04-18  23:30:00  10 24 18.4  +01 39 22  +000903.9 -000040.7  04 54 38.8  259.159 12.407  51.99  37518 15.2
2010-04-18  23:40:00  10 34 13.7  +01 32 06  +000882.1 -000046.5  04 54 45.2  259.095 12.300  49.59  37957 15.2
2010-04-18  23:50:00  10 43 55.0  +01 23 53  +000862.0 -000051.9  04 55 05.6  259.064 12.142  47.22  38378 15.2
2010-04-19  00:00:00  10 53 23.4  +01 14 48  +000843.5 -000057.0  04 55 38.8  259.063 11.937  44.93  38781 15.2
2010-04-19  00:10:00  11 02 40.0  +01 04 55  +000826.5 -000061.6  04 56 23.8  259.090 11.688  42.66  39166 15.2
2010-04-19  00:20:00  11 11 45.8  +00 54 16  +000810.9 -000066.0  04 57 19.7  259.143 11.400  40.46  39531 15.2
2010-04-19  00:30:00  11 20 41.5  +00 42 56  +000796.6 -000070.1  04 58 25.6  259.218 11.075  38.29  39877 15.2
2010-04-19  00:40:00  11 29 28.1  +00 30 56  +000783.5 -000073.9  04 59 40.6  259.314 10.716  36.16  40203 15.2
2010-04-19  00:50:00  11 38 06.5  +00 18 19  +000771.6 -000077.5  05 01 03.9  259.429 10.326  34.06  40508 15.2

   Date        UTC        RA         DECL      RARate   DeclRate    HourAng      Az     Um    Phase  Range  Mag
2010-04-19  17:50:00  12 34 24.9  -00 09 03  +000722.9 -000088.7  21 07 33.1  127.817 30.103  21.84  39005 15.0
2010-04-19  18:00:00  12 42 24.5  -00 24 07  +000716.0 -000092.2  21 09 35.1  128.469 30.167  20.03  39192 15.0
2010-04-19  18:10:00  12 50 19.8  -00 39 46  +000710.0 -000095.6  21 11 41.5  129.145 30.230  18.26  39356 15.0
2010-04-19  18:20:00  12 58 11.3  -00 55 58  +000704.9 -000098.9  21 13 51.6  129.842 30.290  16.55  39496 15.0
2010-04-19  18:30:00  13 05 59.8  -01 12 43  +000700.7 -000102.1  21 16 04.7  130.559 30.345  14.90  39612 15.0
2010-04-19  18:40:00  13 13 45.8  -01 30 01  +000697.3 -000105.3  21 18 20.4  131.292 30.394  13.35  39706 15.0
2010-04-19  18:50:00  13 21 29.8  -01 47 49  +000694.9 -000108.4  21 20 38.1  132.039 30.435  11.89  39776 15.0
2010-04-19  19:00:00  13 29 12.4  -02 06 10  +000693.2 -000111.6  21 22 57.0  132.797 30.467  10.60  39823 15.0
2010-04-19  19:10:00  13 36 54.3  -02 25 01  +000692.5 -000114.7  21 25 16.8  133.564 30.488   9.51  39847 15.0
2010-04-19  19:20:00  13 44 35.9  -02 44 23  +000692.5 -000117.8  21 27 36.9  134.338 30.498   8.71  39849 15.0
2010-04-19  19:30:00  13 52 17.8  -03 04 16  +000693.4 -000120.9  21 29 56.6  135.114 30.494   8.29  39828 15.0
2010-04-19  19:40:00  14 00 00.7  -03 24 40  +000695.2 -000124.0  21 32 15.4  135.891 30.476   8.29  39784 15.0
2010-04-19  19:50:00  14 07 45.0  -03 45 36  +000697.9 -000127.1  21 34 32.7  136.667 30.443   8.73  39717 15.0
2010-04-19  20:00:00  14 15 31.4  -04 07 02  +000701.4 -000130.3  21 36 47.9  137.437 30.392   9.55  39629 15.0
2010-04-19  20:10:00  14 23 20.4  -04 29 01  +000705.9 -000133.5  21 39 00.5  138.200 30.324  10.67  39518 15.0
2010-04-19  20:20:00  14 31 12.7  -04 51 32  +000711.2 -000136.7  21 41 09.9  138.951 30.236  12.01  39385 15.0
2010-04-19  20:30:00  14 39 09.0  -05 14 35  +000717.6 -000140.0  21 43 15.3  139.689 30.128  13.52  39230 15.0
2010-04-19  20:40:00  14 47 09.8  -05 38 11  +000725.0 -000143.3  21 45 16.1  140.410 29.999  15.14  39053 15.0
2010-04-19  20:50:00  14 55 15.8  -06 02 21  +000733.4 -000146.7  21 47 11.7  141.111 29.847  16.87  38855 14.9
2010-04-19  21:00:00  15 03 27.9  -06 27 05  +000742.9 -000150.1  21 49 01.3  141.788 29.671  18.67  38635 14.9
2010-04-19  21:10:00  15 11 46.7  -06 52 24  +000753.6 -000153.6  21 50 44.2  142.437 29.471  20.55  38393 14.9
2010-04-19  21:20:00  15 20 13.0  -07 18 18  +000765.6 -000157.2  21 52 19.5  143.056 29.245  22.48  38130 14.9
2010-04-19  21:30:00  15 28 47.7  -07 44 48  +000778.8 -000160.8  21 53 46.4  143.640 28.993  24.48  37846 14.9
2010-04-19  21:40:00  15 37 31.7  -08 11 54  +000793.4 -000164.5  21 55 04.1  144.185 28.712  26.52  37541 14.9
2010-04-19  21:50:00  15 46 25.9  -08 39 38  +000809.5 -000168.2  21 56 11.5  144.688 28.402  28.63  37216 14.9
2010-04-19  22:00:00  15 55 31.4  -09 07 59  +000827.3 -000172.0  21 57 07.6  145.143 28.062  30.79  36870 14.9
2010-04-19  22:10:00  16 04 49.3  -09 36 59  +000846.7 -000175.8  21 57 51.4  145.547 27.690  33.01  36504 14.9
2010-04-19  22:20:00  16 14 20.7  -10 06 36  +000868.0 -000179.6  21 58 21.6  145.895 27.285  35.28  36119 14.9
2010-04-19  22:30:00  16 24 07.0  -10 36 52  +000891.2 -000183.4  21 58 37.0  146.182 26.846  37.63  35714 14.9
2010-04-19  22:40:00  16 34 09.5  -11 07 45  +000916.7 -000187.2  21 58 36.1  146.403 26.371  40.03  35290 14.9
2010-04-19  22:50:00  16 44 29.7  -11 39 15  +000944.4 -000190.9  21 58 17.5  146.552 25.857  42.52  34848 14.9
2010-04-19  23:00:00  16 55 09.2  -12 11 22  +000974.7 -000194.4  21 57 39.7  146.624 25.304  45.07  34388 14.9
2010-04-19  23:10:00  17 06 09.9  -12 44 04  +001007.7 -000197.8  21 56 40.7  146.614 24.709  47.71  33911 15.0
2010-04-19  23:20:00  17 17 33.5  -13 17 18  +001043.7 -000200.9  21 55 18.7  146.515 24.069  50.43  33418 15.0
2010-04-19  23:30:00  17 29 22.1  -13 51 00  +001082.9 -000203.6  21 53 31.7  146.320 23.382  53.25  32910 15.0
2010-04-19  23:40:00  17 41 38.1  -14 25 08  +001125.7 -000205.8  21 51 17.3  146.023 22.645  56.17  32388 15.0
2010-04-19  23:50:00  17 54 23.8  -14 59 34  +001172.2 -000207.3  21 48 33.3  145.617 21.854  59.20  31854 15.0
2010-04-20  00:00:00  18 07 41.9  -15 34 11  +001222.8 -000208.0  21 45 16.9  145.094 21.006  62.34  31308 15.0
2010-04-20  00:10:00  18 21 35.1  -16 08 51  +001277.7 -000207.6  21 41 25.3  144.447 20.096  65.61  30753 15.0
2010-04-20  00:20:00  18 36 06.4  -16 43 20  +001337.3 -000205.9  21 36 55.6  143.667 19.120  69.00  30191 15.1
2010-04-20  00:30:00  18 51 19.2  -17 17 24  +001401.7 -000202.5  21 31 44.5  142.746 18.073  72.55  29624 15.1
2010-04-20  00:40:00  19 07 16.5  -17 50 44  +001471.3 -000197.0  21 25 48.8  141.676 16.949  76.24  29056 15.1
2010-04-20  00:50:00  19 24 02.0  -18 22 56  +001546.0 -000189.0  21 19 05.0  140.448 15.742  80.10  28488 15.2
2010-04-20  01:00:00  19 41 38.9  -18 53 34  +001625.8 -000178.0  21 11 29.7  139.054 14.446  84.12  27925 15.3
2010-04-20  01:10:00  20 00 10.8  -19 22 04  +001710.6 -000163.3  21 02 59.5  137.484 13.055  88.33  27371 15.3
2010-04-20  01:20:00  20 19 40.6  -19 47 47  +001799.7 -000144.5  20 53 31.3  135.732 11.562  92.71  26831 15.4

   Date        UTC        RA         DECL      RARate   DeclRate    HourAng      Az     Um    Phase  Range  Mag
2010-04-21  18:00:00  10 43 40.8  +01 54 33  +000895.2 -000037.7  23 16 11.9  164.564 44.495  50.10  34146 15.0
2010-04-21  18:10:00  10 53 29.7  +01 47 42  +000871.9 -000044.4  23 16 24.6  164.666 44.392  47.73  34603 15.0
2010-04-21  18:20:00  11 03 03.8  +01 39 46  +000850.4 -000050.6  23 16 52.2  164.858 44.283  45.43  35038 15.0
2010-04-21  18:30:00  11 12 24.1  +01 30 51  +000830.8 -000056.3  23 17 33.6  165.131 44.168  43.18  35451 15.0
2010-04-21  18:40:00  11 21 31.9  +01 21 01  +000812.8 -000061.7  23 18 27.4  165.479 44.045  40.99  35841 15.0
2010-04-21  18:50:00  11 30 28.2  +01 10 19  +000796.3 -000066.6  23 19 32.8  165.894 43.916  38.84  36209 15.0
2010-04-21  19:00:00  11 39 14.0  +00 58 49  +000781.3 -000071.3  23 20 48.6  166.370 43.779  36.74  36554 15.0
2010-04-21  19:10:00  11 47 50.3  +00 46 35  +000767.7 -000075.6  23 22 13.9  166.901 43.635  34.67  36877 15.0
2010-04-21  19:20:00  11 56 17.9  +00 33 37  +000755.3 -000079.8  23 23 48.0  167.480 43.481  32.66  37177 15.0
2010-04-21  19:30:00  12 04 37.6  +00 19 60  +000744.1 -000083.7  23 25 29.9  168.104 43.318  30.66  37454 15.0
2010-04-21  19:40:00  12 12 50.3  +00 05 44  +000734.1 -000087.5  23 27 18.8  168.766 43.146  28.72  37708 15.0
2010-04-21  19:50:00  12 20 56.7  -00 09 09  +000725.2 -000091.1  23 29 14.1  169.462 42.962  26.80  37940 15.0
2010-04-21  20:00:00  12 28 57.5  -00 24 37  +000717.3 -000094.5  23 31 15.0  170.187 42.768  24.92  38149 15.0
2010-04-21  20:10:00  12 36 53.3  -00 40 40  +000710.4 -000097.9  23 33 20.8  170.936 42.561  23.06  38335 15.0
2010-04-21  20:20:00  12 44 44.9  -00 57 15  +000704.4 -000101.2  23 35 30.9  171.706 42.343  21.25  38498 15.0
2010-04-21  20:30:00  12 52 32.8  -01 14 23  +000699.4 -000104.3  23 37 44.6  172.492 42.112  19.46  38638 15.0
2010-04-21  20:40:00  13 00 17.6  -01 32 02  +000695.3 -000107.5  23 40 01.4  173.289 41.867  17.73  38756 14.9
2010-04-21  20:50:00  13 08 00.1  -01 50 12  +000692.1 -000110.6  23 42 20.6  174.095 41.609  16.04  38851 14.9
2010-04-21  21:00:00  13 15 40.6  -02 08 53  +000689.8 -000113.6  23 44 41.7  174.904 41.337  14.41  38923 14.9
2010-04-21  21:10:00  13 23 20.0  -02 28 04  +000688.3 -000116.6  23 47 04.0  175.715 41.051  12.86  38973 14.9
2010-04-21  21:20:00  13 30 58.6  -02 47 45  +000687.7 -000119.6  23 49 27.0  176.522 40.751  11.42  39000 14.9
2010-04-21  21:30:00  13 38 37.1  -03 07 57  +000687.9 -000122.7  23 51 50.2  177.322 40.437  10.13  39004 14.9
2010-04-21  21:40:00  13 46 16.0  -03 28 39  +000689.0 -000125.7  23 54 12.8  178.112 40.109   9.06  38986 14.9
2010-04-21  21:50:00  13 53 56.0  -03 49 51  +000691.0 -000128.8  23 56 34.5  178.889 39.766   8.29  38946 14.9
2010-04-21  22:00:00  14 01 37.6  -04 11 34  +000693.9 -000131.8  23 58 54.6  179.648 39.409   7.92  38882 14.9
2010-04-21  22:10:00  14 09 21.4  -04 33 48  +000697.6 -000135.0  00 01 12.4  180.387 39.038   8.00  38797 14.9
2010-04-21  22:20:00  14 17 08.0  -04 56 34  +000702.3 -000138.1  00 03 27.5  181.103 38.654   8.53  38688 14.9
2010-04-21  22:30:00  14 24 58.0  -05 19 51  +000708.0 -000141.4  00 05 39.1  181.791 38.257   9.44  38557 14.9
2010-04-21  22:40:00  14 32 52.2  -05 43 41  +000714.6 -000144.6  00 07 46.6  182.450 37.846  10.65  38404 14.9
2010-04-21  22:50:00  14 40 51.1  -06 08 04  +000722.3 -000148.0  00 09 49.3  183.075 37.423  12.08  38228 14.9
2010-04-21  23:00:00  14 48 55.4  -06 33 01  +000731.0 -000151.4  00 11 46.6  183.663 36.987  13.66  38030 14.9
2010-04-21  23:10:00  14 57 06.0  -06 58 33  +000740.9 -000154.9  00 13 37.7  184.210 36.540  15.37  37809 14.9
2010-04-21  23:20:00  15 05 23.5  -07 24 40  +000752.0 -000158.5  00 15 21.8  184.714 36.082  17.16  37565 14.9
2010-04-21  23:30:00  15 13 48.9  -07 51 24  +000764.3 -000162.2  00 16 58.1  185.171 35.614  19.05  37299 14.9
2010-04-21  23:40:00  15 22 22.9  -08 18 45  +000778.0 -000166.0  00 18 25.7  185.577 35.135  21.00  37011 14.9
2010-04-21  23:50:00  15 31 06.5  -08 46 44  +000793.1 -000169.8  00 19 43.8  185.929 34.648  23.03  36701 14.9
2010-04-22  00:00:00  15 40 00.6  -09 15 22  +000809.8 -000173.8  00 20 51.2  186.221 34.151  25.11  36368 14.9
2010-04-22  00:10:00  15 49 06.5  -09 44 40  +000828.1 -000177.8  00 21 47.0  186.451 33.647  27.26  36013 14.9
2010-04-22  00:20:00  15 58 25.1  -10 14 39  +000848.2 -000181.9  00 22 30.0  186.614 33.135  29.46  35636 14.8
2010-04-22  00:30:00  16 07 57.8  -10 45 19  +000870.3 -000186.1  00 22 59.0  186.706 32.616  31.74  35237 14.8
2010-04-22  00:40:00  16 17 45.9  -11 16 41  +000894.4 -000190.3  00 23 12.5  186.720 32.090  34.07  34817 14.8
2010-04-22  00:50:00  16 27 50.9  -11 48 45  +000920.9 -000194.5  00 23 09.2  186.653 31.558  36.49  34376 14.8
2010-04-22  01:00:00  16 38 14.2  -12 21 32  +000949.8 -000198.8  00 22 47.5  186.498 31.021  38.97  33913 14.8
2010-04-22  01:10:00  16 48 57.8  -12 55 00  +000981.5 -000202.9  00 22 05.5  186.249 30.478  41.54  33431 14.8
2010-04-22  01:20:00  17 00 03.5  -13 29 10  +001016.1 -000207.0  00 21 01.5  185.900 29.930  44.19  32928 14.8
2010-04-22  01:30:00  17 11 33.4  -14 04 00  +001054.1 -000210.9  00 19 33.3  185.443 29.376  46.94  32406 14.8
2010-04-22  01:40:00  17 23 29.7  -14 39 27  +001095.6 -000214.5  00 17 38.6  184.871 28.816  49.77  31866 14.8
2010-04-22  01:50:00  17 35 55.0  -15 15 28  +001141.0 -000217.7  00 15 14.9  184.176 28.249  52.73  31309 14.9
2010-04-22  02:00:00  17 48 52.0  -15 51 59  +001190.7 -000220.3  00 12 19.6  183.348 27.674  55.79  30735 14.9

   Date        UTC        RA         DECL      RARate   DeclRate    HourAng      Az     Um    Phase  Range  Mag
2010-04-23  18:00:00  07 55 30.4  +01 00 48  +001436.3 +000119.2  02 12 15.4  222.535 36.206  92.54  27754 15.5
2010-04-23  18:10:00  08 11 06.4  +01 18 54  +001372.5 +000098.3  02 06 41.1  221.166 37.115  88.80  28353 15.4
2010-04-23  18:20:00  08 26 01.4  +01 33 40  +001313.1 +000079.3  02 01 47.7  219.928 37.883  85.23  28953 15.4
2010-04-23  18:30:00  08 40 18.3  +01 45 25  +001258.1 +000061.9  01 57 32.5  218.821 38.524  81.80  29549 15.3
2010-04-23  18:40:00  08 53 59.8  +01 54 24  +001207.1 +000046.2  01 53 52.6  217.842 39.051  78.51  30139 15.3
2010-04-23  18:50:00  09 07 08.6  +02 00 54  +001159.9 +000031.9  01 50 45.4  216.986 39.476  75.34  30721 15.2
2010-04-23  19:00:00  09 19 47.2  +02 05 08  +001116.3 +000019.0  01 48 08.5  216.251 39.809  72.31  31292 15.2
2010-04-23  19:10:00  09 31 57.8  +02 07 18  +001076.0 +000007.3  01 45 59.5  215.630 40.060  69.37  31851 15.2
2010-04-23  19:20:00  09 43 42.7  +02 07 37  +001038.9 -000003.3  01 44 16.3  215.117 40.237  66.54  32396 15.2
2010-04-23  19:30:00  09 55 03.7  +02 06 14  +001004.6 -000013.0  01 42 56.9  214.707 40.346  63.80  32925 15.2
2010-04-23  19:40:00  10 06 02.8  +02 03 19  +000973.1 -000021.8  01 41 59.4  214.393 40.395  61.15  33439 15.1
2010-04-23  19:50:00  10 16 41.7  +01 59 00  +000943.9 -000029.8  01 41 22.2  214.168 40.389  58.58  33935 15.1
2010-04-23  20:00:00  10 27 02.0  +01 53 25  +000917.1 -000037.2  01 41 03.6  214.027 40.333  56.09  34414 15.1
2010-04-23  20:10:00  10 37 05.1  +01 46 39  +000892.5 -000043.9  01 41 02.1  213.963 40.231  53.65  34874 15.1
2010-04-23  20:20:00  10 46 52.4  +01 38 48  +000869.8 -000050.1  01 41 16.5  213.969 40.088  51.29  35314 15.1
2010-04-23  20:30:00  10 56 25.2  +01 29 58  +000848.9 -000055.8  01 41 45.3  214.040 39.906  48.98  35735 15.1
2010-04-23  20:40:00  11 05 44.6  +01 20 13  +000829.8 -000061.1  01 42 27.5  214.169 39.688  46.73  36136 15.1
2010-04-23  20:50:00  11 14 51.9  +01 09 37  +000812.2 -000066.1  01 43 21.9  214.351 39.437  44.52  36517 15.1
2010-04-23  21:00:00  11 23 47.9  +00 58 13  +000796.2 -000070.7  01 44 27.5  214.580 39.155  42.37  36877 15.1
2010-04-23  21:10:00  11 32 33.8  +00 46 05  +000781.5 -000075.0  01 45 43.3  214.851 38.845  40.25  37215 15.1
2010-04-23  21:20:00  11 41 10.3  +00 33 14  +000768.2 -000079.0  01 47 08.4  215.160 38.508  38.18  37533 15.0
2010-04-23  21:30:00  11 49 38.3  +00 19 45  +000756.2 -000082.9  01 48 42.0  215.502 38.147  36.13  37829 15.0
2010-04-23  21:40:00  11 57 58.8  +00 05 38  +000745.3 -000086.5  01 50 23.2  215.871 37.761  34.13  38104 15.0
2010-04-23  21:50:00  12 06 12.3  -00 09 05  +000735.5 -000090.0  01 52 11.3  216.265 37.355  32.15  38357 15.0
2010-04-23  22:00:00  12 14 19.7  -00 24 22  +000726.8 -000093.3  01 54 05.6  216.679 36.927  30.21  38588 15.0
2010-04-23  22:10:00  12 22 21.6  -00 40 11  +000719.2 -000096.5  01 56 05.3  217.109 36.481  28.29  38798 15.0
2010-04-23  22:20:00  12 30 18.8  -00 56 32  +000712.5 -000099.6  01 58 09.7  217.551 36.016  26.40  38985 15.0
2010-04-23  22:30:00  12 38 11.8  -01 13 24  +000706.8 -000102.7  02 00 18.4  218.004 35.535  24.54  39150 15.0
2010-04-23  22:40:00  12 46 01.4  -01 30 45  +000702.0 -000105.6  02 02 30.5  218.462 35.039  22.71  39293 15.0
2010-04-23  22:50:00  12 53 48.0  -01 48 36  +000698.1 -000108.5  02 04 45.5  218.924 34.528  20.89  39414 15.0
2010-04-23  23:00:00  13 01 32.3  -02 06 55  +000695.0 -000111.4  02 07 02.8  219.385 34.003  19.13  39512 15.0
2010-04-23  23:10:00  13 09 14.9  -02 25 43  +000692.9 -000114.2  02 09 21.9  219.845 33.467  17.38  39588 15.0
2010-04-23  23:20:00  13 16 56.3  -02 44 59  +000691.6 -000117.0  02 11 42.1  220.299 32.920  15.69  39641 15.0
2010-04-23  23:30:00  13 24 37.1  -03 04 44  +000691.1 -000119.8  02 14 02.9  220.746 32.363  14.05  39672 15.0
2010-04-23  23:40:00  13 32 17.9  -03 24 56  +000691.5 -000122.6  02 16 23.8  221.182 31.798  12.50  39680 15.0
2010-04-23  23:50:00  13 39 59.3  -03 45 36  +000692.7 -000125.5  02 18 44.0  221.606 31.225  11.04  39665 15.0
2010-04-24  00:00:00  13 47 41.8  -04 06 45  +000694.8 -000128.3  02 21 03.2  222.015 30.645   9.75  39627 15.0
2010-04-24  00:10:00  13 55 25.9  -04 28 23  +000697.8 -000131.2  02 23 20.7  222.407 30.061   8.68  39566 15.0
2010-04-24  00:20:00  14 03 12.4  -04 50 29  +000701.7 -000134.1  02 25 35.9  222.780 29.472   7.95  39482 14.9
2010-04-24  00:30:00  14 11 01.7  -05 13 05  +000706.5 -000137.1  02 27 48.2  223.131 28.881   7.65  39374 14.9
2010-04-24  00:40:00  14 18 54.5  -05 36 11  +000712.2 -000140.1  02 29 57.0  223.458 28.288   7.83  39244 14.9
2010-04-24  00:50:00  14 26 51.5  -05 59 48  +000718.9 -000143.2  02 32 01.7  223.759 27.696   8.49  39090 14.9
2010-04-24  01:00:00  14 34 53.2  -06 23 56  +000726.6 -000146.4  02 34 01.6  224.032 27.104   9.54  38912 14.9
2010-04-24  01:10:00  14 43 00.5  -06 48 36  +000735.4 -000149.6  02 35 56.0  224.274 26.515  10.87  38711 14.9
2010-04-24  01:20:00  14 51 13.9  -07 13 49  +000745.2 -000153.0  02 37 44.2  224.482 25.931  12.40  38486 14.9
2010-04-24  01:30:00  14 59 34.4  -07 39 36  +000756.3 -000156.4  02 39 25.4  224.654 25.352  14.10  38238 14.9
2010-04-24  01:40:00  15 08 02.6  -08 05 57  +000768.6 -000159.9  02 40 58.8  224.787 24.780  15.90  37965 14.9
2010-04-24  01:50:00  15 16 39.5  -08 32 54  +000782.3 -000163.5  02 42 23.5  224.879 24.217  17.81  37669 14.9

   Date        UTC        RA         DECL      RARate   DeclRate    HourAng      Az     Um    Phase  Range  Mag
2010-04-25  19:30:00  06 51 21.5  -00 17 05  +001628.1 +000180.4  04 54 32.3  257.799 10.995 109.70  27966 16.1
2010-04-25  19:40:00  07 09 03.5  +00 10 60  +001558.5 +000156.7  04 46 51.9  256.670 12.631 105.54  28492 16.0
2010-04-25  19:50:00  07 26 00.3  +00 35 14  +001492.3 +000134.4  04 39 56.7  255.628 14.090 101.51  29035 15.9
2010-04-25  20:00:00  07 42 14.0  +00 55 53  +001429.6 +000113.6  04 33 44.6  254.670 15.380  97.66  29589 15.8
2010-04-25  20:10:00  07 57 47.2  +01 13 11  +001370.5 +000094.3  04 28 13.1  253.795 16.512  93.94  30150 15.7
2010-04-25  20:20:00  08 12 42.2  +01 27 24  +001315.0 +000076.6  04 23 19.7  253.000 17.498  90.38  30716 15.6
2010-04-25  20:30:00  08 27 01.4  +01 38 46  +001263.1 +000060.3  04 19 02.1  252.283 18.347  86.95  31282 15.6
2010-04-25  20:40:00  08 40 47.2  +01 47 34  +001214.7 +000045.4  04 15 18.0  251.640 19.070  83.65  31846 15.5
2010-04-25  20:50:00  08 54 01.8  +01 53 59  +001169.5 +000031.8  04 12 05.1  251.070 19.676  80.46  32405 15.5
2010-04-25  21:00:00  09 06 47.3  +01 58 14  +001127.5 +000019.5  04 09 21.2  250.569 20.175  77.40  32957 15.5
2010-04-25  21:10:00  09 19 05.8  +02 00 32  +001088.5 +000008.2  04 07 04.3  250.133 20.574  74.43  33501 15.4
2010-04-25  21:20:00  09 30 59.3  +02 01 01  +001052.3 -000002.1  04 05 12.5  249.760 20.882  71.57  34033 15.4
2010-04-25  21:30:00  09 42 29.5  +01 59 53  +001018.7 -000011.4  04 03 43.9  249.445 21.106  68.79  34554 15.4
2010-04-25  21:40:00  09 53 38.2  +01 57 15  +000987.6 -000020.0  04 02 36.9  249.186 21.253  66.11  35061 15.3
2010-04-25  21:50:00  10 04 26.9  +01 53 15  +000958.9 -000027.8  04 01 49.8  248.979 21.328  63.49  35554 15.3
2010-04-25  22:00:00  10 14 57.2  +01 48 01  +000932.3 -000035.0  04 01 21.2  248.821 21.338  60.96  36032 15.3
2010-04-25  22:10:00  10 25 10.4  +01 41 38  +000907.7 -000041.5  04 01 09.6  248.708 21.288  58.48  36493 15.3
2010-04-25  22:20:00  10 35 07.9  +01 34 12  +000885.0 -000047.6  04 01 13.8  248.637 21.182  56.08  36937 15.3
2010-04-25  22:30:00  10 44 50.8  +01 25 48  +000864.1 -000053.1  04 01 32.5  248.604 21.025  53.72  37363 15.3
2010-04-25  22:40:00  10 54 20.4  +01 16 31  +000844.8 -000058.3  04 02 04.6  248.607 20.820  51.43  37771 15.2
2010-04-25  22:50:00  11 03 37.7  +01 06 23  +000827.1 -000063.1  04 02 48.9  248.643 20.572  49.17  38160 15.2
2010-04-25  23:00:00  11 12 43.6  +00 55 30  +000810.9 -000067.5  04 03 44.6  248.708 20.284  46.98  38530 15.2
2010-04-25  23:10:00  11 21 39.2  +00 43 54  +000796.1 -000071.7  04 04 50.7  248.800 19.959  44.81  38880 15.2
2010-04-25  23:20:00  11 30 25.3  +00 31 37  +000782.5 -000075.6  04 06 06.2  248.916 19.600  42.70  39210 15.2
2010-04-25  23:30:00  11 39 02.8  +00 18 42  +000770.2 -000079.3  04 07 30.3  249.054 19.209  40.61  39520 15.2
2010-04-25  23:40:00  11 47 32.5  +00 05 12  +000759.0 -000082.8  04 09 02.3  249.210 18.790  38.57  39809 15.2
2010-04-25  23:50:00  11 55 55.1  -00 08 53  +000749.0 -000086.1  04 10 41.3  249.383 18.345  36.54  40077 15.2
2010-04-26  00:00:00  12 04 11.4  -00 23 30  +000740.0 -000089.3  04 12 26.7  249.570 17.875  34.55  40324 15.2
2010-04-26  00:10:00  12 12 22.0  -00 38 38  +000732.0 -000092.3  04 14 17.8  249.770 17.384  32.58  40550 15.2
2010-04-26  00:20:00  12 20 27.6  -00 54 16  +000725.0 -000095.2  04 16 13.8  249.979 16.872  30.65  40754 15.2
2010-04-26  00:30:00  12 28 28.8  -01 10 23  +000718.9 -000098.1  04 18 14.2  250.195 16.342  28.73  40936 15.1
2010-04-26  00:40:00  12 36 26.3  -01 26 57  +000713.7 -000100.8  04 20 18.3  250.418 15.796  26.85  41096 15.1
2010-04-26  00:50:00  12 44 20.7  -01 43 59  +000709.5 -000103.5  04 22 25.6  250.644 15.236  24.97  41234 15.1
2010-04-26  01:00:00  12 52 12.4  -02 01 27  +000706.0 -000106.2  04 24 35.5  250.872 14.663  23.14  41350 15.1
2010-04-26  01:10:00  13 00 02.2  -02 19 22  +000703.5 -000108.8  04 26 47.4  251.101 14.078  21.31  41444 15.1
2010-04-26  01:20:00  13 07 50.6  -02 37 43  +000701.7 -000111.4  04 29 00.7  251.327 13.484  19.53  41514 15.1
2010-04-26  01:30:00  13 15 38.0  -02 56 30  +000700.8 -000113.9  04 31 14.8  251.551 12.882  17.77  41562 15.1
2010-04-26  01:40:00  13 23 25.2  -03 15 42  +000700.7 -000116.5  04 33 29.4  251.769 12.273  16.06  41587 15.1
2010-04-26  01:50:00  13 31 12.5  -03 35 20  +000701.5 -000119.1  04 35 43.7  251.980 11.660  14.39  41589 15.1

   Date        UTC        RA         DECL      RARate   DeclRate    HourAng      Az     Um    Phase  Range  Mag
2010-04-26  18:10:00  13 55 23.0  -03 01 03  +000696.6 -000118.7  20 34 14.1  121.952 23.027  11.82  40538 15.0
2010-04-26  18:20:00  14 03 07.9  -03 21 05  +000698.2 -000121.7  20 36 30.9  122.666 23.088  10.81  40493 15.0
2010-04-26  18:30:00  14 10 54.2  -03 41 37  +000700.8 -000124.8  20 38 46.2  123.381 23.135  10.05  40427 15.0
2010-04-26  18:40:00  14 18 42.5  -04 02 40  +000704.2 -000127.8  20 40 59.6  124.093 23.166   9.63  40338 15.0
2010-04-26  18:50:00  14 26 33.3  -04 24 14  +000708.6 -000130.9  20 43 10.4  124.802 23.181   9.59  40226 15.0
2010-04-26  19:00:00  14 34 27.4  -04 46 19  +000713.8 -000134.1  20 45 17.9  125.504 23.177   9.94  40093 15.0
2010-04-26  19:10:00  14 42 25.3  -05 08 56  +000720.0 -000137.3  20 47 21.7  126.196 23.153  10.65  39937 15.0
2010-04-26  19:20:00  14 50 27.7  -05 32 04  +000727.2 -000140.5  20 49 21.0  126.877 23.108  11.67  39760 15.0
2010-04-26  19:30:00  14 58 35.2  -05 55 45  +000735.5 -000143.7  20 51 15.1  127.542 23.040  12.93  39561 15.0
2010-04-26  19:40:00  15 06 48.6  -06 19 59  +000744.8 -000147.0  20 53 03.4  128.190 22.948  14.38  39341 15.0
2010-04-26  19:50:00  15 15 08.5  -06 44 47  +000755.3 -000150.4  20 54 45.0  128.817 22.830  15.98  39100 15.0
2010-04-26  20:00:00  15 23 35.9  -07 10 08  +000767.0 -000153.8  20 56 19.3  129.421 22.684  17.70  38838 15.0
2010-04-26  20:10:00  15 32 11.5  -07 36 03  +000780.0 -000157.3  20 57 45.4  129.996 22.509  19.53  38554 14.9
2010-04-26  20:20:00  15 40 56.1  -08 02 33  +000794.3 -000160.7  20 59 02.4  130.541 22.304  21.43  38251 14.9
2010-04-26  20:30:00  15 49 50.8  -08 29 38  +000810.1 -000164.3  21 00 09.3  131.052 22.066  23.43  37927 14.9
2010-04-26  20:40:00  15 58 56.6  -08 57 18  +000827.4 -000167.8  21 01 05.2  131.524 21.794  25.48  37583 14.9
2010-04-26  20:50:00  16 08 14.4  -09 25 34  +000846.4 -000171.4  21 01 49.0  131.953 21.486  27.63  37220 14.9
2010-04-26  21:00:00  16 17 45.5  -09 54 26  +000867.2 -000174.9  21 02 19.6  132.336 21.140  29.83  36837 14.9
2010-04-26  21:10:00  16 27 31.1  -10 23 52  +000889.9 -000178.4  21 02 35.6  132.668 20.754  32.11  36436 14.9
2010-04-26  21:20:00  16 37 32.5  -10 53 54  +000914.7 -000181.8  21 02 35.9  132.944 20.325  34.45  36016 14.9
2010-04-26  21:30:00  16 47 51.1  -11 24 29  +000941.7 -000185.2  21 02 18.9  133.159 19.852  36.89  35579 14.9
2010-04-26  21:40:00  16 58 28.6  -11 55 36  +000971.2 -000188.3  21 01 43.0  133.309 19.332  39.39  35125 14.9
2010-04-26  21:50:00  17 09 26.6  -12 27 14  +001003.2 -000191.2  21 00 46.7  133.387 18.762  41.98  34655 14.9
2010-04-26  22:00:00  17 20 46.8  -12 59 20  +001038.1 -000193.9  20 59 28.1  133.387 18.139  44.66  34169 14.9
2010-04-26  22:10:00  17 32 31.4  -13 31 51  +001076.1 -000196.1  20 57 45.2  133.305 17.459  47.44  33669 14.9
2010-04-26  22:20:00  17 44 42.3  -14 04 41  +001117.3 -000197.8  20 55 35.9  133.133 16.720  50.30  33156 14.9
2010-04-26  22:30:00  17 57 21.9  -14 37 44  +001162.1 -000198.8  20 52 58.0  132.865 15.918  53.29  32631 15.0
2010-04-26  22:40:00  18 10 32.6  -15 10 54  +001210.7 -000199.0  20 49 48.9  132.493 15.048  56.38  32096 15.0
2010-04-26  22:50:00  18 24 17.0  -15 44 00  +001263.3 -000198.1  20 46 06.2  132.011 14.106  59.60  31553 15.0
2010-04-26  23:00:00  18 38 37.9  -16 16 51  +001320.2 -000195.8  20 41 46.9  131.411 13.088  62.94  31004 15.0
2010-04-26  23:10:00  18 53 38.2  -16 49 11  +001381.6 -000191.9  20 36 48.2  130.684 11.988  66.43  30450 15.0
2010-04-26  23:20:00  19 09 21.1  -17 20 43  +001447.7 -000186.1  20 31 07.0  129.822 10.801  70.06  29895 15.1

   Date        UTC        RA         DECL      RARate   DeclRate    HourAng      Az     Um    Phase  Range  Mag
2010-04-28  18:10:00  12 09 28.2  +00 19 30  +000744.3 -000083.2  22 28 02.0  149.485 39.715  36.32  37649 15.0
2010-04-28  18:20:00  12 17 41.1  +00 05 19  +000734.4 -000087.0  22 29 50.8  150.144 39.650  34.38  37904 15.0
2010-04-28  18:30:00  12 25 47.6  -00 09 29  +000725.5 -000090.6  22 31 45.9  150.838 39.581  32.46  38135 15.0
2010-04-28  18:40:00  12 33 48.6  -00 24 53  +000717.6 -000094.1  22 33 46.6  151.564 39.506  30.58  38342 15.0
2010-04-28  18:50:00  12 41 44.7  -00 40 50  +000710.7 -000097.4  22 35 52.1  152.317 39.424  28.71  38527 15.0
2010-04-28  19:00:00  12 49 36.5  -00 57 21  +000704.8 -000100.7  22 38 02.0  153.093 39.334  26.89  38689 15.0
2010-04-28  19:10:00  12 57 24.7  -01 14 24  +000699.9 -000103.9  22 40 15.4  153.889 39.235  25.08  38827 15.0
2010-04-28  19:20:00  13 05 09.9  -01 31 59  +000695.8 -000107.0  22 42 31.9  154.702 39.126  23.31  38943 15.0
2010-04-28  19:30:00  13 12 52.6  -01 50 05  +000692.6 -000110.1  22 44 50.8  155.528 39.005  21.56  39036 15.0
2010-04-28  19:40:00  13 20 33.5  -02 08 41  +000690.3 -000113.2  22 47 11.5  156.363 38.872  19.86  39105 15.0
2010-04-28  19:50:00  13 28 13.1  -02 27 48  +000688.8 -000116.2  22 49 33.5  157.205 38.726  18.19  39152 15.0
2010-04-28  20:00:00  13 35 52.1  -02 47 26  +000688.2 -000119.2  22 51 56.2  158.048 38.567  16.58  39177 15.0
2010-04-28  20:10:00  13 43 30.9  -03 07 33  +000688.4 -000122.2  22 54 19.0  158.891 38.393  15.03  39178 15.0
2010-04-28  20:20:00  13 51 10.2  -03 28 10  +000689.5 -000125.3  22 56 41.4  159.730 38.204  13.57  39158 15.0
2010-04-28  20:30:00  13 58 50.5  -03 49 18  +000691.5 -000128.3  22 59 02.7  160.561 38.000  12.22  39114 14.9
2010-04-28  20:40:00  14 06 32.4  -04 10 57  +000694.4 -000131.4  23 01 22.5  161.381 37.779  11.04  39048 14.9
2010-04-28  20:50:00  14 14 16.6  -04 33 06  +000698.1 -000134.5  23 03 40.0  162.186 37.542  10.08  38960 14.9
2010-04-28  21:00:00  14 22 03.5  -04 55 47  +000702.8 -000137.6  23 05 54.7  162.974 37.288   9.41  38849 14.9
2010-04-28  21:10:00  14 29 53.9  -05 18 59  +000708.5 -000140.8  23 08 05.9  163.740 37.017   9.11  38716 14.9
2010-04-28  21:20:00  14 37 48.3  -05 42 44  +000715.1 -000144.1  23 10 13.1  164.481 36.729   9.23  38561 14.9
2010-04-28  21:30:00  14 45 47.6  -06 07 02  +000722.8 -000147.4  23 12 15.5  165.194 36.423   9.75  38383 14.9
2010-04-28  21:40:00  14 53 52.3  -06 31 53  +000731.5 -000150.8  23 14 12.5  165.875 36.099  10.63  38184 14.9
2010-04-28  21:50:00  15 02 03.1  -06 57 18  +000741.4 -000154.3  23 16 03.3  166.519 35.757  11.81  37962 14.9
2010-04-28  22:00:00  15 10 21.0  -07 23 18  +000752.4 -000157.8  23 17 47.0  167.125 35.397  13.22  37718 14.9
2010-04-28  22:10:00  15 18 46.6  -07 49 54  +000764.8 -000161.4  23 19 23.0  167.687 35.019  14.81  37453 14.9
2010-04-28  22:20:00  15 27 21.0  -08 17 06  +000778.4 -000165.1  23 20 50.4  168.201 34.623  16.53  37165 14.9
2010-04-28  22:30:00  15 36 04.8  -08 44 56  +000793.5 -000168.8  23 22 08.1  168.664 34.208  18.38  36856 14.8
2010-04-28  22:40:00  15 44 59.3  -09 13 23  +000810.2 -000172.6  23 23 15.3  169.072 33.776  20.31  36525 14.8
2010-04-28  22:50:00  15 54 05.4  -09 42 29  +000828.5 -000176.5  23 24 10.8  169.419 33.325  22.35  36173 14.8
2010-04-28  23:00:00  16 03 24.3  -10 12 14  +000848.6 -000180.5  23 24 53.6  169.702 32.855  24.46  35800 14.8
2010-04-28  23:10:00  16 12 57.2  -10 42 39  +000870.6 -000184.5  23 25 22.3  169.915 32.367  26.66  35406 14.8
2010-04-28  23:20:00  16 22 45.5  -11 13 43  +000894.6 -000188.5  23 25 35.7  170.054 31.859  28.92  34991 14.8
2010-04-28  23:30:00  16 32 50.6  -11 45 28  +000921.0 -000192.4  23 25 32.3  170.113 31.332  31.28  34557 14.8
2010-04-28  23:40:00  16 43 14.0  -12 17 52  +000949.8 -000196.4  23 25 10.5  170.087 30.786  33.71  34102 14.8
2010-04-28  23:50:00  16 53 57.5  -12 50 55  +000981.3 -000200.2  23 24 28.6  169.969 30.218  36.24  33628 14.8
2010-04-29  00:00:00  17 05 03.0  -13 24 36  +001015.7 -000203.9  23 23 24.7  169.753 29.629  38.85  33136 14.8
2010-04-29  00:10:00  17 16 32.5  -13 58 52  +001053.4 -000207.3  23 21 56.9  169.432 29.017  41.56  32625 14.8
2010-04-29  00:20:00  17 28 28.2  -14 33 42  +001094.4 -000210.4  23 20 02.8  169.000 28.380  44.36  32098 14.8
2010-04-29  00:30:00  17 40 52.6  -15 08 59  +001139.4 -000213.0  23 17 40.1  168.448 27.717  47.29  31555 14.8
2010-04-29  00:40:00  17 53 48.2  -15 44 41  +001188.4 -000215.0  23 14 46.1  167.769 27.026  50.31  30997 14.8
2010-04-29  00:50:00  18 07 18.1  -16 20 37  +001242.0 -000216.2  23 11 17.9  166.953 26.303  53.48  30427 14.8
2010-04-29  01:00:00  18 21 25.2  -16 56 41  +001300.4 -000216.2  23 07 12.4  165.991 25.546  56.76  29844 14.8
2010-04-29  01:10:00  18 36 13.0  -17 32 38  +001364.0 -000214.9  23 02 26.3  164.874 24.750  60.20  29253 14.8
2010-04-29  01:20:00  18 51 45.0  -18 08 14  +001433.1 -000211.8  22 56 55.9  163.592 23.910  63.78  28655 14.9
2010-04-29  01:30:00  19 08 05.0  -18 43 08  +001508.1 -000206.5  22 50 37.5  162.135 23.022  67.54  28053 14.9
2010-04-29  01:40:00  19 25 17.1  -19 16 56  +001589.1 -000198.5  22 43 27.1  160.493 22.078  71.46  27450 14.9

   Date        UTC        RA         DECL      RARate   DeclRate    HourAng      Az     Um    Phase  Range  Mag
2010-04-30  18:10:00  09 59 44.1  +02 07 19  +001006.9 -000012.7  00 45 39.3  196.130 44.617  69.32  32441 15.2
2010-04-30  18:20:00  10 10 44.5  +02 04 25  +000974.7 -000021.7  00 44 40.5  195.780 44.616  66.69  32964 15.2
2010-04-30  18:30:00  10 21 24.3  +02 00 06  +000945.1 -000029.9  00 44 02.4  195.542 44.575  64.13  33469 15.2
2010-04-30  18:40:00  10 31 45.1  +01 54 29  +000917.8 -000037.4  00 43 43.2  195.407 44.497  61.65  33956 15.2
2010-04-30  18:50:00  10 41 48.5  +01 47 40  +000892.7 -000044.3  00 43 41.4  195.368 44.387  59.23  34422 15.2
2010-04-30  19:00:00  10 51 35.9  +01 39 45  +000869.7 -000050.6  00 43 55.7  195.416 44.246  56.88  34868 15.2
2010-04-30  19:10:00  11 01 08.5  +01 30 49  +000848.5 -000056.4  00 44 24.7  195.543 44.078  54.58  35294 15.1
2010-04-30  19:20:00  11 10 27.6  +01 20 58  +000829.1 -000061.8  00 45 07.2  195.743 43.884  52.35  35699 15.1
2010-04-30  19:30:00  11 19 34.4  +01 10 14  +000811.3 -000066.8  00 46 02.1  196.007 43.665  50.15  36083 15.1
2010-04-30  19:40:00  11 28 29.8  +00 58 42  +000795.1 -000071.5  00 47 08.4  196.330 43.423  48.02  36445 15.1
2010-04-30  19:50:00  11 37 14.8  +00 46 25  +000780.3 -000075.9  00 48 25.0  196.704 43.160  45.91  36786 15.1
2010-04-30  20:00:00  11 45 50.5  +00 33 26  +000766.8 -000080.0  00 49 51.0  197.125 42.876  43.85  37105 15.1
2010-04-30  20:10:00  11 54 17.5  +00 19 47  +000754.6 -000083.9  00 51 25.5  197.586 42.572  41.81  37402 15.1
2010-04-30  20:20:00  12 02 36.9  +00 05 29  +000743.6 -000087.6  00 53 07.8  198.082 42.249  39.82  37678 15.1
2010-04-30  20:30:00  12 10 49.3  -00 09 24  +000733.7 -000091.1  00 54 57.1  198.609 41.908  37.85  37931 15.1
2010-04-30  20:40:00  12 18 55.4  -00 24 52  +000724.9 -000094.5  00 56 52.6  199.160 41.550  35.92  38162 15.1
2010-04-30  20:50:00  12 26 56.1  -00 40 54  +000717.2 -000097.7  00 58 53.6  199.732 41.174  34.00  38370 15.1
2010-04-30  21:00:00  12 34 51.9  -00 57 27  +000710.4 -000100.9  01 00 59.4  200.320 40.782  32.12  38557 15.0
2010-04-30  21:10:00  12 42 43.6  -01 14 31  +000704.6 -000104.0  01 03 09.4  200.921 40.374  30.25  38721 15.0
2010-04-30  21:20:00  12 50 31.6  -01 32 06  +000699.8 -000107.0  01 05 22.9  201.530 39.952  28.41  38863 15.0
2010-04-30  21:30:00  12 58 16.8  -01 50 10  +000695.8 -000109.9  01 07 39.4  202.144 39.515  26.59  38982 15.0
2010-04-30  21:40:00  13 05 59.6  -02 08 43  +000692.7 -000112.8  01 09 58.3  202.759 39.064  24.80  39079 15.0
2010-04-30  21:50:00  13 13 40.6  -02 27 46  +000690.5 -000115.7  01 12 18.9  203.373 38.600  23.02  39153 15.0
2010-04-30  22:00:00  13 21 20.5  -02 47 17  +000689.2 -000118.5  01 14 40.7  203.981 38.124  21.27  39205 15.0
2010-04-30  22:10:00  13 28 59.7  -03 07 16  +000688.7 -000121.4  01 17 03.1  204.581 37.636  19.55  39234 15.0
2010-04-30  22:20:00  13 36 38.9  -03 27 44  +000689.1 -000124.2  01 19 25.5  205.170 37.138  17.87  39240 15.0
2010-04-30  22:30:00  13 44 18.7  -03 48 41  +000690.3 -000127.1  01 21 47.4  205.744 36.629  16.23  39224 15.0
2010-04-30  22:40:00  13 51 59.5  -04 10 06  +000692.4 -000130.0  01 24 08.2  206.302 36.112  14.65  39185 15.0
2010-04-30  22:50:00  13 59 42.0  -04 32 00  +000695.4 -000132.9  01 26 27.3  206.841 35.586  13.15  39123 14.9
2010-04-30  23:00:00  14 07 26.9  -04 54 24  +000699.3 -000135.9  01 28 44.1  207.358 35.052  11.77  39039 14.9
2010-04-30  23:10:00  14 15 14.6  -05 17 18  +000704.1 -000138.9  01 30 58.0  207.850 34.513  10.55  38931 14.9
2010-04-30  23:20:00  14 23 05.8  -05 40 42  +000709.8 -000141.9  01 33 08.4  208.314 33.967   9.57  38800 14.9
2010-04-30  23:30:00  14 31 01.2  -06 04 37  +000716.5 -000145.1  01 35 14.7  208.749 33.418   8.90  38647 14.9
2010-04-30  23:40:00  14 39 01.5  -06 29 04  +000724.3 -000148.3  01 37 16.1  209.151 32.865   8.65  38470 14.9
2010-04-30  23:50:00  14 47 07.2  -06 54 03  +000733.1 -000151.6  01 39 12.0  209.518 32.311   8.85  38270 14.9
2010-05-01  00:00:00  14 55 19.2  -07 19 35  +000743.1 -000154.9  01 41 01.6  209.848 31.755   9.49  38047 14.9
2010-05-01  00:10:00  15 03 38.3  -07 45 42  +000754.3 -000158.4  01 42 44.2  210.136 31.200  10.51  37800 14.9
2010-05-01  00:20:00  15 12 05.2  -08 12 24  +000766.7 -000161.9  01 44 18.9  210.381 30.646  11.82  37531 14.9
2010-05-01  00:30:00  15 20 40.8  -08 39 41  +000780.5 -000165.6  01 45 44.9  210.578 30.095  13.37  37237 14.8
2010-05-01  00:40:00  15 29 26.1  -09 07 36  +000795.7 -000169.3  01 47 01.3  210.726 29.548  15.08  36921 14.8
2010-05-01  00:50:00  15 38 22.1  -09 36 08  +000812.4 -000173.2  01 48 07.0  210.820 29.008  16.94  36581 14.8
2010-05-01  01:00:00  15 47 29.7  -10 05 19  +000830.8 -000177.1  01 49 01.0  210.857 28.474  18.91  36218 14.8
2010-05-01  01:10:00  15 56 50.2  -10 35 10  +000851.1 -000181.1  01 49 42.1  210.833 27.949  20.99  35831 14.8
2010-05-01  01:20:00  16 06 24.9  -11 05 42  +000873.2 -000185.2  01 50 09.1  210.743 27.435  23.15  35422 14.8
2010-05-01  01:30:00  16 16 15.0  -11 36 54  +000897.5 -000189.3  01 50 20.7  210.583 26.932  25.41  34989 14.8
2010-05-01  01:40:00  16 26 22.0  -12 08 49  +000924.1 -000193.5  01 50 15.3  210.347 26.444  27.75  34533 14.8
