ЭФЕМЕРИДЫ ПО ОБЪЕКТУ:  95380
Для пункта:  10016 Маяки   46 23'50.68"   30 16'17.74"    14m
C   2010-04-15 12:00
по  2010-05-01 12:00
Шаг  0:10:00
Мин.угол места:          10 град
Макс.угол места Солнца: -10 град
Стандартный блеск :      8.3 (зв.вел.)

ОБОЗНАЧЕНИЯ
RA        прямое восхождение, тек.эпоха
DECL      склонение, тек.эпоха
RARate    скорость по пр.восх., арксек/мин
DeclRate  скорость по склонению, арксек/мин
HourAng   часовой угол
Az        азимут
Um        угол места
Phase     фазовый угол
Range     дальность
Mag       зв.величина (оценка)

   Date        UTC        RA         DECL      RARate   DeclRate    HourAng      Az     Um    Phase  Range  Mag
2010-04-16  23:50:00  12 28 28.3  -18 20 50     <<SHADOW>>        03 02 39.1  224.227 13.270  19.00  19661 ----
2010-04-17  00:00:00  12 50 50.6  -17 07 23     <<SHADOW>>        02 50 18.5  222.218 15.791  13.67  21359 ----
2010-04-17  00:10:00  13 09 30.7  -16 05 39     <<SHADOW>>        02 41 40.0  220.830 17.682   9.33  22977 ----
2010-04-17  00:20:00  13 25 24.6  -15 13 08     <<SHADOW>>        02 35 47.8  219.939 19.114   5.99  24518 ----
2010-04-17  00:30:00  13 39 13.9  -14 28 01     <<SHADOW>>        02 32 00.1  219.436 20.201   4.10  25979 ----
2010-04-17  00:40:00  13 51 26.7  -13 48 52     <<SHADOW>>        02 29 49.0  219.245 21.022   4.45  27358 ----
2010-04-17  00:50:00  14 02 23.1  -13 14 32  +000935.4 +000193.3  02 28 54.2  219.308 21.633   6.20  28658 14.3
2010-04-17  01:00:00  14 12 18.2  -12 44 11  +000852.4 +000171.6  02 29 00.8  219.579 22.073   8.27  29882 14.4
2010-04-17  01:10:00  14 21 23.0  -12 17 08  +000784.2 +000153.5  02 29 57.5  220.022 22.371  10.33  31032 14.5
2010-04-17  01:20:00  14 29 46.4  -11 52 52  +000727.5 +000138.2  02 31 35.8  220.607 22.548  12.30  32111 14.6
2010-04-17  01:30:00  14 37 35.1  -11 30 57  +000679.8 +000125.2  02 33 48.8  221.311 22.621  14.18  33120 14.7
2010-04-17  01:40:00  14 44 54.5  -11 11 03  +000639.5 +000113.9  02 36 31.0  222.113 22.604  15.94  34064 14.8
2010-04-17  01:50:00  14 51 49.1  -10 52 53  +000605.1 +000104.2  02 39 38.0  222.998 22.507  17.64  34942 14.8
2010-04-17  02:00:00  14 58 22.5  -10 36 15  +000575.7 +000095.7  02 43 06.3  223.951 22.338  19.24  35758 14.9
2010-04-17  02:10:00  15 04 37.6  -10 20 56  +000550.4 +000088.2  02 46 52.8  224.959 22.105  20.78  36513 14.9

   Date        UTC        RA         DECL      RARate   DeclRate    HourAng      Az     Um    Phase  Range  Mag
2010-04-17  21:30:00  11 30 15.2  -24 58 08  +004248.6 +001066.4  01 44 25.8  204.371 14.817  34.56  13798 12.9
2010-04-17  21:40:00  12 10 24.0  -22 19 40  +003075.5 +000840.4  01 14 18.7  198.189 19.244  25.04  15760 13.1
2010-04-17  21:50:00  12 40 15.9  -20 15 21     <<SHADOW>>        00 54 28.4  193.804 22.216  17.90  17678 ----
2010-04-17  22:00:00  13 03 37.5  -18 37 04     <<SHADOW>>        00 41 08.4  190.701 24.323  12.42  19512 ----
2010-04-17  22:10:00  13 22 37.9  -17 17 58     <<SHADOW>>        00 32 09.7  188.537 25.890   8.28  21249 ----
2010-04-17  22:20:00  13 38 36.0  -16 13 08     <<SHADOW>>        00 26 13.2  187.073 27.105   5.64  22882 ----
2010-04-17  22:30:00  13 52 18.5  -15 18 57     <<SHADOW>>        00 22 32.3  186.161 28.078   5.12  24419 ----
2010-04-17  22:40:00  14 04 19.5  -14 32 59     <<SHADOW>>        00 20 33.0  185.681 28.877   6.41  25860 ----
2010-04-17  22:50:00  14 15 01.6  -13 53 28     <<SHADOW>>        00 19 52.6  185.546 29.546   8.38  27210 ----
2010-04-17  23:00:00  14 24 41.1  -13 19 05  +000828.7 +000193.0  00 20 14.7  185.695 30.111  10.44  28474 14.3
2010-04-17  23:10:00  14 33 30.0  -12 48 51  +000760.3 +000170.5  00 21 27.4  186.079 30.592  12.45  29655 14.4
2010-04-17  23:20:00  14 41 37.5  -12 22 03  +000703.8 +000151.8  00 23 21.5  186.658 31.001  14.35  30757 14.5
2010-04-17  23:30:00  14 49 10.6  -11 58 05  +000656.6 +000136.2  00 25 50.1  187.403 31.347  16.17  31785 14.6
2010-04-17  23:40:00  14 56 14.8  -11 36 31  +000616.9 +000123.0  00 28 47.6  188.289 31.635  17.87  32740 14.7
2010-04-17  23:50:00  15 02 54.5  -11 16 59  +000583.1 +000111.6  00 32 09.5  189.294 31.870  19.50  33626 14.7
2010-04-18  00:00:00  15 09 13.4  -10 59 13  +000554.3 +000101.8  00 35 52.3  190.402 32.054  21.04  34446 14.8
2010-04-18  00:10:00  15 15 14.5  -10 42 59  +000529.5 +000093.3  00 39 52.8  191.596 32.191  22.53  35201 14.9
2010-04-18  00:20:00  15 21 00.2  -10 28 04  +000508.3 +000085.8  00 44 08.7  192.865 32.281  23.94  35895 14.9
2010-04-18  00:30:00  15 26 32.8  -10 14 21  +000489.9 +000079.1  00 48 37.8  194.197 32.326  25.31  36527 15.0
2010-04-18  00:40:00  15 31 54.0  -10 01 40  +000474.1 +000073.1  00 53 18.2  195.581 32.326  26.63  37101 15.0
2010-04-18  00:50:00  15 37 05.5  -09 49 56  +000460.6 +000067.8  00 58 08.4  197.008 32.284  27.92  37617 15.1
2010-04-18  01:00:00  15 42 08.6  -09 39 03  +000449.0 +000062.9  01 03 06.9  198.470 32.200  29.16  38077 15.1
2010-04-18  01:10:00  15 47 04.5  -09 28 57  +000439.2 +000058.5  01 08 12.6  199.959 32.075  30.39  38481 15.1
2010-04-18  01:20:00  15 51 54.5  -09 19 33  +000430.9 +000054.4  01 13 24.3  201.468 31.910  31.57  38831 15.2
2010-04-18  01:30:00  15 56 39.4  -09 10 48  +000424.1 +000050.6  01 18 41.0  202.992 31.706  32.76  39127 15.2
2010-04-18  01:40:00  16 01 20.3  -09 02 40  +000418.7 +000047.0  01 24 01.8  204.523 31.465  33.91  39369 15.2
2010-04-18  01:50:00  16 05 58.0  -08 55 07  +000414.5 +000043.7  01 29 25.8  206.057 31.187  35.06  39559 15.2
2010-04-18  02:00:00  16 10 33.2  -08 48 06  +000411.5 +000040.5  01 34 52.1  207.588 30.875  36.18  39695 15.2

   Date        UTC        RA         DECL      RARate   DeclRate    HourAng      Az     Um    Phase  Range  Mag
2010-04-18  19:20:00  10 40 42.0  -32 54 36  +007585.7 +002188.0  00 27 34.2  185.880 10.449  47.82  10113 12.4
2010-04-18  19:30:00  11 46 14.3  -27 38 17  +004585.1 +001599.5  23 32 03.6  173.575 15.694  32.75  12331 12.7
2010-04-18  19:40:00  12 28 10.7  -23 53 35  +003120.2 +001128.2  23 00 08.8  165.593 18.413  22.66  14569 13.0
2010-04-18  19:50:00  12 57 58.7  -21 12 58     <<SHADOW>>        22 40 22.5  160.255 20.026  15.49  16710 ----
2010-04-18  20:00:00  13 20 45.4  -19 13 50     <<SHADOW>>        22 27 37.4  156.606 21.129  10.32  18722 ----
2010-04-18  20:10:00  13 39 04.9  -17 42 11     <<SHADOW>>        22 19 19.5  154.092 21.988   6.94  20600 ----
2010-04-18  20:20:00  13 54 22.7  -16 29 25     <<SHADOW>>        22 14 03.4  152.378 22.726   5.79  22348 ----
2010-04-18  20:30:00  14 07 31.4  -15 30 10     <<SHADOW>>        22 10 56.3  151.249 23.402   6.78  23973 ----
2010-04-18  20:40:00  14 19 02.1  -14 40 50     <<SHADOW>>        22 09 27.3  150.570 24.048   8.69  25486 ----
2010-04-18  20:50:00  14 29 18.1  -13 59 03     <<SHADOW>>        22 09 12.9  150.241 24.680  10.81  26894 ----
2010-04-18  21:00:00  14 38 35.1  -13 23 08  +000797.4 +000200.4  22 09 57.6  150.195 25.304  12.88  28202 14.3
2010-04-18  21:10:00  14 47 04.6  -12 51 53  +000733.2 +000175.4  22 11 29.7  150.381 25.922  14.86  29418 14.4
2010-04-18  21:20:00  14 54 55.2  -12 24 25  +000680.2 +000155.0  22 13 40.7  150.760 26.537  16.72  30547 14.5
2010-04-18  21:30:00  15 02 13.5  -12 00 02  +000636.0 +000138.1  22 16 24.0  151.305 27.146  18.49  31593 14.6
2010-04-18  21:40:00  15 09 04.8  -11 38 14  +000598.8 +000123.9  22 19 34.4  151.993 27.748  20.16  32561 14.7
2010-04-18  21:50:00  15 15 33.2  -11 18 37  +000567.1 +000111.9  22 23 07.7  152.805 28.341  21.75  33454 14.8
2010-04-18  22:00:00  15 21 42.0  -11 00 51  +000540.0 +000101.5  22 27 00.5  153.727 28.923  23.25  34277 14.8
2010-04-18  22:10:00  15 27 34.1  -10 44 41  +000516.8 +000092.6  22 31 10.1  154.747 29.491  24.70  35031 14.9
2010-04-18  22:20:00  15 33 11.7  -10 29 55  +000496.7 +000084.8  22 35 34.0  155.854 30.044  26.08  35719 14.9
2010-04-18  22:30:00  15 38 37.0  -10 16 23  +000479.5 +000077.9  22 40 10.4  157.040 30.578  27.43  36343 15.0
2010-04-18  22:40:00  15 43 51.6  -10 03 55  +000464.6 +000071.8  22 44 57.5  158.298 31.091  28.72  36906 15.0
2010-04-18  22:50:00  15 48 56.9  -09 52 25  +000451.8 +000066.3  22 49 53.8  159.619 31.582  29.98  37409 15.1
2010-04-18  23:00:00  15 53 54.4  -09 41 48  +000440.8 +000061.3  22 54 58.0  160.999 32.049  31.20  37853 15.1
2010-04-18  23:10:00  15 58 45.1  -09 31 58  +000431.6 +000056.8  23 00 08.9  162.430 32.489  32.41  38241 15.1
2010-04-18  23:20:00  16 03 30.1  -09 22 52  +000423.8 +000052.6  23 05 25.5  163.907 32.901  33.58  38572 15.2
2010-04-18  23:30:00  16 08 10.5  -09 14 25  +000417.4 +000048.8  23 10 46.8  165.426 33.284  34.74  38848 15.2
2010-04-18  23:40:00  16 12 47.0  -09 06 35  +000412.4 +000045.2  23 16 11.9  166.981 33.635  35.87  39070 15.2
2010-04-18  23:50:00  16 17 20.6  -08 59 21  +000408.5 +000041.8  23 21 39.9  168.566 33.954  37.00  39238 15.2
2010-04-19  00:00:00  16 21 52.0  -08 52 39  +000405.8 +000038.6  23 27 10.2  170.176 34.240  38.11  39354 15.3
2010-04-19  00:10:00  16 26 22.0  -08 46 28  +000404.3 +000035.6  23 32 41.9  171.807 34.492  39.23  39416 15.3
2010-04-19  00:20:00  16 30 51.3  -08 40 47  +000403.8 +000032.6  23 38 14.2  173.453 34.708  40.33  39426 15.3
2010-04-19  00:30:00  16 35 20.7  -08 35 35  +000404.5 +000029.7  23 43 46.4  175.108 34.890  41.44  39383 15.3
2010-04-19  00:40:00  16 39 50.9  -08 30 53  +000406.3 +000026.9  23 49 17.9  176.768 35.036  42.54  39288 15.3
2010-04-19  00:50:00  16 44 22.6  -08 26 38  +000409.2 +000024.0  23 54 47.8  178.426 35.146  43.66  39139 15.3
2010-04-19  01:00:00  16 48 56.7  -08 22 52  +000413.3 +000021.2  00 00 15.3  180.077 35.221  44.78  38938 15.3
2010-04-19  01:10:00  16 53 34.0  -08 19 35  +000418.7 +000018.2  00 05 39.7  181.715 35.262  45.92  38683 15.3
2010-04-19  01:20:00  16 58 15.2  -08 16 48  +000425.3 +000015.2  00 11 00.1  183.334 35.268  47.06  38374 15.3
2010-04-19  01:30:00  17 03 01.4  -08 14 31  +000433.4 +000012.1  00 16 15.6  184.928 35.240  48.24  38010 15.3
2010-04-19  01:40:00  17 07 53.5  -08 12 47  +000443.1 +000008.7  00 21 25.1  186.489 35.181  49.42  37591 15.3
2010-04-19  01:50:00  17 12 52.6  -08 11 37  +000454.5 +000005.2  00 26 27.7  188.011 35.090  50.65  37114 15.3
2010-04-19  02:00:00  17 17 59.9  -08 11 05  +000467.8 +000001.3  00 31 22.0  189.486 34.970  51.89  36579 15.3

   Date        UTC        RA         DECL      RARate   DeclRate    HourAng      Az     Um    Phase  Range  Mag
2010-04-19  19:00:00  14 48 00.7  -12 58 46     <<SHADOW>>        20 04 08.8  121.851 10.594  14.23  28929 ----
2010-04-19  19:10:00  14 56 23.8  -12 28 35  +000725.7 +000169.1  20 05 47.3  121.869 11.237  16.23  30188 14.5
2010-04-19  19:20:00  15 04 10.6  -12 02 08  +000676.0 +000148.9  20 08 02.2  122.049 11.918  18.11  31352 14.6
2010-04-19  19:30:00  15 11 27.0  -11 38 46  +000634.4 +000132.2  20 10 47.4  122.365 12.633  19.89  32427 14.7
2010-04-19  19:40:00  15 18 17.9  -11 17 55  +000599.2 +000118.3  20 13 58.1  122.797 13.375  21.57  33418 14.7
2010-04-19  19:50:00  15 24 47.2  -10 59 12  +000569.2 +000106.6  20 17 30.5  123.330 14.138  23.17  34329 14.8
2010-04-19  20:00:00  15 30 57.9  -10 42 18  +000543.5 +000096.5  20 21 21.5  123.952 14.919  24.69  35164 14.9
2010-04-19  20:10:00  15 36 52.6  -10 26 57  +000521.3 +000087.9  20 25 28.3  124.653 15.714  26.16  35927 14.9
2010-04-19  20:20:00  15 42 33.7  -10 12 57  +000502.2 +000080.3  20 29 48.9  125.424 16.518  27.56  36620 15.0
2010-04-19  20:30:00  15 48 02.9  -10 00 08  +000485.7 +000073.6  20 34 21.4  126.258 17.328  28.92  37246 15.0
2010-04-19  20:40:00  15 53 21.9  -09 48 22  +000471.5 +000067.7  20 39 04.0  127.151 18.142  30.23  37808 15.1
2010-04-19  20:50:00  15 58 32.0  -09 37 32  +000459.2 +000062.4  20 43 55.6  128.097 18.955  31.52  38307 15.1
2010-04-19  21:00:00  16 03 34.6  -09 27 33  +000448.7 +000057.6  20 48 54.6  129.091 19.767  32.76  38745 15.2
2010-04-19  21:10:00  16 08 30.7  -09 18 19  +000439.8 +000053.2  20 54 00.2  130.130 20.573  33.99  39123 15.2
2010-04-19  21:20:00  16 13 21.3  -09 09 47  +000432.4 +000049.2  20 59 11.1  131.211 21.371  35.18  39444 15.2
2010-04-19  21:30:00  16 18 07.5  -09 01 53  +000426.3 +000045.5  21 04 26.6  132.330 22.159  36.36  39708 15.3
2010-04-19  21:40:00  16 22 50.0  -08 54 35  +000421.5 +000042.1  21 09 45.7  133.485 22.936  37.52  39916 15.3
2010-04-19  21:50:00  16 27 29.8  -08 47 51  +000417.9 +000038.9  21 15 07.6  134.672 23.697  38.68  40069 15.3
2010-04-19  22:00:00  16 32 07.5  -08 41 38  +000415.4 +000035.8  21 20 31.6  135.890 24.443  39.81  40168 15.3
2010-04-19  22:10:00  16 36 43.9  -08 35 55  +000414.1 +000032.9  21 25 56.8  137.134 25.169  40.95  40213 15.3
2010-04-19  22:20:00  16 41 19.8  -08 30 40  +000413.8 +000030.0  21 31 22.5  138.402 25.876  42.08  40205 15.3
2010-04-19  22:30:00  16 45 55.9  -08 25 54  +000414.7 +000027.3  21 36 48.1  139.692 26.560  43.22  40143 15.4
2010-04-19  22:40:00  16 50 33.0  -08 21 35  +000416.7 +000024.6  21 42 12.6  140.999 27.219  44.35  40029 15.4
2010-04-19  22:50:00  16 55 11.8  -08 17 43  +000419.9 +000021.8  21 47 35.5  142.321 27.853  45.49  39862 15.4
2010-04-19  23:00:00  16 59 53.1  -08 14 18  +000424.3 +000019.1  21 52 55.8  143.654 28.459  46.64  39642 15.4
2010-04-19  23:10:00  17 04 37.8  -08 11 20  +000430.0 +000016.3  21 58 12.8  144.994 29.035  47.81  39369 15.4
2010-04-19  23:20:00  17 09 26.7  -08 08 51  +000437.0 +000013.5  22 03 25.5  146.335 29.580  48.98  39042 15.4
2010-04-19  23:30:00  17 14 20.8  -08 06 52  +000445.6 +000010.5  22 08 33.0  147.674 30.092  50.19  38661 15.4
2010-04-19  23:40:00  17 19 21.1  -08 05 22  +000455.7 +000007.3  22 13 34.3  149.003 30.569  51.40  38225 15.4
2010-04-19  23:50:00  17 24 28.9  -08 04 25  +000467.7 +000004.0  22 18 28.2  150.318 31.011  52.66  37734 15.4
2010-04-20  00:00:00  17 29 45.2  -08 04 03  +000481.8 +000000.4  22 23 13.5  151.611 31.414  53.94  37186 15.3
2010-04-20  00:10:00  17 35 11.7  -08 04 19  +000498.1 -000003.6  22 27 48.7  152.873 31.778  55.27  36581 15.3
2010-04-20  00:20:00  17 40 49.9  -08 05 17  +000517.0 -000008.0  22 32 12.1  154.096 32.101  56.64  35917 15.3
2010-04-20  00:30:00  17 46 41.7  -08 07 01  +000539.0 -000012.9  22 36 21.9  155.269 32.381  58.07  35192 15.3
2010-04-20  00:40:00  17 52 49.4  -08 09 38  +000564.6 -000018.5  22 40 15.9  156.381 32.614  59.55  34405 15.3
2010-04-20  00:50:00  17 59 15.5  -08 13 13  +000594.5 -000024.9  22 43 51.5  157.416 32.800  61.12  33555 15.2
2010-04-20  01:00:00  18 06 03.2  -08 17 58  +000629.5 -000032.3  22 47 05.4  158.360 32.933  62.75  32637 15.2
2010-04-20  01:10:00  18 13 16.2  -08 24 03  +000670.7 -000041.0  22 49 54.1  159.192 33.010  64.50  31652 15.2
2010-04-20  01:20:00  18 20 59.1  -08 31 43  +000719.7 -000051.4  22 52 12.8  159.891 33.026  66.36  30594 15.1
2010-04-20  01:30:00  18 29 17.8  -08 41 18  +000778.3 -000063.9  22 53 55.7  160.427 32.971  68.36  29462 15.1
2010-04-20  01:40:00  18 38 19.5  -08 53 12  +000849.3 -000079.3  22 54 55.7  160.768 32.835  70.52  28252 15.1
2010-04-20  01:50:00  18 48 13.7  -09 07 57  +000936.5 -000098.5  22 55 03.1  160.870 32.603  72.90  26960 15.0
2010-04-20  02:00:00  18 59 12.9  -09 26 20  +001045.3 -000122.9  22 54 05.6  160.681 32.251  75.51  25583 15.0

   Date        UTC        RA         DECL      RARate   DeclRate    HourAng      Az     Um    Phase  Range  Mag
2010-04-20  20:40:00  16 57 07.7  -08 01 17  +000436.8 +000023.3  19 39 14.7  113.838 10.691  45.17  41719 15.5
2010-04-20  20:50:00  17 01 59.9  -07 57 37  +000440.0 +000020.8  19 44 24.2  114.804 11.549  46.37  41549 15.5
2010-04-20  21:00:00  17 06 54.6  -07 54 22  +000444.3 +000018.3  19 49 31.1  115.775 12.389  47.57  41326 15.5
2010-04-20  21:10:00  17 11 52.6  -07 51 31  +000450.0 +000015.7  19 54 34.7  116.749 13.208  48.79  41049 15.5
2010-04-20  21:20:00  17 16 54.9  -07 49 07  +000457.1 +000013.1  19 59 34.1  117.722 14.004  50.02  40718 15.5
2010-04-20  21:30:00  17 22 02.4  -07 47 09  +000465.7 +000010.4  20 04 28.2  118.691 14.775  51.28  40334 15.5
2010-04-20  21:40:00  17 27 16.2  -07 45 39  +000475.9 +000007.6  20 09 16.1  119.653 15.517  52.55  39894 15.5
2010-04-20  21:50:00  17 32 37.4  -07 44 37  +000488.0 +000004.6  20 13 56.6  120.604 16.228  53.86  39400 15.5
2010-04-20  22:00:00  17 38 07.3  -07 44 07  +000502.1 +000001.4  20 18 28.3  121.538 16.904  55.19  38851 15.5
2010-04-20  22:10:00  17 43 47.3  -07 44 09  +000518.5 -000002.0  20 22 49.9  122.451 17.541  56.58  38244 15.4
2010-04-20  22:20:00  17 49 39.1  -07 44 48  +000537.5 -000005.8  20 26 59.8  123.337 18.135  58.00  37581 15.4
2010-04-20  22:30:00  17 55 44.6  -07 46 08  +000559.6 -000010.1  20 30 55.9  124.189 18.681  59.49  36859 15.4
2010-04-20  22:40:00  18 02 06.0  -07 48 12  +000585.2 -000014.8  20 34 36.2  124.997 19.174  61.02  36077 15.4
2010-04-20  22:50:00  18 08 45.8  -07 51 06  +000615.0 -000020.2  20 37 58.0  125.754 19.607  62.64  35235 15.4
2010-04-20  23:00:00  18 15 47.1  -07 54 57  +000649.8 -000026.3  20 40 58.4  126.446 19.972  64.34  34329 15.4
2010-04-20  23:10:00  18 23 13.5  -07 59 55  +000690.6 -000033.5  20 43 33.6  127.062 20.261  66.14  33359 15.3
2010-04-20  23:20:00  18 31 09.5  -08 06 11  +000738.8 -000041.8  20 45 39.3  127.584 20.461  68.05  32322 15.3
2010-04-20  23:30:00  18 39 40.5  -08 13 57  +000796.0 -000051.8  20 47 09.9  127.993 20.559  70.11  31217 15.3
2010-04-20  23:40:00  18 48 53.4  -08 23 33  +000864.8 -000063.8  20 47 58.7  128.266 20.535  72.31  30040 15.2
2010-04-20  23:50:00  18 58 56.8  -08 35 22  +000948.3 -000078.5  20 47 56.9  128.375 20.366  74.73  28790 15.2
2010-04-21  00:00:00  19 10 01.9  -08 49 55  +001050.9 -000096.6  20 46 53.4  128.283 20.021  77.37  27465 15.2
2010-04-21  00:10:00  19 22 23.5  -09 07 50  +001179.0 -000119.4  20 44 33.5  127.946 19.455  80.32  26061 15.1
2010-04-21  00:20:00  19 36 21.4  -09 30 04  +001341.8 -000148.6  20 40 37.2  127.307 18.608  83.63  24578 15.1
2010-04-21  00:30:00  19 52 23.1  -09 57 52  +001553.1 -000186.5  20 34 37.2  126.292 17.396  87.41  23016 15.0
2010-04-21  00:40:00  20 11 07.4  -10 32 55  +001834.1 -000236.6  20 25 54.5  124.803 15.694  91.79  21375 15.0
2010-04-21  00:50:00  20 33 31.0  -11 17 39  +002218.3 -000303.4  20 13 32.5  122.707 13.316  96.98  19664 15.0

   Date        UTC        RA         DECL      RARate   DeclRate    HourAng      Az     Um    Phase  Range  Mag
2010-04-22  23:20:00  12 25 25.7  -19 06 43     <<SHADOW>>        02 59 16.1  223.121 13.012  24.17  18608 ----
2010-04-22  23:30:00  12 50 13.9  -17 42 42     <<SHADOW>>        02 44 29.6  220.659 15.937  18.12  20347 ----
2010-04-22  23:40:00  13 10 38.2  -16 32 42     <<SHADOW>>        02 34 06.9  218.922 18.117  13.12  22007 ----
2010-04-22  23:50:00  13 27 46.7  -15 33 37     <<SHADOW>>        02 27 00.1  217.768 19.760   8.90  23595 ----
2010-04-23  00:00:00  13 42 31.7  -14 43 17     <<SHADOW>>        02 22 16.8  217.061 21.010   5.30  25100 ----
2010-04-23  00:10:00  13 55 27.0  -13 59 54     <<SHADOW>>        02 19 23.0  216.712 21.964   2.27  26522 ----
2010-04-23  00:20:00  14 06 56.7  -13 22 07     <<SHADOW>>        02 17 55.0  216.652 22.685   1.48  27863 ----
2010-04-23  00:30:00  14 17 18.1  -12 48 55  +000887.7 +000187.2  02 17 35.3  216.827 23.220   3.70  29127 14.4
2010-04-23  00:40:00  14 26 44.1  -12 19 28  +000812.7 +000166.7  02 18 10.9  217.198 23.603   5.97  30314 14.5
2010-04-23  00:50:00  14 35 24.6  -11 53 10  +000750.7 +000149.4  02 19 32.0  217.729 23.857   8.11  31428 14.6
2010-04-23  01:00:00  14 43 27.4  -11 29 31  +000698.9 +000134.8  02 21 30.9  218.395 24.002  10.10  32472 14.6
2010-04-23  01:10:00  14 50 58.4  -11 08 06  +000655.3 +000122.3  02 24 01.5  219.171 24.051  11.97  33448 14.7
2010-04-23  01:20:00  14 58 02.6  -10 48 38  +000618.2 +000111.6  02 26 59.0  220.041 24.016  13.72  34358 14.8
2010-04-23  01:30:00  15 04 43.9  -10 30 50  +000586.6 +000102.2  02 30 19.3  220.988 23.906  15.39  35204 14.8
2010-04-23  01:40:00  15 11 05.7  -10 14 31  +000559.4 +000093.9  02 33 59.1  221.998 23.728  16.97  35988 14.9
2010-04-23  01:50:00  15 17 10.7  -09 59 28  +000536.0 +000086.7  02 37 55.8  223.061 23.489  18.49  36712 14.9
2010-04-23  02:00:00  15 23 01.2  -09 45 35  +000515.9 +000080.2  02 42 07.0  224.166 23.194  19.93  37377 15.0

   Date        UTC        RA         DECL      RARate   DeclRate    HourAng      Az     Um    Phase  Range  Mag
2010-04-23  21:00:00  11 15 27.9  -26 47 22  +005132.1 +001249.3  01 52 47.5  205.596 12.485  42.17  12702 12.8
2010-04-23  21:10:00  12 03 05.4  -23 40 21  +003579.1 +000993.6  01 15 11.7  198.067 17.890  30.97  14676 13.0
2010-04-23  21:20:00  12 37 20.2  -21 13 60  +002659.1 +000772.1  00 50 58.5  192.758 21.392  22.71  16639 13.2
2010-04-23  21:30:00  13 03 26.3  -19 19 46     <<SHADOW>>        00 34 54.0  189.001 23.801  16.30  18530 ----
2010-04-23  21:40:00  13 24 15.8  -17 49 07     <<SHADOW>>        00 24 06.2  186.360 25.553  11.18  20325 ----
2010-04-23  21:50:00  13 41 31.0  -16 35 45     <<SHADOW>>        00 16 52.6  184.534 26.892   6.99  22013 ----
2010-04-23  22:00:00  13 56 08.8  -15 35 05     <<SHADOW>>        00 12 16.4  183.346 27.956   3.66  23603 ----
2010-04-23  22:10:00  14 08 51.2  -14 44 06     <<SHADOW>>        00 09 35.7  182.648 28.829   2.15  25095 ----
2010-04-23  22:20:00  14 20 05.2  -14 00 36     <<SHADOW>>        00 08 23.4  182.340 29.563   3.73  26492 ----
2010-04-23  22:30:00  14 30 09.7  -13 22 60     <<SHADOW>>        00 08 20.4  182.347 30.190   6.00  27800 ----
2010-04-23  22:40:00  14 39 18.7  -12 50 08  +000787.3 +000184.8  00 09 13.1  182.614 30.731   8.19  29022 14.4
2010-04-23  22:50:00  14 47 42.5  -12 21 08  +000725.8 +000163.9  00 10 51.0  183.098 31.200  10.25  30163 14.5
2010-04-23  23:00:00  14 55 28.9  -11 55 19  +000674.8 +000146.4  00 13 06.2  183.764 31.606  12.16  31227 14.6
2010-04-23  23:10:00  15 02 44.1  -11 32 11  +000632.0 +000131.7  00 15 52.6  184.585 31.957  13.97  32217 14.6
2010-04-23  23:20:00  15 09 33.1  -11 11 17  +000595.8 +000119.2  00 19 05.3  185.538 32.255  15.66  33136 14.7
2010-04-23  23:30:00  15 15 59.7  -10 52 20  +000564.9 +000108.5  00 22 40.4  186.604 32.505  17.27  33986 14.8
2010-04-23  23:40:00  15 22 07.3  -10 35 03  +000538.5 +000099.1  00 26 34.4  187.767 32.708  18.79  34771 14.8
2010-04-23  23:50:00  15 27 58.5  -10 19 14  +000515.7 +000091.0  00 30 44.8  189.014 32.865  20.25  35493 14.9
2010-04-24  00:00:00  15 33 35.6  -10 04 41  +000496.2 +000083.7  00 35 09.3  190.331 32.978  21.64  36153 14.9
2010-04-24  00:10:00  15 39 00.7  -09 51 17  +000479.3 +000077.3  00 39 45.9  191.708 33.048  22.99  36754 15.0
2010-04-24  00:20:00  15 44 15.3  -09 38 53  +000464.8 +000071.6  00 44 33.0  193.136 33.075  24.29  37296 15.0
2010-04-24  00:30:00  15 49 20.9  -09 27 24  +000452.4 +000066.4  00 49 29.0  194.605 33.059  25.56  37780 15.0
2010-04-24  00:40:00  15 54 18.9  -09 16 44  +000441.9 +000061.6  00 54 32.6  196.107 33.003  26.78  38209 15.1
2010-04-24  00:50:00  15 59 10.4  -09 06 50  +000432.9 +000057.3  00 59 42.7  197.635 32.906  27.99  38583 15.1
2010-04-24  01:00:00  16 03 56.5  -08 57 37  +000425.5 +000053.3  01 04 58.3  199.183 32.769  29.17  38903 15.1
2010-04-24  01:10:00  16 08 38.1  -08 49 04  +000419.5 +000049.5  01 10 18.3  200.744 32.594  30.33  39168 15.2
2010-04-24  01:20:00  16 13 16.1  -08 41 06  +000414.8 +000046.0  01 15 42.0  202.311 32.381  31.47  39381 15.2
2010-04-24  01:30:00  16 17 51.4  -08 33 42  +000411.3 +000042.7  01 21 08.3  203.880 32.132  32.61  39541 15.2
2010-04-24  01:40:00  16 22 24.8  -08 26 51  +000408.9 +000039.6  01 26 36.6  205.446 31.847  33.72  39648 15.2
2010-04-24  01:50:00  16 26 56.9  -08 20 31  +000407.7 +000036.5  01 32 06.1  207.003 31.529  34.85  39702 15.2

   Date        UTC        RA         DECL      RARate   DeclRate    HourAng      Az     Um    Phase  Range  Mag
2010-04-24  19:00:00  11 29 59.9  -30 09 43  +005736.8 +001975.8  23 41 52.4  175.974 13.331  40.44  11182 12.5
2010-04-24  19:10:00  12 20 57.5  -25 33 08  +003680.6 +001375.7  23 00 56.3  166.101 16.816  28.31  13460 12.8
2010-04-24  19:20:00  12 55 25.3  -22 19 33  +002625.2 +000977.2  22 36 30.3  159.634 18.724  19.81  15675 13.1
2010-04-24  19:30:00  13 20 55.1  -19 59 23  +002013.2 +000723.1  22 21 02.0  155.267 19.942  13.45  17765 13.3
2010-04-24  19:40:00  13 40 58.8  -18 13 42     <<SHADOW>>        22 11 00.0  152.267 20.844   8.52  19718 ----
2010-04-24  19:50:00  13 57 27.8  -16 51 10     <<SHADOW>>        22 04 32.7  150.206 21.598   4.74  21537 ----
2010-04-24  20:00:00  14 11 28.3  -15 44 49     <<SHADOW>>        22 00 33.8  148.812 22.280   2.78  23224 ----
2010-04-24  20:10:00  14 23 37.3  -14 50 10     <<SHADOW>>        21 58 26.4  147.928 22.932   3.96  24796 ----
2010-04-24  20:20:00  14 34 22.9  -14 04 16     <<SHADOW>>        21 57 42.5  147.433 23.572   6.22  26257 ----
2010-04-24  20:30:00  14 44 03.4  -13 25 06     <<SHADOW>>        21 58 03.7  147.246 24.208   8.51  27615 ----
2010-04-24  20:40:00  14 52 51.8  -12 51 13  +000758.8 +000189.7  21 59 16.9  147.310 24.843  10.64  28877 14.4
2010-04-24  20:50:00  15 00 57.9  -12 21 34  +000701.4 +000166.9  22 01 12.4  147.582 25.479  12.65  30048 14.5
2010-04-24  21:00:00  15 08 29.2  -11 55 22  +000653.7 +000148.1  22 03 42.7  148.030 26.114  14.50  31134 14.6
2010-04-24  21:10:00  15 15 31.4  -11 32 02  +000613.7 +000132.4  22 06 42.2  148.629 26.746  16.26  32139 14.6
2010-04-24  21:20:00  15 22 09.0  -11 11 05  +000579.9 +000119.3  22 10 06.3  149.360 27.374  17.90  33068 14.7
2010-04-24  21:30:00  15 28 25.6  -10 52 10  +000550.9 +000108.0  22 13 51.2  150.206 27.994  19.47  33923 14.8
2010-04-24  21:40:00  15 34 24.5  -10 35 00  +000526.2 +000098.3  22 17 54.0  151.154 28.604  20.96  34709 14.8
2010-04-24  21:50:00  15 40 08.0  -10 19 21  +000504.8 +000089.8  22 22 12.2  152.194 29.202  22.39  35427 14.9
2010-04-24  22:00:00  15 45 38.3  -10 05 00  +000486.5 +000082.4  22 26 43.5  153.317 29.785  23.75  36080 14.9
2010-04-24  22:10:00  15 50 57.2  -09 51 50  +000470.6 +000075.8  22 31 26.3  154.514 30.352  25.08  36671 15.0
2010-04-24  22:20:00  15 56 06.3  -09 39 42  +000457.0 +000069.9  22 36 18.8  155.780 30.898  26.35  37200 15.0
2010-04-24  22:30:00  16 01 06.9  -09 28 29  +000445.3 +000064.7  22 41 19.8  157.106 31.423  27.60  37670 15.1
2010-04-24  22:40:00  16 06 00.3  -09 18 07  +000435.3 +000059.9  22 46 28.1  158.489 31.925  28.80  38083 15.1
2010-04-24  22:50:00  16 10 47.6  -09 08 31  +000426.9 +000055.5  22 51 42.4  159.921 32.401  30.00  38439 15.1
2010-04-24  23:00:00  16 15 29.9  -08 59 36  +000419.9 +000051.4  22 57 01.8  161.399 32.849  31.15  38739 15.1
2010-04-24  23:10:00  16 20 07.9  -08 51 21  +000414.3 +000047.7  23 02 25.4  162.916 33.268  32.30  38984 15.2
2010-04-24  23:20:00  16 24 42.6  -08 43 42  +000409.9 +000044.2  23 07 52.4  164.469 33.657  33.43  39176 15.2
2010-04-24  23:30:00  16 29 14.7  -08 36 37  +000406.7 +000040.8  23 13 21.9  166.051 34.014  34.55  39313 15.2
2010-04-24  23:40:00  16 33 45.1  -08 30 05  +000404.7 +000037.7  23 18 53.1  167.659 34.338  35.65  39398 15.2
2010-04-24  23:50:00  16 38 14.6  -08 24 04  +000403.8 +000034.6  23 24 25.3  169.287 34.628  36.76  39431 15.2
2010-04-25  00:00:00  16 42 43.8  -08 18 32  +000403.9 +000031.7  23 29 57.8  170.930 34.884  37.86  39410 15.3
2010-04-25  00:10:00  16 47 13.4  -08 13 30  +000405.2 +000028.8  23 35 29.7  172.582 35.104  38.97  39337 15.3
2010-04-25  00:20:00  16 51 44.3  -08 08 57  +000407.6 +000025.9  23 41 00.5  174.239 35.289  40.06  39212 15.3
2010-04-25  00:30:00  16 56 17.2  -08 04 52  +000411.2 +000023.0  23 46 29.2  175.894 35.438  41.18  39033 15.3
2010-04-25  00:40:00  17 00 52.9  -08 01 17  +000416.0 +000020.1  23 51 55.2  177.541 35.551  42.30  38802 15.3
2010-04-25  00:50:00  17 05 32.2  -07 58 11  +000422.1 +000017.1  23 57 17.6  179.175 35.629  43.44  38516 15.3
2010-04-25  01:00:00  17 10 15.9  -07 55 36  +000429.5 +000013.9  00 02 35.4  180.790 35.673  44.59  38176 15.3
2010-04-25  01:10:00  17 15 05.2  -07 53 33  +000438.5 +000010.7  00 07 47.8  182.377 35.682  45.77  37781 15.3
2010-04-25  01:20:00  17 20 01.0  -07 52 04  +000449.1 +000007.2  00 12 53.7  183.931 35.659  46.96  37329 15.2
2010-04-25  01:30:00  17 25 04.4  -07 51 11  +000461.6 +000003.4  00 17 51.9  185.444 35.603  48.19  36820 15.2
2010-04-25  01:40:00  17 30 16.8  -07 50 57  +000476.1 -000000.7  00 22 41.1  186.908 35.518  49.45  36253 15.2
2010-04-25  01:50:00  17 35 39.7  -07 51 27  +000492.9 -000005.3  00 27 19.9  188.314 35.403  50.76  35624 15.2

   Date        UTC        RA         DECL      RARate   DeclRate    HourAng      Az     Um    Phase  Range  Mag
2010-04-25  18:50:00  15 09 40.9  -11 57 57  +000697.8 +000160.1  19 56 06.3  119.639 10.208  13.98  30917 14.5
2010-04-25  19:00:00  15 17 10.7  -11 32 50  +000652.9 +000141.7  19 58 38.1  119.877 10.918  15.84  32035 14.6
2010-04-25  19:10:00  15 24 13.0  -11 10 32  +000615.1 +000126.5  20 01 37.4  120.239 11.659  17.60  33067 14.7
2010-04-25  19:20:00  15 30 52.1  -10 50 33  +000582.9 +000113.6  20 04 60.0  120.707 12.425  19.26  34016 14.8
2010-04-25  19:30:00  15 37 11.4  -10 32 33  +000555.4 +000102.7  20 08 42.4  121.268 13.213  20.84  34888 14.8
2010-04-25  19:40:00  15 43 13.6  -10 16 14  +000531.8 +000093.3  20 12 41.8  121.910 14.017  22.33  35685 14.9
2010-04-25  19:50:00  15 49 01.2  -10 01 22  +000511.4 +000085.1  20 16 55.8  122.626 14.834  23.78  36411 15.0
2010-04-25  20:00:00  15 54 36.1  -09 47 48  +000493.8 +000078.0  20 21 22.5  123.406 15.660  25.16  37069 15.0
2010-04-25  20:10:00  16 00 00.1  -09 35 20  +000478.6 +000071.7  20 26 00.1  124.246 16.491  26.51  37660 15.0
2010-04-25  20:20:00  16 05 14.7  -09 23 52  +000465.5 +000066.0  20 30 47.2  125.141 17.326  27.80  38189 15.1
2010-04-25  20:30:00  16 10 21.2  -09 13 18  +000454.2 +000060.9  20 35 42.4  126.084 18.160  29.07  38655 15.1
2010-04-25  20:40:00  16 15 20.7  -09 03 32  +000444.6 +000056.3  20 40 44.5  127.073 18.992  30.30  39061 15.2
2010-04-25  20:50:00  16 20 14.4  -08 54 31  +000436.6 +000052.1  20 45 52.5  128.105 19.819  31.52  39408 15.2
2010-04-25  21:00:00  16 25 03.1  -08 46 09  +000429.9 +000048.2  20 51 05.4  129.175 20.638  32.70  39697 15.2
2010-04-25  21:10:00  16 29 47.8  -08 38 25  +000424.5 +000044.6  20 56 22.3  130.281 21.447  33.87  39931 15.2
2010-04-25  21:20:00  16 34 29.4  -08 31 16  +000420.3 +000041.3  21 01 42.4  131.420 22.244  35.02  40108 15.3
2010-04-25  21:30:00  16 39 08.6  -08 24 40  +000417.4 +000038.1  21 07 04.9  132.590 23.027  36.17  40231 15.3
2010-04-25  21:40:00  16 43 46.1  -08 18 34  +000415.5 +000035.0  21 12 29.0  133.787 23.793  37.30  40300 15.3
2010-04-25  21:50:00  16 48 22.8  -08 12 58  +000414.8 +000032.1  21 17 53.9  135.010 24.541  38.44  40315 15.3
2010-04-25  22:00:00  16 52 59.3  -08 07 51  +000415.1 +000029.3  21 23 19.0  136.255 25.269  39.56  40278 15.3
2010-04-25  22:10:00  16 57 36.5  -08 03 12  +000416.6 +000026.6  21 28 43.5  137.520 25.975  40.70  40187 15.3
2010-04-25  22:20:00  17 02 15.1  -07 59 00  +000419.3 +000023.8  21 34 06.5  138.800 26.656  41.83  40043 15.3
2010-04-25  22:30:00  17 06 55.8  -07 55 16  +000423.1 +000021.1  21 39 27.5  140.094 27.311  42.98  39846 15.3
2010-04-25  22:40:00  17 11 39.5  -07 51 59  +000428.2 +000018.3  21 44 45.4  141.396 27.938  44.12  39596 15.3
2010-04-25  22:50:00  17 16 27.0  -07 49 10  +000434.6 +000015.4  21 49 59.5  142.703 28.536  45.30  39293 15.3
2010-04-25  23:00:00  17 21 19.3  -07 46 50  +000442.5 +000012.5  21 55 08.9  144.011 29.102  46.47  38936 15.3
2010-04-25  23:10:00  17 26 17.3  -07 45 01  +000451.9 +000009.4  22 00 12.5  145.313 29.634  47.69  38525 15.3
2010-04-25  23:20:00  17 31 22.2  -07 43 43  +000463.0 +000006.1  22 05 09.3  146.605 30.131  48.91  38058 15.3
2010-04-25  23:30:00  17 36 35.2  -07 42 59  +000476.1 +000002.6  22 09 58.0  147.880 30.592  50.18  37536 15.3
2010-04-25  23:40:00  17 41 57.5  -07 42 51  +000491.4 -000001.2  22 14 37.3  149.129 31.013  51.48  36957 15.3
2010-04-25  23:50:00  17 47 30.8  -07 43 24  +000509.1 -000005.4  22 19 05.6  150.346 31.393  52.83  36319 15.3
2010-04-26  00:00:00  17 53 16.9  -07 44 40  +000529.7 -000010.0  22 23 21.2  151.520 31.730  54.21  35622 15.3
2010-04-26  00:10:00  17 59 17.8  -07 46 47  +000553.6 -000015.3  22 27 22.0  152.640 32.020  55.67  34864 15.2
2010-04-26  00:20:00  18 05 35.9  -07 49 49  +000581.4 -000021.3  22 31 05.5  153.694 32.262  57.18  34044 15.2
2010-04-26  00:30:00  18 12 14.0  -07 53 55  +000614.0 -000028.2  22 34 29.0  154.666 32.452  58.78  33158 15.2
2010-04-26  00:40:00  18 19 15.7  -07 59 16  +000652.2 -000036.2  22 37 29.0  155.539 32.584  60.46  32205 15.1
2010-04-26  00:50:00  18 26 45.1  -08 06 05  +000697.4 -000045.8  22 40 01.2  156.292 32.654  62.26  31182 15.1
2010-04-26  01:00:00  18 34 47.4  -08 14 38  +000751.3 -000057.2  22 42 00.5  156.901 32.653  64.17  30087 15.1
2010-04-26  01:10:00  18 43 29.2  -08 25 18  +000816.2 -000071.1  22 43 20.4  157.334 32.571  66.25  28916 15.0
2010-04-26  01:20:00  18 52 58.7  -08 38 32  +000895.3 -000088.3  22 43 52.5  157.555 32.394  68.50  27666 15.0
2010-04-26  01:30:00  19 03 26.9  -08 54 59  +000993.1 -000109.9  22 43 25.9  157.517 32.101  70.98  26334 14.9
2010-04-26  01:40:00  19 15 08.4  -09 15 31  +001116.2 -000137.6  22 41 46.2  157.160 31.661  73.73  24915 14.9
2010-04-26  01:50:00  19 28 22.9  -09 41 19  +001274.4 -000173.8  22 38 33.3  156.406 31.029  76.84  23405 14.8

   Date        UTC        RA         DECL      RARate   DeclRate    HourAng      Az     Um    Phase  Range  Mag
2010-04-26  20:30:00  17 13 21.7  -07 35 24  +000443.4 +000020.3  19 36 38.4  113.052 10.611  43.78  41601 15.4
2010-04-26  20:40:00  17 18 19.0  -07 32 14  +000448.5 +000017.7  19 41 42.8  114.005 11.454  44.98  41349 15.4
2010-04-26  20:50:00  17 23 20.0  -07 29 29  +000454.9 +000015.2  19 46 43.4  114.957 12.276  46.20  41044 15.4
2010-04-26  21:00:00  17 28 25.7  -07 27 11  +000462.7 +000012.5  19 51 39.3  115.908 13.073  47.44  40684 15.4
2010-04-26  21:10:00  17 33 37.2  -07 25 20  +000472.1 +000009.7  19 56 29.5  116.852 13.844  48.70  40271 15.4
2010-04-26  21:20:00  17 38 55.6  -07 23 57  +000483.3 +000006.8  20 01 12.8  117.787 14.586  49.98  39803 15.4
2010-04-26  21:30:00  17 44 22.0  -07 23 05  +000496.3 +000003.7  20 05 48.0  118.708 15.294  51.31  39279 15.4
2010-04-26  21:40:00  17 49 57.8  -07 22 44  +000511.6 +000000.3  20 10 13.8  119.610 15.965  52.65  38699 15.4
2010-04-26  21:50:00  17 55 44.7  -07 22 59  +000529.3 -000003.3  20 14 28.6  120.489 16.596  54.06  38063 15.4
2010-04-26  22:00:00  18 01 44.2  -07 23 52  +000549.8 -000007.3  20 18 30.7  121.337 17.181  55.50  37369 15.4
2010-04-26  22:10:00  18 07 58.5  -07 25 27  +000573.7 -000011.8  20 22 18.1  122.147 17.715  57.01  36616 15.4
2010-04-26  22:20:00  18 14 29.9  -07 27 50  +000601.3 -000016.9  20 25 48.3  122.911 18.192  58.57  35802 15.3
2010-04-26  22:30:00  18 21 21.2  -07 31 07  +000633.6 -000022.6  20 28 58.6  123.619 18.605  60.22  34927 15.3
2010-04-26  22:40:00  18 28 35.8  -07 35 26  +000671.2 -000029.3  20 31 45.7  124.258 18.945  61.95  33988 15.3
2010-04-26  22:50:00  18 36 17.7  -07 40 56  +000715.6 -000037.0  20 34 05.5  124.814 19.201  63.80  32984 15.3
2010-04-26  23:00:00  18 44 31.7  -07 47 51  +000768.1 -000046.2  20 35 53.1  125.271 19.359  65.77  31913 15.2
2010-04-26  23:10:00  18 53 23.9  -07 56 26  +000830.7 -000057.1  20 37 02.5  125.607 19.404  67.89  30772 15.2
2010-04-26  23:20:00  19 03 02.1  -08 07 01  +000906.3 -000070.4  20 37 26.0  125.797 19.313  70.18  29559 15.1
2010-04-26  23:30:00  19 13 35.9  -08 20 03  +000998.5 -000086.6  20 36 53.8  125.811 19.059  72.69  28272 15.1
2010-04-26  23:40:00  19 25 18.2  -08 36 07  +001112.7 -000106.9  20 35 13.1  125.610 18.603  75.45  26909 15.1
2010-04-26  23:50:00  19 38 25.9  -08 55 60  +001256.2 -000132.7  20 32 07.1  125.145 17.895  78.56  25468 15.0
2010-04-27  00:00:00  19 53 22.0  -09 20 45  +001440.3 -000165.8  20 27 12.6  124.354 16.862  82.05  23948 15.0
2010-04-27  00:10:00  20 10 38.7  -09 51 50  +001681.5 -000209.2  20 19 57.6  123.154 15.401  86.09  22350 14.9
2010-04-27  00:20:00  20 31 02.1  -10 31 15  +002005.8 -000266.7  20 09 35.9  121.435 13.361  90.79  20678 14.9
2010-04-27  00:30:00  20 55 40.3  -11 21 50  +002454.7 -000343.9  19 54 59.3  119.044 10.515  96.42  18942 14.9

   Date        UTC        RA         DECL      RARate   DeclRate    HourAng      Az     Um    Phase  Range  Mag
2010-04-28  22:50:00  12 21 30.4  -19 58 57  +002793.9 +000635.5  02 56 45.9  222.154 12.548  29.90  17568 13.4
2010-04-28  23:00:00  12 49 08.5  -18 22 33  +002216.7 +000524.9  02 39 09.3  219.169 15.940  23.25  19345 13.6
2010-04-28  23:10:00  13 11 32.5  -17 03 00  +001818.0 +000436.1  02 26 47.1  217.030 18.442  17.80  21046 13.7
2010-04-28  23:20:00  13 30 03.7  -15 56 23     <<SHADOW>>        02 18 17.5  215.579 20.314  13.29  22680 ----
2010-04-28  23:30:00  13 45 49.2  -15 00 06     <<SHADOW>>        02 12 33.6  214.644 21.737   9.43  24230 ----
2010-04-28  23:40:00  13 59 30.0  -14 11 60     <<SHADOW>>        02 08 54.4  214.119 22.827   6.13  25697 ----
2010-04-28  23:50:00  14 11 34.6  -13 30 24     <<SHADOW>>        02 06 51.5  213.922 23.660   3.32  27080 ----
2010-04-29  00:00:00  14 22 23.2  -12 54 04  +000923.9 +000204.3  02 06 04.5  213.992 24.292   1.58  28384 14.3
2010-04-29  00:10:00  14 32 10.9  -12 22 02  +000841.7 +000180.9  02 06 18.5  214.283 24.760   2.68  29609 14.4
2010-04-29  00:20:00  14 41 08.8  -11 53 33  +000774.1 +000161.5  02 07 22.2  214.754 25.091   4.67  30759 14.5
2010-04-29  00:30:00  14 49 25.6  -11 28 02  +000717.9 +000145.1  02 09 07.1  215.377 25.307   6.64  31838 14.6
2010-04-29  00:40:00  14 57 08.1  -11 05 02  +000670.8 +000131.2  02 11 26.2  216.125 25.423   8.51  32846 14.7
2010-04-29  00:50:00  15 04 21.7  -10 44 11  +000631.0 +000119.3  02 14 14.2  216.977 25.451  10.28  33788 14.7
2010-04-29  01:00:00  15 11 10.8  -10 25 11  +000597.0 +000108.9  02 17 26.8  217.917 25.401  11.95  34664 14.8
2010-04-29  01:10:00  15 17 38.9  -10 07 48  +000568.0 +000099.9  02 21 00.4  218.928 25.280  13.54  35477 14.8
2010-04-29  01:20:00  15 23 49.0  -09 51 49  +000543.0 +000092.0  02 24 51.9  219.999 25.096  15.05  36229 14.9
2010-04-29  01:30:00  15 29 43.7  -09 37 06  +000521.5 +000084.9  02 28 58.9  221.119 24.853  16.51  36921 14.9
2010-04-29  01:40:00  15 35 25.0  -09 23 29  +000503.0 +000078.6  02 33 19.1  222.277 24.556  17.90  37555 15.0

   Date        UTC        RA         DECL      RARate   DeclRate    HourAng      Az     Um    Phase  Range  Mag
2010-04-29  20:40:00  11 53 37.7  -25 15 45  +004227.0 +001179.7  01 18 13.8  198.374 16.181  37.68  13591 12.9
2010-04-29  20:50:00  12 33 23.2  -22 22 25  +003033.6 +000909.8  00 48 29.9  191.956 20.357  28.22  15593 13.1
2010-04-29  21:00:00  13 02 46.8  -20 08 46  +002311.8 +000704.8  00 29 08.0  187.436 23.131  21.08  17540 13.3
2010-04-29  21:10:00  13 25 42.3  -18 24 17  +001845.3 +000557.0  00 16 14.1  184.253 25.094  15.43  19397 13.5
2010-04-29  21:20:00  13 44 24.7  -17 00 57  +001527.4 +000450.1  00 07 33.3  182.019 26.564  10.80  21142 13.7
2010-04-29  21:30:00  14 00 02.9  -15 52 50     <<SHADOW>>        00 01 56.7  180.528 27.720   6.91  22789 ----
2010-04-29  21:40:00  14 13 29.6  -14 56 11     <<SHADOW>>        23 58 31.7  179.595 28.665   3.58  24334 ----
2010-04-29  21:50:00  14 25 17.0  -14 08 16     <<SHADOW>>        23 56 46.0  179.100 29.460   0.88  25780 ----
2010-04-29  22:00:00  14 35 47.4  -13 27 09     <<SHADOW>>        23 56 17.2  178.956 30.144   2.17  27134 ----
2010-04-29  22:10:00  14 45 16.7  -12 51 26  +000814.5 +000200.3  23 56 49.5  179.100 30.741   4.49  28399 14.3
2010-04-29  22:20:00  14 53 56.8  -12 20 05  +000747.8 +000176.7  23 58 11.1  179.481 31.266   6.63  29580 14.4
2010-04-29  22:30:00  15 01 56.4  -11 52 19  +000692.7 +000157.2  00 00 13.1  180.063 31.731   8.63  30681 14.5
2010-04-29  22:40:00  15 09 22.5  -11 27 31  +000646.7 +000140.9  00 02 48.7  180.814 32.141  10.47  31706 14.6
2010-04-29  22:50:00  15 16 20.3  -11 05 13  +000607.9 +000127.1  00 05 52.5  181.709 32.501  12.21  32658 14.7
2010-04-29  23:00:00  15 22 54.3  -10 45 02  +000574.9 +000115.3  00 09 20.2  182.729 32.814  13.83  33541 14.7
2010-04-29  23:10:00  15 29 07.9  -10 26 41  +000546.8 +000105.1  00 13 08.2  183.855 33.082  15.38  34356 14.8
2010-04-29  23:20:00  15 35 04.2  -10 09 55  +000522.6 +000096.2  00 17 13.5  185.074 33.306  16.85  35107 14.8
2010-04-29  23:30:00  15 40 45.5  -09 54 33  +000501.8 +000088.4  00 21 33.9  186.371 33.487  18.26  35795 14.9
2010-04-29  23:40:00  15 46 13.9  -09 40 24  +000483.9 +000081.5  00 26 07.1  187.737 33.625  19.61  36422 14.9
2010-04-29  23:50:00  15 51 31.3  -09 27 21  +000468.5 +000075.3  00 30 51.4  189.160 33.722  20.92  36990 15.0
2010-04-30  00:00:00  15 56 39.1  -09 15 16  +000455.3 +000069.8  00 35 45.2  190.631 33.777  22.18  37500 15.0
2010-04-30  00:10:00  16 01 38.7  -09 04 04  +000443.9 +000064.7  00 40 47.2  192.143 33.790  23.42  37954 15.0
2010-04-30  00:20:00  16 06 31.4  -08 53 40  +000434.4 +000060.1  00 45 56.2  193.686 33.763  24.61  38352 15.1
2010-04-30  00:30:00  16 11 18.2  -08 44 00  +000426.3 +000055.9  00 51 11.0  195.255 33.695  25.79  38695 15.1
2010-04-30  00:40:00  16 16 00.2  -08 35 01  +000419.7 +000051.9  00 56 30.7  196.842 33.588  26.94  38984 15.1
2010-04-30  00:50:00  16 20 38.2  -08 26 41  +000414.5 +000048.3  01 01 54.3  198.440 33.442  28.08  39220 15.1
2010-04-30  01:00:00  16 25 13.1  -08 18 55  +000410.4 +000044.8  01 07 21.1  200.045 33.259  29.19  39402 15.2
2010-04-30  01:10:00  16 29 45.7  -08 11 44  +000407.6 +000041.5  01 12 50.1  201.651 33.038  30.31  39532 15.2
2010-04-30  01:20:00  16 34 16.8  -08 05 04  +000405.9 +000038.4  01 18 20.6  203.251 32.783  31.41  39610 15.2
2010-04-30  01:30:00  16 38 47.2  -07 58 56  +000405.3 +000035.3  01 23 51.9  204.842 32.493  32.51  39635 15.2
2010-04-30  01:40:00  16 43 17.5  -07 53 18  +000405.8 +000032.3  01 29 23.2  206.419 32.170  33.60  39607 15.2

   Date        UTC        RA         DECL      RARate   DeclRate    HourAng      Az     Um    Phase  Range  Mag
2010-04-30  18:30:00  11 07 03.9  -33 19 60  +007465.8 +002431.6  23 58 22.7  179.656 10.268  49.60  10030 12.4
2010-04-30  18:40:00  12 11 02.3  -27 36 33  +004448.4 +001703.0  23 04 26.0  167.280 14.931  34.97  12319 12.7
2010-04-30  18:50:00  12 51 40.1  -23 39 43  +003020.7 +001178.5  22 33 49.9  159.378 17.273  25.10  14603 13.0
2010-04-30  19:00:00  13 20 32.0  -20 52 46  +002243.7 +000849.9  22 14 59.6  154.140 18.652  17.93  16776 13.2
2010-04-30  19:10:00  13 42 38.6  -18 49 51  +001770.7 +000639.8  22 02 54.6  150.574 19.612  12.36  18810 13.5
2010-04-30  19:20:00  14 00 28.6  -17 15 39  +001458.4 +000499.4  21 55 06.2  148.122 20.385   7.86  20704 13.6
2010-04-30  19:30:00  14 15 27.0  -16 01 05  +001240.1 +000401.5  21 50 09.5  146.438 21.069   4.07  22459 13.8
2010-04-30  19:40:00  14 28 17.6  -15 00 21     <<SHADOW>>        21 47 20.5  145.334 21.724   0.84  24093 ----
2010-04-30  19:50:00  14 39 34.7  -14 09 52     <<SHADOW>>        21 46 05.1  144.664 22.367   2.04  25611 ----
2010-04-30  20:00:00  14 49 39.7  -13 27 06     <<SHADOW>>        21 46 01.8  144.332 23.011   4.57  27022 ----
2010-04-30  20:10:00  14 58 47.6  -12 50 22  +000785.0 +000205.1  21 46 55.5  144.273 23.659   6.87  28332 14.3
2010-04-30  20:20:00  15 07 09.6  -12 18 24  +000722.8 +000179.5  21 48 35.2  144.437 24.311   8.97  29548 14.4
2010-04-30  20:30:00  15 14 53.8  -11 50 17  +000671.5 +000158.6  21 50 52.5  144.788 24.967  10.91  30676 14.5
2010-04-30  20:40:00  15 22 06.8  -11 25 20  +000628.6 +000141.3  21 53 41.2  145.299 25.626  12.71  31720 14.6
2010-04-30  20:50:00  15 28 53.5  -11 03 01  +000592.3 +000126.8  21 56 56.2  145.949 26.283  14.41  32686 14.7
2010-04-30  21:00:00  15 35 17.8  -10 42 56  +000561.5 +000114.5  22 00 33.5  146.719 26.938  16.00  33576 14.7
2010-04-30  21:10:00  15 41 23.2  -10 24 45  +000535.2 +000104.0  22 04 29.8  147.596 27.586  17.52  34395 14.8
2010-04-30  21:20:00  15 47 12.2  -10 08 11  +000512.5 +000094.9  22 08 42.4  148.569 28.226  18.95  35144 14.8
2010-04-30  21:30:00  15 52 47.2  -09 53 04  +000493.0 +000086.9  22 13 09.0  149.628 28.855  20.34  35827 14.9
2010-04-30  21:40:00  15 58 10.1  -09 39 11  +000476.1 +000079.8  22 17 47.7  150.764 29.470  21.67  36447 14.9
2010-04-30  21:50:00  16 03 22.6  -09 26 25  +000461.6 +000073.5  22 22 36.9  151.972 30.069  22.96  37004 15.0
2010-04-30  22:00:00  16 08 26.1  -09 14 38  +000449.1 +000067.9  22 27 35.0  153.244 30.649  24.20  37501 15.0
2010-04-30  22:10:00  16 13 21.9  -09 03 45  +000438.5 +000062.8  22 32 40.9  154.575 31.208  25.42  37939 15.1
2010-04-30  22:20:00  16 18 11.1  -08 53 41  +000429.5 +000058.2  22 37 53.3  155.959 31.744  26.60  38320 15.1
2010-04-30  22:30:00  16 22 54.8  -08 44 20  +000421.9 +000053.9  22 43 11.2  157.392 32.256  27.77  38644 15.1
2010-04-30  22:40:00  16 27 34.0  -08 35 41  +000415.7 +000050.0  22 48 33.7  158.868 32.740  28.90  38914 15.1
2010-04-30  22:50:00  16 32 09.4  -08 27 40  +000410.8 +000046.3  22 53 59.9  160.384 33.196  30.03  39129 15.2
2010-04-30  23:00:00  16 36 42.0  -08 20 14  +000407.1 +000042.9  22 59 29.0  161.934 33.622  31.14  39290 15.2
2010-04-30  23:10:00  16 41 12.5  -08 13 22  +000404.6 +000039.6  23 05 00.1  163.513 34.017  32.25  39398 15.2
2010-04-30  23:20:00  16 45 41.7  -08 07 02  +000403.2 +000036.4  23 10 32.6  165.117 34.379  33.33  39453 15.2
2010-04-30  23:30:00  16 50 10.3  -08 01 13  +000402.8 +000033.4  23 16 05.6  166.741 34.707  34.43  39455 15.2
2010-04-30  23:40:00  16 54 39.1  -07 55 54  +000403.6 +000030.4  23 21 38.5  168.380 35.001  35.51  39405 15.2
2010-04-30  23:50:00  16 59 08.8  -07 51 04  +000405.5 +000027.5  23 27 10.5  170.028 35.259  36.61  39303 15.2
2010-05-01  00:00:00  17 03 40.1  -07 46 44  +000408.6 +000024.6  23 32 40.8  171.680 35.482  37.70  39147 15.2
2010-05-01  00:10:00  17 08 13.8  -07 42 53  +000412.8 +000021.6  23 38 08.7  173.331 35.669  38.81  38939 15.2
2010-05-01  00:20:00  17 12 50.7  -07 39 31  +000418.3 +000018.6  23 43 33.4  174.973 35.820  39.92  38677 15.2
2010-05-01  00:30:00  17 17 31.8  -07 36 40  +000425.1 +000015.5  23 48 54.0  176.602 35.935  41.06  38361 15.2
2010-05-01  00:40:00  17 22 17.8  -07 34 21  +000433.4 +000012.3  23 54 09.6  178.211 36.014  42.20  37990 15.2
2010-05-01  00:50:00  17 27 09.9  -07 32 35  +000443.2 +000008.9  23 59 19.2  179.791 36.059  43.38  37564 15.2
2010-05-01  01:00:00  17 32 09.1  -07 31 24  +000454.8 +000005.2  00 04 21.6  181.337 36.070  44.57  37081 15.2
2010-05-01  01:10:00  17 37 16.7  -07 30 52  +000468.3 +000001.2  00 09 15.7  182.839 36.049  45.81  36540 15.2
2010-05-01  01:20:00  17 42 34.0  -07 31 01  +000484.0 -000003.2  00 14 00.0  184.290 35.995  47.07  35940 15.2
2010-05-01  01:30:00  17 48 02.6  -07 31 57  +000502.3 -000008.0  00 18 33.0  185.680 35.912  48.38  35278 15.1
2010-05-01  01:40:00  17 53 44.4  -07 33 44  +000523.6 -000013.5  00 22 52.9  186.997 35.800  49.74  34554 15.1
