ЭФЕМЕРИДЫ ПО ОБЪЕКТУ:  95387
Для пункта:  10016 Маяки   46 23'50.68"   30 16'17.74"    14m
C   2010-04-15 12:00
по  2010-05-01 12:00
Шаг  0:10:00
Мин.угол места:          10 град
Макс.угол места Солнца: -10 град
Стандартный блеск :      8.5 (зв.вел.)

ОБОЗНАЧЕНИЯ
RA        прямое восхождение, тек.эпоха
DECL      склонение, тек.эпоха
RARate    скорость по пр.восх., арксек/мин
DeclRate  скорость по склонению, арксек/мин
HourAng   часовой угол
Az        азимут
Um        угол места
Phase     фазовый угол
Range     дальность
Mag       зв.величина (оценка)

   Date        UTC        RA         DECL      RARate   DeclRate    HourAng      Az     Um    Phase  Range  Mag
2010-04-17  17:50:00  04 56 35.0  -03 13 59  +000469.3 +000072.5  04 37 29.8  252.558 11.637 129.77  53266 18.8
2010-04-17  18:00:00  05 01 46.0  -03 02 04  +000463.7 +000070.5  04 42 20.5  253.618 10.987 128.59  53671 18.8
2010-04-17  18:10:00  05 06 53.5  -02 50 29  +000458.6 +000068.6  04 47 14.7  254.679 10.318 127.42  54059 18.7

   Date        UTC        RA         DECL      RARate   DeclRate    HourAng      Az     Um    Phase  Range  Mag
2010-04-18  17:50:00  05 31 48.8  -02 02 53  +000431.2 +000061.6  04 06 12.6  247.200 17.603 122.43  54464 18.5
2010-04-18  18:00:00  05 36 35.3  -01 52 45  +000428.3 +000059.9  04 11 27.8  248.370 16.895 121.33  54748 18.4
2010-04-18  18:10:00  05 41 20.1  -01 42 54  +000425.8 +000058.3  04 16 44.6  249.533 16.171 120.21  55015 18.4
2010-04-18  18:20:00  05 46 03.2  -01 33 19  +000423.6 +000056.8  04 22 03.1  250.690 15.432 119.12  55266 18.3
2010-04-18  18:30:00  05 50 45.0  -01 23 59  +000421.7 +000055.2  04 27 23.0  251.840 14.679 118.01  55501 18.3
2010-04-18  18:40:00  05 55 25.5  -01 14 54  +000420.1 +000053.7  04 32 44.1  252.983 13.914 116.92  55720 18.2
2010-04-18  18:50:00  06 00 05.1  -01 06 04  +000418.8 +000052.3  04 38 06.1  254.118 13.137 115.82  55922 18.2
2010-04-18  19:00:00  06 04 44.0  -00 57 28  +000417.7 +000050.8  04 43 29.0  255.245 12.349 114.73  56108 18.2
2010-04-18  19:10:00  06 09 22.2  -00 49 07  +000417.0 +000049.4  04 48 52.4  256.364 11.551 113.63  56277 18.1
2010-04-18  19:20:00  06 14 00.1  -00 41 00  +000416.6 +000048.0  04 54 16.1  257.475 10.746 112.54  56430 18.1

   Date        UTC        RA         DECL      RARate   DeclRate    HourAng      Az     Um    Phase  Range  Mag
2010-04-19  17:50:00  06 05 31.4  -01 01 29  +000409.6 +000052.3  03 36 26.6  241.666 23.034 115.34  54904 18.1
2010-04-19  18:00:00  06 10 04.2  -00 52 54  +000408.8 +000050.8  03 41 55.4  242.937 22.310 114.28  55064 18.1
2010-04-19  18:10:00  06 14 36.5  -00 44 32  +000408.2 +000049.4  03 47 24.8  244.193 21.573 113.20  55208 18.1
2010-04-19  18:20:00  06 19 08.5  -00 36 25  +000407.9 +000048.1  03 52 54.4  245.434 20.821 112.14  55336 18.0
2010-04-19  18:30:00  06 23 40.4  -00 28 31  +000407.9 +000046.7  03 58 24.1  246.661 20.058 111.06  55447 18.0
2010-04-19  18:40:00  06 28 12.6  -00 20 51  +000408.2 +000045.3  04 03 53.6  247.872 19.283 109.99  55542 17.9
2010-04-19  18:50:00  06 32 44.9  -00 13 25  +000408.8 +000044.0  04 09 22.9  249.069 18.498 108.91  55621 17.9
2010-04-19  19:00:00  06 37 17.6  -00 06 11  +000409.5 +000042.7  04 14 51.8  250.250 17.703 107.83  55684 17.8
2010-04-19  19:10:00  06 41 51.0  +00 00 49  +000410.6 +000041.3  04 20 20.1  251.417 16.901 106.74  55730 17.8
2010-04-19  19:20:00  06 46 25.2  +00 07 35  +000411.9 +000040.0  04 25 47.6  252.569 16.091 105.66  55759 17.8
2010-04-19  19:30:00  06 51 00.3  +00 14 09  +000413.5 +000038.7  04 31 14.1  253.705 15.275 104.56  55771 17.7
2010-04-19  19:40:00  06 55 36.5  +00 20 30  +000415.3 +000037.4  04 36 39.5  254.827 14.455 103.47  55766 17.7
2010-04-19  19:50:00  07 00 14.3  +00 26 37  +000417.5 +000036.1  04 42 03.4  255.933 13.630 102.35  55745 17.6
2010-04-19  20:00:00  07 04 53.4  +00 32 32  +000419.9 +000034.8  04 47 25.9  257.025 12.802 101.25  55706 17.6
2010-04-19  20:10:00  07 09 34.2  +00 38 13  +000422.6 +000033.5  04 52 46.8  258.102 11.972 100.12  55650 17.6
2010-04-19  20:20:00  07 14 16.9  +00 43 41  +000425.5 +000032.1  04 58 05.7  259.164 11.140  98.99  55576 17.5
2010-04-19  20:30:00  07 19 01.6  +00 48 56  +000428.7 +000030.8  05 03 22.6  260.212 10.309  97.85  55485 17.5

   Date        UTC        RA         DECL      RARate   DeclRate    HourAng      Az     Um    Phase  Range  Mag
2010-04-20  18:00:00  06 43 16.0  -00 01 34  +000402.8 +000042.6  03 12 40.2  237.032 27.364 107.24  54620 17.8
2010-04-20  18:10:00  06 47 44.9  +00 05 25  +000404.0 +000041.2  03 18 12.9  238.372 26.650 106.17  54637 17.7
2010-04-20  18:20:00  06 52 14.8  +00 12 10  +000405.5 +000039.9  03 23 44.7  239.690 25.924 105.11  54638 17.7
2010-04-20  18:30:00  06 56 45.7  +00 18 43  +000407.3 +000038.6  03 29 15.4  240.985 25.185 104.03  54623 17.7
2010-04-20  18:40:00  07 01 17.9  +00 25 02  +000409.3 +000037.3  03 34 44.8  242.258 24.436 102.95  54592 17.6
2010-04-20  18:50:00  07 05 51.5  +00 31 08  +000411.6 +000036.0  03 40 12.9  243.508 23.677 101.86  54544 17.6
2010-04-20  19:00:00  07 10 26.7  +00 37 01  +000414.2 +000034.6  03 45 39.3  244.735 22.910 100.77  54480 17.5
2010-04-20  19:10:00  07 15 03.9  +00 42 41  +000417.1 +000033.3  03 51 03.7  245.939 22.136  99.65  54399 17.5
2010-04-20  19:20:00  07 19 43.0  +00 48 06  +000420.3 +000031.9  03 56 26.3  247.121 21.356  98.55  54301 17.4
2010-04-20  19:30:00  07 24 24.3  +00 53 19  +000423.7 +000030.5  04 01 46.6  248.281 20.571  97.42  54186 17.4
2010-04-20  19:40:00  07 29 08.0  +00 58 17  +000427.5 +000029.1  04 07 04.5  249.418 19.783  96.29  54053 17.4
2010-04-20  19:50:00  07 33 54.4  +01 03 02  +000431.5 +000027.7  04 12 19.9  250.533 18.992  95.14  53904 17.3
2010-04-20  20:00:00  07 38 43.5  +01 07 32  +000435.9 +000026.3  04 17 32.4  251.626 18.199  93.98  53737 17.3
2010-04-20  20:10:00  07 43 35.6  +01 11 47  +000440.6 +000024.8  04 22 41.9  252.696 17.406  92.81  53552 17.2
2010-04-20  20:20:00  07 48 31.2  +01 15 47  +000445.8 +000023.3  04 27 48.0  253.743 16.614  91.63  53349 17.2
2010-04-20  20:30:00  07 53 30.2  +01 19 32  +000451.2 +000021.7  04 32 50.6  254.768 15.824  90.42  53129 17.1
2010-04-20  20:40:00  07 58 32.9  +01 23 02  +000457.0 +000020.1  04 37 49.6  255.771 15.036  89.21  52890 17.1
2010-04-20  20:50:00  08 03 39.6  +01 26 15  +000463.2 +000018.5  04 42 44.5  256.751 14.253  87.97  52633 17.0
2010-04-20  21:00:00  08 08 50.5  +01 29 11  +000469.8 +000016.8  04 47 35.2  257.707 13.474  86.73  52357 17.0
2010-04-20  21:10:00  08 14 06.0  +01 31 50  +000476.8 +000015.0  04 52 21.4  258.640 12.702  85.45  52063 17.0
2010-04-20  21:20:00  08 19 26.3  +01 34 10  +000484.3 +000013.1  04 57 02.7  259.550 11.937  84.16  51749 16.9
2010-04-20  21:30:00  08 24 51.9  +01 36 12  +000492.3 +000011.2  05 01 38.7  260.434 11.181  82.84  51417 16.9
2010-04-20  21:40:00  08 30 22.9  +01 37 54  +000500.7 +000009.2  05 06 09.4  261.294 10.433  81.52  51065 16.8

   Date        UTC        RA         DECL      RARate   DeclRate    HourAng      Az     Um    Phase  Range  Mag
2010-04-21  18:00:00  07 17 11.5  +00 41 22  +000410.4 +000034.4  02 42 41.2  230.308 32.124 100.00  53413 17.5
2010-04-21  18:10:00  07 21 46.1  +00 46 59  +000413.4 +000033.0  02 48 08.3  231.720 31.472  98.90  53301 17.4
2010-04-21  18:20:00  07 26 22.8  +00 52 22  +000416.8 +000031.6  02 53 33.2  233.102 30.807  97.80  53173 17.4
2010-04-21  18:30:00  07 31 01.9  +00 57 31  +000420.5 +000030.2  02 58 55.7  234.452 30.131  96.68  53027 17.3
2010-04-21  18:40:00  07 35 43.6  +01 02 26  +000424.4 +000028.8  03 04 15.7  235.772 29.444  95.57  52866 17.3
2010-04-21  18:50:00  07 40 27.9  +01 07 06  +000428.7 +000027.3  03 09 33.0  237.062 28.748  94.42  52687 17.2
2010-04-21  19:00:00  07 45 15.2  +01 11 32  +000433.3 +000025.8  03 14 47.3  238.320 28.045  93.28  52492 17.2
2010-04-21  19:10:00  07 50 05.8  +01 15 43  +000438.3 +000024.3  03 19 58.4  239.547 27.335  92.11  52280 17.2
2010-04-21  19:20:00  07 54 59.7  +01 19 38  +000443.7 +000022.7  03 25 06.1  240.744 26.621  90.94  52050 17.1
2010-04-21  19:30:00  07 59 57.4  +01 23 17  +000449.4 +000021.1  03 30 10.1  241.909 25.903  89.74  51803 17.1
2010-04-21  19:40:00  08 04 59.2  +01 26 40  +000455.6 +000019.4  03 35 10.0  243.042 25.183  88.53  51538 17.0
2010-04-21  19:50:00  08 10 05.0  +01 29 45  +000462.1 +000017.7  03 40 05.8  244.144 24.463  87.30  51256 17.0
2010-04-21  20:00:00  08 15 15.4  +01 32 34  +000469.1 +000015.9  03 44 57.0  245.215 23.743  86.06  50956 16.9
2010-04-21  20:10:00  08 20 30.6  +01 35 03  +000476.5 +000014.0  03 49 43.5  246.255 23.025  84.78  50637 16.9
2010-04-21  20:20:00  08 25 50.8  +01 37 14  +000484.4 +000012.1  03 54 24.9  247.262 22.310  83.50  50300 16.8
2010-04-21  20:30:00  08 31 16.6  +01 39 05  +000492.8 +000010.1  03 59 00.8  248.236 21.600  82.18  49945 16.8
2010-04-21  20:40:00  08 36 48.1  +01 40 35  +000501.8 +000007.9  04 03 31.0  249.178 20.895  80.85  49570 16.7
2010-04-21  20:50:00  08 42 25.9  +01 41 43  +000511.4 +000005.7  04 07 54.8  250.086 20.199  79.48  49177 16.7
2010-04-21  21:00:00  08 48 10.1  +01 42 28  +000521.5 +000003.3  04 12 12.2  250.961 19.511  78.10  48765 16.6
2010-04-21  21:10:00  08 54 01.3  +01 42 49  +000532.2 +000000.8  04 16 22.6  251.800 18.834  76.68  48334 16.6
2010-04-21  21:20:00  08 59 59.9  +01 42 44  +000543.7 -000001.8  04 20 25.7  252.604 18.168  75.23  47883 16.5
2010-04-21  21:30:00  09 06 06.4  +01 42 11  +000555.9 -000004.6  04 24 20.9  253.371 17.515  73.74  47412 16.5
2010-04-21  21:40:00  09 12 21.2  +01 41 10  +000568.8 -000007.6  04 28 07.7  254.100 16.876  72.23  46922 16.4
2010-04-21  21:50:00  09 18 45.0  +01 39 38  +000582.7 -000010.8  04 31 45.5  254.790 16.254  70.67  46412 16.3
2010-04-21  22:00:00  09 25 18.4  +01 37 33  +000597.4 -000014.2  04 35 13.7  255.438 15.650  69.08  45881 16.3
2010-04-21  22:10:00  09 32 01.9  +01 34 53  +000613.1 -000017.9  04 38 31.9  256.043 15.065  67.44  45331 16.2
2010-04-21  22:20:00  09 38 56.1  +01 31 35  +000629.9 -000021.8  04 41 39.3  256.604 14.501  65.76  44760 16.2
2010-04-21  22:30:00  09 46 01.9  +01 27 36  +000647.8 -000026.0  04 44 35.1  257.118 13.960  64.03  44168 16.1
2010-04-21  22:40:00  09 53 20.1  +01 22 54  +000666.9 -000030.5  04 47 18.7  257.582 13.443  62.25  43556 16.0
2010-04-21  22:50:00  10 00 51.4  +01 17 24  +000687.4 -000035.4  04 49 49.0  257.994 12.954  60.41  42924 16.0
2010-04-21  23:00:00  10 08 36.8  +01 11 04  +000709.3 -000040.8  04 52 05.2  258.350 12.492  58.52  42271 15.9
2010-04-21  23:10:00  10 16 37.5  +01 03 47  +000732.8 -000046.6  04 54 06.1  258.646 12.063  56.56  41597 15.8
2010-04-21  23:20:00  10 24 54.4  +00 55 30  +000758.1 -000052.8  04 55 50.9  258.879 11.666  54.54  40904 15.8
2010-04-21  23:30:00  10 33 28.7  +00 46 08  +000785.2 -000059.7  04 57 18.2  259.044 11.304  52.43  40190 15.7
2010-04-21  23:40:00  10 42 21.8  +00 35 35  +000814.5 -000067.2  04 58 26.7  259.137 10.982  50.26  39456 15.6
2010-04-21  23:50:00  10 51 35.2  +00 23 43  +000846.0 -000075.3  04 59 15.0  259.151 10.700  48.00  38702 15.5
2010-04-22  00:00:00  11 01 10.3  +00 10 26  +000880.0 -000084.3  04 59 41.5  259.081 10.462  45.65  37929 15.5
2010-04-22  00:10:00  11 11 09.1  -00 04 26  +000916.8 -000094.1  04 59 44.4  258.920 10.272  43.20  37138 15.4
2010-04-22  00:20:00  11 21 33.4  -00 21 00  +000956.6 -000104.9  04 59 21.7  258.659 10.132  40.65  36330 15.3
2010-04-22  00:30:00  11 32 25.3  -00 39 28  +000999.7 -000116.7  04 58 31.5  258.291 10.047  37.98  35504 15.2
2010-04-22  00:40:00  11 43 47.1  -00 59 59  +001046.5 -000129.7  04 57 11.3  257.807 10.020  35.20  34663 15.1
2010-04-22  00:50:00  11 55 41.5  -01 22 47  +001097.4 -000144.0  04 55 18.6  257.194 10.055  32.28  33807 15.1
2010-04-22  01:00:00  12 08 11.2  -01 48 04  +001152.7 -000159.7  04 52 50.5  256.443 10.157  29.23  32939 15.0
2010-04-22  01:10:00  12 21 19.4  -02 16 06  +001212.8 -000176.9  04 49 44.0  255.538 10.330  26.02  32060 14.9
2010-04-22  01:20:00  12 35 09.4  -02 47 08  +001278.3 -000195.7  04 45 55.6  254.467 10.579  22.67  31174 14.8
2010-04-22  01:30:00  12 49 45.1  -03 21 27  +001349.6 -000216.2  04 41 21.6  253.213 10.907  19.16  30283 14.7
2010-04-22  01:40:00  13 05 10.3  -03 59 17  +001427.2 -000238.3  04 35 58.0  251.758 11.320  15.53  29390 14.6
2010-04-22  01:50:00  13 21 29.4  -04 40 57  +001511.5 -000261.9  04 29 40.5  250.083 11.819  11.82  28501 14.6
2010-04-22  02:00:00  13 38 47.0  -05 26 40  +001602.8 -000287.0  04 22 24.6  248.168 12.408   8.30  27621 14.5

   Date        UTC        RA         DECL      RARate   DeclRate    HourAng      Az     Um    Phase  Range  Mag
2010-04-22  18:00:00  07 52 57.5  +01 15 11  +000433.5 +000025.3  02 10 51.8  222.290 36.580  92.29  51444 17.1
2010-04-22  18:10:00  07 57 48.2  +01 19 16  +000438.7 +000023.7  02 16 02.7  223.748 36.030  91.12  51199 17.1
2010-04-22  18:20:00  08 02 42.5  +01 23 05  +000444.3 +000022.1  02 21 10.0  225.167 35.468  89.95  50937 17.0
2010-04-22  18:30:00  08 07 40.7  +01 26 37  +000450.4 +000020.4  02 26 13.5  226.546 34.893  88.75  50658 17.0
2010-04-22  18:40:00  08 12 43.1  +01 29 53  +000456.8 +000018.7  02 31 12.8  227.886 34.309  87.55  50362 16.9
2010-04-22  18:50:00  08 17 49.9  +01 32 50  +000463.7 +000016.9  02 36 07.6  229.185 33.716  86.31  50049 16.9
2010-04-22  19:00:00  08 23 01.6  +01 35 29  +000471.1 +000015.0  02 40 57.5  230.442 33.117  85.06  49718 16.8
2010-04-22  19:10:00  08 28 18.3  +01 37 49  +000479.0 +000013.0  02 45 42.5  231.659 32.513  83.78  49370 16.8
2010-04-22  19:20:00  08 33 40.3  +01 39 49  +000487.3 +000011.0  02 50 22.1  232.833 31.906  82.50  49004 16.7
2010-04-22  19:30:00  08 39 08.2  +01 41 28  +000496.3 +000008.8  02 54 55.9  233.966 31.297  81.17  48621 16.7
2010-04-22  19:40:00  08 44 42.1  +01 42 45  +000505.8 +000006.5  02 59 23.6  235.056 30.688  79.83  48219 16.6
2010-04-22  19:50:00  08 50 22.7  +01 43 38  +000515.9 +000004.1  03 03 44.7  236.102 30.082  78.45  47799 16.6
2010-04-22  20:00:00  08 56 10.1  +01 44 07  +000526.7 +000001.6  03 07 58.9  237.105 29.478  77.06  47360 16.5
2010-04-22  20:10:00  09 02 05.2  +01 44 10  +000538.2 -000001.1  03 12 05.5  238.061 28.881  75.62  46903 16.5
2010-04-22  20:20:00  09 08 08.0  +01 43 45  +000550.4 -000003.9  03 16 04.3  238.973 28.290  74.16  46427 16.4
2010-04-22  20:30:00  09 14 19.2  +01 42 51  +000563.5 -000006.9  03 19 54.7  239.837 27.708  72.65  45932 16.4
2010-04-22  20:40:00  09 20 39.4  +01 41 25  +000577.3 -000010.2  03 23 36.1  240.653 27.137  71.12  45417 16.3
2010-04-22  20:50:00  09 27 09.2  +01 39 27  +000592.2 -000013.6  03 27 08.0  241.419 26.578  69.54  44884 16.2
2010-04-22  21:00:00  09 33 49.2  +01 36 52  +000608.0 -000017.3  03 30 29.7  242.134 26.033  67.92  44331 16.2
2010-04-22  21:10:00  09 40 40.1  +01 33 39  +000624.9 -000021.3  03 33 40.4  242.796 25.505  66.25  43758 16.1
2010-04-22  21:20:00  09 47 42.7  +01 29 45  +000643.0 -000025.6  03 36 39.4  243.401 24.995  64.54  43167 16.1
2010-04-22  21:30:00  09 54 57.8  +01 25 06  +000662.3 -000030.2  03 39 26.0  243.949 24.505  62.77  42555 16.0
2010-04-22  21:40:00  10 02 26.1  +01 19 40  +000683.0 -000035.2  03 41 59.3  244.436 24.037  60.95  41923 15.9
2010-04-22  21:50:00  10 10 08.8  +01 13 21  +000705.2 -000040.6  03 44 18.3  244.859 23.594  59.07  41272 15.9
2010-04-22  22:00:00  10 18 06.8  +01 06 06  +000729.1 -000046.5  03 46 21.9  245.215 23.177  57.13  40601 15.8
2010-04-22  22:10:00  10 26 21.3  +00 57 50  +000754.7 -000052.9  03 48 09.1  245.499 22.790  55.11  39911 15.7
2010-04-22  22:20:00  10 34 53.5  +00 48 27  +000782.3 -000059.8  03 49 38.5  245.706 22.434  53.03  39201 15.6
2010-04-22  22:30:00  10 43 44.9  +00 37 51  +000812.1 -000067.5  03 50 48.7  245.832 22.113  50.85  38472 15.6
2010-04-22  22:40:00  10 52 56.8  +00 25 55  +000844.1 -000075.8  03 51 38.5  245.871 21.828  48.61  37725 15.5
2010-04-22  22:50:00  11 02 31.0  +00 12 32  +000878.8 -000084.9  03 52 06.0  245.815 21.583  46.26  36959 15.4
2010-04-22  23:00:00  11 12 29.1  -00 02 26  +000916.3 -000094.9  03 52 09.4  245.659 21.380  43.82  36176 15.3
2010-04-22  23:10:00  11 22 53.4  -00 19 10  +000957.0 -000105.9  03 51 46.8  245.392 21.222  41.26  35376 15.3
2010-04-22  23:20:00  11 33 45.8  -00 37 49  +001001.1 -000118.0  03 50 56.0  245.007 21.112  38.60  34560 15.2
2010-04-22  23:30:00  11 45 08.9  -00 58 34  +001049.0 -000131.3  03 49 34.5  244.491 21.053  35.81  33729 15.1
2010-04-22  23:40:00  11 57 05.5  -01 21 40  +001101.2 -000145.9  03 47 39.6  243.833 21.049  32.89  32886 15.0
2010-04-22  23:50:00  12 09 38.2  -01 47 18  +001158.0 -000161.9  03 45 08.5  243.020 21.101  29.82  32031 14.9
2010-04-23  00:00:00  12 22 50.5  -02 15 44  +001219.8 -000179.5  03 41 57.9  242.036 21.212  26.61  31168 14.8
2010-04-23  00:10:00  12 36 45.8  -02 47 13  +001287.2 -000198.7  03 38 04.3  240.864 21.385  23.23  30298 14.7
2010-04-23  00:20:00  12 51 28.0  -03 22 02  +001360.7 -000219.5  03 33 23.7  239.486 21.619  19.71  29425 14.7
2010-04-23  00:30:00  13 07 01.4  -04 00 29  +001440.7 -000242.0  03 27 52.0  237.880 21.917  16.04  28553 14.6
2010-04-23  00:40:00  13 23 30.3  -04 42 48  +001527.6 -000266.1  03 21 24.6  236.023 22.275  12.30  27687 14.5
2010-04-23  00:50:00  13 40 59.7  -05 29 15  +001621.8 -000291.5  03 13 56.9  233.892 22.690   8.71  26833 14.4
2010-04-23  01:00:00  13 59 34.4  -06 20 00  +001723.5 -000317.7  03 05 23.9  231.459 23.157   6.14  25996 14.3
2010-04-23  01:10:00  14 19 19.3  -07 15 10  +001832.6 -000344.2  02 55 40.7  228.700 23.664   6.66  25185 14.3
2010-04-23  01:20:00  14 40 19.1  -08 14 42  +001948.4 -000369.9  02 44 42.4  225.589 24.197  10.23  24408 14.2
2010-04-23  01:30:00  15 02 38.2  -09 18 22  +002069.9 -000393.5  02 32 25.0  222.105 24.736  15.12  23674 14.2
2010-04-23  01:40:00  15 26 19.7  -10 25 38  +002195.1 -000413.0  02 18 45.2  218.233 25.255  20.65  22996 14.1
2010-04-23  01:50:00  15 51 25.1  -11 35 42  +002321.2 -000426.5  02 03 41.4  213.970 25.722  26.65  22384 14.1
2010-04-23  02:00:00  16 17 53.6  -12 47 22  +002443.9 -000431.5  01 47 14.6  209.328 26.100  33.01  21850 14.1

   Date        UTC        RA         DECL      RARate   DeclRate    HourAng      Az     Um    Phase  Range  Mag
2010-04-23  18:00:00  08 31 57.0  +01 37 47  +000476.7 +000013.9  01 35 48.8  212.303 40.586  83.79  48717 16.8
2010-04-23  18:10:00  08 37 17.5  +01 39 55  +000485.0 +000011.9  01 40 29.9  213.745 40.179  82.50  48336 16.7
2010-04-23  18:20:00  08 42 44.0  +01 41 43  +000494.0 +000009.7  01 45 05.1  215.137 39.760  81.19  47937 16.7
2010-04-23  18:30:00  08 48 16.4  +01 43 08  +000503.4 +000007.4  01 49 34.4  216.480 39.329  79.85  47521 16.6
2010-04-23  18:40:00  08 53 55.4  +01 44 10  +000513.6 +000005.0  01 53 57.0  217.771 38.889  78.49  47087 16.6
2010-04-23  18:50:00  08 59 41.3  +01 44 48  +000524.3 +000002.4  01 58 12.8  219.009 38.442  77.09  46636 16.5
2010-04-23  19:00:00  09 05 34.6  +01 44 59  +000535.9 -000000.3  02 02 21.1  220.192 37.990  75.68  46167 16.4
2010-04-23  19:10:00  09 11 35.9  +01 44 42  +000548.1 -000003.1  02 06 21.4  221.320 37.535  74.21  45681 16.4
2010-04-23  19:20:00  09 17 45.6  +01 43 56  +000561.2 -000006.2  02 10 13.3  222.391 37.079  72.73  45176 16.3
2010-04-23  19:30:00  09 24 04.6  +01 42 37  +000575.3 -000009.4  02 13 56.0  223.401 36.624  71.19  44653 16.3
2010-04-23  19:40:00  09 30 33.0  +01 40 46  +000590.2 -000012.9  02 17 29.2  224.352 36.172  69.63  44111 16.2
2010-04-23  19:50:00  09 37 11.8  +01 38 18  +000606.2 -000016.7  02 20 52.1  225.239 35.725  68.01  43552 16.1
2010-04-23  20:00:00  09 44 01.5  +01 35 11  +000623.3 -000020.7  02 24 04.0  226.062 35.286  66.36  42973 16.1
2010-04-23  20:10:00  09 51 03.1  +01 31 23  +000641.6 -000025.0  02 27 04.1  226.817 34.856  64.64  42376 16.0
2010-04-23  20:20:00  09 58 17.3  +01 26 50  +000661.2 -000029.7  02 29 51.6  227.502 34.438  62.89  41760 16.0
2010-04-23  20:30:00  10 05 45.0  +01 21 28  +000682.2 -000034.8  02 32 25.5  228.113 34.033  61.06  41126 15.9
2010-04-23  20:40:00  10 13 27.4  +01 15 13  +000704.8 -000040.3  02 34 44.8  228.647 33.645  59.19  40473 15.8
2010-04-23  20:50:00  10 21 25.2  +01 08 01  +000729.1 -000046.2  02 36 48.5  229.100 33.274  57.25  39802 15.7
2010-04-23  21:00:00  10 29 39.8  +00 59 47  +000755.2 -000052.7  02 38 35.6  229.468 32.924  55.24  39112 15.7
2010-04-23  21:10:00  10 38 12.5  +00 50 25  +000783.3 -000059.8  02 40 04.5  229.746 32.597  53.15  38404 15.6
2010-04-23  21:20:00  10 47 04.7  +00 39 49  +000813.6 -000067.5  02 41 14.0  229.927 32.294  50.99  37679 15.5
2010-04-23  21:30:00  10 56 17.8  +00 27 53  +000846.4 -000075.9  02 42 02.5  230.005 32.018  48.73  36936 15.5
2010-04-23  21:40:00  11 05 53.7  +00 14 28  +000881.8 -000085.2  02 42 28.3  229.974 31.772  46.39  36176 15.4
2010-04-23  21:50:00  11 15 54.3  -00 00 35  +000920.2 -000095.4  02 42 29.3  229.823 31.556  43.93  35400 15.3
2010-04-23  22:00:00  11 26 21.4  -00 17 24  +000961.8 -000106.5  02 42 03.8  229.544 31.374  41.38  34609 15.2
2010-04-23  22:10:00  11 37 17.5  -00 36 09  +001007.0 -000118.8  02 41 09.4  229.126 31.226  38.70  33804 15.1
2010-04-23  22:20:00  11 48 44.9  -00 57 03  +001056.2 -000132.2  02 39 43.6  228.558 31.114  35.91  32986 15.0
2010-04-23  22:30:00  12 00 46.6  -01 20 18  +001109.6 -000147.0  02 37 43.6  227.825 31.039  32.96  32156 15.0
2010-04-23  22:40:00  12 13 25.4  -01 46 07  +001167.9 -000163.2  02 35 06.4  226.912 31.000  29.89  31318 14.9
2010-04-23  22:50:00  12 26 44.8  -02 14 46  +001231.3 -000180.9  02 31 48.6  225.801 30.998  26.65  30473 14.8
2010-04-23  23:00:00  12 40 48.5  -02 46 31  +001300.5 -000200.2  02 27 46.6  224.474 31.029  23.26  29625 14.7
2010-04-23  23:10:00  12 55 40.2  -03 21 35  +001375.9 -000221.1  02 22 56.5  222.910 31.091  19.71  28777 14.6
2010-04-23  23:20:00  13 11 24.4  -04 00 17  +001457.8 -000243.5  02 17 14.0  221.086 31.178  16.04  27933 14.5
2010-04-23  23:30:00  13 28 05.4  -04 42 50  +001546.8 -000267.4  02 10 34.6  218.979 31.281  12.30  27098 14.4
2010-04-23  23:40:00  13 45 48.2  -05 29 28  +001643.0 -000292.4  02 02 53.5  216.564 31.389   8.79  26278 14.4
2010-04-23  23:50:00  14 04 37.5  -06 20 19  +001746.4 -000318.0  01 54 05.8  213.818 31.486   6.42  25480 14.3
2010-04-24  00:00:00  14 24 38.2  -07 15 27  +001856.8 -000343.4  01 44 06.8  210.718 31.551   7.17  24712 14.2
2010-04-24  00:10:00  14 45 54.5  -08 14 45  +001973.4 -000367.7  01 32 52.1  207.249 31.560  10.81  23983 14.2
2010-04-24  00:20:00  15 08 30.3  -09 17 53  +002094.8 -000389.2  01 20 17.9  203.404 31.483  15.72  23303 14.1
2010-04-24  00:30:00  15 32 28.0  -10 24 15  +002218.5 -000406.2  01 06 21.9  199.186 31.285  21.30  22684 14.1
2010-04-24  00:40:00  15 57 48.0  -11 32 56  +002341.5 -000416.6  00 51 03.5  194.617 30.932  27.33  22135 14.1
2010-04-24  00:50:00  16 24 28.6  -12 42 38  +002459.1 -000418.0  00 34 24.6  189.738 30.388  33.73  21670 14.1
2010-04-24  01:00:00  16 52 24.4  -13 51 41  +002566.2 -000408.6  00 16 30.4  184.610 29.627  40.42  21300 14.1
2010-04-24  01:10:00  17 21 26.4  -14 58 09  +002656.7 -000386.9  23 57 30.1  179.312 28.631  47.37  21034 14.2
2010-04-24  01:20:00  17 51 21.4  -16 00 00  +002724.6 -000352.8  23 37 36.7  173.939 27.398  54.47  20881 14.3
2010-04-24  01:30:00  18 21 52.9  -16 55 11  +002765.1 -000307.3  23 17 06.9  168.584 25.947  61.68  20846 14.4
2010-04-24  01:40:00  18 52 41.2  -17 41 58  +002774.7 -000252.7  22 56 20.2  163.342 24.310  68.89  20930 14.6
2010-04-24  01:50:00  19 23 25.5  -18 19 09  +002752.8 -000192.6  22 35 37.6  158.291 22.534  76.04  21132 14.8

   Date        UTC        RA         DECL      RARate   DeclRate    HourAng      Az     Um    Phase  Range  Mag
2010-04-24  18:00:00  09 16 05.6  +01 44 51  +000549.6 -000002.3  00 55 36.8  199.412 43.727  74.03  45254 16.4
2010-04-24  18:10:00  09 22 16.3  +01 44 13  +000562.8 -000005.4  00 59 27.7  200.699 43.489  72.53  44736 16.3
2010-04-24  18:20:00  09 28 36.1  +01 43 03  +000576.9 -000008.6  01 03 09.6  201.922 43.238  71.00  44200 16.2
2010-04-24  18:30:00  09 35 05.6  +01 41 20  +000591.9 -000012.1  01 06 41.7  203.079 42.977  69.43  43648 16.2
2010-04-24  18:40:00  09 41 45.5  +01 38 60  +000608.1 -000015.9  01 10 03.4  204.166 42.708  67.82  43077 16.1
2010-04-24  18:50:00  09 48 36.8  +01 35 60  +000625.4 -000020.0  01 13 13.8  205.177 42.431  66.15  42490 16.1
2010-04-24  19:00:00  09 55 39.8  +01 32 19  +000643.9 -000024.3  01 16 12.4  206.112 42.151  64.45  41885 16.0
2010-04-24  19:10:00  10 02 55.6  +01 27 52  +000663.8 -000029.0  01 18 58.2  206.966 41.867  62.68  41262 15.9
2010-04-24  19:20:00  10 10 25.2  +01 22 37  +000685.1 -000034.1  01 21 30.3  207.734 41.584  60.86  40622 15.9
2010-04-24  19:30:00  10 18 09.5  +01 16 28  +000708.0 -000039.7  01 23 47.7  208.411 41.301  58.97  39965 15.8
2010-04-24  19:40:00  10 26 09.6  +01 09 22  +000732.7 -000045.7  01 25 49.2  208.993 41.022  57.03  39290 15.7
2010-04-24  19:50:00  10 34 26.8  +01 01 13  +000759.3 -000052.2  01 27 33.6  209.475 40.747  55.01  38599 15.6
2010-04-24  20:00:00  10 43 02.6  +00 51 56  +000788.0 -000059.3  01 28 59.5  209.848 40.479  52.92  37892 15.6
2010-04-24  20:10:00  10 51 58.0  +00 41 24  +000818.9 -000067.1  01 30 05.7  210.109 40.220  50.74  37168 15.5
2010-04-24  20:20:00  11 01 14.9  +00 29 31  +000852.3 -000075.6  01 30 50.5  210.248 39.969  48.48  36428 15.4
2010-04-24  20:30:00  11 10 54.9  +00 16 10  +000888.4 -000084.9  01 31 12.1  210.257 39.729  46.12  35673 15.3
2010-04-24  20:40:00  11 21 00.1  +00 01 10  +000927.6 -000095.1  01 31 08.6  210.127 39.500  43.66  34904 15.3
2010-04-24  20:50:00  11 31 32.4  -00 15 36  +000970.1 -000106.3  01 30 37.9  209.847 39.282  41.09  34122 15.2
2010-04-24  21:00:00  11 42 34.2  -00 34 19  +001016.2 -000118.5  01 29 37.7  209.405 39.074  38.40  33328 15.1
2010-04-24  21:10:00  11 54 08.3  -00 55 11  +001066.4 -000132.0  01 28 05.3  208.789 38.875  35.58  32524 15.0
2010-04-24  21:20:00  12 06 17.1  -01 18 24  +001120.9 -000146.7  01 25 58.2  207.984 38.684  32.63  31711 14.9
2010-04-24  21:30:00  12 19 03.8  -01 44 11  +001180.3 -000162.8  01 23 13.1  206.975 38.495  29.53  30892 14.8
2010-04-24  21:40:00  12 32 31.9  -02 12 45  +001244.9 -000180.4  01 19 46.7  205.745 38.305  26.29  30069 14.8
2010-04-24  21:50:00  12 46 44.8  -02 44 23  +001315.1 -000199.4  01 15 35.3  204.276 38.106  22.88  29246 14.7
2010-04-24  22:00:00  13 01 46.7  -03 19 18  +001391.5 -000219.9  01 10 35.2  202.549 37.889  19.34  28426 14.6
2010-04-24  22:10:00  13 17 41.5  -03 57 45  +001474.4 -000241.7  01 04 41.9  200.546 37.642  15.68  27614 14.5
2010-04-24  22:20:00  13 34 33.9  -04 39 57  +001563.9 -000264.8  00 57 51.2  198.249 37.350  12.02  26816 14.4
2010-04-24  22:30:00  13 52 28.2  -05 26 04  +001660.3 -000288.7  00 49 58.5  195.643 36.993   8.70  26037 14.3
2010-04-24  22:40:00  14 11 29.1  -06 16 12  +001763.4 -000312.8  00 40 59.3  192.716 36.549   6.82  25285 14.3
2010-04-24  22:50:00  14 31 40.7  -07 10 19  +001872.6 -000336.4  00 30 49.4  189.464 35.992   8.03  24567 14.2
2010-04-24  23:00:00  14 53 06.8  -08 08 15  +001986.8 -000358.3  00 19 24.9  185.890 35.293  11.78  23894 14.2
2010-04-24  23:10:00  15 15 50.3  -09 09 35  +002104.3 -000377.0  00 06 43.0  182.010 34.423  16.72  23274 14.1
2010-04-24  23:20:00  15 39 52.6  -10 13 38  +002222.6 -000390.8  23 52 42.4  177.852 33.352  22.28  22718 14.1
2010-04-24  23:30:00  16 05 12.9  -11 19 29  +002338.0 -000397.8  23 37 23.7  173.458 32.055  28.29  22239 14.1
2010-04-24  23:40:00  16 31 48.1  -12 25 46  +002446.3 -000395.9  23 20 50.1  168.885 30.519  34.64  21846 14.1
2010-04-24  23:50:00  16 59 31.8  -13 30 54  +002542.3 -000383.8  23 03 08.1  164.197 28.737  41.28  21549 14.2
2010-04-25  00:00:00  17 28 13.9  -14 33 05  +002620.7 -000360.5  22 44 27.7  159.467 26.722  48.12  21357 14.3
2010-04-25  00:10:00  17 57 40.9  -15 30 28  +002676.3 -000326.2  22 25 02.3  154.765 24.500  55.12  21277 14.4
2010-04-25  00:20:00  18 27 36.4  -16 21 18  +002705.5 -000282.2  22 05 08.4  150.157 22.114  62.18  21313 14.5
2010-04-25  00:30:00  18 57 41.8  -17 04 09  +002705.9 -000230.9  21 45 04.7  145.699 19.617  69.24  21463 14.6
2010-04-25  00:40:00  19 27 37.8  -17 38 05  +002677.8 -000175.5  21 25 10.3  141.434 17.068  76.20  21726 14.8
2010-04-25  00:50:00  19 57 06.3  -18 02 39  +002623.3 -000119.2  21 05 43.5  137.393 14.525  83.02  22095 15.0
2010-04-25  01:00:00  20 25 50.7  -18 17 58  +002546.5 -000065.0  20 47 00.7  133.595 12.044  89.62  22562 15.3

   Date        UTC        RA         DECL      RARate   DeclRate    HourAng      Az     Um    Phase  Range  Mag
2010-04-25  18:00:00  10 08 17.0  +01 28 08  +000669.6 -000028.2  00 07 21.9  182.605 45.043  62.30  41122 15.9
2010-04-25  18:10:00  10 15 50.7  +01 23 01  +000691.3 -000033.3  00 09 49.8  183.472 44.935  60.47  40475 15.8
2010-04-25  18:20:00  10 23 39.2  +01 17 01  +000714.5 -000038.8  00 12 03.0  184.247 44.809  58.58  39812 15.8
2010-04-25  18:30:00  10 31 43.7  +01 10 04  +000739.4 -000044.8  00 14 00.1  184.924 44.667  56.61  39133 15.7
2010-04-25  18:40:00  10 40 05.5  +01 02 04  +000766.3 -000051.3  00 15 40.0  185.495 44.508  54.59  38439 15.6
2010-04-25  18:50:00  10 48 46.0  +00 52 56  +000795.4 -000058.4  00 17 01.2  185.953 44.332  52.47  37730 15.6
2010-04-25  19:00:00  10 57 46.5  +00 42 35  +000826.7 -000066.1  00 18 02.3  186.290 44.141  50.29  37007 15.5
2010-04-25  19:10:00  11 07 08.7  +00 30 52  +000860.5 -000074.6  00 18 41.7  186.497 43.934  48.00  36270 15.4
2010-04-25  19:20:00  11 16 54.6  +00 17 40  +000897.2 -000083.8  00 18 57.5  186.563 43.710  45.64  35520 15.3
2010-04-25  19:30:00  11 27 05.8  +00 02 52  +000936.9 -000093.9  00 18 47.9  186.482 43.467  43.15  34758 15.2
2010-04-25  19:40:00  11 37 44.5  -00 13 42  +000979.9 -000105.0  00 18 10.9  186.241 43.203  40.57  33985 15.2
2010-04-25  19:50:00  11 48 53.1  -00 32 12  +001026.5 -000117.1  00 17 03.9  185.830 42.916  37.86  33203 15.1
2010-04-25  20:00:00  12 00 34.1  -00 52 48  +001077.2 -000130.3  00 15 24.6  185.237 42.601  35.04  32413 15.0
2010-04-25  20:10:00  12 12 50.2  -01 15 42  +001132.2 -000144.8  00 13 10.1  184.448 42.253  32.06  31618 14.9
2010-04-25  20:20:00  12 25 44.6  -01 41 07  +001191.9 -000160.5  00 10 17.3  183.453 41.864  28.96  30819 14.8
2010-04-25  20:30:00  12 39 20.6  -02 09 17  +001256.8 -000177.5  00 06 43.0  182.238 41.425  25.70  30020 14.7
2010-04-25  20:40:00  12 53 41.5  -02 40 23  +001327.1 -000195.9  00 02 23.7  180.792 40.927  22.32  29224 14.7
2010-04-25  20:50:00  13 08 51.2  -03 14 39  +001403.2 -000215.5  23 57 15.6  179.103 40.355  18.79  28435 14.6
2010-04-25  21:00:00  13 24 53.7  -03 52 17  +001485.3 -000236.3  23 51 14.8  177.162 39.694  15.21  27659 14.5
2010-04-25  21:10:00  13 41 52.9  -04 33 27  +001573.6 -000258.0  23 44 17.2  174.964 38.926  11.69  26899 14.4
2010-04-25  21:20:00  13 59 53.1  -05 18 18  +001668.0 -000280.2  23 36 18.7  172.506 38.031   8.70  26163 14.4
2010-04-25  21:30:00  14 18 58.1  -06 06 50  +001768.2 -000302.3  23 27 15.3  169.791 36.986   7.41  25458 14.3
2010-04-25  21:40:00  14 39 11.6  -06 59 01  +001873.2 -000323.5  23 17 03.5  166.828 35.768   9.06  24792 14.2
2010-04-25  21:50:00  15 00 36.4  -07 54 34  +001982.0 -000342.6  23 05 40.3  163.635 34.357  12.88  24174 14.2
2010-04-25  22:00:00  15 23 14.5  -08 53 02  +002092.5 -000358.3  22 53 03.9  160.235 32.731  17.76  23614 14.2
2010-04-25  22:10:00  15 47 06.1  -09 53 44  +002202.1 -000369.1  22 39 13.9  156.660 30.877  23.26  23120 14.2
2010-04-25  22:20:00  16 12 09.6  -10 55 42  +002307.4 -000373.3  22 24 12.0  152.949 28.787  29.16  22704 14.2
2010-04-25  22:30:00  16 38 20.7  -11 57 43  +002404.3 -000369.4  22 08 02.6  149.145 26.467  35.40  22376 14.2
2010-04-25  22:40:00  17 05 32.4  -12 58 19  +002488.3 -000356.2  21 50 52.5  145.292 23.930  41.88  22144 14.2
2010-04-25  22:50:00  17 33 34.3  -13 55 57  +002554.8 -000333.3  21 32 52.2  141.437 21.208  48.57  22014 14.3
2010-04-25  23:00:00  18 02 13.9  -14 48 57  +002600.0 -000301.0  21 14 14.4  137.618 18.339  55.37  21993 14.4
2010-04-25  23:10:00  18 31 15.6  -15 35 52  +002620.9 -000260.7  20 55 14.3  133.874 15.375  62.23  22082 14.6
2010-04-25  23:20:00  19 00 22.8  -16 15 33  +002616.4 -000214.5  20 36 08.7  130.235 12.371  69.07  22280 14.7

   Date        UTC        RA         DECL      RARate   DeclRate    HourAng      Az     Um    Phase  Range  Mag
2010-04-26  18:10:00  11 23 02.3  +00 18 59  +000906.2 -000081.9  23 06 34.8  161.757 42.453  45.11  35751 15.3
2010-04-26  18:20:00  11 33 19.5  +00 04 32  +000945.9 -000091.8  23 06 19.3  161.741 42.204  42.63  34996 15.3
2010-04-26  18:30:00  11 44 04.3  -00 11 39  +000988.9 -000102.5  23 05 36.2  161.584 41.902  40.02  34232 15.2
2010-04-26  18:40:00  11 55 19.0  -00 29 43  +001035.5 -000114.3  23 04 23.1  161.275 41.541  37.32  33462 15.1
2010-04-26  18:50:00  12 07 05.9  -00 49 49  +001085.9 -000127.1  23 02 37.8  160.806 41.117  34.47  32686 15.0
2010-04-26  19:00:00  12 19 27.8  -01 12 09  +001140.5 -000141.0  23 00 17.6  160.167 40.620  31.51  31908 14.9
2010-04-26  19:10:00  12 32 27.5  -01 36 53  +001199.6 -000156.1  22 57 19.5  159.351 40.042  28.40  31130 14.8
2010-04-26  19:20:00  12 46 08.2  -02 04 14  +001263.5 -000172.3  22 53 40.4  158.350 39.374  25.17  30354 14.8
2010-04-26  19:30:00  13 00 33.2  -02 34 23  +001332.5 -000189.6  22 49 17.0  157.157 38.602  21.80  29585 14.7
2010-04-26  19:40:00  13 15 46.0  -03 07 30  +001406.8 -000208.1  22 44 05.9  155.768 37.715  18.35  28826 14.6
2010-04-26  19:50:00  13 31 50.2  -03 43 49  +001486.6 -000227.5  22 38 03.3  154.179 36.695  14.86  28083 14.5
2010-04-26  20:00:00  13 48 49.3  -04 23 23  +001571.8 -000247.5  22 31 05.9  152.392 35.529  11.55  27361 14.5
2010-04-26  20:10:00  14 06 47.0  -05 06 19  +001662.2 -000267.7  22 23 09.9  150.408 34.199   8.91  26665 14.4
2010-04-26  20:20:00  14 25 46.5  -05 52 35  +001757.2 -000287.5  22 14 12.0  148.234 32.689   8.12  26004 14.3
2010-04-26  20:30:00  14 45 50.7  -06 42 06  +001856.0 -000306.2  22 04 09.5  145.880 30.983  10.01  25385 14.3
2010-04-26  20:40:00  15 07 01.6  -07 34 33  +001957.3 -000322.8  21 53 00.1  143.360 29.069  13.78  24816 14.3
2010-04-26  20:50:00  15 29 20.4  -08 29 31  +002059.0 -000336.0  21 40 43.0  140.692 26.938  18.55  24306 14.2
2010-04-26  21:00:00  15 52 46.3  -09 26 20  +002158.6 -000344.7  21 27 18.7  137.898 24.587  23.88  23865 14.2
2010-04-26  21:10:00  16 17 17.3  -10 24 05  +002253.2 -000347.2  21 12 49.4  135.001 22.023  29.63  23500 14.2
2010-04-26  21:20:00  16 42 48.6  -11 21 42  +002339.1 -000342.7  20 57 19.8  132.025 19.259  35.67  23222 14.3
2010-04-26  21:30:00  17 09 13.2  -12 17 53  +002412.5 -000330.1  20 40 56.8  128.997 16.321  41.96  23036 14.3
2010-04-26  21:40:00  17 36 21.6  -13 11 17  +002469.9 -000309.3  20 23 50.0  125.941 13.242  48.42  22950 14.4
2010-04-26  21:50:00  18 04 02.1  -14 00 33  +002508.1 -000280.5  20 06 11.2  122.881 10.067  54.99  22966 14.5

   Date        UTC        RA         DECL      RARate   DeclRate    HourAng      Az     Um    Phase  Range  Mag
2010-04-27  18:10:00  12 51 53.3  -01 57 51  +001262.9 -000165.1  21 41 40.4  137.521 32.864  24.88  31055 14.8
2010-04-27  18:20:00  13 06 17.1  -02 26 43  +001329.4 -000181.4  21 37 18.2  136.647 31.927  21.58  30309 14.7
2010-04-27  18:30:00  13 21 26.9  -02 58 21  +001400.7 -000198.4  21 32 10.1  135.623 30.850  18.19  29577 14.7
2010-04-27  18:40:00  13 37 25.7  -03 32 54  +001476.7 -000216.2  21 26 12.9  134.448 29.622  14.84  28862 14.6
2010-04-27  18:50:00  13 54 16.8  -04 10 27  +001557.4 -000234.5  21 19 23.5  133.119 28.230  11.70  28171 14.5
2010-04-27  19:00:00  14 12 03.1  -04 51 03  +001642.4 -000252.7  21 11 38.8  131.640 26.662   9.35  27509 14.5
2010-04-27  19:10:00  14 30 47.4  -05 34 42  +001731.1 -000270.6  21 02 56.2  130.011 24.906   8.80  26884 14.4
2010-04-27  19:20:00  14 50 31.7  -06 21 12  +001822.6 -000287.1  20 53 13.4  128.240 22.954  10.66  26301 14.4
2010-04-27  19:30:00  15 11 17.7  -07 10 18  +001915.6 -000301.7  20 42 29.1  126.333 20.799  14.26  25769 14.3
2010-04-27  19:40:00  15 33 05.8  -08 01 35  +002008.4 -000313.2  20 30 42.7  124.298 18.439  18.81  25296 14.3
2010-04-27  19:50:00  15 55 54.9  -08 54 28  +002098.6 -000320.5  20 17 55.2  122.147 15.878  23.94  24890 14.3
2010-04-27  20:00:00  16 19 42.7  -09 48 09  +002183.6 -000322.7  20 04 09.1  119.891 13.127  29.46  24560 14.3
2010-04-27  20:10:00  16 44 24.6  -10 41 41  +002260.5 -000318.6  19 49 28.9  117.544 10.205  35.29  24311 14.4

   Date        UTC        RA         DECL      RARate   DeclRate    HourAng      Az     Um    Phase  Range  Mag
2010-04-28  18:10:00  14 52 35.1  -05 58 22  +001777.8 -000268.1  19 44 55.1  113.616 13.168  10.90  27464 14.5
2010-04-28  18:20:00  15 12 48.7  -06 44 11  +001863.0 -000281.3  19 34 43.2  112.123 10.960  14.18  26954 14.4
