ЭФЕМЕРИДЫ ПО ОБЪЕКТУ:  95386
Для пункта:  10016 Маяки   46 23'50.68"   30 16'17.74"    14m
C   2010-04-15 12:00
по  2010-05-01 12:00
Шаг  0:10:00
Мин.угол места:          10 град
Макс.угол места Солнца: -10 град
Стандартный блеск :      9.3 (зв.вел.)

ОБОЗНАЧЕНИЯ
RA        прямое восхождение, тек.эпоха
DECL      склонение, тек.эпоха
RARate    скорость по пр.восх., арксек/мин
DeclRate  скорость по склонению, арксек/мин
HourAng   часовой угол
Az        азимут
Um        угол места
Phase     фазовый угол
Range     дальность
Mag       зв.величина (оценка)

   Date        UTC        RA         DECL      RARate   DeclRate    HourAng      Az     Um    Phase  Range  Mag
2010-04-15  17:50:00  09 07 25.5  +00 43 40  +002489.7 +000014.8  00 18 46.2  186.546 44.145  67.42  18807 15.1
2010-04-15  18:00:00  09 33 32.7  +00 41 39  +002218.9 -000036.2  00 02 40.7  180.935 44.293  61.03  19914 15.1
2010-04-15  18:10:00  09 56 53.6  +00 32 23  +001989.8 -000073.0  23 49 21.5  176.295 44.083  55.29  21031 15.1
2010-04-15  18:20:00  10 17 54.0  +00 17 53  +001796.7 -000099.4  23 38 22.7  172.518 43.657  50.13  22142 15.2
2010-04-15  18:30:00  10 36 56.0  -00 00 20  +001633.6 -000118.2  23 29 22.3  169.483 43.112  45.43  23236 15.2
2010-04-15  18:40:00  10 54 17.9  -00 21 12  +001495.6 -000131.4  23 22 02.0  167.074 42.511  41.16  24304 15.2
2010-04-15  18:50:00  11 10 14.9  -00 43 55  +001378.2 -000140.6  23 16 06.7  165.187 41.893  37.21  25341 15.3
2010-04-15  19:00:00  11 24 59.5  -01 07 56  +001277.8 -000146.9  23 11 23.7  163.737 41.282  33.57  26343 15.3
2010-04-15  19:10:00  11 38 42.0  -01 32 48  +001191.5 -000151.1  23 07 42.9  162.652 40.692  30.17  27307 15.4
2010-04-15  19:20:00  11 51 30.9  -01 58 13  +001116.9 -000153.7  23 04 55.6  161.875 40.131  27.00  28232 15.4
2010-04-15  19:30:00  12 03 33.5  -02 23 59  +001052.2 -000155.3  23 02 54.7  161.356 39.603  24.02  29118 15.5
2010-04-15  19:40:00  12 14 55.7  -02 49 56  +000995.7 -000156.1  23 01 34.1  161.058 39.106  21.21  29962 15.5
2010-04-15  19:50:00  12 25 42.7  -03 15 59  +000946.2 -000156.3  23 00 48.8  160.947 38.641  18.55  30766 15.6
2010-04-15  20:00:00  12 35 58.7  -03 42 01  +000902.8 -000156.1  23 00 34.4  160.997 38.205  16.03  31529 15.6
2010-04-15  20:10:00  12 45 47.6  -04 08 01  +000864.5 -000155.7  23 00 47.2  161.186 37.794  13.63  32251 15.6
2010-04-15  20:20:00  12 55 12.4  -04 33 55  +000830.7 -000155.1  23 01 24.0  161.495 37.407  11.36  32934 15.7
2010-04-15  20:30:00  13 04 16.0  -04 59 42  +000800.7 -000154.3  23 02 22.0  161.908 37.040   9.20  33576 15.7
2010-04-15  20:40:00  13 13 00.9  -05 25 22  +000774.2 -000153.6  23 03 38.8  162.410 36.690   7.20  34179 15.7
2010-04-15  20:50:00  13 21 29.1  -05 50 54  +000750.8 -000152.8  23 05 12.2  162.991 36.353   5.39  34743 15.8
2010-04-15  21:00:00  13 29 42.6  -06 16 17  +000730.0 -000152.0  23 07 00.4  163.640 36.028   3.97  35268 15.8
2010-04-15  21:10:00  13 37 43.0  -06 41 34  +000711.7 -000151.3  23 09 01.6  164.347 35.710   3.31  35755 15.8
2010-04-15  21:20:00  13 45 32.0  -07 06 43  +000695.5 -000150.6  23 11 14.3  165.104 35.398   3.75  36205 15.9
2010-04-15  21:30:00  13 53 10.8  -07 31 46  +000681.3 -000149.9  23 13 37.1  165.905 35.090   4.96  36617 15.9
2010-04-15  21:40:00  14 00 40.9  -07 56 43  +000669.0 -000149.4  23 16 08.7  166.742 34.783   6.49  36993 15.9
2010-04-15  21:50:00  14 08 03.2  -08 21 34  +000658.3 -000148.9  23 18 48.0  167.608 34.475   8.14  37332 15.9
2010-04-15  22:00:00  14 15 19.0  -08 46 22  +000649.2 -000148.6  23 21 33.8  168.499 34.165   9.82  37635 16.0
2010-04-15  22:10:00  14 22 29.2  -09 11 06  +000641.6 -000148.3  23 24 25.3  169.409 33.851  11.54  37902 16.0
2010-04-15  22:20:00  14 29 34.8  -09 35 48  +000635.3 -000148.1  23 27 21.3  170.333 33.531  13.24  38134 16.0
2010-04-15  22:30:00  14 36 36.6  -10 00 29  +000630.4 -000148.1  23 30 21.1  171.267 33.205  14.96  38330 16.0
2010-04-15  22:40:00  14 43 35.6  -10 25 10  +000626.8 -000148.1  23 33 23.8  172.205 32.871  16.66  38491 16.0
2010-04-15  22:50:00  14 50 32.6  -10 49 51  +000624.4 -000148.2  23 36 28.4  173.144 32.529  18.37  38617 16.0
2010-04-15  23:00:00  14 57 28.4  -11 14 35  +000623.1 -000148.5  23 39 34.3  174.079 32.178  20.07  38709 16.1
2010-04-15  23:10:00  15 04 23.7  -11 39 21  +000623.1 -000148.9  23 42 40.6  175.007 31.816  21.78  38765 16.1
2010-04-15  23:20:00  15 11 19.5  -12 04 13  +000624.3 -000149.4  23 45 46.5  175.923 31.445  23.48  38787 16.1
2010-04-15  23:30:00  15 18 16.4  -12 29 09  +000626.7 -000150.0  23 48 51.2  176.823 31.063  25.19  38775 16.1
2010-04-15  23:40:00  15 25 15.3  -12 54 13  +000630.3 -000150.7  23 51 53.9  177.705 30.671  26.90  38728 16.1
2010-04-15  23:50:00  15 32 17.0  -13 19 24  +000635.1 -000151.6  23 54 53.8  178.563 30.268  28.64  38646 16.1
2010-04-16  00:00:00  15 39 22.4  -13 44 45  +000641.3 -000152.6  23 57 50.1  179.394 29.855  30.37  38529 16.1
2010-04-16  00:10:00  15 46 32.3  -14 10 17  +000648.7 -000153.7  00 00 41.8  180.194 29.431  32.13  38377 16.1
2010-04-16  00:20:00  15 53 47.7  -14 36 00  +000657.6 -000155.0  00 03 28.1  180.959 28.997  33.90  38190 16.1
2010-04-16  00:30:00  16 01 09.5  -15 01 58  +000668.0 -000156.4  00 06 08.0  181.686 28.554  35.70  37968 16.1
2010-04-16  00:40:00  16 08 38.7  -15 28 10  +000679.9 -000158.0  00 08 40.4  182.369 28.102  37.52  37711 16.2
2010-04-16  00:50:00  16 16 16.4  -15 54 38  +000693.6 -000159.7  00 11 04.4  183.005 27.642  39.38  37418 16.2
2010-04-16  01:00:00  16 24 03.8  -16 21 25  +000709.1 -000161.6  00 13 18.5  183.589 27.174  41.26  37089 16.2
2010-04-16  01:10:00  16 32 02.3  -16 48 31  +000726.7 -000163.6  00 15 21.7  184.116 26.699  43.20  36723 16.2
2010-04-16  01:20:00  16 40 13.2  -17 15 58  +000746.4 -000165.8  00 17 12.5  184.580 26.218  45.16  36321 16.2
2010-04-16  01:30:00  16 48 38.0  -17 43 48  +000768.6 -000168.1  00 18 49.3  184.976 25.732  47.19  35882 16.2
2010-04-16  01:40:00  16 57 18.6  -18 12 01  +000793.5 -000170.6  00 20 10.4  185.297 25.241  49.25  35406 16.2
2010-04-16  01:50:00  17 06 16.7  -18 40 40  +000821.5 -000173.2  00 21 13.9  185.538 24.748  51.40  34892 16.2
2010-04-16  02:00:00  17 15 34.6  -19 09 46  +000852.8 -000175.9  00 21 57.7  185.689 24.252  53.60  34340 16.2
2010-04-16  02:10:00  17 25 14.6  -19 39 20  +000888.0 -000178.7  00 22 19.3  185.742 23.754  55.89  33750 16.2

   Date        UTC        RA         DECL      RARate   DeclRate    HourAng      Az     Um    Phase  Range  Mag
2010-04-16  21:40:00  08 25 14.3  +00 36 58  +002478.7 +000024.1  04 55 31.8  258.606 11.492  78.85  21413 15.6
2010-04-16  21:50:00  08 51 33.0  +00 36 43  +002259.8 -000023.6  04 39 14.7  255.510 14.225  72.39  22269 15.6
2010-04-16  22:00:00  09 15 32.6  +00 29 37  +002062.5 -000059.9  04 25 16.7  252.720 16.452  66.50  23168 15.5
2010-04-16  22:10:00  09 37 28.1  +00 17 15  +001887.1 -000087.2  04 13 22.9  250.221 18.241  61.09  24092 15.5
2010-04-16  22:20:00  09 57 33.6  +00 00 56  +001732.6 -000107.4  04 03 19.1  248.001 19.654  56.14  25026 15.5
2010-04-16  22:30:00  10 16 02.5  -00 18 16  +001597.0 -000122.1  03 54 51.8  246.044 20.749  51.56  25962 15.5
2010-04-16  22:40:00  10 33 06.8  -00 39 33  +001478.2 -000132.7  03 47 49.2  244.334 21.575  47.34  26890 15.5
2010-04-16  22:50:00  10 48 56.9  -01 02 19  +001374.3 -000140.1  03 42 00.7  242.851 22.173  43.40  27803 15.6
2010-04-16  23:00:00  11 03 42.2  -01 26 09  +001283.3 -000145.1  03 37 17.0  241.577 22.580  39.74  28697 15.6
2010-04-16  23:10:00  11 17 30.5  -01 50 38  +001203.3 -000148.4  03 33 30.4  240.494 22.824  36.30  29569 15.6
2010-04-16  23:20:00  11 30 28.8  -02 15 32  +001133.0 -000150.4  03 30 33.7  239.584 22.931  33.08  30415 15.6
2010-04-16  23:30:00  11 42 43.1  -02 40 42  +001071.1 -000151.3  03 28 21.0  238.832 22.921  30.03  31233 15.7
2010-04-16  23:40:00  11 54 18.6  -03 05 57  +001016.3 -000151.6  03 26 47.2  238.220 22.811  27.15  32021 15.7
2010-04-16  23:50:00  12 05 19.7  -03 31 13  +000967.9 -000151.4  03 25 47.8  237.735 22.614  24.39  32778 15.7
2010-04-17  00:00:00  12 15 50.4  -03 56 25  +000924.9 -000150.9  03 25 18.7  237.364 22.344  21.78  33503 15.8
2010-04-17  00:10:00  12 25 54.1  -04 21 30  +000886.8 -000150.0  03 25 16.6  237.094 22.008  19.27  34195 15.8
2010-04-17  00:20:00  12 35 33.8  -04 46 26  +000852.9 -000149.1  03 25 38.6  236.914 21.617  16.88  34854 15.8
2010-04-17  00:30:00  12 44 52.1  -05 11 11  +000822.7 -000148.0  03 26 21.9  236.815 21.177  14.57  35480 15.8
2010-04-17  00:40:00  12 53 51.5  -05 35 45  +000795.8 -000146.8  03 27 24.2  236.786 20.693  12.36  36071 15.9
2010-04-17  00:50:00  13 02 33.9  -06 00 08  +000771.9 -000145.7  03 28 43.4  236.820 20.172  10.22  36629 15.9
2010-04-17  01:00:00  13 11 01.3  -06 24 19  +000750.7 -000144.6  03 30 17.6  236.909 19.617   8.18  37152 15.9
2010-04-17  01:10:00  13 19 15.4  -06 48 20  +000731.8 -000143.5  03 32 05.2  237.046 19.032   6.24  37642 15.9
2010-04-17  01:20:00  13 27 17.6  -07 12 09  +000715.2 -000142.4  03 34 04.6  237.224 18.422   4.47  38097 16.0
2010-04-17  01:30:00  13 35 09.4  -07 35 49  +000700.5 -000141.5  03 36 14.4  237.439 17.788   3.03  38517 16.0
2010-04-17  01:40:00  13 42 52.1  -07 59 19  +000687.7 -000140.6  03 38 33.5  237.685 17.134   2.50  38904 16.0
2010-04-17  01:50:00  13 50 26.7  -08 22 40  +000676.5 -000139.7  03 41 00.5  237.956 16.462   3.26  39256 16.0
2010-04-17  02:00:00  13 57 54.4  -08 45 54  +000666.9 -000139.0  03 43 34.4  238.250 15.774   4.68  39573 16.0
2010-04-17  02:10:00  14 05 16.2  -09 09 01  +000658.8 -000138.4  03 46 14.2  238.561 15.074   6.32  39856 16.1

   Date        UTC        RA         DECL      RARate   DeclRate    HourAng      Az     Um    Phase  Range  Mag
2010-04-18  17:50:00  13 02 15.6  -04 06 38  +000835.8 -000151.4  20 35 45.8  122.979 22.361  12.88  33680 15.7
2010-04-18  18:00:00  13 11 22.8  -04 31 50  +000806.3 -000151.0  20 36 40.2  123.441 22.149  10.78  34350 15.8
2010-04-18  18:10:00  13 20 11.6  -04 56 58  +000780.2 -000150.6  20 37 53.1  123.968 21.981   8.84  34977 15.8
2010-04-18  18:20:00  13 28 43.9  -05 22 01  +000757.1 -000150.0  20 39 22.5  124.553 21.850   7.11  35562 15.8
2010-04-18  18:30:00  13 37 01.7  -05 46 59  +000736.6 -000149.5  20 41 06.3  125.190 21.753   5.69  36105 15.9
2010-04-18  18:40:00  13 45 06.6  -06 11 52  +000718.5 -000149.0  20 43 03.0  125.871 21.684   4.80  36608 15.9
2010-04-18  18:50:00  13 53 00.2  -06 36 39  +000702.5 -000148.5  20 45 11.1  126.593 21.638   4.67  37071 15.9
2010-04-18  19:00:00  14 00 43.8  -07 01 22  +000688.5 -000148.1  20 47 29.1  127.350 21.612   5.31  37494 15.9
2010-04-18  19:10:00  14 08 18.6  -07 26 01  +000676.3 -000147.7  20 49 55.9  128.138 21.603   6.46  37879 16.0
2010-04-18  19:20:00  14 15 45.9  -07 50 36  +000665.7 -000147.4  20 52 30.3  128.953 21.606   7.87  38225 16.0
2010-04-18  19:30:00  14 23 06.6  -08 15 08  +000656.6 -000147.1  20 55 11.3  129.792 21.619   9.43  38534 16.0
2010-04-18  19:40:00  14 30 21.7  -08 39 39  +000649.0 -000147.0  20 57 57.8  130.651 21.638  11.04  38806 16.0
2010-04-18  19:50:00  14 37 32.3  -09 04 08  +000642.8 -000146.9  21 00 48.9  131.526 21.662  12.70  39041 16.0
2010-04-18  20:00:00  14 44 39.1  -09 28 37  +000637.8 -000146.9  21 03 43.7  132.415 21.687  14.36  39239 16.1
2010-04-18  20:10:00  14 51 43.0  -09 53 06  +000634.1 -000147.0  21 06 41.4  133.315 21.711  16.04  39401 16.1
2010-04-18  20:20:00  14 58 44.9  -10 17 37  +000631.7 -000147.2  21 09 41.2  134.222 21.731  17.72  39528 16.1
2010-04-18  20:30:00  15 05 45.5  -10 42 11  +000630.4 -000147.5  21 12 42.2  135.134 21.746  19.42  39620 16.1
2010-04-18  20:40:00  15 12 45.6  -11 06 48  +000630.3 -000147.9  21 15 43.7  136.047 21.754  21.11  39676 16.1
2010-04-18  20:50:00  15 19 46.1  -11 31 29  +000631.3 -000148.4  21 18 44.9  136.959 21.752  22.81  39697 16.1
2010-04-18  21:00:00  15 26 47.7  -11 56 16  +000633.6 -000149.0  21 21 44.9  137.866 21.739  24.52  39684 16.1
2010-04-18  21:10:00  15 33 51.2  -12 21 10  +000637.0 -000149.7  21 24 43.1  138.766 21.713  26.24  39637 16.2
2010-04-18  21:20:00  15 40 57.3  -12 46 11  +000641.7 -000150.5  21 27 38.6  139.654 21.673  27.96  39554 16.2
2010-04-18  21:30:00  15 48 07.1  -13 11 20  +000647.7 -000151.4  21 30 30.5  140.528 21.616  29.71  39438 16.2
2010-04-18  21:40:00  15 55 21.2  -13 36 40  +000655.0 -000152.5  21 33 18.0  141.384 21.542  31.46  39287 16.2
2010-04-18  21:50:00  16 02 40.6  -14 02 10  +000663.6 -000153.6  21 36 00.2  142.219 21.448  33.25  39103 16.2
2010-04-18  22:00:00  16 10 06.3  -14 27 52  +000673.7 -000154.8  21 38 36.1  143.027 21.334  35.05  38884 16.2
2010-04-18  22:10:00  16 17 39.3  -14 53 47  +000685.4 -000156.1  21 41 04.8  143.806 21.198  36.88  38631 16.2
2010-04-18  22:20:00  16 25 20.6  -15 19 55  +000698.8 -000157.6  21 43 25.2  144.551 21.038  38.73  38343 16.2
2010-04-18  22:30:00  16 33 11.4  -15 46 19  +000714.0 -000159.1  21 45 36.0  145.258 20.853  40.63  38022 16.2
2010-04-18  22:40:00  16 41 13.0  -16 12 58  +000731.1 -000160.7  21 47 36.1  145.920 20.642  42.56  37666 16.2
2010-04-18  22:50:00  16 49 26.7  -16 39 54  +000750.4 -000162.4  21 49 24.0  146.534 20.403  44.54  37276 16.2
2010-04-18  23:00:00  16 57 53.9  -17 07 07  +000772.0 -000164.2  21 50 58.4  147.093 20.135  46.56  36851 16.2
2010-04-18  23:10:00  17 06 36.5  -17 34 37  +000796.2 -000166.0  21 52 17.5  147.592 19.835  48.64  36392 16.2
2010-04-18  23:20:00  17 15 36.1  -18 02 26  +000823.3 -000167.8  21 53 19.5  148.023 19.502  50.77  35898 16.2
2010-04-18  23:30:00  17 24 54.9  -18 30 33  +000853.6 -000169.6  21 54 02.4  148.379 19.134  52.98  35369 16.2
2010-04-18  23:40:00  17 34 35.1  -18 58 58  +000887.5 -000171.3  21 54 23.8  148.652 18.729  55.26  34806 16.2
2010-04-18  23:50:00  17 44 39.2  -19 27 39  +000925.6 -000172.9  21 54 21.4  148.834 18.282  57.63  34208 16.2
2010-04-19  00:00:00  17 55 10.1  -19 56 35  +000968.2 -000174.2  21 53 52.1  148.914 17.793  60.08  33575 16.2
2010-04-19  00:10:00  18 06 11.2  -20 25 43  +001016.1 -000175.3  21 52 52.6  148.882 17.255  62.65  32909 16.2
2010-04-19  00:20:00  18 17 46.1  -20 54 59  +001069.9 -000175.8  21 51 19.3  148.725 16.666  65.32  32208 16.2
2010-04-19  00:30:00  18 29 59.2  -21 24 16  +001130.7 -000175.5  21 49 07.9  148.430 16.018  68.13  31474 16.2
2010-04-19  00:40:00  18 42 55.4  -21 53 27  +001199.3 -000174.3  21 46 13.4  147.981 15.307  71.08  30707 16.3
2010-04-19  00:50:00  18 56 40.2  -22 22 18  +001277.0 -000171.7  21 42 30.2  147.362 14.522  74.21  29909 16.3
2010-04-19  01:00:00  19 11 20.2  -22 50 34  +001365.2 -000167.1  21 37 51.8  146.551 13.656  77.51  29081 16.3
2010-04-19  01:10:00  19 27 03.0  -23 17 52  +001465.5 -000160.0  21 32 10.7  145.527 12.695  81.03  28225 16.3
2010-04-19  01:20:00  19 43 57.2  -23 43 42  +001579.6 -000149.3  21 25 18.2  144.264 11.625  84.78  27344 16.3
2010-04-19  01:30:00  20 02 12.6  -24 07 23  +001709.6 -000133.9  21 17 04.4  142.733 10.428  88.80  26441 16.4

   Date        UTC        RA         DECL      RARate   DeclRate    HourAng      Az     Um    Phase  Range  Mag
2010-04-19  18:30:00  05 40 58.2  -02 30 40  +004061.9 +000499.3  04 41 06.4  253.736 11.583 120.96  16129 16.6
2010-04-19  18:40:00  06 24 41.5  -01 17 26  +003793.4 +000380.9  04 07 24.7  247.950 17.996 110.65  16471 16.1
2010-04-19  18:50:00  07 05 07.2  -00 23 42  +003478.8 +000265.4  03 37 00.6  242.206 23.447 100.95  17019 15.8
2010-04-19  19:00:00  07 41 57.5  +00 11 48  +003152.0 +000163.3  03 10 12.0  236.608 27.902  92.05  17730 15.6
2010-04-19  19:10:00  08 15 12.9  +00 31 45  +002837.4 +000079.3  02 46 58.2  231.271 31.416  83.97  18561 15.5
2010-04-19  19:20:00  08 45 06.8  +00 39 15  +002548.9 +000013.5  02 27 05.9  226.297 34.100  76.69  19476 15.4
2010-04-19  19:30:00  09 11 58.9  +00 37 09  +002292.4 -000036.3  02 10 15.5  221.760 36.088  70.11  20447 15.3
2010-04-19  19:40:00  09 36 10.9  +00 27 53  +002068.6 -000073.1  01 56 05.1  217.703 37.511  64.19  21448 15.3
2010-04-19  19:50:00  09 58 04.2  +00 13 15  +001875.2 -000100.0  01 44 13.5  214.136 38.487  58.80  22462 15.3
2010-04-19  20:00:00  10 17 57.5  -00 05 07  +001708.8 -000119.2  01 34 21.8  211.053 39.119  53.91  23475 15.3
2010-04-19  20:10:00  10 36 07.9  -00 26 12  +001565.8 -000132.8  01 26 13.1  208.425 39.486  49.42  24477 15.4
2010-04-19  20:20:00  10 52 49.8  -00 49 10  +001442.8 -000142.3  01 19 32.8  206.216 39.650  45.30  25461 15.4
2010-04-19  20:30:00  11 08 15.5  -01 13 27  +001336.7 -000148.7  01 14 08.8  204.385 39.662  41.48  26420 15.4
2010-04-19  20:40:00  11 22 35.3  -01 38 36  +001244.9 -000152.8  01 09 50.6  202.893 39.556  37.94  27352 15.5
2010-04-19  20:50:00  11 35 58.1  -02 04 19  +001165.2 -000155.4  01 06 29.5  201.701 39.362  34.61  28252 15.5
2010-04-19  21:00:00  11 48 31.2  -02 30 22  +001095.7 -000156.9  01 03 58.0  200.772 39.099  31.50  29119 15.5
2010-04-19  21:10:00  12 00 21.0  -02 56 34  +001034.9 -000157.4  01 02 09.8  200.075 38.784  28.56  29952 15.6
2010-04-19  21:20:00  12 11 32.9  -03 22 49  +000981.6 -000157.4  01 00 59.6  199.581 38.427  25.79  30749 15.6
2010-04-19  21:30:00  12 22 11.3  -03 49 01  +000934.7 -000157.0  01 00 22.8  199.263 38.037  23.14  31510 15.6
2010-04-19  21:40:00  12 32 20.4  -04 15 08  +000893.3 -000156.2  01 00 15.4  199.100 37.620  20.64  32235 15.7
2010-04-19  21:50:00  12 42 03.5  -04 41 06  +000856.7 -000155.3  01 00 33.9  199.071 37.181  18.23  32923 15.7
2010-04-19  22:00:00  12 51 23.6  -05 06 54  +000824.2 -000154.3  01 01 15.5  199.160 36.724  15.94  33574 15.7
2010-04-19  22:10:00  13 00 23.3  -05 32 32  +000795.5 -000153.2  01 02 17.3  199.349 36.249  13.73  34189 15.8
2010-04-19  22:20:00  13 09 05.0  -05 57 59  +000770.0 -000152.1  01 03 37.3  199.627 35.760  11.62  34767 15.8
2010-04-19  22:30:00  13 17 30.7  -06 23 15  +000747.4 -000151.0  01 05 13.3  199.980 35.257   9.60  35308 15.8
2010-04-19  22:40:00  13 25 42.1  -06 48 20  +000727.4 -000150.0  01 07 03.5  200.398 34.742   7.70  35814 15.8
2010-04-19  22:50:00  13 33 41.0  -07 13 15  +000709.7 -000149.0  01 09 06.2  200.872 34.215   5.92  36284 15.9
2010-04-19  23:00:00  13 41 28.9  -07 38 01  +000694.1 -000148.1  01 11 20.0  201.392 33.677   4.41  36718 15.9
2010-04-19  23:10:00  13 49 07.0  -08 02 38  +000680.5 -000147.3  01 13 43.5  201.951 33.128   3.38  37116 15.9
2010-04-19  23:20:00  13 56 36.7  -08 27 07  +000668.7 -000146.5  01 16 15.5  202.543 32.569   3.27  37479 15.9
2010-04-19  23:30:00  14 03 59.0  -08 51 29  +000658.5 -000145.9  01 18 54.9  203.160 32.000   4.11  37806 15.9
2010-04-19  23:40:00  14 11 15.0  -09 15 45  +000649.8 -000145.3  01 21 40.5  203.797 31.422   5.44  38099 16.0
2010-04-19  23:50:00  14 18 25.7  -09 39 55  +000642.6 -000144.9  01 24 31.4  204.449 30.835   6.98  38357 16.0
2010-04-20  00:00:00  14 25 32.0  -10 04 02  +000636.7 -000144.5  01 27 26.7  205.111 30.240   8.60  38579 16.0
2010-04-20  00:10:00  14 32 34.9  -10 28 06  +000632.2 -000144.3  01 30 25.5  205.778 29.637  10.26  38767 16.0
2010-04-20  00:20:00  14 39 35.2  -10 52 09  +000628.9 -000144.2  01 33 26.8  206.446 29.026  11.93  38920 16.0
2010-04-20  00:30:00  14 46 33.7  -11 16 10  +000626.8 -000144.2  01 36 30.0  207.112 28.409  13.62  39039 16.0
2010-04-20  00:40:00  14 53 31.2  -11 40 12  +000626.0 -000144.3  01 39 34.1  207.771 27.786  15.30  39122 16.1
2010-04-20  00:50:00  15 00 28.6  -12 04 16  +000626.3 -000144.5  01 42 38.4  208.420 27.159  17.00  39171 16.1
2010-04-20  01:00:00  15 07 26.5  -12 28 23  +000627.8 -000144.9  01 45 42.1  209.055 26.527  18.69  39185 16.1
2010-04-20  01:10:00  15 14 25.9  -12 52 34  +000630.5 -000145.4  01 48 44.4  209.674 25.892  20.41  39164 16.1
2010-04-20  01:20:00  15 21 27.4  -13 16 51  +000634.4 -000146.0  01 51 44.4  210.274 25.255  22.12  39107 16.1
2010-04-20  01:30:00  15 28 32.0  -13 41 14  +000639.6 -000146.7  01 54 41.5  210.850 24.617  23.86  39015 16.1
2010-04-20  01:40:00  15 35 40.5  -14 05 46  +000646.0 -000147.6  01 57 34.7  211.400 23.980  25.59  38888 16.1
2010-04-20  01:50:00  15 42 53.7  -14 30 27  +000653.8 -000148.6  02 00 23.1  211.921 23.344  27.36  38724 16.1
2010-04-20  02:00:00  15 50 12.6  -14 55 19  +000663.1 -000149.8  02 03 05.8  212.409 22.712  29.14  38524 16.1

   Date        UTC        RA         DECL      RARate   DeclRate    HourAng      Az     Um    Phase  Range  Mag
2010-04-22  18:00:00  11 17 44.7  -00 56 37  +001351.0 -000144.0  22 46 04.6  155.580 39.947  42.09  25559 15.4
2010-04-22  18:10:00  11 32 12.4  -01 21 06  +001254.2 -000149.5  22 41 38.6  154.359 39.233  38.53  26568 15.4
2010-04-22  18:20:00  11 45 40.1  -01 46 21  +001170.9 -000153.1  22 38 12.5  153.472 38.571  35.22  27537 15.4
2010-04-22  18:30:00  11 58 16.2  -02 12 04  +001099.0 -000155.3  22 35 38.0  152.864 37.964  32.11  28464 15.5
2010-04-22  18:40:00  12 10 07.6  -02 38 04  +001036.6 -000156.5  22 33 48.2  152.489 37.408  29.19  29350 15.5
2010-04-22  18:50:00  12 21 20.1  -03 04 12  +000982.1 -000157.0  22 32 37.4  152.314 36.901  26.43  30195 15.6
2010-04-22  19:00:00  12 31 58.6  -03 30 24  +000934.3 -000157.0  22 32 00.5  152.307 36.438  23.82  30996 15.6
2010-04-22  19:10:00  12 42 07.3  -03 56 33  +000892.4 -000156.7  22 31 53.5  152.446 36.016  21.33  31757 15.6
2010-04-22  19:20:00  12 51 49.7  -04 22 37  +000855.4 -000156.1  22 32 12.8  152.711 35.630  18.97  32475 15.7
2010-04-22  19:30:00  13 01 08.9  -04 48 35  +000822.8 -000155.4  22 32 55.2  153.083 35.275  16.70  33153 15.7
2010-04-22  19:40:00  13 10 07.6  -05 14 25  +000793.9 -000154.6  22 33 58.1  153.551 34.947  14.55  33790 15.7
2010-04-22  19:50:00  13 18 48.1  -05 40 07  +000768.3 -000153.7  22 35 19.2  154.100 34.642  12.48  34387 15.8
2010-04-22  20:00:00  13 27 12.6  -06 05 40  +000745.7 -000152.9  22 36 56.3  154.721 34.356  10.54  34945 15.8
2010-04-22  20:10:00  13 35 22.9  -06 31 04  +000725.6 -000152.0  22 38 47.7  155.404 34.086   8.71  35463 15.8
2010-04-22  20:20:00  13 43 20.7  -06 56 21  +000707.9 -000151.3  22 40 51.6  156.141 33.828   7.06  35943 15.8
2010-04-22  20:30:00  13 51 07.4  -07 21 30  +000692.4 -000150.5  22 43 06.6  156.925 33.580   5.64  36385 15.9
2010-04-22  20:40:00  13 58 44.3  -07 46 32  +000678.8 -000149.9  22 45 31.2  157.749 33.338   4.66  36789 15.9
2010-04-22  20:50:00  14 06 12.8  -08 11 28  +000666.9 -000149.3  22 48 04.4  158.607 33.100   4.33  37157 15.9
2010-04-22  21:00:00  14 13 33.9  -08 36 18  +000656.7 -000148.8  22 50 44.9  159.494 32.864   4.77  37487 15.9
2010-04-22  21:10:00  14 20 48.7  -09 01 05  +000648.0 -000148.4  22 53 31.7  160.405 32.628   5.77  37782 15.9
2010-04-22  21:20:00  14 27 58.3  -09 25 47  +000640.8 -000148.1  22 56 23.9  161.334 32.389   7.08  38040 16.0
2010-04-22  21:30:00  14 35 03.5  -09 50 28  +000634.9 -000147.9  22 59 20.3  162.276 32.146   8.55  38262 16.0
2010-04-22  21:40:00  14 42 05.2  -10 15 07  +000630.4 -000147.8  23 02 20.3  163.229 31.897  10.10  38449 16.0
2010-04-22  21:50:00  14 49 04.3  -10 39 45  +000627.1 -000147.9  23 05 22.8  164.186 31.642  11.70  38601 16.0
2010-04-22  22:00:00  14 56 01.6  -11 04 24  +000625.0 -000148.0  23 08 27.1  165.145 31.378  13.32  38718 16.0
2010-04-22  22:10:00  15 02 57.9  -11 29 05  +000624.1 -000148.2  23 11 32.5  166.101 31.105  14.97  38800 16.0
2010-04-22  22:20:00  15 09 54.0  -11 53 49  +000624.5 -000148.6  23 14 38.0  167.051 30.822  16.62  38847 16.0
2010-04-22  22:30:00  15 16 50.7  -12 18 37  +000626.0 -000149.0  23 17 42.9  167.990 30.528  18.29  38860 16.1
2010-04-22  22:40:00  15 23 48.9  -12 43 31  +000628.7 -000149.6  23 20 46.4  168.914 30.223  19.97  38838 16.1
2010-04-22  22:50:00  15 30 49.3  -13 08 30  +000632.6 -000150.3  23 23 47.7  169.820 29.906  21.67  38781 16.1
2010-04-22  23:00:00  15 37 52.7  -13 33 38  +000637.8 -000151.2  23 26 45.9  170.704 29.577  23.37  38690 16.1
2010-04-22  23:10:00  15 44 60.0  -13 58 54  +000644.3 -000152.1  23 29 40.2  171.562 29.236  25.10  38564 16.1
2010-04-22  23:20:00  15 52 12.0  -14 24 21  +000652.2 -000153.2  23 32 29.8  172.390 28.882  26.84  38403 16.1
2010-04-22  23:30:00  15 59 29.8  -14 49 59  +000661.4 -000154.4  23 35 13.7  173.184 28.516  28.61  38208 16.1
2010-04-22  23:40:00  16 06 54.3  -15 15 50  +000672.2 -000155.8  23 37 50.8  173.939 28.137  30.40  37977 16.1
2010-04-22  23:50:00  16 14 26.5  -15 41 55  +000684.7 -000157.3  23 40 20.3  174.652 27.746  32.22  37711 16.1
2010-04-23  00:00:00  16 22 07.5  -16 08 16  +000698.8 -000158.9  23 42 40.9  175.317 27.343  34.07  37410 16.1
2010-04-23  00:10:00  16 29 58.6  -16 34 53  +000714.9 -000160.6  23 44 51.4  175.930 26.928  35.96  37073 16.1
2010-04-23  00:20:00  16 38 01.1  -17 01 49  +000733.0 -000162.5  23 46 50.6  176.485 26.503  37.88  36700 16.1
2010-04-23  00:30:00  16 46 16.4  -17 29 05  +000753.4 -000164.6  23 48 36.9  176.978 26.066  39.87  36290 16.1
2010-04-23  00:40:00  16 54 46.1  -17 56 41  +000776.2 -000166.7  23 50 08.9  177.401 25.619  41.89  35845 16.1
2010-04-23  00:50:00  17 03 32.0  -18 24 40  +000801.9 -000169.0  23 51 24.6  177.749 25.163  43.98  35362 16.1
2010-04-23  01:00:00  17 12 36.0  -18 53 01  +000830.7 -000171.3  23 52 22.3  178.014 24.696  46.12  34842 16.1
2010-04-23  01:10:00  17 22 00.3  -19 21 47  +000863.0 -000173.8  23 52 59.6  178.188 24.220  48.35  34285 16.1
2010-04-23  01:20:00  17 31 47.5  -19 50 57  +000899.2 -000176.2  23 53 14.1  178.262 23.736  50.64  33690 16.1
2010-04-23  01:30:00  17 42 00.3  -20 20 32  +000940.0 -000178.7  23 53 02.9  178.227 23.242  53.03  33058 16.1
2010-04-23  01:40:00  17 52 41.9  -20 50 30  +000985.9 -000181.0  23 52 23.0  178.070 22.739  55.52  32387 16.1
2010-04-23  01:50:00  18 03 56.0  -21 20 51  +001037.7 -000183.1  23 51 10.5  177.780 22.225  58.12  31678 16.1
2010-04-23  02:00:00  18 15 47.0  -21 51 32  +001096.4 -000184.9  23 49 21.2  177.341 21.701  60.84  30930 16.1

   Date        UTC        RA         DECL      RARate   DeclRate    HourAng      Az     Um    Phase  Range  Mag
2010-04-23  20:40:00  08 02 30.9  +00 26 57  +002731.2 +000070.4  04 45 41.2  256.629 13.026  90.81  20217 15.9
2010-04-23  20:50:00  08 31 28.7  +00 33 31  +002485.0 +000010.7  04 26 45.0  253.052 16.258  83.77  21032 15.7
2010-04-23  21:00:00  08 57 49.2  +00 31 15  +002259.9 -000035.6  04 10 26.2  249.789 18.896  77.36  21909 15.7
2010-04-23  21:10:00  09 21 47.4  +00 22 16  +002058.3 -000070.7  03 56 29.7  246.840 21.014  71.49  22824 15.6
2010-04-23  21:20:00  09 43 39.0  +00 08 12  +001880.1 -000096.7  03 44 39.7  244.200 22.689  66.14  23762 15.6
2010-04-23  21:30:00  10 03 39.2  -00 09 34  +001723.8 -000115.6  03 34 41.1  241.859 23.988  61.22  24710 15.6
2010-04-23  21:40:00  10 22 01.9  -00 30 03  +001587.2 -000129.3  03 26 20.0  239.801 24.973  56.70  25656 15.6
2010-04-23  21:50:00  10 38 59.6  -00 52 29  +001468.0 -000138.9  03 19 24.0  238.010 25.695  52.51  26591 15.6
2010-04-23  22:00:00  10 54 42.8  -01 16 13  +001364.0 -000145.4  03 13 42.4  236.465 26.198  48.64  27511 15.6
2010-04-23  22:10:00  11 09 21.2  -01 40 50  +001273.0 -000149.8  03 09 05.7  235.147 26.519  45.01  28411 15.6
2010-04-23  22:20:00  11 23 02.8  -02 06 03  +001193.4 -000152.4  03 05 25.8  234.036 26.686  41.62  29286 15.7
2010-04-23  22:30:00  11 35 54.6  -02 31 35  +001123.4 -000153.9  03 02 35.6  233.112 26.726  38.43  30134 15.7
2010-04-23  22:40:00  11 48 02.6  -02 57 18  +001061.9 -000154.5  03 00 29.2  232.357 26.657  35.42  30952 15.7
2010-04-23  22:50:00  11 59 32.1  -03 23 03  +001007.6 -000154.4  02 59 01.3  231.753 26.496  32.56  31740 15.7
2010-04-23  23:00:00  12 10 27.6  -03 48 45  +000959.6 -000153.9  02 58 07.5  231.284 26.257  29.86  32496 15.8
2010-04-23  23:10:00  12 20 52.9  -04 14 20  +000917.1 -000153.1  02 57 43.8  230.936 25.950  27.27  33219 15.8
2010-04-23  23:20:00  12 30 51.5  -04 39 46  +000879.4 -000152.0  02 57 46.9  230.695 25.586  24.80  33909 15.8
2010-04-23  23:30:00  12 40 26.4  -05 05 01  +000845.9 -000150.9  02 58 13.6  230.550 25.171  22.42  34565 15.8
2010-04-23  23:40:00  12 49 40.3  -05 30 04  +000816.1 -000149.6  02 59 01.4  230.489 24.712  20.15  35187 15.9
2010-04-23  23:50:00  12 58 35.4  -05 54 54  +000789.6 -000148.4  03 00 08.0  230.502 24.215  17.94  35774 15.9
2010-04-24  00:00:00  13 07 13.8  -06 19 31  +000766.1 -000147.1  03 01 31.2  230.580 23.684  15.83  36327 15.9
2010-04-24  00:10:00  13 15 37.4  -06 43 56  +000745.2 -000145.9  03 03 09.2  230.715 23.122  13.78  36846 15.9
2010-04-24  00:20:00  13 23 47.9  -07 08 09  +000726.6 -000144.7  03 05 00.4  230.900 22.535  11.81  37330 15.9
2010-04-24  00:30:00  13 31 46.7  -07 32 10  +000710.3 -000143.6  03 07 03.2  231.127 21.924   9.91  37779 16.0
2010-04-24  00:40:00  13 39 35.3  -07 56 00  +000695.9 -000142.5  03 09 16.2  231.391 21.292   8.10  38194 16.0
2010-04-24  00:50:00  13 47 15.0  -08 19 41  +000683.3 -000141.6  03 11 38.2  231.686 20.642   6.41  38575 16.0
2010-04-24  01:00:00  13 54 46.8  -08 43 12  +000672.4 -000140.7  03 14 08.0  232.008 19.975   4.91  38921 16.0
2010-04-24  01:10:00  14 02 11.9  -09 06 35  +000663.1 -000139.9  03 16 44.6  232.350 19.295   3.78  39232 16.0
2010-04-24  01:20:00  14 09 31.2  -09 29 51  +000655.2 -000139.3  03 19 26.9  232.710 18.602   3.38  39509 16.0
2010-04-24  01:30:00  14 16 45.7  -09 53 01  +000648.7 -000138.7  03 22 14.0  233.083 17.899   3.89  39751 16.1
2010-04-24  01:40:00  14 23 56.4  -10 16 05  +000643.5 -000138.2  03 25 05.0  233.465 17.186   5.02  39958 16.1
2010-04-24  01:50:00  14 31 04.1  -10 39 06  +000639.6 -000137.9  03 27 59.0  233.853 16.467   6.45  40131 16.1

   Date        UTC        RA         DECL      RARate   DeclRate    HourAng      Az     Um    Phase  Range  Mag
2010-04-25  18:00:00  13 57 25.6  -06 48 17  +000701.3 -000147.5  20 18 13.4  120.907 17.615   7.51  37515 15.9
2010-04-25  18:10:00  14 05 08.5  -07 12 50  +000687.8 -000147.1  20 20 32.1  121.646 17.627   6.38  37931 16.0
2010-04-25  18:20:00  14 12 43.0  -07 37 19  +000676.0 -000146.6  20 22 59.2  122.414 17.656   5.71  38309 16.0
2010-04-25  18:30:00  14 20 10.2  -08 01 43  +000665.8 -000146.3  20 25 33.7  123.206 17.699   5.62  38648 16.0
2010-04-25  18:40:00  14 27 31.1  -08 26 04  +000657.2 -000146.0  20 28 14.4  124.020 17.753   6.12  38949 16.0
2010-04-25  18:50:00  14 34 46.8  -08 50 23  +000649.9 -000145.8  20 31 00.4  124.852 17.815   7.05  39213 16.0
2010-04-25  19:00:00  14 41 58.0  -09 14 40  +000644.0 -000145.7  20 33 50.8  125.700 17.882   8.26  39440 16.0
2010-04-25  19:10:00  14 49 05.8  -09 38 57  +000639.4 -000145.6  20 36 44.7  126.560 17.951   9.65  39630 16.1
2010-04-25  19:20:00  14 56 10.9  -10 03 13  +000636.0 -000145.7  20 39 41.2  127.429 18.021  11.13  39785 16.1
2010-04-25  19:30:00  15 03 14.1  -10 27 31  +000633.9 -000145.8  20 42 39.6  128.306 18.089  12.68  39903 16.1
2010-04-25  19:40:00  15 10 16.3  -10 51 51  +000632.9 -000146.1  20 45 39.1  129.187 18.151  14.27  39987 16.1
2010-04-25  19:50:00  15 17 18.2  -11 16 13  +000633.0 -000146.4  20 48 38.8  130.069 18.208  15.89  40035 16.1
2010-04-25  20:00:00  15 24 20.6  -11 40 40  +000634.4 -000146.9  20 51 38.1  130.949 18.255  17.53  40048 16.1
2010-04-25  20:10:00  15 31 24.3  -12 05 11  +000636.9 -000147.4  20 54 36.0  131.825 18.292  19.19  40026 16.1
2010-04-25  20:20:00  15 38 30.0  -12 29 48  +000640.6 -000148.0  20 57 31.9  132.694 18.316  20.87  39970 16.1
2010-04-25  20:30:00  15 45 38.7  -12 54 32  +000645.6 -000148.8  21 00 24.9  133.553 18.326  22.58  39880 16.1
2010-04-25  20:40:00  15 52 51.0  -13 19 24  +000651.8 -000149.6  21 03 14.2  134.398 18.319  24.29  39755 16.1
2010-04-25  20:50:00  16 00 08.0  -13 44 25  +000659.3 -000150.5  21 05 58.9  135.226 18.295  26.04  39596 16.1
2010-04-25  21:00:00  16 07 30.5  -14 09 35  +000668.3 -000151.5  21 08 38.0  136.034 18.250  27.80  39403 16.2
2010-04-25  21:10:00  16 14 59.4  -14 34 56  +000678.7 -000152.7  21 11 10.8  136.817 18.185  29.60  39176 16.2
2010-04-25  21:20:00  16 22 35.8  -15 00 29  +000690.7 -000153.9  21 13 36.0  137.573 18.096  31.41  38915 16.2
2010-04-25  21:30:00  16 30 20.7  -15 26 14  +000704.4 -000155.1  21 15 52.7  138.297 17.982  33.27  38619 16.2
2010-04-25  21:40:00  16 38 15.4  -15 52 12  +000719.9 -000156.5  21 17 59.7  138.984 17.842  35.16  38290 16.2
2010-04-25  21:50:00  16 46 21.0  -16 18 24  +000737.4 -000157.9  21 19 55.7  139.629 17.674  37.10  37927 16.2
2010-04-25  22:00:00  16 54 39.0  -16 44 51  +000757.1 -000159.4  21 21 39.3  140.228 17.475  39.07  37529 16.2
2010-04-25  22:10:00  17 03 10.9  -17 11 32  +000779.1 -000160.9  21 23 09.1  140.775 17.244  41.10  37098 16.2
2010-04-25  22:20:00  17 11 58.4  -17 38 29  +000803.7 -000162.4  21 24 23.3  141.263 16.978  43.18  36632 16.2
2010-04-25  22:30:00  17 21 03.2  -18 05 40  +000831.3 -000163.9  21 25 20.1  141.687 16.675  45.33  36132 16.2
2010-04-25  22:40:00  17 30 27.4  -18 33 07  +000862.1 -000165.3  21 25 57.5  142.039 16.333  47.54  35597 16.2
2010-04-25  22:50:00  17 40 13.4  -19 00 46  +000896.5 -000166.6  21 26 13.2  142.311 15.948  49.83  35029 16.2
2010-04-25  23:00:00  17 50 23.7  -19 28 38  +000935.1 -000167.7  21 26 04.6  142.495 15.517  52.21  34426 16.1
2010-04-25  23:10:00  18 01 01.2  -19 56 40  +000978.3 -000168.5  21 25 28.7  142.580 15.036  54.68  33790 16.1
2010-04-25  23:20:00  18 12 09.2  -20 24 47  +001026.7 -000168.8  21 24 22.3  142.556 14.501  57.26  33120 16.1
2010-04-25  23:30:00  18 23 51.4  -20 52 55  +001081.2 -000168.6  21 22 41.7  142.411 13.906  59.96  32417 16.1
2010-04-25  23:40:00  18 36 12.2  -21 20 56  +001142.5 -000167.5  21 20 22.6  142.133 13.245  62.79  31681 16.2
2010-04-25  23:50:00  18 49 16.5  -21 48 41  +001211.7 -000165.2  21 17 20.0  141.704 12.510  65.77  30914 16.2
2010-04-26  00:00:00  19 03 09.8  -22 15 55  +001289.9 -000161.4  21 13 28.3  141.109 11.692  68.92  30116 16.2
2010-04-26  00:10:00  19 17 58.5  -22 42 21  +001378.4 -000155.4  21 08 41.2  140.328 10.782  72.26  29290 16.2

   Date        UTC        RA         DECL      RARate   DeclRate    HourAng      Az     Um    Phase  Range  Mag
2010-04-26  18:10:00  07 52 10.1  +00 12 35  +003143.4 +000145.2  02 37 27.0  228.692 32.402  95.91  17470 15.7
2010-04-26  18:20:00  08 25 15.3  +00 29 37  +002816.2 +000062.4  02 14 23.5  222.817 35.497  87.96  18351 15.6
2010-04-26  18:30:00  08 54 52.4  +00 34 26  +002520.6 -000001.4  01 54 48.0  217.393 37.745  80.78  19311 15.5
2010-04-26  18:40:00  09 21 24.9  +00 29 53  +002261.2 -000049.1  01 38 17.2  212.506 39.307  74.34  20317 15.4
2010-04-26  18:50:00  09 45 15.8  +00 18 39  +002036.8 -000083.8  01 24 27.9  208.204 40.336  68.53  21349 15.4
2010-04-26  19:00:00  10 06 47.9  +00 02 30  +001844.2 -000108.7  01 12 57.5  204.485 40.960  63.27  22389 15.4
2010-04-26  19:10:00  10 26 21.1  -00 17 10  +001679.6 -000126.3  01 03 25.8  201.323 41.283  58.48  23422 15.4
2010-04-26  19:20:00  10 44 12.8  -00 39 18  +001538.7 -000138.5  00 55 35.9  198.672 41.387  54.10  24441 15.4
2010-04-26  19:30:00  11 00 37.4  -01 03 07  +001418.0 -000146.9  00 49 12.9  196.483 41.331  50.06  25437 15.5
2010-04-26  19:40:00  11 15 47.3  -01 28 06  +001314.1 -000152.4  00 44 04.6  194.702 41.160  46.33  26406 15.5
2010-04-26  19:50:00  11 29 52.9  -01 53 51  +001224.4 -000155.9  00 40 00.7  193.279 40.906  42.84  27344 15.5
2010-04-26  20:00:00  11 43 02.7  -02 20 02  +001146.7 -000158.0  00 36 52.6  192.170 40.594  39.60  28249 15.5
2010-04-26  20:10:00  11 55 24.0  -02 46 27  +001079.0 -000158.9  00 34 32.8  191.332 40.240  36.54  29119 15.6
2010-04-26  20:20:00  12 07 03.2  -03 12 58  +001019.8 -000159.2  00 32 55.3  190.730 39.855  33.67  29952 15.6
2010-04-26  20:30:00  12 18 05.5  -03 39 29  +000967.9 -000158.9  00 31 54.7  190.333 39.449  30.93  30749 15.6
2010-04-26  20:40:00  12 28 35.2  -04 05 54  +000922.3 -000158.2  00 31 26.6  190.113 39.026  28.34  31508 15.7
2010-04-26  20:50:00  12 38 36.4  -04 32 12  +000882.0 -000157.3  00 31 27.0  190.048 38.591  25.86  32230 15.7
2010-04-26  21:00:00  12 48 12.4  -04 58 20  +000846.5 -000156.2  00 31 52.7  190.115 38.145  23.50  32914 15.7
2010-04-26  21:10:00  12 57 26.0  -05 24 17  +000815.0 -000155.1  00 32 40.7  190.299 37.692  21.23  33561 15.8
2010-04-26  21:20:00  13 06 19.8  -05 50 02  +000787.1 -000153.9  00 33 48.5  190.582 37.231  19.05  34170 15.8
2010-04-26  21:30:00  13 14 56.1  -06 15 35  +000762.3 -000152.7  00 35 13.9  190.952 36.762  16.95  34743 15.8
2010-04-26  21:40:00  13 23 16.9  -06 40 57  +000740.4 -000151.6  00 36 54.7  191.396 36.287  14.93  35278 15.8
2010-04-26  21:50:00  13 31 23.9  -07 06 07  +000721.0 -000150.5  00 38 49.3  191.904 35.806  12.98  35777 15.9
2010-04-26  22:00:00  13 39 18.8  -07 31 07  +000703.9 -000149.5  00 40 56.1  192.466 35.317  11.12  36239 15.9
2010-04-26  22:10:00  13 47 03.0  -07 55 57  +000688.9 -000148.5  00 43 13.6  193.073 34.820   9.34  36665 15.9
2010-04-26  22:20:00  13 54 37.8  -08 20 38  +000675.8 -000147.7  00 45 40.4  193.719 34.317   7.67  37055 15.9
2010-04-26  22:30:00  14 02 04.4  -08 45 11  +000664.4 -000146.9  00 48 15.4  194.395 33.805   6.16  37410 15.9
2010-04-26  22:40:00  14 09 24.0  -09 09 36  +000654.6 -000146.2  00 50 57.5  195.096 33.286   4.93  37729 15.9
2010-04-26  22:50:00  14 16 37.6  -09 33 55  +000646.3 -000145.6  00 53 45.6  195.815 32.759   4.15  38013 16.0
2010-04-26  23:00:00  14 23 46.1  -09 58 09  +000639.5 -000145.2  00 56 38.7  196.549 32.224   4.09  38262 16.0
2010-04-26  23:10:00  14 30 50.5  -10 22 20  +000634.0 -000144.8  00 59 35.9  197.291 31.682   4.74  38475 16.0
2010-04-26  23:20:00  14 37 51.7  -10 46 27  +000629.8 -000144.6  01 02 36.4  198.036 31.132   5.86  38654 16.0
2010-04-26  23:30:00  14 44 50.5  -11 10 32  +000626.8 -000144.5  01 05 39.2  198.782 30.574   7.22  38798 16.0
2010-04-26  23:40:00  14 51 47.7  -11 34 36  +000625.1 -000144.5  01 08 43.6  199.524 30.010   8.71  38908 16.0
2010-04-26  23:50:00  14 58 44.2  -11 58 42  +000624.6 -000144.6  01 11 48.8  200.257 29.439  10.27  38982 16.0
2010-04-27  00:00:00  15 05 40.7  -12 22 48  +000625.2 -000144.8  01 14 53.9  200.979 28.863  11.87  39022 16.0
2010-04-27  00:10:00  15 12 38.1  -12 46 58  +000627.1 -000145.1  01 17 58.2  201.686 28.281  13.51  39027 16.0
2010-04-27  00:20:00  15 19 37.1  -13 11 11  +000630.1 -000145.6  01 21 00.8  202.374 27.695  15.16  38996 16.0
2010-04-27  00:30:00  15 26 38.5  -13 35 31  +000634.4 -000146.2  01 24 01.1  203.041 27.105  16.84  38931 16.1
2010-04-27  00:40:00  15 33 43.2  -13 59 57  +000639.9 -000147.0  01 26 58.0  203.682 26.512  18.53  38830 16.1
2010-04-27  00:50:00  15 40 52.0  -14 24 30  +000646.7 -000147.8  01 29 50.9  204.295 25.919  20.25  38694 16.1
2010-04-27  01:00:00  15 48 05.8  -14 49 14  +000654.9 -000148.9  01 32 38.7  204.876 25.324  21.99  38522 16.1
2010-04-27  01:10:00  15 55 25.5  -15 14 08  +000664.5 -000150.0  01 35 20.7  205.423 24.731  23.76  38313 16.1
2010-04-27  01:20:00  16 02 52.1  -15 39 15  +000675.7 -000151.3  01 37 55.6  205.930 24.140  25.54  38069 16.1
2010-04-27  01:30:00  16 10 26.8  -16 04 35  +000688.5 -000152.8  01 40 22.6  206.395 23.553  27.37  37787 16.1
2010-04-27  01:40:00  16 18 10.5  -16 30 11  +000703.1 -000154.4  01 42 40.6  206.814 22.972  29.22  37469 16.1
2010-04-27  01:50:00  16 26 04.6  -16 56 04  +000719.5 -000156.2  01 44 48.1  207.183 22.398  31.12  37113 16.1

   Date        UTC        RA         DECL      RARate   DeclRate    HourAng      Az     Um    Phase  Range  Mag
2010-04-29  18:10:00  12 38 17.0  -03 45 08  +000921.8 -000157.4  22 03 09.9  144.227 33.592  29.05  31300 15.7
2010-04-29  18:20:00  12 48 17.8  -04 11 20  +000881.4 -000156.9  22 03 10.7  144.441 33.194  26.61  32058 15.7
2010-04-29  18:30:00  12 57 53.3  -04 37 25  +000845.8 -000156.1  22 03 36.8  144.768 32.839  24.26  32773 15.7
2010-04-29  18:40:00  13 07 06.5  -05 03 22  +000814.4 -000155.3  22 04 25.3  145.191 32.522  22.03  33446 15.8
2010-04-29  18:50:00  13 15 59.9  -05 29 11  +000786.5 -000154.4  22 05 33.5  145.699 32.238  19.87  34078 15.8
2010-04-29  19:00:00  13 24 35.9  -05 54 51  +000761.9 -000153.5  22 06 59.1  146.282 31.981  17.81  34670 15.8
2010-04-29  19:10:00  13 32 56.5  -06 20 21  +000740.1 -000152.6  22 08 40.2  146.929 31.748  15.82  35221 15.8
2010-04-29  19:20:00  13 41 03.3  -06 45 43  +000720.8 -000151.7  22 10 35.0  147.632 31.535  13.92  35733 15.9
2010-04-29  19:30:00  13 48 58.1  -07 10 55  +000703.8 -000150.9  22 12 41.9  148.385 31.337  12.10  36206 15.9
2010-04-29  19:40:00  13 56 42.2  -07 36 00  +000688.8 -000150.1  22 14 59.4  149.182 31.152  10.39  36641 15.9
2010-04-29  19:50:00  14 04 17.0  -08 00 58  +000675.8 -000149.4  22 17 26.3  150.015 30.976   8.79  37037 15.9
2010-04-29  20:00:00  14 11 43.6  -08 25 49  +000664.4 -000148.8  22 20 01.3  150.880 30.807   7.37  37397 15.9
2010-04-29  20:10:00  14 19 03.3  -08 50 35  +000654.7 -000148.3  22 22 43.3  151.773 30.641   6.18  37719 15.9
2010-04-29  20:20:00  14 26 16.9  -09 15 16  +000646.5 -000147.9  22 25 31.3  152.687 30.477   5.39  38005 16.0
2010-04-29  20:30:00  14 33 25.5  -09 39 53  +000639.6 -000147.6  22 28 24.3  153.620 30.313   5.13  38254 16.0
2010-04-29  20:40:00  14 40 30.1  -10 04 27  +000634.2 -000147.4  22 31 21.4  154.566 30.145   5.47  38468 16.0
2010-04-29  20:50:00  14 47 31.4  -10 29 00  +000630.0 -000147.2  22 34 21.7  155.521 29.973   6.30  38646 16.0
2010-04-29  21:00:00  14 54 30.3  -10 53 33  +000627.0 -000147.2  22 37 24.4  156.483 29.794   7.43  38789 16.0
2010-04-29  21:10:00  15 01 27.7  -11 18 05  +000625.3 -000147.3  22 40 28.7  157.447 29.608   8.77  38897 16.0
2010-04-29  21:20:00  15 08 24.3  -11 42 40  +000624.7 -000147.5  22 43 33.8  158.408 29.413  10.21  38970 16.0
2010-04-29  21:30:00  15 15 20.9  -12 07 17  +000625.4 -000147.9  22 46 38.8  159.364 29.208  11.73  39008 16.0
2010-04-29  21:40:00  15 22 18.3  -12 31 57  +000627.2 -000148.3  22 49 43.0  160.311 28.991  13.30  39011 16.0
2010-04-29  21:50:00  15 29 17.4  -12 56 43  +000630.2 -000148.8  22 52 45.5  161.245 28.763  14.91  38980 16.0
2010-04-29  22:00:00  15 36 18.9  -13 21 34  +000634.5 -000149.5  22 55 45.7  162.162 28.521  16.54  38914 16.1
2010-04-29  22:10:00  15 43 23.6  -13 46 33  +000640.0 -000150.3  22 58 42.6  163.058 28.266  18.21  38813 16.1
2010-04-29  22:20:00  15 50 32.5  -14 11 40  +000646.8 -000151.2  23 01 35.4  163.930 27.997  19.89  38678 16.1
2010-04-29  22:30:00  15 57 46.4  -14 36 57  +000655.0 -000152.2  23 04 23.2  164.773 27.714  21.61  38509 16.1
2010-04-29  22:40:00  16 05 06.2  -15 02 24  +000664.7 -000153.3  23 07 05.0  165.583 27.416  23.35  38304 16.1
2010-04-29  22:50:00  16 12 32.9  -15 28 04  +000675.8 -000154.6  23 09 39.9  166.357 27.102  25.13  38065 16.1
2010-04-29  23:00:00  16 20 07.6  -15 53 57  +000688.7 -000156.0  23 12 06.8  167.088 26.774  26.93  37791 16.1
2010-04-29  23:10:00  16 27 51.5  -16 20 04  +000703.3 -000157.5  23 14 24.6  167.774 26.430  28.78  37481 16.1
2010-04-29  23:20:00  16 35 45.7  -16 46 27  +000719.8 -000159.1  23 16 32.0  168.408 26.071  30.66  37136 16.0
2010-04-29  23:30:00  16 43 51.6  -17 13 07  +000738.4 -000160.9  23 18 27.7  168.985 25.696  32.59  36756 16.0
2010-04-29  23:40:00  16 52 10.7  -17 40 05  +000759.3 -000162.7  23 20 10.3  169.500 25.306  34.56  36340 16.0
2010-04-29  23:50:00  17 00 44.6  -18 07 22  +000782.8 -000164.7  23 21 38.1  169.946 24.900  36.59  35887 16.0
2010-04-30  00:00:00  17 09 35.0  -18 34 59  +000809.1 -000166.7  23 22 49.3  170.316 24.478  38.67  35398 16.0
2010-04-30  00:10:00  17 18 44.1  -19 02 56  +000838.6 -000168.8  23 23 41.9  170.604 24.041  40.83  34873 16.0
2010-04-30  00:20:00  17 28 13.9  -19 31 15  +000871.6 -000170.9  23 24 13.7  170.800 23.587  43.06  34311 16.0
2010-04-30  00:30:00  17 38 07.1  -19 59 54  +000908.7 -000173.0  23 24 22.1  170.897 23.116  45.37  33712 16.0
2010-04-30  00:40:00  17 48 26.5  -20 28 54  +000950.4 -000175.0  23 24 04.3  170.883 22.628  47.77  33075 16.0
2010-04-30  00:50:00  17 59 15.5  -20 58 13  +000997.4 -000176.8  23 23 17.1  170.747 22.121  50.28  32401 16.0
2010-04-30  01:00:00  18 10 37.7  -21 27 48  +001050.4 -000178.3  23 21 56.5  170.477 21.594  52.90  31690 16.0
2010-04-30  01:10:00  18 22 37.4  -21 57 36  +001110.3 -000179.3  23 19 58.4  170.057 21.044  55.66  30942 16.0
2010-04-30  01:20:00  18 35 19.8  -22 27 31  +001178.4 -000179.5  23 17 17.6  169.470 20.468  58.55  30158 16.0
2010-04-30  01:30:00  18 48 50.6  -22 57 24  +001255.8 -000178.8  23 13 48.5  168.697 19.861  61.62  29337 16.0
2010-04-30  01:40:00  19 03 16.5  -23 27 02  +001344.2 -000176.5  23 09 24.2  167.716 19.218  64.86  28481 16.0

   Date        UTC        RA         DECL      RARate   DeclRate    HourAng      Az     Um    Phase  Range  Mag
2010-04-30  19:40:00  07 37 25.4  +00 09 37  +003019.7 +000130.5  04 38 12.8  255.002 14.060 103.16  19060 16.1
2010-04-30  19:50:00  08 09 26.8  +00 24 56  +002746.3 +000056.0  04 16 13.0  250.875 17.877  95.50  19816 16.0
2010-04-30  20:00:00  08 38 31.3  +00 29 09  +002490.5 -000002.9  03 57 10.2  247.058 20.996  88.51  20658 15.8
2010-04-30  20:10:00  09 04 53.0  +00 24 45  +002258.5 -000047.9  03 40 50.1  243.569 23.498  82.12  21558 15.7
2010-04-30  20:20:00  09 28 48.6  +00 13 49  +002052.2 -000081.5  03 26 56.2  240.418 25.469  76.32  22496 15.7
2010-04-30  20:30:00  09 50 35.0  -00 01 56  +001871.0 -000106.1  03 15 11.3  237.604 26.993  71.00  23453 15.7
2010-04-30  20:40:00  10 10 28.6  -00 21 14  +001712.9 -000123.9  03 05 19.4  235.118 28.146  66.15  24415 15.7
2010-04-30  20:50:00  10 28 43.7  -00 42 59  +001575.3 -000136.3  02 57 05.9  232.945 28.993  61.67  25375 15.6
2010-04-30  21:00:00  10 45 33.2  -01 06 28  +001455.8 -000144.9  02 50 18.1  231.066 29.588  57.54  26322 15.7
2010-04-30  21:10:00  11 01 08.3  -01 31 08  +001351.7 -000150.6  02 44 44.6  229.458 29.976  53.70  27251 15.7
2010-04-30  21:20:00  11 15 38.6  -01 56 34  +001261.0 -000154.2  02 40 16.0  228.098 30.194  50.13  28158 15.7
2010-04-30  21:30:00  11 29 12.3  -02 22 27  +001181.8 -000156.3  02 36 44.0  226.964 30.273  46.78  29038 15.7
2010-04-30  21:40:00  11 41 56.5  -02 48 36  +001112.3 -000157.2  02 34 01.4  226.034 30.234  43.64  29890 15.7
2010-04-30  21:50:00  11 53 57.3  -03 14 50  +001051.4 -000157.4  02 32 02.2  225.285 30.099  40.66  30711 15.7
2010-04-30  22:00:00  12 05 20.0  -03 41 02  +000997.6 -000157.0  02 30 41.2  224.699 29.882  37.85  31500 15.8
2010-04-30  22:10:00  12 16 09.0  -04 07 08  +000950.2 -000156.2  02 29 53.8  224.258 29.597  35.17  32256 15.8
2010-04-30  22:20:00  12 26 28.2  -04 33 05  +000908.2 -000155.1  02 29 36.3  223.946 29.253  32.62  32978 15.8
2010-04-30  22:30:00  12 36 21.0  -04 58 50  +000871.0 -000153.8  02 29 45.1  223.747 28.859  30.17  33666 15.8
2010-04-30  22:40:00  12 45 50.4  -05 24 21  +000838.0 -000152.5  02 30 17.3  223.649 28.422  27.83  34320 15.9
2010-04-30  22:50:00  12 54 59.1  -05 49 39  +000808.6 -000151.1  02 31 10.2  223.639 27.946  25.57  34939 15.9
2010-04-30  23:00:00  13 03 49.4  -06 14 43  +000782.6 -000149.7  02 32 21.6  223.706 27.438  23.40  35523 15.9
2010-04-30  23:10:00  13 12 23.2  -06 39 33  +000759.4 -000148.3  02 33 49.4  223.841 26.900  21.29  36072 15.9
2010-04-30  23:20:00  13 20 42.6  -07 04 10  +000738.9 -000147.0  02 35 31.7  224.035 26.337  19.26  36586 15.9
2010-04-30  23:30:00  13 28 49.0  -07 28 33  +000720.7 -000145.7  02 37 27.0  224.280 25.751  17.28  37065 15.9
2010-04-30  23:40:00  13 36 44.0  -07 52 44  +000704.7 -000144.5  02 39 33.6  224.568 25.144  15.37  37510 16.0
2010-04-30  23:50:00  13 44 29.0  -08 16 44  +000690.6 -000143.4  02 41 50.2  224.893 24.519  13.50  37919 16.0
2010-05-01  00:00:00  13 52 05.2  -08 40 33  +000678.3 -000142.4  02 44 15.6  225.250 23.878  11.71  38294 16.0
2010-05-01  00:10:00  13 59 33.8  -09 04 12  +000667.7 -000141.5  02 46 48.7  225.632 23.223   9.98  38634 16.0
2010-05-01  00:20:00  14 06 55.9  -09 27 43  +000658.6 -000140.7  02 49 28.3  226.036 22.555   8.34  38940 16.0
2010-05-01  00:30:00  14 14 12.3  -09 51 06  +000651.0 -000140.0  02 52 13.4  226.455 21.875   6.80  39210 16.0
2010-05-01  00:40:00  14 21 24.2  -10 14 23  +000644.8 -000139.4  02 55 03.2  226.887 21.187   5.47  39446 16.0
2010-05-01  00:50:00  14 28 32.4  -10 37 34  +000639.9 -000138.9  02 57 56.7  227.327 20.490   4.47  39648 16.1
2010-05-01  01:00:00  14 35 37.7  -11 00 41  +000636.2 -000138.5  03 00 53.1  227.772 19.787   4.05  39814 16.1
2010-05-01  01:10:00  14 42 40.9  -11 23 44  +000633.8 -000138.2  03 03 51.4  228.219 19.078   4.35  39946 16.1
2010-05-01  01:20:00  14 49 43.0  -11 46 45  +000632.5 -000138.1  03 06 51.0  228.663 18.366   5.25  40043 16.1
2010-05-01  01:30:00  14 56 44.5  -12 09 46  +000632.4 -000138.0  03 09 51.1  229.103 17.651   6.50  40104 16.1
2010-05-01  01:40:00  15 03 46.5  -12 32 46  +000633.5 -000138.1  03 12 50.8  229.535 16.935   7.93  40130 16.1
