ЭФЕМЕРИДЫ ПО ОБЪЕКТУ:  95390
Для пункта:  10016 Маяки   46 23'50.68"   30 16'17.74"    14m
C   2010-04-15 12:00
по  2010-05-01 12:00
Шаг  0:10:00
Мин.угол места:          10 град
Макс.угол места Солнца: -10 град
Стандартный блеск :      9.2 (зв.вел.)

ОБОЗНАЧЕНИЯ
RA        прямое восхождение, тек.эпоха
DECL      склонение, тек.эпоха
RARate    скорость по пр.восх., арксек/мин
DeclRate  скорость по склонению, арксек/мин
HourAng   часовой угол
Az        азимут
Um        угол места
Phase     фазовый угол
Range     дальность
Mag       зв.величина (оценка)

   Date        UTC        RA         DECL      RARate   DeclRate    HourAng      Az     Um    Phase  Range  Mag
2010-04-15  17:50:00  10 26 49.3  -04 35 28  +000417.4 -000065.7  22 59 22.4  160.883 37.269  46.96  38986 16.2
2010-04-15  18:00:00  10 31 29.4  -04 46 48  +000422.9 -000070.2  23 04 44.0  162.574 37.375  45.79  38739 16.2
2010-04-15  18:10:00  10 36 13.5  -04 58 54  +000429.7 -000075.1  23 10 01.5  164.251 37.438  44.60  38440 16.2
2010-04-15  18:20:00  10 41 02.7  -05 11 50  +000438.0 -000080.3  23 15 14.0  165.907 37.456  43.39  38088 16.1
2010-04-15  18:30:00  10 45 57.9  -05 25 42  +000447.9 -000086.0  23 20 20.4  167.534 37.431  42.15  37681 16.1
2010-04-15  18:40:00  10 51 00.2  -05 40 33  +000459.4 -000092.3  23 25 19.8  169.125 37.360  40.88  37220 16.1
2010-04-15  18:50:00  10 56 10.9  -05 56 29  +000473.0 -000099.2  23 30 10.7  170.670 37.243  39.57  36703 16.0
2010-04-15  19:00:00  11 01 31.3  -06 13 39  +000488.7 -000106.9  23 34 51.9  172.162 37.079  38.23  36130 16.0
2010-04-15  19:10:00  11 07 03.0  -06 32 10  +000507.0 -000115.5  23 39 21.8  173.589 36.867  36.82  35498 15.9
2010-04-15  19:20:00  11 12 47.9  -06 52 12  +000528.1 -000125.2  23 43 38.6  174.940 36.608  35.38  34806 15.9
2010-04-15  19:30:00  11 18 48.0  -07 13 58  +000552.7 -000136.2  23 47 40.2  176.205 36.299  33.85  34052 15.8
2010-04-15  19:40:00  11 25 05.7  -07 37 41  +000581.4 -000148.8  23 51 24.1  177.368 35.940  32.27  33235 15.7
2010-04-15  19:50:00  11 31 44.2  -08 03 41  +000614.9 -000163.4  23 54 47.3  178.415 35.529  30.59  32352 15.6
2010-04-15  20:00:00  11 38 46.9  -08 32 18  +000654.4 -000180.5  23 57 46.2  179.326 35.062  28.82  31400 15.6
2010-04-15  20:10:00  11 46 18.4  -09 04 00  +000701.3 -000200.6  00 00 16.4  180.082 34.536  26.92  30377 15.5
2010-04-15  20:20:00  11 54 24.0  -09 39 22  +000757.3 -000224.6  00 02 12.4  180.656 33.944  24.91  29280 15.4
2010-04-15  20:30:00  12 03 10.7  -10 19 09  +000825.3 -000253.6  00 03 27.3  181.017 33.278  22.72  28105 15.3
2010-04-15  20:40:00  12 12 47.7  -11 04 16  +000908.7 -000289.2  00 03 52.0  181.125 32.525  20.37  26848 15.2
2010-04-15  20:50:00  12 23 26.8  -11 56 00  +001012.9 -000333.4  00 03 14.5  180.932 31.665  17.81  25506 15.0
2010-04-15  21:00:00  12 35 24.3  -12 56 03  +001145.6 -000389.5  00 01 18.6  180.371 30.668  15.05  24074 14.9
2010-04-15  21:10:00  12 49 03.0  -14 06 44  +001318.9 -000462.0  23 57 41.6  179.357 29.488  12.12  22548 14.7
2010-04-15  21:20:00  13 04 55.9  -15 31 19     <<SHADOW>>        23 51 50.3  177.772 28.053   9.33  20925 ----
2010-04-15  21:30:00  13 23 52.7  -17 14 24     <<SHADOW>>        23 42 55.2  175.452 26.246   7.81  19206 ----
2010-04-15  21:40:00  13 47 12.5  -19 22 38     <<SHADOW>>        23 29 37.1  172.163 23.867   9.80  17393 ----
2010-04-15  21:50:00  14 17 08.0  -22 05 24     <<SHADOW>>        23 09 43.1  167.561 20.572  15.66  15505 ----
2010-04-15  22:00:00  14 57 36.6  -25 34 16     <<SHADOW>>        22 39 16.2  161.135 15.744  24.88  13584 ----

   Date        UTC        RA         DECL      RARate   DeclRate    HourAng      Az     Um    Phase  Range  Mag
2010-04-16  17:50:00  11 32 59.7  -07 14 23  +000588.4 -000136.9  21 57 08.6  144.276 29.797  31.22  34497 15.8
2010-04-16  18:00:00  11 39 42.5  -07 38 13  +000620.8 -000149.4  22 00 27.5  145.327 29.763  29.54  33644 15.7
2010-04-16  18:10:00  11 46 48.7  -08 04 17  +000658.8 -000163.9  22 03 22.9  146.290 29.646  27.74  32727 15.6
2010-04-16  18:20:00  11 54 22.4  -08 32 58  +000703.7 -000180.7  22 05 50.8  147.148 29.437  25.84  31745 15.6
2010-04-16  18:30:00  12 02 28.7  -09 04 41  +000757.0 -000200.4  22 07 46.1  147.880 29.125  23.79  30695 15.5
2010-04-16  18:40:00  12 11 14.0  -09 39 58  +000820.9 -000223.8  22 09 02.5  148.461 28.694  21.61  29575 15.4
2010-04-16  18:50:00  12 20 46.2  -10 19 31  +000898.4 -000251.8  22 09 31.9  148.861 28.125  19.23  28382 15.3
2010-04-16  19:00:00  12 31 15.8  -11 04 13  +000993.8 -000285.7  22 09 04.0  149.046 27.389  16.66  27115 15.2
2010-04-16  19:10:00  12 42 56.5  -11 55 11  +001113.0 -000327.4  22 07 25.0  148.968 26.451  13.85  25769 15.0
2010-04-16  19:20:00  12 56 06.8  -12 53 54  +001264.7 -000379.3  22 04 16.3  148.572 25.259  10.84  24344 14.9
2010-04-16  19:30:00  13 11 12.7  -14 02 22  +001462.2 -000444.7  21 59 12.0  147.785 23.739   7.77  22838 14.8
2010-04-16  19:40:00  13 28 50.9  -15 23 09     <<SHADOW>>        21 51 35.5  146.510 21.786   5.67  21253 ----
2010-04-16  19:50:00  13 49 56.1  -16 59 42     <<SHADOW>>        21 40 31.9  144.617 19.237   7.19  19593 ----
2010-04-16  20:00:00  14 15 52.3  -18 56 25     <<SHADOW>>        21 24 37.4  141.926 15.844  12.38  17870 ----
2010-04-16  20:10:00  14 48 52.8  -21 18 09     <<SHADOW>>        21 01 38.5  138.180 11.216  20.02  16113 ----

   Date        UTC        RA         DECL      RARate   DeclRate    HourAng      Az     Um    Phase  Range  Mag
2010-04-17  17:50:00  13 28 11.6  -13 29 25  +001543.8 -000403.1  20 05 53.2  122.507 10.439   4.53  23927 14.9

   Date        UTC        RA         DECL      RARate   DeclRate    HourAng      Az     Um    Phase  Range  Mag
2010-04-18  19:10:00  06 25 35.6  -05 25 39  +001719.9 +000229.9  04 32 39.0  250.162 10.771 108.64  22755 16.6
2010-04-18  19:20:00  06 43 19.6  -04 52 01  +001480.3 +000178.4  04 24 56.6  249.043 12.443 104.48  24323 16.6
2010-04-18  19:30:00  06 58 42.4  -04 25 40  +001295.4 +000139.5  04 19 35.4  248.286 13.638 100.83  25824 16.6
2010-04-18  19:40:00  07 12 15.7  -04 05 02  +001150.0 +000109.5  04 16 03.7  247.818 14.467  97.61  27254 16.6
2010-04-18  19:50:00  07 24 22.3  -03 48 49  +001033.6 +000086.0  04 13 58.8  247.584 15.007  94.70  28610 16.6
2010-04-18  20:00:00  07 35 18.9  -03 36 06  +000939.1 +000067.3  04 13 03.9  247.543 15.316  92.08  29896 16.6
2010-04-18  20:10:00  07 45 18.3  -03 26 11  +000861.4 +000052.1  04 13 06.1  247.659 15.437  89.66  31111 16.7
2010-04-18  20:20:00  07 54 30.3  -03 18 34  +000796.7 +000039.7  04 13 55.7  247.908 15.402  87.45  32257 16.7
2010-04-18  20:30:00  08 03 02.9  -03 12 52  +000742.4 +000029.3  04 15 24.8  248.266 15.238  85.37  33337 16.7
2010-04-18  20:40:00  08 11 02.0  -03 08 44  +000696.4 +000020.5  04 17 27.3  248.717 14.963  83.44  34351 16.7
2010-04-18  20:50:00  08 18 32.9  -03 05 57  +000657.1 +000013.0  04 19 58.1  249.243 14.594  81.60  35303 16.7
2010-04-18  21:00:00  08 25 39.5  -03 04 20  +000623.6 +000006.6  04 22 53.1  249.835 14.144  79.88  36193 16.7
2010-04-18  21:10:00  08 32 25.4  -03 03 43  +000594.7 +000000.9  04 26 08.9  250.479 13.622  78.22  37022 16.7
2010-04-18  21:20:00  08 38 53.3  -03 03 59  +000569.7 -000004.1  04 29 42.6  251.169 13.039  76.64  37792 16.7
2010-04-18  21:30:00  08 45 05.7  -03 05 04  +000548.1 -000008.6  04 33 31.8  251.896 12.400  75.12  38505 16.7
2010-04-18  21:40:00  08 51 04.8  -03 06 51  +000529.5 -000012.7  04 37 34.4  252.653 11.714  73.66  39160 16.7
2010-04-18  21:50:00  08 56 52.3  -03 09 17  +000513.4 -000016.5  04 41 48.5  253.435 10.985  72.23  39760 16.7
2010-04-18  22:00:00  09 02 29.8  -03 12 20  +000499.5 -000020.0  04 46 12.6  254.237 10.218  70.85  40304 16.7

   Date        UTC        RA         DECL      RARate   DeclRate    HourAng      Az     Um    Phase  Range  Mag
2010-04-19  17:50:00  07 12 32.4  -04 40 49  +001238.6 +000149.2  02 29 25.6  223.831 29.161  98.22  24551 16.4
2010-04-19  18:00:00  07 25 28.8  -04 18 50  +001096.2 +000116.2  02 26 30.8  223.298 29.830  95.15  25987 16.4
2010-04-19  18:10:00  07 37 00.6  -04 01 40  +000983.2 +000090.7  02 25 00.7  223.073 30.259  92.39  27343 16.5
2010-04-19  18:20:00  07 47 24.7  -03 48 18  +000892.1 +000070.5  02 24 38.2  223.100 30.500  89.91  28623 16.5
2010-04-19  18:30:00  07 56 53.8  -03 37 56  +000817.5 +000054.3  02 25 10.8  223.333 30.588  87.62  29827 16.5
2010-04-19  18:40:00  08 05 37.6  -03 30 02  +000755.6 +000041.1  02 26 28.6  223.737 30.549  85.52  30959 16.5
2010-04-19  18:50:00  08 13 43.6  -03 24 07  +000703.9 +000030.1  02 28 24.2  224.281 30.405  83.56  32021 16.5
2010-04-19  19:00:00  08 21 17.9  -03 19 53  +000660.2 +000020.9  02 30 51.6  224.941 30.169  81.73  33016 16.6
2010-04-19  19:10:00  08 28 25.3  -03 17 04  +000623.0 +000013.1  02 33 45.8  225.697 29.854  79.99  33945 16.6
2010-04-19  19:20:00  08 35 09.7  -03 15 28  +000591.2 +000006.3  02 37 03.0  226.531 29.469  78.36  34812 16.6
2010-04-19  19:30:00  08 41 34.5  -03 14 56  +000563.9 +000000.4  02 40 39.9  227.429 29.021  76.79  35616 16.6
2010-04-19  19:40:00  08 47 42.4  -03 15 19  +000540.3 -000004.9  02 44 33.6  228.377 28.517  75.29  36361 16.6
2010-04-19  19:50:00  08 53 35.7  -03 16 32  +000520.0 -000009.6  02 48 42.0  229.367 27.962  73.85  37048 16.6
2010-04-19  20:00:00  08 59 16.4  -03 18 30  +000502.5 -000013.9  02 53 02.9  230.388 27.361  72.46  37677 16.6
2010-04-19  20:10:00  09 04 46.2  -03 21 08  +000487.4 -000017.8  02 57 34.7  231.433 26.718  71.11  38250 16.6
2010-04-19  20:20:00  09 10 06.7  -03 24 25  +000474.4 -000021.5  03 02 15.9  232.495 26.035  69.80  38768 16.6
2010-04-19  20:30:00  09 15 19.2  -03 28 18  +000463.3 -000025.0  03 07 05.1  233.568 25.318  68.51  39231 16.6
2010-04-19  20:40:00  09 20 24.9  -03 32 44  +000453.9 -000028.2  03 12 01.0  234.647 24.567  67.26  39641 16.6
2010-04-19  20:50:00  09 25 24.8  -03 37 42  +000446.1 -000031.4  03 17 02.7  235.728 23.787  66.02  39998 16.6
2010-04-19  21:00:00  09 30 20.0  -03 43 12  +000439.7 -000034.5  03 22 09.2  236.807 22.980  64.81  40302 16.6
2010-04-19  21:10:00  09 35 11.4  -03 49 13  +000434.6 -000037.6  03 27 19.4  237.880 22.148  63.60  40553 16.6
2010-04-19  21:20:00  09 39 59.8  -03 55 44  +000430.8 -000040.7  03 32 32.7  238.944 21.293  62.42  40752 16.6
2010-04-19  21:30:00  09 44 46.0  -04 02 46  +000428.1 -000043.8  03 37 48.1  239.996 20.418  61.23  40899 16.6
2010-04-19  21:40:00  09 49 30.9  -04 10 20  +000426.6 -000046.9  03 43 04.9  241.034 19.525  60.05  40993 16.6
2010-04-19  21:50:00  09 54 15.1  -04 18 25  +000426.2 -000050.2  03 48 22.3  242.056 18.617  58.87  41035 16.5
2010-04-19  22:00:00  09 58 59.4  -04 27 04  +000426.9 -000053.5  03 53 39.6  243.058 17.694  57.69  41024 16.5
2010-04-19  22:10:00  10 03 44.6  -04 36 17  +000428.8 -000057.1  03 58 56.1  244.039 16.759  56.50  40959 16.5
2010-04-19  22:20:00  10 08 31.4  -04 46 06  +000431.7 -000060.8  04 04 11.0  244.996 15.814  55.31  40841 16.5
2010-04-19  22:30:00  10 13 20.4  -04 56 34  +000435.8 -000064.8  04 09 23.5  245.928 14.862  54.10  40668 16.4
2010-04-19  22:40:00  10 18 12.7  -05 07 42  +000441.1 -000069.0  04 14 33.0  246.831 13.903  52.89  40440 16.4
2010-04-19  22:50:00  10 23 08.8  -05 19 35  +000447.7 -000073.6  04 19 38.4  247.704 12.941  51.64  40155 16.4
2010-04-19  23:00:00  10 28 09.8  -05 32 16  +000455.6 -000078.6  04 24 39.1  248.543 11.978  50.39  39813 16.3
2010-04-19  23:10:00  10 33 16.6  -05 45 50  +000465.1 -000084.1  04 29 33.9  249.345 11.015  49.10  39412 16.3
2010-04-19  23:20:00  10 38 30.2  -06 00 20  +000476.1 -000090.2  04 34 21.9  250.108 10.055  47.79  38951 16.3

   Date        UTC        RA         DECL      RARate   DeclRate    HourAng      Az     Um    Phase  Range  Mag
2010-04-20  18:00:00  09 00 20.9  -03 23 51  +000509.8 -000006.4  00 55 35.3  197.894 38.710  73.02  35585 16.5
2010-04-20  18:10:00  09 05 54.5  -03 25 20  +000491.6 -000011.3  01 00 03.3  199.277 38.440  71.65  36233 16.5
2010-04-20  18:20:00  09 11 16.9  -03 27 34  +000475.9 -000015.6  01 04 42.5  200.704 38.129  70.34  36823 16.5
2010-04-20  18:30:00  09 16 29.5  -03 30 31  +000462.4 -000019.7  01 09 31.5  202.163 37.778  69.06  37356 16.5
2010-04-20  18:40:00  09 21 33.8  -03 34 07  +000450.8 -000023.5  01 14 28.9  203.646 37.388  67.82  37833 16.5
2010-04-20  18:50:00  09 26 31.0  -03 38 20  +000441.0 -000027.0  01 19 33.4  205.144 36.959  66.59  38256 16.5
2010-04-20  19:00:00  09 31 22.1  -03 43 08  +000432.7 -000030.5  01 24 43.9  206.649 36.494  65.40  38625 16.5
2010-04-20  19:10:00  09 36 08.3  -03 48 29  +000425.9 -000033.8  01 29 59.4  208.156 35.992  64.22  38940 16.5
2010-04-20  19:20:00  09 40 50.3  -03 54 23  +000420.4 -000037.0  01 35 19.0  209.658 35.455  63.06  39203 16.5
2010-04-20  19:30:00  09 45 29.1  -04 00 50  +000416.2 -000040.3  01 40 41.9  211.150 34.885  61.90  39414 16.5
2010-04-20  19:40:00  09 50 05.4  -04 07 49  +000413.1 -000043.5  01 46 07.2  212.627 34.283  60.77  39573 16.5
2010-04-20  19:50:00  09 54 40.1  -04 15 21  +000411.2 -000046.8  01 51 34.1  214.085 33.650  59.62  39680 16.5
2010-04-20  20:00:00  09 59 14.0  -04 23 25  +000410.4 -000050.2  01 57 01.9  215.519 32.989  58.49  39735 16.5
2010-04-20  20:10:00  10 03 47.6  -04 32 04  +000410.7 -000053.6  02 02 29.9  216.926 32.300  57.35  39739 16.4
2010-04-20  20:20:00  10 08 21.8  -04 41 19  +000412.1 -000057.3  02 07 57.4  218.302 31.586  56.21  39690 16.4
2010-04-20  20:30:00  10 12 57.3  -04 51 10  +000414.6 -000061.1  02 13 23.6  219.644 30.849  55.06  39589 16.4
2010-04-20  20:40:00  10 17 34.8  -05 01 40  +000418.2 -000065.1  02 18 47.7  220.949 30.090  53.91  39434 16.4
2010-04-20  20:50:00  10 22 15.1  -05 12 53  +000423.0 -000069.4  02 24 09.0  222.214 29.311  52.73  39226 16.3
2010-04-20  21:00:00  10 26 59.1  -05 24 49  +000429.1 -000074.0  02 29 26.7  223.435 28.515  51.55  38964 16.3
2010-04-20  21:10:00  10 31 47.5  -05 37 35  +000436.5 -000079.1  02 34 39.9  224.610 27.703  50.33  38646 16.3
2010-04-20  21:20:00  10 36 41.4  -05 51 12  +000445.3 -000084.6  02 39 47.7  225.735 26.878  49.11  38272 16.2
2010-04-20  21:30:00  10 41 41.6  -06 05 48  +000455.8 -000090.6  02 44 49.1  226.806 26.042  47.84  37841 16.2
2010-04-20  21:40:00  10 46 49.4  -06 21 26  +000467.9 -000097.3  02 49 42.9  227.820 25.197  46.55  37350 16.1
2010-04-20  21:50:00  10 52 06.0  -06 38 16  +000482.1 -000104.7  02 54 28.0  228.771 24.346  45.21  36799 16.1
2010-04-20  22:00:00  10 57 32.7  -06 56 24  +000498.5 -000113.1  02 59 02.9  229.656 23.490  43.84  36185 16.0
2010-04-20  22:10:00  11 03 11.2  -07 16 02  +000517.5 -000122.6  03 03 26.1  230.467 22.634  42.41  35506 16.0
2010-04-20  22:20:00  11 09 03.3  -07 37 21  +000539.4 -000133.5  03 07 35.6  231.198 21.778  40.93  34761 15.9
2010-04-20  22:30:00  11 15 11.2  -08 00 36  +000564.9 -000146.0  03 11 29.4  231.840 20.928  39.37  33946 15.8
2010-04-20  22:40:00  11 21 37.4  -08 26 06  +000594.6 -000160.5  03 15 04.8  232.382 20.084  37.74  33057 15.8
2010-04-20  22:50:00  11 28 25.1  -08 54 15  +000629.5 -000177.6  03 18 18.7  232.812 19.251  36.01  32093 15.7
2010-04-20  23:00:00  11 35 38.1  -09 25 29  +000670.7 -000198.0  03 21 07.4  233.114 18.432  34.19  31048 15.6
2010-04-20  23:10:00  11 43 21.0  -10 00 28  +000719.8 -000222.5  03 23 26.1  233.267 17.630  32.24  29919 15.5
2010-04-20  23:20:00  11 51 39.9  -10 39 58  +000779.0 -000252.6  03 25 08.8  233.244 16.849  30.15  28699 15.4
2010-04-20  23:30:00  12 00 42.5  -11 25 04  +000851.5 -000290.0  03 26 07.8  233.012 16.091  27.88  27384 15.3
2010-04-20  23:40:00  12 10 39.1  -12 17 12  +000941.8 -000337.6  03 26 12.9  232.523 15.360  25.42  25965 15.1
2010-04-20  23:50:00  12 21 43.6  -13 18 24  +001056.7 -000399.6  03 25 10.1  231.715 14.657  22.72  24436 15.0
2010-04-21  00:00:00  12 34 15.7  -14 31 32  +001207.1 -000482.4  03 22 39.6  230.496 13.978  19.77  22786 14.8
2010-04-21  00:10:00  12 48 44.6  -16 00 56     <<SHADOW>>        03 18 12.3  228.734 13.313  16.56  21007 ----
2010-04-21  00:20:00  13 05 55.5  -17 53 17     <<SHADOW>>        03 11 03.1  226.225 12.636  13.29  19087 ----
2010-04-21  00:30:00  13 27 03.4  -20 19 33     <<SHADOW>>        02 59 56.8  222.643 11.880  10.84  17017 ----
2010-04-21  00:40:00  13 54 25.3  -23 38 37     <<SHADOW>>        02 42 36.6  217.425 10.888  11.88  14794 ----

   Date        UTC        RA         DECL      RARate   DeclRate    HourAng      Az     Um    Phase  Range  Mag
2010-04-21  18:00:00  10 02 37.1  -04 15 30  +000405.0 -000046.2  23 57 15.6  179.117 39.341  58.54  39173 16.4
2010-04-21  18:10:00  10 07 06.7  -04 23 29  +000403.9 -000049.6  00 02 47.7  180.899 39.207  57.42  39230 16.4
2010-04-21  18:20:00  10 11 35.9  -04 32 03  +000404.0 -000053.2  00 08 20.1  182.674 39.035  56.30  39235 16.4
2010-04-21  18:30:00  10 16 05.6  -04 41 12  +000405.1 -000056.8  00 13 52.1  184.437 38.823  55.18  39189 16.4
2010-04-21  18:40:00  10 20 36.3  -04 50 60  +000407.4 -000060.6  00 19 22.9  186.180 38.572  54.05  39091 16.4
2010-04-21  18:50:00  10 25 09.0  -05 01 26  +000410.8 -000064.7  00 24 51.9  187.899 38.283  52.91  38941 16.3
2010-04-21  19:00:00  10 29 44.3  -05 12 34  +000415.3 -000069.0  00 30 18.3  189.586 37.956  51.77  38739 16.3
2010-04-21  19:10:00  10 34 23.1  -05 24 27  +000421.2 -000073.6  00 35 41.2  191.236 37.592  50.59  38484 16.3
2010-04-21  19:20:00  10 39 06.2  -05 37 07  +000428.3 -000078.6  00 40 59.7  192.843 37.192  49.41  38175 16.2
2010-04-21  19:30:00  10 43 54.5  -05 50 39  +000437.0 -000084.0  00 46 13.0  194.401 36.757  48.20  37812 16.2
2010-04-21  19:40:00  10 48 49.1  -06 05 08  +000447.1 -000089.9  00 51 20.1  195.903 36.289  46.97  37393 16.2
2010-04-21  19:50:00  10 53 51.1  -06 20 39  +000459.1 -000096.4  00 56 19.7  197.345 35.790  45.69  36919 16.1
2010-04-21  20:00:00  10 59 01.6  -06 37 19  +000473.0 -000103.7  01 01 10.8  198.717 35.259  44.39  36386 16.1
2010-04-21  20:10:00  11 04 22.2  -06 55 16  +000489.2 -000111.8  01 05 51.9  200.014 34.701  43.03  35794 16.0
2010-04-21  20:20:00  11 09 54.4  -07 14 39  +000507.9 -000120.9  01 10 21.3  201.228 34.115  41.63  35141 15.9
2010-04-21  20:30:00  11 15 40.1  -07 35 39  +000529.6 -000131.3  01 14 37.3  202.349 33.503  40.17  34425 15.9
2010-04-21  20:40:00  11 21 41.3  -07 58 30  +000554.9 -000143.2  01 18 37.7  203.367 32.868  38.64  33644 15.8
2010-04-21  20:50:00  11 28 00.8  -08 23 30  +000584.3 -000157.0  01 22 19.9  204.272 32.211  37.03  32796 15.7
2010-04-21  21:00:00  11 34 41.5  -08 50 58  +000618.8 -000173.0  01 25 40.8  205.047 31.532  35.35  31876 15.7
2010-04-21  21:10:00  11 41 47.2  -09 21 20  +000659.5 -000192.0  01 28 36.8  205.678 30.832  33.54  30883 15.6
2010-04-21  21:20:00  11 49 22.5  -09 55 10  +000708.0 -000214.6  01 31 03.1  206.142 30.112  31.63  29813 15.5
2010-04-21  21:30:00  11 57 33.3  -10 33 08  +000766.4 -000241.9  01 32 53.9  206.413 29.369  29.56  28662 15.4
2010-04-21  21:40:00  12 06 27.1  -11 16 08  +000837.6 -000275.5  01 34 01.8  206.458 28.602  27.33  27424 15.3
2010-04-21  21:50:00  12 16 13.7  -12 05 24  +000925.8 -000317.4  01 34 16.8  206.233 27.802  24.89  26096 15.1
2010-04-21  22:00:00  12 27 06.5  -13 02 34  +001037.3 -000370.7  01 33 25.7  205.679 26.961  22.22  24670 15.0
2010-04-21  22:10:00  12 39 23.8  -14 09 51  +001181.6 -000440.1  01 31 09.9  204.715 26.058  19.28  23142 14.8
2010-04-21  22:20:00  12 53 32.4  -15 30 32  +001374.2 -000532.7  01 27 03.0  203.228 25.059  16.06  21506 14.7
2010-04-21  22:30:00  13 10 12.2  -17 09 19     <<SHADOW>>        01 20 24.9  201.054 23.905  12.67  19754 ----
2010-04-21  22:40:00  13 30 26.8  -19 13 25     <<SHADOW>>        01 10 11.9  197.948 22.486   9.79  17885 ----
2010-04-21  22:50:00  13 56 04.1  -21 54 02     <<SHADOW>>        00 54 36.3  193.528 20.592   9.84  15901 ----
2010-04-21  23:00:00  14 30 23.6  -25 28 31     <<SHADOW>>        00 30 18.4  187.182 17.800  15.39  13823 ----
2010-04-21  23:10:00  15 20 12.4  -30 20 44     <<SHADOW>>        23 50 31.3  177.899 13.227  26.33  11716 ----

   Date        UTC        RA         DECL      RARate   DeclRate    HourAng      Az     Um    Phase  Range  Mag
2010-04-22  18:00:00  11 02 18.5  -06 11 02  +000462.5 -000093.1  23 01 30.8  161.967 35.833  44.52  37372 16.1
2010-04-22  18:10:00  11 07 31.3  -06 27 06  +000476.3 -000099.9  23 06 19.6  163.479 35.818  43.20  36850 16.1
2010-04-22  18:20:00  11 12 54.1  -06 44 22  +000492.3 -000107.4  23 10 58.5  164.943 35.753  41.85  36271 16.0
2010-04-22  18:30:00  11 18 28.3  -07 02 58  +000510.9 -000115.9  23 15 25.9  166.351 35.638  40.43  35635 16.0
2010-04-22  18:40:00  11 24 15.9  -07 23 03  +000532.5 -000125.4  23 19 39.9  167.690 35.472  38.97  34939 15.9
2010-04-22  18:50:00  11 30 19.0  -07 44 50  +000557.5 -000136.2  23 23 38.5  168.949 35.251  37.43  34182 15.8
2010-04-22  19:00:00  11 36 40.1  -08 08 33  +000586.7 -000148.6  23 27 19.0  170.113 34.974  35.83  33362 15.8
2010-04-22  19:10:00  11 43 22.3  -08 34 29  +000620.8 -000162.9  23 30 38.5  171.168 34.638  34.12  32477 15.7
2010-04-22  19:20:00  11 50 29.2  -09 02 59  +000661.1 -000179.6  23 33 33.2  172.094 34.238  32.32  31524 15.6
2010-04-22  19:30:00  11 58 05.4  -09 34 31  +000708.8 -000199.3  23 35 58.7  172.871 33.770  30.39  30501 15.5
2010-04-22  19:40:00  12 06 16.3  -10 09 37  +000765.9 -000222.7  23 37 49.4  173.472 33.224  28.33  29404 15.4
2010-04-22  19:50:00  12 15 09.2  -10 49 00  +000835.1 -000250.9  23 38 58.2  173.868 32.592  26.08  28231 15.3
2010-04-22  20:00:00  12 24 53.2  -11 33 35  +000920.0 -000285.3  23 39 15.8  174.018 31.856  23.65  26978 15.2
2010-04-22  20:10:00  12 35 40.4  -12 24 34  +001026.0 -000328.0  23 38 30.2  173.874 30.995  20.97  25641 15.1
2010-04-22  20:20:00  12 47 47.5  -13 23 33  +001161.0 -000381.9  23 36 24.8  173.375 29.975  18.01  24217 14.9
2010-04-22  20:30:00  13 01 37.3  -14 32 42  +001336.9 -000450.9  23 32 36.6  172.436 28.746  14.74  22702 14.8
2010-04-22  20:40:00  13 17 43.1  -15 55 01  +001573.0 -000541.2  23 26 32.5  170.948 27.230  11.22  21094 14.6
2010-04-22  20:50:00  13 36 54.6  -17 34 43     <<SHADOW>>        23 17 22.6  168.756 25.303   7.92  19393 ----
2010-04-22  21:00:00  14 00 30.3  -19 37 41     <<SHADOW>>        23 03 48.6  165.645 22.762   7.25  17605 ----
2010-04-22  21:10:00  14 30 39.9  -22 11 55     <<SHADOW>>        22 43 40.6  161.300 19.260  12.00  15748 ----
2010-04-22  21:20:00  15 11 10.5  -25 26 31     <<SHADOW>>        22 13 11.6  155.257 14.198  20.93  13865 ----

   Date        UTC        RA         DECL      RARate   DeclRate    HourAng      Az     Um    Phase  Range  Mag
2010-04-23  18:00:00  12 22 33.6  -10 05 33  +000827.2 -000219.1  21 45 12.2  142.582 25.976  25.23  29894 15.4
2010-04-23  18:10:00  12 32 10.1  -10 44 13  +000905.0 -000245.7  21 45 37.4  142.989 25.436  22.80  28704 15.3
2010-04-23  18:20:00  12 42 44.1  -11 27 46  +001000.5 -000277.9  21 45 05.0  143.195 24.722  20.16  27441 15.2
2010-04-23  18:30:00  12 54 29.1  -12 17 14  +001119.5 -000317.2  21 43 21.6  143.157 23.797  17.23  26102 15.1
2010-04-23  18:40:00  13 07 43.6  -13 13 60  +001270.5 -000365.7  21 40 08.8  142.824 22.607  13.99  24685 15.0
2010-04-23  18:50:00  13 22 52.9  -14 19 48  +001466.4 -000426.4  21 35 01.2  142.126 21.080  10.39  23190 14.8
2010-04-23  19:00:00  13 40 32.9  -15 36 59  +001726.9 -000502.8  21 27 22.8  140.974 19.108   6.64  21617 14.6
2010-04-23  19:10:00  14 01 36.3  -17 08 31     <<SHADOW>>        21 16 21.0  139.246 16.534   4.54  19973 ----
2010-04-23  19:20:00  14 27 23.3  -18 58 07     <<SHADOW>>        21 00 35.6  136.776 13.120   8.23  18269 ----

   Date        UTC        RA         DECL      RARate   DeclRate    HourAng      Az     Um    Phase  Range  Mag
2010-04-25  18:20:00  06 14 23.1  -06 32 37  +002072.8 +000299.7  04 21 19.1  247.234 11.739 116.77  20638 16.8
2010-04-25  18:30:00  06 35 29.1  -05 48 52  +001741.2 +000228.9  04 10 14.8  245.530 14.051 112.00  22286 16.7
2010-04-25  18:40:00  06 53 23.5  -05 15 18  +001493.0 +000176.5  04 02 22.1  244.313 15.717 107.89  23870 16.7
2010-04-25  18:50:00  07 08 52.7  -04 49 19  +001302.7 +000137.1  03 56 54.4  243.484 16.902 104.29  25383 16.7
2010-04-25  19:00:00  07 22 29.7  -04 29 06  +001153.7 +000106.8  03 53 19.1  242.966 17.719 101.11  26822 16.7
2010-04-25  19:10:00  07 34 37.8  -04 13 20  +001034.9 +000083.3  03 51 12.6  242.700 18.250  98.24  28188 16.7
2010-04-25  19:20:00  07 45 34.7  -04 01 06  +000938.8 +000064.5  03 50 17.3  242.641 18.552  95.66  29480 16.7
2010-04-25  19:30:00  07 55 33.5  -03 51 38  +000859.9 +000049.4  03 50 20.2  242.753 18.669  93.28  30701 16.7
2010-04-25  19:40:00  08 04 44.3  -03 44 28  +000794.4 +000037.1  03 51 11.0  243.007 18.633  91.09  31853 16.7
2010-04-25  19:50:00  08 13 15.2  -03 39 10  +000739.5 +000026.8  03 52 41.9  243.378 18.470  89.05  32937 16.8
2010-04-25  20:00:00  08 21 12.3  -03 35 26  +000693.1 +000018.2  03 54 46.4  243.847 18.198  87.14  33956 16.8
2010-04-25  20:10:00  08 28 40.8  -03 33 02  +000653.6 +000010.8  03 57 19.5  244.397 17.834  85.33  34910 16.8
2010-04-25  20:20:00  08 35 45.0  -03 31 46  +000619.8 +000004.5  04 00 16.9  245.016 17.389  83.63  35803 16.8
2010-04-25  20:30:00  08 42 28.3  -03 31 29  +000590.7 -000001.1  04 03 35.3  245.690 16.875  82.00  36634 16.8
2010-04-25  20:40:00  08 48 53.5  -03 32 05  +000565.6 -000006.0  04 07 11.7  246.412 16.299  80.45  37407 16.8
2010-04-25  20:50:00  08 55 03.2  -03 33 28  +000544.0 -000010.4  04 11 03.6  247.172 15.668  78.95  38121 16.8
2010-04-25  21:00:00  09 00 59.5  -03 35 32  +000525.2 -000014.4  04 15 09.0  247.963 14.990  77.51  38778 16.8
2010-04-25  21:10:00  09 06 44.1  -03 38 15  +000509.1 -000018.1  04 19 26.0  248.780 14.269  76.10  39380 16.8
2010-04-25  21:20:00  09 12 18.8  -03 41 33  +000495.2 -000021.5  04 23 53.0  249.616 13.510  74.74  39926 16.8
2010-04-25  21:30:00  09 17 44.8  -03 45 24  +000483.3 -000024.7  04 28 28.6  250.468 12.716  73.41  40417 16.8
2010-04-25  21:40:00  09 23 03.5  -03 49 47  +000473.1 -000027.8  04 33 11.5  251.331 11.893  72.11  40855 16.8
2010-04-25  21:50:00  09 28 16.0  -03 54 40  +000464.6 -000030.7  04 38 00.7  252.201 11.042  70.83  41239 16.8
2010-04-25  22:00:00  09 33 23.4  -04 00 01  +000457.6 -000033.6  04 42 55.0  253.077 10.168  69.57  41569 16.8

   Date        UTC        RA         DECL      RARate   DeclRate    HourAng      Az     Um    Phase  Range  Mag
2010-04-26  18:10:00  08 24 58.4  -03 51 06  +000698.5 +000027.5  02 04 38.8  217.842 32.695  86.99  31744 16.6
2010-04-26  18:20:00  08 32 29.1  -03 47 18  +000654.9 +000018.4  02 07 09.7  218.548 32.484  85.20  32741 16.6
2010-04-26  18:30:00  08 39 33.0  -03 44 53  +000617.8 +000010.7  02 10 07.4  219.356 32.199  83.49  33672 16.7
2010-04-26  18:40:00  08 46 14.0  -03 43 40  +000586.1 +000004.0  02 13 28.0  220.249 31.848  81.88  34539 16.7
2010-04-26  18:50:00  08 52 35.5  -03 43 30  +000558.9 -000001.8  02 17 08.2  221.210 31.438  80.34  35344 16.7
2010-04-26  19:00:00  08 58 40.2  -03 44 14  +000535.5 -000006.9  02 21 05.2  222.226 30.974  78.88  36088 16.7
2010-04-26  19:10:00  09 04 30.3  -03 45 46  +000515.3 -000011.5  02 25 16.7  223.287 30.461  77.45  36774 16.7
2010-04-26  19:20:00  09 10 07.9  -03 48 03  +000497.9 -000015.7  02 29 40.8  224.381 29.902  76.09  37402 16.7
2010-04-26  19:30:00  09 15 34.7  -03 50 60  +000482.9 -000019.6  02 34 15.6  225.500 29.301  74.76  37974 16.7
2010-04-26  19:40:00  09 20 52.2  -03 54 33  +000470.0 -000023.1  02 38 59.7  226.637 28.662  73.47  38490 16.7
2010-04-26  19:50:00  09 26 01.8  -03 58 42  +000459.0 -000026.5  02 43 51.8  227.786 27.986  72.20  38952 16.7
2010-04-26  20:00:00  09 31 04.5  -04 03 24  +000449.7 -000029.8  02 48 50.7  228.941 27.278  70.97  39360 16.7
2010-04-26  20:10:00  09 36 01.6  -04 08 37  +000441.9 -000032.9  02 53 55.2  230.097 26.538  69.75  39715 16.7
2010-04-26  20:20:00  09 40 54.0  -04 14 21  +000435.5 -000035.9  02 59 04.4  231.249 25.770  68.55  40017 16.7
2010-04-26  20:30:00  09 45 42.7  -04 20 35  +000430.5 -000038.9  03 04 17.5  232.395 24.975  67.36  40266 16.7
2010-04-26  20:40:00  09 50 28.3  -04 27 20  +000426.7 -000041.9  03 09 33.4  233.530 24.157  66.19  40464 16.6
2010-04-26  20:50:00  09 55 11.9  -04 34 34  +000424.1 -000045.0  03 14 51.6  234.652 23.317  65.02  40609 16.6
2010-04-26  21:00:00  09 59 54.1  -04 42 20  +000422.6 -000048.1  03 20 11.0  235.757 22.456  63.86  40702 16.6
2010-04-26  21:10:00  10 04 35.6  -04 50 36  +000422.3 -000051.3  03 25 31.1  236.844 21.578  62.69  40742 16.6
2010-04-26  21:20:00  10 09 17.3  -04 59 26  +000423.0 -000054.6  03 30 51.0  237.909 20.685  61.53  40730 16.6
2010-04-26  21:30:00  10 13 59.9  -05 08 49  +000424.8 -000058.1  03 36 10.1  238.950 19.777  60.35  40665 16.5
2010-04-26  21:40:00  10 18 44.0  -05 18 49  +000427.8 -000061.8  03 41 27.6  239.965 18.858  59.18  40546 16.5
2010-04-26  21:50:00  10 23 30.5  -05 29 26  +000431.9 -000065.7  03 46 42.8  240.952 17.928  57.98  40373 16.5
2010-04-26  22:00:00  10 28 20.1  -05 40 44  +000437.2 -000070.0  03 51 54.8  241.908 16.991  56.78  40144 16.5
2010-04-26  22:10:00  10 33 13.8  -05 52 47  +000443.8 -000074.5  03 57 02.8  242.831 16.049  55.55  39860 16.4
2010-04-26  22:20:00  10 38 12.2  -06 05 36  +000451.8 -000079.5  04 02 06.0  243.717 15.103  54.31  39519 16.4
2010-04-26  22:30:00  10 43 16.5  -06 19 18  +000461.3 -000084.9  04 07 03.4  244.565 14.156  53.03  39119 16.3
2010-04-26  22:40:00  10 48 27.6  -06 33 57  +000472.4 -000091.0  04 11 53.9  245.369 13.209  51.73  38659 16.3
2010-04-26  22:50:00  10 53 46.7  -06 49 39  +000485.3 -000097.6  04 16 36.4  246.127 12.267  50.38  38138 16.2
2010-04-26  23:00:00  10 59 15.1  -07 06 32  +000500.3 -000105.1  04 21 09.7  246.834 11.330  49.01  37553 16.2
2010-04-26  23:10:00  11 04 54.2  -07 24 45  +000517.6 -000113.6  04 25 32.2  247.484 10.402  47.58  36903 16.1

   Date        UTC        RA         DECL      RARate   DeclRate    HourAng      Az     Um    Phase  Range  Mag
2010-04-27  18:10:00  09 37 50.1  -04 08 43  +000438.1 -000028.9  00 55 43.5  197.735 37.972  70.15  38138 16.6
2010-04-27  18:20:00  09 42 39.4  -04 13 48  +000430.0 -000032.2  01 00 55.9  199.314 37.604  68.98  38503 16.6
2010-04-27  18:30:00  09 47 23.8  -04 19 27  +000423.3 -000035.4  01 06 13.2  200.898 37.199  67.81  38814 16.6
2010-04-27  18:40:00  09 52 04.1  -04 25 37  +000417.9 -000038.6  01 11 34.5  202.480 36.758  66.66  39073 16.6
2010-04-27  18:50:00  09 56 41.3  -04 32 19  +000413.7 -000041.8  01 16 59.0  204.056 36.282  65.52  39279 16.6
2010-04-27  19:00:00  10 01 16.0  -04 39 33  +000410.8 -000045.0  01 22 25.9  205.618 35.773  64.39  39434 16.6
2010-04-27  19:10:00  10 05 49.2  -04 47 19  +000409.0 -000048.2  01 27 54.3  207.164 35.230  63.26  39536 16.5
2010-04-27  19:20:00  10 10 21.6  -04 55 38  +000408.2 -000051.5  01 33 23.6  208.687 34.656  62.14  39587 16.5
2010-04-27  19:30:00  10 14 53.8  -05 04 30  +000408.6 -000054.9  01 38 53.0  210.183 34.051  61.00  39586 16.5
2010-04-27  19:40:00  10 19 26.6  -05 13 57  +000410.1 -000058.5  01 44 21.9  211.649 33.419  59.88  39533 16.5
2010-04-27  19:50:00  10 24 00.8  -05 24 01  +000412.6 -000062.3  01 49 49.3  213.081 32.759  58.73  39428 16.5
2010-04-27  20:00:00  10 28 37.1  -05 34 44  +000416.4 -000066.3  01 55 14.7  214.475 32.075  57.59  39270 16.4
2010-04-27  20:10:00  10 33 16.2  -05 46 07  +000421.3 -000070.5  02 00 37.2  215.827 31.367  56.42  39058 16.4
2010-04-27  20:20:00  10 37 59.0  -05 58 16  +000427.4 -000075.2  02 05 56.0  217.135 30.638  55.24  38792 16.4
2010-04-27  20:30:00  10 42 46.4  -06 11 12  +000435.0 -000080.1  02 11 10.3  218.393 29.890  54.03  38472 16.3
2010-04-27  20:40:00  10 47 39.3  -06 25 00  +000443.9 -000085.6  02 16 19.0  219.600 29.124  52.81  38095 16.3
2010-04-27  20:50:00  10 52 38.7  -06 39 46  +000454.5 -000091.6  02 21 21.3  220.750 28.344  51.55  37661 16.2
2010-04-27  21:00:00  10 57 45.7  -06 55 34  +000466.9 -000098.3  02 26 16.0  221.840 27.551  50.27  37169 16.2
2010-04-27  21:10:00  11 03 01.6  -07 12 33  +000481.2 -000105.7  02 31 01.7  222.864 26.748  48.93  36616 16.1
2010-04-27  21:20:00  11 08 27.8  -07 30 51  +000497.8 -000114.0  02 35 37.2  223.818 25.937  47.56  36001 16.1
2010-04-27  21:30:00  11 14 05.9  -07 50 38  +000517.1 -000123.5  02 40 00.6  224.695 25.120  46.13  35322 16.0
2010-04-27  21:40:00  11 19 57.8  -08 12 05  +000539.4 -000134.3  02 44 10.3  225.487 24.301  44.64  34577 16.0
2010-04-27  21:50:00  11 26 05.8  -08 35 29  +000565.2 -000146.7  02 48 04.0  226.186 23.481  43.08  33762 15.9
2010-04-27  22:00:00  11 32 32.4  -09 01 07  +000595.4 -000161.2  02 51 39.0  226.781 22.665  41.45  32876 15.8
2010-04-27  22:10:00  11 39 20.9  -09 29 22  +000630.9 -000178.3  02 54 52.3  227.259 21.854  39.71  31914 15.7
2010-04-27  22:20:00  11 46 35.0  -10 00 43  +000672.8 -000198.6  02 57 39.8  227.603 21.052  37.88  30872 15.6
2010-04-27  22:30:00  11 54 19.6  -10 35 47  +000722.8 -000223.0  02 59 56.8  227.792 20.261  35.90  29747 15.5
2010-04-27  22:40:00  12 02 41.0  -11 15 21  +000783.2 -000252.9  03 01 37.1  227.800 19.484  33.78  28533 15.4
2010-04-27  22:50:00  12 11 46.8  -12 00 29  +000857.2 -000290.1  03 02 32.8  227.591 18.723  31.47  27224 15.3
2010-04-27  23:00:00  12 21 47.9  -12 52 37  +000949.5 -000337.3  03 02 33.5  227.118 17.980  28.96  25814 15.1
2010-04-27  23:10:00  12 32 58.4  -13 53 43  +001067.3 -000398.7  03 01 24.6  226.316 17.252  26.17  24296 15.0
2010-04-27  23:20:00  12 45 38.8  -15 06 37  +001221.6 -000480.5  02 58 45.9  225.093 16.533  23.07  22660 14.8
2010-04-27  23:30:00  13 00 19.0  -16 35 33  +001431.0 -000593.2  02 54 07.2  223.314 15.807  19.60  20898 14.6
2010-04-27  23:40:00  13 17 45.9  -18 27 01     <<SHADOW>>        02 46 42.0  220.775 15.038  15.79  18999 ----
2010-04-27  23:50:00  13 39 16.8  -20 51 32     <<SHADOW>>        02 35 12.7  217.149 14.145  12.05  16956 ----
2010-04-28  00:00:00  14 07 12.9  -24 06 54     <<SHADOW>>        02 17 18.3  211.878 12.943  10.58  14769 ----
2010-04-28  00:10:00  14 46 22.9  -28 44 07     <<SHADOW>>        01 48 10.0  203.959 10.980  15.82  12461 ----

   Date        UTC        RA         DECL      RARate   DeclRate    HourAng      Az     Um    Phase  Range  Mag
2010-04-28  18:10:00  10 36 33.5  -05 33 25  +000411.7 -000065.9  00 00 56.8  180.299 38.045  56.53  38961 16.4
2010-04-28  18:20:00  10 41 09.4  -05 44 45  +000416.4 -000070.2  00 06 22.5  182.008 37.837  55.38  38754 16.4
2010-04-28  18:30:00  10 45 49.0  -05 56 50  +000422.4 -000074.7  00 11 44.6  183.686 37.590  54.21  38493 16.3
2010-04-28  18:40:00  10 50 32.9  -06 09 41  +000429.7 -000079.6  00 17 02.3  185.327 37.305  53.03  38180 16.3
2010-04-28  18:50:00  10 55 22.2  -06 23 24  +000438.5 -000085.0  00 22 14.6  186.924 36.981  51.81  37812 16.2
2010-04-28  19:00:00  11 00 17.9  -06 38 03  +000448.9 -000090.9  00 27 20.6  188.471 36.620  50.57  37389 16.2
2010-04-28  19:10:00  11 05 21.1  -06 53 43  +000461.1 -000097.3  00 32 19.0  189.960 36.223  49.29  36910 16.2
2010-04-28  19:20:00  11 10 33.1  -07 10 32  +000475.2 -000104.5  00 37 08.7  191.384 35.791  47.98  36374 16.1
2010-04-28  19:30:00  11 15 55.2  -07 28 36  +000491.7 -000112.5  00 41 48.2  192.734 35.325  46.62  35779 16.1
2010-04-28  19:40:00  11 21 29.3  -07 48 06  +000510.8 -000121.6  00 46 15.8  194.003 34.827  45.22  35123 16.0
2010-04-28  19:50:00  11 27 17.0  -08 09 12  +000533.0 -000131.9  00 50 29.7  195.181 34.297  43.74  34405 15.9
2010-04-28  20:00:00  11 33 20.7  -08 32 08  +000558.7 -000143.6  00 54 27.6  196.256 33.736  42.21  33622 15.9
2010-04-28  20:10:00  11 39 42.9  -08 57 10  +000588.8 -000157.2  00 58 07.1  197.216 33.146  40.58  32773 15.8
2010-04-28  20:20:00  11 46 26.8  -09 24 39  +000624.0 -000173.1  01 01 24.8  198.047 32.526  38.87  31854 15.7
2010-04-28  20:30:00  11 53 36.3  -09 55 01  +000665.6 -000191.7  01 04 17.0  198.730 31.876  37.05  30862 15.6
2010-04-28  20:40:00  12 01 16.0  -10 28 46  +000715.2 -000214.0  01 06 38.8  199.245 31.196  35.10  29794 15.5
2010-04-28  20:50:00  12 09 32.1  -11 06 36  +000775.0 -000240.9  01 08 24.4  199.563 30.482  33.00  28646 15.4
2010-04-28  21:00:00  12 18 32.2  -11 49 23  +000847.9 -000273.8  01 09 26.0  199.650 29.730  30.72  27413 15.3
2010-04-28  21:10:00  12 28 26.4  -12 38 18  +000938.2 -000314.7  01 09 33.4  199.463 28.931  28.21  26092 15.2
2010-04-28  21:20:00  12 39 28.3  -13 34 54  +001052.5 -000366.7  01 08 33.1  198.943 28.070  25.46  24676 15.0
2010-04-28  21:30:00  12 51 56.9  -14 41 21  +001200.3 -000433.9  01 06 06.2  198.008 27.125  22.37  23160 14.9
2010-04-28  21:40:00  13 06 19.4  -16 00 45  +001397.5 -000523.2  01 01 45.3  196.548 26.054  18.92  21539 14.7
2010-04-28  21:50:00  13 23 16.7  -17 37 31  +001670.3 -000644.7  00 54 49.7  194.404 24.790  15.06  19807 14.5
2010-04-28  22:00:00  13 43 53.2  -19 38 19     <<SHADOW>>        00 44 14.8  191.339 23.210  11.06  17964 ----
2010-04-28  22:10:00  14 09 57.6  -22 13 12     <<SHADOW>>        00 28 12.1  186.995 21.086   8.60  16013 ----
2010-04-28  22:20:00  14 44 47.4  -25 37 09     <<SHADOW>>        00 03 23.9  180.805 17.979  12.23  13979 ----
2010-04-28  22:30:00  15 34 54.3  -30 08 42     <<SHADOW>>        23 23 18.7  171.867 13.009  22.62  11929 ----

   Date        UTC        RA         DECL      RARate   DeclRate    HourAng      Az     Um    Phase  Range  Mag
2010-04-29  18:10:00  11 41 58.4  -08 15 51  +000563.5 -000135.8  22 59 28.4  161.912 33.693  41.04  34351 15.9
2010-04-29  18:20:00  11 48 23.7  -08 39 28  +000593.2 -000147.9  23 03 04.8  163.058 33.495  39.42  33530 15.8
2010-04-29  18:30:00  11 55 10.4  -09 05 16  +000627.9 -000161.9  23 06 19.7  164.101 33.232  37.69  32644 15.7
2010-04-29  18:40:00  12 02 22.2  -09 33 33  +000668.8 -000178.1  23 09 09.5  165.024 32.899  35.87  31691 15.7
2010-04-29  18:50:00  12 10 03.8  -10 04 47  +000717.3 -000197.2  23 11 29.6  165.806 32.488  33.91  30669 15.6
2010-04-29  19:00:00  12 18 20.7  -10 39 29  +000775.4 -000219.8  23 13 14.3  166.421 31.990  31.81  29574 15.5
2010-04-29  19:10:00  12 27 20.3  -11 18 19  +000845.7 -000247.0  23 14 16.3  166.839 31.392  29.52  28405 15.4
2010-04-29  19:20:00  12 37 11.8  -12 02 09  +000931.9 -000280.1  23 14 26.5  167.023 30.678  27.04  27157 15.2
2010-04-29  19:30:00  12 48 07.5  -12 52 07  +001039.4 -000320.9  23 13 32.5  166.925 29.821  24.28  25828 15.1
2010-04-29  19:40:00  13 00 24.0  -13 49 41  +001176.0 -000372.0  23 11 17.6  166.486 28.785  21.22  24413 15.0
2010-04-29  19:50:00  13 14 24.3  -14 56 53  +001353.5 -000437.1  23 07 18.9  165.627 27.516  17.78  22911 14.8
2010-04-29  20:00:00  13 30 41.6  -16 16 26  +001590.9 -000521.2  23 01 03.2  164.245 25.933  13.91  21319 14.6
2010-04-29  20:10:00  13 50 05.3  -17 52 05  +001919.2 -000631.7  22 51 41.2  162.197 23.907   9.66  19639 14.4
2010-04-29  20:20:00  14 13 51.9  -19 48 56     <<SHADOW>>        22 37 56.3  159.284 21.235   6.20  17877 ----
2010-04-29  20:30:00  14 44 06.5  -22 13 35     <<SHADOW>>        22 17 43.3  155.222 17.576   8.50  16052 ----
2010-04-29  20:40:00  15 24 22.6  -25 12 49     <<SHADOW>>        21 47 28.8  149.589 12.359  16.91  14207 ----

   Date        UTC        RA         DECL      RARate   DeclRate    HourAng      Az     Um    Phase  Range  Mag
2010-04-30  18:10:00  13 34 40.1  -14 36 43  +001470.8 -000407.2  21 10 43.3  136.731 18.105  13.74  23568 14.8
2010-04-30  18:20:00  13 52 21.9  -15 50 10  +001727.2 -000476.8  21 03 03.1  135.682 16.126   9.49  22009 14.7
2010-04-30  18:30:00  14 13 23.1  -17 16 35  +002075.8 -000563.4  20 52 03.5  134.097 13.544   4.97  20380 14.5
2010-04-30  18:40:00  14 39 00.0  -18 59 00     <<SHADOW>>        20 36 28.2  131.817 10.130   4.44  18694 ----
