ЭФЕМЕРИДЫ ПО ОБЪЕКТУ:  43124
Для пункта:  10016 Маяки   46 23'50.68"   30 16'17.74"    14m
C   2010-02-01 12:00
по  2010-02-16 12:00
Шаг  0:10:00
Мин.угол места:          10 град
Макс.угол места Солнца: -10 град
Стандартный блеск :      8.2 (зв.вел.)

ОБОЗНАЧЕНИЯ
RA        прямое восхождение, тек.эпоха
DECL      склонение, тек.эпоха
RARate    скорость по пр.восх., арксек/мин
DeclRate  скорость по склонению, арксек/мин
HourAng   часовой угол
Az        азимут
Um        угол места
Phase     фазовый угол
Range     дальность
Mag       зв.величина (оценка)

   Date        UTC        RA         DECL      RARate   DeclRate    HourAng      Az     Um    Phase  Range  Mag
2010-02-06  18:00:00  00 14 54.7  -00 09 02  +001362.5 +000239.7  04 53 12.9  257.642 11.317 134.46  32085 17.7
2010-02-06  18:10:00  00 29 57.9  +00 29 51  +001346.8 +000226.8  04 48 11.4  257.138 12.642 130.72  32217 17.5
2010-02-06  18:20:00  00 44 50.2  +01 06 31  +001330.0 +000213.1  04 43 20.7  256.638 13.908 127.04  32372 17.3
2010-02-06  18:30:00  00 59 31.0  +01 40 51  +001312.1 +000198.7  04 38 41.5  256.143 15.112 123.40  32549 17.1
2010-02-06  18:40:00  01 13 59.6  +02 12 44  +001293.4 +000183.8  04 34 14.6  255.655 16.251 119.83  32747 16.9
2010-02-06  18:50:00  01 28 15.4  +02 42 07  +001273.9 +000168.7  04 30 00.5  255.174 17.322 116.30  32964 16.8
2010-02-06  19:00:00  01 42 17.9  +03 08 57  +001253.7 +000153.4  04 25 59.6  254.703 18.324 112.85  33199 16.6
2010-02-06  19:10:00  01 56 06.9  +03 33 14  +001233.0 +000138.1  04 22 12.2  254.242 19.255 109.44  33450 16.5
2010-02-06  19:20:00  02 09 41.9  +03 54 59  +001211.8 +000122.9  04 18 38.9  253.794 20.115 106.12  33717 16.4
2010-02-06  19:30:00  02 23 02.6  +04 14 12  +001190.4 +000107.9  04 15 19.8  253.359 20.904 102.84  33998 16.3
2010-02-06  19:40:00  02 36 09.1  +04 30 58  +001168.8 +000093.2  04 12 15.0  252.940 21.621  99.65  34291 16.2
2010-02-06  19:50:00  02 49 01.0  +04 45 18  +001147.1 +000079.0  04 09 24.7  252.538 22.268  96.50  34596 16.1
2010-02-06  20:00:00  03 01 38.6  +04 57 19  +001125.5 +000065.2  04 06 48.8  252.154 22.846  93.44  34910 16.0
2010-02-06  20:10:00  03 14 01.7  +05 07 03  +001103.9 +000051.9  04 04 27.3  251.790 23.354  90.43  35232 15.9
2010-02-06  20:20:00  03 26 10.6  +05 14 38  +001082.6 +000039.1  04 02 20.0  251.446 23.797  87.49  35562 15.9
2010-02-06  20:30:00  03 38 05.3  +05 20 07  +001061.5 +000026.9  04 00 27.0  251.124 24.173  84.61  35898 15.8
2010-02-06  20:40:00  03 49 46.1  +05 23 38  +001040.8 +000015.3  03 58 47.8  250.825 24.487  81.80  36239 15.8
2010-02-06  20:50:00  04 01 13.2  +05 25 16  +001020.5 +000004.3  03 57 22.4  250.550 24.739  79.03  36584 15.7
2010-02-06  21:00:00  04 12 26.9  +05 25 07  +001000.6 -000006.1  03 56 10.3  250.298 24.932  76.34  36932 15.7
2010-02-06  21:10:00  04 23 27.4  +05 23 16  +000981.2 -000015.9  03 55 11.4  250.072 25.068  73.70  37282 15.6
2010-02-06  21:20:00  04 34 15.3  +05 19 50  +000962.4 -000025.2  03 54 25.2  249.870 25.150  71.13  37632 15.6
2010-02-06  21:30:00  04 44 50.8  +05 14 55  +000944.1 -000033.9  03 53 51.3  249.693 25.179  68.59  37983 15.6
2010-02-06  21:40:00  04 55 14.2  +05 08 35  +000926.3 -000042.0  03 53 29.5  249.541 25.157  66.13  38333 15.5
2010-02-06  21:50:00  05 05 26.1  +05 00 56  +000909.2 -000049.7  03 53 19.3  249.414 25.087  63.71  38682 15.5
2010-02-06  22:00:00  05 15 26.7  +04 52 03  +000892.7 -000056.8  03 53 20.4  249.312 24.972  61.35  39028 15.5
2010-02-06  22:10:00  05 25 16.4  +04 42 01  +000876.8 -000063.5  03 53 32.2  249.234 24.812  59.03  39372 15.5
2010-02-06  22:20:00  05 34 55.8  +04 30 54  +000861.5 -000069.7  03 53 54.5  249.180 24.611  56.77  39712 15.4
2010-02-06  22:30:00  05 44 25.2  +04 18 47  +000846.8 -000075.5  03 54 26.7  249.149 24.371  54.54  40048 15.4
2010-02-06  22:40:00  05 53 45.1  +04 05 45  +000832.8 -000080.9  03 55 08.5  249.140 24.093  52.38  40380 15.4
2010-02-06  22:50:00  06 02 55.8  +03 51 50  +000819.3 -000086.0  03 55 59.5  249.153 23.779  50.26  40706 15.4
2010-02-06  23:00:00  06 11 57.7  +03 37 07  +000806.5 -000090.6  03 56 59.2  249.187 23.431  48.19  41027 15.4
2010-02-06  23:10:00  06 20 51.3  +03 21 39  +000794.3 -000094.9  03 58 07.3  249.241 23.052  46.16  41342 15.4
2010-02-06  23:20:00  06 29 36.9  +03 05 29  +000782.7 -000099.0  03 59 23.3  249.314 22.642  44.18  41651 15.3
2010-02-06  23:30:00  06 38 15.0  +02 48 41  +000771.6 -000102.7  04 00 46.8  249.405 22.203  42.24  41952 15.3
2010-02-06  23:40:00  06 46 45.9  +02 31 16  +000761.2 -000106.1  04 02 17.6  249.514 21.738  40.36  42246 15.3
2010-02-06  23:50:00  06 55 10.1  +02 13 19  +000751.3 -000109.3  04 03 55.0  249.638 21.247  38.52  42533 15.3
2010-02-07  00:00:00  07 03 27.8  +01 54 51  +000741.9 -000112.3  04 05 39.0  249.778 20.732  36.75  42812 15.3
2010-02-07  00:10:00  07 11 39.5  +01 35 54  +000733.1 -000115.0  04 07 29.0  249.932 20.195  35.01  43083 15.3
2010-02-07  00:20:00  07 19 45.4  +01 16 31  +000724.9 -000117.5  04 09 24.6  250.100 19.637  33.34  43345 15.3
2010-02-07  00:30:00  07 27 46.1  +00 56 44  +000717.1 -000119.9  04 11 25.6  250.279 19.059  31.72  43599 15.3
2010-02-07  00:40:00  07 35 41.7  +00 36 34  +000709.9 -000122.0  04 13 31.7  250.470 18.462  30.17  43843 15.3
2010-02-07  00:50:00  07 43 32.6  +00 16 04  +000703.1 -000124.0  04 15 42.3  250.672 17.848  28.68  44079 15.3
2010-02-07  01:00:00  07 51 19.3  -00 04 45  +000696.8 -000125.8  04 17 57.3  250.882 17.219  27.28  44305 15.3
2010-02-07  01:10:00  07 59 01.9  -00 25 52  +000691.1 -000127.5  04 20 16.4  251.102 16.574  25.95  44521 15.3
2010-02-07  01:20:00  08 06 40.8  -00 47 14  +000685.7 -000129.0  04 22 39.1  251.328 15.916  24.73  44727 15.3
2010-02-07  01:30:00  08 14 16.3  -01 08 52  +000680.9 -000130.4  04 25 05.2  251.562 15.246  23.59  44923 15.3
2010-02-07  01:40:00  08 21 48.8  -01 30 42  +000676.5 -000131.7  04 27 34.4  251.801 14.563  22.58  45109 15.3
2010-02-07  01:50:00  08 29 18.4  -01 52 46  +000672.5 -000132.9  04 30 06.4  252.046 13.871  21.69  45285 15.3
2010-02-07  02:00:00  08 36 45.5  -02 14 60  +000669.0 -000134.0  04 32 40.9  252.294 13.169  20.94  45450 15.3
2010-02-07  02:10:00  08 44 10.5  -02 37 24  +000665.9 -000134.9  04 35 17.7  252.546 12.458  20.34  45604 15.3
2010-02-07  02:20:00  08 51 33.5  -02 59 58  +000663.2 -000135.8  04 37 56.3  252.800 11.740  19.91  45747 15.3
2010-02-07  02:30:00  08 58 54.8  -03 22 39  +000660.9 -000136.6  04 40 36.6  253.056 11.016  19.64  45879 15.3
2010-02-07  02:40:00  09 06 14.8  -03 45 29  +000659.1 -000137.3  04 43 18.3  253.313 10.286  19.55  46000 15.3

   Date        UTC        RA         DECL      RARate   DeclRate    HourAng      Az     Um    Phase  Range  Mag
2010-02-07  16:10:00  00 28 25.4  +00 05 03  +001382.1 +000249.1  02 53 20.7  232.548 30.177 132.16  30330 17.5
2010-02-07  16:20:00  00 43 40.8  +00 45 22  +001364.0 +000234.6  02 48 06.9  231.697 31.452 128.36  30495 17.2
2010-02-07  16:30:00  00 58 43.8  +01 23 11  +001344.8 +000219.3  02 43 05.6  230.849 32.659 124.61  30682 17.0
2010-02-07  16:40:00  01 13 33.7  +01 58 25  +001324.6 +000203.4  02 38 17.4  230.007 33.795 120.93  30891 16.9
2010-02-07  16:50:00  01 28 09.8  +02 30 58  +001303.6 +000187.1  02 33 42.9  229.175 34.857 117.31  31120 16.7
2010-02-07  17:00:00  01 42 31.6  +03 00 47  +001281.8 +000170.7  02 29 22.7  228.357 35.844 113.76  31367 16.6
2010-02-07  17:10:00  01 56 38.7  +03 27 52  +001259.5 +000154.2  02 25 17.2  227.556 36.755 110.26  31631 16.4
2010-02-07  17:20:00  02 10 30.9  +03 52 12  +001236.7 +000137.8  02 21 26.7  226.777 37.591 106.85  31910 16.3
2010-02-07  17:30:00  02 24 07.7  +04 13 49  +001213.7 +000121.6  02 17 51.5  226.024 38.350 103.50  32203 16.2
2010-02-07  17:40:00  02 37 29.1  +04 32 46  +001190.4 +000105.8  02 14 31.8  225.300 39.035 100.23  32508 16.1
2010-02-07  17:50:00  02 50 35.0  +04 49 07  +001167.1 +000090.5  02 11 27.5  224.609 39.647  97.02  32824 16.0
2010-02-07  18:00:00  03 03 25.3  +05 02 57  +001143.9 +000075.6  02 08 38.8  223.955 40.187  93.90  33150 15.9
2010-02-07  18:10:00  03 16 00.3  +05 14 21  +001120.8 +000061.3  02 06 05.6  223.341 40.658  90.83  33483 15.8
2010-02-07  18:20:00  03 28 19.9  +05 23 24  +001098.0 +000047.6  02 03 47.6  222.768 41.062  87.84  33824 15.8
2010-02-07  18:30:00  03 40 24.4  +05 30 14  +001075.5 +000034.5  02 01 44.7  222.240 41.401  84.91  34169 15.7
2010-02-07  18:40:00  03 52 14.1  +05 34 56  +001053.4 +000022.0  01 59 56.7  221.758 41.678  82.05  34519 15.7
2010-02-07  18:50:00  04 03 49.1  +05 37 36  +001031.8 +000010.2  01 58 23.3  221.324 41.896  79.25  34872 15.6
2010-02-07  19:00:00  04 15 09.9  +05 38 22  +001010.6 -000001.0  01 57 04.2  220.939 42.057  76.53  35227 15.6
2010-02-07  19:10:00  04 26 16.7  +05 37 19  +000990.0 -000011.5  01 55 59.0  220.604 42.163  73.85  35583 15.5
2010-02-07  19:20:00  04 37 10.0  +05 34 34  +000970.0 -000021.4  01 55 07.3  220.318 42.219  71.25  35939 15.5
2010-02-07  19:30:00  04 47 50.2  +05 30 13  +000950.6 -000030.7  01 54 28.8  220.081 42.225  68.69  36295 15.5
2010-02-07  19:40:00  04 58 17.7  +05 24 22  +000931.8 -000039.4  01 54 02.9  219.893 42.186  66.21  36649 15.4
2010-02-07  19:50:00  05 08 32.8  +05 17 07  +000913.7 -000047.6  01 53 49.4  219.752 42.102  63.76  37001 15.4
2010-02-07  20:00:00  05 18 36.1  +05 08 32  +000896.3 -000055.2  01 53 47.7  219.659 41.977  61.39  37349 15.4
2010-02-07  20:10:00  05 28 28.0  +04 58 44  +000879.5 -000062.4  01 53 57.5  219.611 41.813  59.05  37694 15.4
2010-02-07  20:20:00  05 38 08.9  +04 47 46  +000863.3 -000069.0  01 54 18.2  219.606 41.611  56.78  38035 15.3
2010-02-07  20:30:00  05 47 39.3  +04 35 45  +000847.9 -000075.2  01 54 49.5  219.644 41.374  54.54  38371 15.3
2010-02-07  20:40:00  05 56 59.6  +04 22 44  +000833.1 -000081.0  01 55 30.8  219.721 41.103  52.37  38701 15.3
2010-02-07  20:50:00  06 06 10.3  +04 08 47  +000819.0 -000086.4  01 56 21.8  219.836 40.801  50.24  39026 15.3
2010-02-07  21:00:00  06 15 11.8  +03 53 58  +000805.5 -000091.3  01 57 22.0  219.987 40.469  48.16  39345 15.3
2010-02-07  21:10:00  06 24 04.5  +03 38 21  +000792.6 -000096.0  01 58 30.9  220.172 40.108  46.12  39657 15.3
2010-02-07  21:20:00  06 32 48.8  +03 21 59  +000780.4 -000100.3  01 59 48.2  220.388 39.720  44.15  39962 15.3
2010-02-07  21:30:00  06 41 25.2  +03 04 56  +000768.8 -000104.3  02 01 13.5  220.634 39.307  42.20  40259 15.2
2010-02-07  21:40:00  06 49 54.0  +02 47 14  +000757.8 -000108.0  02 02 46.3  220.907 38.870  40.32  40549 15.2
2010-02-07  21:50:00  06 58 15.7  +02 28 56  +000747.4 -000111.5  02 04 26.2  221.204 38.410  38.48  40831 15.2
2010-02-07  22:00:00  07 06 30.7  +02 10 06  +000737.6 -000114.7  02 06 12.9  221.525 37.928  36.70  41105 15.2
2010-02-07  22:10:00  07 14 39.3  +01 50 44  +000728.3 -000117.6  02 08 05.9  221.866 37.425  34.96  41370 15.2
2010-02-07  22:20:00  07 22 42.0  +01 30 54  +000719.6 -000120.4  02 10 04.9  222.226 36.903  33.29  41626 15.2
2010-02-07  22:30:00  07 30 38.9  +01 10 38  +000711.4 -000122.9  02 12 09.6  222.603 36.362  31.66  41873 15.2
2010-02-07  22:40:00  07 38 30.6  +00 49 57  +000703.8 -000125.3  02 14 19.5  222.995 35.804  30.11  42112 15.2
2010-02-07  22:50:00  07 46 17.4  +00 28 53  +000696.7 -000127.4  02 16 34.4  223.400 35.229  28.62  42340 15.2
2010-02-07  23:00:00  07 53 59.6  +00 07 29  +000690.0 -000129.4  02 18 53.8  223.816 34.639  27.22  42559 15.2
2010-02-07  23:10:00  08 01 37.6  -00 14 15  +000683.9 -000131.3  02 21 17.5  224.242 34.034  25.88  42769 15.2
2010-02-07  23:20:00  08 09 11.6  -00 36 16  +000678.2 -000133.0  02 23 45.1  224.676 33.416  24.64  42969 15.2
2010-02-07  23:30:00  08 16 42.0  -00 58 34  +000673.1 -000134.6  02 26 16.4  225.117 32.784  23.50  43158 15.2
2010-02-07  23:40:00  08 24 09.2  -01 21 07  +000668.4 -000136.0  02 28 50.9  225.564 32.141  22.48  43337 15.2
2010-02-07  23:50:00  08 31 33.3  -01 43 54  +000664.1 -000137.3  02 31 28.4  226.014 31.486  21.57  43506 15.2
2010-02-08  00:00:00  08 38 54.7  -02 06 54  +000660.3 -000138.6  02 34 08.6  226.466 30.822  20.80  43665 15.2
2010-02-08  00:10:00  08 46 13.8  -02 30 05  +000656.9 -000139.7  02 36 51.2  226.920 30.148  20.18  43813 15.2
2010-02-08  00:20:00  08 53 30.7  -02 53 26  +000654.0 -000140.7  02 39 35.9  227.375 29.465  19.71  43950 15.2
2010-02-08  00:30:00  09 00 45.9  -03 16 58  +000651.5 -000141.6  02 42 22.4  227.828 28.774  19.42  44077 15.2
2010-02-08  00:40:00  09 07 59.5  -03 40 38  +000649.4 -000142.4  02 45 10.4  228.279 28.077  19.30  44192 15.2
2010-02-08  00:50:00  09 15 11.8  -04 04 26  +000647.7 -000143.2  02 47 59.7  228.727 27.373  19.35  44297 15.2
2010-02-08  01:00:00  09 22 23.2  -04 28 21  +000646.5 -000143.8  02 50 50.0  229.171 26.664  19.57  44390 15.3
2010-02-08  01:10:00  09 29 33.9  -04 52 22  +000645.7 -000144.4  02 53 40.9  229.611 25.950  19.97  44473 15.3
2010-02-08  01:20:00  09 36 44.2  -05 16 29  +000645.2 -000144.9  02 56 32.3  230.044 25.233  20.51  44544 15.3
2010-02-08  01:30:00  09 43 54.3  -05 40 40  +000645.2 -000145.3  02 59 23.8  230.471 24.513  21.20  44603 15.3
2010-02-08  01:40:00  09 51 04.5  -06 04 55  +000645.6 -000145.7  03 02 15.2  230.891 23.791  22.02  44652 15.3
2010-02-08  01:50:00  09 58 15.1  -06 29 13  +000646.4 -000146.0  03 05 06.2  231.302 23.067  22.95  44688 15.3
2010-02-08  02:00:00  10 05 26.5  -06 53 34  +000647.6 -000146.2  03 07 56.6  231.704 22.344  23.99  44713 15.3
2010-02-08  02:10:00  10 12 38.7  -07 17 57  +000649.2 -000146.3  03 10 46.0  232.097 21.621  25.12  44727 15.3
2010-02-08  02:20:00  10 19 52.2  -07 42 20  +000651.3 -000146.4  03 13 34.1  232.479 20.899  26.32  44728 15.3
2010-02-08  02:30:00  10 27 07.2  -08 06 44  +000653.7 -000146.4  03 16 20.8  232.851 20.179  27.61  44718 15.3
2010-02-08  02:40:00  10 34 23.9  -08 31 06  +000656.6 -000146.3  03 19 05.7  233.211 19.463  28.95  44696 15.3
2010-02-08  02:50:00  10 41 42.7  -08 55 28  +000659.9 -000146.1  03 21 48.6  233.558 18.751  30.36  44662 15.3
2010-02-08  03:00:00  10 49 03.8  -09 19 48  +000663.6 -000145.8  03 24 29.1  233.893 18.044  31.80  44616 15.4
2010-02-08  03:10:00  10 56 27.5  -09 44 05  +000667.7 -000145.5  03 27 07.0  234.213 17.343  33.31  44559 15.4
2010-02-08  03:20:00  11 03 54.2  -10 08 18  +000672.4 -000145.1  03 29 42.0  234.520 16.650  34.84  44489 15.4
2010-02-08  03:30:00  11 11 24.1  -10 32 26  +000677.4 -000144.6  03 32 13.7  234.812 15.964  36.43  44406 15.4
2010-02-08  03:40:00  11 18 57.5  -10 56 29  +000682.9 -000144.0  03 34 42.0  235.089 15.287  38.04  44312 15.4
2010-02-08  03:50:00  11 26 34.7  -11 20 25  +000688.9 -000143.3  03 37 06.4  235.349 14.620  39.70  44206 15.4
2010-02-08  04:00:00  11 34 16.1  -11 44 14  +000695.3 -000142.4  03 39 26.7  235.593 13.965  41.39  44088 15.4
2010-02-08  04:10:00  11 42 01.9  -12 07 54  +000702.3 -000141.5  03 41 42.5  235.820 13.322  43.11  43957 15.5

   Date        UTC        RA         DECL      RARate   DeclRate    HourAng      Az     Um    Phase  Range  Mag
2010-02-08  16:10:00  03 22 12.5  +05 12 29  +001128.7 +000069.9  00 03 30.2  181.324 48.804  90.25  32653 15.8
2010-02-08  16:20:00  03 34 37.0  +05 22 56  +001104.9 +000055.6  00 01 07.3  180.425 48.984  87.23  33010 15.7
2010-02-08  16:30:00  03 46 45.8  +05 31 03  +001081.6 +000041.9  23 59 00.1  179.621 49.119  84.27  33372 15.7
2010-02-08  16:40:00  03 58 39.4  +05 36 56  +001058.8 +000028.9  23 57 08.2  178.910 49.214  81.40  33736 15.6
2010-02-08  16:50:00  04 10 17.7  +05 40 43  +001036.4 +000016.6  23 55 31.5  178.294 49.270  78.57  34102 15.6
2010-02-08  17:00:00  04 21 41.4  +05 42 31  +001014.6 +000005.0  23 54 09.5  177.772 49.291  75.83  34469 15.5
2010-02-08  17:10:00  04 32 50.7  +05 42 25  +000993.4 -000006.0  23 53 01.8  177.342 49.282  73.14  34836 15.5
2010-02-08  17:20:00  04 43 46.0  +05 40 33  +000972.8 -000016.3  23 52 08.1  177.002 49.243  70.52  35201 15.4
2010-02-08  17:30:00  04 54 27.9  +05 37 01  +000952.9 -000026.0  23 51 27.9  176.751 49.178  67.95  35564 15.4
2010-02-08  17:40:00  05 04 56.7  +05 31 55  +000933.6 -000035.1  23 51 00.7  176.584 49.088  65.45  35924 15.4
2010-02-08  17:50:00  05 15 13.0  +05 25 21  +000915.1 -000043.6  23 50 46.1  176.498 48.976  62.99  36280 15.3
2010-02-08  18:00:00  05 25 17.0  +05 17 24  +000897.2 -000051.6  23 50 43.7  176.492 48.844  60.61  36632 15.3
2010-02-08  18:10:00  05 35 09.4  +05 08 11  +000880.0 -000059.0  23 50 53.0  176.560 48.692  58.26  36980 15.3
2010-02-08  18:20:00  05 44 50.6  +04 57 46  +000863.5 -000066.0  23 51 13.5  176.699 48.522  55.98  37321 15.3
2010-02-08  18:30:00  05 54 20.9  +04 46 13  +000847.7 -000072.5  23 51 44.7  176.906 48.334  53.74  37657 15.3
2010-02-08  18:40:00  06 03 41.0  +04 33 38  +000832.6 -000078.5  23 52 26.3  177.176 48.131  51.56  37986 15.3
2010-02-08  18:50:00  06 12 51.2  +04 20 04  +000818.1 -000084.2  23 53 17.8  177.506 47.912  49.42  38308 15.2
2010-02-08  19:00:00  06 21 52.0  +04 05 36  +000804.3 -000089.4  23 54 18.6  177.892 47.678  47.34  38623 15.2
2010-02-08  19:10:00  06 30 43.8  +03 50 17  +000791.2 -000094.3  23 55 28.4  178.331 47.429  45.30  38930 15.2
2010-02-08  19:20:00  06 39 27.1  +03 34 11  +000778.7 -000098.9  23 56 46.8  178.818 47.167  43.32  39229 15.2
2010-02-08  19:30:00  06 48 02.3  +03 17 21  +000766.8 -000103.1  23 58 13.2  179.350 46.890  41.37  39519 15.2
2010-02-08  19:40:00  06 56 29.7  +02 59 50  +000755.6 -000107.1  23 59 47.4  179.924 46.600  39.49  39802 15.2
2010-02-08  19:50:00  07 04 49.9  +02 41 40  +000744.9 -000110.8  00 01 28.9  180.536 46.296  37.65  40075 15.2
2010-02-08  20:00:00  07 13 03.1  +02 22 55  +000734.9 -000114.2  00 03 17.3  181.182 45.979  35.86  40339 15.2
2010-02-08  20:10:00  07 21 09.9  +02 03 37  +000725.4 -000117.4  00 05 12.2  181.860 45.648  34.13  40594 15.2
2010-02-08  20:20:00  07 29 10.4  +01 43 48  +000716.4 -000120.4  00 07 13.3  182.566 45.305  32.45  40839 15.2
2010-02-08  20:30:00  07 37 05.2  +01 23 31  +000708.0 -000123.1  00 09 20.2  183.298 44.948  30.83  41075 15.2
2010-02-08  20:40:00  07 44 54.6  +01 02 46  +000700.2 -000125.7  00 11 32.4  184.051 44.578  29.29  41301 15.2
2010-02-08  20:50:00  07 52 38.9  +00 41 37  +000692.8 -000128.1  00 13 49.8  184.825 44.196  27.80  41517 15.2
2010-02-08  21:00:00  08 00 18.5  +00 20 05  +000686.0 -000130.3  00 16 11.8  185.615 43.800  26.40  41723 15.2
2010-02-08  21:10:00  08 07 53.7  -00 01 49  +000679.6 -000132.4  00 18 38.3  186.419 43.392  25.07  41919 15.2
2010-02-08  21:20:00  08 15 24.8  -00 24 03  +000673.8 -000134.3  00 21 08.8  187.234 42.972  23.84  42105 15.2
2010-02-08  21:30:00  08 22 52.2  -00 46 36  +000668.4 -000136.1  00 23 43.1  188.059 42.539  22.72  42280 15.2
2010-02-08  21:40:00  08 30 16.1  -01 09 25  +000663.5 -000137.8  00 26 20.7  188.890 42.093  21.71  42445 15.2
2010-02-08  21:50:00  08 37 37.0  -01 32 31  +000659.1 -000139.3  00 29 01.6  189.726 41.636  20.82  42599 15.2
2010-02-08  22:00:00  08 44 55.0  -01 55 52  +000655.1 -000140.8  00 31 45.2  190.565 41.167  20.08  42743 15.2
2010-02-08  22:10:00  08 52 10.5  -02 19 26  +000651.5 -000142.1  00 34 31.3  191.404 40.686  19.49  42876 15.2
2010-02-08  22:20:00  08 59 23.8  -02 43 14  +000648.4 -000143.3  00 37 19.7  192.242 40.195  19.07  42998 15.2
2010-02-08  22:30:00  09 06 35.1  -03 07 12  +000645.7 -000144.4  00 40 10.0  193.077 39.693  18.82  43109 15.2
2010-02-08  22:40:00  09 13 44.8  -03 31 22  +000643.4 -000145.5  00 43 01.9  193.907 39.180  18.75  43210 15.2
2010-02-08  22:50:00  09 20 53.1  -03 55 41  +000641.6 -000146.4  00 45 55.2  194.731 38.657  18.85  43300 15.2
2010-02-08  23:00:00  09 28 00.4  -04 20 10  +000640.2 -000147.3  00 48 49.6  195.546 38.125  19.13  43378 15.2
2010-02-08  23:10:00  09 35 06.8  -04 44 46  +000639.2 -000148.0  00 51 44.8  196.352 37.584  19.57  43446 15.2
2010-02-08  23:20:00  09 42 12.7  -05 09 30  +000638.6 -000148.7  00 54 40.6  197.147 37.035  20.17  43502 15.2
2010-02-08  23:30:00  09 49 18.4  -05 34 21  +000638.5 -000149.4  00 57 36.5  197.931 36.477  20.91  43547 15.2
2010-02-08  23:40:00  09 56 24.1  -05 59 17  +000638.7 -000149.9  01 00 32.5  198.701 35.913  21.77  43582 15.2
2010-02-08  23:50:00  10 03 30.1  -06 24 18  +000639.4 -000150.4  01 03 28.1  199.456 35.342  22.75  43605 15.2
2010-02-09  00:00:00  10 10 36.7  -06 49 24  +000640.4 -000150.7  01 06 23.2  200.196 34.765  23.81  43617 15.2
2010-02-09  00:10:00  10 17 44.1  -07 14 33  +000641.9 -000151.1  01 09 17.4  200.919 34.182  24.98  43617 15.3
2010-02-09  00:20:00  10 24 52.7  -07 39 45  +000643.9 -000151.3  01 12 10.5  201.625 33.595  26.21  43606 15.3
2010-02-09  00:30:00  10 32 02.7  -08 04 59  +000646.2 -000151.5  01 15 02.1  202.313 33.005  27.52  43584 15.3
2010-02-09  00:40:00  10 39 14.4  -08 30 14  +000649.0 -000151.6  01 17 52.1  202.981 32.411  28.88  43551 15.3
2010-02-09  00:50:00  10 46 28.0  -08 55 29  +000652.2 -000151.5  01 20 40.1  203.629 31.816  30.30  43506 15.3
2010-02-09  01:00:00  10 53 44.0  -09 20 44  +000655.8 -000151.5  01 23 25.8  204.255 31.219  31.76  43450 15.3
2010-02-09  01:10:00  11 01 02.5  -09 45 58  +000659.9 -000151.3  01 26 08.9  204.860 30.622  33.28  43382 15.3
2010-02-09  01:20:00  11 08 23.9  -10 11 10  +000664.4 -000151.1  01 28 49.1  205.443 30.025  34.82  43303 15.3
2010-02-09  01:30:00  11 15 48.5  -10 36 19  +000669.4 -000150.7  01 31 26.2  206.002 29.430  36.41  43213 15.3
2010-02-09  01:40:00  11 23 16.5  -11 01 24  +000674.9 -000150.3  01 33 59.8  206.537 28.837  38.03  43111 15.3
2010-02-09  01:50:00  11 30 48.4  -11 26 24  +000680.8 -000149.7  01 36 29.5  207.048 28.248  39.69  42997 15.4
2010-02-09  02:00:00  11 38 24.4  -11 51 17  +000687.2 -000149.0  01 38 55.2  207.533 27.664  41.37  42873 15.4
2010-02-09  02:10:00  11 46 04.8  -12 16 04  +000694.2 -000148.2  01 41 16.4  207.992 27.085  43.10  42736 15.4
2010-02-09  02:20:00  11 53 50.1  -12 40 41  +000701.6 -000147.3  01 43 32.8  208.425 26.513  44.84  42589 15.4
2010-02-09  02:30:00  12 01 40.4  -13 05 09  +000709.6 -000146.3  01 45 44.1  208.830 25.948  46.62  42430 15.4
2010-02-09  02:40:00  12 09 36.3  -13 29 26  +000718.1 -000145.1  01 47 49.8  209.207 25.393  48.43  42259 15.4
2010-02-09  02:50:00  12 17 38.1  -13 53 30  +000727.2 -000143.7  01 49 49.7  209.555 24.848  50.27  42077 15.5
2010-02-09  03:00:00  12 25 46.0  -14 17 19  +000736.8 -000142.2  01 51 43.4  209.874 24.314  52.13  41884 15.5
2010-02-09  03:10:00  12 34 00.6  -14 40 52  +000747.0 -000140.4  01 53 30.5  210.163 23.794  54.04  41680 15.5
2010-02-09  03:20:00  12 42 22.1  -15 04 07  +000757.8 -000138.5  01 55 10.6  210.421 23.287  55.96  41465 15.5
2010-02-09  03:30:00  12 50 51.1  -15 27 02  +000769.2 -000136.4  01 56 43.3  210.648 22.796  57.93  41239 15.5
2010-02-09  03:40:00  12 59 27.9  -15 49 34  +000781.3 -000134.0  01 58 08.1  210.842 22.322  59.92  41002 15.6
2010-02-09  03:50:00  13 08 13.0  -16 11 41  +000794.0 -000131.4  01 59 24.7  211.003 21.866  61.96  40754 15.6
2010-02-09  04:00:00  13 17 06.7  -16 33 20  +000807.3 -000128.4  02 00 32.6  211.130 21.430  64.01  40495 15.6
2010-02-09  04:10:00  13 26 09.5  -16 54 29  +000821.3 -000125.2  02 01 31.4  211.223 21.016  66.12  40226 15.6

   Date        UTC        RA         DECL      RARate   DeclRate    HourAng      Az     Um    Phase  Range  Mag
2010-02-09  16:20:00  05 51 20.0  +04 58 31  +000865.0 -000060.4  21 48 20.9  135.237 39.761  55.27  37715 15.3
2010-02-09  16:30:00  06 00 51.4  +04 47 54  +000849.3 -000067.0  21 48 51.1  135.491 39.667  53.02  38052 15.3
2010-02-09  16:40:00  06 10 12.6  +04 36 12  +000834.3 -000073.3  21 49 31.6  135.805 39.578  50.83  38380 15.3
2010-02-09  16:50:00  06 19 24.0  +04 23 30  +000819.9 -000079.1  21 50 21.8  136.174 39.492  48.67  38701 15.3
2010-02-09  17:00:00  06 28 26.0  +04 09 52  +000806.2 -000084.5  21 51 21.4  136.596 39.411  46.58  39013 15.2
2010-02-09  17:10:00  06 37 19.1  +03 55 22  +000793.2 -000089.5  21 52 29.9  137.069 39.333  44.53  39317 15.2
2010-02-09  17:20:00  06 46 03.7  +03 40 03  +000780.7 -000094.3  21 53 47.0  137.589 39.257  42.53  39611 15.2
2010-02-09  17:30:00  06 54 40.2  +03 23 58  +000768.9 -000098.7  21 55 12.1  138.154 39.184  40.57  39896 15.2
2010-02-09  17:40:00  07 03 09.0  +03 07 10  +000757.6 -000102.8  21 56 45.0  138.762 39.112  38.67  40171 15.2
2010-02-09  17:50:00  07 11 30.6  +02 49 42  +000747.0 -000106.7  21 58 25.1  139.411 39.040  36.81  40437 15.2
2010-02-09  18:00:00  07 19 45.2  +02 31 36  +000736.9 -000110.3  22 00 12.1  140.097 38.969  35.02  40692 15.2
2010-02-09  18:10:00  07 27 53.2  +02 12 56  +000727.4 -000113.7  22 02 05.7  140.818 38.897  33.26  40938 15.2
2010-02-09  18:20:00  07 35 55.2  +01 53 43  +000718.4 -000116.9  22 04 05.4  141.573 38.824  31.58  41173 15.2
2010-02-09  18:30:00  07 43 51.3  +01 33 59  +000710.0 -000119.8  22 06 10.9  142.360 38.749  29.94  41397 15.2
2010-02-09  18:40:00  07 51 42.0  +01 13 47  +000702.1 -000122.6  22 08 21.9  143.175 38.671  28.38  41611 15.2
2010-02-09  18:50:00  07 59 27.5  +00 53 08  +000694.7 -000125.2  22 10 38.0  144.018 38.589  26.88  41815 15.2
2010-02-09  19:00:00  08 07 08.3  +00 32 03  +000687.8 -000127.7  22 12 58.8  144.885 38.502  25.47  42007 15.2
2010-02-09  19:10:00  08 14 44.7  +00 10 35  +000681.4 -000129.9  22 15 24.1  145.776 38.410  24.14  42189 15.2
2010-02-09  19:20:00  08 22 16.9  -00 11 15  +000675.4 -000132.1  22 17 53.5  146.687 38.313  22.91  42360 15.2
2010-02-09  19:30:00  08 29 45.4  -00 33 26  +000670.0 -000134.1  22 20 26.7  147.617 38.209  21.78  42520 15.2
2010-02-09  19:40:00  08 37 10.3  -00 55 56  +000664.9 -000135.9  22 23 03.4  148.564 38.098  20.78  42669 15.2
2010-02-09  19:50:00  08 44 32.1  -01 18 44  +000660.4 -000137.7  22 25 43.3  149.526 37.979  19.91  42806 15.2
2010-02-09  20:00:00  08 51 50.9  -01 41 49  +000656.3 -000139.3  22 28 26.1  150.501 37.851  19.20  42933 15.2
2010-02-09  20:10:00  08 59 07.2  -02 05 11  +000652.6 -000140.9  22 31 11.4  151.486 37.715  18.64  43049 15.2
2010-02-09  20:20:00  09 06 21.2  -02 28 47  +000649.4 -000142.3  22 33 59.1  152.481 37.569  18.26  43153 15.2
2010-02-09  20:30:00  09 13 33.1  -02 52 37  +000646.6 -000143.7  22 36 48.8  153.484 37.413  18.07  43247 15.2
2010-02-09  20:40:00  09 20 43.3  -03 16 39  +000644.2 -000144.9  22 39 40.2  154.491 37.248  18.06  43329 15.2
2010-02-09  20:50:00  09 27 52.1  -03 40 54  +000642.2 -000146.1  22 42 33.1  155.502 37.071  18.23  43400 15.2
2010-02-09  21:00:00  09 34 59.7  -04 05 20  +000640.7 -000147.1  22 45 27.1  156.514 36.884  18.58  43460 15.2
2010-02-09  21:10:00  09 42 06.4  -04 29 56  +000639.5 -000148.1  22 48 22.1  157.527 36.685  19.11  43509 15.2
2010-02-09  21:20:00  09 49 12.5  -04 54 42  +000638.8 -000149.0  22 51 17.6  158.537 36.475  19.78  43547 15.2
2010-02-09  21:30:00  09 56 18.3  -05 19 37  +000638.5 -000149.9  22 54 13.5  159.542 36.254  20.60  43573 15.2
2010-02-09  21:40:00  10 03 23.9  -05 44 40  +000638.6 -000150.6  22 57 09.5  160.543 36.021  21.53  43589 15.2
2010-02-09  21:50:00  10 10 29.8  -06 09 49  +000639.1 -000151.3  23 00 05.2  161.535 35.776  22.57  43593 15.2
2010-02-09  22:00:00  10 17 36.2  -06 35 05  +000640.1 -000151.9  23 03 00.5  162.519 35.520  23.70  43586 15.2
2010-02-09  22:10:00  10 24 43.3  -07 00 27  +000641.4 -000152.4  23 05 55.0  163.491 35.253  24.93  43568 15.2
2010-02-09  22:20:00  10 31 51.5  -07 25 54  +000643.2 -000152.9  23 08 48.5  164.451 34.974  26.21  43540 15.3
2010-02-09  22:30:00  10 39 01.1  -07 51 24  +000645.4 -000153.3  23 11 40.6  165.396 34.685  27.57  43500 15.3
2010-02-09  22:40:00  10 46 12.2  -08 16 59  +000648.1 -000153.5  23 14 31.1  166.326 34.384  28.97  43448 15.3
2010-02-09  22:50:00  10 53 25.2  -08 42 35  +000651.1 -000153.7  23 17 19.7  167.238 34.074  30.44  43386 15.3
2010-02-09  23:00:00  11 00 40.4  -09 08 13  +000654.6 -000153.9  23 20 06.1  168.131 33.753  31.93  43313 15.3
2010-02-09  23:10:00  11 07 58.2  -09 33 52  +000658.6 -000153.9  23 22 50.0  169.003 33.424  33.48  43230 15.3
2010-02-09  23:20:00  11 15 18.7  -09 59 30  +000663.0 -000153.8  23 25 31.2  169.853 33.085  35.05  43135 15.3
2010-02-09  23:30:00  11 22 42.3  -10 25 08  +000667.9 -000153.7  23 28 09.2  170.680 32.737  36.68  43029 15.3
2010-02-09  23:40:00  11 30 09.4  -10 50 43  +000673.3 -000153.4  23 30 43.8  171.481 32.382  38.32  42912 15.3
2010-02-09  23:50:00  11 37 40.2  -11 16 15  +000679.2 -000153.0  23 33 14.6  172.257 32.020  40.00  42785 15.4
2010-02-10  00:00:00  11 45 15.0  -11 41 43  +000685.5 -000152.5  23 35 41.4  173.005 31.651  41.70  42647 15.4
2010-02-10  00:10:00  11 52 54.2  -12 07 05  +000692.4 -000151.9  23 38 03.8  173.723 31.277  43.45  42498 15.4
2010-02-10  00:20:00  12 00 38.2  -12 32 20  +000699.7 -000151.1  23 40 21.5  174.412 30.898  45.21  42338 15.4
2010-02-10  00:30:00  12 08 27.3  -12 57 27  +000707.7 -000150.2  23 42 34.0  175.069 30.516  47.01  42168 15.4
2010-02-10  00:40:00  12 16 21.9  -13 22 25  +000716.1 -000149.2  23 44 41.1  175.692 30.130  48.83  41988 15.4
2010-02-10  00:50:00  12 24 22.3  -13 47 11  +000725.1 -000148.0  23 46 42.4  176.282 29.742  50.69  41797 15.4
2010-02-10  01:00:00  12 32 28.9  -14 11 44  +000734.7 -000146.6  23 48 37.4  176.836 29.353  52.57  41595 15.5
2010-02-10  01:10:00  12 40 42.1  -14 36 02  +000744.9 -000145.0  23 50 25.9  177.354 28.964  54.48  41384 15.5
2010-02-10  01:20:00  12 49 02.2  -15 00 02  +000755.7 -000143.2  23 52 07.4  177.834 28.576  56.42  41162 15.5
2010-02-10  01:30:00  12 57 29.8  -15 23 44  +000767.1 -000141.1  23 53 41.4  178.275 28.191  58.40  40930 15.5
2010-02-10  01:40:00  13 06 05.2  -15 47 04  +000779.2 -000138.9  23 55 07.7  178.675 27.808  60.40  40689 15.6
2010-02-10  01:50:00  13 14 48.9  -16 10 01  +000791.9 -000136.3  23 56 25.6  179.034 27.431  62.44  40438 15.6
2010-02-10  02:00:00  13 23 41.2  -16 32 30  +000805.3 -000133.5  23 57 34.9  179.349 27.058  64.51  40177 15.6
2010-02-10  02:10:00  13 32 42.7  -16 54 30  +000819.4 -000130.4  23 58 35.0  179.621 26.693  66.62  39908 15.6
2010-02-10  02:20:00  13 41 53.9  -17 15 57  +000834.1 -000126.9  23 59 25.6  179.847 26.337  68.76  39629 15.7
2010-02-10  02:30:00  13 51 15.0  -17 36 47  +000849.6 -000123.1  00 00 06.1  180.027 25.990  70.94  39341 15.7
2010-02-10  02:40:00  14 00 46.8  -17 56 57  +000865.8 -000118.9  00 00 36.0  180.158 25.653  73.16  39045 15.7
2010-02-10  02:50:00  14 10 29.5  -18 16 23  +000882.7 -000114.2  00 00 54.8  180.240 25.329  75.42  38740 15.8
2010-02-10  03:00:00  14 20 23.8  -18 35 00  +000900.3 -000109.1  00 01 02.2  180.271 25.019  77.72  38428 15.8
2010-02-10  03:10:00  14 30 30.1  -18 52 44  +000918.7 -000103.5  00 00 57.5  180.250 24.723  80.07  38108 15.8
2010-02-10  03:20:00  14 40 48.9  -19 09 30  +000937.8 -000097.4  00 00 40.3  180.174 24.444  82.46  37782 15.9
2010-02-10  03:30:00  14 51 20.7  -19 25 11  +000957.7 -000090.8  00 00 10.2  180.044 24.183  84.90  37448 15.9
2010-02-10  03:40:00  15 02 05.9  -19 39 43  +000978.2 -000083.5  23 59 26.7  179.857 23.940  87.39  37109 16.0
2010-02-10  03:50:00  15 13 05.1  -19 52 60  +000999.4 -000075.6  23 58 29.1  179.611 23.718  89.93  36763 16.0
2010-02-10  04:00:00  15 24 18.6  -20 04 54  +001021.3 -000067.1  23 57 17.3  179.305 23.518  92.52  36413 16.1
2010-02-10  04:10:00  15 35 46.9  -20 15 19  +001043.8 -000057.8  23 55 50.6  178.938 23.341  95.17  36059 16.1

   Date        UTC        RA         DECL      RARate   DeclRate    HourAng      Az     Um    Phase  Range  Mag
2010-02-10  16:20:00  07 39 30.4  +02 00 20  +000726.4 -000110.7  20 04 07.1  112.167 22.372  31.44  42476 15.2
2010-02-10  16:30:00  07 47 31.8  +01 41 37  +000718.0 -000113.8  20 06 07.2  112.800 22.451  29.76  42695 15.2
2010-02-10  16:40:00  07 55 27.8  +01 22 25  +000710.1 -000116.7  20 08 12.9  113.457 22.536  28.16  42903 15.2
2010-02-10  16:50:00  08 03 18.8  +01 02 44  +000702.7 -000119.4  20 10 23.6  114.139 22.625  26.61  43099 15.2
2010-02-10  17:00:00  08 11 04.9  +00 42 36  +000695.8 -000122.0  20 12 39.1  114.843 22.718  25.15  43285 15.2
2010-02-10  17:10:00  08 18 46.7  +00 22 04  +000689.4 -000124.4  20 14 59.0  115.569 22.814  23.77  43458 15.2
2010-02-10  17:20:00  08 26 24.3  +00 01 08  +000683.4 -000126.7  20 17 23.0  116.315 22.913  22.50  43620 15.2
2010-02-10  17:30:00  08 33 58.0  -00 20 10  +000677.9 -000128.8  20 19 50.9  117.079 23.013  21.32  43771 15.2
2010-02-10  17:40:00  08 41 28.3  -00 41 48  +000672.9 -000130.8  20 22 22.3  117.861 23.114  20.28  43910 15.2
2010-02-10  17:50:00  08 48 55.3  -01 03 46  +000668.3 -000132.7  20 24 56.9  118.660 23.214  19.37  44037 15.2
2010-02-10  18:00:00  08 56 19.4  -01 26 02  +000664.1 -000134.5  20 27 34.4  119.473 23.314  18.61  44152 15.2
2010-02-10  18:10:00  09 03 40.9  -01 48 36  +000660.3 -000136.2  20 30 14.6  120.301 23.412  18.03  44256 15.2
2010-02-10  18:20:00  09 10 60.0  -02 11 27  +000657.0 -000137.8  20 32 57.2  121.141 23.507  17.63  44349 15.2
2010-02-10  18:30:00  09 18 17.0  -02 34 32  +000654.1 -000139.3  20 35 41.8  121.993 23.598  17.42  44429 15.2
2010-02-10  18:40:00  09 25 32.2  -02 57 52  +000651.6 -000140.7  20 38 28.2  122.854 23.686  17.40  44498 15.2
2010-02-10  18:50:00  09 32 45.8  -03 21 26  +000649.5 -000142.0  20 41 16.2  123.725 23.769  17.59  44556 15.3
2010-02-10  19:00:00  09 39 58.3  -03 45 12  +000647.8 -000143.2  20 44 05.4  124.604 23.846  17.96  44602 15.3
2010-02-10  19:10:00  09 47 09.7  -04 09 10  +000646.6 -000144.4  20 46 55.6  125.489 23.917  18.51  44636 15.3
2010-02-10  19:20:00  09 54 20.5  -04 33 20  +000645.7 -000145.5  20 49 46.5  126.380 23.981  19.22  44659 15.3
2010-02-10  19:30:00  10 01 30.8  -04 57 40  +000645.3 -000146.5  20 52 37.9  127.274 24.038  20.07  44671 15.3
2010-02-10  19:40:00  10 08 40.9  -05 22 09  +000645.2 -000147.4  20 55 29.4  128.171 24.086  21.04  44671 15.3
2010-02-10  19:50:00  10 15 51.1  -05 46 48  +000645.6 -000148.2  20 58 20.8  129.069 24.126  22.13  44660 15.3
2010-02-10  20:00:00  10 23 01.8  -06 11 33  +000646.4 -000149.0  21 01 11.8  129.967 24.156  23.31  44637 15.3
2010-02-10  20:10:00  10 30 13.0  -06 36 27  +000647.5 -000149.7  21 04 02.2  130.864 24.177  24.57  44604 15.3
2010-02-10  20:20:00  10 37 25.2  -07 01 27  +000649.2 -000150.3  21 06 51.6  131.758 24.187  25.90  44559 15.3
2010-02-10  20:30:00  10 44 38.7  -07 26 33  +000651.2 -000150.8  21 09 39.8  132.647 24.186  27.30  44503 15.3
2010-02-10  20:40:00  10 51 53.6  -07 51 44  +000653.6 -000151.3  21 12 26.6  133.531 24.175  28.74  44436 15.3
2010-02-10  20:50:00  10 59 10.3  -08 16 59  +000656.5 -000151.7  21 15 11.5  134.408 24.152  30.24  44358 15.3
2010-02-10  21:00:00  11 06 29.0  -08 42 17  +000659.9 -000151.9  21 17 54.4  135.275 24.117  31.77  44270 15.3
2010-02-10  21:10:00  11 13 50.1  -09 07 37  +000663.6 -000152.1  21 20 34.9  136.133 24.071  33.36  44170 15.4
2010-02-10  21:20:00  11 21 13.9  -09 32 59  +000667.8 -000152.2  21 23 12.8  136.979 24.012  34.97  44060 15.4
2010-02-10  21:30:00  11 28 40.7  -09 58 21  +000672.5 -000152.2  21 25 47.7  137.811 23.941  36.62  43939 15.4
2010-02-10  21:40:00  11 36 10.7  -10 23 43  +000677.7 -000152.1  21 28 19.3  138.628 23.857  38.29  43808 15.4
2010-02-10  21:50:00  11 43 44.4  -10 49 03  +000683.3 -000151.9  21 30 47.3  139.429 23.761  40.01  43666 15.4
2010-02-10  22:00:00  11 51 21.9  -11 14 20  +000689.5 -000151.5  21 33 11.4  140.211 23.652  41.74  43514 15.4
2010-02-10  22:10:00  11 59 03.7  -11 39 33  +000696.1 -000151.1  21 35 31.2  140.973 23.531  43.51  43351 15.4
2010-02-10  22:20:00  12 06 50.1  -12 04 40  +000703.2 -000150.4  21 37 46.5  141.714 23.398  45.29  43179 15.4
2010-02-10  22:30:00  12 14 41.4  -12 29 41  +000710.9 -000149.7  21 39 56.7  142.432 23.253  47.12  42996 15.5
2010-02-10  22:40:00  12 22 38.1  -12 54 34  +000719.1 -000148.8  21 42 01.7  143.124 23.095  48.96  42804 15.5
2010-02-10  22:50:00  12 30 40.4  -13 19 16  +000727.9 -000147.7  21 44 01.1  143.790 22.926  50.84  42602 15.5
2010-02-10  23:00:00  12 38 48.8  -13 43 46  +000737.3 -000146.4  21 45 54.4  144.427 22.746  52.74  42390 15.5
2010-02-10  23:10:00  12 47 03.5  -14 08 03  +000747.2 -000144.9  21 47 41.2  145.034 22.554  54.68  42169 15.5
2010-02-10  23:20:00  12 55 25.1  -14 32 04  +000757.7 -000143.2  21 49 21.3  145.609 22.351  56.64  41939 15.6
2010-02-10  23:30:00  13 03 53.9  -14 55 47  +000768.8 -000141.3  21 50 54.1  146.150 22.139  58.63  41699 15.6
2010-02-10  23:40:00  13 12 30.4  -15 19 09  +000780.6 -000139.1  21 52 19.3  146.656 21.917  60.65  41451 15.6
2010-02-10  23:50:00  13 21 14.9  -15 42 09  +000793.0 -000136.7  21 53 36.5  147.124 21.685  62.71  41194 15.6
2010-02-11  00:00:00  13 30 07.9  -16 04 42  +000806.1 -000134.0  21 54 45.1  147.553 21.445  64.79  40929 15.6
2010-02-11  00:10:00  13 39 09.8  -16 26 47  +000819.8 -000130.9  21 55 44.8  147.942 21.197  66.92  40656 15.7
2010-02-11  00:20:00  13 48 21.1  -16 48 19  +000834.3 -000127.5  21 56 35.1  148.287 20.941  69.07  40374 15.7
2010-02-11  00:30:00  13 57 42.3  -17 09 16  +000849.4 -000123.8  21 57 15.6  148.588 20.678  71.27  40085 15.7
2010-02-11  00:40:00  14 07 13.7  -17 29 33  +000865.1 -000119.6  21 57 45.9  148.842 20.410  73.49  39789 15.8
2010-02-11  00:50:00  14 16 55.9  -17 49 06  +000881.6 -000115.0  21 58 05.3  149.048 20.137  75.77  39486 15.8
2010-02-11  01:00:00  14 26 49.3  -18 07 52  +000898.8 -000110.0  21 58 13.5  149.204 19.859  78.08  39176 15.8
2010-02-11  01:10:00  14 36 54.5  -18 25 44  +000916.7 -000104.5  21 58 10.0  149.308 19.577  80.44  38860 15.9
2010-02-11  01:20:00  14 47 11.8  -18 42 39  +000935.3 -000098.4  21 57 54.3  149.358 19.292  82.83  38539 15.9
2010-02-11  01:30:00  14 57 41.8  -18 58 31  +000954.6 -000091.8  21 57 26.0  149.352 19.005  85.28  38212 16.0
2010-02-11  01:40:00  15 08 24.8  -19 13 14  +000974.6 -000084.6  21 56 44.6  149.289 18.717  87.77  37881 16.0
2010-02-11  01:50:00  15 19 21.3  -19 26 41  +000995.2 -000076.8  21 55 49.8  149.166 18.428  90.32  37546 16.1
2010-02-11  02:00:00  15 30 31.8  -19 38 47  +001016.4 -000068.3  21 54 40.9  148.983 18.140  92.90  37207 16.1
2010-02-11  02:10:00  15 41 56.6  -19 49 25  +001038.2 -000059.1  21 53 17.7  148.736 17.852  95.55  36865 16.2
2010-02-11  02:20:00  15 53 36.1  -19 58 28  +001060.5 -000049.2  21 51 39.8  148.424 17.566  98.25  36521 16.3
2010-02-11  02:30:00  16 05 30.7  -20 05 47  +001083.3 -000038.6  21 49 46.9  148.046 17.283 101.01  36176 16.4
2010-02-11  02:40:00  16 17 40.6  -20 11 17  +001106.5 -000027.1  21 47 38.6  147.600 17.002 103.82  35831 16.4
2010-02-11  02:50:00  16 30 06.1  -20 14 48  +001130.1 -000014.9  21 45 14.8  147.085 16.725 106.71  35486 16.5
2010-02-11  03:00:00  16 42 47.4  -20 16 12  +001153.8 -000001.9  21 42 35.2  146.499 16.453 109.64  35142 16.6
2010-02-11  03:10:00  16 55 44.5  -20 15 23  +001177.7 +000012.0  21 39 39.7  145.841 16.184 112.64  34801 16.7
2010-02-11  03:20:00  17 08 57.6  -20 12 11  +001201.6 +000026.6  21 36 28.2  145.110 15.921 115.70  34463 16.8
2010-02-11  03:30:00  17 22 26.6  -20 06 29  +001225.4 +000042.0  21 33 00.9  144.305 15.663 118.84  34130 17.0
2010-02-11  03:40:00  17 36 11.4  -19 58 10  +001249.0 +000058.1  21 29 17.7  143.425 15.410 122.03  33803 17.1
2010-02-11  03:50:00  17 50 11.8  -19 47 06  +001272.1 +000074.9  21 25 19.0  142.471 15.162 125.30  33483 17.3
2010-02-11  04:00:00  18 04 27.4  -19 33 11  +001294.8 +000092.3  21 21 05.0  141.442 14.919 128.63  33171 17.4
2010-02-11  04:10:00  18 18 57.9  -19 16 19  +001316.7 +000110.2  21 16 36.1  140.338 14.681 132.04  32869 17.6
