ЭФЕМЕРИДЫ ПО ОБЪЕКТУ:  90023
Для пункта:  10016 Маяки   46 23'50.68"   30 16'17.74"    14m
C   2010-02-01 12:00
по  2010-02-16 12:00
Шаг  0:10:00
Мин.угол места:          10 град
Макс.угол места Солнца: -10 град
Стандартный блеск :      9.0 (зв.вел.)

ОБОЗНАЧЕНИЯ
RA        прямое восхождение, тек.эпоха
DECL      склонение, тек.эпоха
RARate    скорость по пр.восх., арксек/мин
DeclRate  скорость по склонению, арксек/мин
HourAng   часовой угол
Az        азимут
Um        угол места
Phase     фазовый угол
Range     дальность
Mag       зв.величина (оценка)

   Date        UTC        RA         DECL      RARate   DeclRate    HourAng      Az     Um    Phase  Range  Mag
2010-02-04  22:50:00  04 25 34.2  +05 37 01  +001028.9 +000014.8  05 25 28.0  267.632 10.015  71.26  37896 16.4
2010-02-04  23:00:00  04 36 59.9  +05 38 35  +001028.1 +000004.0  05 24 03.9  267.395 10.275  68.52  37894 16.4
2010-02-04  23:10:00  04 48 24.9  +05 38 21  +001027.0 -000006.8  05 22 40.5  267.139 10.512  65.78  37895 16.3
2010-02-04  23:20:00  04 59 49.2  +05 36 19  +001025.7 -000017.5  05 21 17.9  266.863 10.724  63.06  37901 16.2
2010-02-04  23:30:00  05 11 12.4  +05 32 31  +001024.0 -000028.2  05 19 56.3  266.570 10.913  60.34  37910 16.2
2010-02-04  23:40:00  05 22 34.5  +05 26 56  +001022.0 -000038.7  05 18 35.9  266.259 11.076  57.65  37923 16.1
2010-02-04  23:50:00  05 33 55.1  +05 19 37  +001019.8 -000049.1  05 17 16.9  265.932 11.214  54.97  37940 16.1
2010-02-05  00:00:00  05 45 14.2  +05 10 35  +001017.3 -000059.3  05 15 59.5  265.589 11.327  52.32  37961 16.1
2010-02-05  00:10:00  05 56 31.5  +04 59 51  +001014.6 -000069.3  05 14 43.8  265.231 11.415  49.67  37985 16.0
2010-02-05  00:20:00  06 07 46.9  +04 47 29  +001011.6 -000079.1  05 13 30.0  264.860 11.477  47.07  38012 16.0
2010-02-05  00:30:00  06 19 00.3  +04 33 30  +001008.4 -000088.7  05 12 18.3  264.476 11.513  44.48  38044 16.0
2010-02-05  00:40:00  06 30 11.4  +04 17 57  +001005.1 -000097.9  05 11 08.8  264.080 11.524  41.93  38078 15.9
2010-02-05  00:50:00  06 41 20.3  +04 00 53  +001001.5 -000106.8  05 10 01.6  263.673 11.509  39.41  38116 15.9
2010-02-05  01:00:00  06 52 26.8  +03 42 21  +000997.8 -000115.4  05 08 56.7  263.257 11.470  36.95  38157 15.9
2010-02-05  01:10:00  07 03 30.8  +03 22 25  +000994.1 -000123.7  05 07 54.4  262.832 11.406  34.54  38201 15.8
2010-02-05  01:20:00  07 14 32.2  +03 01 08  +000990.2 -000131.6  05 06 54.6  262.399 11.318  32.20  38248 15.8
2010-02-05  01:30:00  07 25 31.0  +02 38 34  +000986.2 -000139.1  05 05 57.5  261.960 11.206  29.92  38297 15.8
2010-02-05  01:40:00  07 36 27.1  +02 14 47  +000982.2 -000146.2  05 05 03.0  261.515 11.072  27.76  38350 15.8
2010-02-05  01:50:00  07 47 20.6  +01 49 51  +000978.2 -000153.0  05 04 11.2  261.066 10.915  25.70  38404 15.8
2010-02-05  02:00:00  07 58 11.3  +01 23 49  +000974.2 -000159.3  05 03 22.0  260.612 10.737  23.79  38461 15.8
2010-02-05  02:10:00  08 08 59.4  +00 56 47  +000970.2 -000165.2  05 02 35.6  260.156 10.538  22.06  38521 15.8
2010-02-05  02:20:00  08 19 44.9  +00 28 47  +000966.2 -000170.6  05 01 51.7  259.698 10.319  20.57  38582 15.8
2010-02-05  02:30:00  08 30 27.8  -00 00 05  +000962.4 -000175.7  05 01 10.5  259.238 10.082  19.33  38645 15.8

   Date        UTC        RA         DECL      RARate   DeclRate    HourAng      Az     Um    Phase  Range  Mag
2010-02-05  16:10:00  22 59 55.4  -05 57 10  +000982.7 +000217.2  04 13 57.6  246.176 13.360 152.87  37538 20.5
2010-02-05  16:20:00  23 10 51.1  -05 20 60  +000984.4 +000216.9  04 13 03.5  246.391 13.968 150.15  37450 20.2
2010-02-05  16:30:00  23 21 47.9  -04 44 54  +000986.2 +000216.1  04 12 08.4  246.602 14.578 147.40  37363 19.9
2010-02-05  16:40:00  23 32 46.0  -04 08 60  +000988.2 +000214.8  04 11 11.9  246.808 15.190 144.65  37278 19.7
2010-02-05  16:50:00  23 43 45.5  -03 33 21  +000990.3 +000212.9  04 10 14.1  247.008 15.801 141.88  37194 19.4
2010-02-05  17:00:00  23 54 46.4  -02 58 03  +000992.5 +000210.6  04 09 14.8  247.200 16.412 139.12  37113 19.2
2010-02-05  17:10:00  00 05 48.9  -02 23 11  +000994.9 +000207.7  04 08 14.0  247.382 17.021 136.34  37034 19.0
2010-02-05  17:20:00  00 16 53.0  -01 48 52  +000997.4 +000204.2  04 07 11.5  247.554 17.627 133.56  36957 18.8
2010-02-05  17:30:00  00 27 58.8  -01 15 08  +000999.9 +000200.3  04 06 07.4  247.715 18.231 130.76  36882 18.6
2010-02-05  17:40:00  00 39 06.2  -00 42 07  +001002.5 +000195.8  04 05 01.5  247.863 18.829 127.97  36811 18.4
2010-02-05  17:50:00  00 50 15.5  -00 09 54  +001005.2 +000190.8  04 03 53.9  247.997 19.422 125.16  36741 18.3
2010-02-05  18:00:00  01 01 26.5  +00 21 28  +001007.9 +000185.3  04 02 44.5  248.116 20.009 122.37  36675 18.1
2010-02-05  18:10:00  01 12 39.4  +00 51 51  +001010.7 +000179.3  04 01 33.3  248.219 20.588 119.55  36611 18.0
2010-02-05  18:20:00  01 23 54.1  +01 21 13  +001013.4 +000172.9  04 00 20.3  248.304 21.159 116.74  36551 17.8
2010-02-05  18:30:00  01 35 10.5  +01 49 27  +001016.1 +000165.9  03 59 05.5  248.372 21.720 113.92  36493 17.7
2010-02-05  18:40:00  01 46 28.8  +02 16 29  +001018.7 +000158.5  03 57 48.8  248.419 22.270 111.11  36439 17.6
2010-02-05  18:50:00  01 57 48.8  +02 42 14  +001021.3 +000150.6  03 56 30.5  248.447 22.809 108.28  36388 17.4
2010-02-05  19:00:00  02 09 10.5  +03 06 39  +001023.7 +000142.3  03 55 10.5  248.454 23.334 105.47  36341 17.3
2010-02-05  19:10:00  02 20 33.7  +03 29 38  +001026.0 +000133.5  03 53 48.9  248.438 23.846 102.64  36297 17.2
2010-02-05  19:20:00  02 31 58.4  +03 51 08  +001028.2 +000124.4  03 52 25.8  248.401 24.343  99.83  36257 17.1
2010-02-05  19:30:00  02 43 24.5  +04 11 06  +001030.1 +000115.0  03 51 01.3  248.340 24.823  97.00  36220 17.0
2010-02-05  19:40:00  02 54 51.9  +04 29 27  +001031.9 +000105.2  03 49 35.6  248.256 25.286  94.19  36187 16.9
2010-02-05  19:50:00  03 06 20.4  +04 46 08  +001033.5 +000095.1  03 48 08.7  248.148 25.731  91.36  36158 16.8
2010-02-05  20:00:00  03 17 49.8  +05 01 07  +001034.8 +000084.7  03 46 41.0  248.015 26.157  88.55  36132 16.7
2010-02-05  20:10:00  03 29 20.0  +05 14 21  +001035.8 +000074.1  03 45 12.4  247.859 26.562  85.73  36110 16.7
2010-02-05  20:20:00  03 40 50.8  +05 25 48  +001036.6 +000063.2  03 43 43.2  247.678 26.945  82.93  36093 16.6
2010-02-05  20:30:00  03 52 22.0  +05 35 25  +001037.0 +000052.2  03 42 13.7  247.472 27.306  80.13  36079 16.5
2010-02-05  20:40:00  04 03 53.5  +05 43 11  +001037.2 +000041.0  03 40 43.9  247.243 27.644  77.34  36069 16.4
2010-02-05  20:50:00  04 15 24.9  +05 49 06  +001037.0 +000029.8  03 39 14.1  246.991 27.957  74.54  36062 16.4
2010-02-05  21:00:00  04 26 56.1  +05 53 07  +001036.5 +000018.5  03 37 44.6  246.715 28.245  71.77  36060 16.3
2010-02-05  21:10:00  04 38 26.9  +05 55 15  +001035.7 +000007.1  03 36 15.4  246.417 28.508  68.99  36062 16.3
2010-02-05  21:20:00  04 49 57.0  +05 55 29  +001034.6 -000004.2  03 34 47.0  246.097 28.744  66.23  36067 16.2
2010-02-05  21:30:00  05 01 26.2  +05 53 50  +001033.1 -000015.5  03 33 19.4  245.756 28.952  63.48  36077 16.1
2010-02-05  21:40:00  05 12 54.4  +05 50 19  +001031.3 -000026.8  03 31 52.8  245.395 29.133  60.74  36090 16.1
2010-02-05  21:50:00  05 24 21.2  +05 44 55  +001029.2 -000037.9  03 30 27.6  245.016 29.285  58.02  36107 16.0
2010-02-05  22:00:00  05 35 46.6  +05 37 41  +001026.8 -000048.9  03 29 03.9  244.619 29.409  55.32  36127 16.0
2010-02-05  22:10:00  05 47 10.3  +05 28 39  +001024.2 -000059.6  03 27 41.8  244.206 29.504  52.62  36152 16.0
2010-02-05  22:20:00  05 58 32.2  +05 17 49  +001021.3 -000070.2  03 26 21.6  243.777 29.570  49.97  36179 15.9
2010-02-05  22:30:00  06 09 52.0  +05 05 15  +001018.1 -000080.5  03 25 03.5  243.335 29.607  47.32  36211 15.9
2010-02-05  22:40:00  06 21 09.6  +04 50 59  +001014.7 -000090.6  03 23 47.5  242.881 29.615  44.71  36245 15.9
2010-02-05  22:50:00  06 32 24.8  +04 35 04  +001011.1 -000100.4  03 22 33.9  242.416 29.593  42.13  36283 15.8
2010-02-05  23:00:00  06 43 37.6  +04 17 33  +001007.3 -000109.8  03 21 22.7  241.942 29.543  39.59  36325 15.8
2010-02-05  23:10:00  06 54 47.9  +03 58 29  +001003.4 -000118.9  03 20 14.1  241.460 29.465  37.09  36369 15.8
2010-02-05  23:20:00  07 05 55.4  +03 37 57  +000999.3 -000127.6  03 19 08.2  240.972 29.358  34.65  36416 15.7
2010-02-05  23:30:00  07 17 00.3  +03 15 58  +000995.2 -000136.0  03 18 05.0  240.478 29.225  32.27  36466 15.7
2010-02-05  23:40:00  07 28 02.3  +02 52 39  +000990.9 -000143.9  03 17 04.6  239.981 29.064  29.97  36519 15.7
2010-02-05  23:50:00  07 39 01.5  +02 28 02  +000986.7 -000151.4  03 16 07.0  239.481 28.878  27.76  36575 15.7
2010-02-06  00:00:00  07 49 57.9  +02 02 11  +000982.4 -000158.5  03 15 12.3  238.981 28.666  25.67  36633 15.7
2010-02-06  00:10:00  08 00 51.4  +01 35 12  +000978.1 -000165.2  03 14 20.5  238.480 28.430  23.71  36693 15.7
2010-02-06  00:20:00  08 11 42.0  +01 07 09  +000973.9 -000171.5  03 13 31.4  237.981 28.171  21.95  36755 15.7
2010-02-06  00:30:00  08 22 29.9  +00 38 05  +000969.7 -000177.2  03 12 45.2  237.484 27.890  20.40  36819 15.7
2010-02-06  00:40:00  08 33 15.0  +00 08 05  +000965.5 -000182.6  03 12 01.8  236.990 27.587  19.13  36885 15.6
2010-02-06  00:50:00  08 43 57.3  -00 22 45  +000961.5 -000187.4  03 11 21.1  236.500 27.265  18.18  36953 15.6
2010-02-06  01:00:00  08 54 37.0  -00 54 22  +000957.6 -000191.9  03 10 43.0  236.014 26.925  17.61  37022 15.6
2010-02-06  01:10:00  09 05 14.2  -01 26 41  +000953.9 -000195.8  03 10 07.5  235.534 26.567  17.45  37093 15.7
2010-02-06  01:20:00  09 15 48.9  -01 59 37  +000950.3 -000199.3  03 09 34.4  235.060 26.193  17.70  37164 15.7
2010-02-06  01:30:00  09 26 21.3  -02 33 05  +000946.9 -000202.4  03 09 03.7  234.592 25.804  18.35  37236 15.7
2010-02-06  01:40:00  09 36 51.4  -03 07 02  +000943.6 -000204.9  03 08 35.2  234.131 25.403  19.35  37309 15.7
2010-02-06  01:50:00  09 47 19.5  -03 41 23  +000940.6 -000207.1  03 08 08.8  233.677 24.989  20.66  37383 15.7
2010-02-06  02:00:00  09 57 45.6  -04 16 03  +000937.8 -000208.8  03 07 44.3  233.231 24.565  22.20  37457 15.7
2010-02-06  02:10:00  10 08 09.9  -04 50 57  +000935.2 -000210.1  03 07 21.7  232.792 24.132  23.94  37531 15.7
2010-02-06  02:20:00  10 18 32.5  -05 26 02  +000932.8 -000210.9  03 07 00.7  232.361 23.692  25.82  37605 15.7
2010-02-06  02:30:00  10 28 53.7  -06 01 14  +000930.7 -000211.3  03 06 41.2  231.937 23.245  27.83  37678 15.8
2010-02-06  02:40:00  10 39 13.5  -06 36 27  +000928.8 -000211.3  03 06 23.0  231.521 22.794  29.92  37752 15.8
2010-02-06  02:50:00  10 49 32.1  -07 11 38  +000927.1 -000210.8  03 06 06.1  231.113 22.339  32.10  37824 15.8
2010-02-06  03:00:00  10 59 49.7  -07 46 42  +000925.7 -000210.0  03 05 50.1  230.712 21.883  34.32  37896 15.8
2010-02-06  03:10:00  11 10 06.4  -08 21 36  +000924.6 -000208.7  03 05 35.0  230.319 21.426  36.60  37966 15.9
2010-02-06  03:20:00  11 20 22.5  -08 56 16  +000923.7 -000207.1  03 05 20.6  229.934 20.970  38.90  38036 15.9
2010-02-06  03:30:00  11 30 38.0  -09 30 37  +000923.0 -000205.1  03 05 06.7  229.556 20.516  41.24  38104 15.9
2010-02-06  03:40:00  11 40 53.2  -10 04 37  +000922.6 -000202.7  03 04 53.2  229.185 20.065  43.60  38170 16.0
2010-02-06  03:50:00  11 51 08.2  -10 38 10  +000922.4 -000199.9  03 04 39.8  228.821 19.620  45.98  38235 16.0
2010-02-06  04:00:00  12 01 23.1  -11 11 14  +000922.5 -000196.8  03 04 26.5  228.463 19.180  48.37  38297 16.0
2010-02-06  04:10:00  12 11 38.2  -11 43 45  +000922.8 -000193.3  03 04 13.1  228.113 18.748  50.78  38358 16.1
2010-02-06  04:20:00  12 21 53.6  -12 15 39  +000923.3 -000189.5  03 03 59.4  227.769 18.324  53.19  38416 16.1

   Date        UTC        RA         DECL      RARate   DeclRate    HourAng      Az     Um    Phase  Range  Mag
2010-02-06  16:10:00  01 06 40.5  +00 12 33  +001013.6 +000194.8  02 11 09.0  221.772 35.621 122.10  35243 18.0
2010-02-06  16:20:00  01 17 57.2  +00 44 31  +001016.5 +000188.6  02 09 54.0  221.731 36.238 119.27  35185 17.9
2010-02-06  16:30:00  01 29 15.8  +01 15 24  +001019.3 +000182.0  02 08 37.0  221.671 36.842 116.42  35131 17.7
2010-02-06  16:40:00  01 40 36.3  +01 45 08  +001022.1 +000174.8  02 07 18.1  221.589 37.433 113.59  35080 17.6
2010-02-06  16:50:00  01 51 58.7  +02 13 38  +001024.9 +000167.1  02 05 57.4  221.486 38.010 110.73  35032 17.5
2010-02-06  17:00:00  02 03 22.9  +02 40 49  +001027.6 +000159.0  02 04 34.9  221.361 38.569 107.89  34989 17.3
2010-02-06  17:10:00  02 14 48.8  +03 06 37  +001030.1 +000150.4  02 03 10.6  221.211 39.112 105.04  34949 17.2
2010-02-06  17:20:00  02 26 16.3  +03 30 56  +001032.5 +000141.4  02 01 44.8  221.038 39.635 102.20  34912 17.1
2010-02-06  17:30:00  02 37 45.3  +03 53 43  +001034.7 +000131.9  02 00 17.3  220.840 40.138  99.34  34880 17.0
2010-02-06  17:40:00  02 49 15.8  +04 14 53  +001036.7 +000122.1  01 58 48.5  220.616 40.620  96.50  34851 16.9
2010-02-06  17:50:00  03 00 47.6  +04 34 24  +001038.5 +000112.0  01 57 18.4  220.367 41.078  93.65  34827 16.8
2010-02-06  18:00:00  03 12 20.5  +04 52 11  +001040.1 +000101.5  01 55 47.1  220.092 41.513  90.82  34806 16.7
2010-02-06  18:10:00  03 23 54.3  +05 08 12  +001041.4 +000090.7  01 54 15.0  219.792 41.922  87.97  34789 16.6
2010-02-06  18:20:00  03 35 28.9  +05 22 24  +001042.4 +000079.6  01 52 42.0  219.466 42.305  85.14  34776 16.6
2010-02-06  18:30:00  03 47 04.1  +05 34 44  +001043.1 +000068.4  01 51 08.5  219.116 42.660  82.30  34767 16.5
2010-02-06  18:40:00  03 58 39.6  +05 45 11  +001043.5 +000056.9  01 49 34.6  218.742 42.986  79.48  34763 16.4
2010-02-06  18:50:00  04 10 15.3  +05 53 43  +001043.5 +000045.3  01 48 00.5  218.344 43.283  76.66  34762 16.3
2010-02-06  19:00:00  04 21 50.9  +06 00 18  +001043.3 +000033.6  01 46 26.6  217.924 43.549  73.85  34765 16.3
2010-02-06  19:10:00  04 33 26.3  +06 04 55  +001042.7 +000021.9  01 44 52.8  217.483 43.783  71.04  34772 16.2
2010-02-06  19:20:00  04 45 01.1  +06 07 35  +001041.7 +000010.1  01 43 19.7  217.023 43.985  68.25  34782 16.2
2010-02-06  19:30:00  04 56 35.2  +06 08 17  +001040.4 -000001.7  01 41 47.2  216.545 44.155  65.46  34797 16.1
2010-02-06  19:40:00  05 08 08.2  +06 07 01  +001038.8 -000013.5  01 40 15.8  216.051 44.291  62.70  34815 16.1
2010-02-06  19:50:00  05 19 40.1  +06 03 48  +001036.8 -000025.1  01 38 45.6  215.542 44.394  59.94  34838 16.0
2010-02-06  20:00:00  05 31 10.6  +05 58 39  +001034.5 -000036.7  01 37 16.8  215.022 44.463  57.20  34863 16.0
2010-02-06  20:10:00  05 42 39.4  +05 51 35  +001031.9 -000048.1  01 35 49.6  214.492 44.497  54.47  34893 15.9
2010-02-06  20:20:00  05 54 06.4  +05 42 38  +001029.0 -000059.3  01 34 24.2  213.953 44.498  51.77  34925 15.9
2010-02-06  20:30:00  06 05 31.4  +05 31 51  +001025.9 -000070.2  01 33 00.9  213.409 44.465  49.08  34962 15.8
2010-02-06  20:40:00  06 16 54.2  +05 19 15  +001022.4 -000080.9  01 31 39.7  212.862 44.398  46.43  35001 15.8
2010-02-06  20:50:00  06 28 14.6  +05 04 53  +001018.8 -000091.4  01 30 20.9  212.313 44.298  43.79  35044 15.8
2010-02-06  21:00:00  06 39 32.5  +04 48 48  +001015.0 -000101.5  01 29 04.7  211.764 44.165  41.20  35090 15.7
2010-02-06  21:10:00  06 50 47.8  +04 31 04  +001010.9 -000111.3  01 27 51.0  211.219 44.000  38.64  35139 15.7
2010-02-06  21:20:00  07 02 00.4  +04 11 44  +001006.8 -000120.7  01 26 40.1  210.677 43.804  36.13  35191 15.7
2010-02-06  21:30:00  07 13 10.2  +03 50 52  +001002.5 -000129.7  01 25 31.9  210.142 43.577  33.67  35245 15.7
2010-02-06  21:40:00  07 24 17.0  +03 28 31  +000998.1 -000138.4  01 24 26.7  209.615 43.320  31.28  35302 15.6
2010-02-06  21:50:00  07 35 20.9  +03 04 45  +000993.6 -000146.6  01 23 24.5  209.097 43.035  28.96  35362 15.6
2010-02-06  22:00:00  07 46 21.8  +02 39 40  +000989.1 -000154.4  01 22 25.2  208.589 42.723  26.75  35424 15.6
2010-02-06  22:10:00  07 57 19.7  +02 13 18  +000984.6 -000161.8  01 21 28.9  208.093 42.385  24.66  35488 15.6
2010-02-06  22:20:00  08 08 14.7  +01 45 45  +000980.1 -000168.7  01 20 35.7  207.610 42.022  22.72  35555 15.6
2010-02-06  22:30:00  08 19 06.6  +01 17 05  +000975.7 -000175.2  01 19 45.4  207.140 41.635  20.97  35623 15.6
2010-02-06  22:40:00  08 29 55.6  +00 47 22  +000971.3 -000181.2  01 18 58.1  206.684 41.226  19.46  35693 15.6
2010-02-06  22:50:00  08 40 41.6  +00 16 42  +000967.0 -000186.7  01 18 13.6  206.242 40.797  18.25  35765 15.6
2010-02-06  23:00:00  08 51 24.9  -00 14 51  +000962.8 -000191.8  01 17 32.0  205.815 40.348  17.39  35838 15.6
2010-02-06  23:10:00  09 02 05.4  -00 47 12  +000958.7 -000196.4  01 16 53.2  205.403 39.881  16.93  35912 15.6
2010-02-06  23:20:00  09 12 43.2  -01 20 17  +000954.8 -000200.5  01 16 17.0  205.005 39.399  16.91  35987 15.6
2010-02-06  23:30:00  09 23 18.5  -01 54 01  +000951.1 -000204.2  01 15 43.3  204.623 38.901  17.32  36064 15.6
2010-02-06  23:40:00  09 33 51.4  -02 28 20  +000947.6 -000207.4  01 15 12.1  204.254 38.390  18.12  36141 15.6
2010-02-06  23:50:00  09 44 22.0  -03 03 07  +000944.2 -000210.1  01 14 43.1  203.899 37.868  19.27  36219 15.6
2010-02-07  00:00:00  09 54 50.4  -03 38 20  +000941.1 -000212.4  01 14 16.4  203.558 37.335  20.69  36297 15.6
2010-02-07  00:10:00  10 05 16.8  -04 13 53  +000938.2 -000214.2  01 13 51.6  203.231 36.793  22.35  36375 15.6
2010-02-07  00:20:00  10 15 41.3  -04 49 42  +000935.5 -000215.5  01 13 28.7  202.915 36.245  24.18  36454 15.7
2010-02-07  00:30:00  10 26 04.2  -05 25 42  +000933.0 -000216.4  01 13 07.5  202.612 35.690  26.15  36532 15.7
2010-02-07  00:40:00  10 36 25.4  -06 01 50  +000930.9 -000216.9  01 12 47.9  202.320 35.131  28.22  36610 15.7
2010-02-07  00:50:00  10 46 45.4  -06 37 59  +000928.9 -000217.0  01 12 29.6  202.039 34.569  30.39  36688 15.7
2010-02-07  01:00:00  10 57 04.0  -07 14 07  +000927.2 -000216.6  01 12 12.6  201.767 34.006  32.60  36764 15.7
2010-02-07  01:10:00  11 07 21.7  -07 50 09  +000925.8 -000215.8  01 11 56.6  201.505 33.442  34.88  36841 15.8
2010-02-07  01:20:00  11 17 38.5  -08 26 01  +000924.6 -000214.6  01 11 41.4  201.252 32.880  37.18  36916 15.8
2010-02-07  01:30:00  11 27 54.6  -09 01 39  +000923.7 -000212.9  01 11 26.9  201.006 32.320  39.53  36989 15.8
2010-02-07  01:40:00  11 38 10.2  -09 36 59  +000923.1 -000210.9  01 11 13.0  200.767 31.764  41.89  37062 15.9
2010-02-07  01:50:00  11 48 25.4  -10 11 57  +000922.7 -000208.5  01 10 59.4  200.535 31.214  44.29  37133 15.9
2010-02-07  02:00:00  11 58 40.5  -10 46 28  +000922.5 -000205.7  01 10 46.0  200.309 30.669  46.68  37202 15.9
2010-02-07  02:10:00  12 08 55.5  -11 20 30  +000922.6 -000202.6  01 10 32.6  200.088 30.132  49.10  37269 16.0
2010-02-07  02:20:00  12 19 10.7  -11 53 58  +000922.9 -000199.0  01 10 19.1  199.871 29.604  51.52  37335 16.0
2010-02-07  02:30:00  12 29 26.1  -12 26 50  +000923.5 -000195.2  01 10 05.3  199.659 29.086  53.96  37398 16.1
2010-02-07  02:40:00  12 39 42.0  -12 59 01  +000924.2 -000190.9  01 09 51.0  199.450 28.578  56.40  37459 16.1
2010-02-07  02:50:00  12 49 58.5  -13 30 27  +000925.2 -000186.3  01 09 36.2  199.244 28.083  58.85  37517 16.1
2010-02-07  03:00:00  13 00 15.7  -14 01 06  +000926.4 -000181.4  01 09 20.7  199.040 27.601  61.29  37572 16.2
2010-02-07  03:10:00  13 10 33.7  -14 30 55  +000927.7 -000176.2  01 09 04.3  198.838 27.133  63.75  37625 16.2
2010-02-07  03:20:00  13 20 52.6  -14 59 49  +000929.2 -000170.6  01 08 47.0  198.638 26.680  66.20  37675 16.3
2010-02-07  03:30:00  13 31 12.7  -15 27 46  +000930.9 -000164.7  01 08 28.6  198.440 26.243  68.66  37722 16.3
2010-02-07  03:40:00  13 41 33.9  -15 54 43  +000932.7 -000158.6  01 08 09.0  198.242 25.823  71.11  37766 16.4
2010-02-07  03:50:00  13 51 56.4  -16 20 37  +000934.7 -000152.1  01 07 48.2  198.045 25.421  73.58  37806 16.5
2010-02-07  04:00:00  14 02 20.2  -16 45 25  +000936.7 -000145.4  01 07 26.0  197.848 25.037  76.04  37843 16.5
2010-02-07  04:10:00  14 12 45.4  -17 09 03  +000938.9 -000138.3  01 07 02.5  197.652 24.674  78.51  37877 16.6

   Date        UTC        RA         DECL      RARate   DeclRate    HourAng      Az     Um    Phase  Range  Mag
2010-02-07  16:10:00  03 21 41.5  +04 51 11  +001043.6 +000105.5  00 00 04.6  180.029 48.456  89.48  34300 16.7
2010-02-07  16:20:00  03 33 17.7  +05 07 51  +001044.8 +000094.5  23 58 30.1  179.434 48.732  86.63  34295 16.6
2010-02-07  16:30:00  03 44 54.5  +05 22 40  +001045.7 +000083.3  23 56 54.8  178.830 48.975  83.77  34294 16.5
2010-02-07  16:40:00  03 56 31.9  +05 35 36  +001046.3 +000071.9  23 55 19.1  178.218 49.183  80.93  34298 16.4
2010-02-07  16:50:00  04 08 09.5  +05 46 37  +001046.5 +000060.2  23 53 43.2  177.601 49.357  78.09  34305 16.4
2010-02-07  17:00:00  04 19 47.2  +05 55 41  +001046.4 +000048.5  23 52 07.1  176.982 49.495  75.26  34317 16.3
2010-02-07  17:10:00  04 31 24.7  +06 02 46  +001046.0 +000036.6  23 50 31.3  176.363 49.597  72.43  34332 16.2
2010-02-07  17:20:00  04 43 01.8  +06 07 53  +001045.2 +000024.7  23 48 55.8  175.747 49.663  69.62  34351 16.2
2010-02-07  17:30:00  04 54 38.2  +06 10 60  +001044.1 +000012.7  23 47 21.0  175.136 49.693  66.81  34375 16.1
2010-02-07  17:40:00  05 06 13.8  +06 12 07  +001042.6 +000000.8  23 45 47.1  174.534 49.688  64.02  34401 16.1
2010-02-07  17:50:00  05 17 48.2  +06 11 15  +001040.7 -000011.1  23 44 14.3  173.943 49.647  61.23  34432 16.0
2010-02-07  18:00:00  05 29 21.4  +06 08 25  +001038.6 -000022.9  23 42 42.8  173.366 49.570  58.47  34466 16.0
2010-02-07  18:10:00  05 40 52.9  +06 03 37  +001036.1 -000034.6  23 41 12.9  172.804 49.459  55.71  34504 15.9
2010-02-07  18:20:00  05 52 22.7  +05 56 53  +001033.3 -000046.1  23 39 44.7  172.261 49.315  52.98  34545 15.9
2010-02-07  18:30:00  06 03 50.6  +05 48 15  +001030.2 -000057.4  23 38 18.5  171.738 49.137  50.26  34590 15.8
2010-02-07  18:40:00  06 15 16.3  +05 37 45  +001026.8 -000068.5  23 36 54.5  171.236 48.927  47.58  34637 15.8
2010-02-07  18:50:00  06 26 39.6  +05 25 26  +001023.2 -000079.3  23 35 32.8  170.759 48.686  44.90  34688 15.8
2010-02-07  19:00:00  06 38 00.5  +05 11 19  +001019.4 -000089.9  23 34 13.5  170.306 48.415  42.27  34741 15.7
2010-02-07  19:10:00  06 49 18.8  +04 55 29  +001015.4 -000100.1  23 32 56.9  169.878 48.115  39.67  34798 15.7
2010-02-07  19:20:00  07 00 34.3  +04 37 59  +001011.2 -000110.0  23 31 43.0  169.478 47.788  37.11  34857 15.7
2010-02-07  19:30:00  07 11 47.0  +04 18 51  +001006.9 -000119.5  23 30 31.9  169.105 47.434  34.59  34919 15.7
2010-02-07  19:40:00  07 22 56.8  +03 58 10  +001002.4 -000128.6  23 29 23.8  168.758 47.055  32.14  34983 15.6
2010-02-07  19:50:00  07 34 03.6  +03 36 00  +000997.9 -000137.3  23 28 18.7  168.440 46.652  29.75  35049 15.6
2010-02-07  20:00:00  07 45 07.3  +03 12 25  +000993.3 -000145.7  23 27 16.6  168.149 46.226  27.45  35118 15.6
2010-02-07  20:10:00  07 56 08.0  +02 47 29  +000988.7 -000153.5  23 26 17.5  167.885 45.779  25.24  35189 15.6
2010-02-07  20:20:00  08 07 05.6  +02 21 16  +000984.1 -000161.0  23 25 21.6  167.647 45.313  23.18  35261 15.6
2010-02-07  20:30:00  08 18 00.1  +01 53 50  +000979.5 -000168.0  23 24 28.7  167.435 44.828  21.28  35335 15.6
2010-02-07  20:40:00  08 28 51.6  +01 25 17  +000975.0 -000174.5  23 23 38.9  167.248 44.327  19.60  35411 15.6
2010-02-07  20:50:00  08 39 40.1  +00 55 42  +000970.5 -000180.6  23 22 52.0  167.085 43.809  18.18  35488 15.6
2010-02-07  21:00:00  08 50 25.7  +00 25 07  +000966.2 -000186.2  23 22 08.1  166.944 43.278  17.09  35566 15.6
2010-02-07  21:10:00  09 01 08.4  -00 06 21  +000961.9 -000191.4  23 21 27.0  166.825 42.733  16.40  35646 15.6
2010-02-07  21:20:00  09 11 48.3  -00 38 39  +000957.8 -000196.0  23 20 48.7  166.727 42.176  16.14  35726 15.6
2010-02-07  21:30:00  09 22 25.5  -01 11 40  +000953.9 -000200.2  23 20 13.1  166.648 41.609  16.34  35808 15.6
2010-02-07  21:40:00  09 33 00.2  -01 45 22  +000950.2 -000204.0  23 19 40.1  166.586 41.033  16.97  35890 15.6
2010-02-07  21:50:00  09 43 32.5  -02 19 38  +000946.6 -000207.2  23 19 09.5  166.541 40.449  18.00  35972 15.6
2010-02-07  22:00:00  09 54 02.4  -02 54 25  +000943.3 -000210.1  23 18 41.2  166.511 39.857  19.33  36055 15.6
2010-02-07  22:10:00  10 04 30.2  -03 29 38  +000940.1 -000212.4  23 18 15.0  166.494 39.261  20.93  36137 15.6
2010-02-07  22:20:00  10 14 56.0  -04 05 12  +000937.2 -000214.3  23 17 50.9  166.490 38.660  22.72  36220 15.6
2010-02-07  22:30:00  10 25 19.9  -04 41 02  +000934.6 -000215.7  23 17 28.6  166.497 38.055  24.67  36303 15.7
2010-02-07  22:40:00  10 35 42.2  -05 17 05  +000932.2 -000216.7  23 17 08.0  166.513 37.448  26.73  36385 15.7
2010-02-07  22:50:00  10 46 02.9  -05 53 16  +000930.0 -000217.3  23 16 49.0  166.537 36.841  28.89  36467 15.7
2010-02-07  23:00:00  10 56 22.2  -06 29 30  +000928.1 -000217.4  23 16 31.2  166.568 36.233  31.11  36548 15.7
2010-02-07  23:10:00  11 06 40.4  -07 05 42  +000926.4 -000217.1  23 16 14.7  166.605 35.626  33.40  36629 15.7
2010-02-07  23:20:00  11 16 57.5  -07 41 50  +000925.1 -000216.4  23 15 59.2  166.646 35.021  35.71  36708 15.8
2010-02-07  23:30:00  11 27 13.9  -08 17 49  +000923.9 -000215.3  23 15 44.5  166.691 34.420  38.07  36787 15.8
2010-02-07  23:40:00  11 37 29.5  -08 53 34  +000923.1 -000213.7  23 15 30.5  166.737 33.822  40.44  36864 15.8
2010-02-07  23:50:00  11 47 44.7  -09 29 02  +000922.5 -000211.8  23 15 17.0  166.785 33.230  42.84  36939 15.9
2010-02-08  00:00:00  11 57 59.5  -10 04 09  +000922.1 -000209.5  23 15 03.8  166.832 32.644  45.25  37013 15.9
2010-02-08  00:10:00  12 08 14.2  -10 38 50  +000922.0 -000206.7  23 14 50.7  166.879 32.064  47.69  37086 15.9
2010-02-08  00:20:00  12 18 28.9  -11 13 03  +000922.1 -000203.6  23 14 37.7  166.924 31.493  50.12  37156 16.0
2010-02-08  00:30:00  12 28 43.8  -11 46 42  +000922.5 -000200.2  23 14 24.5  166.966 30.931  52.57  37225 16.0
2010-02-08  00:40:00  12 38 59.0  -12 19 45  +000923.1 -000196.4  23 14 10.9  167.004 30.378  55.01  37291 16.1
2010-02-08  00:50:00  12 49 14.6  -12 52 08  +000923.9 -000192.2  23 13 56.9  167.038 29.836  57.48  37356 16.1
2010-02-08  01:00:00  12 59 30.9  -13 23 48  +000924.9 -000187.7  23 13 42.3  167.067 29.306  59.93  37417 16.2
2010-02-08  01:10:00  13 09 47.8  -13 54 41  +000926.1 -000182.8  23 13 27.0  167.090 28.788  62.40  37476 16.2
2010-02-08  01:20:00  13 20 05.7  -14 24 43  +000927.5 -000177.6  23 13 10.8  167.107 28.283  64.86  37533 16.3
2010-02-08  01:30:00  13 30 24.5  -14 53 51  +000929.0 -000172.1  23 12 53.6  167.117 27.792  67.33  37587 16.3
2010-02-08  01:40:00  13 40 44.4  -15 22 03  +000930.7 -000166.2  23 12 35.3  167.120 27.317  69.79  37637 16.4
2010-02-08  01:50:00  13 51 05.5  -15 49 15  +000932.6 -000160.1  23 12 15.9  167.115 26.857  72.27  37685 16.4
2010-02-08  02:00:00  14 01 27.9  -16 15 24  +000934.5 -000153.6  23 11 55.2  167.101 26.413  74.74  37730 16.5
2010-02-08  02:10:00  14 11 51.6  -16 40 27  +000936.6 -000146.9  23 11 33.1  167.079 25.987  77.21  37771 16.5
2010-02-08  02:20:00  14 22 16.7  -17 04 22  +000938.8 -000139.9  23 11 09.6  167.048 25.579  79.68  37809 16.6
2010-02-08  02:30:00  14 32 43.3  -17 27 05  +000941.0 -000132.6  23 10 44.7  167.007 25.189  82.16  37844 16.7
2010-02-08  02:40:00  14 43 11.3  -17 48 34  +000943.3 -000125.1  23 10 18.3  166.957 24.819  84.63  37875 16.7
2010-02-08  02:50:00  14 53 40.9  -18 08 46  +000945.6 -000117.3  23 09 50.3  166.898 24.468  87.11  37903 16.8
2010-02-08  03:00:00  15 04 12.1  -18 27 39  +000947.9 -000109.3  23 09 20.8  166.829 24.139  89.58  37927 16.9
2010-02-08  03:10:00  15 14 44.8  -18 45 11  +000950.3 -000101.0  23 08 49.7  166.749 23.830  92.07  37947 17.0
2010-02-08  03:20:00  15 25 19.1  -19 01 19  +000952.6 -000092.6  23 08 17.1  166.660 23.543  94.54  37963 17.0
2010-02-08  03:30:00  15 35 54.9  -19 16 02  +000954.9 -000083.9  23 07 42.9  166.561 23.279  97.03  37976 17.1
2010-02-08  03:40:00  15 46 32.3  -19 29 18  +000957.2 -000075.1  23 07 07.2  166.451 23.037  99.50  37985 17.2
2010-02-08  03:50:00  15 57 11.1  -19 41 04  +000959.3 -000066.1  23 06 30.0  166.332 22.819 101.99  37989 17.3
2010-02-08  04:00:00  16 07 51.4  -19 51 19  +000961.5 -000056.9  23 05 51.4  166.202 22.624 104.47  37990 17.4
2010-02-08  04:10:00  16 18 33.0  -20 00 02  +000963.5 -000047.6  23 05 11.4  166.063 22.454 106.97  37987 17.5

   Date        UTC        RA         DECL      RARate   DeclRate    HourAng      Az     Um    Phase  Range  Mag
2010-02-08  16:10:00  05 38 31.2  +06 02 33  +001036.2 -000020.0  21 47 11.5  134.222 40.548  57.15  35070 16.0
2010-02-08  16:20:00  05 50 01.1  +05 58 15  +001033.6 -000031.5  21 45 43.2  133.852 40.303  54.41  35120 15.9
2010-02-08  16:30:00  06 01 29.2  +05 52 03  +001030.7 -000042.8  21 44 16.7  133.514 40.034  51.67  35172 15.9
2010-02-08  16:40:00  06 12 55.4  +05 43 59  +001027.5 -000053.9  21 42 52.2  133.208 39.742  48.96  35228 15.9
2010-02-08  16:50:00  06 24 19.2  +05 34 05  +001024.1 -000064.8  21 41 30.0  132.935 39.427  46.26  35287 15.8
2010-02-08  17:00:00  06 35 40.8  +05 22 24  +001020.4 -000075.5  21 40 10.1  132.694 39.091  43.61  35348 15.8
2010-02-08  17:10:00  06 46 59.8  +05 08 57  +001016.6 -000085.8  21 38 52.7  132.486 38.734  40.97  35413 15.8
2010-02-08  17:20:00  06 58 16.2  +04 53 49  +001012.5 -000095.8  21 37 38.0  132.310 38.359  38.37  35479 15.7
2010-02-08  17:30:00  07 09 29.8  +04 37 01  +001008.3 -000105.6  21 36 26.0  132.166 37.965  35.81  35549 15.7
2010-02-08  17:40:00  07 20 40.6  +04 18 39  +001004.0 -000114.9  21 35 16.9  132.053 37.555  33.31  35620 15.7
2010-02-08  17:50:00  07 31 48.4  +03 58 45  +000999.5 -000123.9  21 34 10.7  131.971 37.129  30.85  35694 15.7
2010-02-08  18:00:00  07 42 53.3  +03 37 23  +000995.0 -000132.5  21 33 07.4  131.918 36.688  28.47  35769 15.6
2010-02-08  18:10:00  07 53 55.1  +03 14 37  +000990.5 -000140.6  21 32 07.2  131.893 36.234  26.18  35846 15.6
2010-02-08  18:20:00  08 04 53.9  +02 50 31  +000985.9 -000148.4  21 31 10.1  131.896 35.768  24.00  35925 15.6
2010-02-08  18:30:00  08 15 49.7  +02 25 10  +000981.3 -000155.8  21 30 16.0  131.926 35.289  21.95  36006 15.6
2010-02-08  18:40:00  08 26 42.4  +01 58 38  +000976.8 -000162.7  21 29 24.9  131.980 34.801  20.09  36087 15.6
2010-02-08  18:50:00  08 37 32.1  +01 30 58  +000972.3 -000169.1  21 28 36.8  132.058 34.302  18.45  36170 15.6
2010-02-08  19:00:00  08 48 18.9  +01 02 17  +000968.0 -000175.1  21 27 51.7  132.158 33.795  17.12  36254 15.6
2010-02-08  19:10:00  08 59 02.8  +00 32 37  +000963.7 -000180.7  21 27 09.5  132.280 33.280  16.13  36339 15.6
2010-02-08  19:20:00  09 09 43.8  +00 02 04  +000959.5 -000185.8  21 26 30.0  132.421 32.759  15.58  36424 15.6
2010-02-08  19:30:00  09 20 22.2  -00 29 17  +000955.5 -000190.5  21 25 53.3  132.580 32.231  15.48  36510 15.6
2010-02-08  19:40:00  09 30 57.9  -01 01 23  +000951.7 -000194.7  21 25 19.3  132.755 31.698  15.86  36597 15.6
2010-02-08  19:50:00  09 41 31.1  -01 34 09  +000948.0 -000198.4  21 24 47.7  132.946 31.160  16.67  36683 15.6
2010-02-08  20:00:00  09 52 02.0  -02 07 30  +000944.6 -000201.7  21 24 18.5  133.150 30.619  17.85  36770 15.6
2010-02-08  20:10:00  10 02 30.6  -02 41 22  +000941.3 -000204.5  21 23 51.5  133.367 30.075  19.33  36857 15.6
2010-02-08  20:20:00  10 12 57.1  -03 15 39  +000938.2 -000206.9  21 23 26.7  133.593 29.528  21.04  36943 15.7
2010-02-08  20:30:00  10 23 21.6  -03 50 19  +000935.4 -000208.9  21 23 03.7  133.830 28.980  22.94  37030 15.7
2010-02-08  20:40:00  10 33 44.4  -04 25 16  +000932.9 -000210.4  21 22 42.6  134.073 28.431  24.96  37115 15.7
2010-02-08  20:50:00  10 44 05.5  -05 00 26  +000930.5 -000211.5  21 22 23.2  134.324 27.882  27.09  37201 15.7
2010-02-08  21:00:00  10 54 25.2  -05 35 45  +000928.4 -000212.2  21 22 05.1  134.579 27.333  29.29  37285 15.7
2010-02-08  21:10:00  11 04 43.5  -06 11 09  +000926.6 -000212.4  21 21 48.4  134.837 26.786  31.57  37369 15.8
2010-02-08  21:20:00  11 15 00.7  -06 46 32  +000925.0 -000212.2  21 21 32.9  135.099 26.241  33.87  37451 15.8
2010-02-08  21:30:00  11 25 16.9  -07 21 52  +000923.7 -000211.6  21 21 18.3  135.361 25.698  36.23  37532 15.8
2010-02-08  21:40:00  11 35 32.4  -07 57 04  +000922.7 -000210.7  21 21 04.5  135.622 25.158  38.60  37612 15.9
2010-02-08  21:50:00  11 45 47.2  -08 32 04  +000921.8 -000209.3  21 20 51.3  135.883 24.622  41.01  37691 15.9
2010-02-08  22:00:00  11 56 01.5  -09 06 48  +000921.3 -000207.5  21 20 38.6  136.140 24.090  43.42  37768 15.9
2010-02-08  22:10:00  12 06 15.6  -09 41 12  +000921.0 -000205.3  21 20 26.2  136.394 23.563  45.86  37844 16.0
2010-02-08  22:20:00  12 16 29.6  -10 15 13  +000920.9 -000202.8  21 20 13.9  136.644 23.042  48.29  37917 16.0
2010-02-08  22:30:00  12 26 43.5  -10 48 46  +000921.0 -000199.8  21 20 01.6  136.887 22.527  50.75  37989 16.0
2010-02-08  22:40:00  12 36 57.6  -11 21 48  +000921.4 -000196.5  21 19 49.1  137.124 22.020  53.20  38058 16.1
2010-02-08  22:50:00  12 47 12.1  -11 54 16  +000922.0 -000192.9  21 19 36.3  137.353 21.519  55.67  38126 16.1
2010-02-08  23:00:00  12 57 27.1  -12 26 05  +000922.8 -000188.9  21 19 22.9  137.573 21.027  58.13  38191 16.2
2010-02-08  23:10:00  13 07 42.6  -12 57 13  +000923.8 -000184.6  21 19 09.0  137.784 20.544  60.61  38254 16.2
2010-02-08  23:20:00  13 17 58.9  -13 27 35  +000925.0 -000179.9  21 18 54.4  137.985 20.071  63.07  38315 16.3
2010-02-08  23:30:00  13 28 16.1  -13 57 09  +000926.4 -000174.9  21 18 38.9  138.175 19.607  65.55  38372 16.3
2010-02-08  23:40:00  13 38 34.1  -14 25 52  +000927.9 -000169.5  21 18 22.4  138.353 19.154  68.02  38427 16.4
2010-02-08  23:50:00  13 48 53.3  -14 53 39  +000929.6 -000163.9  21 18 04.9  138.518 18.713  70.51  38480 16.4
2010-02-09  00:00:00  13 59 13.6  -15 20 29  +000931.4 -000157.9  21 17 46.2  138.671 18.283  72.98  38529 16.5
2010-02-09  00:10:00  14 09 35.2  -15 46 17  +000933.3 -000151.7  21 17 26.3  138.811 17.866  75.46  38576 16.5
2010-02-09  00:20:00  14 19 58.1  -16 11 02  +000935.3 -000145.2  21 17 05.1  138.936 17.462  77.93  38619 16.6
2010-02-09  00:30:00  14 30 22.3  -16 34 40  +000937.4 -000138.3  21 16 42.5  139.047 17.072  80.42  38659 16.7
2010-02-09  00:40:00  14 40 48.0  -16 57 08  +000939.6 -000131.3  21 16 18.4  139.144 16.697  82.90  38696 16.7
2010-02-09  00:50:00  14 51 15.1  -17 18 24  +000941.8 -000123.9  21 15 52.9  139.225 16.337  85.38  38730 16.8
2010-02-09  01:00:00  15 01 43.8  -17 38 26  +000944.1 -000116.3  21 15 26.0  139.290 15.992  87.86  38761 16.9
2010-02-09  01:10:00  15 12 13.9  -17 57 10  +000946.3 -000108.5  21 14 57.5  139.340 15.663  90.35  38788 17.0
2010-02-09  01:20:00  15 22 45.6  -18 14 35  +000948.6 -000100.5  21 14 27.5  139.374 15.351  92.83  38811 17.0
2010-02-09  01:30:00  15 33 18.7  -18 30 39  +000950.9 -000092.2  21 13 55.9  139.391 15.056  95.32  38831 17.1
2010-02-09  01:40:00  15 43 53.4  -18 45 19  +000953.1 -000083.8  21 13 22.9  139.392 14.779  97.80  38847 17.2
2010-02-09  01:50:00  15 54 29.5  -18 58 34  +000955.3 -000075.1  21 12 48.4  139.377 14.520 100.30  38860 17.3
2010-02-09  02:00:00  16 05 07.0  -19 10 22  +000957.4 -000066.3  21 12 12.6  139.345 14.280 102.78  38869 17.4
2010-02-09  02:10:00  16 15 46.0  -19 20 40  +000959.4 -000057.4  21 11 35.3  139.296 14.059 105.28  38875 17.5
2010-02-09  02:20:00  16 26 26.2  -19 29 29  +000961.4 -000048.3  21 10 56.6  139.231 13.858 107.77  38876 17.6
2010-02-09  02:30:00  16 37 07.8  -19 36 46  +000963.2 -000039.1  21 10 16.7  139.149 13.676 110.27  38874 17.7
2010-02-09  02:40:00  16 47 50.5  -19 42 30  +000965.0 -000029.7  21 09 35.6  139.051 13.515 112.77  38869 17.8
2010-02-09  02:50:00  16 58 34.4  -19 46 40  +000966.6 -000020.3  21 08 53.4  138.936 13.374 115.28  38859 17.9
2010-02-09  03:00:00  17 09 19.3  -19 49 16  +000968.1 -000010.8  21 08 10.1  138.804 13.255 117.78  38846 18.0
2010-02-09  03:10:00  17 20 05.2  -19 50 17  +000969.5 -000001.3  21 07 25.9  138.657 13.156 120.30  38829 18.1
2010-02-09  03:20:00  17 30 51.9  -19 49 42  +000970.8 +000008.3  21 06 40.8  138.493 13.079 122.81  38809 18.3
2010-02-09  03:30:00  17 41 39.5  -19 47 31  +000971.9 +000017.9  21 05 54.9  138.314 13.023 125.33  38785 18.4
2010-02-09  03:40:00  17 52 27.7  -19 43 44  +000972.9 +000027.5  21 05 08.3  138.118 12.989 127.85  38757 18.5
2010-02-09  03:50:00  18 03 16.6  -19 38 21  +000973.7 +000037.1  21 04 21.0  137.908 12.976 130.39  38726 18.7
2010-02-09  04:00:00  18 14 06.0  -19 31 23  +000974.4 +000046.6  21 03 33.3  137.681 12.985 132.91  38692 18.8
2010-02-09  04:10:00  18 24 55.8  -19 22 50  +000975.0 +000056.1  21 02 45.1  137.440 13.016 135.46  38654 19.0

   Date        UTC        RA         DECL      RARate   DeclRate    HourAng      Az     Um    Phase  Range  Mag
2010-02-09  16:20:00  07 58 44.8  +03 12 32  +000986.7 -000132.9  19 40 56.0  106.622 19.516  25.82  37345 15.7
2010-02-09  16:30:00  08 09 41.2  +02 49 45  +000982.3 -000140.4  19 40 01.3  106.707 19.081  23.62  37430 15.7
2010-02-09  16:40:00  08 20 34.6  +02 25 45  +000977.9 -000147.5  19 39 09.6  106.816 18.639  21.57  37516 15.7
2010-02-09  16:50:00  08 31 25.0  +02 00 36  +000973.5 -000154.2  19 38 20.8  106.947 18.190  19.69  37604 15.7
2010-02-09  17:00:00  08 42 12.6  +01 34 22  +000969.2 -000160.5  19 37 34.9  107.099 17.735  18.04  37692 15.7
2010-02-09  17:10:00  08 52 57.3  +01 07 07  +000965.0 -000166.4  19 36 51.8  107.271 17.275  16.67  37780 15.7
2010-02-09  17:20:00  09 03 39.2  +00 38 55  +000960.8 -000171.8  19 36 11.5  107.463 16.811  15.67  37870 15.7
2010-02-09  17:30:00  09 14 18.4  +00 09 51  +000956.8 -000176.9  19 35 33.9  107.672 16.343  15.10  37959 15.7
2010-02-09  17:40:00  09 24 55.0  -00 20 00  +000953.0 -000181.4  19 34 59.0  107.898 15.872  15.01  38049 15.7
2010-02-09  17:50:00  09 35 29.1  -00 50 36  +000949.2 -000185.6  19 34 26.6  108.139 15.399  15.39  38139 15.7
2010-02-09  18:00:00  09 46 00.7  -01 21 51  +000945.7 -000189.3  19 33 56.6  108.395 14.923  16.21  38229 15.7
2010-02-09  18:10:00  09 56 30.1  -01 53 41  +000942.4 -000192.6  19 33 28.8  108.663 14.446  17.42  38319 15.7
2010-02-09  18:20:00  10 06 57.3  -02 26 01  +000939.2 -000195.4  19 33 03.3  108.944 13.969  18.91  38408 15.7
2010-02-09  18:30:00  10 17 22.4  -02 58 48  +000936.3 -000197.9  19 32 39.8  109.234 13.491  20.65  38497 15.8
2010-02-09  18:40:00  10 27 45.7  -03 31 57  +000933.6 -000199.9  19 32 18.1  109.534 13.013  22.55  38585 15.8
2010-02-09  18:50:00  10 38 07.3  -04 05 24  +000931.1 -000201.5  19 31 58.2  109.842 12.536  24.60  38672 15.8
2010-02-09  19:00:00  10 48 27.2  -04 39 05  +000928.8 -000202.7  19 31 39.9  110.156 12.060  26.74  38759 15.8
2010-02-09  19:10:00  10 58 45.8  -05 12 56  +000926.8 -000203.4  19 31 23.0  110.475 11.585  28.96  38844 15.8
2010-02-09  19:20:00  11 09 03.1  -05 46 52  +000925.1 -000203.8  19 31 07.4  110.799 11.112  31.23  38929 15.9
2010-02-09  19:30:00  11 19 19.3  -06 20 50  +000923.5 -000203.7  19 30 52.8  111.126 10.642  33.55  39012 15.9
2010-02-09  19:40:00  11 29 34.5  -06 54 46  +000922.3 -000203.3  19 30 39.2  111.454 10.174  35.90  39094 15.9
