ЭФЕМЕРИДЫ ПО ОБЪЕКТУ:  90021
Для пункта:  10016 Маяки   46 23'50.68"   30 16'17.74"    14m
C   2010-02-01 12:00
по  2010-02-16 12:00
Шаг  0:10:00
Мин.угол места:          10 град
Макс.угол места Солнца: -10 град
Стандартный блеск :      9.6 (зв.вел.)

ОБОЗНАЧЕНИЯ
RA        прямое восхождение, тек.эпоха
DECL      склонение, тек.эпоха
RARate    скорость по пр.восх., арксек/мин
DeclRate  скорость по склонению, арксек/мин
HourAng   часовой угол
Az        азимут
Um        угол места
Phase     фазовый угол
Range     дальность
Mag       зв.величина (оценка)

   Date        UTC        RA         DECL      RARate   DeclRate    HourAng      Az     Um    Phase  Range  Mag
2010-02-08  16:10:00  08 30 39.0  +05 37 35  +000868.8 -000148.9  18 55 03.7   96.133 13.551  17.02  41168 16.5
2010-02-08  16:20:00  08 40 16.9  +05 12 09  +000865.0 -000156.1  18 55 27.4   96.506 13.311  15.37  41224 16.5
2010-02-08  16:30:00  08 49 52.3  +04 45 35  +000861.2 -000162.8  18 55 53.6   96.900 13.064  13.94  41280 16.5
2010-02-08  16:40:00  08 59 25.2  +04 17 54  +000857.5 -000169.3  18 56 22.4   97.314 12.811  12.82  41337 16.5
2010-02-08  16:50:00  09 08 55.7  +03 49 10  +000853.9 -000175.4  18 56 53.6   97.747 12.551  12.10  41392 16.5
2010-02-08  17:00:00  09 18 23.7  +03 19 27  +000850.4 -000181.2  18 57 27.1   98.199 12.285  11.83  41448 16.5
2010-02-08  17:10:00  09 27 49.5  +02 48 48     <<SHADOW>>        18 58 03.0   98.667 12.014  12.06  41503 ----
2010-02-08  17:20:00  09 37 13.1  +02 17 16     <<SHADOW>>        18 58 41.0   99.152 11.738  12.74  41558 ----
2010-02-08  17:30:00  09 46 34.6  +01 44 56     <<SHADOW>>        18 59 21.2   99.651 11.457  13.81  41612 ----
2010-02-08  17:40:00  09 55 54.1  +01 11 50     <<SHADOW>>        19 00 03.3  100.165 11.172  15.18  41665 ----
2010-02-08  17:50:00  10 05 11.7  +00 38 01  +000835.1 -000204.8  19 00 47.4  100.692 10.882  16.79  41718 16.5
2010-02-08  18:00:00  10 14 27.6  +00 03 35  +000832.6 -000208.5  19 01 33.1  101.230 10.589  18.56  41770 16.5
2010-02-08  18:10:00  10 23 41.9  -00 31 27  +000830.3 -000211.8  19 02 20.5  101.779 10.291  20.46  41821 16.5

   Date        UTC        RA         DECL      RARate   DeclRate    HourAng      Az     Um    Phase  Range  Mag
2010-02-09  16:20:00  08 16 38.5  +06 14 35  +000874.0 -000140.6  19 23 02.4  100.969 18.769  20.48  40587 16.5
2010-02-09  16:30:00  08 26 19.8  +05 50 31  +000870.0 -000148.2  19 23 22.7  101.322 18.532  18.52  40643 16.5
2010-02-09  16:40:00  08 35 58.6  +05 25 12  +000866.1 -000155.5  19 23 45.6  101.697 18.287  16.71  40700 16.4
2010-02-09  16:50:00  08 45 34.7  +04 58 42  +000862.3 -000162.5  19 24 11.1  102.094 18.034  15.07  40756 16.4
2010-02-09  17:00:00  08 55 08.3  +04 31 03  +000858.5 -000169.1  19 24 39.2  102.512 17.773  13.68  40812 16.4
2010-02-09  17:10:00  09 04 39.3  +04 02 20  +000854.8 -000175.4  19 25 09.7  102.949 17.505  12.61  40868 16.4
2010-02-09  17:20:00  09 14 08.0  +03 32 36  +000851.2 -000181.4  19 25 42.7  103.405 17.231  11.94  40924 16.4
2010-02-09  17:30:00  09 23 34.2  +03 01 53  +000847.7 -000187.0  19 26 18.1  103.878 16.950  11.74  40980 16.4
2010-02-09  17:40:00  09 32 58.3  +02 30 17     <<SHADOW>>        19 26 55.7  104.368 16.664  12.03  41035 ----
2010-02-09  17:50:00  09 42 20.1  +01 57 49     <<SHADOW>>        19 27 35.5  104.874 16.372  12.78  41090 ----
2010-02-09  18:00:00  09 51 39.9  +01 24 35     <<SHADOW>>        19 28 17.4  105.394 16.075  13.90  41144 ----
2010-02-09  18:10:00  10 00 57.7  +00 50 36     <<SHADOW>>        19 29 01.2  105.927 15.773  15.32  41198 ----
2010-02-09  18:20:00  10 10 13.7  +00 15 58  +000832.7 -000209.7  19 29 46.8  106.471 15.466  16.95  41251 16.5
2010-02-09  18:30:00  10 19 28.1  -00 19 17  +000830.3 -000213.2  19 30 34.1  107.027 15.155  18.75  41303 16.5
2010-02-09  18:40:00  10 28 40.9  -00 55 06  +000828.1 -000216.3  19 31 23.0  107.593 14.840  20.66  41354 16.5
2010-02-09  18:50:00  10 37 52.3  -01 31 23  +000826.1 -000219.1  19 32 13.2  108.166 14.521  22.66  41405 16.5
2010-02-09  19:00:00  10 47 02.5  -02 08 07  +000824.4 -000221.5  19 33 04.7  108.747 14.199  24.72  41454 16.5
2010-02-09  19:10:00  10 56 11.5  -02 45 13  +000822.9 -000223.6  19 33 57.3  109.334 13.873  26.84  41503 16.6
2010-02-09  19:20:00  11 05 19.7  -03 22 37  +000821.6 -000225.3  19 34 50.8  109.925 13.544  28.98  41551 16.6
2010-02-09  19:30:00  11 14 27.1  -04 00 17  +000820.6 -000226.6  19 35 45.0  110.520 13.213  31.16  41598 16.6
2010-02-09  19:40:00  11 23 33.8  -04 38 09  +000819.8 -000227.6  19 36 39.9  111.118 12.878  33.35  41643 16.6
2010-02-09  19:50:00  11 32 40.2  -05 16 09  +000819.3 -000228.3  19 37 35.2  111.716 12.542  35.58  41687 16.6
2010-02-09  20:00:00  11 41 46.3  -05 54 13  +000819.0 -000228.6  19 38 30.7  112.314 12.204  37.80  41731 16.7
2010-02-09  20:10:00  11 50 52.2  -06 32 19  +000819.0 -000228.5  19 39 26.4  112.911 11.864  40.05  41773 16.7
2010-02-09  20:20:00  11 59 58.3  -07 10 23  +000819.2 -000228.1  19 40 22.0  113.505 11.522  42.30  41813 16.7
2010-02-09  20:30:00  12 09 04.6  -07 48 20  +000819.7 -000227.4  19 41 17.3  114.096 11.180  44.56  41853 16.8
2010-02-09  20:40:00  12 18 11.3  -08 26 09  +000820.4 -000226.3  19 42 12.3  114.682 10.837  46.82  41891 16.8
2010-02-09  20:50:00  12 27 18.6  -09 03 45  +000821.4 -000224.8  19 43 06.6  115.261 10.493  49.10  41928 16.8
2010-02-09  21:00:00  12 36 26.6  -09 41 04  +000822.6 -000223.0  19 44 00.3  115.834 10.149  51.37  41963 16.9

   Date        UTC        RA         DECL      RARate   DeclRate    HourAng      Az     Um    Phase  Range  Mag
2010-02-10  16:20:00  07 52 23.6  +07 11 05  +000883.4 -000122.9  19 51 13.9  105.835 24.190  26.57  39975 16.5
2010-02-10  16:30:00  08 02 11.2  +06 49 54  +000879.4 -000131.3  19 51 27.9  106.141 23.966  24.38  40030 16.5
2010-02-10  16:40:00  08 11 56.1  +06 27 19  +000875.4 -000139.5  19 51 44.6  106.471 23.732  22.26  40086 16.4
2010-02-10  16:50:00  08 21 38.4  +06 03 25  +000871.4 -000147.3  19 52 04.0  106.826 23.487  20.21  40142 16.4
2010-02-10  17:00:00  08 31 18.0  +05 38 14  +000867.4 -000154.9  19 52 26.0  107.203 23.234  18.28  40199 16.4
2010-02-10  17:10:00  08 40 54.9  +05 11 49  +000863.4 -000162.0  19 52 50.7  107.603 22.971  16.47  40255 16.4
2010-02-10  17:20:00  08 50 29.2  +04 44 14  +000859.6 -000168.9  19 53 18.0  108.025 22.700  14.86  40312 16.4
2010-02-10  17:30:00  09 00 01.0  +04 15 33  +000855.8 -000175.4  19 53 47.9  108.466 22.421  13.49  40368 16.4
2010-02-10  17:40:00  09 09 30.3  +03 45 48  +000852.1 -000181.5  19 54 20.3  108.927 22.135  12.46  40425 16.4
2010-02-10  17:50:00  09 18 57.2  +03 15 04  +000848.5 -000187.3  19 54 55.0  109.405 21.841  11.83  40481 16.4
2010-02-10  18:00:00  09 28 21.7  +02 43 24  +000845.1 -000192.7  19 55 32.2  109.901 21.540  11.68  40537 16.4
2010-02-10  18:10:00  09 37 44.0  +02 10 51     <<SHADOW>>        19 56 11.5  110.413 21.233  12.03  40592 ----
2010-02-10  18:20:00  09 47 04.1  +01 37 29     <<SHADOW>>        19 56 53.0  110.939 20.920  12.82  40647 ----
2010-02-10  18:30:00  09 56 22.3  +01 03 22     <<SHADOW>>        19 57 36.5  111.478 20.601  13.98  40702 ----
2010-02-10  18:40:00  10 05 38.5  +00 28 33     <<SHADOW>>        19 58 21.9  112.030 20.277  15.42  40756 ----
2010-02-10  18:50:00  10 14 53.0  -00 06 54  +000830.5 -000214.5  19 59 09.1  112.593 19.947  17.09  40809 16.5
2010-02-10  19:00:00  10 24 05.8  -00 42 55  +000828.1 -000217.8  19 59 57.9  113.165 19.613  18.89  40862 16.5
2010-02-10  19:10:00  10 33 17.2  -01 19 28  +000826.0 -000220.7  20 00 48.1  113.745 19.274  20.82  40914 16.5
2010-02-10  19:20:00  10 42 27.3  -01 56 27  +000824.2 -000223.2  20 01 39.7  114.333 18.931  22.82  40965 16.5
2010-02-10  19:30:00  10 51 36.2  -02 33 51  +000822.5 -000225.4  20 02 32.5  114.927 18.583  24.90  41016 16.5
2010-02-10  19:40:00  11 00 44.0  -03 11 34  +000821.1 -000227.2  20 03 26.2  115.525 18.232  27.00  41065 16.5
2010-02-10  19:50:00  11 09 51.0  -03 49 34  +000820.0 -000228.7  20 04 20.9  116.126 17.877  29.16  41113 16.6
2010-02-10  20:00:00  11 18 57.4  -04 27 47  +000819.1 -000229.8  20 05 16.2  116.730 17.519  31.33  41161 16.6
2010-02-10  20:10:00  11 28 03.2  -05 06 09  +000818.4 -000230.6  20 06 12.0  117.334 17.159  33.54  41207 16.6
2010-02-10  20:20:00  11 37 08.7  -05 44 37  +000818.1 -000231.0  20 07 08.2  117.937 16.796  35.75  41253 16.6
2010-02-10  20:30:00  11 46 14.0  -06 23 08  +000817.9 -000231.0  20 08 04.5  118.539 16.430  37.99  41297 16.7
2010-02-10  20:40:00  11 55 19.3  -07 01 37  +000818.0 -000230.7  20 09 00.8  119.139 16.063  40.22  41340 16.7
2010-02-10  20:50:00  12 04 24.8  -07 40 01  +000818.4 -000230.1  20 09 57.0  119.734 15.694  42.48  41381 16.7
2010-02-10  21:00:00  12 13 30.6  -08 18 17  +000819.0 -000229.1  20 10 52.8  120.323 15.324  44.73  41422 16.7
2010-02-10  21:10:00  12 22 36.9  -08 56 21  +000819.9 -000227.7  20 11 48.2  120.907 14.954  47.01  41461 16.8
2010-02-10  21:20:00  12 31 43.9  -09 34 09  +000821.0 -000226.0  20 12 42.8  121.483 14.583  49.27  41499 16.8
2010-02-10  21:30:00  12 40 51.7  -10 11 39  +000822.4 -000223.9  20 13 36.7  122.050 14.212  51.55  41535 16.8
2010-02-10  21:40:00  12 50 00.5  -10 48 47  +000824.0 -000221.5  20 14 29.5  122.608 13.842  53.82  41570 16.9
2010-02-10  21:50:00  12 59 10.4  -11 25 29  +000825.8 -000218.8  20 15 21.2  123.155 13.473  56.11  41603 16.9
2010-02-10  22:00:00  13 08 21.6  -12 01 41  +000827.8 -000215.7  20 16 11.7  123.691 13.106  58.38  41634 17.0
2010-02-10  22:10:00  13 17 34.2  -12 37 21  +000830.1 -000212.2  20 17 00.7  124.214 12.741  60.67  41665 17.0
2010-02-10  22:20:00  13 26 48.4  -13 12 25  +000832.5 -000208.5  20 17 48.2  124.723 12.379  62.95  41693 17.1
2010-02-10  22:30:00  13 36 04.3  -13 46 50  +000835.1 -000204.4  20 18 33.9  125.219 12.020  65.25  41719 17.1
2010-02-10  22:40:00  13 45 21.9  -14 20 31  +000837.9 -000199.9  20 19 17.9  125.699 11.665  67.53  41744 17.1
2010-02-10  22:50:00  13 54 41.5  -14 53 27  +000840.9 -000195.1  20 19 59.9  126.164 11.314  69.83  41767 17.2
2010-02-10  23:00:00  14 04 03.2  -15 25 33  +000844.0 -000190.0  20 20 40.0  126.611 10.969  72.11  41788 17.2
2010-02-10  23:10:00  14 13 26.9  -15 56 46  +000847.2 -000184.6  20 21 17.9  127.042 10.630  74.41  41808 17.3
2010-02-10  23:20:00  14 22 52.8  -16 27 04  +000850.6 -000178.8  20 21 53.6  127.455 10.298  76.70  41825 17.4

   Date        UTC        RA         DECL      RARate   DeclRate    HourAng      Az     Um    Phase  Range  Mag
2010-02-11  16:20:00  07 27 31.9  +08 00 33  +000892.9 -000103.0  20 20 02.1  111.243 29.518  33.19  39397 16.5
2010-02-11  16:30:00  07 37 25.8  +07 42 37  +000889.0 -000112.2  20 20 09.8  111.493 29.310  30.88  39451 16.5
2010-02-11  16:40:00  07 47 17.2  +07 23 09  +000885.0 -000121.2  20 20 20.1  111.771 29.091  28.61  39505 16.5
2010-02-11  16:50:00  07 57 05.8  +07 02 13  +000881.0 -000129.9  20 20 33.1  112.075 28.859  26.38  39560 16.5
2010-02-11  17:00:00  08 06 51.8  +06 39 52  +000876.9 -000138.3  20 20 48.7  112.405 28.615  24.20  39616 16.4
2010-02-11  17:10:00  08 16 35.1  +06 16 09  +000872.8 -000146.3  20 21 07.1  112.759 28.360  22.08  39672 16.4
2010-02-11  17:20:00  08 26 15.6  +05 51 07  +000868.8 -000154.0  20 21 28.2  113.138 28.095  20.05  39729 16.4
2010-02-11  17:30:00  08 35 53.5  +05 24 50  +000864.8 -000161.4  20 21 52.0  113.540 27.820  18.11  39786 16.4
2010-02-11  17:40:00  08 45 28.7  +04 57 21  +000860.8 -000168.4  20 22 18.4  113.964 27.535  16.32  39843 16.4
2010-02-11  17:50:00  08 55 01.2  +04 28 43  +000856.9 -000175.1  20 22 47.5  114.408 27.241  14.72  39899 16.4
2010-02-11  18:00:00  09 04 31.3  +03 59 00  +000853.2 -000181.4  20 23 19.1  114.873 26.939  13.38  39956 16.4
2010-02-11  18:10:00  09 13 58.8  +03 28 16  +000849.5 -000187.4  20 23 53.2  115.356 26.628  12.36  40013 16.4
2010-02-11  18:20:00  09 23 24.0  +02 56 34  +000845.9 -000193.0  20 24 29.7  115.856 26.309  11.77  40070 16.4
2010-02-11  18:30:00  09 32 46.8  +02 23 57  +000842.6 -000198.2  20 25 08.5  116.372 25.983  11.66  40126 16.4
2010-02-11  18:40:00  09 42 07.4  +01 50 30     <<SHADOW>>        20 25 49.6  116.904 25.649  12.03  40183 ----
2010-02-11  18:50:00  09 51 25.9  +01 16 16     <<SHADOW>>        20 26 32.7  117.449 25.309  12.85  40238 ----
2010-02-11  19:00:00  10 00 42.5  +00 41 19     <<SHADOW>>        20 27 17.8  118.006 24.962  14.04  40294 ----
2010-02-11  19:10:00  10 09 57.2  +00 05 42     <<SHADOW>>        20 28 04.7  118.574 24.609  15.50  40348 ----
2010-02-11  19:20:00  10 19 10.2  -00 30 31  +000828.3 -000219.0  20 28 53.3  119.152 24.251  17.17  40403 16.4
2010-02-11  19:30:00  10 28 21.7  -01 07 16  +000826.1 -000222.0  20 29 43.5  119.738 23.887  18.99  40456 16.4
2010-02-11  19:40:00  10 37 31.7  -01 44 30  +000824.1 -000224.7  20 30 35.1  120.331 23.517  20.92  40509 16.5
2010-02-11  19:50:00  10 46 40.5  -02 22 09  +000822.3 -000227.0  20 31 28.0  120.930 23.143  22.94  40561 16.5
2010-02-11  20:00:00  10 55 48.2  -03 00 10  +000820.8 -000229.0  20 32 21.9  121.533 22.764  25.00  40612 16.5
2010-02-11  20:10:00  11 04 54.9  -03 38 28  +000819.5 -000230.6  20 33 16.8  122.139 22.382  27.12  40663 16.5
2010-02-11  20:20:00  11 14 00.9  -04 16 60  +000818.5 -000231.8  20 34 12.5  122.746 21.995  29.27  40712 16.5
2010-02-11  20:30:00  11 23 06.3  -04 55 43  +000817.7 -000232.7  20 35 08.7  123.354 21.605  31.45  40761 16.6
2010-02-11  20:40:00  11 32 11.3  -05 34 32  +000817.2 -000233.2  20 36 05.4  123.961 21.212  33.65  40808 16.6
2010-02-11  20:50:00  11 41 16.0  -06 13 25  +000817.0 -000233.3  20 37 02.4  124.566 20.816  35.87  40855 16.6
2010-02-11  21:00:00  11 50 20.6  -06 52 18  +000817.0 -000233.1  20 37 59.4  125.168 20.418  38.09  40900 16.6
2010-02-11  21:10:00  11 59 25.3  -07 31 06  +000817.2 -000232.6  20 38 56.3  125.765 20.018  40.34  40944 16.7
2010-02-11  21:20:00  12 08 30.3  -08 09 48  +000817.7 -000231.6  20 39 53.0  126.356 19.616  42.58  40987 16.7
2010-02-11  21:30:00  12 17 35.7  -08 48 18  +000818.5 -000230.4  20 40 49.2  126.941 19.214  44.85  41029 16.7
2010-02-11  21:40:00  12 26 41.7  -09 26 34  +000819.5 -000228.7  20 41 44.9  127.517 18.811  47.10  41069 16.8
2010-02-11  21:50:00  12 35 48.4  -10 04 32  +000820.8 -000226.8  20 42 39.8  128.084 18.409  49.38  41108 16.8
2010-02-11  22:00:00  12 44 56.1  -10 42 09  +000822.3 -000224.5  20 43 33.7  128.642 18.007  51.64  41145 16.8
2010-02-11  22:10:00  12 54 04.8  -11 19 20  +000824.0 -000221.8  20 44 26.6  129.188 17.606  53.92  41181 16.9
2010-02-11  22:20:00  13 03 14.8  -11 56 03  +000826.0 -000218.8  20 45 18.3  129.722 17.207  56.19  41216 16.9
2010-02-11  22:30:00  13 12 26.1  -12 32 14  +000828.1 -000215.4  20 46 08.6  130.243 16.810  58.48  41249 16.9
2010-02-11  22:40:00  13 21 39.0  -13 07 50  +000830.5 -000211.7  20 46 57.4  130.751 16.417  60.75  41280 17.0
2010-02-11  22:50:00  13 30 53.5  -13 42 47  +000833.0 -000207.7  20 47 44.6  131.243 16.027  63.04  41309 17.0
2010-02-11  23:00:00  13 40 09.7  -14 17 02  +000835.8 -000203.3  20 48 29.9  131.721 15.641  65.32  41337 17.1
2010-02-11  23:10:00  13 49 27.9  -14 50 32  +000838.7 -000198.6  20 49 13.4  132.182 15.261  67.61  41363 17.1
2010-02-11  23:20:00  13 58 48.0  -15 23 13  +000841.7 -000193.5  20 49 54.9  132.626 14.886  69.89  41386 17.2
2010-02-11  23:30:00  14 08 10.3  -15 55 01  +000844.9 -000188.1  20 50 34.4  133.053 14.518  72.19  41408 17.2
2010-02-11  23:40:00  14 17 34.7  -16 25 55  +000848.3 -000182.4  20 51 11.6  133.462 14.157  74.47  41428 17.3
2010-02-11  23:50:00  14 27 01.3  -16 55 49  +000851.7 -000176.4  20 51 46.6  133.853 13.805  76.77  41446 17.3
2010-02-12  00:00:00  14 36 30.3  -17 24 42  +000855.2 -000170.1  20 52 19.3  134.224 13.461  79.06  41462 17.4
2010-02-12  00:10:00  14 46 01.6  -17 52 30  +000858.8 -000163.5  20 52 49.6  134.576 13.126  81.36  41475 17.4
2010-02-12  00:20:00  14 55 35.3  -18 19 10  +000862.4 -000156.5  20 53 17.5  134.909 12.802  83.65  41486 17.5
2010-02-12  00:30:00  15 05 11.5  -18 44 39  +000866.1 -000149.3  20 53 42.9  135.221 12.489  85.95  41495 17.6
2010-02-12  00:40:00  15 14 50.1  -19 08 55  +000869.8 -000141.7  20 54 06.0  135.512 12.189  88.24  41502 17.6
2010-02-12  00:50:00  15 24 31.2  -19 31 54  +000873.5 -000133.9  20 54 26.5  135.784 11.901  90.55  41506 17.7
2010-02-12  01:00:00  15 34 14.7  -19 53 33  +000877.1 -000125.9  20 54 44.7  136.034 11.626  92.84  41508 17.8
2010-02-12  01:10:00  15 44 00.7  -20 13 51  +000880.7 -000117.5  20 55 00.4  136.264 11.367  95.15  41507 17.9
2010-02-12  01:20:00  15 53 49.0  -20 32 43  +000884.2 -000109.0  20 55 13.7  136.472 11.122  97.45  41504 17.9
2010-02-12  01:30:00  16 03 39.6  -20 50 09  +000887.6 -000100.2  20 55 24.8  136.660 10.893  99.76  41498 18.0
2010-02-12  01:40:00  16 13 32.4  -21 06 06  +000890.9 -000091.1  20 55 33.5  136.827 10.681 102.06  41489 18.1
2010-02-12  01:50:00  16 23 27.4  -21 20 31  +000894.1 -000081.9  20 55 40.2  136.973 10.487 104.38  41478 18.2
2010-02-12  02:00:00  16 33 24.5  -21 33 23  +000897.1 -000072.4  20 55 44.7  137.099 10.311 106.69  41464 18.3
2010-02-12  02:10:00  16 43 23.6  -21 44 40  +000900.0 -000062.8  20 55 47.3  137.204 10.154 109.01  41448 18.4
2010-02-12  02:20:00  16 53 24.5  -21 54 19  +000902.7 -000053.0  20 55 48.1  137.289 10.016 111.32  41428 18.4

   Date        UTC        RA         DECL      RARate   DeclRate    HourAng      Az     Um    Phase  Range  Mag
2010-02-12  16:20:00  07 02 04.2  +08 41 53  +000902.1 -000081.0  20 49 26.3  117.362 34.669  40.13  38862 16.5
2010-02-12  16:30:00  07 12 04.4  +08 27 33  +000898.4 -000091.0  20 49 27.8  117.547 34.485  37.75  38913 16.5
2010-02-12  16:40:00  07 22 02.1  +08 11 34  +000894.6 -000100.7  20 49 31.7  117.762 34.286  35.41  38966 16.5
2010-02-12  16:50:00  07 31 57.2  +07 53 59  +000890.7 -000110.2  20 49 38.2  118.006 34.072  33.07  39020 16.5
2010-02-12  17:00:00  07 41 49.7  +07 34 51  +000886.7 -000119.4  20 49 47.4  118.278 33.843  30.77  39074 16.5
2010-02-12  17:10:00  07 51 39.5  +07 14 12  +000882.6 -000128.3  20 49 59.3  118.577 33.601  28.50  39129 16.4
2010-02-12  17:20:00  08 01 26.6  +06 52 07  +000878.5 -000136.8  20 50 13.8  118.904 33.346  26.28  39185 16.4
2010-02-12  17:30:00  08 11 10.9  +06 28 37  +000874.4 -000145.1  20 50 31.1  119.256 33.078  24.10  39241 16.4
2010-02-12  17:40:00  08 20 52.5  +06 03 47  +000870.3 -000153.0  20 50 51.2  119.633 32.798  21.99  39298 16.4
2010-02-12  17:50:00  08 30 31.4  +05 37 39  +000866.3 -000160.5  20 51 13.9  120.033 32.507  19.95  39355 16.4
2010-02-12  18:00:00  08 40 07.5  +05 10 17  +000862.2 -000167.7  20 51 39.4  120.457 32.205  18.03  39412 16.4
2010-02-12  18:10:00  08 49 41.0  +04 41 45  +000858.3 -000174.6  20 52 07.6  120.901 31.892  16.25  39470 16.4
2010-02-12  18:20:00  08 59 11.9  +04 12 06  +000854.4 -000181.1  20 52 38.4  121.366 31.570  14.66  39528 16.4
2010-02-12  18:30:00  09 08 40.2  +03 41 24  +000850.6 -000187.3  20 53 11.7  121.851 31.238  13.32  39585 16.4
2010-02-12  18:40:00  09 18 06.1  +03 09 42  +000847.0 -000193.0  20 53 47.4  122.352 30.896  12.33  39643 16.4
2010-02-12  18:50:00  09 27 29.6  +02 37 05  +000843.5 -000198.5  20 54 25.6  122.871 30.546  11.75  39700 16.4
2010-02-12  19:00:00  09 36 50.8  +02 03 34     <<SHADOW>>        20 55 06.0  123.404 30.188  11.65  39757 ----
2010-02-12  19:10:00  09 46 09.8  +01 29 16     <<SHADOW>>        20 55 48.6  123.951 29.822  12.05  39814 ----
2010-02-12  19:20:00  09 55 26.8  +00 54 12     <<SHADOW>>        20 56 33.3  124.510 29.448  12.88  39871 ----
2010-02-12  19:30:00  10 04 41.9  +00 18 27     <<SHADOW>>        20 57 19.9  125.080 29.067  14.08  39927 ----
2010-02-12  19:40:00  10 13 55.1  -00 17 55     <<SHADOW>>        20 58 08.3  125.660 28.679  15.54  39983 ----
2010-02-12  19:50:00  10 23 06.7  -00 54 51  +000826.3 -000223.2  20 58 58.3  126.247 28.285  17.22  40038 16.4
2010-02-12  20:00:00  10 32 16.9  -01 32 17  +000824.1 -000226.0  20 59 49.8  126.842 27.884  19.04  40093 16.4
2010-02-12  20:10:00  10 41 25.7  -02 10 09  +000822.2 -000228.4  21 00 42.6  127.441 27.478  20.98  40147 16.4
2010-02-12  20:20:00  10 50 33.3  -02 48 24  +000820.6 -000230.5  21 01 36.7  128.045 27.067  22.98  40200 16.5
2010-02-12  20:30:00  10 59 39.9  -03 26 58  +000819.2 -000232.2  21 02 31.7  128.651 26.651  25.06  40253 16.5
2010-02-12  20:40:00  11 08 45.6  -04 05 47  +000818.0 -000233.6  21 03 27.7  129.258 26.230  27.17  40305 16.5
2010-02-12  20:50:00  11 17 50.6  -04 44 47  +000817.1 -000234.5  21 04 24.3  129.865 25.805  29.32  40355 16.5
2010-02-12  21:00:00  11 26 55.2  -05 23 56  +000816.5 -000235.1  21 05 21.4  130.471 25.377  31.49  40405 16.5
2010-02-12  21:10:00  11 35 59.3  -06 03 09  +000816.1 -000235.4  21 06 18.8  131.074 24.946  33.70  40454 16.6
2010-02-12  21:20:00  11 45 03.4  -06 42 23  +000816.0 -000235.3  21 07 16.4  131.673 24.512  35.91  40502 16.6
2010-02-12  21:30:00  11 54 07.4  -07 21 34  +000816.1 -000234.8  21 08 14.0  132.267 24.076  38.14  40549 16.6
2010-02-12  21:40:00  12 03 11.6  -08 00 38  +000816.5 -000234.0  21 09 11.5  132.855 23.638  40.37  40594 16.6
2010-02-12  21:50:00  12 12 16.2  -08 39 33  +000817.2 -000232.8  21 10 08.6  133.435 23.199  42.63  40639 16.7
2010-02-12  22:00:00  12 21 21.3  -09 18 14  +000818.1 -000231.3  21 11 05.1  134.007 22.760  44.87  40682 16.7
2010-02-12  22:10:00  12 30 27.0  -09 56 37  +000819.2 -000229.4  21 12 01.0  134.569 22.321  47.14  40723 16.7
2010-02-12  22:20:00  12 39 33.6  -10 34 40  +000820.6 -000227.1  21 12 56.0  135.120 21.883  49.40  40764 16.8
2010-02-12  22:30:00  12 48 41.3  -11 12 19  +000822.3 -000224.6  21 13 50.0  135.660 21.446  51.67  40802 16.8
2010-02-12  22:40:00  12 57 50.0  -11 49 30  +000824.1 -000221.6  21 14 42.9  136.188 21.012  53.93  40840 16.8
2010-02-12  22:50:00  13 07 00.2  -12 26 10  +000826.2 -000218.3  21 15 34.4  136.702 20.580  56.22  40875 16.9
2010-02-12  23:00:00  13 16 11.7  -13 02 16  +000828.5 -000214.7  21 16 24.5  137.201 20.151  58.48  40909 16.9
2010-02-12  23:10:00  13 25 24.9  -13 37 43  +000831.0 -000210.7  21 17 13.0  137.686 19.727  60.77  40942 17.0
2010-02-12  23:20:00  13 34 39.7  -14 12 29  +000833.7 -000206.4  21 17 59.8  138.156 19.307  63.04  40972 17.0
2010-02-12  23:30:00  13 43 56.4  -14 46 31  +000836.5 -000201.8  21 18 44.7  138.608 18.893  65.33  41001 17.1
2010-02-12  23:40:00  13 53 15.1  -15 19 44  +000839.5 -000196.8  21 19 27.7  139.044 18.486  67.61  41027 17.1
2010-02-12  23:50:00  14 02 35.8  -15 52 06  +000842.7 -000191.5  21 20 08.6  139.463 18.086  69.90  41052 17.2
2010-02-13  00:00:00  14 11 58.7  -16 23 33  +000846.0 -000185.8  21 20 47.4  139.863 17.694  72.17  41075 17.2
2010-02-13  00:10:00  14 21 23.8  -16 54 02  +000849.4 -000179.9  21 21 23.9  140.245 17.311  74.47  41095 17.3
2010-02-13  00:20:00  14 30 51.2  -17 23 30  +000852.9 -000173.6  21 21 58.1  140.608 16.937  76.75  41114 17.3
2010-02-13  00:30:00  14 40 21.0  -17 51 53  +000856.5 -000167.0  21 22 30.0  140.951 16.574  79.04  41130 17.4
2010-02-13  00:40:00  14 49 53.2  -18 19 09  +000860.1 -000160.2  21 22 59.5  141.275 16.223  81.33  41143 17.4
2010-02-13  00:50:00  14 59 27.8  -18 45 15  +000863.8 -000153.0  21 23 26.5  141.580 15.883  83.63  41155 17.5
2010-02-13  01:00:00  15 09 04.9  -19 10 08  +000867.5 -000145.5  21 23 51.0  141.864 15.557  85.91  41164 17.6
2010-02-13  01:10:00  15 18 44.5  -19 33 45  +000871.2 -000137.7  21 24 13.1  142.128 15.245  88.21  41170 17.6
2010-02-13  01:20:00  15 28 26.5  -19 56 02  +000874.9 -000129.7  21 24 32.7  142.372 14.947  90.50  41174 17.7
2010-02-13  01:30:00  15 38 11.0  -20 16 58  +000878.5 -000121.4  21 24 49.9  142.595 14.665  92.80  41175 17.8
2010-02-13  01:40:00  15 47 57.9  -20 36 30  +000882.1 -000112.9  21 25 04.6  142.799 14.400  95.10  41174 17.8
2010-02-13  01:50:00  15 57 47.2  -20 54 35  +000885.6 -000104.1  21 25 17.0  142.982 14.151  97.41  41170 17.9
2010-02-13  02:00:00  16 07 38.7  -21 11 11  +000889.0 -000095.1  21 25 27.1  143.144 13.921  99.70  41163 18.0
2010-02-13  02:10:00  16 17 32.5  -21 26 16  +000892.3 -000085.9  21 25 35.0  143.287 13.709 102.01  41154 18.1
2010-02-13  02:20:00  16 27 28.4  -21 39 48  +000895.4 -000076.4  21 25 40.7  143.411 13.517 104.31  41141 18.2
2010-02-13  02:30:00  16 37 26.4  -21 51 44  +000898.4 -000066.8  21 25 44.4  143.514 13.344 106.63  41126 18.2
2010-02-13  02:40:00  16 47 26.2  -22 02 04  +000901.2 -000057.0  21 25 46.2  143.599 13.193 108.94  41108 18.3
2010-02-13  02:50:00  16 57 27.9  -22 10 45  +000903.8 -000047.1  21 25 46.1  143.664 13.063 111.26  41087 18.4
2010-02-13  03:00:00  17 07 31.2  -22 17 45  +000906.2 -000037.0  21 25 44.4  143.711 12.955 113.58  41064 18.5
2010-02-13  03:10:00  17 17 36.1  -22 23 05  +000908.4 -000026.8  21 25 41.2  143.740 12.870 115.91  41037 18.6
2010-02-13  03:20:00  17 27 42.3  -22 26 42  +000910.3 -000016.6  21 25 36.6  143.751 12.808 118.22  41008 18.7
2010-02-13  03:30:00  17 37 49.8  -22 28 36  +000912.0 -000006.2  21 25 30.8  143.744 12.770 120.56  40976 18.9
2010-02-13  03:40:00  17 47 58.3  -22 28 46  +000913.5 +000004.2  21 25 23.9  143.721 12.756 122.89  40940 19.0
2010-02-13  03:50:00  17 58 07.7  -22 27 11  +000914.7 +000014.7  21 25 16.2  143.682 12.766 125.23  40903 19.1
2010-02-13  04:00:00  18 08 17.9  -22 23 52  +000915.7 +000025.2  21 25 07.7  143.627 12.802 127.57  40862 19.2
2010-02-13  04:10:00  18 18 28.6  -22 18 48  +000916.4 +000035.7  21 24 58.6  143.556 12.862 129.92  40819 19.4

   Date        UTC        RA         DECL      RARate   DeclRate    HourAng      Az     Um    Phase  Range  Mag
2010-02-13  16:20:00  06 36 02.5  +09 14 03  +000910.7 -000057.2  21 19 24.6  124.396 39.534  47.32  38380 16.6
2010-02-13  16:30:00  06 46 08.5  +09 03 38  +000907.4 -000067.8  21 19 20.2  124.506 39.381  44.89  38428 16.6
2010-02-13  16:40:00  06 56 12.3  +08 51 28  +000903.9 -000078.2  21 19 18.1  124.647 39.210  42.49  38478 16.6
2010-02-13  16:50:00  07 06 13.7  +08 37 35  +000900.2 -000088.4  21 19 18.3  124.820 39.021  40.09  38529 16.5
2010-02-13  17:00:00  07 16 12.6  +08 22 01  +000896.4 -000098.3  21 19 21.1  125.022 38.815  37.72  38581 16.5
2010-02-13  17:10:00  07 26 08.9  +08 04 49  +000892.5 -000108.0  21 19 26.4  125.254 38.592  35.37  38635 16.5
2010-02-13  17:20:00  07 36 02.6  +07 46 03  +000888.5 -000117.3  21 19 34.3  125.516 38.353  33.05  38689 16.5
2010-02-13  17:30:00  07 45 53.6  +07 25 44  +000884.4 -000126.4  21 19 45.0  125.806 38.099  30.74  38744 16.4
2010-02-13  17:40:00  07 55 41.9  +07 03 56  +000880.3 -000135.2  21 19 58.4  126.123 37.829  28.48  38800 16.4
2010-02-13  17:50:00  08 05 27.4  +06 40 42  +000876.2 -000143.6  21 20 14.5  126.467 37.546  26.25  38856 16.4
2010-02-13  18:00:00  08 15 10.1  +06 16 05  +000872.0 -000151.7  21 20 33.4  126.836 37.249  24.09  38913 16.4
2010-02-13  18:10:00  08 24 50.1  +05 50 09  +000867.9 -000159.4  21 20 55.1  127.230 36.939  21.97  38971 16.4
2010-02-13  18:20:00  08 34 27.3  +05 22 58  +000863.8 -000166.8  21 21 19.5  127.647 36.616  19.95  39028 16.4
2010-02-13  18:30:00  08 44 01.8  +04 54 34  +000859.7 -000173.9  21 21 46.6  128.086 36.281  18.03  39087 16.4
2010-02-13  18:40:00  08 53 33.6  +04 25 01  +000855.8 -000180.6  21 22 16.4  128.545 35.935  16.25  39145 16.4
2010-02-13  18:50:00  09 03 02.9  +03 54 24  +000851.9 -000186.9  21 22 48.8  129.024 35.577  14.66  39203 16.4
2010-02-13  19:00:00  09 12 29.6  +03 22 45  +000848.2 -000192.8  21 23 23.8  129.521 35.210  13.34  39262 16.4
2010-02-13  19:10:00  09 21 53.8  +02 50 08  +000844.6 -000198.4  21 24 01.2  130.034 34.831  12.34  39320 16.4
2010-02-13  19:20:00  09 31 15.7  +02 16 38  +000841.1 -000203.6  21 24 40.9  130.562 34.444  11.77  39379 16.4
2010-02-13  19:30:00  09 40 35.4  +01 42 17     <<SHADOW>>        21 25 22.9  131.104 34.047  11.68  39437 ----
2010-02-13  19:40:00  09 49 52.9  +01 07 10     <<SHADOW>>        21 26 07.0  131.658 33.641  12.07  39495 ----
2010-02-13  19:50:00  09 59 08.5  +00 31 20     <<SHADOW>>        21 26 53.1  132.223 33.227  12.91  39553 ----
2010-02-13  20:00:00  10 08 22.1  -00 05 09     <<SHADOW>>        21 27 41.1  132.797 32.805  14.09  39611 ----
2010-02-13  20:10:00  10 17 34.0  -00 42 12  +000826.7 -000224.0  21 28 30.8  133.379 32.376  15.57  39668 16.4
2010-02-13  20:20:00  10 26 44.4  -01 19 47  +000824.4 -000227.0  21 29 22.1  133.967 31.940  17.23  39724 16.4
2010-02-13  20:30:00  10 35 53.3  -01 57 50  +000822.4 -000229.5  21 30 14.9  134.559 31.497  19.06  39780 16.4
2010-02-13  20:40:00  10 45 00.9  -02 36 17  +000820.6 -000231.7  21 31 08.9  135.155 31.048  20.98  39836 16.4
2010-02-13  20:50:00  10 54 07.5  -03 15 03  +000819.0 -000233.6  21 32 04.0  135.754 30.594  22.99  39890 16.4
2010-02-13  21:00:00  11 03 13.1  -03 54 07  +000817.8 -000235.0  21 33 00.0  136.352 30.134  25.05  39944 16.5
2010-02-13  21:10:00  11 12 17.9  -04 33 23  +000816.7 -000236.1  21 33 56.8  136.951 29.671  27.17  39998 16.5
2010-02-13  21:20:00  11 21 22.1  -05 12 48  +000816.0 -000236.8  21 34 54.3  137.547 29.203  29.31  40050 16.5
2010-02-13  21:30:00  11 30 25.9  -05 52 18  +000815.4 -000237.2  21 35 52.1  138.139 28.731  31.49  40102 16.5
2010-02-13  21:40:00  11 39 29.4  -06 31 50  +000815.2 -000237.2  21 36 50.2  138.728 28.257  33.68  40152 16.5
2010-02-13  21:50:00  11 48 32.9  -07 11 20  +000815.2 -000236.8  21 37 48.4  139.310 27.781  35.90  40201 16.6
2010-02-13  22:00:00  11 57 36.4  -07 50 45  +000815.5 -000236.1  21 38 46.5  139.886 27.303  38.11  40250 16.6
2010-02-13  22:10:00  12 06 40.2  -08 30 00  +000816.0 -000235.0  21 39 44.4  140.453 26.824  40.35  40297 16.6
2010-02-13  22:20:00  12 15 44.5  -09 09 03  +000816.8 -000233.5  21 40 41.7  141.012 26.344  42.59  40343 16.7
2010-02-13  22:30:00  12 24 49.4  -09 47 49  +000817.8 -000231.7  21 41 38.5  141.560 25.865  44.85  40387 16.7
2010-02-13  22:40:00  12 33 55.0  -10 26 16  +000819.1 -000229.6  21 42 34.5  142.098 25.387  47.10  40431 16.7
2010-02-13  22:50:00  12 43 01.6  -11 04 19  +000820.6 -000227.0  21 43 29.6  142.623 24.910  49.36  40472 16.8
2010-02-13  23:00:00  12 52 09.2  -11 41 56  +000822.4 -000224.2  21 44 23.6  143.135 24.436  51.62  40513 16.8
2010-02-13  23:10:00  13 01 18.2  -12 19 02  +000824.4 -000221.0  21 45 16.3  143.634 23.966  53.89  40551 16.8
2010-02-13  23:20:00  13 10 28.5  -12 55 35  +000826.6 -000217.4  21 46 07.6  144.119 23.499  56.16  40588 16.9
2010-02-13  23:30:00  13 19 40.3  -13 31 30  +000829.0 -000213.5  21 46 57.4  144.588 23.037  58.44  40623 16.9
2010-02-13  23:40:00  13 28 53.9  -14 06 44  +000831.6 -000209.3  21 47 45.5  145.041 22.581  60.70  40657 17.0
2010-02-13  23:50:00  13 38 09.2  -14 41 15  +000834.4 -000204.7  21 48 31.8  145.478 22.131  62.99  40688 17.0
2010-02-14  00:00:00  13 47 26.4  -15 14 58  +000837.3 -000199.8  21 49 16.3  145.899 21.689  65.26  40718 17.0
2010-02-14  00:10:00  13 56 45.7  -15 47 50  +000840.5 -000194.6  21 49 58.6  146.301 21.254  67.54  40745 17.1
2010-02-14  00:20:00  14 06 07.0  -16 19 48  +000843.7 -000189.0  21 50 38.9  146.686 20.829  69.81  40771 17.1
2010-02-14  00:30:00  14 15 30.6  -16 50 49  +000847.1 -000183.1  21 51 17.0  147.053 20.413  72.10  40794 17.2
2010-02-14  00:40:00  14 24 56.5  -17 20 50  +000850.6 -000176.9  21 51 52.7  147.401 20.009  74.38  40815 17.2
2010-02-14  00:50:00  14 34 24.7  -17 49 47  +000854.1 -000170.4  21 52 26.1  147.730 19.615  76.67  40834 17.3
2010-02-14  01:00:00  14 43 55.3  -18 17 37  +000857.8 -000163.6  21 52 57.2  148.039 19.235  78.95  40850 17.4
2010-02-14  01:10:00  14 53 28.4  -18 44 18  +000861.5 -000156.5  21 53 25.7  148.330 18.867  81.24  40864 17.4
2010-02-14  01:20:00  15 03 04.0  -19 09 46  +000865.2 -000149.0  21 53 51.8  148.601 18.514  83.52  40875 17.5
2010-02-14  01:30:00  15 12 42.0  -19 33 58  +000868.9 -000141.4  21 54 15.4  148.853 18.176  85.81  40884 17.5
2010-02-14  01:40:00  15 22 22.5  -19 56 52  +000872.7 -000133.4  21 54 36.5  149.085 17.854  88.10  40890 17.6
2010-02-14  01:50:00  15 32 05.5  -20 18 25  +000876.3 -000125.1  21 54 55.2  149.298 17.549  90.40  40894 17.7
2010-02-14  02:00:00  15 41 51.0  -20 38 34  +000880.0 -000116.6  21 55 11.4  149.491 17.261  92.68  40894 17.7
2010-02-14  02:10:00  15 51 38.8  -20 57 17  +000883.6 -000107.9  21 55 25.2  149.665 16.992  94.99  40892 17.8
2010-02-14  02:20:00  16 01 29.0  -21 14 31  +000887.0 -000098.9  21 55 36.6  149.820 16.742  97.28  40887 17.9
2010-02-14  02:30:00  16 11 21.5  -21 30 15  +000890.4 -000089.7  21 55 45.8  149.957 16.512  99.58  40879 18.0
2010-02-14  02:40:00  16 21 16.2  -21 44 25  +000893.6 -000080.3  21 55 52.7  150.074 16.302 101.88  40869 18.0
2010-02-14  02:50:00  16 31 13.0  -21 57 01  +000896.7 -000070.7  21 55 57.6  150.173 16.114 104.19  40855 18.1
2010-02-14  03:00:00  16 41 11.7  -22 07 60  +000899.6 -000061.0  21 56 00.5  150.254 15.948 106.49  40839 18.2
2010-02-14  03:10:00  16 51 12.4  -22 17 20  +000902.3 -000051.0  21 56 01.5  150.318 15.805 108.81  40819 18.3
2010-02-14  03:20:00  17 01 14.8  -22 24 60  +000904.8 -000041.0  21 56 00.7  150.364 15.685 111.12  40797 18.4
2010-02-14  03:30:00  17 11 18.8  -22 30 59  +000907.1 -000030.8  21 55 58.4  150.393 15.589 113.44  40771 18.5
2010-02-14  03:40:00  17 21 24.3  -22 35 15  +000909.2 -000020.5  21 55 54.5  150.406 15.518 115.76  40743 18.6
2010-02-14  03:50:00  17 31 31.0  -22 37 48  +000911.1 -000010.1  21 55 49.4  150.403 15.471 118.09  40711 18.7
2010-02-14  04:00:00  17 41 39.0  -22 38 36  +000912.7 +000000.4  21 55 43.1  150.385 15.449 120.41  40677 18.8

   Date        UTC        RA         DECL      RARate   DeclRate    HourAng      Az     Um    Phase  Range  Mag
2010-02-14  16:20:00  06 09 29.9  +09 36 03  +000918.2 -000031.7  21 49 53.8  132.570 43.956  54.68  37958 16.7
2010-02-14  16:30:00  06 19 41.1  +09 29 50  +000915.4 -000042.8  21 49 44.2  132.597 43.847  52.22  38003 16.7
2010-02-14  16:40:00  06 29 50.4  +09 21 47  +000912.4 -000053.8  21 49 36.6  132.655 43.716  49.78  38050 16.6
2010-02-14  16:50:00  06 39 57.6  +09 11 55  +000909.1 -000064.6  21 49 31.0  132.745 43.563  47.34  38097 16.6
2010-02-14  17:00:00  06 50 02.5  +09 00 16  +000905.7 -000075.2  21 49 27.7  132.866 43.389  44.92  38147 16.6
2010-02-14  17:10:00  07 00 05.1  +08 46 52  +000902.1 -000085.6  21 49 26.7  133.018 43.195  42.51  38197 16.5
2010-02-14  17:20:00  07 10 05.3  +08 31 45  +000898.3 -000095.7  21 49 28.2  133.201 42.982  40.13  38249 16.5
2010-02-14  17:30:00  07 20 02.9  +08 14 59  +000894.4 -000105.5  21 49 32.2  133.414 42.749  37.76  38302 16.5
2010-02-14  17:40:00  07 29 57.9  +07 56 36  +000890.4 -000115.1  21 49 38.9  133.656 42.499  35.41  38356 16.5
2010-02-14  17:50:00  07 39 50.2  +07 36 39  +000886.4 -000124.3  21 49 48.3  133.928 42.231  33.08  38411 16.4
2010-02-14  18:00:00  07 49 39.7  +07 15 11  +000882.2 -000133.2  21 50 00.4  134.227 41.946  30.80  38467 16.4
2010-02-14  18:10:00  07 59 26.5  +06 52 16  +000878.0 -000141.9  21 50 15.2  134.553 41.645  28.53  38524 16.4
2010-02-14  18:20:00  08 09 10.4  +06 27 56  +000873.8 -000150.1  21 50 32.9  134.905 41.328  26.31  38581 16.4
2010-02-14  18:30:00  08 18 51.6  +06 02 14  +000869.7 -000158.1  21 50 53.4  135.282 40.996  24.14  38639 16.4
2010-02-14  18:40:00  08 28 30.0  +05 35 15  +000865.5 -000165.7  21 51 16.6  135.682 40.650  22.04  38697 16.4
2010-02-14  18:50:00  08 38 05.6  +05 07 02  +000861.4 -000172.9  21 51 42.7  136.104 40.290  20.01  38756 16.4
2010-02-14  19:00:00  08 47 38.5  +04 37 39  +000857.4 -000179.7  21 52 11.4  136.547 39.917  18.10  38815 16.4
2010-02-14  19:10:00  08 57 08.8  +04 07 09  +000853.4 -000186.2  21 52 42.8  137.010 39.531  16.32  38874 16.3
2010-02-14  19:20:00  09 06 36.4  +03 35 36  +000849.6 -000192.3  21 53 16.8  137.490 39.133  14.73  38934 16.3
2010-02-14  19:30:00  09 16 01.6  +03 03 04  +000845.9 -000198.1  21 53 53.3  137.987 38.723  13.40  38994 16.3
2010-02-14  19:40:00  09 25 24.3  +02 29 36  +000842.3 -000203.4  21 54 32.2  138.498 38.302  12.41  39053 16.3
2010-02-14  19:50:00  09 34 44.8  +01 55 16  +000838.9 -000208.4  21 55 13.4  139.023 37.871  11.83  39113 16.3
2010-02-14  20:00:00  09 44 03.0  +01 20 08     <<SHADOW>>        21 55 56.8  139.560 37.429  11.72  39173 ----
2010-02-14  20:10:00  09 53 19.1  +00 44 17     <<SHADOW>>        21 56 42.3  140.107 36.979  12.10  39232 ----
2010-02-14  20:20:00  10 02 33.3  +00 07 45     <<SHADOW>>        21 57 29.8  140.663 36.519  12.92  39291 ----
2010-02-14  20:30:00  10 11 45.6  -00 29 24     <<SHADOW>>        21 58 19.1  141.226 36.050  14.10  39350 ----
2010-02-14  20:40:00  10 20 56.3  -01 07 05  +000824.9 -000227.6  21 59 10.0  141.795 35.574  15.56  39409 16.4
2010-02-14  20:50:00  10 30 05.5  -01 45 15  +000822.7 -000230.3  22 00 02.5  142.368 35.091  17.22  39467 16.4
2010-02-14  21:00:00  10 39 13.3  -02 23 50  +000820.8 -000232.6  22 00 56.3  142.944 34.601  19.03  39525 16.4
2010-02-14  21:10:00  10 48 19.9  -03 02 46  +000819.1 -000234.6  22 01 51.4  143.522 34.104  20.95  39582 16.4
2010-02-14  21:20:00  10 57 25.5  -03 41 60  +000817.7 -000236.1  22 02 47.4  144.099 33.602  22.95  39638 16.4
2010-02-14  21:30:00  11 06 30.2  -04 21 28  +000816.5 -000237.3  22 03 44.4  144.675 33.096  25.01  39694 16.4
2010-02-14  21:40:00  11 15 34.2  -05 01 05  +000815.6 -000238.2  22 04 42.0  145.249 32.585  27.11  39749 16.5
2010-02-14  21:50:00  11 24 37.7  -05 40 50  +000815.0 -000238.6  22 05 40.1  145.819 32.070  29.26  39803 16.5
2010-02-14  22:00:00  11 33 40.9  -06 20 37  +000814.6 -000238.7  22 06 38.6  146.384 31.552  31.42  39856 16.5
2010-02-14  22:10:00  11 42 43.9  -07 00 23  +000814.5 -000238.4  22 07 37.3  146.942 31.032  33.62  39908 16.5
2010-02-14  22:20:00  11 51 46.9  -07 40 04  +000814.6 -000237.8  22 08 35.9  147.493 30.510  35.82  39960 16.6
2010-02-14  22:30:00  12 00 50.1  -08 19 37  +000815.0 -000236.8  22 09 34.4  148.036 29.988  38.04  40010 16.6
2010-02-14  22:40:00  12 09 53.6  -08 58 59  +000815.7 -000235.4  22 10 32.5  148.569 29.465  40.27  40058 16.6
2010-02-14  22:50:00  12 18 57.7  -09 38 05  +000816.6 -000233.7  22 11 30.0  149.092 28.943  42.51  40106 16.6
2010-02-14  23:00:00  12 28 02.4  -10 16 52  +000817.8 -000231.6  22 12 26.9  149.604 28.423  44.75  40152 16.7
2010-02-14  23:10:00  12 37 08.0  -10 55 17  +000819.2 -000229.2  22 13 22.9  150.103 27.905  47.01  40197 16.7
2010-02-14  23:20:00  12 46 14.7  -11 33 15  +000820.8 -000226.4  22 14 17.9  150.590 27.390  49.26  40240 16.7
2010-02-14  23:30:00  12 55 22.5  -12 10 44  +000822.7 -000223.3  22 15 11.8  151.062 26.878  51.52  40282 16.8
2010-02-14  23:40:00  13 04 31.7  -12 47 40  +000824.8 -000219.8  22 16 04.2  151.521 26.372  53.78  40322 16.8
2010-02-14  23:50:00  13 13 42.3  -13 23 60  +000827.1 -000216.0  22 16 55.3  151.964 25.871  56.05  40360 16.9
2010-02-15  00:00:00  13 22 54.6  -13 59 40  +000829.6 -000211.9  22 17 44.6  152.392 25.376  58.31  40396 16.9
2010-02-15  00:10:00  13 32 08.5  -14 34 36  +000832.4 -000207.4  22 18 32.3  152.803 24.889  60.59  40431 16.9
2010-02-15  00:20:00  13 41 24.4  -15 08 46  +000835.2 -000202.5  22 19 18.1  153.198 24.410  62.86  40463 17.0
2010-02-15  00:30:00  13 50 42.2  -15 42 06  +000838.3 -000197.4  22 20 01.9  153.576 23.940  65.13  40494 17.0
2010-02-15  00:40:00  14 00 02.1  -16 14 33  +000841.5 -000191.9  22 20 43.6  153.936 23.480  67.40  40522 17.1
2010-02-15  00:50:00  14 09 24.2  -16 46 03  +000844.8 -000186.1  22 21 23.2  154.279 23.031  69.68  40548 17.1
2010-02-15  01:00:00  14 18 48.6  -17 16 34  +000848.3 -000180.0  22 22 00.5  154.604 22.594  71.95  40572 17.2
2010-02-15  01:10:00  14 28 15.3  -17 46 02  +000851.8 -000173.5  22 22 35.4  154.911 22.170  74.24  40593 17.2
2010-02-15  01:20:00  14 37 44.4  -18 14 24  +000855.5 -000166.8  22 23 08.0  155.199 21.759  76.51  40612 17.3
2010-02-15  01:30:00  14 47 15.9  -18 41 36  +000859.1 -000159.7  22 23 38.1  155.469 21.363  78.80  40628 17.3
2010-02-15  01:40:00  14 56 49.9  -19 07 37  +000862.9 -000152.4  22 24 05.7  155.720 20.983  81.07  40642 17.4
2010-02-15  01:50:00  15 06 26.4  -19 32 23  +000866.6 -000144.7  22 24 30.9  155.953 20.618  83.36  40653 17.5
2010-02-15  02:00:00  15 16 05.4  -19 55 51  +000870.4 -000136.8  22 24 53.5  156.168 20.271  85.64  40661 17.5
2010-02-15  02:10:00  15 25 46.9  -20 17 59  +000874.1 -000128.7  22 25 13.7  156.364 19.942  87.94  40667 17.6
2010-02-15  02:20:00  15 35 30.9  -20 38 44  +000877.8 -000120.2  22 25 31.3  156.542 19.632  90.22  40670 17.7
2010-02-15  02:30:00  15 45 17.3  -20 58 03  +000881.4 -000111.5  22 25 46.6  156.703 19.341  92.52  40670 17.7
2010-02-15  02:40:00  15 55 06.1  -21 15 54  +000885.0 -000102.6  22 25 59.4  156.845 19.071  94.80  40667 17.8
2010-02-15  02:50:00  16 04 57.2  -21 32 15  +000888.4 -000093.5  22 26 09.9  156.970 18.823  97.10  40661 17.9
2010-02-15  03:00:00  16 14 50.6  -21 47 03  +000891.7 -000084.1  22 26 18.1  157.078 18.596  99.39  40652 17.9
2010-02-15  03:10:00  16 24 46.2  -22 00 16  +000894.9 -000074.5  22 26 24.2  157.169 18.392 101.70  40639 18.0
2010-02-15  03:20:00  16 34 43.8  -22 11 53  +000897.9 -000064.8  22 26 28.3  157.243 18.211 104.00  40624 18.1
2010-02-15  03:30:00  16 44 43.4  -22 21 52  +000900.8 -000054.9  22 26 30.3  157.301 18.054 106.31  40606 18.2
2010-02-15  03:40:00  16 54 44.8  -22 30 11  +000903.4 -000044.8  22 26 30.6  157.344 17.921 108.61  40585 18.3
2010-02-15  03:50:00  17 04 47.9  -22 36 48  +000905.8 -000034.6  22 26 29.1  157.372 17.814 110.93  40561 18.4
2010-02-15  04:00:00  17 14 52.5  -22 41 43  +000908.0 -000024.3  22 26 26.1  157.385 17.732 113.24  40533 18.5

   Date        UTC        RA         DECL      RARate   DeclRate    HourAng      Az     Um    Phase  Range  Mag
2010-02-15  16:20:00  05 42 30.6  +09 47 05  +000924.4 -000004.9  22 20 49.6  142.089 47.735  62.19  37606 16.8
2010-02-15  16:30:00  05 52 46.2  +09 45 18  +000922.2 -000016.5  22 20 35.7  142.031 47.684  59.70  37647 16.8
2010-02-15  16:40:00  06 03 00.2  +09 41 36  +000919.8 -000027.9  22 20 23.3  142.002 47.606  57.23  37689 16.7
2010-02-15  16:50:00  06 13 12.5  +09 36 01  +000917.1 -000039.2  22 20 12.6  142.003 47.503  54.76  37732 16.7
2010-02-15  17:00:00  06 23 22.9  +09 28 33  +000914.1 -000050.3  22 20 03.8  142.034 47.375  52.31  37778 16.7
2010-02-15  17:10:00  06 33 31.3  +09 19 15  +000911.0 -000061.3  22 19 57.1  142.096 47.223  49.86  37825 16.6
2010-02-15  17:20:00  06 43 37.5  +09 08 09  +000907.6 -000072.0  22 19 52.6  142.188 47.048  47.43  37874 16.6
2010-02-15  17:30:00  06 53 41.4  +08 55 16  +000904.0 -000082.5  22 19 50.3  142.310 46.850  45.01  37924 16.6
2010-02-15  17:40:00  07 03 42.8  +08 40 39  +000900.3 -000092.8  22 19 50.5  142.462 46.630  42.62  37975 16.5
2010-02-15  17:50:00  07 13 41.8  +08 24 21  +000896.4 -000102.8  22 19 53.2  142.644 46.389  40.22  38028 16.5
2010-02-15  18:00:00  07 23 38.1  +08 06 24  +000892.5 -000112.5  22 19 58.5  142.856 46.127  37.86  38082 16.5
2010-02-15  18:10:00  07 33 31.7  +07 46 51  +000888.4 -000121.9  22 20 06.6  143.095 45.845  35.51  38137 16.5
2010-02-15  18:20:00  07 43 22.6  +07 25 46  +000884.2 -000131.1  22 20 17.3  143.363 45.544  33.20  38193 16.4
2010-02-15  18:30:00  07 53 10.7  +07 03 11  +000880.0 -000139.8  22 20 30.9  143.657 45.225  30.90  38250 16.4
2010-02-15  18:40:00  08 02 56.0  +06 39 10  +000875.8 -000148.3  22 20 47.2  143.977 44.887  28.65  38307 16.4
2010-02-15  18:50:00  08 12 38.4  +06 13 47  +000871.6 -000156.4  22 21 06.4  144.321 44.533  26.42  38365 16.4
2010-02-15  19:00:00  08 22 18.1  +05 47 03  +000867.4 -000164.2  22 21 28.4  144.688 44.162  24.26  38424 16.4
2010-02-15  19:10:00  08 31 54.9  +05 19 04  +000863.2 -000171.6  22 21 53.2  145.077 43.775  22.15  38484 16.4
2010-02-15  19:20:00  08 41 29.0  +04 49 54  +000859.1 -000178.6  22 22 20.7  145.487 43.373  20.14  38544 16.4
2010-02-15  19:30:00  08 51 00.4  +04 19 34  +000855.1 -000185.2  22 22 51.0  145.916 42.957  18.22  38604 16.3
2010-02-15  19:40:00  09 00 29.2  +03 48 10  +000851.2 -000191.5  22 23 23.9  146.362 42.527  16.45  38665 16.3
2010-02-15  19:50:00  09 09 55.3  +03 15 45  +000847.4 -000197.4  22 23 59.4  146.825 42.083  14.85  38725 16.3
2010-02-15  20:00:00  09 19 19.0  +02 42 24  +000843.7 -000202.9  22 24 37.3  147.302 41.627  13.52  38786 16.3
2010-02-15  20:10:00  09 28 40.3  +02 08 08  +000840.2 -000208.0  22 25 17.6  147.791 41.159  12.51  38848 16.3
2010-02-15  20:20:00  09 37 59.4  +01 33 04  +000836.9 -000212.8  22 26 00.3  148.293 40.679  11.92  38909 16.3
2010-02-15  20:30:00  09 47 16.2  +00 57 14     <<SHADOW>>        22 26 45.0  148.804 40.189  11.79  38970 ----
2010-02-15  20:40:00  09 56 31.0  +00 20 42     <<SHADOW>>        22 27 31.9  149.323 39.689  12.15  39031 ----
2010-02-15  20:50:00  10 05 44.0  -00 16 27     <<SHADOW>>        22 28 20.6  149.849 39.180  12.94  39092 ----
2010-02-15  21:00:00  10 14 55.2  -00 54 11     <<SHADOW>>        22 29 11.0  150.381 38.662  14.09  39153 ----
2010-02-15  21:10:00  10 24 04.7  -01 32 24  +000823.2 -000230.7  22 30 03.1  150.916 38.136  15.54  39213 16.4
2010-02-15  21:20:00  10 33 12.9  -02 11 04  +000821.2 -000233.2  22 30 56.6  151.454 37.602  17.17  39273 16.4
2010-02-15  21:30:00  10 42 19.7  -02 50 06  +000819.4 -000235.2  22 31 51.4  151.992 37.062  18.98  39332 16.4
2010-02-15  21:40:00  10 51 25.4  -03 29 27  +000817.8 -000236.9  22 32 47.4  152.531 36.515  20.88  39391 16.4
2010-02-15  21:50:00  11 00 30.2  -04 09 03  +000816.5 -000238.2  22 33 44.3  153.068 35.964  22.88  39449 16.4
2010-02-15  22:00:00  11 09 34.1  -04 48 50  +000815.5 -000239.1  22 34 41.9  153.601 35.408  24.92  39507 16.4
2010-02-15  22:10:00  11 18 37.5  -05 28 44  +000814.7 -000239.7  22 35 40.2  154.131 34.848  27.03  39564 16.5
2010-02-15  22:20:00  11 27 40.4  -06 08 43  +000814.2 -000239.9  22 36 38.9  154.655 34.286  29.15  39620 16.5
2010-02-15  22:30:00  11 36 43.1  -06 48 41  +000813.9 -000239.7  22 37 37.9  155.173 33.721  31.32  39675 16.5
2010-02-15  22:40:00  11 45 45.7  -07 28 35  +000813.9 -000239.1  22 38 37.0  155.684 33.155  33.50  39729 16.5
2010-02-15  22:50:00  11 54 48.3  -08 08 23  +000814.2 -000238.2  22 39 35.9  156.186 32.588  35.71  39782 16.5
2010-02-15  23:00:00  12 03 51.3  -08 47 59  +000814.7 -000237.0  22 40 34.6  156.678 32.022  37.91  39834 16.6
2010-02-15  23:10:00  12 12 54.7  -09 27 21  +000815.5 -000235.3  22 41 32.9  157.161 31.456  40.15  39884 16.6
2010-02-15  23:20:00  12 21 58.7  -10 06 25  +000816.6 -000233.4  22 42 30.5  157.632 30.893  42.37  39933 16.6
2010-02-15  23:30:00  12 31 03.5  -10 45 07  +000817.9 -000231.0  22 43 27.4  158.091 30.332  44.62  39981 16.7
2010-02-15  23:40:00  12 40 09.2  -11 23 24  +000819.4 -000228.3  22 44 23.3  158.537 29.775  46.86  40027 16.7
2010-02-15  23:50:00  12 49 16.0  -12 01 12  +000821.2 -000225.3  22 45 18.1  158.971 29.223  49.12  40072 16.7
2010-02-16  00:00:00  12 58 24.1  -12 38 28  +000823.2 -000221.9  22 46 11.6  159.390 28.677  51.36  40115 16.8
2010-02-16  00:10:00  13 07 33.6  -13 15 09  +000825.4 -000218.2  22 47 03.8  159.795 28.136  53.63  40156 16.8
2010-02-16  00:20:00  13 16 44.7  -13 51 11  +000827.8 -000214.1  22 47 54.4  160.184 27.604  55.88  40196 16.8
2010-02-16  00:30:00  13 25 57.4  -14 26 30  +000830.4 -000209.7  22 48 43.3  160.559 27.079  58.15  40233 16.9
2010-02-16  00:40:00  13 35 12.0  -15 01 04  +000833.3 -000204.9  22 49 30.4  160.917 26.564  60.41  40268 16.9
2010-02-16  00:50:00  13 44 28.4  -15 34 48  +000836.2 -000199.9  22 50 15.5  161.260 26.059  62.69  40302 17.0
2010-02-16  01:00:00  13 53 47.0  -16 07 40  +000839.4 -000194.5  22 50 58.6  161.586 25.565  64.95  40333 17.0
2010-02-16  01:10:00  14 03 07.6  -16 39 37  +000842.7 -000188.7  22 51 39.6  161.895 25.084  67.22  40362 17.1
2010-02-16  01:20:00  14 12 30.5  -17 10 34  +000846.1 -000182.7  22 52 18.4  162.187 24.615  69.49  40388 17.1
2010-02-16  01:30:00  14 21 55.7  -17 40 30  +000849.6 -000176.4  22 52 54.8  162.462 24.160  71.77  40412 17.2
2010-02-16  01:40:00  14 31 23.3  -18 09 20  +000853.2 -000169.7  22 53 28.9  162.721 23.720  74.03  40433 17.2
2010-02-16  01:50:00  14 40 53.3  -18 37 03  +000856.9 -000162.7  22 54 00.5  162.962 23.296  76.32  40452 17.3
2010-02-16  02:00:00  14 50 25.8  -19 03 34  +000860.6 -000155.5  22 54 29.7  163.186 22.888  78.59  40468 17.3
2010-02-16  02:10:00  15 00 00.7  -19 28 51  +000864.3 -000147.9  22 54 56.4  163.393 22.498  80.87  40482 17.4
2010-02-16  02:20:00  15 09 38.2  -19 52 51  +000868.1 -000140.1  22 55 20.5  163.584 22.127  83.14  40492 17.4
2010-02-16  02:30:00  15 19 18.2  -20 15 32  +000871.9 -000132.0  22 55 42.2  163.757 21.774  85.43  40500 17.5
2010-02-16  02:40:00  15 29 00.7  -20 36 50  +000875.6 -000123.6  22 56 01.3  163.914 21.442  87.71  40505 17.6
2010-02-16  02:50:00  15 38 45.7  -20 56 43  +000879.3 -000115.0  22 56 18.0  164.055 21.131  90.00  40507 17.6
2010-02-16  03:00:00  15 48 33.1  -21 15 09  +000882.9 -000106.1  22 56 32.2  164.179 20.841  92.28  40506 17.7
2010-02-16  03:10:00  15 58 22.8  -21 32 05  +000886.4 -000097.0  22 56 44.1  164.288 20.574  94.58  40501 17.8
2010-02-16  03:20:00  16 08 14.9  -21 47 29  +000889.8 -000087.7  22 56 53.7  164.382 20.330  96.86  40494 17.9
2010-02-16  03:30:00  16 18 09.2  -22 01 19  +000893.1 -000078.2  22 57 01.0  164.461 20.110  99.17  40483 17.9
2010-02-16  03:40:00  16 28 05.6  -22 13 33  +000896.2 -000068.5  22 57 06.3  164.525 19.914 101.46  40470 18.0
2010-02-16  03:50:00  16 38 04.1  -22 24 10  +000899.1 -000058.7  22 57 09.5  164.575 19.743 103.76  40453 18.1
2010-02-16  04:00:00  16 48 04.4  -22 33 06  +000901.9 -000048.6  22 57 10.8  164.612 19.598 106.06  40433 18.2
