ЭФЕМЕРИДЫ ПО ОБЪЕКТУ:  90043
Для пункта:  10016 Маяки   46 23'50.68"   30 16'17.74"    14m
C   2010-02-01 12:00
по  2010-02-16 12:00
Шаг  0:10:00
Мин.угол места:          10 град
Макс.угол места Солнца: -10 град
Стандартный блеск :      9.0 (зв.вел.)

ОБОЗНАЧЕНИЯ
RA        прямое восхождение, тек.эпоха
DECL      склонение, тек.эпоха
RARate    скорость по пр.восх., арксек/мин
DeclRate  скорость по склонению, арксек/мин
HourAng   часовой угол
Az        азимут
Um        угол места
Phase     фазовый угол
Range     дальность
Mag       зв.величина (оценка)

   Date        UTC        RA         DECL      RARate   DeclRate    HourAng      Az     Um    Phase  Range  Mag
2010-02-04  17:40:00  23 44 56.0  -01 10 52  +000920.0 +000127.6  04 55 15.2  257.320 10.212 139.73  39925 19.4
2010-02-04  17:50:00  23 55 09.6  -00 49 55  +000920.7 +000123.7  04 55 03.3  257.521 10.503 137.25  39902 19.2
2010-02-04  18:00:00  00 05 23.6  -00 29 38  +000921.4 +000119.6  04 54 50.9  257.714 10.788 134.77  39881 19.0
2010-02-04  18:10:00  00 15 38.1  -00 10 04  +000922.1 +000115.2  04 54 38.1  257.898 11.065 132.28  39861 18.9
2010-02-04  18:20:00  00 25 53.0  +00 08 45  +000922.8 +000110.5  04 54 24.8  258.072 11.334 129.79  39842 18.7
2010-02-04  18:30:00  00 36 08.4  +00 26 46  +000923.5 +000105.7  04 54 11.0  258.235 11.594 127.29  39824 18.6
2010-02-04  18:40:00  00 46 24.3  +00 43 58  +000924.2 +000100.6  04 53 56.8  258.388 11.845 124.80  39807 18.4
2010-02-04  18:50:00  00 56 40.6  +01 00 17  +000924.8 +000095.3  04 53 42.1  258.530 12.087 122.29  39791 18.3
2010-02-04  19:00:00  01 06 57.4  +01 15 43  +000925.5 +000089.8  04 53 27.0  258.660 12.319 119.80  39777 18.2
2010-02-04  19:10:00  01 17 14.6  +01 30 12  +000926.1 +000084.1  04 53 11.4  258.779 12.541 117.29  39764 18.0
2010-02-04  19:20:00  01 27 32.3  +01 43 44  +000926.7 +000078.2  04 52 55.4  258.885 12.752 114.80  39752 17.9
2010-02-04  19:30:00  01 37 50.3  +01 56 16  +000927.3 +000072.2  04 52 39.0  258.979 12.952 112.29  39741 17.8
2010-02-04  19:40:00  01 48 08.6  +02 07 47  +000927.8 +000066.0  04 52 22.3  259.060 13.140 109.80  39732 17.7
2010-02-04  19:50:00  01 58 27.3  +02 18 16  +000928.2 +000059.7  04 52 05.3  259.128 13.317 107.29  39724 17.6
2010-02-04  20:00:00  02 08 46.2  +02 27 41  +000928.6 +000053.2  04 51 48.0  259.183 13.481 104.80  39717 17.5
2010-02-04  20:10:00  02 19 05.4  +02 36 00  +000928.9 +000046.7  04 51 30.5  259.224 13.632 102.30  39712 17.4
2010-02-04  20:20:00  02 29 24.7  +02 43 14  +000929.1 +000040.0  04 51 12.8  259.253 13.771  99.81  39708 17.3
2010-02-04  20:30:00  02 39 44.1  +02 49 20  +000929.2 +000033.3  04 50 55.0  259.268 13.896  97.31  39706 17.2
2010-02-04  20:40:00  02 50 03.6  +02 54 19  +000929.3 +000026.5  04 50 37.2  259.270 14.007  94.83  39704 17.1
2010-02-04  20:50:00  03 00 23.1  +02 58 10  +000929.2 +000019.6  04 50 19.3  259.258 14.105  92.34  39705 17.1
2010-02-04  21:00:00  03 10 42.6  +03 00 52  +000929.1 +000012.7  04 50 01.5  259.233 14.188  89.86  39706 17.0
2010-02-04  21:10:00  03 21 01.9  +03 02 24  +000928.9 +000005.8  04 49 43.8  259.196 14.257  87.38  39709 16.9
2010-02-04  21:20:00  03 31 21.1  +03 02 48  +000928.6 -000001.1  04 49 26.3  259.145 14.311  84.91  39714 16.8
2010-02-04  21:30:00  03 41 40.0  +03 02 02  +000928.1 -000008.0  04 49 09.1  259.082 14.350  82.44  39719 16.8
2010-02-04  21:40:00  03 51 58.5  +03 00 08  +000927.6 -000014.9  04 48 52.1  259.006 14.375  79.99  39726 16.7
2010-02-04  21:50:00  04 02 16.8  +02 57 05  +000927.0 -000021.7  04 48 35.5  258.918 14.384  77.52  39735 16.7
2010-02-04  22:00:00  04 12 34.6  +02 52 53  +000926.3 -000028.5  04 48 19.4  258.818 14.378  75.08  39745 16.6
2010-02-04  22:10:00  04 22 51.9  +02 47 34  +000925.6 -000035.2  04 48 03.7  258.707 14.357  72.64  39756 16.5
2010-02-04  22:20:00  04 33 08.6  +02 41 09  +000924.7 -000041.9  04 47 48.6  258.584 14.321  70.21  39768 16.5
2010-02-04  22:30:00  04 43 24.8  +02 33 37  +000923.8 -000048.4  04 47 34.1  258.450 14.270  67.78  39782 16.4
2010-02-04  22:40:00  04 53 40.3  +02 25 01  +000922.8 -000054.8  04 47 20.2  258.307 14.203  65.38  39797 16.4
2010-02-04  22:50:00  05 03 55.1  +02 15 21  +000921.7 -000061.1  04 47 07.1  258.153 14.121  62.97  39814 16.4
2010-02-04  23:00:00  05 14 09.2  +02 04 38  +000920.6 -000067.3  04 46 54.6  257.989 14.024  60.60  39831 16.3
2010-02-04  23:10:00  05 24 22.5  +01 52 55  +000919.4 -000073.3  04 46 43.0  257.816 13.913  58.22  39850 16.3
2010-02-04  23:20:00  05 34 35.0  +01 40 13  +000918.1 -000079.2  04 46 32.1  257.635 13.787  55.87  39870 16.2
2010-02-04  23:30:00  05 44 46.7  +01 26 33  +000916.9 -000084.8  04 46 22.1  257.445 13.647  53.53  39892 16.2
2010-02-04  23:40:00  05 54 57.5  +01 11 57  +000915.6 -000090.3  04 46 12.9  257.248 13.493  51.22  39914 16.2
2010-02-04  23:50:00  06 05 07.4  +00 56 27  +000914.3 -000095.6  04 46 04.6  257.043 13.325  48.92  39937 16.1
2010-02-05  00:00:00  06 15 16.5  +00 40 05  +000912.9 -000100.7  04 45 57.2  256.831 13.144  46.67  39962 16.1
2010-02-05  00:10:00  06 25 24.7  +00 22 54  +000911.6 -000105.6  04 45 50.6  256.613 12.950  44.43  39987 16.1
2010-02-05  00:20:00  06 35 32.0  +00 04 55  +000910.3 -000110.2  04 45 45.0  256.389 12.743  42.24  40013 16.0
2010-02-05  00:30:00  06 45 38.4  -00 13 50  +000909.0 -000114.6  04 45 40.2  256.159 12.525  40.08  40040 16.0
2010-02-05  00:40:00  06 55 44.0  -00 33 17  +000907.7 -000118.8  04 45 36.3  255.924 12.295  37.98  40068 16.0
2010-02-05  00:50:00  07 05 48.7  -00 53 25  +000906.5 -000122.8  04 45 33.2  255.685 12.054  35.92  40097 16.0
2010-02-05  01:00:00  07 15 52.6  -01 14 11  +000905.3 -000126.4  04 45 30.9  255.442 11.802  33.94  40126 15.9
2010-02-05  01:10:00  07 25 55.7  -01 35 33  +000904.1 -000129.9  04 45 29.4  255.194 11.541  32.03  40156 15.9
2010-02-05  01:20:00  07 35 58.1  -01 57 28  +000903.0 -000133.1  04 45 28.7  254.944 11.271  30.22  40187 15.9
2010-02-05  01:30:00  07 45 59.7  -02 19 53  +000902.0 -000136.0  04 45 28.7  254.690 10.992  28.51  40218 15.9
2010-02-05  01:40:00  07 56 00.7  -02 42 47  +000901.0 -000138.6  04 45 29.3  254.433 10.706  26.93  40249 15.9
2010-02-05  01:50:00  08 06 01.1  -03 06 05  +000900.2 -000141.0  04 45 30.6  254.175 10.412  25.51  40281 15.9
2010-02-05  02:00:00  08 16 01.0  -03 29 45  +000899.4 -000143.1  04 45 32.4  253.914 10.112  24.26  40313 15.9

   Date        UTC        RA         DECL      RARate   DeclRate    HourAng      Az     Um    Phase  Range  Mag
2010-02-05  16:10:00  22 43 24.7  -03 33 22  +000917.2 +000147.1  04 30 28.3  250.988 12.544 155.43  39632 21.0
2010-02-05  16:20:00  22 53 36.3  -03 09 02  +000917.6 +000144.9  04 30 18.3  251.228 12.878 153.04  39604 20.7
2010-02-05  16:30:00  23 03 48.2  -02 45 05  +000918.0 +000142.4  04 30 08.1  251.463 13.208 150.62  39576 20.4
2010-02-05  16:40:00  23 14 00.3  -02 21 35  +000918.5 +000139.6  04 29 57.6  251.693 13.532 148.19  39549 20.1
2010-02-05  16:50:00  23 24 12.8  -01 58 34  +000919.0 +000136.5  04 29 46.8  251.916 13.851 145.74  39524 19.9
2010-02-05  17:00:00  23 34 25.7  -01 36 05  +000919.6 +000133.2  04 29 35.5  252.134 14.165 143.28  39499 19.7
2010-02-05  17:10:00  23 44 38.9  -01 14 12  +000920.2 +000129.5  04 29 23.9  252.343 14.472 140.80  39476 19.5
2010-02-05  17:20:00  23 54 52.6  -00 52 56  +000920.9 +000125.6  04 29 11.9  252.545 14.772 138.33  39453 19.3
2010-02-05  17:30:00  00 05 06.8  -00 32 20  +000921.5 +000121.4  04 28 59.4  252.738 15.064 135.84  39431 19.1
2010-02-05  17:40:00  00 15 21.3  -00 12 28  +000922.2 +000117.0  04 28 46.4  252.923 15.349 133.35  39411 18.9
2010-02-05  17:50:00  00 25 36.4  +00 06 40  +000923.0 +000112.4  04 28 33.0  253.097 15.625 130.85  39392 18.8
2010-02-05  18:00:00  00 35 51.9  +00 24 59  +000923.7 +000107.5  04 28 19.1  253.261 15.893 128.36  39374 18.6
2010-02-05  18:10:00  00 46 08.0  +00 42 28  +000924.4 +000102.3  04 28 04.7  253.415 16.151 125.85  39357 18.5
2010-02-05  18:20:00  00 56 24.4  +00 59 05  +000925.1 +000097.0  04 27 49.9  253.557 16.400 123.36  39342 18.3
2010-02-05  18:30:00  01 06 41.4  +01 14 48  +000925.7 +000091.5  04 27 34.6  253.688 16.638 120.85  39327 18.2
2010-02-05  18:40:00  01 16 58.8  +01 29 34  +000926.4 +000085.7  04 27 18.9  253.807 16.866 118.35  39314 18.1
2010-02-05  18:50:00  01 27 16.6  +01 43 22  +000927.0 +000079.8  04 27 02.7  253.914 17.083 115.84  39302 17.9
2010-02-05  19:00:00  01 37 34.7  +01 56 09  +000927.6 +000073.7  04 26 46.2  254.008 17.288 113.34  39292 17.8
2010-02-05  19:10:00  01 47 53.3  +02 07 56  +000928.1 +000067.5  04 26 29.3  254.089 17.482 110.83  39282 17.7
2010-02-05  19:20:00  01 58 12.1  +02 18 39  +000928.5 +000061.1  04 26 12.1  254.157 17.663 108.34  39275 17.6
2010-02-05  19:30:00  02 08 31.3  +02 28 17  +000928.9 +000054.6  04 25 54.6  254.212 17.831 105.83  39268 17.5
2010-02-05  19:40:00  02 18 50.6  +02 36 50  +000929.2 +000048.0  04 25 36.9  254.254 17.987 103.34  39263 17.4
2010-02-05  19:50:00  02 29 10.2  +02 44 17  +000929.4 +000041.3  04 25 19.0  254.282 18.129 100.83  39259 17.3
2010-02-05  20:00:00  02 39 29.8  +02 50 35  +000929.6 +000034.5  04 25 00.9  254.297 18.258  98.34  39256 17.2
2010-02-05  20:10:00  02 49 49.6  +02 55 46  +000929.6 +000027.6  04 24 42.9  254.298 18.372  95.84  39255 17.2
2010-02-05  20:20:00  03 00 09.3  +02 59 47  +000929.6 +000020.6  04 24 24.8  254.285 18.472  93.36  39255 17.1
2010-02-05  20:30:00  03 10 29.0  +03 02 38  +000929.5 +000013.7  04 24 06.7  254.260 18.558  90.87  39257 17.0
2010-02-05  20:40:00  03 20 48.6  +03 04 20  +000929.2 +000006.7  04 23 48.8  254.221 18.628  88.39  39260 16.9
2010-02-05  20:50:00  03 31 08.0  +03 04 52  +000928.9 -000000.3  04 23 31.0  254.169 18.684  85.91  39265 16.9
2010-02-05  21:00:00  03 41 27.1  +03 04 14  +000928.5 -000007.3  04 23 13.5  254.104 18.724  83.44  39270 16.8
2010-02-05  21:10:00  03 51 45.9  +03 02 26  +000928.0 -000014.3  04 22 56.3  254.026 18.750  80.97  39277 16.7
2010-02-05  21:20:00  04 02 04.4  +02 59 29  +000927.4 -000021.2  04 22 39.5  253.936 18.759  78.52  39286 16.7
2010-02-05  21:30:00  04 12 22.5  +02 55 22  +000926.7 -000028.1  04 22 23.1  253.834 18.753  76.06  39296 16.6
2010-02-05  21:40:00  04 22 40.0  +02 50 08  +000925.9 -000034.9  04 22 07.2  253.721 18.732  73.62  39307 16.5
2010-02-05  21:50:00  04 32 57.0  +02 43 45  +000925.1 -000041.6  04 21 51.8  253.596 18.695  71.17  39319 16.5
2010-02-05  22:00:00  04 43 13.4  +02 36 16  +000924.1 -000048.2  04 21 37.1  253.460 18.642  68.75  39333 16.4
2010-02-05  22:10:00  04 53 29.2  +02 27 41  +000923.1 -000054.7  04 21 23.0  253.314 18.573  66.33  39348 16.4
2010-02-05  22:20:00  05 03 44.2  +02 18 02  +000922.0 -000061.1  04 21 09.6  253.158 18.489  63.93  39365 16.3
2010-02-05  22:30:00  05 13 58.5  +02 07 20  +000920.9 -000067.4  04 20 56.9  252.992 18.390  61.53  39382 16.3
2010-02-05  22:40:00  05 24 12.1  +01 55 35  +000919.7 -000073.5  04 20 45.0  252.817 18.276  59.15  39401 16.3
2010-02-05  22:50:00  05 34 24.8  +01 42 51  +000918.5 -000079.4  04 20 33.9  252.633 18.147  56.78  39421 16.2
2010-02-05  23:00:00  05 44 36.7  +01 29 08  +000917.2 -000085.1  04 20 23.7  252.441 18.003  54.44  39442 16.2
2010-02-05  23:10:00  05 54 47.7  +01 14 29  +000915.9 -000090.7  04 20 14.3  252.241 17.844  52.11  39465 16.1
2010-02-05  23:20:00  06 04 57.8  +00 58 55  +000914.5 -000096.1  04 20 05.8  252.034 17.672  49.81  39488 16.1
2010-02-05  23:30:00  06 15 07.0  +00 42 28  +000913.2 -000101.2  04 19 58.2  251.821 17.485  47.53  39512 16.1
2010-02-05  23:40:00  06 25 15.4  +00 25 11  +000911.9 -000106.2  04 19 51.5  251.601 17.286  45.28  39537 16.1
2010-02-05  23:50:00  06 35 22.9  +00 07 05  +000910.5 -000110.9  04 19 45.7  251.375 17.074  43.06  39564 16.0
2010-02-06  00:00:00  06 45 29.4  -00 11 47  +000909.2 -000115.4  04 19 40.8  251.144 16.849  40.89  39591 16.0
2010-02-06  00:10:00  06 55 35.1  -00 31 23  +000907.9 -000119.7  04 19 36.7  250.908 16.612  38.76  39619 16.0
2010-02-06  00:20:00  07 05 40.0  -00 51 40  +000906.6 -000123.7  04 19 33.5  250.668 16.365  36.68  39647 16.0
2010-02-06  00:30:00  07 15 44.0  -01 12 35  +000905.4 -000127.4  04 19 31.2  250.424 16.106  34.66  39677 15.9
2010-02-06  00:40:00  07 25 47.2  -01 34 08  +000904.2 -000130.9  04 19 29.6  250.176 15.837  32.72  39707 15.9
2010-02-06  00:50:00  07 35 49.7  -01 56 13  +000903.1 -000134.2  04 19 28.8  249.926 15.559  30.85  39738 15.9
2010-02-06  01:00:00  07 45 51.4  -02 18 50  +000902.1 -000137.2  04 19 28.7  249.672 15.272  29.10  39769 15.9
2010-02-06  01:10:00  07 55 52.5  -02 41 56  +000901.1 -000139.9  04 19 29.2  249.416 14.977  27.46  39800 15.9
2010-02-06  01:20:00  08 05 52.9  -03 05 27  +000900.2 -000142.3  04 19 30.5  249.158 14.675  25.97  39832 15.9
2010-02-06  01:30:00  08 15 52.8  -03 29 20  +000899.4 -000144.4  04 19 32.2  248.899 14.366  24.64  39865 15.9
2010-02-06  01:40:00  08 25 52.1  -03 53 34  +000898.7 -000146.3  04 19 34.5  248.638 14.051  23.51  39897 15.8
2010-02-06  01:50:00  08 35 51.0  -04 18 06  +000898.1 -000147.9  04 19 37.3  248.376 13.730  22.60  39930 15.8
2010-02-06  02:00:00  08 45 49.5  -04 42 51  +000897.5 -000149.2  04 19 40.4  248.113 13.406  21.94  39962 15.8
2010-02-06  02:10:00  08 55 47.8  -05 07 49  +000897.1 -000150.2  04 19 43.8  247.850 13.078  21.56  39995 15.8
2010-02-06  02:20:00  09 05 45.7  -05 32 55  +000896.8 -000151.0  04 19 47.5  247.587 12.747  21.47  40028 15.8
2010-02-06  02:30:00  09 15 43.5  -05 58 08  +000896.6 -000151.4  04 19 51.3  247.324 12.414  21.66  40060 15.8
2010-02-06  02:40:00  09 25 41.2  -06 23 23  +000896.5 -000151.6  04 19 55.3  247.062 12.080  22.14  40092 15.8
2010-02-06  02:50:00  09 35 38.9  -06 48 39  +000896.5 -000151.5  04 19 59.2  246.800 11.745  22.88  40124 15.9
2010-02-06  03:00:00  09 45 36.6  -07 13 53  +000896.7 -000151.1  04 20 03.2  246.539 11.411  23.86  40156 15.9
2010-02-06  03:10:00  09 55 34.5  -07 39 01  +000896.9 -000150.5  04 20 06.9  246.279 11.078  25.05  40186 15.9
2010-02-06  03:20:00  10 05 32.5  -08 04 01  +000897.3 -000149.5  04 20 10.5  246.020 10.748  26.42  40217 15.9
2010-02-06  03:30:00  10 15 30.9  -08 28 51  +000897.8 -000148.3  04 20 13.8  245.763 10.420  27.95  40247 15.9
2010-02-06  03:40:00  10 25 29.6  -08 53 26  +000898.4 -000146.8  04 20 16.8  245.508 10.096  29.60  40276 15.9

   Date        UTC        RA         DECL      RARate   DeclRate    HourAng      Az     Um    Phase  Range  Mag
2010-02-06  16:10:00  23 14 01.2  -02 25 55  +000918.6 +000141.5  04 03 48.3  246.457 17.688 149.20  39121 20.2
2010-02-06  16:20:00  23 24 13.8  -02 02 35  +000919.2 +000138.4  04 03 37.4  246.679 18.018 146.76  39095 20.0
2010-02-06  16:30:00  23 34 26.8  -01 39 48  +000919.7 +000135.0  04 03 26.1  246.894 18.341 144.29  39071 19.7
2010-02-06  16:40:00  23 44 40.1  -01 17 36  +000920.4 +000131.4  04 03 14.3  247.102 18.658 141.82  39047 19.5
2010-02-06  16:50:00  23 54 53.9  -00 56 01  +000921.0 +000127.5  04 03 02.2  247.302 18.968 139.33  39024 19.3
2010-02-06  17:00:00  00 05 08.2  -00 35 07  +000921.7 +000123.3  04 02 49.6  247.494 19.270 136.85  39003 19.1
2010-02-06  17:10:00  00 15 22.9  -00 14 57  +000922.4 +000118.8  04 02 36.5  247.677 19.564 134.35  38983 19.0
2010-02-06  17:20:00  00 25 38.1  +00 04 29  +000923.1 +000114.2  04 02 23.0  247.850 19.849 131.86  38963 18.8
2010-02-06  17:30:00  00 35 53.8  +00 23 06  +000923.9 +000109.2  04 02 08.9  248.013 20.125 129.35  38946 18.6
2010-02-06  17:40:00  00 46 09.9  +00 40 53  +000924.6 +000104.1  04 01 54.4  248.166 20.391 126.85  38929 18.5
2010-02-06  17:50:00  00 56 26.5  +00 57 47  +000925.3 +000098.7  04 01 39.4  248.307 20.648 124.34  38913 18.3
2010-02-06  18:00:00  01 06 43.6  +01 13 46  +000926.0 +000093.1  04 01 24.0  248.437 20.893 121.84  38899 18.2
2010-02-06  18:10:00  01 17 01.2  +01 28 49  +000926.6 +000087.4  04 01 08.1  248.555 21.128 119.32  38886 18.1
2010-02-06  18:20:00  01 27 19.1  +01 42 53  +000927.2 +000081.4  04 00 51.8  248.661 21.352 116.82  38874 18.0
2010-02-06  18:30:00  01 37 37.5  +01 55 56  +000927.8 +000075.3  04 00 35.1  248.754 21.563 114.31  38864 17.8
2010-02-06  18:40:00  01 47 56.2  +02 07 57  +000928.3 +000069.0  04 00 18.0  248.834 21.762 111.81  38855 17.7
2010-02-06  18:50:00  01 58 15.3  +02 18 55  +000928.8 +000062.5  04 00 00.6  248.901 21.949 109.29  38847 17.6
2010-02-06  19:00:00  02 08 34.6  +02 28 48  +000929.2 +000056.0  03 59 42.9  248.955 22.122 106.80  38841 17.5
2010-02-06  19:10:00  02 18 54.1  +02 37 34  +000929.5 +000049.3  03 59 25.0  248.995 22.282 104.29  38835 17.4
2010-02-06  19:20:00  02 29 13.9  +02 45 13  +000929.7 +000042.5  03 59 06.9  249.022 22.428 101.79  38832 17.3
2010-02-06  19:30:00  02 39 33.8  +02 51 44  +000929.9 +000035.6  03 58 48.6  249.034 22.560  99.28  38829 17.2
2010-02-06  19:40:00  02 49 53.7  +02 57 06  +000930.0 +000028.7  03 58 30.3  249.034 22.677  96.79  38828 17.2
2010-02-06  19:50:00  03 00 13.7  +03 01 18  +000929.9 +000021.7  03 58 12.0  249.020 22.780  94.29  38829 17.1
2010-02-06  20:00:00  03 10 33.6  +03 04 19  +000929.8 +000014.6  03 57 53.7  248.992 22.867  91.81  38830 17.0
2010-02-06  20:10:00  03 20 53.4  +03 06 10  +000929.6 +000007.6  03 57 35.6  248.951 22.940  89.32  38834 16.9
2010-02-06  20:20:00  03 31 13.0  +03 06 51  +000929.3 +000000.5  03 57 17.6  248.896 22.996  86.84  38838 16.9
2010-02-06  20:30:00  03 41 32.4  +03 06 20  +000928.9 -000006.6  03 56 59.9  248.829 23.038  84.36  38844 16.8
2010-02-06  20:40:00  03 51 51.5  +03 04 40  +000928.4 -000013.6  03 56 42.4  248.749 23.063  81.89  38851 16.7
2010-02-06  20:50:00  04 02 10.2  +03 01 48  +000927.8 -000020.6  03 56 25.4  248.657 23.072  79.42  38860 16.7
2010-02-06  21:00:00  04 12 28.5  +02 57 47  +000927.1 -000027.6  03 56 08.7  248.553 23.065  76.97  38870 16.6
2010-02-06  21:10:00  04 22 46.2  +02 52 37  +000926.3 -000034.5  03 55 52.6  248.436 23.042  74.51  38881 16.5
2010-02-06  21:20:00  04 33 03.5  +02 46 18  +000925.4 -000041.3  03 55 37.0  248.309 23.003  72.07  38893 16.5
2010-02-06  21:30:00  04 43 20.1  +02 38 52  +000924.5 -000048.0  03 55 22.0  248.171 22.948  69.63  38907 16.4
2010-02-06  21:40:00  04 53 36.1  +02 30 19  +000923.4 -000054.6  03 55 07.7  248.022 22.877  67.21  38922 16.4
2010-02-06  21:50:00  05 03 51.3  +02 20 41  +000922.4 -000061.0  03 54 54.1  247.863 22.790  64.79  38939 16.3
2010-02-06  22:00:00  05 14 05.9  +02 09 59  +000921.2 -000067.4  03 54 41.2  247.695 22.687  62.40  38956 16.3
2010-02-06  22:10:00  05 24 19.6  +01 58 14  +000920.0 -000073.5  03 54 29.1  247.518 22.568  60.00  38975 16.2
2010-02-06  22:20:00  05 34 32.5  +01 45 29  +000918.7 -000079.6  03 54 17.8  247.332 22.434  57.64  38995 16.2
2010-02-06  22:30:00  05 44 44.6  +01 31 44  +000917.5 -000085.4  03 54 07.4  247.138 22.285  55.27  39016 16.2
2010-02-06  22:40:00  05 54 55.8  +01 17 01  +000916.1 -000091.0  03 53 57.8  246.937 22.121  52.94  39038 16.1
2010-02-06  22:50:00  06 05 06.1  +01 01 24  +000914.8 -000096.5  03 53 49.2  246.728 21.943  50.62  39062 16.1
2010-02-06  23:00:00  06 15 15.5  +00 44 52  +000913.4 -000101.7  03 53 41.4  246.513 21.750  48.33  39086 16.1
2010-02-06  23:10:00  06 25 24.0  +00 27 30  +000912.1 -000106.8  03 53 34.6  246.293 21.544  46.06  39111 16.0
2010-02-06  23:20:00  06 35 31.6  +00 09 18  +000910.7 -000111.6  03 53 28.6  246.066 21.324  43.84  39137 16.0
2010-02-06  23:30:00  06 45 38.3  -00 09 41  +000909.4 -000116.1  03 53 23.5  245.835 21.092  41.64  39165 16.0
2010-02-06  23:40:00  06 55 44.1  -00 29 24  +000908.1 -000120.5  03 53 19.4  245.599 20.847  39.49  39193 16.0
2010-02-06  23:50:00  07 05 49.1  -00 49 50  +000906.8 -000124.5  03 53 16.1  245.360 20.590  37.38  39221 15.9
2010-02-07  00:00:00  07 15 53.2  -01 10 54  +000905.6 -000128.4  03 53 13.6  245.116 20.323  35.34  39251 15.9
2010-02-07  00:10:00  07 25 56.5  -01 32 36  +000904.4 -000131.9  03 53 11.9  244.869 20.045  33.35  39281 15.9
2010-02-07  00:20:00  07 35 59.0  -01 54 52  +000903.2 -000135.2  03 53 11.0  244.620 19.757  31.46  39312 15.9
2010-02-07  00:30:00  07 46 00.8  -02 17 40  +000902.2 -000138.3  03 53 10.9  244.368 19.461  29.65  39343 15.9
2010-02-07  00:40:00  07 56 01.9  -02 40 57  +000901.2 -000141.0  03 53 11.4  244.115 19.155  27.96  39374 15.9
2010-02-07  00:50:00  08 06 02.4  -03 04 40  +000900.3 -000143.5  03 53 12.6  243.859 18.842  26.40  39407 15.8
2010-02-07  01:00:00  08 16 02.3  -03 28 46  +000899.4 -000145.7  03 53 14.3  243.602 18.522  25.00  39439 15.8
2010-02-07  01:10:00  08 26 01.7  -03 53 14  +000898.7 -000147.6  03 53 16.6  243.345 18.196  23.79  39472 15.8
2010-02-07  01:20:00  08 36 00.6  -04 17 58  +000898.1 -000149.3  03 53 19.3  243.086 17.865  22.79  39504 15.8
2010-02-07  01:30:00  08 45 59.1  -04 42 58  +000897.5 -000150.6  03 53 22.4  242.828 17.529  22.03  39537 15.8
2010-02-07  01:40:00  08 55 57.3  -05 08 10  +000897.1 -000151.7  03 53 25.9  242.569 17.189  21.54  39570 15.8
2010-02-07  01:50:00  09 05 55.3  -05 33 32  +000896.8 -000152.5  03 53 29.5  242.310 16.846  21.34  39603 15.8
2010-02-07  02:00:00  09 15 53.1  -05 58 59  +000896.6 -000153.0  03 53 33.4  242.052 16.501  21.42  39636 15.8
2010-02-07  02:10:00  09 25 50.7  -06 24 30  +000896.5 -000153.2  03 53 37.4  241.794 16.154  21.80  39668 15.8
2010-02-07  02:20:00  09 35 48.4  -06 50 02  +000896.5 -000153.1  03 53 41.4  241.537 15.807  22.45  39701 15.8
2010-02-07  02:30:00  09 45 46.1  -07 15 32  +000896.6 -000152.8  03 53 45.3  241.281 15.461  23.35  39733 15.8
2010-02-07  02:40:00  09 55 43.9  -07 40 56  +000896.9 -000152.1  03 53 49.2  241.027 15.115  24.47  39764 15.8
2010-02-07  02:50:00  10 05 41.9  -08 06 13  +000897.2 -000151.2  03 53 52.8  240.774 14.772  25.79  39795 15.9
2010-02-07  03:00:00  10 15 40.2  -08 31 19  +000897.7 -000150.0  03 53 56.1  240.523 14.431  27.26  39825 15.9
2010-02-07  03:10:00  10 25 38.9  -08 56 12  +000898.3 -000148.5  03 53 59.1  240.273 14.094  28.88  39855 15.9
2010-02-07  03:20:00  10 35 37.9  -09 20 48  +000899.0 -000146.7  03 54 01.7  240.026 13.762  30.61  39884 15.9
2010-02-07  03:30:00  10 45 37.5  -09 45 05  +000899.8 -000144.7  03 54 03.8  239.781 13.434  32.44  39911 15.9
2010-02-07  03:40:00  10 55 37.6  -10 09 01  +000900.7 -000142.4  03 54 05.3  239.538 13.112  34.34  39939 15.9
2010-02-07  03:50:00  11 05 38.4  -10 32 33  +000901.7 -000139.8  03 54 06.2  239.298 12.798  36.33  39965 16.0
2010-02-07  04:00:00  11 15 39.8  -10 55 37  +000902.7 -000137.0  03 54 06.3  239.061 12.490  38.36  39990 16.0
2010-02-07  04:10:00  11 25 42.1  -11 18 13  +000903.9 -000133.9  03 54 05.8  238.827 12.191  40.45  40014 16.0

   Date        UTC        RA         DECL      RARate   DeclRate    HourAng      Az     Um    Phase  Range  Mag
2010-02-07  16:10:00  23 44 59.2  -01 21 03  +000920.5 +000133.2  03 36 46.9  241.524 22.723 142.76  38645 19.6
2010-02-07  16:20:00  23 55 13.1  -00 59 11  +000921.2 +000129.3  03 36 34.6  241.720 23.044 140.28  38623 19.4
2010-02-07  16:30:00  00 05 27.5  -00 37 59  +000921.9 +000125.1  03 36 21.9  241.908 23.357 137.78  38601 19.2
2010-02-07  16:40:00  00 15 42.3  -00 17 30  +000922.6 +000120.6  03 36 08.7  242.087 23.661 135.29  38581 19.0
2010-02-07  16:50:00  00 25 57.6  +00 02 13  +000923.3 +000115.9  03 35 55.0  242.257 23.956 132.78  38562 18.8
2010-02-07  17:00:00  00 36 13.4  +00 21 07  +000924.1 +000111.0  03 35 40.9  242.417 24.242 130.28  38544 18.7
2010-02-07  17:10:00  00 46 29.7  +00 39 11  +000924.8 +000105.8  03 35 26.2  242.566 24.517 127.77  38528 18.5
2010-02-07  17:20:00  00 56 46.5  +00 56 22  +000925.5 +000100.4  03 35 11.1  242.704 24.782 125.26  38512 18.4
2010-02-07  17:30:00  01 07 03.8  +01 12 38  +000926.2 +000094.8  03 34 55.5  242.831 25.036 122.75  38498 18.2
2010-02-07  17:40:00  01 17 21.5  +01 27 57  +000926.9 +000089.0  03 34 39.4  242.946 25.278 120.24  38485 18.1
2010-02-07  17:50:00  01 27 39.6  +01 42 16  +000927.5 +000083.0  03 34 23.0  243.048 25.509 117.72  38474 18.0
2010-02-07  18:00:00  01 37 58.1  +01 55 35  +000928.1 +000076.8  03 34 06.1  243.138 25.727 115.22  38463 17.9
2010-02-07  18:10:00  01 48 17.0  +02 07 51  +000928.6 +000070.4  03 33 48.8  243.215 25.933 112.70  38455 17.7
2010-02-07  18:20:00  01 58 36.2  +02 19 03  +000929.1 +000063.9  03 33 31.2  243.279 26.125 110.20  38447 17.6
2010-02-07  18:30:00  02 08 55.7  +02 29 10  +000929.5 +000057.3  03 33 13.4  243.329 26.303 107.68  38441 17.5
2010-02-07  18:40:00  02 19 15.5  +02 38 10  +000929.8 +000050.6  03 32 55.3  243.367 26.468 105.18  38436 17.4
2010-02-07  18:50:00  02 29 35.4  +02 46 01  +000930.0 +000043.7  03 32 37.0  243.390 26.618 102.67  38432 17.3
2010-02-07  19:00:00  02 39 55.5  +02 52 44  +000930.2 +000036.8  03 32 18.5  243.400 26.753 100.17  38430 17.3
2010-02-07  19:10:00  02 50 15.7  +02 58 17  +000930.3 +000029.8  03 32 00.0  243.396 26.874  97.66  38429 17.2
2010-02-07  19:20:00  03 00 35.8  +03 02 40  +000930.2 +000022.7  03 31 41.5  243.378 26.979  95.17  38430 17.1
2010-02-07  19:30:00  03 10 56.0  +03 05 52  +000930.1 +000015.6  03 31 23.0  243.347 27.068  92.67  38432 17.0
2010-02-07  19:40:00  03 21 16.0  +03 07 52  +000929.9 +000008.5  03 31 04.6  243.303 27.141  90.18  38435 16.9
2010-02-07  19:50:00  03 31 35.8  +03 08 41  +000929.6 +000001.3  03 30 46.4  243.245 27.199  87.69  38440 16.9
2010-02-07  20:00:00  03 41 55.4  +03 08 19  +000929.2 -000005.8  03 30 28.5  243.175 27.240  85.22  38446 16.8
2010-02-07  20:10:00  03 52 14.7  +03 06 45  +000928.7 -000012.9  03 30 10.8  243.092 27.265  82.73  38453 16.7
2010-02-07  20:20:00  04 02 33.6  +03 04 00  +000928.1 -000020.0  03 29 53.6  242.997 27.273  80.27  38462 16.7
2010-02-07  20:30:00  04 12 52.1  +03 00 05  +000927.4 -000027.1  03 29 36.7  242.889 27.265  77.80  38472 16.6
2010-02-07  20:40:00  04 23 10.1  +02 54 60  +000926.6 -000034.0  03 29 20.4  242.770 27.239  75.35  38483 16.5
2010-02-07  20:50:00  04 33 27.6  +02 48 45  +000925.7 -000040.9  03 29 04.5  242.640 27.198  72.89  38496 16.5
2010-02-07  21:00:00  04 43 44.4  +02 41 22  +000924.8 -000047.7  03 28 49.4  242.499 27.139  70.46  38510 16.4
2010-02-07  21:10:00  04 54 00.6  +02 32 52  +000923.7 -000054.4  03 28 34.8  242.348 27.064  68.02  38525 16.4
2010-02-07  21:20:00  05 04 16.0  +02 23 15  +000922.6 -000060.9  03 28 21.0  242.187 26.972  65.61  38541 16.3
2010-02-07  21:30:00  05 14 30.7  +02 12 34  +000921.5 -000067.3  03 28 07.9  242.017 26.864  63.19  38559 16.3
2010-02-07  21:40:00  05 24 44.6  +02 00 49  +000920.3 -000073.6  03 27 55.7  241.838 26.740  60.80  38578 16.2
2010-02-07  21:50:00  05 34 57.7  +01 48 03  +000919.0 -000079.7  03 27 44.2  241.651 26.600  58.41  38598 16.2
2010-02-07  22:00:00  05 45 10.0  +01 34 17  +000917.7 -000085.6  03 27 33.6  241.456 26.444  56.05  38619 16.2
2010-02-07  22:10:00  05 55 21.3  +01 19 32  +000916.4 -000091.3  03 27 23.9  241.254 26.273  53.70  38641 16.1
2010-02-07  22:20:00  06 05 31.8  +01 03 51  +000915.0 -000096.8  03 27 15.1  241.045 26.087  51.38  38665 16.1
2010-02-07  22:30:00  06 15 41.3  +00 47 16  +000913.6 -000102.2  03 27 07.2  240.831 25.887  49.07  38689 16.1
2010-02-07  22:40:00  06 25 50.0  +00 29 49  +000912.3 -000107.3  03 27 00.2  240.610 25.672  46.79  38714 16.0
2010-02-07  22:50:00  06 35 57.7  +00 11 32  +000910.9 -000112.1  03 26 54.1  240.385 25.443  44.54  38740 16.0
2010-02-07  23:00:00  06 46 04.5  -00 07 33  +000909.6 -000116.8  03 26 49.0  240.155 25.201  42.33  38768 16.0
2010-02-07  23:10:00  06 56 10.4  -00 27 23  +000908.2 -000121.2  03 26 44.7  239.921 24.947  40.15  38796 15.9
2010-02-07  23:20:00  07 06 15.5  -00 47 56  +000906.9 -000125.3  03 26 41.3  239.684 24.681  38.03  38824 15.9
2010-02-07  23:30:00  07 16 19.7  -01 09 09  +000905.7 -000129.2  03 26 38.7  239.443 24.403  35.95  38854 15.9
2010-02-07  23:40:00  07 26 23.1  -01 30 60  +000904.5 -000132.8  03 26 37.0  239.200 24.114  33.95  38884 15.9
2010-02-07  23:50:00  07 36 25.6  -01 53 25  +000903.3 -000136.2  03 26 36.0  238.955 23.815  32.01  38915 15.9
2010-02-08  00:00:00  07 46 27.5  -02 16 23  +000902.3 -000139.3  03 26 35.8  238.707 23.507  30.16  38946 15.8
2010-02-08  00:10:00  07 56 28.7  -02 39 50  +000901.2 -000142.1  03 26 36.3  238.458 23.189  28.42  38978 15.8
2010-02-08  00:20:00  08 06 29.2  -03 03 44  +000900.3 -000144.7  03 26 37.4  238.208 22.864  26.81  39010 15.8
2010-02-08  00:30:00  08 16 29.1  -03 28 03  +000899.5 -000146.9  03 26 39.1  237.957 22.532  25.34  39042 15.8
2010-02-08  00:40:00  08 26 28.5  -03 52 42  +000898.7 -000148.9  03 26 41.4  237.705 22.193  24.06  39075 15.8
2010-02-08  00:50:00  08 36 27.4  -04 17 39  +000898.1 -000150.6  03 26 44.1  237.453 21.849  22.97  39108 15.8
2010-02-08  01:00:00  08 46 26.0  -04 42 52  +000897.5 -000152.0  03 26 47.2  237.201 21.500  22.12  39141 15.8
2010-02-08  01:10:00  08 56 24.2  -05 08 18  +000897.1 -000153.1  03 26 50.7  236.949 21.147  21.53  39174 15.8
2010-02-08  01:20:00  09 06 22.1  -05 33 53  +000896.8 -000153.9  03 26 54.4  236.698 20.790  21.23  39208 15.8
2010-02-08  01:30:00  09 16 19.9  -05 59 35  +000896.5 -000154.4  03 26 58.2  236.447 20.432  21.21  39241 15.8
2010-02-08  01:40:00  09 26 17.5  -06 25 21  +000896.4 -000154.7  03 27 02.2  236.197 20.071  21.49  39273 15.8
2010-02-08  01:50:00  09 36 15.1  -06 51 08  +000896.4 -000154.6  03 27 06.3  235.948 19.711  22.06  39306 15.8
2010-02-08  02:00:00  09 46 12.8  -07 16 53  +000896.6 -000154.3  03 27 10.2  235.701 19.350  22.88  39338 15.8
2010-02-08  02:10:00  09 56 10.6  -07 42 33  +000896.8 -000153.7  03 27 14.1  235.455 18.991  23.93  39370 15.8
2010-02-08  02:20:00  10 06 08.6  -08 08 05  +000897.2 -000152.8  03 27 17.8  235.210 18.633  25.19  39401 15.8
2010-02-08  02:30:00  10 16 06.8  -08 33 27  +000897.6 -000151.6  03 27 21.1  234.968 18.278  26.62  39432 15.8
2010-02-08  02:40:00  10 26 05.4  -08 58 36  +000898.2 -000150.1  03 27 24.2  234.727 17.927  28.19  39462 15.9
2010-02-08  02:50:00  10 36 04.5  -09 23 28  +000898.9 -000148.4  03 27 26.8  234.488 17.580  29.90  39492 15.9
2010-02-08  03:00:00  10 46 04.0  -09 48 02  +000899.7 -000146.3  03 27 28.9  234.252 17.238  31.70  39520 15.9
2010-02-08  03:10:00  10 56 04.1  -10 12 14  +000900.6 -000144.0  03 27 30.4  234.018 16.902  33.59  39548 15.9
2010-02-08  03:20:00  11 06 04.8  -10 36 02  +000901.6 -000141.5  03 27 31.3  233.786 16.573  35.55  39574 15.9
2010-02-08  03:30:00  11 16 06.2  -10 59 23  +000902.7 -000138.7  03 27 31.6  233.558 16.252  37.58  39600 16.0
2010-02-08  03:40:00  11 26 08.4  -11 22 14  +000903.9 -000135.6  03 27 31.0  233.332 15.939  39.64  39625 16.0
2010-02-08  03:50:00  11 36 11.4  -11 44 34  +000905.1 -000132.2  03 27 29.7  233.109 15.635  41.77  39648 16.0
2010-02-08  04:00:00  11 46 15.2  -12 06 18  +000906.4 -000128.7  03 27 27.5  232.890 15.340  43.91  39670 16.0
2010-02-08  04:10:00  11 56 20.0  -12 27 26  +000907.8 -000124.8  03 27 24.4  232.674 15.056  46.10  39691 16.1

   Date        UTC        RA         DECL      RARate   DeclRate    HourAng      Az     Um    Phase  Range  Mag
2010-02-08  16:10:00  00 16 18.8  -00 20 08  +000922.8 +000122.3  03 09 23.8  236.077 27.581 136.14  38212 19.0
2010-02-08  16:20:00  00 26 34.3  -00 00 08  +000923.5 +000117.6  03 09 10.0  236.239 27.888 133.65  38193 18.9
2010-02-08  16:30:00  00 36 50.2  +00 19 03  +000924.3 +000112.6  03 08 55.7  236.392 28.184 131.13  38176 18.7
2010-02-08  16:40:00  00 47 06.7  +00 37 23  +000925.0 +000107.4  03 08 40.9  236.534 28.469 128.63  38159 18.5
2010-02-08  16:50:00  00 57 23.6  +00 54 51  +000925.7 +000102.0  03 08 25.6  236.666 28.744 126.11  38144 18.4
2010-02-08  17:00:00  01 07 41.0  +01 11 22  +000926.4 +000096.3  03 08 09.9  236.786 29.007 123.60  38130 18.3
2010-02-08  17:10:00  01 17 58.8  +01 26 57  +000927.1 +000090.5  03 07 53.7  236.894 29.258 121.08  38117 18.1
2010-02-08  17:20:00  01 28 17.1  +01 41 32  +000927.7 +000084.5  03 07 37.0  236.991 29.496 118.57  38106 18.0
2010-02-08  17:30:00  01 38 35.8  +01 55 05  +000928.3 +000078.2  03 07 20.0  237.075 29.721 116.04  38096 17.9
2010-02-08  17:40:00  01 48 54.9  +02 07 36  +000928.9 +000071.9  03 07 02.6  237.146 29.933 113.54  38088 17.8
2010-02-08  17:50:00  01 59 14.3  +02 19 02  +000929.3 +000065.3  03 06 44.8  237.204 30.131 111.01  38080 17.7
2010-02-08  18:00:00  02 09 34.0  +02 29 22  +000929.7 +000058.7  03 06 26.8  237.249 30.315 108.51  38074 17.5
2010-02-08  18:10:00  02 19 53.9  +02 38 35  +000930.1 +000051.9  03 06 08.5  237.280 30.484 105.99  38070 17.4
2010-02-08  18:20:00  02 30 14.0  +02 46 39  +000930.3 +000045.0  03 05 50.0  237.298 30.639 103.49  38066 17.4
2010-02-08  18:30:00  02 40 34.3  +02 53 34  +000930.5 +000038.0  03 05 31.4  237.303 30.777 100.97  38065 17.3
2010-02-08  18:40:00  02 50 54.6  +02 59 18  +000930.5 +000030.9  03 05 12.7  237.294 30.900  98.47  38064 17.2
2010-02-08  18:50:00  03 01 15.0  +03 03 51  +000930.5 +000023.8  03 04 53.9  237.271 31.008  95.96  38065 17.1
2010-02-08  19:00:00  03 11 35.3  +03 07 13  +000930.4 +000016.6  03 04 35.3  237.235 31.098  93.47  38067 17.0
2010-02-08  19:10:00  03 21 55.5  +03 09 23  +000930.2 +000009.4  03 04 16.7  237.187 31.173  90.97  38071 16.9
2010-02-08  19:20:00  03 32 15.6  +03 10 21  +000929.9 +000002.2  03 03 58.3  237.125 31.230  88.49  38075 16.9
2010-02-08  19:30:00  03 42 35.4  +03 10 07  +000929.5 -000005.0  03 03 40.1  237.050 31.271  85.99  38082 16.8
2010-02-08  19:40:00  03 52 54.9  +03 08 41  +000929.0 -000012.2  03 03 22.3  236.963 31.294  83.52  38089 16.7
2010-02-08  19:50:00  04 03 14.0  +03 06 03  +000928.4 -000019.4  03 03 04.8  236.864 31.300  81.04  38098 16.7
2010-02-08  20:00:00  04 13 32.6  +03 02 13  +000927.7 -000026.5  03 02 47.8  236.753 31.289  78.58  38108 16.6
2010-02-08  20:10:00  04 23 50.8  +02 57 13  +000926.9 -000033.5  03 02 31.2  236.631 31.261  76.11  38120 16.5
2010-02-08  20:20:00  04 34 08.5  +02 51 03  +000926.0 -000040.5  03 02 15.3  236.498 31.215  73.66  38133 16.5
2010-02-08  20:30:00  04 44 25.5  +02 43 44  +000925.0 -000047.3  03 01 59.9  236.355 31.152  71.20  38147 16.4
2010-02-08  20:40:00  04 54 41.8  +02 35 16  +000924.0 -000054.1  03 01 45.2  236.202 31.072  68.77  38162 16.4
2010-02-08  20:50:00  05 04 57.5  +02 25 42  +000922.9 -000060.7  03 01 31.2  236.039 30.975  66.34  38179 16.3
2010-02-08  21:00:00  05 15 12.3  +02 15 02  +000921.7 -000067.2  03 01 18.0  235.868 30.860  63.93  38196 16.3
2010-02-08  21:10:00  05 25 26.4  +02 03 19  +000920.5 -000073.5  03 01 05.5  235.689 30.729  61.52  38215 16.2
2010-02-08  21:20:00  05 35 39.7  +01 50 32  +000919.2 -000079.7  03 00 53.9  235.502 30.582  59.14  38235 16.2
2010-02-08  21:30:00  05 45 52.0  +01 36 45  +000917.9 -000085.7  03 00 43.2  235.308 30.418  56.75  38257 16.2
2010-02-08  21:40:00  05 56 03.5  +01 21 59  +000916.6 -000091.5  03 00 33.3  235.107 30.239  54.40  38279 16.1
2010-02-08  21:50:00  06 06 14.1  +01 06 16  +000915.2 -000097.1  03 00 24.4  234.900 30.044  52.06  38302 16.1
2010-02-08  22:00:00  06 16 23.8  +00 49 38  +000913.8 -000102.5  03 00 16.4  234.688 29.833  49.75  38327 16.0
2010-02-08  22:10:00  06 26 32.5  +00 32 07  +000912.4 -000107.7  03 00 09.3  234.471 29.609  47.45  38352 16.0
2010-02-08  22:20:00  06 36 40.4  +00 13 45  +000911.0 -000112.6  03 00 03.1  234.249 29.370  45.19  38378 16.0
2010-02-08  22:30:00  06 46 47.3  -00 05 24  +000909.7 -000117.3  02 59 57.8  234.024 29.117  42.96  38405 16.0
2010-02-08  22:40:00  06 56 53.3  -00 25 20  +000908.3 -000121.8  02 59 53.5  233.795 28.851  40.77  38433 15.9
2010-02-08  22:50:00  07 06 58.4  -00 45 59  +000907.0 -000126.0  02 59 50.0  233.563 28.573  38.61  38462 15.9
2010-02-08  23:00:00  07 17 02.7  -01 07 19  +000905.8 -000130.0  02 59 47.3  233.329 28.283  36.52  38491 15.9
2010-02-08  23:10:00  07 27 06.1  -01 29 18  +000904.6 -000133.6  02 59 45.6  233.092 27.982  34.48  38522 15.9
2010-02-08  23:20:00  07 37 08.8  -01 51 51  +000903.4 -000137.1  02 59 44.5  232.854 27.671  32.52  38552 15.8
2010-02-08  23:30:00  07 47 10.7  -02 14 58  +000902.3 -000140.2  02 59 44.3  232.615 27.349  30.63  38584 15.8
2010-02-08  23:40:00  07 57 11.8  -02 38 35  +000901.3 -000143.1  02 59 44.7  232.374 27.019  28.85  38616 15.8
2010-02-08  23:50:00  08 07 12.4  -03 02 39  +000900.4 -000145.7  02 59 45.8  232.133 26.680  27.18  38648 15.8
2010-02-09  00:00:00  08 17 12.3  -03 27 08  +000899.5 -000148.0  02 59 47.5  231.891 26.334  25.66  38680 15.8
2010-02-09  00:10:00  08 27 11.7  -03 51 58  +000898.7 -000150.0  02 59 49.8  231.650 25.982  24.30  38713 15.8
2010-02-09  00:20:00  08 37 10.7  -04 17 07  +000898.1 -000151.7  02 59 52.5  231.408 25.623  23.14  38746 15.8
2010-02-09  00:30:00  08 47 09.2  -04 42 32  +000897.5 -000153.2  02 59 55.6  231.167 25.260  22.21  38780 15.8
2010-02-09  00:40:00  08 57 07.4  -05 08 10  +000897.1 -000154.3  02 59 59.0  230.926 24.892  21.53  38813 15.8
2010-02-09  00:50:00  09 07 05.3  -05 33 58  +000896.7 -000155.2  03 00 02.7  230.687 24.521  21.13  38846 15.8
2010-02-09  01:00:00  09 17 03.1  -05 59 53  +000896.5 -000155.8  03 00 06.6  230.448 24.147  21.02  38880 15.8
2010-02-09  01:10:00  09 27 00.7  -06 25 52  +000896.4 -000156.0  03 00 10.6  230.210 23.772  21.21  38913 15.8
2010-02-09  01:20:00  09 36 58.3  -06 51 53  +000896.4 -000156.0  03 00 14.7  229.974 23.396  21.68  38946 15.8
2010-02-09  01:30:00  09 46 56.0  -07 17 52  +000896.5 -000155.7  03 00 18.7  229.739 23.021  22.43  38978 15.8
2010-02-09  01:40:00  09 56 53.7  -07 43 46  +000896.8 -000155.1  03 00 22.6  229.505 22.646  23.42  39010 15.8
2010-02-09  01:50:00  10 06 51.7  -08 09 33  +000897.1 -000154.2  03 00 26.3  229.273 22.273  24.63  39042 15.8
2010-02-09  02:00:00  10 16 49.9  -08 35 10  +000897.6 -000153.1  03 00 29.7  229.043 21.903  26.01  39073 15.8
2010-02-09  02:10:00  10 26 48.5  -09 00 34  +000898.2 -000151.6  03 00 32.7  228.815 21.537  27.56  39104 15.8
2010-02-09  02:20:00  10 36 47.5  -09 25 41  +000898.9 -000149.9  03 00 35.4  228.589 21.175  29.22  39134 15.9
2010-02-09  02:30:00  10 46 47.0  -09 50 30  +000899.7 -000147.9  03 00 37.5  228.365 20.818  31.01  39163 15.9
2010-02-09  02:40:00  10 56 47.1  -10 14 58  +000900.6 -000145.6  03 00 39.1  228.143 20.467  32.88  39191 15.9
2010-02-09  02:50:00  11 06 47.8  -10 39 01  +000901.6 -000143.0  03 00 40.0  227.924 20.123  34.83  39218 15.9
2010-02-09  03:00:00  11 16 49.2  -11 02 37  +000902.7 -000140.2  03 00 40.2  227.707 19.786  36.83  39244 15.9
2010-02-09  03:10:00  11 26 51.4  -11 25 44  +000903.8 -000137.1  03 00 39.7  227.492 19.458  38.90  39270 16.0
2010-02-09  03:20:00  11 36 54.3  -11 48 19  +000905.1 -000133.8  03 00 38.4  227.281 19.139  41.00  39294 16.0
2010-02-09  03:30:00  11 46 58.2  -12 10 19  +000906.4 -000130.2  03 00 36.2  227.072 18.830  43.16  39317 16.0
2010-02-09  03:40:00  11 57 02.9  -12 31 42  +000907.8 -000126.3  03 00 33.1  226.867 18.531  45.33  39338 16.0
2010-02-09  03:50:00  12 07 08.6  -12 52 25  +000909.3 -000122.3  03 00 29.1  226.665 18.243  47.54  39359 16.1
2010-02-09  04:00:00  12 17 15.3  -13 12 26  +000910.8 -000117.9  03 00 24.0  226.466 17.968  49.77  39378 16.1
2010-02-09  04:10:00  12 27 22.9  -13 31 43  +000912.3 -000113.4  03 00 18.0  226.270 17.704  52.03  39395 16.1

   Date        UTC        RA         DECL      RARate   DeclRate    HourAng      Az     Um    Phase  Range  Mag
2010-02-09  16:20:00  00 58 16.7  +00 53 13  +000926.0 +000103.5  02 41 24.2  230.109 32.461 126.90  37814 18.4
2010-02-09  16:30:00  01 08 34.2  +01 09 60  +000926.7 +000097.8  02 41 08.3  230.218 32.733 124.37  37800 18.3
2010-02-09  16:40:00  01 18 52.2  +01 25 49  +000927.3 +000092.0  02 40 51.9  230.316 32.993 121.86  37788 18.1
2010-02-09  16:50:00  01 29 10.7  +01 40 38  +000928.0 +000085.9  02 40 35.1  230.402 33.240 119.33  37777 18.0
2010-02-09  17:00:00  01 39 29.5  +01 54 26  +000928.6 +000079.6  02 40 17.9  230.476 33.472 116.82  37767 17.9
2010-02-09  17:10:00  01 49 48.8  +02 07 10  +000929.1 +000073.2  02 40 00.3  230.537 33.691 114.29  37759 17.8
2010-02-09  17:20:00  02 00 08.3  +02 18 50  +000929.6 +000066.6  02 39 42.4  230.586 33.895 111.78  37752 17.7
2010-02-09  17:30:00  02 10 28.2  +02 29 23  +000930.0 +000059.9  02 39 24.2  230.622 34.084 109.26  37746 17.6
2010-02-09  17:40:00  02 20 48.3  +02 38 48  +000930.3 +000053.1  02 39 05.7  230.644 34.258 106.75  37742 17.5
2010-02-09  17:50:00  02 31 08.6  +02 47 05  +000930.6 +000046.1  02 38 47.1  230.654 34.416 104.23  37739 17.4
2010-02-09  18:00:00  02 41 29.0  +02 54 11  +000930.7 +000039.1  02 38 28.3  230.650 34.558 101.72  37738 17.3
2010-02-09  18:10:00  02 51 49.5  +03 00 06  +000930.8 +000032.0  02 38 09.4  230.634 34.684  99.21  37738 17.2
2010-02-09  18:20:00  03 02 10.1  +03 04 50  +000930.8 +000024.8  02 37 50.5  230.604 34.792  96.71  37739 17.1
2010-02-09  18:30:00  03 12 30.6  +03 08 22  +000930.7 +000017.6  02 37 31.6  230.562 34.884  94.20  37741 17.0
2010-02-09  18:40:00  03 22 51.0  +03 10 42  +000930.5 +000010.3  02 37 12.9  230.506 34.958  91.71  37745 16.9
2010-02-09  18:50:00  03 33 11.2  +03 11 48  +000930.1 +000003.0  02 36 54.3  230.439 35.015  89.21  37750 16.9
2010-02-09  19:00:00  03 43 31.1  +03 11 42  +000929.7 -000004.2  02 36 36.0  230.359 35.054  86.72  37757 16.8
2010-02-09  19:10:00  03 53 50.8  +03 10 24  +000929.2 -000011.5  02 36 18.0  230.267 35.076  84.23  37765 16.7
2010-02-09  19:20:00  04 04 10.1  +03 07 53  +000928.6 -000018.7  02 36 00.4  230.164 35.079  81.76  37774 16.7
2010-02-09  19:30:00  04 14 28.9  +03 04 09  +000927.9 -000025.9  02 35 43.1  230.049 35.064  79.28  37784 16.6
2010-02-09  19:40:00  04 24 47.3  +02 59 15  +000927.1 -000033.0  02 35 26.4  229.924 35.032  76.81  37796 16.5
2010-02-09  19:50:00  04 35 05.1  +02 53 10  +000926.2 -000040.0  02 35 10.3  229.789 34.981  74.35  37809 16.5
2010-02-09  20:00:00  04 45 22.2  +02 45 55  +000925.3 -000047.0  02 34 54.8  229.645 34.912  71.90  37823 16.4
2010-02-09  20:10:00  04 55 38.7  +02 37 31  +000924.2 -000053.8  02 34 39.9  229.491 34.826  69.45  37839 16.4
2010-02-09  20:20:00  05 05 54.5  +02 27 60  +000923.1 -000060.5  02 34 25.8  229.329 34.721  67.02  37856 16.3
2010-02-09  20:30:00  05 16 09.5  +02 17 22  +000921.9 -000067.0  02 34 12.4  229.158 34.600  64.60  37873 16.3
2010-02-09  20:40:00  05 26 23.7  +02 05 40  +000920.7 -000073.4  02 33 59.8  228.981 34.460  62.19  37893 16.2
2010-02-09  20:50:00  05 36 37.1  +01 52 55  +000919.4 -000079.7  02 33 48.1  228.796 34.304  59.79  37913 16.2
2010-02-09  21:00:00  05 46 49.6  +01 39 08  +000918.1 -000085.7  02 33 37.3  228.606 34.131  57.41  37934 16.1
2010-02-09  21:10:00  05 57 01.2  +01 24 21  +000916.7 -000091.6  02 33 27.3  228.409 33.942  55.04  37956 16.1
2010-02-09  21:20:00  06 07 11.9  +01 08 37  +000915.3 -000097.3  02 33 18.2  228.208 33.736  52.69  37980 16.1
2010-02-09  21:30:00  06 17 21.7  +00 51 57  +000914.0 -000102.7  02 33 10.1  228.001 33.515  50.36  38004 16.0
2010-02-09  21:40:00  06 27 30.5  +00 34 23  +000912.6 -000108.0  02 33 02.9  227.791 33.279  48.06  38030 16.0
2010-02-09  21:50:00  06 37 38.4  +00 15 58  +000911.2 -000113.0  02 32 56.7  227.577 33.029  45.78  38056 16.0
2010-02-09  22:00:00  06 47 45.4  -00 03 15  +000909.8 -000117.7  02 32 51.3  227.361 32.764  43.54  38083 15.9
2010-02-09  22:10:00  06 57 51.5  -00 23 16  +000908.4 -000122.3  02 32 46.9  227.141 32.486  41.32  38111 15.9
2010-02-09  22:20:00  07 07 56.7  -00 43 60  +000907.1 -000126.5  02 32 43.3  226.920 32.195  39.16  38140 15.9
2010-02-09  22:30:00  07 18 01.0  -01 05 26  +000905.8 -000130.6  02 32 40.7  226.696 31.892  37.03  38169 15.9
2010-02-09  22:40:00  07 28 04.5  -01 27 30  +000904.6 -000134.3  02 32 38.8  226.472 31.577  34.97  38200 15.9
2010-02-09  22:50:00  07 38 07.2  -01 50 11  +000903.5 -000137.8  02 32 37.8  226.246 31.252  32.97  38230 15.8
2010-02-09  23:00:00  07 48 09.1  -02 13 25  +000902.4 -000141.0  02 32 37.5  226.020 30.917  31.06  38262 15.8
2010-02-09  23:10:00  07 58 10.3  -02 37 10  +000901.3 -000143.9  02 32 37.9  225.793 30.572  29.23  38294 15.8
2010-02-09  23:20:00  08 08 10.9  -03 01 23  +000900.4 -000146.6  02 32 39.0  225.567 30.219  27.52  38326 15.8
2010-02-09  23:30:00  08 18 10.8  -03 26 01  +000899.5 -000148.9  02 32 40.7  225.340 29.858  25.94  38358 15.8
2010-02-09  23:40:00  08 28 10.3  -03 51 01  +000898.8 -000151.0  02 32 42.9  225.114 29.490  24.53  38391 15.8
2010-02-09  23:50:00  08 38 09.2  -04 16 20  +000898.1 -000152.8  02 32 45.6  224.889 29.117  23.30  38425 15.8
2010-02-10  00:00:00  08 48 07.7  -04 41 55  +000897.5 -000154.3  02 32 48.7  224.665 28.738  22.28  38458 15.8
2010-02-10  00:10:00  08 58 05.9  -05 07 44  +000897.1 -000155.5  02 32 52.1  224.441 28.355  21.52  38491 15.8
2010-02-10  00:20:00  09 08 03.9  -05 33 43  +000896.7 -000156.3  02 32 55.9  224.219 27.969  21.03  38525 15.8
2010-02-10  00:30:00  09 18 01.6  -05 59 50  +000896.5 -000157.0  02 32 59.8  223.997 27.580  20.83  38558 15.8
2010-02-10  00:40:00  09 27 59.2  -06 26 01  +000896.4 -000157.3  02 33 03.8  223.777 27.189  20.93  38592 15.8
2010-02-10  00:50:00  09 37 56.8  -06 52 14  +000896.4 -000157.3  02 33 07.9  223.559 26.797  21.33  38625 15.8
2010-02-10  01:00:00  09 47 54.4  -07 18 26  +000896.5 -000157.0  02 33 11.9  223.342 26.406  22.01  38658 15.8
2010-02-10  01:10:00  09 57 52.2  -07 44 33  +000896.7 -000156.4  02 33 15.8  223.126 26.015  22.94  38690 15.8
2010-02-10  01:20:00  10 07 50.1  -08 10 34  +000897.1 -000155.6  02 33 19.5  222.912 25.627  24.09  38722 15.8
2010-02-10  01:30:00  10 17 48.3  -08 36 24  +000897.6 -000154.4  02 33 22.9  222.700 25.241  25.44  38754 15.8
2010-02-10  01:40:00  10 27 46.9  -09 02 01  +000898.2 -000153.0  02 33 26.0  222.490 24.859  26.94  38785 15.8
2010-02-10  01:50:00  10 37 45.9  -09 27 22  +000898.9 -000151.3  02 33 28.6  222.282 24.481  28.59  38815 15.8
2010-02-10  02:00:00  10 47 45.4  -09 52 25  +000899.7 -000149.3  02 33 30.8  222.075 24.108  30.35  38844 15.8
2010-02-10  02:10:00  10 57 45.4  -10 17 07  +000900.6 -000147.0  02 33 32.3  221.870 23.741  32.21  38873 15.9
2010-02-10  02:20:00  11 07 46.1  -10 41 24  +000901.6 -000144.4  02 33 33.3  221.668 23.382  34.13  38901 15.9
2010-02-10  02:30:00  11 17 47.5  -11 05 15  +000902.7 -000141.6  02 33 33.5  221.467 23.030  36.14  38928 15.9
2010-02-10  02:40:00  11 27 49.7  -11 28 36  +000903.8 -000138.5  02 33 33.0  221.269 22.686  38.19  38953 15.9
2010-02-10  02:50:00  11 37 52.7  -11 51 24  +000905.1 -000135.2  02 33 31.7  221.073 22.352  40.30  38978 16.0
2010-02-10  03:00:00  11 47 56.5  -12 13 39  +000906.4 -000131.6  02 33 29.5  220.879 22.027  42.43  39002 16.0
2010-02-10  03:10:00  11 58 01.3  -12 35 16  +000907.8 -000127.7  02 33 26.4  220.688 21.713  44.61  39024 16.0
2010-02-10  03:20:00  12 08 07.0  -12 56 13  +000909.3 -000123.7  02 33 22.3  220.499 21.411  46.81  39045 16.0
2010-02-10  03:30:00  12 18 13.7  -13 16 28  +000910.8 -000119.3  02 33 17.2  220.314 21.120  49.05  39065 16.1
2010-02-10  03:40:00  12 28 21.4  -13 35 59  +000912.3 -000114.8  02 33 11.2  220.131 20.843  51.29  39083 16.1
2010-02-10  03:50:00  12 38 30.1  -13 54 43  +000913.9 -000110.0  02 33 04.1  219.951 20.578  53.57  39100 16.1
2010-02-10  04:00:00  12 48 40.0  -14 12 38  +000915.5 -000105.0  02 32 55.9  219.774 20.327  55.85  39115 16.2
2010-02-10  04:10:00  12 58 50.8  -14 29 43  +000917.1 -000099.8  02 32 46.7  219.601 20.091  58.16  39129 16.2

   Date        UTC        RA         DECL      RARate   DeclRate    HourAng      Az     Um    Phase  Range  Mag
2010-02-10  16:20:00  01 30 18.7  +01 39 36  +000928.2 +000087.2  02 13 18.7  223.201 36.653 120.06  37491 18.0
2010-02-10  16:30:00  01 40 37.7  +01 53 37  +000928.8 +000081.0  02 13 01.3  223.259 36.893 117.53  37482 17.9
2010-02-10  16:40:00  01 50 57.1  +02 06 34  +000929.3 +000074.5  02 12 43.6  223.306 37.118 115.01  37474 17.8
2010-02-10  16:50:00  02 01 16.8  +02 18 27  +000929.8 +000067.9  02 12 25.5  223.340 37.328 112.48  37467 17.7
2010-02-10  17:00:00  02 11 36.8  +02 29 12  +000930.2 +000061.2  02 12 07.1  223.362 37.522 109.97  37462 17.6
2010-02-10  17:10:00  02 21 57.1  +02 38 49  +000930.6 +000054.3  02 11 48.5  223.372 37.700 107.44  37458 17.5
2010-02-10  17:20:00  02 32 17.6  +02 47 17  +000930.8 +000047.3  02 11 29.7  223.370 37.862 104.93  37456 17.4
2010-02-10  17:30:00  02 42 38.2  +02 54 35  +000931.0 +000040.2  02 11 10.8  223.355 38.006 102.41  37455 17.3
2010-02-10  17:40:00  02 52 58.8  +03 00 41  +000931.0 +000033.0  02 10 51.7  223.327 38.133  99.90  37455 17.2
2010-02-10  17:50:00  03 03 19.5  +03 05 35  +000931.0 +000025.8  02 10 32.7  223.288 38.243  97.38  37456 17.1
2010-02-10  18:00:00  03 13 40.2  +03 09 17  +000930.9 +000018.5  02 10 13.7  223.236 38.334  94.88  37459 17.0
2010-02-10  18:10:00  03 24 00.7  +03 11 46  +000930.7 +000011.2  02 09 54.8  223.173 38.408  92.37  37463 16.9
2010-02-10  18:20:00  03 34 21.1  +03 13 01  +000930.4 +000003.9  02 09 36.0  223.098 38.463  89.88  37469 16.9
2010-02-10  18:30:00  03 44 41.2  +03 13 03  +000930.0 -000003.4  02 09 17.6  223.011 38.500  87.38  37476 16.8
2010-02-10  18:40:00  03 55 01.0  +03 11 52  +000929.4 -000010.8  02 08 59.4  222.914 38.518  84.90  37484 16.7
2010-02-10  18:50:00  04 05 20.5  +03 09 28  +000928.8 -000018.0  02 08 41.6  222.807 38.518  82.40  37494 16.7
2010-02-10  19:00:00  04 15 39.4  +03 05 52  +000928.1 -000025.3  02 08 24.3  222.689 38.498  79.93  37504 16.6
2010-02-10  19:10:00  04 25 57.9  +03 01 03  +000927.3 -000032.4  02 08 07.4  222.562 38.460  77.45  37516 16.5
2010-02-10  19:20:00  04 36 15.8  +02 55 04  +000926.4 -000039.5  02 07 51.1  222.426 38.403  74.99  37530 16.5
2010-02-10  19:30:00  04 46 33.1  +02 47 54  +000925.4 -000046.5  02 07 35.5  222.282 38.328  72.53  37544 16.4
2010-02-10  19:40:00  04 56 49.8  +02 39 34  +000924.4 -000053.4  02 07 20.5  222.130 38.234  70.09  37560 16.4
2010-02-10  19:50:00  05 07 05.7  +02 30 06  +000923.3 -000060.1  02 07 06.3  221.970 38.122  67.64  37577 16.3
2010-02-10  20:00:00  05 17 20.8  +02 19 32  +000922.1 -000066.7  02 06 52.8  221.803 37.991  65.22  37595 16.3
2010-02-10  20:10:00  05 27 35.1  +02 07 52  +000920.8 -000073.2  02 06 40.1  221.631 37.843  62.79  37614 16.2
2010-02-10  20:20:00  05 37 48.6  +01 55 08  +000919.6 -000079.5  02 06 28.3  221.453 37.676  60.39  37635 16.2
2010-02-10  20:30:00  05 48 01.2  +01 41 22  +000918.2 -000085.6  02 06 17.3  221.269 37.493  58.00  37656 16.1
2010-02-10  20:40:00  05 58 12.9  +01 26 36  +000916.8 -000091.6  02 06 07.3  221.082 37.293  55.63  37679 16.1
2010-02-10  20:50:00  06 08 23.6  +01 10 52  +000915.5 -000097.3  02 05 58.1  220.890 37.076  53.26  37702 16.1
2010-02-10  21:00:00  06 18 33.5  +00 54 11  +000914.1 -000102.8  02 05 49.9  220.695 36.843  50.93  37727 16.0
2010-02-10  21:10:00  06 28 42.4  +00 36 36  +000912.7 -000108.1  02 05 42.7  220.497 36.595  48.61  37752 16.0
2010-02-10  21:20:00  06 38 50.4  +00 18 09  +000911.3 -000113.2  02 05 36.3  220.297 36.332  46.33  37778 16.0
2010-02-10  21:30:00  06 48 57.4  -00 01 07  +000909.9 -000118.0  02 05 30.9  220.095 36.054  44.06  37806 15.9
2010-02-10  21:40:00  06 59 03.5  -00 21 10  +000908.5 -000122.6  02 05 26.5  219.892 35.763  41.84  37834 15.9
2010-02-10  21:50:00  07 09 08.8  -00 41 58  +000907.2 -000126.9  02 05 22.9  219.687 35.458  39.65  37863 15.9
2010-02-10  22:00:00  07 19 13.1  -01 03 28  +000905.9 -000131.0  02 05 20.2  219.481 35.141  37.51  37892 15.9
2010-02-10  22:10:00  07 29 16.6  -01 25 38  +000904.7 -000134.8  02 05 18.3  219.276 34.813  35.42  37922 15.8
2010-02-10  22:20:00  07 39 19.3  -01 48 24  +000903.5 -000138.4  02 05 17.2  219.070 34.473  33.40  37953 15.8
2010-02-10  22:30:00  07 49 21.3  -02 11 44  +000902.4 -000141.6  02 05 16.9  218.864 34.123  31.44  37984 15.8
2010-02-10  22:40:00  07 59 22.5  -02 35 35  +000901.3 -000144.6  02 05 17.3  218.659 33.764  29.59  38016 15.8
2010-02-10  22:50:00  08 09 23.1  -02 59 55  +000900.4 -000147.3  02 05 18.4  218.454 33.396  27.83  38049 15.8
2010-02-10  23:00:00  08 19 23.1  -03 24 40  +000899.5 -000149.7  02 05 20.1  218.250 33.020  26.21  38081 15.8
2010-02-10  23:10:00  08 29 22.5  -03 49 48  +000898.8 -000151.8  02 05 22.3  218.047 32.638  24.73  38114 15.8
2010-02-10  23:20:00  08 39 21.4  -04 15 16  +000898.1 -000153.6  02 05 25.0  217.846 32.249  23.44  38148 15.7
2010-02-10  23:30:00  08 49 20.0  -04 40 60  +000897.5 -000155.2  02 05 28.1  217.645 31.855  22.35  38181 15.7
2010-02-10  23:40:00  08 59 18.2  -05 06 58  +000897.1 -000156.4  02 05 31.5  217.446 31.456  21.51  38214 15.7
2010-02-10  23:50:00  09 09 16.1  -05 33 07  +000896.7 -000157.3  02 05 35.3  217.248 31.054  20.93  38248 15.7
2010-02-11  00:00:00  09 19 13.8  -05 59 24  +000896.5 -000158.0  02 05 39.2  217.052 30.650  20.65  38282 15.7
2010-02-11  00:10:00  09 29 11.4  -06 25 45  +000896.4 -000158.3  02 05 43.2  216.857 30.244  20.67  38315 15.7
2010-02-11  00:20:00  09 39 09.0  -06 52 09  +000896.4 -000158.4  02 05 47.3  216.663 29.836  20.99  38348 15.7
2010-02-11  00:30:00  09 49 06.6  -07 18 32  +000896.5 -000158.1  02 05 51.3  216.471 29.429  21.60  38381 15.8
2010-02-11  00:40:00  09 59 04.3  -07 44 50  +000896.7 -000157.6  02 05 55.2  216.281 29.023  22.47  38414 15.8
2010-02-11  00:50:00  10 09 02.3  -08 11 02  +000897.1 -000156.7  02 05 58.9  216.092 28.619  23.58  38446 15.8
2010-02-11  01:00:00  10 19 00.5  -08 37 04  +000897.6 -000155.6  02 06 02.4  215.905 28.217  24.88  38478 15.8
2010-02-11  01:10:00  10 28 59.0  -09 02 53  +000898.2 -000154.2  02 06 05.4  215.719 27.819  26.36  38509 15.8
2010-02-11  01:20:00  10 38 58.0  -09 28 27  +000898.9 -000152.5  02 06 08.1  215.534 27.426  27.98  38540 15.8
2010-02-11  01:30:00  10 48 57.5  -09 53 42  +000899.7 -000150.5  02 06 10.2  215.351 27.038  29.72  38570 15.8
2010-02-11  01:40:00  10 58 57.6  -10 18 36  +000900.6 -000148.2  02 06 11.8  215.170 26.655  31.56  38599 15.8
2010-02-11  01:50:00  11 08 58.3  -10 43 06  +000901.6 -000145.7  02 06 12.8  214.990 26.280  33.48  38627 15.9
2010-02-11  02:00:00  11 18 59.7  -11 07 09  +000902.7 -000142.9  02 06 13.0  214.811 25.913  35.47  38655 15.9
2010-02-11  02:10:00  11 29 01.9  -11 30 43  +000903.9 -000139.8  02 06 12.5  214.634 25.554  37.52  38681 15.9
2010-02-11  02:20:00  11 39 04.9  -11 53 45  +000905.1 -000136.5  02 06 11.1  214.459 25.204  39.61  38706 15.9
2010-02-11  02:30:00  11 49 08.7  -12 16 12  +000906.5 -000132.9  02 06 08.9  214.286 24.865  41.76  38730 16.0
2010-02-11  02:40:00  11 59 13.5  -12 38 01  +000907.9 -000129.0  02 06 05.7  214.114 24.536  43.92  38753 16.0
2010-02-11  02:50:00  12 09 19.3  -12 59 11  +000909.4 -000124.9  02 06 01.6  213.944 24.218  46.13  38775 16.0
2010-02-11  03:00:00  12 19 26.0  -13 19 39  +000910.9 -000120.6  02 05 56.6  213.775 23.913  48.35  38795 16.1
2010-02-11  03:10:00  12 29 33.8  -13 39 22  +000912.4 -000116.0  02 05 50.4  213.609 23.621  50.61  38814 16.1
2010-02-11  03:20:00  12 39 42.6  -13 58 19  +000914.0 -000111.2  02 05 43.3  213.445 23.342  52.87  38832 16.1
2010-02-11  03:30:00  12 49 52.4  -14 16 27  +000915.6 -000106.2  02 05 35.1  213.283 23.076  55.17  38848 16.2
2010-02-11  03:40:00  13 00 03.4  -14 33 43  +000917.2 -000101.0  02 05 25.8  213.124 22.826  57.46  38863 16.2
2010-02-11  03:50:00  13 10 15.4  -14 50 07  +000918.8 -000095.6  02 05 15.4  212.967 22.591  59.78  38876 16.2
2010-02-11  04:00:00  13 20 28.4  -15 05 35  +000920.4 -000090.0  02 05 04.0  212.813 22.371  62.10  38887 16.3
2010-02-11  04:10:00  13 30 42.6  -15 20 06  +000922.0 -000084.2  02 04 51.5  212.662 22.167  64.44  38897 16.3

   Date        UTC        RA         DECL      RARate   DeclRate    HourAng      Az     Um    Phase  Range  Mag
2010-02-11  16:20:00  02 02 38.0  +02 17 51  +000930.0 +000069.1  01 44 55.9  215.404 40.327 113.14  37230 17.7
2010-02-11  16:30:00  02 12 58.2  +02 28 48  +000930.4 +000062.3  01 44 37.4  215.408 40.525 110.61  37225 17.6
2010-02-11  16:40:00  02 23 18.6  +02 38 37  +000930.8 +000055.4  01 44 18.7  215.399 40.707 108.09  37222 17.5
2010-02-11  16:50:00  02 33 39.2  +02 47 16  +000931.0 +000048.4  01 43 59.7  215.380 40.870 105.56  37220 17.4
2010-02-11  17:00:00  02 43 59.9  +02 54 44  +000931.2 +000041.3  01 43 40.6  215.350 41.016 103.05  37219 17.3
2010-02-11  17:10:00  02 54 20.7  +03 01 01  +000931.3 +000034.0  01 43 21.5  215.308 41.144 100.53  37220 17.2
2010-02-11  17:20:00  03 04 41.6  +03 06 05  +000931.2 +000026.8  01 43 02.3  215.255 41.253  98.02  37222 17.1
2010-02-11  17:30:00  03 15 02.3  +03 09 56  +000931.1 +000019.5  01 42 43.1  215.192 41.344  95.50  37225 17.0
2010-02-11  17:40:00  03 25 23.0  +03 12 34  +000930.9 +000012.1  01 42 24.1  215.119 41.416  93.00  37230 16.9
2010-02-11  17:50:00  03 35 43.5  +03 13 58  +000930.6 +000004.7  01 42 05.3  215.035 41.468  90.49  37236 16.9
2010-02-11  18:00:00  03 46 03.7  +03 14 09  +000930.1 -000002.6  01 41 46.7  214.942 41.501  88.00  37243 16.8
2010-02-11  18:10:00  03 56 23.7  +03 13 06  +000929.6 -000010.0  01 41 28.4  214.839 41.515  85.50  37252 16.7
2010-02-11  18:20:00  04 06 43.2  +03 10 49  +000929.0 -000017.3  01 41 10.5  214.728 41.510  83.02  37262 16.7
2010-02-11  18:30:00  04 17 02.3  +03 07 19  +000928.3 -000024.6  01 40 53.0  214.608 41.485  80.53  37273 16.6
2010-02-11  18:40:00  04 27 20.9  +03 02 37  +000927.5 -000031.8  01 40 36.0  214.480 41.440  78.06  37285 16.5
2010-02-11  18:50:00  04 37 38.9  +02 56 43  +000926.6 -000038.9  01 40 19.7  214.346 41.376  75.58  37299 16.5
2010-02-11  19:00:00  04 47 56.3  +02 49 39  +000925.6 -000046.0  01 40 03.9  214.204 41.293  73.12  37314 16.4
2010-02-11  19:10:00  04 58 13.1  +02 41 24  +000924.5 -000052.9  01 39 48.8  214.056 41.191  70.66  37330 16.4
2010-02-11  19:20:00  05 08 29.1  +02 32 01  +000923.4 -000059.7  01 39 34.5  213.903 41.070  68.22  37347 16.3
2010-02-11  19:30:00  05 18 44.3  +02 21 30  +000922.2 -000066.4  01 39 20.9  213.745 40.930  65.78  37366 16.3
2010-02-11  19:40:00  05 28 58.7  +02 09 53  +000921.0 -000072.9  01 39 08.2  213.582 40.771  63.36  37385 16.2
2010-02-11  19:50:00  05 39 12.2  +01 57 12  +000919.7 -000079.3  01 38 56.3  213.415 40.594  60.94  37406 16.2
2010-02-11  20:00:00  05 49 24.9  +01 43 28  +000918.3 -000085.4  01 38 45.3  213.246 40.400  58.55  37427 16.1
2010-02-11  20:10:00  05 59 36.6  +01 28 44  +000916.9 -000091.4  01 38 35.1  213.073 40.188  56.16  37450 16.1
2010-02-11  20:20:00  06 09 47.4  +01 13 01  +000915.5 -000097.2  01 38 26.0  212.898 39.960  53.80  37474 16.1
2010-02-11  20:30:00  06 19 57.3  +00 56 20  +000914.1 -000102.8  01 38 17.7  212.721 39.715  51.44  37498 16.0
2010-02-11  20:40:00  06 30 06.3  +00 38 46  +000912.7 -000108.1  01 38 10.4  212.543 39.454  49.12  37524 16.0
2010-02-11  20:50:00  06 40 14.3  +00 20 18  +000911.3 -000113.3  01 38 04.0  212.364 39.179  46.82  37550 16.0
2010-02-11  21:00:00  06 50 21.4  +00 01 01  +000909.9 -000118.2  01 37 58.6  212.185 38.888  44.55  37577 15.9
2010-02-11  21:10:00  07 00 27.5  -00 19 04  +000908.6 -000122.8  01 37 54.1  212.005 38.583  42.30  37606 15.9
2010-02-11  21:20:00  07 10 32.8  -00 39 54  +000907.2 -000127.2  01 37 50.5  211.825 38.266  40.10  37634 15.9
2010-02-11  21:30:00  07 20 37.2  -01 01 27  +000905.9 -000131.3  01 37 47.7  211.646 37.935  37.93  37664 15.9
2010-02-11  21:40:00  07 30 40.7  -01 23 39  +000904.7 -000135.2  01 37 45.8  211.468 37.593  35.83  37694 15.8
2010-02-11  21:50:00  07 40 43.4  -01 46 29  +000903.5 -000138.8  01 37 44.7  211.291 37.239  33.77  37725 15.8
2010-02-11  22:00:00  07 50 45.4  -02 09 54  +000902.4 -000142.1  01 37 44.4  211.114 36.875  31.80  37756 15.8
2010-02-11  22:10:00  08 00 46.6  -02 33 50  +000901.4 -000145.1  01 37 44.8  210.939 36.502  29.90  37788 15.8
2010-02-11  22:20:00  08 10 47.2  -02 58 15  +000900.4 -000147.8  01 37 45.9  210.766 36.120  28.11  37820 15.8
2010-02-11  22:30:00  08 20 47.2  -03 23 05  +000899.5 -000150.3  01 37 47.6  210.593 35.730  26.44  37853 15.8
2010-02-11  22:40:00  08 30 46.6  -03 48 19  +000898.8 -000152.4  01 37 49.8  210.423 35.333  24.91  37886 15.7
2010-02-11  22:50:00  08 40 45.6  -04 13 53  +000898.1 -000154.3  01 37 52.5  210.254 34.930  23.55  37919 15.7
2010-02-11  23:00:00  08 50 44.1  -04 39 44  +000897.5 -000155.9  01 37 55.6  210.086 34.521  22.40  37953 15.7
2010-02-11  23:10:00  09 00 42.3  -05 05 50  +000897.1 -000157.1  01 37 59.1  209.920 34.108  21.49  37986 15.7
2010-02-11  23:20:00  09 10 40.2  -05 32 06  +000896.7 -000158.1  01 38 02.8  209.756 33.692  20.83  38020 15.7
2010-02-11  23:30:00  09 20 37.9  -05 58 31  +000896.5 -000158.8  01 38 06.7  209.593 33.273  20.47  38054 15.7
2010-02-11  23:40:00  09 30 35.5  -06 25 02  +000896.4 -000159.2  01 38 10.8  209.432 32.852  20.41  38087 15.7
2010-02-11  23:50:00  09 40 33.1  -06 51 34  +000896.4 -000159.3  01 38 14.8  209.272 32.430  20.66  38121 15.7
2010-02-12  00:00:00  09 50 30.7  -07 18 06  +000896.5 -000159.0  01 38 18.9  209.113 32.009  21.20  38154 15.7
2010-02-12  00:10:00  10 00 28.4  -07 44 34  +000896.7 -000158.5  01 38 22.8  208.956 31.588  22.02  38187 15.7
2010-02-12  00:20:00  10 10 26.3  -08 10 55  +000897.1 -000157.7  01 38 26.5  208.800 31.169  23.08  38219 15.8
2010-02-12  00:30:00  10 20 24.5  -08 37 07  +000897.6 -000156.6  01 38 29.9  208.645 30.753  24.35  38251 15.8
2010-02-12  00:40:00  10 30 23.1  -09 03 06  +000898.2 -000155.2  01 38 33.0  208.491 30.340  25.79  38283 15.8
2010-02-12  00:50:00  10 40 22.1  -09 28 50  +000898.9 -000153.5  01 38 35.6  208.338 29.932  27.39  38313 15.8
2010-02-12  01:00:00  10 50 21.6  -09 54 16  +000899.7 -000151.6  01 38 37.8  208.186 29.529  29.11  38344 15.8
2010-02-12  01:10:00  11 00 21.7  -10 19 21  +000900.6 -000149.3  01 38 39.4  208.034 29.133  30.94  38373 15.8
2010-02-12  01:20:00  11 10 22.4  -10 44 02  +000901.6 -000146.8  01 38 40.3  207.884 28.743  32.85  38402 15.8
2010-02-12  01:30:00  11 20 23.8  -11 08 16  +000902.7 -000144.0  01 38 40.5  207.734 28.361  34.83  38430 15.9
2010-02-12  01:40:00  11 30 26.0  -11 32 01  +000903.9 -000140.9  01 38 39.9  207.585 27.988  36.87  38456 15.9
2010-02-12  01:50:00  11 40 29.1  -11 55 14  +000905.2 -000137.6  01 38 38.5  207.437 27.624  38.97  38482 15.9
2010-02-12  02:00:00  11 50 33.0  -12 17 52  +000906.5 -000134.0  01 38 36.3  207.289 27.270  41.10  38507 15.9
2010-02-12  02:10:00  12 00 37.8  -12 39 53  +000908.0 -000130.1  01 38 33.1  207.142 26.927  43.28  38530 16.0
2010-02-12  02:20:00  12 10 43.6  -13 01 14  +000909.4 -000126.1  01 38 29.0  206.996 26.595  45.47  38553 16.0
2010-02-12  02:30:00  12 20 50.3  -13 21 53  +000910.9 -000121.7  01 38 23.8  206.851 26.276  47.70  38574 16.0
2010-02-12  02:40:00  12 30 58.2  -13 41 48  +000912.5 -000117.1  01 38 17.7  206.706 25.969  49.95  38593 16.1
2010-02-12  02:50:00  12 41 07.0  -14 00 55  +000914.1 -000112.4  01 38 10.5  206.563 25.677  52.22  38612 16.1
2010-02-12  03:00:00  12 51 16.9  -14 19 14  +000915.7 -000107.3  01 38 02.2  206.420 25.398  54.50  38629 16.1
2010-02-12  03:10:00  13 01 27.9  -14 36 42  +000917.3 -000102.1  01 37 52.8  206.279 25.134  56.81  38644 16.2
2010-02-12  03:20:00  13 11 40.0  -14 53 16  +000918.9 -000096.7  01 37 42.4  206.139 24.885  59.12  38658 16.2
2010-02-12  03:30:00  13 21 53.2  -15 08 55  +000920.5 -000091.1  01 37 30.9  206.000 24.652  61.45  38670 16.3
2010-02-12  03:40:00  13 32 07.4  -15 23 36  +000922.1 -000085.2  01 37 18.3  205.863 24.435  63.79  38680 16.3
2010-02-12  03:50:00  13 42 22.6  -15 37 19  +000923.7 -000079.3  01 37 04.7  205.728 24.235  66.14  38689 16.4
2010-02-12  04:00:00  13 52 38.9  -15 50 01  +000925.2 -000073.1  01 36 50.0  205.595 24.052  68.49  38696 16.4
2010-02-12  04:10:00  14 02 56.2  -16 01 41  +000926.7 -000066.8  01 36 34.4  205.464 23.886  70.86  38702 16.4

   Date        UTC        RA         DECL      RARate   DeclRate    HourAng      Az     Um    Phase  Range  Mag
2010-02-12  16:20:00  02 35 11.2  +02 47 00  +000931.2 +000049.4  01 16 19.3  206.669 43.327 106.17  37036 17.4
2010-02-12  16:30:00  02 45 32.1  +02 54 39  +000931.4 +000042.2  01 16 00.1  206.619 43.473 103.64  37036 17.3
2010-02-12  16:40:00  02 55 53.0  +03 01 05  +000931.4 +000035.0  01 15 40.8  206.559 43.600 101.13  37037 17.2
2010-02-12  16:50:00  03 06 14.0  +03 06 19  +000931.4 +000027.7  01 15 21.5  206.491 43.707  98.60  37039 17.1
2010-02-12  17:00:00  03 16 34.8  +03 10 19  +000931.3 +000020.4  01 15 02.2  206.414 43.795  96.09  37043 17.0
2010-02-12  17:10:00  03 26 55.6  +03 13 06  +000931.0 +000013.0  01 14 43.1  206.329 43.864  93.58  37048 17.0
2010-02-12  17:20:00  03 37 16.2  +03 14 39  +000930.7 +000005.6  01 14 24.2  206.235 43.913  91.07  37055 16.9
2010-02-12  17:30:00  03 47 36.6  +03 14 57  +000930.3 -000001.8  01 14 05.5  206.135 43.941  88.56  37063 16.8
2010-02-12  17:40:00  03 57 56.6  +03 14 02  +000929.8 -000009.2  01 13 47.1  206.027 43.950  86.07  37072 16.7
2010-02-12  17:50:00  04 08 16.2  +03 11 53  +000929.1 -000016.6  01 13 29.1  205.913 43.938  83.57  37082 16.7
2010-02-12  18:00:00  04 18 35.4  +03 08 30  +000928.4 -000023.9  01 13 11.5  205.793 43.907  81.09  37094 16.6
2010-02-12  18:10:00  04 28 54.1  +03 03 55  +000927.6 -000031.2  01 12 54.5  205.667 43.855  78.60  37107 16.5
2010-02-12  18:20:00  04 39 12.2  +02 58 07  +000926.7 -000038.3  01 12 38.0  205.537 43.783  76.14  37121 16.5
2010-02-12  18:30:00  04 49 29.7  +02 51 09  +000925.7 -000045.4  01 12 22.2  205.402 43.692  73.66  37136 16.4
2010-02-12  18:40:00  04 59 46.5  +02 42 59  +000924.6 -000052.4  01 12 07.1  205.263 43.580  71.21  37152 16.4
2010-02-12  18:50:00  05 10 02.5  +02 33 41  +000923.5 -000059.2  01 11 52.7  205.121 43.450  68.75  37170 16.3
2010-02-12  19:00:00  05 20 17.8  +02 23 15  +000922.3 -000066.0  01 11 39.0  204.977 43.300  66.31  37188 16.3
2010-02-12  19:10:00  05 30 32.2  +02 11 43  +000921.0 -000072.5  01 11 26.2  204.830 43.132  63.88  37208 16.2
2010-02-12  19:20:00  05 40 45.8  +01 59 05  +000919.7 -000078.9  01 11 14.3  204.682 42.945  61.46  37229 16.2
2010-02-12  19:30:00  05 50 58.5  +01 45 25  +000918.4 -000085.1  01 11 03.2  204.532 42.739  59.05  37251 16.1
2010-02-12  19:40:00  06 01 10.3  +01 30 43  +000917.0 -000091.2  01 10 53.1  204.382 42.517  56.67  37274 16.1
2010-02-12  19:50:00  06 11 21.2  +01 15 02  +000915.6 -000097.0  01 10 43.9  204.232 42.277  54.28  37298 16.1
2010-02-12  20:00:00  06 21 31.1  +00 58 24  +000914.2 -000102.6  01 10 35.6  204.081 42.021  51.93  37322 16.0
2010-02-12  20:10:00  06 31 40.1  +00 40 51  +000912.8 -000108.0  01 10 28.2  203.932 41.749  49.59  37348 16.0
2010-02-12  20:20:00  06 41 48.1  +00 22 24  +000911.3 -000113.2  01 10 21.9  203.783 41.461  47.28  37375 16.0
2010-02-12  20:30:00  06 51 55.2  +00 03 08  +000909.9 -000118.1  01 10 16.4  203.635 41.158  44.99  37402 15.9
2010-02-12  20:40:00  07 02 01.4  -00 16 57  +000908.6 -000122.8  01 10 11.9  203.489 40.842  42.74  37430 15.9
2010-02-12  20:50:00  07 12 06.6  -00 37 48  +000907.2 -000127.2  01 10 08.3  203.344 40.512  40.51  37459 15.9
2010-02-12  21:00:00  07 22 11.0  -00 59 21  +000905.9 -000131.4  01 10 05.5  203.201 40.169  38.34  37488 15.8
2010-02-12  21:10:00  07 32 14.6  -01 21 35  +000904.7 -000135.3  01 10 03.6  203.060 39.815  36.20  37519 15.8
2010-02-12  21:20:00  07 42 17.3  -01 44 27  +000903.5 -000139.0  01 10 02.5  202.921 39.449  34.13  37549 15.8
2010-02-12  21:30:00  07 52 19.2  -02 07 54  +000902.4 -000142.3  01 10 02.2  202.784 39.073  32.12  37581 15.8
2010-02-12  21:40:00  08 02 20.5  -02 31 52  +000901.3 -000145.4  01 10 02.6  202.650 38.687  30.20  37613 15.8
2010-02-12  21:50:00  08 12 21.0  -02 56 20  +000900.4 -000148.2  01 10 03.7  202.517 38.293  28.36  37645 15.8
2010-02-12  22:00:00  08 22 21.0  -03 21 15  +000899.5 -000150.7  01 10 05.4  202.387 37.891  26.65  37678 15.7
2010-02-12  22:10:00  08 32 20.4  -03 46 33  +000898.7 -000152.9  01 10 07.6  202.258 37.481  25.07  37711 15.7
2010-02-12  22:20:00  08 42 19.4  -04 12 11  +000898.1 -000154.8  01 10 10.3  202.131 37.066  23.66  37744 15.7
2010-02-12  22:30:00  08 52 17.9  -04 38 07  +000897.5 -000156.4  01 10 13.4  202.007 36.645  22.44  37777 15.7
2010-02-12  22:40:00  09 02 16.1  -05 04 18  +000897.0 -000157.7  01 10 16.9  201.884 36.220  21.46  37811 15.7
2010-02-12  22:50:00  09 12 14.0  -05 30 40  +000896.7 -000158.7  01 10 20.6  201.762 35.791  20.73  37844 15.7
2010-02-12  23:00:00  09 22 11.7  -05 57 11  +000896.5 -000159.4  01 10 24.6  201.642 35.360  20.29  37878 15.7
2010-02-12  23:10:00  09 32 09.3  -06 23 48  +000896.4 -000159.8  01 10 28.6  201.524 34.927  20.16  37912 15.7
2010-02-12  23:20:00  09 42 06.8  -06 50 27  +000896.4 -000159.9  01 10 32.7  201.406 34.493  20.33  37945 15.7
2010-02-12  23:30:00  09 52 04.4  -07 17 05  +000896.5 -000159.8  01 10 36.7  201.290 34.059  20.82  37978 15.7
2010-02-12  23:40:00  10 02 02.2  -07 43 41  +000896.7 -000159.3  01 10 40.6  201.174 33.626  21.57  38011 15.7
2010-02-12  23:50:00  10 12 00.1  -08 10 10  +000897.1 -000158.5  01 10 44.3  201.059 33.195  22.59  38044 15.7
2010-02-13  00:00:00  10 21 58.3  -08 36 30  +000897.6 -000157.4  01 10 47.8  200.945 32.767  23.82  38076 15.7
2010-02-13  00:10:00  10 31 56.9  -09 02 37  +000898.2 -000156.0  01 10 50.8  200.831 32.342  25.24  38108 15.8
2010-02-13  00:20:00  10 41 55.9  -09 28 29  +000898.9 -000154.4  01 10 53.5  200.717 31.921  26.81  38139 15.8
2010-02-13  00:30:00  10 51 55.4  -09 54 04  +000899.7 -000152.4  01 10 55.6  200.603 31.506  28.52  38169 15.8
2010-02-13  00:40:00  11 01 55.5  -10 19 17  +000900.6 -000150.2  01 10 57.1  200.490 31.097  30.33  38199 15.8
2010-02-13  00:50:00  11 11 56.3  -10 44 07  +000901.6 -000147.7  01 10 58.0  200.376 30.695  32.24  38228 15.8
2010-02-13  01:00:00  11 21 57.7  -11 08 30  +000902.8 -000144.9  01 10 58.2  200.262 30.301  34.21  38256 15.8
2010-02-13  01:10:00  11 31 60.0  -11 32 24  +000904.0 -000141.9  01 10 57.6  200.147 29.915  36.25  38283 15.9
2010-02-13  01:20:00  11 42 03.0  -11 55 47  +000905.2 -000138.5  01 10 56.2  200.032 29.538  38.33  38309 15.9
2010-02-13  01:30:00  11 52 07.0  -12 18 34  +000906.6 -000134.9  01 10 53.9  199.917 29.172  40.47  38335 15.9
2010-02-13  01:40:00  12 02 11.8  -12 40 45  +000908.0 -000131.1  01 10 50.7  199.801 28.816  42.64  38359 16.0
2010-02-13  01:50:00  12 12 17.7  -13 02 16  +000909.5 -000127.0  01 10 46.5  199.684 28.472  44.85  38381 16.0
2010-02-13  02:00:00  12 22 24.5  -13 23 04  +000911.0 -000122.7  01 10 41.3  199.567 28.140  47.07  38403 16.0
2010-02-13  02:10:00  12 32 32.4  -13 43 09  +000912.6 -000118.1  01 10 35.1  199.450 27.821  49.32  38423 16.0
2010-02-13  02:20:00  12 42 41.3  -14 02 26  +000914.2 -000113.3  01 10 27.8  199.332 27.516  51.59  38442 16.1
2010-02-13  02:30:00  12 52 51.3  -14 20 54  +000915.8 -000108.3  01 10 19.5  199.214 27.224  53.88  38460 16.1
2010-02-13  02:40:00  13 03 02.3  -14 38 31  +000917.4 -000103.1  01 10 10.1  199.095 26.948  56.18  38476 16.2
2010-02-13  02:50:00  13 13 14.5  -14 55 15  +000919.0 -000097.6  01 09 59.6  198.976 26.686  58.50  38490 16.2
2010-02-13  03:00:00  13 23 27.7  -15 11 03  +000920.6 -000092.0  01 09 48.0  198.857 26.441  60.82  38503 16.2
2010-02-13  03:10:00  13 33 42.0  -15 25 55  +000922.2 -000086.2  01 09 35.3  198.738 26.212  63.17  38515 16.3
2010-02-13  03:20:00  13 43 57.3  -15 39 47  +000923.8 -000080.2  01 09 21.6  198.620 25.999  65.51  38524 16.3
2010-02-13  03:30:00  13 54 13.7  -15 52 38  +000925.3 -000074.0  01 09 06.9  198.502 25.804  67.88  38532 16.4
2010-02-13  03:40:00  14 04 31.1  -16 04 27  +000926.8 -000067.7  01 08 51.2  198.384 25.627  70.23  38539 16.4
2010-02-13  03:50:00  14 14 49.4  -16 15 12  +000928.2 -000061.3  01 08 34.5  198.267 25.467  72.61  38543 16.5
2010-02-13  04:00:00  14 25 08.7  -16 24 52  +000929.5 -000054.7  01 08 16.9  198.151 25.326  74.98  38546 16.5
2010-02-13  04:10:00  14 35 28.8  -16 33 26  +000930.8 -000048.0  01 07 58.4  198.036 25.204  77.38  38547 16.6

   Date        UTC        RA         DECL      RARate   DeclRate    HourAng      Az     Um    Phase  Range  Mag
2010-02-13  16:20:00  03 07 54.3  +03 06 16  +000931.5 +000028.6  00 47 32.8  197.060 45.487  99.16  36912 17.1
2010-02-13  16:30:00  03 18 15.3  +03 10 25  +000931.4 +000021.2  00 47 13.4  196.967 45.571  96.64  36916 17.0
2010-02-13  16:40:00  03 28 36.1  +03 13 21  +000931.2 +000013.8  00 46 54.2  196.869 45.635  94.13  36922 17.0
2010-02-13  16:50:00  03 38 56.8  +03 15 02  +000930.8 +000006.4  00 46 35.2  196.766 45.678  91.61  36929 16.9
2010-02-13  17:00:00  03 49 17.2  +03 15 28  +000930.4 -000001.0  00 46 16.4  196.659 45.701  89.11  36937 16.8
2010-02-13  17:10:00  03 59 37.3  +03 14 41  +000929.9 -000008.4  00 45 58.0  196.548 45.703  86.60  36946 16.7
2010-02-13  17:20:00  04 09 57.0  +03 12 40  +000929.2 -000015.8  00 45 39.9  196.433 45.685  84.11  36957 16.7
2010-02-13  17:30:00  04 20 16.3  +03 09 25  +000928.5 -000023.2  00 45 22.3  196.315 45.646  81.61  36969 16.6
2010-02-13  17:40:00  04 30 35.0  +03 04 56  +000927.7 -000030.5  00 45 05.2  196.194 45.587  79.13  36983 16.5
2010-02-13  17:50:00  04 40 53.1  +02 59 16  +000926.8 -000037.7  00 44 48.7  196.072 45.507  76.65  36997 16.5
2010-02-13  18:00:00  04 51 10.7  +02 52 23  +000925.8 -000044.8  00 44 32.8  195.949 45.407  74.18  37013 16.4
2010-02-13  18:10:00  05 01 27.5  +02 44 20  +000924.7 -000051.8  00 44 17.7  195.824 45.287  71.71  37030 16.4
2010-02-13  18:20:00  05 11 43.6  +02 35 08  +000923.5 -000058.7  00 44 03.2  195.700 45.148  69.26  37047 16.3
2010-02-13  18:30:00  05 21 58.9  +02 24 47  +000922.3 -000065.4  00 43 49.6  195.575 44.989  66.81  37066 16.3
2010-02-13  18:40:00  05 32 13.3  +02 13 20  +000921.1 -000072.0  00 43 36.7  195.451 44.811  64.38  37087 16.2
2010-02-13  18:50:00  05 42 26.9  +02 00 48  +000919.7 -000078.4  00 43 24.8  195.328 44.615  61.94  37108 16.2
2010-02-13  19:00:00  05 52 39.7  +01 47 12  +000918.4 -000084.7  00 43 13.7  195.207 44.400  59.54  37130 16.1
2010-02-13  19:10:00  06 02 51.5  +01 32 34  +000917.0 -000090.8  00 43 03.5  195.087 44.168  57.13  37153 16.1
2010-02-13  19:20:00  06 13 02.4  +01 16 57  +000915.6 -000096.6  00 42 54.3  194.970 43.919  54.75  37177 16.1
2010-02-13  19:30:00  06 23 12.3  +01 00 22  +000914.2 -000102.3  00 42 46.0  194.855 43.653  52.38  37202 16.0
2010-02-13  19:40:00  06 33 21.3  +00 42 51  +000912.8 -000107.7  00 42 38.7  194.743 43.371  50.04  37228 16.0
2010-02-13  19:50:00  06 43 29.3  +00 24 28  +000911.3 -000113.0  00 42 32.3  194.633 43.074  47.71  37254 16.0
2010-02-13  20:00:00  06 53 36.4  +00 05 13  +000909.9 -000117.9  00 42 26.8  194.527 42.762  45.42  37282 15.9
2010-02-13  20:10:00  07 03 42.5  -00 14 50  +000908.6 -000122.7  00 42 22.3  194.423 42.436  43.14  37310 15.9
2010-02-13  20:20:00  07 13 47.8  -00 35 39  +000907.2 -000127.1  00 42 18.7  194.323 42.097  40.91  37339 15.9
2010-02-13  20:30:00  07 23 52.2  -00 57 12  +000905.9 -000131.3  00 42 16.0  194.226 41.745  38.71  37369 15.8
2010-02-13  20:40:00  07 33 55.7  -01 19 25  +000904.7 -000135.3  00 42 14.1  194.132 41.381  36.56  37399 15.8
2010-02-13  20:50:00  07 43 58.4  -01 42 17  +000903.5 -000139.0  00 42 13.0  194.041 41.006  34.46  37430 15.8
2010-02-13  21:00:00  07 54 00.4  -02 05 44  +000902.4 -000142.4  00 42 12.7  193.953 40.621  32.43  37461 15.8
2010-02-13  21:10:00  08 04 01.6  -02 29 43  +000901.3 -000145.5  00 42 13.1  193.868 40.227  30.47  37493 15.8
2010-02-13  21:20:00  08 14 02.2  -02 54 12  +000900.4 -000148.3  00 42 14.2  193.786 39.823  28.60  37525 15.8
2010-02-13  21:30:00  08 24 02.1  -03 19 08  +000899.5 -000150.8  00 42 15.9  193.706 39.412  26.84  37558 15.7
2010-02-13  21:40:00  08 34 01.5  -03 44 28  +000898.7 -000153.1  00 42 18.1  193.629 38.994  25.22  37590 15.7
2010-02-13  21:50:00  08 44 00.4  -04 10 08  +000898.1 -000155.0  00 42 20.8  193.554 38.570  23.75  37624 15.7
2010-02-13  22:00:00  08 53 59.0  -04 36 07  +000897.5 -000156.7  00 42 24.0  193.482 38.141  22.48  37657 15.7
2010-02-13  22:10:00  09 03 57.1  -05 02 21  +000897.0 -000158.0  00 42 27.5  193.410 37.707  21.42  37690 15.7
2010-02-13  22:20:00  09 13 55.0  -05 28 46  +000896.7 -000159.1  00 42 31.2  193.341 37.270  20.63  37724 15.7
2010-02-13  22:30:00  09 23 52.7  -05 55 21  +000896.5 -000159.8  00 42 35.1  193.272 36.830  20.11  37758 15.7
2010-02-13  22:40:00  09 33 50.3  -06 22 02  +000896.3 -000160.3  00 42 39.2  193.205 36.388  19.90  37791 15.7
2010-02-13  22:50:00  09 43 47.9  -06 48 45  +000896.4 -000160.4  00 42 43.3  193.138 35.946  20.01  37825 15.7
2010-02-13  23:00:00  09 53 45.5  -07 15 29  +000896.5 -000160.2  00 42 47.3  193.072 35.503  20.42  37858 15.7
2010-02-13  23:10:00  10 03 43.2  -07 42 09  +000896.7 -000159.8  00 42 51.2  193.006 35.062  21.13  37891 15.7
2010-02-13  23:20:00  10 13 41.2  -08 08 43  +000897.1 -000159.0  00 42 54.9  192.940 34.622  22.10  37923 15.7
2010-02-13  23:30:00  10 23 39.4  -08 35 09  +000897.6 -000158.0  00 42 58.3  192.874 34.185  23.30  37956 15.7
2010-02-13  23:40:00  10 33 38.0  -09 01 22  +000898.2 -000156.6  00 43 01.4  192.807 33.751  24.68  37987 15.7
2010-02-13  23:50:00  10 43 37.0  -09 27 21  +000898.9 -000155.0  00 43 04.0  192.740 33.322  26.24  38019 15.8
2010-02-14  00:00:00  10 53 36.6  -09 53 02  +000899.7 -000153.1  00 43 06.1  192.671 32.897  27.93  38049 15.8
2010-02-14  00:10:00  11 03 36.7  -10 18 22  +000900.7 -000150.9  00 43 07.6  192.602 32.479  29.74  38079 15.8
2010-02-14  00:20:00  11 13 37.5  -10 43 19  +000901.7 -000148.4  00 43 08.5  192.531 32.068  31.62  38108 15.8
2010-02-14  00:30:00  11 23 38.9  -11 07 49  +000902.8 -000145.6  00 43 08.6  192.459 31.664  33.60  38137 15.8
2010-02-14  00:40:00  11 33 41.2  -11 31 50  +000904.0 -000142.6  00 43 08.0  192.385 31.269  35.63  38164 15.9
2010-02-14  00:50:00  11 43 44.3  -11 55 20  +000905.3 -000139.3  00 43 06.6  192.309 30.882  37.72  38191 15.9
2010-02-14  01:00:00  11 53 48.3  -12 18 15  +000906.7 -000135.7  00 43 04.2  192.231 30.506  39.85  38216 15.9
2010-02-14  01:10:00  12 03 53.2  -12 40 33  +000908.1 -000131.9  00 43 01.0  192.152 30.141  42.03  38241 15.9
2010-02-14  01:20:00  12 13 59.1  -13 02 12  +000909.6 -000127.8  00 42 56.7  192.071 29.786  44.22  38264 16.0
2010-02-14  01:30:00  12 24 06.0  -13 23 09  +000911.1 -000123.5  00 42 51.5  191.987 29.444  46.46  38286 16.0
2010-02-14  01:40:00  12 34 13.9  -13 43 21  +000912.7 -000118.9  00 42 45.2  191.902 29.115  48.70  38307 16.0
2010-02-14  01:50:00  12 44 22.9  -14 02 47  +000914.3 -000114.1  00 42 37.9  191.814 28.799  50.98  38326 16.1
2010-02-14  02:00:00  12 54 32.9  -14 21 23  +000915.9 -000109.1  00 42 29.5  191.724 28.497  53.26  38344 16.1
2010-02-14  02:10:00  13 04 44.0  -14 39 08  +000917.5 -000103.9  00 42 20.0  191.633 28.210  55.58  38361 16.1
2010-02-14  02:20:00  13 14 56.2  -14 56 00  +000919.1 -000098.4  00 42 09.4  191.540 27.938  57.89  38376 16.2
2010-02-14  02:30:00  13 25 09.5  -15 11 57  +000920.7 -000092.8  00 41 57.8  191.444 27.681  60.22  38390 16.2
2010-02-14  02:40:00  13 35 23.9  -15 26 56  +000922.3 -000087.0  00 41 45.0  191.347 27.441  62.56  38402 16.3
2010-02-14  02:50:00  13 45 39.3  -15 40 56  +000923.9 -000081.0  00 41 31.3  191.249 27.218  64.92  38413 16.3
2010-02-14  03:00:00  13 55 55.7  -15 53 56  +000925.4 -000074.8  00 41 16.5  191.149 27.012  67.27  38422 16.4
2010-02-14  03:10:00  14 06 13.2  -16 05 53  +000926.9 -000068.5  00 41 00.7  191.048 26.823  69.64  38429 16.4
2010-02-14  03:20:00  14 16 31.6  -16 16 46  +000928.3 -000062.1  00 40 43.9  190.946 26.653  72.01  38434 16.5
2010-02-14  03:30:00  14 26 50.9  -16 26 34  +000929.6 -000055.5  00 40 26.2  190.843 26.501  74.40  38438 16.5
2010-02-14  03:40:00  14 37 11.1  -16 35 15  +000930.9 -000048.8  00 40 07.7  190.739 26.367  76.78  38440 16.6
2010-02-14  03:50:00  14 47 32.1  -16 42 48  +000932.1 -000041.9  00 39 48.3  190.635 26.252  79.18  38440 16.6
2010-02-14  04:00:00  14 57 53.9  -16 49 13  +000933.2 -000035.0  00 39 28.2  190.530 26.157  81.57  38439 16.7

   Date        UTC        RA         DECL      RARate   DeclRate    HourAng      Az     Um    Phase  Range  Mag
2010-02-14  16:20:00  03 40 42.6  +03 15 07  +000930.9 +000007.2  00 18 41.0  186.804 46.663  92.14  36859 16.9
2010-02-14  16:30:00  03 51 03.0  +03 15 42  +000930.5 -000000.2  00 18 22.2  186.691 46.679  89.62  36868 16.8
2010-02-14  16:40:00  04 01 23.2  +03 15 02  +000929.9 -000007.7  00 18 03.7  186.578 46.674  87.13  36878 16.8
2010-02-14  16:50:00  04 11 42.9  +03 13 09  +000929.3 -000015.1  00 17 45.7  186.465 46.649  84.62  36890 16.7
2010-02-14  17:00:00  04 22 02.2  +03 10 01  +000928.5 -000022.4  00 17 28.0  186.353 46.603  82.13  36902 16.6
2010-02-14  17:10:00  04 32 20.9  +03 05 41  +000927.7 -000029.7  00 17 10.9  186.242 46.536  79.63  36916 16.6
2010-02-14  17:20:00  04 42 39.1  +03 00 07  +000926.8 -000037.0  00 16 54.4  186.132 46.449  77.15  36931 16.5
2010-02-14  17:30:00  04 52 56.7  +02 53 22  +000925.8 -000044.1  00 16 38.5  186.024 46.341  74.67  36947 16.4
2010-02-14  17:40:00  05 03 13.5  +02 45 26  +000924.7 -000051.1  00 16 23.3  185.919 46.214  72.21  36964 16.4
2010-02-14  17:50:00  05 13 29.6  +02 36 20  +000923.6 -000058.0  00 16 08.8  185.817 46.067  69.74  36982 16.3
2010-02-14  18:00:00  05 23 44.9  +02 26 06  +000922.3 -000064.8  00 15 55.2  185.719 45.901  67.29  37002 16.3
2010-02-14  18:10:00  05 33 59.4  +02 14 45  +000921.1 -000071.4  00 15 42.4  185.624 45.715  64.84  37022 16.2
2010-02-14  18:20:00  05 44 13.0  +02 02 18  +000919.7 -000077.9  00 15 30.4  185.533 45.512  62.42  37044 16.2
2010-02-14  18:30:00  05 54 25.7  +01 48 48  +000918.4 -000084.2  00 15 19.3  185.446 45.290  59.99  37066 16.1
2010-02-14  18:40:00  06 04 37.5  +01 34 16  +000917.0 -000090.2  00 15 09.1  185.364 45.051  57.59  37089 16.1
2010-02-14  18:50:00  06 14 48.4  +01 18 44  +000915.6 -000096.1  00 14 59.9  185.286 44.795  55.19  37114 16.1
2010-02-14  19:00:00  06 24 58.3  +01 02 14  +000914.2 -000101.8  00 14 51.7  185.214 44.523  52.82  37139 16.0
2010-02-14  19:10:00  06 35 07.2  +00 44 48  +000912.7 -000107.3  00 14 44.3  185.146 44.235  50.46  37165 16.0
2010-02-14  19:20:00  06 45 15.2  +00 26 28  +000911.3 -000112.6  00 14 38.0  185.083 43.932  48.13  37191 16.0
2010-02-14  19:30:00  06 55 22.3  +00 07 17  +000909.9 -000117.6  00 14 32.5  185.025 43.614  45.81  37219 15.9
2010-02-14  19:40:00  07 05 28.5  -00 12 42  +000908.5 -000122.3  00 14 28.0  184.971 43.283  43.54  37247 15.9
2010-02-14  19:50:00  07 15 33.7  -00 33 28  +000907.2 -000126.8  00 14 24.4  184.922 42.938  41.28  37276 15.9
2010-02-14  20:00:00  07 25 38.1  -00 54 58  +000905.9 -000131.1  00 14 21.7  184.878 42.581  39.07  37306 15.8
2010-02-14  20:10:00  07 35 41.6  -01 17 09  +000904.6 -000135.1  00 14 19.9  184.839 42.212  36.89  37336 15.8
2010-02-14  20:20:00  07 45 44.3  -01 39 58  +000903.4 -000138.8  00 14 18.8  184.803 41.833  34.78  37367 15.8
2010-02-14  20:30:00  07 55 46.2  -02 03 23  +000902.3 -000142.2  00 14 18.5  184.771 41.443  32.71  37398 15.8
2010-02-14  20:40:00  08 05 47.4  -02 27 21  +000901.3 -000145.3  00 14 19.0  184.743 41.045  30.73  37430 15.8
2010-02-14  20:50:00  08 15 47.9  -02 51 49  +000900.3 -000148.2  00 14 20.1  184.719 40.637  28.83  37462 15.8
2010-02-14  21:00:00  08 25 47.9  -03 16 44  +000899.5 -000150.8  00 14 21.8  184.697 40.222  27.04  37495 15.7
2010-02-14  21:10:00  08 35 47.3  -03 42 03  +000898.7 -000153.0  00 14 24.0  184.678 39.800  25.36  37528 15.7
2010-02-14  21:20:00  08 45 46.2  -04 07 44  +000898.0 -000155.0  00 14 26.8  184.662 39.372  23.85  37561 15.7
2010-02-14  21:30:00  08 55 44.7  -04 33 43  +000897.5 -000156.7  00 14 29.9  184.647 38.939  22.51  37594 15.7
2010-02-14  21:40:00  09 05 42.8  -04 59 57  +000897.0 -000158.1  00 14 33.4  184.634 38.502  21.39  37627 15.7
2010-02-14  21:50:00  09 15 40.7  -05 26 24  +000896.7 -000159.2  00 14 37.2  184.623 38.061  20.52  37661 15.7
2010-02-14  22:00:00  09 25 38.4  -05 52 60  +000896.5 -000160.0  00 14 41.1  184.612 37.617  19.93  37694 15.7
2010-02-14  22:10:00  09 35 36.0  -06 19 42  +000896.3 -000160.4  00 14 45.1  184.602 37.172  19.65  37728 15.7
2010-02-14  22:20:00  09 45 33.6  -06 46 28  +000896.4 -000160.6  00 14 49.2  184.592 36.726  19.68  37761 15.7
2010-02-14  22:30:00  09 55 31.2  -07 13 14  +000896.5 -000160.5  00 14 53.2  184.582 36.279  20.04  37794 15.7
2010-02-14  22:40:00  10 05 28.9  -07 39 57  +000896.7 -000160.1  00 14 57.1  184.571 35.834  20.68  37827 15.7
2010-02-14  22:50:00  10 15 26.9  -08 06 34  +000897.1 -000159.4  00 15 00.8  184.560 35.390  21.61  37860 15.7
2010-02-14  23:00:00  10 25 25.1  -08 33 03  +000897.6 -000158.3  00 15 04.2  184.547 34.949  22.77  37892 15.7
2010-02-14  23:10:00  10 35 23.7  -08 59 20  +000898.2 -000157.0  00 15 07.3  184.533 34.511  24.14  37924 15.7
2010-02-14  23:20:00  10 45 22.8  -09 25 23  +000898.9 -000155.4  00 15 09.9  184.517 34.077  25.67  37955 15.8
2010-02-14  23:30:00  10 55 22.3  -09 51 08  +000899.8 -000153.5  00 15 11.9  184.499 33.648  27.35  37986 15.8
2010-02-14  23:40:00  11 05 22.5  -10 16 33  +000900.7 -000151.3  00 15 13.4  184.478 33.224  29.13  38016 15.8
2010-02-14  23:50:00  11 15 23.3  -10 41 34  +000901.7 -000148.9  00 15 14.3  184.455 32.808  31.03  38045 15.8
2010-02-15  00:00:00  11 25 24.8  -11 06 09  +000902.9 -000146.1  00 15 14.4  184.429 32.398  32.99  38074 15.8
2010-02-15  00:10:00  11 35 27.1  -11 30 16  +000904.1 -000143.1  00 15 13.7  184.400 31.997  35.02  38101 15.8
2010-02-15  00:20:00  11 45 30.2  -11 53 51  +000905.4 -000139.8  00 15 12.3  184.368 31.605  37.10  38128 15.9
2010-02-15  00:30:00  11 55 34.3  -12 16 52  +000906.7 -000136.3  00 15 09.9  184.333 31.223  39.24  38154 15.9
2010-02-15  00:40:00  12 05 39.2  -12 39 16  +000908.2 -000132.5  00 15 06.6  184.294 30.851  41.41  38179 15.9
2010-02-15  00:50:00  12 15 45.1  -13 01 01  +000909.6 -000128.4  00 15 02.3  184.252 30.490  43.62  38202 16.0
2010-02-15  01:00:00  12 25 52.1  -13 22 04  +000911.2 -000124.1  00 14 57.0  184.205 30.140  45.84  38225 16.0
2010-02-15  01:10:00  12 36 00.0  -13 42 22  +000912.7 -000119.6  00 14 50.7  184.156 29.804  48.10  38246 16.0
2010-02-15  01:20:00  12 46 09.1  -14 01 54  +000914.3 -000114.8  00 14 43.3  184.102 29.480  50.37  38266 16.1
2010-02-15  01:30:00  12 56 19.2  -14 20 37  +000916.0 -000109.8  00 14 34.8  184.045 29.170  52.66  38285 16.1
2010-02-15  01:40:00  13 06 30.3  -14 38 29  +000917.6 -000104.5  00 14 25.3  183.984 28.875  54.97  38302 16.1
2010-02-15  01:50:00  13 16 42.6  -14 55 27  +000919.2 -000099.1  00 14 14.7  183.920 28.594  57.29  38318 16.2
2010-02-15  02:00:00  13 26 56.0  -15 11 31  +000920.8 -000093.5  00 14 03.0  183.851 28.329  59.62  38332 16.2
2010-02-15  02:10:00  13 37 10.4  -15 26 37  +000922.4 -000087.7  00 13 50.2  183.780 28.080  61.97  38345 16.3
2010-02-15  02:20:00  13 47 25.8  -15 40 44  +000924.0 -000081.7  00 13 36.4  183.704 27.848  64.32  38356 16.3
2010-02-15  02:30:00  13 57 42.3  -15 53 50  +000925.5 -000075.5  00 13 21.5  183.626 27.632  66.68  38366 16.3
2010-02-15  02:40:00  14 07 59.8  -16 05 54  +000927.0 -000069.2  00 13 05.7  183.544 27.434  69.05  38374 16.4
2010-02-15  02:50:00  14 18 18.3  -16 16 54  +000928.4 -000062.8  00 12 48.9  183.459 27.254  71.43  38380 16.4
2010-02-15  03:00:00  14 28 37.6  -16 26 49  +000929.7 -000056.2  00 12 31.1  183.372 27.092  73.81  38385 16.5
2010-02-15  03:10:00  14 38 57.9  -16 35 38  +000931.0 -000049.5  00 12 12.5  183.282 26.949  76.20  38388 16.6
2010-02-15  03:20:00  14 49 18.9  -16 43 18  +000932.2 -000042.6  00 11 53.1  183.189 26.824  78.59  38389 16.6
2010-02-15  03:30:00  14 59 40.7  -16 49 50  +000933.2 -000035.7  00 11 33.0  183.094 26.718  81.00  38388 16.7
2010-02-15  03:40:00  15 10 03.2  -16 55 12  +000934.2 -000028.7  00 11 12.1  182.997 26.632  83.39  38386 16.7
2010-02-15  03:50:00  15 20 26.3  -16 59 24  +000935.1 -000021.6  00 10 50.7  182.899 26.565  85.81  38382 16.8
2010-02-15  04:00:00  15 30 50.0  -17 02 25  +000935.9 -000014.5  00 10 28.6  182.799 26.518  88.22  38376 16.9

   Date        UTC        RA         DECL      RARate   DeclRate    HourAng      Az     Um    Phase  Range  Mag
2010-02-15  16:20:00  04 13 31.1  +03 13 20  +000929.3 -000014.3  23 49 49.1  176.288 46.768  85.13  36880 16.7
2010-02-15  16:30:00  04 23 50.4  +03 10 21  +000928.5 -000021.6  23 49 31.5  176.185 46.715  82.62  36893 16.6
2010-02-15  16:40:00  04 34 09.1  +03 06 07  +000927.7 -000029.0  23 49 14.4  176.086 46.641  80.13  36907 16.6
2010-02-15  16:50:00  04 44 27.3  +03 00 42  +000926.8 -000036.2  23 48 57.8  175.992 46.548  77.64  36922 16.5
2010-02-15  17:00:00  04 54 44.8  +02 54 04  +000925.8 -000043.3  23 48 42.0  175.904 46.434  75.16  36939 16.4
2010-02-15  17:10:00  05 05 01.6  +02 46 16  +000924.7 -000050.4  23 48 26.8  175.822 46.301  72.68  36957 16.4
2010-02-15  17:20:00  05 15 17.7  +02 37 17  +000923.5 -000057.3  23 48 12.3  175.746 46.149  70.22  36975 16.3
2010-02-15  17:30:00  05 25 33.0  +02 27 11  +000922.3 -000064.1  23 47 58.7  175.677 45.977  67.76  36995 16.3
2010-02-15  17:40:00  05 35 47.5  +02 15 57  +000921.0 -000070.7  23 47 45.9  175.615 45.788  65.31  37016 16.2
2010-02-15  17:50:00  05 46 01.1  +02 03 37  +000919.7 -000077.2  23 47 33.9  175.559 45.580  62.87  37038 16.2
2010-02-15  18:00:00  05 56 13.7  +01 50 14  +000918.4 -000083.5  23 47 22.9  175.511 45.355  60.45  37060 16.1
2010-02-15  18:10:00  06 06 25.5  +01 35 48  +000917.0 -000089.6  23 47 12.8  175.469 45.112  58.03  37084 16.1
2010-02-15  18:20:00  06 16 36.3  +01 20 23  +000915.5 -000095.5  23 47 03.6  175.435 44.853  55.64  37108 16.1
2010-02-15  18:30:00  06 26 46.2  +01 03 59  +000914.1 -000101.2  23 46 55.3  175.408 44.579  53.25  37134 16.0
2010-02-15  18:40:00  06 36 55.2  +00 46 39  +000912.7 -000106.7  23 46 48.0  175.388 44.289  50.89  37160 16.0
2010-02-15  18:50:00  06 47 03.1  +00 28 26  +000911.3 -000112.0  23 46 41.7  175.375 43.984  48.53  37187 16.0
2010-02-15  19:00:00  06 57 10.2  +00 09 20  +000909.9 -000117.0  23 46 36.3  175.368 43.665  46.22  37215 15.9
2010-02-15  19:10:00  07 07 16.3  -00 10 34  +000908.5 -000121.8  23 46 31.8  175.368 43.333  43.91  37243 15.9
2010-02-15  19:20:00  07 17 21.5  -00 31 15  +000907.1 -000126.3  23 46 28.2  175.374 42.988  41.65  37272 15.9
2010-02-15  19:30:00  07 27 25.8  -00 52 39  +000905.8 -000130.6  23 46 25.6  175.386 42.631  39.42  37302 15.9
2010-02-15  19:40:00  07 37 29.3  -01 14 46  +000904.6 -000134.6  23 46 23.7  175.403 42.262  37.23  37332 15.8
2010-02-15  19:50:00  07 47 32.0  -01 37 31  +000903.4 -000138.3  23 46 22.7  175.426 41.884  35.09  37363 15.8
2010-02-15  20:00:00  07 57 33.9  -02 00 52  +000902.3 -000141.8  23 46 22.5  175.453 41.495  33.01  37394 15.8
2010-02-15  20:10:00  08 07 35.1  -02 24 46  +000901.3 -000145.0  23 46 22.9  175.484 41.097  30.99  37426 15.8
2010-02-15  20:20:00  08 17 35.6  -02 49 11  +000900.3 -000147.9  23 46 24.0  175.520 40.691  29.06  37458 15.8
2010-02-15  20:30:00  08 27 35.5  -03 14 03  +000899.4 -000150.5  23 46 25.8  175.558 40.278  27.22  37490 15.7
2010-02-15  20:40:00  08 37 34.9  -03 39 19  +000898.7 -000152.8  23 46 28.0  175.600 39.858  25.51  37523 15.7
2010-02-15  20:50:00  08 47 33.7  -04 04 57  +000898.0 -000154.8  23 46 30.8  175.644 39.432  23.94  37556 15.7
2010-02-15  21:00:00  08 57 32.2  -04 30 54  +000897.4 -000156.5  23 46 34.0  175.690 39.000  22.55  37589 15.7
2010-02-15  21:10:00  09 07 30.4  -04 57 07  +000897.0 -000157.9  23 46 37.5  175.738 38.565  21.36  37623 15.7
2010-02-15  21:20:00  09 17 28.3  -05 23 32  +000896.7 -000159.1  23 46 41.2  175.786 38.126  20.42  37656 15.7
2010-02-15  21:30:00  09 27 26.0  -05 50 07  +000896.4 -000159.9  23 46 45.2  175.835 37.684  19.75  37689 15.7
2010-02-15  21:40:00  09 37 23.6  -06 16 49  +000896.3 -000160.4  23 46 49.2  175.885 37.241  19.39  37723 15.7
2010-02-15  21:50:00  09 47 21.1  -06 43 34  +000896.4 -000160.6  23 46 53.3  175.933 36.796  19.36  37756 15.7
2010-02-15  22:00:00  09 57 18.7  -07 10 20  +000896.5 -000160.5  23 46 57.3  175.981 36.351  19.64  37789 15.7
2010-02-15  22:10:00  10 07 16.5  -07 37 04  +000896.8 -000160.1  23 47 01.2  176.028 35.907  20.24  37822 15.7
2010-02-15  22:20:00  10 17 14.4  -08 03 42  +000897.1 -000159.4  23 47 04.9  176.073 35.465  21.11  37854 15.7
2010-02-15  22:30:00  10 27 12.7  -08 30 12  +000897.6 -000158.5  23 47 08.3  176.116 35.024  22.24  37886 15.7
2010-02-15  22:40:00  10 37 11.3  -08 56 30  +000898.2 -000157.2  23 47 11.3  176.156 34.587  23.57  37918 15.7
2010-02-15  22:50:00  10 47 10.4  -09 22 34  +000899.0 -000155.6  23 47 13.9  176.193 34.153  25.09  37949 15.8
2010-02-15  23:00:00  10 57 10.0  -09 48 21  +000899.8 -000153.7  23 47 15.9  176.227 33.724  26.75  37980 15.8
2010-02-15  23:10:00  11 07 10.1  -10 13 48  +000900.7 -000151.6  23 47 17.4  176.258 33.301  28.53  38010 15.8
2010-02-15  23:20:00  11 17 11.0  -10 38 52  +000901.8 -000149.2  23 47 18.2  176.285 32.884  30.41  38039 15.8
2010-02-15  23:30:00  11 27 12.5  -11 03 30  +000902.9 -000146.4  23 47 18.3  176.307 32.474  32.38  38068 15.8
2010-02-15  23:40:00  11 37 14.9  -11 27 40  +000904.1 -000143.4  23 47 17.6  176.325 32.071  34.40  38096 15.8
2010-02-15  23:50:00  11 47 18.0  -11 51 18  +000905.4 -000140.2  23 47 16.1  176.339 31.677  36.49  38123 15.9
2010-02-16  00:00:00  11 57 22.1  -12 14 23  +000906.8 -000136.7  23 47 13.7  176.348 31.293  38.62  38149 15.9
2010-02-16  00:10:00  12 07 27.1  -12 36 51  +000908.2 -000132.9  23 47 10.3  176.352 30.918  40.79  38174 15.9
2010-02-16  00:20:00  12 17 33.0  -12 58 40  +000909.7 -000128.8  23 47 06.0  176.350 30.554  42.99  38198 15.9
2010-02-16  00:30:00  12 27 40.0  -13 19 47  +000911.2 -000124.5  23 47 00.7  176.344 30.201  45.23  38220 16.0
2010-02-16  00:40:00  12 37 48.0  -13 40 10  +000912.8 -000120.0  23 46 54.3  176.332 29.861  47.48  38242 16.0
2010-02-16  00:50:00  12 47 57.1  -13 59 47  +000914.4 -000115.3  23 46 46.9  176.314 29.533  49.76  38262 16.0
2010-02-16  01:00:00  12 58 07.2  -14 18 34  +000916.0 -000110.3  23 46 38.4  176.291 29.218  52.05  38281 16.1
2010-02-16  01:10:00  13 08 18.4  -14 36 31  +000917.6 -000105.1  23 46 28.8  176.263 28.918  54.37  38299 16.1
2010-02-16  01:20:00  13 18 30.7  -14 53 35  +000919.3 -000099.7  23 46 18.2  176.229 28.632  56.68  38315 16.2
2010-02-16  01:30:00  13 28 44.1  -15 09 44  +000920.9 -000094.0  23 46 06.4  176.190 28.361  59.02  38330 16.2
2010-02-16  01:40:00  13 38 58.6  -15 24 56  +000922.5 -000088.2  23 45 53.6  176.145 28.105  61.36  38344 16.2
2010-02-16  01:50:00  13 49 14.1  -15 39 09  +000924.0 -000082.3  23 45 39.8  176.095 27.866  63.73  38356 16.3
2010-02-16  02:00:00  13 59 30.6  -15 52 21  +000925.5 -000076.1  23 45 24.9  176.040 27.643  66.08  38366 16.3
2010-02-16  02:10:00  14 09 48.1  -16 04 30  +000927.0 -000069.8  23 45 09.0  175.980 27.438  68.46  38375 16.4
2010-02-16  02:20:00  14 20 06.6  -16 15 37  +000928.4 -000063.4  23 44 52.2  175.915 27.249  70.83  38382 16.4
2010-02-16  02:30:00  14 30 26.0  -16 25 38  +000929.8 -000056.8  23 44 34.4  175.845 27.079  73.23  38387 16.5
2010-02-16  02:40:00  14 40 46.2  -16 34 32  +000931.0 -000050.1  23 44 15.8  175.770 26.927  75.61  38391 16.5
2010-02-16  02:50:00  14 51 07.3  -16 42 19  +000932.2 -000043.3  23 43 56.4  175.691 26.793  78.02  38393 16.6
2010-02-16  03:00:00  15 01 29.1  -16 48 57  +000933.3 -000036.4  23 43 36.2  175.608 26.678  80.41  38393 16.7
2010-02-16  03:10:00  15 11 51.6  -16 54 26  +000934.2 -000029.4  23 43 15.3  175.521 26.583  82.82  38392 16.7
2010-02-16  03:20:00  15 22 14.8  -16 58 44  +000935.1 -000022.3  23 42 53.9  175.430 26.506  85.23  38389 16.8
2010-02-16  03:30:00  15 32 38.4  -17 01 52  +000935.9 -000015.2  23 42 31.8  175.335 26.449  87.65  38384 16.9
2010-02-16  03:40:00  15 43 02.6  -17 03 48  +000936.5 -000008.0  23 42 09.3  175.238 26.411  90.06  38377 16.9
2010-02-16  03:50:00  15 53 27.1  -17 04 32  +000937.1 -000000.8  23 41 46.4  175.137 26.394  92.49  38369 17.0
2010-02-16  04:00:00  16 03 52.0  -17 04 05  +000937.5 +000006.4  23 41 23.2  175.033 26.396  94.92  38359 17.1
