ЭФЕМЕРИДЫ ПО ОБЪЕКТУ:  90057
Для пункта:  10016 Маяки   46 23'50.68"   30 16'17.74"    14m
C   2010-02-01 12:00
по  2010-02-16 12:00
Шаг  0:10:00
Мин.угол места:          10 град
Макс.угол места Солнца: -10 град
Стандартный блеск :      9.0 (зв.вел.)

ОБОЗНАЧЕНИЯ
RA        прямое восхождение, тек.эпоха
DECL      склонение, тек.эпоха
RARate    скорость по пр.восх., арксек/мин
DeclRate  скорость по склонению, арксек/мин
HourAng   часовой угол
Az        азимут
Um        угол места
Phase     фазовый угол
Range     дальность
Mag       зв.величина (оценка)

   Date        UTC        RA         DECL      RARate   DeclRate    HourAng      Az     Um    Phase  Range  Mag
2010-02-10  21:20:00  03 13 33.8  +07 03 15  +000923.2 +000071.5  05 30 52.9  269.629 10.117  94.06  40525 17.2
2010-02-10  21:30:00  03 23 49.7  +07 14 22  +000924.5 +000062.0  05 30 38.6  269.717 10.291  91.55  40513 17.1
2010-02-10  21:40:00  03 34 06.4  +07 23 54  +000925.6 +000052.3  05 30 23.6  269.784 10.449  89.05  40502 17.0
2010-02-10  21:50:00  03 44 23.8  +07 31 49  +000926.6 +000042.6  05 30 07.8  269.830 10.589  86.54  40493 16.9
2010-02-10  22:00:00  03 54 41.8  +07 38 05  +000927.3 +000032.7  05 29 51.5  269.854 10.711  84.05  40486 16.9
2010-02-10  22:10:00  04 05 00.2  +07 42 42  +000927.9 +000022.7  05 29 34.7  269.858 10.814  81.55  40480 16.8
2010-02-10  22:20:00  04 15 19.0  +07 45 39  +000928.3 +000012.7  05 29 17.6  269.841 10.899  79.07  40476 16.7
2010-02-10  22:30:00  04 25 37.9  +07 46 56  +000928.5 +000002.6  05 29 00.3  269.804 10.964  76.57  40474 16.7
2010-02-10  22:40:00  04 35 57.0  +07 46 32  +000928.5 -000007.4  05 28 42.9  269.747 11.009  74.09  40473 16.6
2010-02-10  22:50:00  04 46 15.9  +07 44 27  +000928.3 -000017.5  05 28 25.6  269.670 11.034  71.60  40475 16.6
2010-02-10  23:00:00  04 56 34.6  +07 40 43  +000927.9 -000027.5  05 28 08.5  269.574 11.038  69.14  40478 16.5
2010-02-10  23:10:00  05 06 53.0  +07 35 19  +000927.3 -000037.4  05 27 51.7  269.460 11.021  66.66  40483 16.5
2010-02-10  23:20:00  05 17 10.9  +07 28 16  +000926.4 -000047.2  05 27 35.5  269.328 10.984  64.20  40490 16.4
2010-02-10  23:30:00  05 27 28.2  +07 19 35  +000925.4 -000057.0  05 27 19.8  269.178 10.925  61.74  40498 16.4
2010-02-10  23:40:00  05 37 44.8  +07 09 17  +000924.3 -000066.5  05 27 04.9  269.011 10.844  59.30  40509 16.3
2010-02-10  23:50:00  05 48 00.5  +06 57 24  +000922.9 -000076.0  05 26 50.8  268.828 10.742  56.85  40522 16.3
2010-02-11  00:00:00  05 58 15.3  +06 43 58  +000921.4 -000085.3  05 26 37.7  268.630 10.619  54.43  40536 16.2
2010-02-11  00:10:00  06 08 29.0  +06 28 60  +000919.7 -000094.3  05 26 25.6  268.418 10.474  52.01  40552 16.2
2010-02-11  00:20:00  06 18 41.6  +06 12 32  +000917.9 -000103.2  05 26 14.7  268.191 10.308  49.61  40571 16.2
2010-02-11  00:30:00  06 28 52.9  +05 54 37  +000916.0 -000111.8  05 26 05.0  267.951 10.120  47.22  40591 16.1

   Date        UTC        RA         DECL      RARate   DeclRate    HourAng      Az     Um    Phase  Range  Mag
2010-02-11  20:00:00  02 05 45.0  +05 11 45  +000911.7 +000130.5  05 22 25.1  266.780 10.236 111.72  40462 17.8
2010-02-11  20:10:00  02 15 53.5  +05 32 50  +000913.7 +000122.4  05 22 18.3  267.007 10.509 109.20  40441 17.7
2010-02-11  20:20:00  02 26 03.2  +05 52 33  +000915.6 +000114.0  05 22 10.2  267.213 10.769 106.70  40422 17.6
2010-02-11  20:30:00  02 36 14.2  +06 10 49  +000917.4 +000105.4  05 22 00.8  267.400 11.016 104.18  40403 17.5
2010-02-11  20:40:00  02 46 26.4  +06 27 39  +000919.2 +000096.5  05 21 50.3  267.566 11.248 101.68  40386 17.4
2010-02-11  20:50:00  02 56 39.7  +06 42 58  +000920.8 +000087.4  05 21 38.6  267.711 11.466  99.16  40370 17.3
2010-02-11  21:00:00  03 06 54.1  +06 56 46  +000922.3 +000078.1  05 21 25.9  267.835 11.668  96.66  40356 17.2
2010-02-11  21:10:00  03 17 09.5  +07 08 60  +000923.7 +000068.6  05 21 12.1  267.938 11.854  94.15  40343 17.2
2010-02-11  21:20:00  03 27 25.7  +07 19 38  +000925.0 +000059.0  05 20 57.5  268.019 12.024  91.65  40331 17.1
2010-02-11  21:30:00  03 37 42.7  +07 28 40  +000926.0 +000049.3  05 20 42.2  268.080 12.176  89.14  40321 17.0
2010-02-11  21:40:00  03 48 00.4  +07 36 03  +000926.9 +000039.4  05 20 26.1  268.119 12.310  86.65  40313 16.9
2010-02-11  21:50:00  03 58 18.6  +07 41 47  +000927.7 +000029.4  05 20 09.6  268.136 12.427  84.14  40306 16.9
2010-02-11  22:00:00  04 08 37.2  +07 45 51  +000928.2 +000019.4  05 19 52.6  268.133 12.524  81.65  40301 16.8
2010-02-11  22:10:00  04 18 56.2  +07 48 15  +000928.5 +000009.3  05 19 35.3  268.109 12.602  79.15  40298 16.7
2010-02-11  22:20:00  04 29 15.2  +07 48 58  +000928.6 -000000.8  05 19 17.9  268.065 12.661  76.67  40296 16.7
2010-02-11  22:30:00  04 39 34.3  +07 47 59  +000928.6 -000010.9  05 19 00.5  268.000 12.699  74.18  40296 16.6
2010-02-11  22:40:00  04 49 53.2  +07 45 20  +000928.3 -000020.9  05 18 43.2  267.916 12.717  71.70  40298 16.6
2010-02-11  22:50:00  05 00 11.9  +07 41 01  +000927.8 -000031.0  05 18 26.1  267.813 12.715  69.22  40302 16.5
2010-02-11  23:00:00  05 10 30.2  +07 35 02  +000927.1 -000040.9  05 18 09.4  267.691 12.691  66.75  40308 16.5
2010-02-11  23:10:00  05 20 48.0  +07 27 23  +000926.2 -000050.7  05 17 53.3  267.551 12.645  64.28  40315 16.4
2010-02-11  23:20:00  05 31 05.1  +07 18 07  +000925.1 -000060.5  05 17 37.8  267.394 12.579  61.83  40324 16.4
2010-02-11  23:30:00  05 41 21.5  +07 07 14  +000923.9 -000070.1  05 17 23.1  267.220 12.490  59.37  40336 16.3
2010-02-11  23:40:00  05 51 36.9  +06 54 46  +000922.5 -000079.5  05 17 09.3  267.030 12.381  56.94  40349 16.3
2010-02-11  23:50:00  06 01 51.4  +06 40 45  +000920.9 -000088.7  05 16 56.5  266.825 12.249  54.50  40364 16.2
2010-02-12  00:00:00  06 12 04.8  +06 25 13  +000919.2 -000097.8  05 16 44.8  266.606 12.096  52.09  40381 16.2
2010-02-12  00:10:00  06 22 16.9  +06 08 11  +000917.3 -000106.6  05 16 34.2  266.373 11.921  49.68  40399 16.2
2010-02-12  00:20:00  06 32 27.8  +05 49 42  +000915.4 -000115.1  05 16 25.0  266.127 11.725  47.30  40420 16.1
2010-02-12  00:30:00  06 42 37.4  +05 29 49  +000913.3 -000123.5  05 16 17.1  265.869 11.509  44.92  40443 16.1
2010-02-12  00:40:00  06 52 45.5  +05 08 34  +000911.1 -000131.5  05 16 10.6  265.599 11.271  42.58  40467 16.1
2010-02-12  00:50:00  07 02 52.2  +04 45 60  +000908.9 -000139.2  05 16 05.5  265.319 11.013  40.25  40493 16.0
2010-02-12  01:00:00  07 12 57.4  +04 22 10  +000906.7 -000146.7  05 16 02.0  265.029 10.736  37.96  40521 16.0
2010-02-12  01:10:00  07 23 01.1  +03 57 08  +000904.4 -000153.8  05 15 59.9  264.731 10.439  35.69  40551 16.0
2010-02-12  01:20:00  07 33 03.3  +03 30 55  +000902.1 -000160.6  05 15 59.4  264.424 10.124  33.48  40582 16.0

   Date        UTC        RA         DECL      RARate   DeclRate    HourAng      Az     Um    Phase  Range  Mag
2010-02-12  18:50:00  01 08 54.7  +02 49 26  +000900.4 +000171.6  05 13 00.5  263.392 10.132 126.87  40424 18.6
2010-02-12  19:00:00  01 18 55.6  +03 17 30  +000902.3 +000165.2  05 13 01.2  263.720 10.470 124.37  40397 18.4
2010-02-12  19:10:00  01 28 57.8  +03 44 29  +000904.3 +000158.5  05 13 00.7  264.033 10.799 121.85  40371 18.3
2010-02-12  19:20:00  01 39 01.3  +04 10 19  +000906.3 +000151.4  05 12 58.8  264.329 11.117 119.35  40346 18.2
2010-02-12  19:30:00  01 49 06.2  +04 34 57  +000908.4 +000144.0  05 12 55.5  264.607 11.424 116.83  40322 18.0
2010-02-12  19:40:00  01 59 12.5  +04 58 19  +000910.4 +000136.3  05 12 50.9  264.867 11.719 114.33  40299 17.9
2010-02-12  19:50:00  02 09 20.1  +05 20 22  +000912.4 +000128.4  05 12 44.9  265.108 12.003 111.81  40278 17.8
2010-02-12  20:00:00  02 19 29.0  +05 41 05  +000914.4 +000120.1  05 12 37.6  265.329 12.273 109.30  40257 17.7
2010-02-12  20:10:00  02 29 39.2  +06 00 24  +000916.3 +000111.6  05 12 29.1  265.530 12.530 106.79  40238 17.6
2010-02-12  20:20:00  02 39 50.7  +06 18 16  +000918.1 +000102.8  05 12 19.3  265.711 12.774 104.28  40220 17.5
2010-02-12  20:30:00  02 50 03.3  +06 34 39  +000919.8 +000093.8  05 12 08.3  265.872 13.002 101.77  40203 17.4
2010-02-12  20:40:00  03 00 17.1  +06 49 32  +000921.4 +000084.6  05 11 56.1  266.011 13.216  99.26  40188 17.3
2010-02-12  20:50:00  03 10 31.9  +07 02 51  +000922.9 +000075.2  05 11 43.0  266.129 13.414  96.75  40174 17.2
2010-02-12  21:00:00  03 20 47.6  +07 14 36  +000924.3 +000065.7  05 11 28.9  266.225 13.595  94.25  40162 17.1
2010-02-12  21:10:00  03 31 04.2  +07 24 44  +000925.5 +000056.0  05 11 14.0  266.300 13.760  91.73  40151 17.1
2010-02-12  21:20:00  03 41 21.5  +07 33 15  +000926.5 +000046.1  05 10 58.3  266.353 13.907  89.24  40142 17.0
2010-02-12  21:30:00  03 51 39.4  +07 40 06  +000927.3 +000036.2  05 10 42.0  266.385 14.036  86.73  40134 16.9
2010-02-12  21:40:00  04 01 57.9  +07 45 18  +000928.0 +000026.1  05 10 25.2  266.396 14.146  84.23  40128 16.9
2010-02-12  21:50:00  04 12 16.7  +07 48 49  +000928.4 +000016.1  05 10 08.1  266.385 14.237  81.73  40124 16.8
2010-02-12  22:00:00  04 22 35.7  +07 50 39  +000928.7 +000005.9  05 09 50.7  266.354 14.309  79.24  40121 16.7
2010-02-12  22:10:00  04 32 54.9  +07 50 48  +000928.7 -000004.2  05 09 33.2  266.302 14.361  76.74  40120 16.7
2010-02-12  22:20:00  04 43 14.0  +07 49 15  +000928.6 -000014.3  05 09 15.7  266.230 14.393  74.26  40121 16.6
2010-02-12  22:30:00  04 53 32.9  +07 46 01  +000928.2 -000024.4  05 08 58.4  266.138 14.404  71.77  40124 16.5
2010-02-12  22:40:00  05 03 51.6  +07 41 06  +000927.7 -000034.5  05 08 41.4  266.028 14.393  69.30  40128 16.5
2010-02-12  22:50:00  05 14 09.8  +07 34 32  +000926.9 -000044.4  05 08 24.8  265.898 14.362  66.82  40134 16.4
2010-02-12  23:00:00  05 24 27.4  +07 26 18  +000925.9 -000054.3  05 08 08.9  265.751 14.309  64.36  40142 16.4
2010-02-12  23:10:00  05 34 44.3  +07 16 27  +000924.8 -000064.0  05 07 53.6  265.587 14.234  61.89  40152 16.3
2010-02-12  23:20:00  05 45 00.4  +07 04 58  +000923.5 -000073.6  05 07 39.1  265.405 14.138  59.45  40164 16.3
2010-02-12  23:30:00  05 55 15.6  +06 51 55  +000922.0 -000083.0  05 07 25.6  265.208 14.020  57.00  40178 16.3
2010-02-12  23:40:00  06 05 29.7  +06 37 19  +000920.4 -000092.2  05 07 13.1  264.997 13.880  54.57  40193 16.2
2010-02-12  23:50:00  06 15 42.7  +06 21 12  +000918.6 -000101.2  05 07 01.8  264.770 13.718  52.15  40211 16.2
2010-02-13  00:00:00  06 25 54.5  +06 03 36  +000916.7 -000110.0  05 06 51.6  264.531 13.535  49.75  40230 16.2
2010-02-13  00:10:00  06 36 04.9  +05 44 33  +000914.7 -000118.5  05 06 42.8  264.278 13.330  47.35  40251 16.1
2010-02-13  00:20:00  06 46 14.0  +05 24 07  +000912.6 -000126.7  05 06 35.4  264.014 13.105  44.98  40274 16.1
2010-02-13  00:30:00  06 56 21.7  +05 02 19  +000910.4 -000134.7  05 06 29.3  263.739 12.859  42.63  40299 16.1
2010-02-13  00:40:00  07 06 27.9  +04 39 14  +000908.2 -000142.4  05 06 24.8  263.453 12.592  40.30  40326 16.0
2010-02-13  00:50:00  07 16 32.6  +04 14 53  +000905.9 -000149.8  05 06 21.7  263.158 12.306  38.00  40354 16.0
2010-02-13  01:00:00  07 26 35.8  +03 49 20  +000903.6 -000156.8  05 06 20.2  262.855 12.001  35.74  40384 16.0
2010-02-13  01:10:00  07 36 37.4  +03 22 38  +000901.3 -000163.5  05 06 20.2  262.543 11.677  33.51  40416 16.0
2010-02-13  01:20:00  07 46 37.5  +02 54 51  +000899.0 -000169.9  05 06 21.7  262.224 11.335  31.35  40449 15.9
2010-02-13  01:30:00  07 56 36.1  +02 26 02  +000896.8 -000175.9  05 06 24.8  261.899 10.976  29.23  40484 15.9
2010-02-13  01:40:00  08 06 33.2  +01 56 15  +000894.6 -000181.5  05 06 29.3  261.568 10.600  27.19  40521 15.9
2010-02-13  01:50:00  08 16 28.9  +01 25 33  +000892.5 -000186.8  05 06 35.3  261.231 10.209  25.24  40558 15.9

   Date        UTC        RA         DECL      RARate   DeclRate    HourAng      Az     Um    Phase  Range  Mag
2010-02-13  17:50:00  00 22 41.1  +00 25 52  +000892.3 +000197.6  05 03 00.8  259.879 10.088 139.51  40386 19.4
2010-02-13  18:00:00  00 32 36.4  +00 58 24  +000893.9 +000192.9  05 03 07.1  260.273 10.468 137.01  40355 19.2
2010-02-13  18:10:00  00 42 32.9  +01 30 08  +000895.5 +000187.8  05 03 12.3  260.655 10.841 134.50  40324 19.0
2010-02-13  18:20:00  00 52 30.5  +02 00 59  +000897.3 +000182.3  05 03 16.3  261.024 11.206 132.00  40295 18.9
2010-02-13  18:30:00  01 02 29.3  +02 30 53  +000899.1 +000176.4  05 03 19.2  261.380 11.563 129.48  40266 18.7
2010-02-13  18:40:00  01 12 29.3  +02 59 46  +000901.1 +000170.2  05 03 20.7  261.721 11.910 126.98  40238 18.6
2010-02-13  18:50:00  01 22 30.7  +03 27 36  +000903.0 +000163.7  05 03 21.0  262.046 12.247 124.46  40212 18.4
2010-02-13  19:00:00  01 32 33.4  +03 54 19  +000905.0 +000156.8  05 03 20.0  262.355 12.575 121.96  40186 18.3
2010-02-13  19:10:00  01 42 37.4  +04 19 51  +000907.1 +000149.6  05 03 17.6  262.647 12.892 119.44  40162 18.2
2010-02-13  19:20:00  01 52 42.8  +04 44 10  +000909.1 +000142.1  05 03 13.9  262.920 13.197 116.93  40138 18.0
2010-02-13  19:30:00  02 02 49.6  +05 07 12  +000911.2 +000134.3  05 03 08.7  263.176 13.490 114.41  40116 17.9
2010-02-13  19:40:00  02 12 57.7  +05 28 54  +000913.2 +000126.1  05 03 02.3  263.412 13.771 111.91  40095 17.8
2010-02-13  19:50:00  02 23 07.1  +05 49 14  +000915.1 +000117.8  05 02 54.5  263.628 14.039 109.39  40075 17.7
2010-02-13  20:00:00  02 33 17.8  +06 08 08  +000917.0 +000109.1  05 02 45.4  263.824 14.294 106.88  40056 17.6
2010-02-13  20:10:00  02 43 29.7  +06 25 35  +000918.8 +000100.2  05 02 35.2  263.999 14.533 104.36  40039 17.5
2010-02-13  20:20:00  02 53 42.8  +06 41 32  +000920.5 +000091.1  05 02 23.7  264.153 14.758 101.86  40023 17.4
2010-02-13  20:30:00  03 03 57.0  +06 55 57  +000922.1 +000081.8  05 02 11.2  264.286 14.968  99.34  40008 17.3
2010-02-13  20:40:00  03 14 12.1  +07 08 48  +000923.5 +000072.3  05 01 57.6  264.398 15.161  96.83  39995 17.2
2010-02-13  20:50:00  03 24 28.2  +07 20 03  +000924.8 +000062.7  05 01 43.2  264.488 15.338  94.32  39983 17.1
2010-02-13  21:00:00  03 34 45.2  +07 29 41  +000925.9 +000052.9  05 01 27.9  264.556 15.498  91.82  39973 17.1
2010-02-13  21:10:00  03 45 02.8  +07 37 40  +000926.9 +000043.0  05 01 12.0  264.602 15.639  89.31  39965 17.0
2010-02-13  21:20:00  03 55 20.9  +07 43 60  +000927.7 +000032.9  05 00 55.4  264.627 15.763  86.81  39958 16.9
2010-02-13  21:30:00  04 05 39.6  +07 48 39  +000928.2 +000022.8  05 00 38.4  264.630 15.867  84.30  39952 16.8
2010-02-13  21:40:00  04 15 58.6  +07 51 36  +000928.6 +000012.7  05 00 21.1  264.612 15.952  81.81  39948 16.8
2010-02-13  21:50:00  04 26 17.7  +07 52 52  +000928.8 +000002.5  05 00 03.6  264.573 16.017  79.31  39946 16.7
2010-02-13  22:00:00  04 36 36.9  +07 52 26  +000928.8 -000007.7  04 59 46.0  264.513 16.063  76.82  39946 16.7
2010-02-13  22:10:00  04 46 56.1  +07 50 19  +000928.6 -000017.8  04 59 28.5  264.434 16.087  74.32  39948 16.6
2010-02-13  22:20:00  04 57 15.0  +07 46 30  +000928.1 -000028.0  04 59 11.3  264.334 16.091  71.85  39951 16.5
2010-02-13  22:30:00  05 07 33.5  +07 40 60  +000927.5 -000038.0  04 58 54.3  264.216 16.073  69.36  39956 16.5
2010-02-13  22:40:00  05 17 51.6  +07 33 49  +000926.7 -000048.0  04 58 37.9  264.079 16.033  66.89  39963 16.4
2010-02-13  22:50:00  05 28 09.0  +07 25 00  +000925.6 -000057.8  04 58 22.1  263.924 15.972  64.42  39971 16.4
2010-02-13  23:00:00  05 38 25.7  +07 14 33  +000924.4 -000067.6  04 58 07.0  263.752 15.890  61.96  39982 16.3
2010-02-13  23:10:00  05 48 41.6  +07 02 30  +000923.1 -000077.1  04 57 52.9  263.564 15.785  59.50  39994 16.3
2010-02-13  23:20:00  05 58 56.4  +06 48 51  +000921.5 -000086.5  04 57 39.6  263.359 15.658  57.06  40009 16.3
2010-02-13  23:30:00  06 09 10.2  +06 33 40  +000919.8 -000095.7  04 57 27.5  263.141 15.509  54.62  40025 16.2
2010-02-13  23:40:00  06 19 22.8  +06 16 59  +000918.0 -000104.6  04 57 16.5  262.908 15.339  52.21  40043 16.2
2010-02-13  23:50:00  06 29 34.2  +05 58 48  +000916.0 -000113.4  04 57 06.8  262.661 15.147  49.79  40063 16.1
2010-02-14  00:00:00  06 39 44.2  +05 39 12  +000914.0 -000121.8  04 56 58.5  262.403 14.933  47.41  40085 16.1
2010-02-14  00:10:00  06 49 52.8  +05 18 12  +000911.9 -000130.0  04 56 51.5  262.132 14.699  45.03  40108 16.1
2010-02-14  00:20:00  06 59 60.0  +04 55 52  +000909.6 -000137.9  04 56 46.0  261.851 14.444  42.68  40133 16.0
2010-02-14  00:30:00  07 10 05.7  +04 32 15  +000907.4 -000145.5  04 56 41.9  261.561 14.168  40.34  40161 16.0
2010-02-14  00:40:00  07 20 09.8  +04 07 23  +000905.1 -000152.8  04 56 39.4  261.261 13.873  38.05  40189 16.0
2010-02-14  00:50:00  07 30 12.4  +03 41 19  +000902.8 -000159.8  04 56 38.4  260.952 13.559  35.77  40220 16.0
2010-02-14  01:00:00  07 40 13.6  +03 14 08  +000900.5 -000166.4  04 56 39.0  260.636 13.226  33.55  40252 16.0
2010-02-14  01:10:00  07 50 13.1  +02 45 53  +000898.2 -000172.7  04 56 41.0  260.313 12.875  31.37  40286 15.9
2010-02-14  01:20:00  08 00 11.2  +02 16 36  +000896.0 -000178.6  04 56 44.6  259.984 12.507  29.25  40321 15.9
2010-02-14  01:30:00  08 10 07.8  +01 46 23  +000893.8 -000184.1  04 56 49.7  259.650 12.123  27.20  40358 15.9
2010-02-14  01:40:00  08 20 02.9  +01 15 15  +000891.7 -000189.3  04 56 56.2  259.311 11.724  25.25  40396 15.9
2010-02-14  01:50:00  08 29 56.7  +00 43 18  +000889.6 -000194.0  04 57 04.1  258.967 11.310  23.40  40435 15.9
2010-02-14  02:00:00  08 39 49.1  +00 10 36  +000887.7 -000198.4  04 57 13.2  258.620 10.882  21.70  40476 15.9
2010-02-14  02:10:00  08 49 40.3  -00 22 49  +000885.9 -000202.5  04 57 23.7  258.270 10.442  20.16  40518 15.9

   Date        UTC        RA         DECL      RARate   DeclRate    HourAng      Az     Um    Phase  Range  Mag
2010-02-14  17:00:00  23 46 42.4  -01 39 43  +000887.9 +000212.5  04 52 47.8  256.529 10.268 149.61  40333 20.3
2010-02-14  17:10:00  23 56 34.6  -01 04 35  +000888.9 +000209.2  04 52 57.2  256.958 10.676 147.11  40299 20.1
2010-02-14  17:20:00  00 06 27.6  -00 30 01  +000890.0 +000205.5  04 53 05.9  257.380 11.078 144.62  40265 19.8
2010-02-14  17:30:00  00 16 21.4  +00 03 53  +000891.4 +000201.4  04 53 13.8  257.793 11.473 142.11  40233 19.6
2010-02-14  17:40:00  00 26 16.1  +00 37 05  +000892.8 +000196.9  04 53 20.7  258.196 11.862 139.61  40201 19.4
2010-02-14  17:50:00  00 36 11.8  +01 09 29  +000894.4 +000192.0  04 53 26.6  258.587 12.244 137.10  40170 19.2
2010-02-14  18:00:00  00 46 08.7  +01 41 04  +000896.1 +000186.8  04 53 31.4  258.967 12.618 134.60  40139 19.0
2010-02-14  18:10:00  00 56 06.7  +02 11 43  +000897.9 +000181.1  04 53 35.0  259.334 12.983 132.08  40110 18.9
2010-02-14  18:20:00  01 06 05.9  +02 41 25  +000899.8 +000175.1  04 53 37.4  259.686 13.340 129.58  40082 18.7
2010-02-14  18:30:00  01 16 06.4  +03 10 05  +000901.7 +000168.8  04 53 38.6  260.024 13.687 127.06  40055 18.6
2010-02-14  18:40:00  01 26 08.2  +03 37 39  +000903.7 +000162.1  04 53 38.4  260.345 14.024 124.55  40028 18.4
2010-02-14  18:50:00  01 36 11.4  +04 04 05  +000905.8 +000155.1  04 53 36.9  260.650 14.351 122.03  40003 18.3
2010-02-14  19:00:00  01 46 15.9  +04 29 20  +000907.8 +000147.7  04 53 34.0  260.938 14.667 119.53  39979 18.1
2010-02-14  19:10:00  01 56 21.9  +04 53 19  +000909.9 +000140.1  04 53 29.7  261.207 14.970 117.01  39956 18.0
2010-02-14  19:20:00  02 06 29.1  +05 16 00  +000911.9 +000132.1  04 53 24.1  261.458 15.262 114.50  39934 17.9
2010-02-14  19:30:00  02 16 37.7  +05 37 20  +000913.9 +000123.9  04 53 17.1  261.689 15.541 111.98  39914 17.8
2010-02-14  19:40:00  02 26 47.6  +05 57 16  +000915.8 +000115.3  04 53 08.9  261.900 15.806 109.47  39895 17.7
2010-02-14  19:50:00  02 36 58.8  +06 15 46  +000917.7 +000106.6  04 52 59.3  262.090 16.057 106.95  39877 17.6
2010-02-14  20:00:00  02 47 11.2  +06 32 47  +000919.5 +000097.6  04 52 48.6  262.259 16.294 104.44  39860 17.5
2010-02-14  20:10:00  02 57 24.7  +06 48 17  +000921.1 +000088.4  04 52 36.7  262.408 16.515 101.92  39845 17.4
2010-02-14  20:20:00  03 07 39.3  +07 02 14  +000922.7 +000079.0  04 52 23.7  262.534 16.721  99.42  39831 17.3
2010-02-14  20:30:00  03 17 54.9  +07 14 36  +000924.1 +000069.4  04 52 09.8  262.639 16.910  96.90  39818 17.2
2010-02-14  20:40:00  03 28 11.4  +07 25 21  +000925.3 +000059.6  04 51 55.0  262.722 17.082  94.39  39807 17.1
2010-02-14  20:50:00  03 38 28.6  +07 34 28  +000926.4 +000049.7  04 51 39.4  262.783 17.236  91.88  39798 17.1
2010-02-14  21:00:00  03 48 46.5  +07 41 56  +000927.3 +000039.7  04 51 23.2  262.822 17.372  89.38  39790 17.0
2010-02-14  21:10:00  03 59 04.9  +07 47 43  +000928.0 +000029.6  04 51 06.4  262.839 17.490  86.87  39783 16.9
2010-02-14  21:20:00  04 09 23.7  +07 51 48  +000928.5 +000019.5  04 50 49.2  262.835 17.588  84.37  39778 16.8
2010-02-14  21:30:00  04 19 42.9  +07 54 12  +000928.8 +000009.3  04 50 31.7  262.809 17.667  81.86  39775 16.8
2010-02-14  21:40:00  04 30 02.1  +07 54 54  +000928.9 -000000.9  04 50 14.1  262.762 17.725  79.37  39774 16.7
2010-02-14  21:50:00  04 40 21.4  +07 53 53  +000928.8 -000011.2  04 49 56.5  262.695 17.763  76.87  39774 16.6
2010-02-14  22:00:00  04 50 40.5  +07 51 10  +000928.5 -000021.4  04 49 39.0  262.607 17.781  74.39  39776 16.6
2010-02-14  22:10:00  05 00 59.4  +07 46 46  +000928.0 -000031.5  04 49 21.7  262.500 17.777  71.90  39780 16.5
2010-02-14  22:20:00  05 11 17.8  +07 40 40  +000927.3 -000041.6  04 49 04.9  262.373 17.751  69.42  39786 16.5
2010-02-14  22:30:00  05 21 35.8  +07 32 55  +000926.4 -000051.6  04 48 48.7  262.229 17.704  66.94  39794 16.4
2010-02-14  22:40:00  05 31 53.0  +07 23 30  +000925.3 -000061.4  04 48 33.0  262.066 17.634  64.48  39803 16.4
2010-02-14  22:50:00  05 42 09.5  +07 12 27  +000924.0 -000071.1  04 48 18.2  261.886 17.543  62.01  39814 16.3
2010-02-14  23:00:00  05 52 25.0  +06 59 48  +000922.6 -000080.7  04 48 04.3  261.691 17.429  59.56  39827 16.3
2010-02-14  23:10:00  06 02 39.6  +06 45 34  +000921.0 -000090.0  04 47 51.4  261.479 17.294  57.11  39842 16.2
2010-02-14  23:20:00  06 12 53.0  +06 29 48  +000919.2 -000099.2  04 47 39.7  261.253 17.136  54.68  39859 16.2
2010-02-14  23:30:00  06 23 05.2  +06 12 32  +000917.4 -000108.1  04 47 29.1  261.014 16.957  52.25  39877 16.2
2010-02-14  23:40:00  06 33 16.1  +05 53 48  +000915.4 -000116.8  04 47 19.8  260.761 16.755  49.84  39898 16.1
2010-02-14  23:50:00  06 43 25.6  +05 33 38  +000913.3 -000125.2  04 47 11.9  260.496 16.533  47.44  39920 16.1
2010-02-15  00:00:00  06 53 33.8  +05 12 05  +000911.1 -000133.3  04 47 05.4  260.220 16.289  45.07  39944 16.1
2010-02-15  00:10:00  07 03 40.4  +04 49 13  +000908.9 -000141.1  04 47 00.4  259.934 16.024  42.71  39970 16.0
2010-02-15  00:20:00  07 13 45.6  +04 25 03  +000906.6 -000148.7  04 46 56.9  259.637 15.739  40.38  39998 16.0
2010-02-15  00:30:00  07 23 49.2  +03 59 41  +000904.3 -000155.9  04 46 54.9  259.333 15.434  38.07  40027 16.0
2010-02-15  00:40:00  07 33 51.3  +03 33 07  +000902.0 -000162.7  04 46 54.5  259.020 15.111  35.80  40058 16.0
2010-02-15  00:50:00  07 43 51.8  +03 05 27  +000899.7 -000169.3  04 46 55.6  258.700 14.768  33.56  40091 15.9
2010-02-15  01:00:00  07 53 50.8  +02 36 43  +000897.4 -000175.4  04 46 58.3  258.373 14.408  31.39  40125 15.9
2010-02-15  01:10:00  08 03 48.3  +02 06 59  +000895.1 -000181.2  04 47 02.4  258.041 14.032  29.26  40161 15.9
2010-02-15  01:20:00  08 13 44.3  +01 36 20  +000893.0 -000186.7  04 47 08.0  257.704 13.639  27.21  40198 15.9
2010-02-15  01:30:00  08 23 39.0  +01 04 47  +000890.9 -000191.7  04 47 15.0  257.362 13.230  25.24  40236 15.9
2010-02-15  01:40:00  08 33 32.2  +00 32 26  +000888.9 -000196.4  04 47 23.4  257.016 12.808  23.39  40276 15.9
2010-02-15  01:50:00  08 43 24.2  -00 00 40  +000887.0 -000200.7  04 47 33.1  256.667 12.372  21.67  40317 15.9
2010-02-15  02:00:00  08 53 14.9  -00 34 26  +000885.2 -000204.6  04 47 44.0  256.315 11.924  20.13  40359 15.9
2010-02-15  02:10:00  09 03 04.5  -01 08 50  +000883.6 -000208.1  04 47 56.0  255.962 11.465  18.80  40402 15.8
2010-02-15  02:20:00  09 12 53.1  -01 43 46  +000882.1 -000211.2  04 48 09.1  255.606 10.995  17.73  40446 15.8
2010-02-15  02:30:00  09 22 40.8  -02 19 12  +000880.8 -000213.9  04 48 23.1  255.248 10.517  16.97  40490 15.8
2010-02-15  02:40:00  09 32 27.6  -02 55 02  +000879.7 -000216.1  04 48 37.9  254.890 10.031  16.57  40536 15.8

   Date        UTC        RA         DECL      RARate   DeclRate    HourAng      Az     Um    Phase  Range  Mag
2010-02-15  16:20:00  23 20 44.9  -03 16 27  +000886.0 +000220.2  04 42 35.3  253.503 10.766 157.17  40256 21.2
2010-02-15  16:30:00  23 30 35.7  -02 39 56  +000886.5 +000218.0  04 42 46.2  253.948 11.192 154.68  40220 20.9
2010-02-15  16:40:00  23 40 26.9  -02 03 50  +000887.2 +000215.3  04 42 56.6  254.389 11.614 152.20  40184 20.6
2010-02-15  16:50:00  23 50 18.7  -01 28 11  +000888.2 +000212.3  04 43 06.4  254.824 12.030 149.70  40149 20.3
2010-02-15  17:00:00  00 00 11.2  -00 53 05  +000889.2 +000208.8  04 43 15.6  255.252 12.440 147.21  40115 20.1
2010-02-15  17:10:00  00 10 04.4  -00 18 36  +000890.5 +000205.0  04 43 24.0  255.672 12.845 144.70  40082 19.8
2010-02-15  17:20:00  00 19 58.5  +00 15 13  +000891.8 +000200.7  04 43 31.6  256.083 13.243 142.21  40049 19.6
2010-02-15  17:30:00  00 29 53.5  +00 48 18  +000893.4 +000196.1  04 43 38.2  256.484 13.634 139.69  40017 19.4
2010-02-15  17:40:00  00 39 49.6  +01 20 34  +000895.0 +000191.1  04 43 43.7  256.873 14.017 137.19  39987 19.2
2010-02-15  17:50:00  00 49 46.9  +01 51 58  +000896.7 +000185.7  04 43 48.1  257.250 14.392 134.67  39957 19.0
2010-02-15  18:00:00  00 59 45.3  +02 22 26  +000898.6 +000179.9  04 43 51.3  257.614 14.758 132.17  39928 18.9
2010-02-15  18:10:00  01 09 45.0  +02 51 55  +000900.5 +000173.8  04 43 53.3  257.963 15.115 129.65  39900 18.7
2010-02-15  18:20:00  01 19 46.0  +03 20 21  +000902.5 +000167.3  04 43 54.0  258.297 15.463 127.14  39873 18.6
2010-02-15  18:30:00  01 29 48.3  +03 47 40  +000904.5 +000160.4  04 43 53.3  258.615 15.800 124.62  39847 18.4
2010-02-15  18:40:00  01 39 51.9  +04 13 48  +000906.5 +000153.3  04 43 51.2  258.916 16.126 122.11  39823 18.3
2010-02-15  18:50:00  01 49 57.0  +04 38 44  +000908.6 +000145.8  04 43 47.8  259.199 16.440 119.59  39799 18.1
2010-02-15  19:00:00  02 00 03.4  +05 02 23  +000910.7 +000138.0  04 43 43.1  259.464 16.743 117.08  39777 18.0
2010-02-15  19:10:00  02 10 11.2  +05 24 43  +000912.7 +000129.9  04 43 37.0  259.710 17.032 114.56  39756 17.9
2010-02-15  19:20:00  02 20 20.3  +05 45 40  +000914.7 +000121.5  04 43 29.5  259.935 17.309 112.05  39736 17.8
2010-02-15  19:30:00  02 30 30.7  +06 05 13  +000916.6 +000112.9  04 43 20.7  260.140 17.572 109.53  39717 17.7
2010-02-15  19:40:00  02 40 42.4  +06 23 17  +000918.4 +000104.0  04 43 10.7  260.325 17.820 107.02  39699 17.6
2010-02-15  19:50:00  02 50 55.2  +06 39 52  +000920.2 +000094.9  04 42 59.5  260.488 18.053 104.50  39683 17.5
2010-02-15  20:00:00  03 01 09.2  +06 54 55  +000921.8 +000085.6  04 42 47.1  260.630 18.271 101.99  39669 17.4
2010-02-15  20:10:00  03 11 24.2  +07 08 23  +000923.3 +000076.1  04 42 33.8  260.750 18.472  99.47  39655 17.3
2010-02-15  20:20:00  03 21 40.2  +07 20 15  +000924.6 +000066.4  04 42 19.5  260.847 18.657  96.96  39643 17.2
2010-02-15  20:30:00  03 31 57.0  +07 30 30  +000925.8 +000056.5  04 42 04.3  260.923 18.824  94.45  39633 17.1
2010-02-15  20:40:00  03 42 14.5  +07 39 06  +000926.8 +000046.6  04 41 48.4  260.977 18.973  91.94  39624 17.0
2010-02-15  20:50:00  03 52 32.7  +07 46 01  +000927.7 +000036.5  04 41 31.9  261.008 19.104  89.43  39617 17.0
2010-02-15  21:00:00  04 02 51.3  +07 51 15  +000928.3 +000026.3  04 41 14.9  261.018 19.215  86.93  39611 16.9
2010-02-15  21:10:00  04 13 10.4  +07 54 47  +000928.7 +000016.1  04 40 57.5  261.005 19.307  84.42  39607 16.8
2010-02-15  21:20:00  04 23 29.6  +07 56 37  +000929.0 +000005.8  04 40 39.9  260.972 19.380  81.92  39605 16.8
2010-02-15  21:30:00  04 33 49.0  +07 56 44  +000929.0 -000004.4  04 40 22.2  260.917 19.431  79.42  39604 16.7
2010-02-15  21:40:00  04 44 08.3  +07 55 08  +000928.9 -000014.7  04 40 04.5  260.841 19.462  76.93  39605 16.6
2010-02-15  21:50:00  04 54 27.4  +07 51 50  +000928.5 -000024.9  04 39 47.0  260.746 19.472  74.43  39608 16.6
2010-02-15  22:00:00  05 04 46.2  +07 46 50  +000927.9 -000035.1  04 39 29.9  260.630 19.460  71.95  39613 16.5
2010-02-15  22:10:00  05 15 04.5  +07 40 09  +000927.1 -000045.2  04 39 13.2  260.496 19.426  69.46  39619 16.5
2010-02-15  22:20:00  05 25 22.3  +07 31 48  +000926.1 -000055.1  04 38 57.1  260.344 19.370  66.99  39627 16.4
2010-02-15  22:30:00  05 35 39.3  +07 21 47  +000925.0 -000065.0  04 38 41.7  260.173 19.292  64.51  39637 16.4
2010-02-15  22:40:00  05 45 55.5  +07 10 08  +000923.6 -000074.7  04 38 27.1  259.986 19.192  62.05  39649 16.3
2010-02-15  22:50:00  05 56 10.8  +06 56 54  +000922.1 -000084.2  04 38 13.5  259.783 19.070  59.59  39663 16.3
2010-02-15  23:00:00  06 06 25.0  +06 42 05  +000920.4 -000093.5  04 38 00.9  259.564 18.925  57.15  39678 16.2
2010-02-15  23:10:00  06 16 38.0  +06 25 44  +000918.6 -000102.6  04 37 49.6  259.331 18.758  54.71  39695 16.2
2010-02-15  23:20:00  06 26 49.8  +06 07 53  +000916.7 -000111.5  04 37 39.4  259.085 18.569  52.29  39715 16.2
2010-02-15  23:30:00  06 37 00.2  +05 48 35  +000914.7 -000120.1  04 37 30.6  258.826 18.358  49.87  39736 16.1
2010-02-15  23:40:00  06 47 09.3  +05 27 51  +000912.5 -000128.5  04 37 23.2  258.555 18.126  47.48  39759 16.1
2010-02-15  23:50:00  06 57 16.9  +05 05 46  +000910.3 -000136.6  04 37 17.2  258.273 17.872  45.09  39783 16.1
2010-02-16  00:00:00  07 07 23.0  +04 42 21  +000908.1 -000144.3  04 37 12.7  257.981 17.597  42.74  39810 16.0
2010-02-16  00:10:00  07 17 27.6  +04 17 40  +000905.8 -000151.8  04 37 09.8  257.680 17.303  40.39  39838 16.0
2010-02-16  00:20:00  07 27 30.7  +03 51 47  +000903.4 -000158.9  04 37 08.3  257.371 16.988  38.09  39868 16.0
2010-02-16  00:30:00  07 37 32.2  +03 24 44  +000901.1 -000165.7  04 37 08.5  257.054 16.655  35.81  39899 16.0
2010-02-16  00:40:00  07 47 32.2  +02 56 34  +000898.8 -000172.1  04 37 10.2  256.730 16.303  33.58  39932 15.9
2010-02-16  00:50:00  07 57 30.6  +02 27 22  +000896.5 -000178.2  04 37 13.3  256.400 15.934  31.39  39967 15.9
2010-02-16  01:00:00  08 07 27.6  +01 57 12  +000894.3 -000183.9  04 37 18.0  256.065 15.547  29.26  40003 15.9
2010-02-16  01:10:00  08 17 23.1  +01 26 06  +000892.2 -000189.2  04 37 24.2  255.725 15.145  27.20  40040 15.9
2010-02-16  01:20:00  08 27 17.1  +00 54 09  +000890.1 -000194.2  04 37 31.8  255.381 14.728  25.23  40079 15.9
2010-02-16  01:30:00  08 37 09.9  +00 21 24  +000888.1 -000198.7  04 37 40.7  255.034 14.296  23.36  40119 15.9
2010-02-16  01:40:00  08 47 01.3  -00 12 04  +000886.3 -000202.9  04 37 50.8  254.683 13.852  21.64  40160 15.8
2010-02-16  01:50:00  08 56 51.6  -00 46 12  +000884.6 -000206.7  04 38 02.2  254.331 13.395  20.08  40203 15.8
2010-02-16  02:00:00  09 06 40.8  -01 20 56  +000883.0 -000210.0  04 38 14.7  253.976 12.927  18.75  40246 15.8
2010-02-16  02:10:00  09 16 29.0  -01 56 12  +000881.6 -000213.0  04 38 28.1  253.620 12.450  17.66  40290 15.8
2010-02-16  02:20:00  09 26 16.2  -02 31 55  +000880.3 -000215.6  04 38 42.5  253.263 11.964  16.89  40335 15.8
2010-02-16  02:30:00  09 36 02.7  -03 08 02  +000879.2 -000217.7  04 38 57.7  252.905 11.471  16.47  40381 15.8
2010-02-16  02:40:00  09 45 48.6  -03 44 28  +000878.3 -000219.5  04 39 13.5  252.547 10.971  16.43  40427 15.8
2010-02-16  02:50:00  09 55 33.9  -04 21 10  +000877.6 -000220.8  04 39 29.8  252.189 10.466  16.77  40473 15.8
