ЭФЕМЕРИДЫ ПО ОБЪЕКТУ:  90052
Для пункта:  10016 Маяки   46 23'50.68"   30 16'17.74"    14m
C   2010-02-01 12:00
по  2010-02-16 12:00
Шаг  0:10:00
Мин.угол места:          10 град
Макс.угол места Солнца: -10 град
Стандартный блеск :      9.5 (зв.вел.)

ОБОЗНАЧЕНИЯ
RA        прямое восхождение, тек.эпоха
DECL      склонение, тек.эпоха
RARate    скорость по пр.восх., арксек/мин
DeclRate  скорость по склонению, арксек/мин
HourAng   часовой угол
Az        азимут
Um        угол места
Phase     фазовый угол
Range     дальность
Mag       зв.величина (оценка)

   Date        UTC        RA         DECL      RARate   DeclRate    HourAng      Az     Um    Phase  Range  Mag
2010-02-08  16:10:00  23 07 42.8  -02 00 08  +000917.4 +000111.1  04 17 59.8  249.589 15.749 152.41  39270 21.1
2010-02-08  16:20:00  23 17 54.7  -01 41 54  +000918.2 +000107.7  04 17 49.6  249.759 16.008 150.04  39243 20.8
2010-02-08  16:30:00  23 28 07.1  -01 24 15  +000919.0 +000104.1  04 17 38.9  249.922 16.262 147.63  39215 20.6
2010-02-08  16:40:00  23 38 20.1  -01 07 14  +000919.9 +000100.2  04 17 27.5  250.076 16.508 145.22  39187 20.3
2010-02-08  16:50:00  23 48 33.7  -00 50 52  +000920.9 +000096.2  04 17 15.6  250.222 16.748 142.78  39159 20.1
2010-02-08  17:00:00  23 58 47.9  -00 35 11  +000921.9 +000092.0  04 17 02.9  250.357 16.981 140.34  39130 19.9
2010-02-08  17:10:00  00 09 02.9  -00 20 13  +000923.0 +000087.5  04 16 49.6  250.483 17.207 137.87  39102 19.7
2010-02-08  17:20:00  00 19 18.6  -00 06 00  +000924.1 +000082.9  04 16 35.6  250.597 17.425 135.42  39074 19.5
2010-02-08  17:30:00  00 29 35.0  +00 07 25  +000925.2 +000078.1  04 16 20.8  250.701 17.635 132.94  39046 19.4
2010-02-08  17:40:00  00 39 52.1  +00 20 02  +000926.3 +000073.2  04 16 05.3  250.793 17.836 130.47  39018 19.2
2010-02-08  17:50:00  00 50 10.1  +00 31 48  +000927.5 +000068.1  04 15 49.0  250.873 18.029 127.98  38990 19.1
2010-02-08  18:00:00  01 00 28.7  +00 42 42  +000928.6 +000062.8  04 15 32.0  250.941 18.213 125.50  38962 18.9
2010-02-08  18:10:00  01 10 48.2  +00 52 43  +000929.8 +000057.4  04 15 14.2  250.997 18.388 123.00  38934 18.8
2010-02-08  18:20:00  01 21 08.5  +01 01 49  +000931.0 +000051.8  04 14 55.6  251.039 18.554 120.51  38907 18.6
2010-02-08  18:30:00  01 31 29.5  +01 09 59  +000932.1 +000046.1  04 14 36.2  251.068 18.710 118.01  38880 18.5
2010-02-08  18:40:00  01 41 51.3  +01 17 12  +000933.2 +000040.4  04 14 16.1  251.084 18.855 115.51  38853 18.4
2010-02-08  18:50:00  01 52 13.8  +01 23 26  +000934.3 +000034.5  04 13 55.2  251.086 18.991 113.00  38827 18.3
2010-02-08  19:00:00  02 02 37.0  +01 28 41  +000935.4 +000028.5  04 13 33.6  251.074 19.116 110.50  38801 18.2
2010-02-08  19:10:00  02 13 01.0  +01 32 55  +000936.4 +000022.4  04 13 11.3  251.049 19.230 107.99  38776 18.1
2010-02-08  19:20:00  02 23 25.6  +01 36 09  +000937.4 +000016.3  04 12 48.3  251.009 19.333 105.49  38751 18.0
2010-02-08  19:30:00  02 33 50.8  +01 38 22  +000938.4 +000010.1  04 12 24.7  250.955 19.425 102.97  38727 17.9
2010-02-08  19:40:00  02 44 16.7  +01 39 32  +000939.3 +000003.9  04 12 00.4  250.888 19.506 100.47  38704 17.8
2010-02-08  19:50:00  02 54 43.2  +01 39 40  +000940.1 -000002.3  04 11 35.6  250.806 19.575  97.95  38681 17.7
2010-02-08  20:00:00  03 05 10.2  +01 38 46  +000940.9 -000008.5  04 11 10.3  250.711 19.633  95.45  38658 17.6
2010-02-08  20:10:00  03 15 37.7  +01 36 49  +000941.6 -000014.8  04 10 44.4  250.601 19.678  92.93  38637 17.5
2010-02-08  20:20:00  03 26 05.7  +01 33 50  +000942.3 -000021.0  04 10 18.0  250.478 19.712  90.43  38616 17.4
2010-02-08  20:30:00  03 36 34.1  +01 29 49  +000942.9 -000027.2  04 09 51.3  250.342 19.733  87.91  38597 17.4
2010-02-08  20:40:00  03 47 02.9  +01 24 45  +000943.5 -000033.4  04 09 24.1  250.192 19.743  85.42  38578 17.3
2010-02-08  20:50:00  03 57 32.1  +01 18 41  +000944.0 -000039.5  04 08 56.6  250.030 19.740  82.91  38560 17.2
2010-02-08  21:00:00  04 08 01.6  +01 11 35  +000944.4 -000045.6  04 08 28.7  249.855 19.725  80.42  38543 17.2
2010-02-08  21:10:00  04 18 31.3  +01 03 30  +000944.8 -000051.5  04 08 00.6  249.667 19.698  77.91  38527 17.1
2010-02-08  21:20:00  04 29 01.3  +00 54 25  +000945.2 -000057.4  04 07 32.3  249.468 19.659  75.43  38512 17.0
2010-02-08  21:30:00  04 39 31.5  +00 44 22  +000945.4 -000063.1  04 07 03.7  249.256 19.608  72.94  38498 17.0
2010-02-08  21:40:00  04 50 01.9  +00 33 23  +000945.7 -000068.8  04 06 35.0  249.034 19.545  70.47  38486 16.9
2010-02-08  21:50:00  05 00 32.4  +00 21 27  +000945.8 -000074.3  04 06 06.1  248.801 19.470  68.00  38474 16.9
2010-02-08  22:00:00  05 11 03.0  +00 08 38  +000946.0 -000079.6  04 05 37.2  248.557 19.384  65.54  38464 16.8
2010-02-08  22:10:00  05 21 33.7  -00 05 05  +000946.1 -000084.8  04 05 08.1  248.303 19.286  63.09  38455 16.8
2010-02-08  22:20:00  05 32 04.5  -00 19 38  +000946.2 -000089.8  04 04 39.0  248.040 19.178  60.66  38447 16.7
2010-02-08  22:30:00  05 42 35.3  -00 35 01  +000946.2 -000094.7  04 04 09.8  247.768 19.058  58.23  38440 16.7
2010-02-08  22:40:00  05 53 06.1  -00 51 11  +000946.3 -000099.3  04 03 40.6  247.487 18.928  55.83  38434 16.6
2010-02-08  22:50:00  06 03 36.9  -01 08 06  +000946.3 -000103.7  04 03 11.4  247.198 18.788  53.43  38430 16.6
2010-02-08  23:00:00  06 14 07.8  -01 25 45  +000946.3 -000107.9  04 02 42.2  246.902 18.638  51.08  38426 16.6
2010-02-08  23:10:00  06 24 38.6  -01 44 04  +000946.3 -000111.9  04 02 13.0  246.598 18.479  48.73  38425 16.5
2010-02-08  23:20:00  06 35 09.5  -02 03 02  +000946.3 -000115.7  04 01 43.8  246.288 18.311  46.43  38424 16.5
2010-02-08  23:30:00  06 45 40.3  -02 22 37  +000946.3 -000119.2  04 01 14.6  245.972 18.135  44.15  38424 16.5
2010-02-08  23:40:00  06 56 11.2  -02 42 45  +000946.3 -000122.5  04 00 45.4  245.650 17.951  41.92  38426 16.4
2010-02-08  23:50:00  07 06 42.0  -03 03 25  +000946.3 -000125.5  04 00 16.2  245.324 17.759  39.73  38429 16.4
2010-02-09  00:00:00  07 17 13.0  -03 24 34  +000946.4 -000128.2  03 59 46.9  244.992 17.561  37.60  38433 16.4
2010-02-09  00:10:00  07 27 43.9  -03 46 08  +000946.5 -000130.7  03 59 17.6  244.657 17.357  35.54  38438 16.4
2010-02-09  00:20:00  07 38 14.9  -04 08 06  +000946.6 -000132.8  03 58 48.2  244.318 17.147  33.56  38444 16.4
2010-02-09  00:30:00  07 48 46.0  -04 30 24  +000946.7 -000134.7  03 58 18.8  243.976 16.932  31.67  38452 16.3
2010-02-09  00:40:00  07 59 17.3  -04 52 60  +000946.9 -000136.4  03 57 49.2  243.631 16.713  29.90  38460 16.3
2010-02-09  00:50:00  08 09 48.6  -05 15 50  +000947.2 -000137.7  03 57 19.5  243.284 16.490  28.26  38470 16.3
2010-02-09  01:00:00  08 20 20.2  -05 38 53  +000947.4 -000138.7  03 56 49.6  242.935 16.265  26.78  38480 16.3
2010-02-09  01:10:00  08 30 51.9  -06 02 04  +000947.8 -000139.5  03 56 19.5  242.585 16.038  25.48  38492 16.3
2010-02-09  01:20:00  08 41 23.8  -06 25 21  +000948.1 -000139.9  03 55 49.2  242.233 15.809  24.41  38504 16.3
2010-02-09  01:30:00  08 51 56.1  -06 48 41  +000948.5 -000140.1  03 55 18.6  241.882 15.579  23.58  38517 16.3
2010-02-09  01:40:00  09 02 28.6  -07 12 01  +000949.0 -000139.9  03 54 47.7  241.530 15.350  23.02  38531 16.3
2010-02-09  01:50:00  09 13 01.4  -07 35 19  +000949.5 -000139.5  03 54 16.5  241.179 15.121  22.75  38545 16.3
2010-02-09  02:00:00  09 23 34.6  -07 58 30  +000950.1 -000138.7  03 53 45.0  240.828 14.894  22.79  38561 16.3
2010-02-09  02:10:00  09 34 08.2  -08 21 32  +000950.7 -000137.7  03 53 13.1  240.479 14.669  23.12  38577 16.3
2010-02-09  02:20:00  09 44 42.2  -08 44 22  +000951.3 -000136.3  03 52 40.7  240.131 14.447  23.74  38593 16.3
2010-02-09  02:30:00  09 55 16.6  -09 06 57  +000952.0 -000134.7  03 52 07.9  239.785 14.228  24.64  38610 16.3
2010-02-09  02:40:00  10 05 51.5  -09 29 15  +000952.7 -000132.8  03 51 34.7  239.442 14.014  25.76  38627 16.3
2010-02-09  02:50:00  10 16 26.9  -09 51 12  +000953.5 -000130.6  03 51 00.9  239.101 13.805  27.09  38645 16.3
2010-02-09  03:00:00  10 27 02.8  -10 12 46  +000954.2 -000128.1  03 50 26.7  238.764 13.602  28.60  38663 16.3
2010-02-09  03:10:00  10 37 39.2  -10 33 53  +000955.0 -000125.3  03 49 51.9  238.429 13.405  30.26  38681 16.3
2010-02-09  03:20:00  10 48 16.2  -10 54 32  +000955.9 -000122.3  03 49 16.6  238.099 13.216  32.04  38700 16.4
2010-02-09  03:30:00  10 58 53.7  -11 14 39  +000956.7 -000119.0  03 48 40.7  237.773 13.034  33.94  38718 16.4
2010-02-09  03:40:00  11 09 31.7  -11 34 12  +000957.5 -000115.5  03 48 04.3  237.452 12.860  35.92  38737 16.4
2010-02-09  03:50:00  11 20 10.4  -11 53 08  +000958.3 -000111.7  03 47 27.3  237.135 12.695  37.98  38755 16.4
2010-02-09  04:00:00  11 30 49.5  -12 11 25  +000959.2 -000107.7  03 46 49.8  236.824 12.540  40.09  38774 16.4
2010-02-09  04:10:00  11 41 29.2  -12 29 01  +000960.0 -000103.4  03 46 11.7  236.519 12.394  42.27  38792 16.5

   Date        UTC        RA         DECL      RARate   DeclRate    HourAng      Az     Um    Phase  Range  Mag
2010-02-09  16:20:00  00 23 20.4  -00 05 36  +000924.9 +000084.7  03 16 20.4  237.827 26.776 135.44  38165 19.5
2010-02-09  16:30:00  00 33 37.4  +00 08 06  +000926.0 +000079.7  03 16 05.1  237.918 26.998 132.96  38137 19.3
2010-02-09  16:40:00  00 43 55.1  +00 20 58  +000927.2 +000074.7  03 15 49.1  237.998 27.211 130.48  38110 19.2
2010-02-09  16:50:00  00 54 13.6  +00 32 58  +000928.4 +000069.4  03 15 32.2  238.065 27.415 127.98  38083 19.0
2010-02-09  17:00:00  01 04 32.9  +00 44 06  +000929.6 +000064.0  03 15 14.5  238.121 27.608 125.49  38056 18.9
2010-02-09  17:10:00  01 14 53.0  +00 54 18  +000930.8 +000058.4  03 14 56.1  238.163 27.791 122.98  38029 18.7
2010-02-09  17:20:00  01 25 13.9  +01 03 34  +000931.9 +000052.8  03 14 36.8  238.192 27.963 120.49  38002 18.6
2010-02-09  17:30:00  01 35 35.6  +01 11 52  +000933.1 +000046.9  03 14 16.8  238.207 28.124 117.98  37976 18.5
2010-02-09  17:40:00  01 45 58.0  +01 19 12  +000934.3 +000041.0  03 13 56.0  238.209 28.274 115.47  37951 18.3
2010-02-09  17:50:00  01 56 21.3  +01 25 32  +000935.4 +000035.0  03 13 34.4  238.196 28.412 112.96  37925 18.2
2010-02-09  18:00:00  02 06 45.2  +01 30 52  +000936.5 +000028.9  03 13 12.1  238.170 28.539 110.45  37901 18.1
2010-02-09  18:10:00  02 17 09.9  +01 35 09  +000937.5 +000022.7  03 12 49.1  238.129 28.653 107.93  37876 18.0
2010-02-09  18:20:00  02 27 35.2  +01 38 25  +000938.5 +000016.4  03 12 25.4  238.074 28.755 105.42  37853 17.9
2010-02-09  18:30:00  02 38 01.2  +01 40 37  +000939.5 +000010.1  03 12 01.0  238.005 28.844 102.90  37830 17.8
2010-02-09  18:40:00  02 48 27.8  +01 41 46  +000940.4 +000003.7  03 11 36.0  237.921 28.920 100.39  37807 17.7
2010-02-09  18:50:00  02 58 55.1  +01 41 51  +000941.2 -000002.7  03 11 10.5  237.823 28.984  97.86  37785 17.6
2010-02-09  19:00:00  03 09 22.8  +01 40 53  +000942.0 -000009.1  03 10 44.3  237.711 29.034  95.36  37764 17.6
2010-02-09  19:10:00  03 19 51.1  +01 38 50  +000942.8 -000015.5  03 10 17.7  237.586 29.071  92.83  37744 17.5
2010-02-09  19:20:00  03 30 19.8  +01 35 43  +000943.5 -000021.8  03 09 50.6  237.446 29.094  90.32  37725 17.4
2010-02-09  19:30:00  03 40 49.0  +01 31 33  +000944.1 -000028.2  03 09 23.0  237.293 29.105  87.80  37706 17.3
2010-02-09  19:40:00  03 51 18.6  +01 26 20  +000944.6 -000034.5  03 08 55.1  237.127 29.101  85.30  37689 17.2
2010-02-09  19:50:00  04 01 48.6  +01 20 03  +000945.1 -000040.8  03 08 26.8  236.947 29.084  82.79  37672 17.2
2010-02-09  20:00:00  04 12 18.8  +01 12 45  +000945.6 -000046.9  03 07 58.2  236.756 29.053  80.29  37656 17.1
2010-02-09  20:10:00  04 22 49.3  +01 04 25  +000946.0 -000053.0  03 07 29.3  236.552 29.009  77.78  37642 17.0
2010-02-09  20:20:00  04 33 20.1  +00 55 05  +000946.3 -000059.0  03 07 00.2  236.336 28.952  75.29  37628 17.0
2010-02-09  20:30:00  04 43 51.0  +00 44 45  +000946.6 -000064.9  03 06 30.9  236.109 28.881  72.79  37616 16.9
2010-02-09  20:40:00  04 54 22.2  +00 33 27  +000946.8 -000070.6  03 06 01.4  235.871 28.796  70.32  37604 16.9
2010-02-09  20:50:00  05 04 53.4  +00 21 13  +000947.0 -000076.3  03 05 31.8  235.623 28.699  67.83  37594 16.8
2010-02-09  21:00:00  05 15 24.8  +00 08 03  +000947.1 -000081.7  03 05 02.1  235.364 28.589  65.37  37585 16.8
2010-02-09  21:10:00  05 25 56.2  -00 06 01  +000947.2 -000087.0  03 04 32.3  235.097 28.466  62.91  37577 16.7
2010-02-09  21:20:00  05 36 27.7  -00 20 57  +000947.3 -000092.1  03 04 02.4  234.820 28.331  60.48  37571 16.7
2010-02-09  21:30:00  05 46 59.3  -00 36 43  +000947.3 -000097.1  03 03 32.5  234.535 28.184  58.04  37565 16.6
2010-02-09  21:40:00  05 57 30.8  -00 53 18  +000947.4 -000101.8  03 03 02.6  234.243 28.025  55.63  37561 16.6
2010-02-09  21:50:00  06 08 02.4  -01 10 38  +000947.4 -000106.3  03 02 32.6  233.943 27.855  53.23  37558 16.6
2010-02-09  22:00:00  06 18 34.0  -01 28 43  +000947.4 -000110.6  03 02 02.7  233.636 27.674  50.87  37557 16.5
2010-02-09  22:10:00  06 29 05.6  -01 47 29  +000947.4 -000114.7  03 01 32.7  233.323 27.483  48.52  37556 16.5
2010-02-09  22:20:00  06 39 37.2  -02 06 55  +000947.4 -000118.5  03 01 02.8  233.005 27.282  46.21  37557 16.5
2010-02-09  22:30:00  06 50 08.8  -02 26 58  +000947.4 -000122.0  03 00 32.9  232.681 27.071  43.92  37559 16.4
2010-02-09  22:40:00  07 00 40.4  -02 47 35  +000947.4 -000125.3  03 00 02.9  232.353 26.852  41.69  37563 16.4
2010-02-09  22:50:00  07 11 12.0  -03 08 44  +000947.5 -000128.4  02 59 32.9  232.021 26.625  39.49  37567 16.4
2010-02-09  23:00:00  07 21 43.7  -03 30 22  +000947.5 -000131.2  02 59 02.9  231.685 26.390  37.36  37573 16.3
2010-02-09  23:10:00  07 32 15.4  -03 52 26  +000947.6 -000133.7  02 58 32.8  231.345 26.148  35.29  37580 16.3
2010-02-09  23:20:00  07 42 47.2  -04 14 54  +000947.7 -000135.9  02 58 02.7  231.004 25.900  33.31  37589 16.3
2010-02-09  23:30:00  07 53 19.1  -04 37 43  +000947.9 -000137.8  02 57 32.4  230.659 25.647  31.42  37598 16.3
2010-02-09  23:40:00  08 03 51.1  -05 00 49  +000948.1 -000139.4  02 57 02.1  230.314 25.388  29.65  37608 16.3
2010-02-09  23:50:00  08 14 23.2  -05 24 10  +000948.4 -000140.7  02 56 31.6  229.966 25.126  28.01  37620 16.3
2010-02-10  00:00:00  08 24 55.5  -05 47 43  +000948.6 -000141.8  02 56 00.9  229.618 24.860  26.54  37632 16.2
2010-02-10  00:10:00  08 35 28.1  -06 11 24  +000949.0 -000142.5  02 55 30.0  229.269 24.592  25.25  37646 16.2
2010-02-10  00:20:00  08 46 00.9  -06 35 11  +000949.4 -000142.9  02 54 58.9  228.920 24.322  24.19  37660 16.2
2010-02-10  00:30:00  08 56 33.9  -06 59 01  +000949.8 -000143.0  02 54 27.4  228.571 24.051  23.37  37676 16.2
2010-02-10  00:40:00  09 07 07.3  -07 22 51  +000950.3 -000142.8  02 53 55.7  228.223 23.780  22.83  37692 16.2
2010-02-10  00:50:00  09 17 41.0  -07 46 37  +000950.8 -000142.3  02 53 23.7  227.875 23.510  22.59  37709 16.2
2010-02-10  01:00:00  09 28 15.0  -08 10 17  +000951.4 -000141.5  02 52 51.2  227.529 23.241  22.66  37726 16.2
2010-02-10  01:10:00  09 38 49.5  -08 33 47  +000952.0 -000140.4  02 52 18.4  227.185 22.974  23.03  37745 16.2
2010-02-10  01:20:00  09 49 24.4  -08 57 04  +000952.7 -000139.0  02 51 45.2  226.842 22.710  23.68  37764 16.2
2010-02-10  01:30:00  09 59 59.8  -09 20 07  +000953.4 -000137.3  02 51 11.5  226.501 22.450  24.61  37783 16.2
2010-02-10  01:40:00  10 10 35.6  -09 42 50  +000954.1 -000135.3  02 50 37.3  226.163 22.194  25.76  37803 16.2
2010-02-10  01:50:00  10 21 11.9  -10 05 12  +000954.9 -000133.1  02 50 02.6  225.828 21.944  27.13  37824 16.3
2010-02-10  02:00:00  10 31 48.8  -10 27 10  +000955.7 -000130.5  02 49 27.3  225.495 21.699  28.66  37844 16.3
2010-02-10  02:10:00  10 42 26.2  -10 48 41  +000956.5 -000127.6  02 48 51.6  225.166 21.462  30.35  37865 16.3
2010-02-10  02:20:00  10 53 04.2  -11 09 42  +000957.4 -000124.5  02 48 15.3  224.841 21.231  32.15  37887 16.3
2010-02-10  02:30:00  11 03 42.7  -11 30 11  +000958.2 -000121.1  02 47 38.4  224.520 21.009  34.07  37908 16.3
2010-02-10  02:40:00  11 14 21.7  -11 50 04  +000959.0 -000117.5  02 47 01.0  224.203 20.796  36.06  37929 16.3
2010-02-10  02:50:00  11 25 01.4  -12 09 20  +000959.9 -000113.6  02 46 23.0  223.890 20.592  38.14  37951 16.4
2010-02-10  03:00:00  11 35 41.6  -12 27 55  +000960.7 -000109.4  02 45 44.4  223.583 20.398  40.27  37972 16.4
2010-02-10  03:10:00  11 46 22.3  -12 45 48  +000961.5 -000105.1  02 45 05.3  223.280 20.215  42.46  37993 16.4
2010-02-10  03:20:00  11 57 03.6  -13 02 56  +000962.3 -000100.5  02 44 25.7  222.983 20.043  44.68  38014 16.5
2010-02-10  03:30:00  12 07 45.4  -13 19 17  +000963.0 -000095.7  02 43 45.6  222.692 19.883  46.96  38035 16.5
2010-02-10  03:40:00  12 18 27.6  -13 34 49  +000963.7 -000090.6  02 43 05.0  222.406 19.734  49.25  38055 16.5
2010-02-10  03:50:00  12 29 10.3  -13 49 29  +000964.4 -000085.4  02 42 23.9  222.127 19.599  51.58  38075 16.6
2010-02-10  04:00:00  12 39 53.4  -14 03 17  +000965.0 -000080.1  02 41 42.4  221.855 19.476  53.92  38094 16.6
2010-02-10  04:10:00  12 50 36.9  -14 16 10  +000965.5 -000074.5  02 41 00.6  221.589 19.367  56.29  38113 16.6

   Date        UTC        RA         DECL      RARate   DeclRate    HourAng      Az     Um    Phase  Range  Mag
2010-02-10  16:20:00  01 30 43.1  +01 05 03  +000932.9 +000053.5  02 12 54.3  222.753 36.193 120.13  37289 18.5
2010-02-10  16:30:00  01 41 05.4  +01 13 28  +000934.1 +000047.5  02 12 33.6  222.740 36.357 117.61  37264 18.4
2010-02-10  16:40:00  01 51 28.6  +01 20 53  +000935.2 +000041.5  02 12 12.2  222.714 36.508 115.10  37240 18.3
2010-02-10  16:50:00  02 01 52.4  +01 27 17  +000936.4 +000035.3  02 11 49.9  222.674 36.646 112.58  37216 18.2
2010-02-10  17:00:00  02 12 17.0  +01 32 39  +000937.5 +000029.1  02 11 26.9  222.621 36.769 110.06  37192 18.1
2010-02-10  17:10:00  02 22 42.4  +01 36 58  +000938.5 +000022.8  02 11 03.3  222.554 36.879 107.54  37169 18.0
2010-02-10  17:20:00  02 33 08.4  +01 40 14  +000939.5 +000016.4  02 10 38.9  222.473 36.975 105.02  37147 17.9
2010-02-10  17:30:00  02 43 35.1  +01 42 25  +000940.5 +000009.9  02 10 13.8  222.379 37.055 102.49  37126 17.8
2010-02-10  17:40:00  02 54 02.4  +01 43 32  +000941.4 +000003.4  02 09 48.1  222.271 37.122  99.97  37105 17.7
2010-02-10  17:50:00  03 04 30.3  +01 43 34  +000942.3 -000003.1  02 09 21.9  222.149 37.173  97.44  37085 17.6
2010-02-10  18:00:00  03 14 58.8  +01 42 31  +000943.1 -000009.6  02 08 55.1  222.015 37.209  94.93  37065 17.5
2010-02-10  18:10:00  03 25 27.7  +01 40 23  +000943.8 -000016.1  02 08 27.7  221.868 37.230  92.40  37047 17.4
2010-02-10  18:20:00  03 35 57.2  +01 37 10  +000944.5 -000022.6  02 07 60.0  221.707 37.235  89.88  37029 17.3
2010-02-10  18:30:00  03 46 27.0  +01 32 51  +000945.1 -000029.0  02 07 31.7  221.535 37.225  87.36  37012 17.3
2010-02-10  18:40:00  03 56 57.3  +01 27 29  +000945.6 -000035.5  02 07 03.1  221.350 37.200  84.85  36996 17.2
2010-02-10  18:50:00  04 07 27.9  +01 21 02  +000946.1 -000041.8  02 06 34.1  221.154 37.159  82.33  36981 17.1
2010-02-10  19:00:00  04 17 58.8  +01 13 33  +000946.6 -000048.1  02 06 04.9  220.947 37.103  79.82  36968 17.1
2010-02-10  19:10:00  04 28 30.0  +01 05 00  +000946.9 -000054.3  02 05 35.3  220.729 37.032  77.31  36955 17.0
2010-02-10  19:20:00  04 39 01.4  +00 55 27  +000947.3 -000060.4  02 05 05.6  220.501 36.945  74.81  36943 16.9
2010-02-10  19:30:00  04 49 33.0  +00 44 53  +000947.5 -000066.4  02 04 35.6  220.263 36.843  72.31  36932 16.9
2010-02-10  19:40:00  05 00 04.8  +00 33 20  +000947.7 -000072.2  02 04 05.5  220.015 36.727  69.83  36923 16.8
2010-02-10  19:50:00  05 10 36.6  +00 20 49  +000947.9 -000077.9  02 03 35.3  219.760 36.595  67.34  36915 16.8
2010-02-10  20:00:00  05 21 08.6  +00 07 22  +000948.1 -000083.5  02 03 04.9  219.495 36.450  64.88  36907 16.7
2010-02-10  20:10:00  05 31 40.7  -00 06 60  +000948.1 -000088.8  02 02 34.5  219.224 36.290  62.41  36902 16.7
2010-02-10  20:20:00  05 42 12.8  -00 22 14  +000948.2 -000094.0  02 02 04.0  218.945 36.116  59.96  36897 16.6
2010-02-10  20:30:00  05 52 45.0  -00 38 20  +000948.3 -000099.0  02 01 33.5  218.660 35.929  57.52  36893 16.6
2010-02-10  20:40:00  06 03 17.2  -00 55 14  +000948.3 -000103.8  02 01 03.0  218.369 35.730  55.11  36891 16.5
2010-02-10  20:50:00  06 13 49.3  -01 12 55  +000948.3 -000108.4  02 00 32.4  218.073 35.517  52.71  36890 16.5
2010-02-10  21:00:00  06 24 21.5  -01 31 21  +000948.3 -000112.7  02 00 01.9  217.772 35.293  50.34  36891 16.5
2010-02-10  21:10:00  06 34 53.7  -01 50 29  +000948.3 -000116.8  01 59 31.3  217.466 35.057  47.98  36892 16.4
2010-02-10  21:20:00  06 45 25.9  -02 10 17  +000948.3 -000120.7  01 59 00.8  217.157 34.811  45.67  36895 16.4
2010-02-10  21:30:00  06 55 58.1  -02 30 43  +000948.3 -000124.3  01 58 30.2  216.844 34.554  43.38  36900 16.4
2010-02-10  21:40:00  07 06 30.3  -02 51 43  +000948.3 -000127.6  01 57 59.7  216.529 34.288  41.14  36905 16.3
2010-02-10  21:50:00  07 17 02.6  -03 13 15  +000948.4 -000130.7  01 57 29.1  216.211 34.012  38.94  36912 16.3
2010-02-10  22:00:00  07 27 34.8  -03 35 16  +000948.5 -000133.5  01 56 58.4  215.891 33.729  36.82  36920 16.3
2010-02-10  22:10:00  07 38 07.2  -03 57 44  +000948.6 -000136.0  01 56 27.7  215.569 33.438  34.75  36929 16.3
2010-02-10  22:20:00  07 48 39.6  -04 20 35  +000948.7 -000138.2  01 55 57.0  215.247 33.140  32.77  36940 16.3
2010-02-10  22:30:00  07 59 12.1  -04 43 47  +000948.9 -000140.1  01 55 26.1  214.923 32.836  30.89  36951 16.2
2010-02-10  22:40:00  08 09 44.8  -05 07 17  +000949.1 -000141.8  01 54 55.1  214.599 32.527  29.13  36964 16.2
2010-02-10  22:50:00  08 20 17.6  -05 31 02  +000949.4 -000143.1  01 54 23.9  214.274 32.214  27.50  36978 16.2
2010-02-10  23:00:00  08 30 50.6  -05 54 58  +000949.7 -000144.1  01 53 52.6  213.950 31.897  26.05  36993 16.2
2010-02-10  23:10:00  08 41 23.8  -06 19 02  +000950.0 -000144.8  01 53 21.0  213.626 31.577  24.80  37009 16.2
2010-02-10  23:20:00  08 51 57.3  -06 43 12  +000950.4 -000145.2  01 52 49.1  213.303 31.255  23.77  37026 16.2
2010-02-10  23:30:00  09 02 31.0  -07 07 25  +000950.9 -000145.3  01 52 17.0  212.980 30.933  23.00  37044 16.2
2010-02-10  23:40:00  09 13 05.1  -07 31 36  +000951.4 -000145.0  01 51 44.6  212.659 30.610  22.52  37063 16.2
2010-02-10  23:50:00  09 23 39.6  -07 55 44  +000951.9 -000144.5  01 51 11.8  212.339 30.287  22.34  37083 16.2
2010-02-11  00:00:00  09 34 14.4  -08 19 45  +000952.5 -000143.6  01 50 38.6  212.020 29.966  22.48  37103 16.2
2010-02-11  00:10:00  09 44 49.6  -08 43 36  +000953.2 -000142.5  01 50 05.0  211.703 29.648  22.91  37124 16.2
2010-02-11  00:20:00  09 55 25.3  -09 07 14  +000953.9 -000141.0  01 49 31.0  211.388 29.332  23.64  37146 16.2
2010-02-11  00:30:00  10 06 01.5  -09 30 35  +000954.6 -000139.2  01 48 56.5  211.075 29.021  24.62  37168 16.2
2010-02-11  00:40:00  10 16 38.1  -09 53 37  +000955.4 -000137.2  01 48 21.5  210.765 28.714  25.84  37191 16.2
2010-02-11  00:50:00  10 27 15.3  -10 16 17  +000956.1 -000134.8  01 47 45.9  210.456 28.413  27.26  37215 16.2
2010-02-11  01:00:00  10 37 52.9  -10 38 32  +000957.0 -000132.2  01 47 09.9  210.150 28.119  28.84  37238 16.2
2010-02-11  01:10:00  10 48 31.2  -11 00 20  +000957.8 -000129.2  01 46 33.3  209.847 27.831  30.57  37262 16.3
2010-02-11  01:20:00  10 59 10.0  -11 21 36  +000958.6 -000126.0  01 45 56.1  209.547 27.552  32.41  37287 16.3
2010-02-11  01:30:00  11 09 49.4  -11 42 19  +000959.5 -000122.5  01 45 18.4  209.250 27.281  34.37  37311 16.3
2010-02-11  01:40:00  11 20 29.3  -12 02 26  +000960.3 -000118.8  01 44 40.1  208.955 27.020  36.39  37336 16.3
2010-02-11  01:50:00  11 31 09.8  -12 21 54  +000961.2 -000114.8  01 44 01.2  208.665 26.768  38.50  37360 16.3
2010-02-11  02:00:00  11 41 50.9  -12 40 41  +000962.0 -000110.6  01 43 21.8  208.378 26.528  40.65  37385 16.4
2010-02-11  02:10:00  11 52 32.5  -12 58 45  +000962.8 -000106.1  01 42 41.8  208.095 26.298  42.86  37409 16.4
2010-02-11  02:20:00  12 03 14.6  -13 16 02  +000963.6 -000101.4  01 42 01.4  207.815 26.081  45.10  37433 16.4
2010-02-11  02:30:00  12 13 57.3  -13 32 32  +000964.3 -000096.5  01 41 20.4  207.540 25.876  47.39  37457 16.5
2010-02-11  02:40:00  12 24 40.4  -13 48 11  +000965.0 -000091.3  01 40 38.9  207.269 25.684  49.69  37481 16.5
2010-02-11  02:50:00  12 35 23.9  -14 02 58  +000965.6 -000086.0  01 39 57.0  207.003 25.506  52.04  37504 16.5
2010-02-11  03:00:00  12 46 07.9  -14 16 51  +000966.2 -000080.5  01 39 14.7  206.741 25.342  54.39  37527 16.6
2010-02-11  03:10:00  12 56 52.2  -14 29 48  +000966.7 -000074.9  01 38 32.0  206.485 25.192  56.77  37549 16.6
2010-02-11  03:20:00  13 07 36.8  -14 41 48  +000967.1 -000069.1  01 37 49.0  206.233 25.058  59.16  37571 16.7
2010-02-11  03:30:00  13 18 21.7  -14 52 49  +000967.5 -000063.1  01 37 05.8  205.987 24.938  61.58  37592 16.7
2010-02-11  03:40:00  13 29 06.7  -15 02 50  +000967.7 -000057.0  01 36 22.4  205.747 24.834  63.99  37612 16.7
2010-02-11  03:50:00  13 39 51.9  -15 11 50  +000967.9 -000050.8  01 35 38.9  205.512 24.745  66.42  37632 16.8
2010-02-11  04:00:00  13 50 37.2  -15 19 46  +000967.9 -000044.5  01 34 55.2  205.284 24.673  68.85  37650 16.8
2010-02-11  04:10:00  14 01 22.4  -15 26 40  +000967.8 -000038.1  01 34 11.6  205.062 24.617  71.31  37668 16.9

   Date        UTC        RA         DECL      RARate   DeclRate    HourAng      Az     Um    Phase  Range  Mag
2010-02-11  16:20:00  02 39 45.8  +01 41 25  +000940.4 +000016.2  01 07 48.2  203.444 42.903 104.36  36690 17.8
2010-02-11  16:30:00  02 50 13.0  +01 43 35  +000941.3 +000009.7  01 07 22.6  203.317 42.967 101.82  36670 17.7
2010-02-11  16:40:00  03 00 40.9  +01 44 39  +000942.3 +000003.1  01 06 56.4  203.180 43.014  99.30  36651 17.6
2010-02-11  16:50:00  03 11 09.4  +01 44 38  +000943.1 -000003.4  01 06 29.5  203.033 43.044  96.77  36633 17.5
2010-02-11  17:00:00  03 21 38.4  +01 43 30  +000943.9 -000010.0  01 06 02.2  202.876 43.057  94.24  36616 17.4
2010-02-11  17:10:00  03 32 07.9  +01 41 17  +000944.6 -000016.6  01 05 34.3  202.709 43.052  91.71  36599 17.4
2010-02-11  17:20:00  03 42 37.8  +01 37 58  +000945.3 -000023.2  01 05 06.0  202.533 43.030  89.19  36584 17.3
2010-02-11  17:30:00  03 53 08.2  +01 33 33  +000945.9 -000029.7  01 04 37.3  202.349 42.990  86.66  36569 17.2
2010-02-11  17:40:00  04 03 39.0  +01 28 03  +000946.4 -000036.2  01 04 08.2  202.156 42.934  84.14  36555 17.1
2010-02-11  17:50:00  04 14 10.0  +01 21 28  +000946.9 -000042.7  01 03 38.7  201.956 42.860  81.61  36542 17.1
2010-02-11  18:00:00  04 24 41.4  +01 13 50  +000947.3 -000049.0  01 03 09.0  201.748 42.768  79.10  36531 17.0
2010-02-11  18:10:00  04 35 13.1  +01 05 08  +000947.6 -000055.3  01 02 39.0  201.533 42.660  76.59  36520 17.0
2010-02-11  18:20:00  04 45 45.0  +00 55 25  +000947.9 -000061.4  01 02 08.7  201.312 42.535  74.08  36511 16.9
2010-02-11  18:30:00  04 56 17.0  +00 44 40  +000948.2 -000067.5  01 01 38.3  201.086 42.393  71.58  36502 16.8
2010-02-11  18:40:00  05 06 49.2  +00 32 56  +000948.4 -000073.3  01 01 07.8  200.853 42.235  69.09  36495 16.8
2010-02-11  18:50:00  05 17 21.5  +00 20 14  +000948.5 -000079.1  01 00 37.1  200.617 42.061  66.60  36489 16.7
2010-02-11  19:00:00  05 27 53.9  +00 06 35  +000948.7 -000084.7  01 00 06.3  200.375 41.871  64.13  36484 16.7
2010-02-11  19:10:00  05 38 26.4  -00 07 59  +000948.7 -000090.1  00 59 35.5  200.130 41.666  61.65  36480 16.6
2010-02-11  19:20:00  05 48 58.9  -00 23 27  +000948.8 -000095.3  00 59 04.6  199.882 41.446  59.21  36478 16.6
2010-02-11  19:30:00  05 59 31.5  -00 39 45  +000948.8 -000100.4  00 58 33.7  199.631 41.212  56.76  36477 16.5
2010-02-11  19:40:00  06 10 04.1  -00 56 53  +000948.9 -000105.2  00 58 02.8  199.377 40.963  54.34  36477 16.5
2010-02-11  19:50:00  06 20 36.6  -01 14 48  +000948.9 -000109.8  00 57 31.8  199.122 40.702  51.94  36478 16.5
2010-02-11  20:00:00  06 31 09.2  -01 33 28  +000948.9 -000114.1  00 57 00.9  198.864 40.428  49.56  36481 16.4
2010-02-11  20:10:00  06 41 41.8  -01 52 50  +000948.9 -000118.3  00 56 30.0  198.606 40.142  47.20  36485 16.4
2010-02-11  20:20:00  06 52 14.4  -02 12 52  +000948.9 -000122.1  00 55 59.0  198.347 39.844  44.89  36491 16.4
2010-02-11  20:30:00  07 02 47.0  -02 33 32  +000948.9 -000125.8  00 55 28.1  198.086 39.535  42.60  36497 16.3
2010-02-11  20:40:00  07 13 19.6  -02 54 47  +000948.9 -000129.1  00 54 57.1  197.826 39.217  40.36  36505 16.3
2010-02-11  20:50:00  07 23 52.2  -03 16 33  +000949.0 -000132.2  00 54 26.1  197.566 38.889  38.17  36514 16.3
2010-02-11  21:00:00  07 34 24.9  -03 38 49  +000949.1 -000135.0  00 53 55.1  197.305 38.553  36.04  36525 16.3
2010-02-11  21:10:00  07 44 57.6  -04 01 31  +000949.2 -000137.5  00 53 24.0  197.045 38.209  33.98  36537 16.2
2010-02-11  21:20:00  07 55 30.5  -04 24 37  +000949.3 -000139.7  00 52 52.8  196.786 37.858  32.01  36550 16.2
2010-02-11  21:30:00  08 06 03.4  -04 48 04  +000949.5 -000141.6  00 52 21.5  196.527 37.501  30.14  36564 16.2
2010-02-11  21:40:00  08 16 36.5  -05 11 47  +000949.8 -000143.2  00 51 50.0  196.269 37.138  28.40  36579 16.2
2010-02-11  21:50:00  08 27 09.8  -05 35 46  +000950.0 -000144.4  00 51 18.4  196.011 36.771  26.81  36596 16.2
2010-02-11  22:00:00  08 37 43.2  -05 59 55  +000950.4 -000145.4  00 50 46.6  195.755 36.401  25.39  36613 16.2
2010-02-11  22:10:00  08 48 16.9  -06 24 13  +000950.7 -000146.1  00 50 14.5  195.499 36.028  24.18  36632 16.2
2010-02-11  22:20:00  08 58 50.9  -06 48 36  +000951.2 -000146.5  00 49 42.2  195.245 35.653  23.21  36652 16.2
2010-02-11  22:30:00  09 09 25.2  -07 13 01  +000951.6 -000146.5  00 49 09.6  194.991 35.277  22.51  36672 16.2
2010-02-11  22:40:00  09 19 59.8  -07 37 25  +000952.2 -000146.2  00 48 36.6  194.739 34.902  22.11  36694 16.2
2010-02-11  22:50:00  09 30 34.7  -08 01 45  +000952.7 -000145.6  00 48 03.3  194.488 34.527  22.02  36717 16.2
2010-02-11  23:00:00  09 41 10.1  -08 25 57  +000953.4 -000144.7  00 47 29.6  194.237 34.153  22.24  36740 16.2
2010-02-11  23:10:00  09 51 45.9  -08 49 58  +000954.0 -000143.5  00 46 55.5  193.988 33.783  22.78  36764 16.2
2010-02-11  23:20:00  10 02 22.1  -09 13 46  +000954.7 -000142.0  00 46 20.9  193.740 33.416  23.59  36789 16.2
2010-02-11  23:30:00  10 12 58.8  -09 37 17  +000955.5 -000140.2  00 45 45.8  193.493 33.053  24.66  36814 16.2
2010-02-11  23:40:00  10 23 36.1  -10 00 29  +000956.2 -000138.0  00 45 10.2  193.247 32.695  25.96  36840 16.2
2010-02-11  23:50:00  10 34 13.8  -10 23 17  +000957.0 -000135.6  00 44 34.1  193.002 32.343  27.45  36866 16.2
2010-02-12  00:00:00  10 44 52.1  -10 45 40  +000957.9 -000132.9  00 43 57.4  192.757 31.998  29.09  36893 16.2
2010-02-12  00:10:00  10 55 31.0  -11 07 34  +000958.7 -000129.9  00 43 20.2  192.514 31.661  30.88  36921 16.2
2010-02-12  00:20:00  11 06 10.4  -11 28 57  +000959.6 -000126.6  00 42 42.5  192.272 31.332  32.77  36948 16.3
2010-02-12  00:30:00  11 16 50.4  -11 49 46  +000960.4 -000123.1  00 42 04.1  192.031 31.012  34.76  36976 16.3
2010-02-12  00:40:00  11 27 30.9  -12 09 57  +000961.3 -000119.3  00 41 25.2  191.792 30.702  36.82  37004 16.3
2010-02-12  00:50:00  11 38 12.0  -12 29 30  +000962.1 -000115.2  00 40 45.7  191.553 30.403  38.96  37031 16.3
2010-02-12  01:00:00  11 48 53.7  -12 48 20  +000962.9 -000110.9  00 40 05.7  191.315 30.115  41.14  37059 16.4
2010-02-12  01:10:00  11 59 35.9  -13 06 27  +000963.7 -000106.3  00 39 25.1  191.079 29.838  43.38  37087 16.4
2010-02-12  01:20:00  12 10 18.6  -13 23 46  +000964.5 -000101.5  00 38 44.1  190.844 29.575  45.64  37115 16.4
2010-02-12  01:30:00  12 21 01.9  -13 40 17  +000965.2 -000096.6  00 38 02.5  190.611 29.324  47.95  37142 16.5
2010-02-12  01:40:00  12 31 45.5  -13 55 57  +000965.9 -000091.4  00 37 20.4  190.379 29.087  50.28  37169 16.5
2010-02-12  01:50:00  12 42 29.6  -14 10 44  +000966.5 -000086.0  00 36 38.0  190.149 28.865  52.64  37196 16.5
2010-02-12  02:00:00  12 53 14.1  -14 24 36  +000967.0 -000080.4  00 35 55.1  189.920 28.657  55.00  37222 16.6
2010-02-12  02:10:00  13 03 59.0  -14 37 31  +000967.5 -000074.7  00 35 11.9  189.694 28.464  57.40  37248 16.6
2010-02-12  02:20:00  13 14 44.0  -14 49 29  +000967.8 -000068.8  00 34 28.5  189.469 28.287  59.80  37273 16.6
2010-02-12  02:30:00  13 25 29.4  -15 00 27  +000968.1 -000062.8  00 33 44.8  189.247 28.126  62.23  37297 16.7
2010-02-12  02:40:00  13 36 14.9  -15 10 24  +000968.3 -000056.6  00 33 00.9  189.027 27.981  64.65  37321 16.7
2010-02-12  02:50:00  13 47 00.5  -15 19 19  +000968.5 -000050.4  00 32 17.0  188.809 27.853  67.09  37343 16.8
2010-02-12  03:00:00  13 57 46.1  -15 27 11  +000968.5 -000044.0  00 31 33.0  188.595 27.742  69.53  37366 16.8
2010-02-12  03:10:00  14 08 31.7  -15 33 59  +000968.4 -000037.5  00 30 49.0  188.383 27.648  71.99  37387 16.9
2010-02-12  03:20:00  14 19 17.2  -15 39 42  +000968.1 -000031.0  00 30 05.1  188.174 27.571  74.45  37407 17.0
2010-02-12  03:30:00  14 30 02.6  -15 44 20  +000967.8 -000024.5  00 29 21.5  187.969 27.512  76.92  37426 17.0
2010-02-12  03:40:00  14 40 47.6  -15 47 51  +000967.4 -000017.9  00 28 38.0  187.767 27.470  79.38  37444 17.1
2010-02-12  03:50:00  14 51 32.4  -15 50 17  +000966.8 -000011.2  00 27 55.0  187.569 27.447  81.86  37461 17.1
2010-02-12  04:00:00  15 02 16.7  -15 51 36  +000966.1 -000004.6  00 27 12.3  187.375 27.441  84.33  37477 17.2
2010-02-12  04:10:00  15 13 00.5  -15 51 49  +000965.3 +000002.0  00 26 30.1  187.185 27.453  86.81  37492 17.3

   Date        UTC        RA         DECL      RARate   DeclRate    HourAng      Az     Um    Phase  Range  Mag
2010-02-12  16:20:00  03 49 53.4  +01 37 60  +000945.7 -000023.7  00 01 37.1  180.575 45.234  88.35  36425 17.3
2010-02-12  16:30:00  04 00 24.1  +01 33 30  +000946.3 -000030.2  00 01 08.1  180.402 45.160  85.81  36413 17.2
2010-02-12  16:40:00  04 10 55.1  +01 27 55  +000946.8 -000036.7  00 00 38.7  180.228 45.068  83.29  36401 17.1
2010-02-12  16:50:00  04 21 26.4  +01 21 15  +000947.2 -000043.2  00 00 09.0  180.053 44.957  80.76  36391 17.0
2010-02-12  17:00:00  04 31 58.0  +01 13 32  +000947.6 -000049.5  23 59 39.1  179.877 44.828  78.25  36382 17.0
2010-02-12  17:10:00  04 42 29.9  +01 04 45  +000948.0 -000055.8  23 59 08.8  179.700 44.681  75.72  36373 16.9
2010-02-12  17:20:00  04 53 02.0  +00 54 56  +000948.2 -000062.0  23 58 38.4  179.523 44.517  73.22  36366 16.9
2010-02-12  17:30:00  05 03 34.2  +00 44 05  +000948.5 -000068.0  23 58 07.8  179.346 44.336  70.70  36360 16.8
2010-02-12  17:40:00  05 14 06.6  +00 32 16  +000948.7 -000073.9  23 57 37.1  179.170 44.137  68.21  36356 16.8
2010-02-12  17:50:00  05 24 39.1  +00 19 28  +000948.8 -000079.7  23 57 06.2  178.995 43.923  65.72  36352 16.7
2010-02-12  18:00:00  05 35 11.7  +00 05 43  +000948.9 -000085.3  23 56 35.3  178.820 43.692  63.24  36350 16.7
2010-02-12  18:10:00  05 45 44.3  -00 08 57  +000949.0 -000090.7  23 56 04.3  178.647 43.445  60.76  36348 16.6
2010-02-12  18:20:00  05 56 16.9  -00 24 30  +000949.0 -000095.9  23 55 33.3  178.476 43.184  58.31  36349 16.6
2010-02-12  18:30:00  06 06 49.6  -00 40 54  +000949.0 -000100.9  23 55 02.3  178.306 42.908  55.86  36350 16.5
2010-02-12  18:40:00  06 17 22.3  -00 58 08  +000949.0 -000105.7  23 54 31.2  178.138 42.618  53.45  36353 16.5
2010-02-12  18:50:00  06 27 55.0  -01 16 08  +000949.0 -000110.3  23 54 00.1  177.973 42.315  51.03  36356 16.5
2010-02-12  19:00:00  06 38 27.7  -01 34 53  +000949.0 -000114.7  23 53 29.1  177.809 42.000  48.66  36362 16.4
2010-02-12  19:10:00  06 49 00.4  -01 54 21  +000949.0 -000118.8  23 52 58.0  177.647 41.672  46.30  36368 16.4
2010-02-12  19:20:00  06 59 33.1  -02 14 28  +000949.0 -000122.6  23 52 27.0  177.488 41.333  43.98  36376 16.4
2010-02-12  19:30:00  07 10 05.8  -02 35 12  +000949.1 -000126.2  23 51 55.9  177.330 40.983  41.69  36385 16.3
2010-02-12  19:40:00  07 20 38.5  -02 56 31  +000949.1 -000129.5  23 51 24.8  177.175 40.624  39.46  36396 16.3
2010-02-12  19:50:00  07 31 11.3  -03 18 22  +000949.2 -000132.6  23 50 53.7  177.022 40.256  37.26  36408 16.3
2010-02-12  20:00:00  07 41 44.1  -03 40 42  +000949.3 -000135.3  23 50 22.5  176.870 39.879  35.14  36421 16.3
2010-02-12  20:10:00  07 52 17.0  -04 03 28  +000949.4 -000137.8  23 49 51.3  176.721 39.495  33.09  36435 16.2
2010-02-12  20:20:00  08 02 50.0  -04 26 38  +000949.6 -000140.0  23 49 19.9  176.573 39.104  31.13  36451 16.2
2010-02-12  20:30:00  08 13 23.1  -04 50 07  +000949.8 -000141.9  23 48 48.5  176.426 38.707  29.28  36467 16.2
2010-02-12  20:40:00  08 23 56.4  -05 13 54  +000950.0 -000143.4  23 48 16.9  176.281 38.305  27.56  36485 16.2
2010-02-12  20:50:00  08 34 29.8  -05 37 55  +000950.3 -000144.7  23 47 45.1  176.137 37.900  26.00  36504 16.2
2010-02-12  21:00:00  08 45 03.5  -06 02 07  +000950.7 -000145.6  23 47 13.1  175.994 37.490  24.63  36525 16.2
2010-02-12  21:10:00  08 55 37.4  -06 26 26  +000951.0 -000146.3  23 46 40.8  175.851 37.079  23.47  36546 16.2
2010-02-12  21:20:00  09 06 11.5  -06 50 51  +000951.5 -000146.6  23 46 08.3  175.709 36.666  22.57  36568 16.2
2010-02-12  21:30:00  09 16 46.0  -07 15 17  +000952.0 -000146.6  23 45 35.4  175.567 36.252  21.95  36592 16.1
2010-02-12  21:40:00  09 27 20.9  -07 39 41  +000952.5 -000146.3  23 45 02.2  175.425 35.838  21.63  36616 16.1
2010-02-12  21:50:00  09 37 56.1  -08 04 01  +000953.1 -000145.6  23 44 28.7  175.283 35.425  21.65  36641 16.1
2010-02-12  22:00:00  09 48 31.7  -08 28 13  +000953.7 -000144.7  23 43 54.7  175.141 35.015  21.97  36667 16.2
2010-02-12  22:10:00  09 59 07.7  -08 52 14  +000954.4 -000143.4  23 43 20.3  174.998 34.607  22.61  36694 16.2
2010-02-12  22:20:00  10 09 44.2  -09 16 01  +000955.1 -000141.9  23 42 45.4  174.854 34.202  23.53  36722 16.2
2010-02-12  22:30:00  10 20 21.2  -09 39 30  +000955.9 -000140.0  23 42 10.1  174.709 33.802  24.70  36750 16.2
2010-02-12  22:40:00  10 30 58.7  -10 02 40  +000956.7 -000137.8  23 41 34.2  174.563 33.407  26.07  36779 16.2
2010-02-12  22:50:00  10 41 36.8  -10 25 26  +000957.5 -000135.4  23 40 57.8  174.415 33.019  27.64  36808 16.2
2010-02-12  23:00:00  10 52 15.4  -10 47 46  +000958.3 -000132.6  23 40 20.9  174.266 32.637  29.35  36838 16.2
2010-02-12  23:10:00  11 02 54.5  -11 09 37  +000959.1 -000129.6  23 39 43.4  174.116 32.263  31.19  36868 16.2
2010-02-12  23:20:00  11 13 34.2  -11 30 56  +000960.0 -000126.2  23 39 05.3  173.964 31.897  33.13  36898 16.3
2010-02-12  23:30:00  11 24 14.5  -11 51 41  +000960.8 -000122.6  23 38 26.7  173.809 31.541  35.17  36929 16.3
2010-02-12  23:40:00  11 34 55.3  -12 11 48  +000961.7 -000118.8  23 37 47.5  173.653 31.194  37.27  36960 16.3
2010-02-12  23:50:00  11 45 36.7  -12 31 16  +000962.5 -000114.7  23 37 07.7  173.495 30.858  39.45  36991 16.3
2010-02-13  00:00:00  11 56 18.6  -12 50 01  +000963.3 -000110.3  23 36 27.5  173.334 30.533  41.66  37022 16.4
2010-02-13  00:10:00  12 07 01.1  -13 08 01  +000964.1 -000105.7  23 35 46.6  173.172 30.220  43.92  37053 16.4
2010-02-13  00:20:00  12 17 44.1  -13 25 15  +000964.8 -000100.9  23 35 05.3  173.007 29.920  46.21  37084 16.4
2010-02-13  00:30:00  12 28 27.5  -13 41 39  +000965.5 -000095.9  23 34 23.5  172.840 29.633  48.54  37114 16.5
2010-02-13  00:40:00  12 39 11.4  -13 57 12  +000966.1 -000090.7  23 33 41.3  172.671 29.359  50.88  37145 16.5
2010-02-13  00:50:00  12 49 55.7  -14 11 52  +000966.7 -000085.2  23 32 58.6  172.500 29.100  53.26  37175 16.5
2010-02-13  01:00:00  13 00 40.3  -14 25 36  +000967.2 -000079.7  23 32 15.6  172.327 28.856  55.64  37204 16.6
2010-02-13  01:10:00  13 11 25.3  -14 38 24  +000967.6 -000073.9  23 31 32.3  172.152 28.627  58.05  37233 16.6
2010-02-13  01:20:00  13 22 10.5  -14 50 14  +000968.0 -000068.0  23 30 48.7  171.976 28.413  60.46  37262 16.7
2010-02-13  01:30:00  13 32 55.9  -15 01 04  +000968.2 -000061.9  23 30 04.9  171.797 28.216  62.90  37289 16.7
2010-02-13  01:40:00  13 43 41.5  -15 10 52  +000968.4 -000055.8  23 29 21.0  171.617 28.035  65.33  37316 16.8
2010-02-13  01:50:00  13 54 27.1  -15 19 39  +000968.5 -000049.5  23 28 37.1  171.435 27.871  67.79  37342 16.8
2010-02-13  02:00:00  14 05 12.7  -15 27 22  +000968.4 -000043.1  23 27 53.1  171.253 27.724  70.24  37368 16.9
2010-02-13  02:10:00  14 15 58.3  -15 34 01  +000968.3 -000036.7  23 27 09.1  171.068 27.594  72.71  37392 16.9
2010-02-13  02:20:00  14 26 43.7  -15 39 36  +000968.0 -000030.2  23 26 25.4  170.883 27.482  75.17  37416 17.0
2010-02-13  02:30:00  14 37 28.9  -15 44 04  +000967.6 -000023.6  23 25 41.8  170.697 27.388  77.65  37438 17.0
2010-02-13  02:40:00  14 48 13.9  -15 47 27  +000967.1 -000017.0  23 24 58.5  170.511 27.312  80.12  37460 17.1
2010-02-13  02:50:00  14 58 58.4  -15 49 44  +000966.5 -000010.4  23 24 15.6  170.324 27.254  82.60  37480 17.2
2010-02-13  03:00:00  15 09 42.5  -15 50 55  +000965.8 -000003.7  23 23 33.1  170.136 27.213  85.08  37499 17.2
2010-02-13  03:10:00  15 20 26.1  -15 50 59  +000964.9 +000002.9  23 22 51.2  169.949 27.191  87.57  37517 17.3
2010-02-13  03:20:00  15 31 09.1  -15 49 57  +000964.0 +000009.5  23 22 09.9  169.762 27.187  90.05  37534 17.4
2010-02-13  03:30:00  15 41 51.4  -15 47 50  +000962.9 +000016.0  23 21 29.2  169.575 27.202  92.54  37550 17.5
2010-02-13  03:40:00  15 52 33.0  -15 44 37  +000961.8 +000022.6  23 20 49.2  169.388 27.234  95.02  37564 17.5
2010-02-13  03:50:00  16 03 13.8  -15 40 19  +000960.5 +000029.0  23 20 10.1  169.203 27.284  97.52  37577 17.6
2010-02-13  04:00:00  16 13 53.7  -15 34 57  +000959.2 +000035.4  23 19 31.8  169.018 27.352 100.00  37588 17.7
2010-02-13  04:10:00  16 24 32.7  -15 28 32  +000957.7 +000041.6  23 18 54.5  168.834 27.437 102.50  37599 17.8

   Date        UTC        RA         DECL      RARate   DeclRate    HourAng      Az     Um    Phase  Range  Mag
2010-02-13  16:20:00  05 00 18.7  +00 53 59  +000948.1 -000062.0  22 55 08.4  157.807 42.338  72.35  36523 16.9
2010-02-13  16:30:00  05 10 50.8  +00 43 08  +000948.3 -000068.0  22 54 37.9  157.705 42.131  69.83  36519 16.8
2010-02-13  16:40:00  05 21 23.1  +00 31 19  +000948.5 -000073.9  22 54 07.3  157.609 41.907  67.34  36517 16.7
2010-02-13  16:50:00  05 31 55.5  +00 18 31  +000948.6 -000079.6  22 53 36.5  157.518 41.668  64.84  36516 16.7
2010-02-13  17:00:00  05 42 27.9  +00 04 47  +000948.7 -000085.1  22 53 05.7  157.434 41.413  62.36  36516 16.7
2010-02-13  17:10:00  05 53 00.4  -00 09 51  +000948.7 -000090.5  22 52 34.9  157.355 41.144  59.88  36517 16.6
2010-02-13  17:20:00  06 03 32.9  -00 25 22  +000948.8 -000095.7  22 52 04.0  157.282 40.860  57.42  36520 16.6
2010-02-13  17:30:00  06 14 05.4  -00 41 44  +000948.8 -000100.6  22 51 33.1  157.214 40.563  54.97  36524 16.5
2010-02-13  17:40:00  06 24 38.0  -00 58 55  +000948.8 -000105.4  22 51 02.3  157.152 40.253  52.55  36529 16.5
2010-02-13  17:50:00  06 35 10.5  -01 16 52  +000948.8 -000109.9  22 50 31.4  157.095 39.930  50.14  36535 16.4
2010-02-13  18:00:00  06 45 43.1  -01 35 33  +000948.8 -000114.2  22 50 00.5  157.042 39.595  47.76  36543 16.4
2010-02-13  18:10:00  06 56 15.6  -01 54 56  +000948.8 -000118.3  22 49 29.6  156.995 39.250  45.39  36552 16.4
2010-02-13  18:20:00  07 06 48.1  -02 14 58  +000948.8 -000122.1  22 48 58.7  156.951 38.893  43.08  36562 16.4
2010-02-13  18:30:00  07 17 20.6  -02 35 37  +000948.8 -000125.7  22 48 27.8  156.912 38.527  40.79  36574 16.3
2010-02-13  18:40:00  07 27 53.2  -02 56 51  +000948.9 -000128.9  22 47 56.9  156.876 38.152  38.55  36587 16.3
2010-02-13  18:50:00  07 38 25.8  -03 18 35  +000948.9 -000131.9  22 47 25.9  156.844 37.768  36.36  36601 16.3
2010-02-13  19:00:00  07 48 58.5  -03 40 48  +000949.0 -000134.6  22 46 54.9  156.814 37.377  34.24  36616 16.3
2010-02-13  19:10:00  07 59 31.2  -04 03 27  +000949.2 -000137.1  22 46 23.8  156.787 36.978  32.20  36633 16.2
2010-02-13  19:20:00  08 10 04.1  -04 26 29  +000949.4 -000139.2  22 45 52.6  156.762 36.574  30.25  36651 16.2
2010-02-13  19:30:00  08 20 37.0  -04 49 50  +000949.6 -000141.0  22 45 21.3  156.739 36.164  28.41  36670 16.2
2010-02-13  19:40:00  08 31 10.2  -05 13 28  +000949.8 -000142.5  22 44 49.8  156.716 35.749  26.72  36690 16.2
2010-02-13  19:50:00  08 41 43.5  -05 37 20  +000950.1 -000143.8  22 44 18.1  156.695 35.331  25.18  36712 16.2
2010-02-13  20:00:00  08 52 17.0  -06 01 22  +000950.5 -000144.7  22 43 46.2  156.674 34.909  23.84  36734 16.2
2010-02-13  20:10:00  09 02 50.8  -06 25 32  +000950.9 -000145.3  22 43 14.1  156.653 34.485  22.74  36758 16.2
2010-02-13  20:20:00  09 13 24.9  -06 49 46  +000951.4 -000145.5  22 42 41.6  156.631 34.060  21.90  36783 16.2
2010-02-13  20:30:00  09 23 59.3  -07 14 02  +000951.9 -000145.5  22 42 08.8  156.609 33.634  21.35  36808 16.2
2010-02-13  20:40:00  09 34 34.1  -07 38 15  +000952.4 -000145.1  22 41 35.7  156.585 33.208  21.13  36835 16.2
2010-02-13  20:50:00  09 45 09.2  -08 02 24  +000953.0 -000144.5  22 41 02.2  156.559 32.783  21.24  36863 16.2
2010-02-13  21:00:00  09 55 44.7  -08 26 24  +000953.6 -000143.5  22 40 28.3  156.531 32.360  21.67  36891 16.2
2010-02-13  21:10:00  10 06 20.7  -08 50 13  +000954.3 -000142.2  22 39 54.0  156.501 31.939  22.41  36920 16.2
2010-02-13  21:20:00  10 16 57.2  -09 13 48  +000955.0 -000140.6  22 39 19.2  156.468 31.522  23.41  36950 16.2
2010-02-13  21:30:00  10 27 34.1  -09 37 05  +000955.8 -000138.7  22 38 43.9  156.432 31.109  24.67  36981 16.2
2010-02-13  21:40:00  10 38 11.6  -10 00 01  +000956.6 -000136.5  22 38 08.1  156.392 30.701  26.13  37012 16.2
2010-02-13  21:50:00  10 48 49.6  -10 22 35  +000957.4 -000134.0  22 37 31.7  156.349 30.298  27.77  37044 16.2
2010-02-13  22:00:00  10 59 28.1  -10 44 41  +000958.2 -000131.3  22 36 54.8  156.301 29.902  29.54  37077 16.2
2010-02-13  22:10:00  11 10 07.2  -11 06 19  +000959.0 -000128.2  22 36 17.4  156.249 29.513  31.44  37109 16.3
2010-02-13  22:20:00  11 20 46.8  -11 27 25  +000959.9 -000124.9  22 35 39.4  156.193 29.132  33.43  37142 16.3
2010-02-13  22:30:00  11 31 27.0  -11 47 56  +000960.7 -000121.3  22 35 00.8  156.132 28.759  35.51  37176 16.3
2010-02-13  22:40:00  11 42 07.8  -12 07 50  +000961.5 -000117.4  22 34 21.7  156.066 28.396  37.64  37209 16.3
2010-02-13  22:50:00  11 52 49.1  -12 27 03  +000962.3 -000113.3  22 33 42.1  155.994 28.042  39.85  37243 16.4
2010-02-13  23:00:00  12 03 30.9  -12 45 35  +000963.1 -000108.9  22 33 01.9  155.918 27.700  42.08  37277 16.4
2010-02-13  23:10:00  12 14 13.2  -13 03 21  +000963.9 -000104.3  22 32 21.2  155.836 27.368  44.37  37310 16.4
2010-02-13  23:20:00  12 24 56.1  -13 20 21  +000964.6 -000099.5  22 31 40.0  155.749 27.049  46.68  37344 16.4
2010-02-13  23:30:00  12 35 39.4  -13 36 32  +000965.2 -000094.5  22 30 58.4  155.656 26.742  49.03  37377 16.5
2010-02-13  23:40:00  12 46 23.1  -13 51 51  +000965.8 -000089.3  22 30 16.3  155.558 26.447  51.39  37411 16.5
2010-02-13  23:50:00  12 57 07.1  -14 06 17  +000966.4 -000083.9  22 29 33.9  155.454 26.167  53.79  37443 16.6
2010-02-14  00:00:00  13 07 51.5  -14 19 49  +000966.8 -000078.3  22 28 51.1  155.345 25.901  56.18  37476 16.6
2010-02-14  00:10:00  13 18 36.2  -14 32 23  +000967.2 -000072.6  22 28 08.0  155.230 25.649  58.61  37508 16.6
2010-02-14  00:20:00  13 29 21.2  -14 44 00  +000967.5 -000066.7  22 27 24.8  155.109 25.412  61.03  37539 16.7
2010-02-14  00:30:00  13 40 06.3  -14 54 37  +000967.8 -000060.7  22 26 41.3  154.984 25.190  63.48  37570 16.7
2010-02-14  00:40:00  13 50 51.5  -15 04 14  +000967.9 -000054.6  22 25 57.7  154.853 24.985  65.92  37600 16.8
2010-02-14  00:50:00  14 01 36.7  -15 12 48  +000967.9 -000048.3  22 25 14.1  154.716 24.795  68.39  37629 16.8
2010-02-14  01:00:00  14 12 22.0  -15 20 20  +000967.8 -000042.0  22 24 30.5  154.575 24.622  70.84  37657 16.9
2010-02-14  01:10:00  14 23 07.1  -15 26 48  +000967.6 -000035.6  22 23 47.1  154.429 24.466  73.32  37685 16.9
2010-02-14  01:20:00  14 33 52.1  -15 32 11  +000967.3 -000029.1  22 23 03.7  154.278 24.326  75.79  37711 17.0
2010-02-14  01:30:00  14 44 36.8  -15 36 30  +000966.8 -000022.6  22 22 20.7  154.122 24.204  78.27  37737 17.1
2010-02-14  01:40:00  14 55 21.2  -15 39 43  +000966.3 -000016.0  22 21 37.9  153.962 24.100  80.75  37761 17.1
2010-02-14  01:50:00  15 06 05.2  -15 41 51  +000965.7 -000009.5  22 20 55.6  153.798 24.012  83.24  37785 17.2
2010-02-14  02:00:00  15 16 48.7  -15 42 53  +000964.9 -000002.9  22 20 13.7  153.629 23.943  85.72  37807 17.3
2010-02-14  02:10:00  15 27 31.6  -15 42 49  +000964.0 +000003.7  22 19 32.4  153.457 23.891  88.22  37828 17.3
2010-02-14  02:20:00  15 38 14.0  -15 41 40  +000963.0 +000010.2  22 18 51.6  153.281 23.857  90.70  37847 17.4
2010-02-14  02:30:00  15 48 55.7  -15 39 25  +000961.9 +000016.7  22 18 11.6  153.102 23.840  93.20  37866 17.5
2010-02-14  02:40:00  15 59 36.6  -15 36 06  +000960.7 +000023.1  22 17 32.4  152.920 23.841  95.69  37883 17.6
2010-02-14  02:50:00  16 10 16.6  -15 31 43  +000959.5 +000029.5  22 16 53.9  152.734 23.860  98.19  37899 17.7
2010-02-14  03:00:00  16 20 55.8  -15 26 17  +000958.1 +000035.8  22 16 16.4  152.546 23.896 100.68  37913 17.7
2010-02-14  03:10:00  16 31 34.1  -15 19 48  +000956.6 +000042.0  22 15 39.8  152.355 23.949 103.18  37926 17.8
2010-02-14  03:20:00  16 42 11.3  -15 12 18  +000955.1 +000048.1  22 15 04.2  152.162 24.019 105.67  37938 17.9
2010-02-14  03:30:00  16 52 47.5  -15 03 47  +000953.5 +000054.0  22 14 29.6  151.966 24.106 108.17  37948 18.0
2010-02-14  03:40:00  17 03 22.6  -14 54 18  +000951.8 +000059.9  22 13 56.1  151.769 24.210 110.65  37957 18.1
2010-02-14  03:50:00  17 13 56.6  -14 43 50  +000950.1 +000065.6  22 13 23.8  151.570 24.330 113.16  37964 18.2
2010-02-14  04:00:00  17 24 29.4  -14 32 27  +000948.3 +000071.1  22 12 52.6  151.369 24.466 115.64  37970 18.4

   Date        UTC        RA         DECL      RARate   DeclRate    HourAng      Az     Um    Phase  Range  Mag
2010-02-14  16:20:00  06 10 13.2  -00 26 02  +000948.2 -000094.7  21 49 10.5  138.677 35.086  56.67  36977 16.6
2010-02-14  16:30:00  06 20 45.3  -00 42 14  +000948.2 -000099.6  21 48 40.0  138.689 34.788  54.22  36983 16.5
2010-02-14  16:40:00  06 31 17.4  -00 59 14  +000948.2 -000104.3  21 48 09.5  138.708 34.478  51.79  36991 16.5
2010-02-14  16:50:00  06 41 49.5  -01 16 60  +000948.1 -000108.8  21 47 39.1  138.735 34.157  49.37  36999 16.5
2010-02-14  17:00:00  06 52 21.6  -01 35 28  +000948.1 -000113.0  21 47 08.6  138.767 33.825  46.99  37009 16.4
2010-02-14  17:10:00  07 02 53.7  -01 54 38  +000948.1 -000117.0  21 46 38.2  138.806 33.482  44.63  37020 16.4
2010-02-14  17:20:00  07 13 25.8  -02 14 27  +000948.2 -000120.7  21 46 07.7  138.850 33.131  42.30  37033 16.4
2010-02-14  17:30:00  07 23 57.9  -02 34 51  +000948.2 -000124.2  21 45 37.2  138.900 32.770  40.01  37046 16.3
2010-02-14  17:40:00  07 34 30.0  -02 55 49  +000948.2 -000127.4  21 45 06.7  138.954 32.401  37.77  37061 16.3
2010-02-14  17:50:00  07 45 02.2  -03 17 18  +000948.3 -000130.3  21 44 36.2  139.012 32.025  35.58  37078 16.3
2010-02-14  18:00:00  07 55 34.5  -03 39 14  +000948.4 -000132.9  21 44 05.6  139.073 31.641  33.46  37095 16.3
2010-02-14  18:10:00  08 06 06.8  -04 01 35  +000948.6 -000135.3  21 43 34.9  139.137 31.251  31.42  37114 16.3
2010-02-14  18:20:00  08 16 39.2  -04 24 19  +000948.7 -000137.4  21 43 04.1  139.204 30.855  29.47  37134 16.2
2010-02-14  18:30:00  08 27 11.8  -04 47 22  +000949.0 -000139.1  21 42 33.2  139.272 30.454  27.64  37155 16.2
2010-02-14  18:40:00  08 37 44.5  -05 10 41  +000949.2 -000140.6  21 42 02.1  139.342 30.049  25.96  37177 16.2
2010-02-14  18:50:00  08 48 17.5  -05 34 13  +000949.6 -000141.8  21 41 30.8  139.413 29.641  24.44  37201 16.2
2010-02-14  19:00:00  08 58 50.6  -05 57 56  +000949.9 -000142.6  21 40 59.3  139.483 29.229  23.13  37225 16.2
2010-02-14  19:10:00  09 09 24.0  -06 21 45  +000950.3 -000143.2  21 40 27.5  139.553 28.815  22.05  37251 16.2
2010-02-14  19:20:00  09 19 57.7  -06 45 39  +000950.8 -000143.4  21 39 55.5  139.622 28.400  21.26  37277 16.2
2010-02-14  19:30:00  09 30 31.8  -07 09 33  +000951.3 -000143.4  21 39 23.1  139.690 27.984  20.77  37305 16.2
2010-02-14  19:40:00  09 41 06.2  -07 33 26  +000951.9 -000143.0  21 38 50.3  139.755 27.568  20.62  37334 16.2
2010-02-14  19:50:00  09 51 40.9  -07 57 13  +000952.5 -000142.3  21 38 17.2  139.818 27.152  20.80  37363 16.2
2010-02-14  20:00:00  10 02 16.1  -08 20 51  +000953.1 -000141.3  21 37 43.6  139.878 26.738  21.31  37393 16.2
2010-02-14  20:10:00  10 12 51.8  -08 44 18  +000953.8 -000140.0  21 37 09.7  139.935 26.326  22.13  37424 16.2
2010-02-14  20:20:00  10 23 27.9  -09 07 31  +000954.5 -000138.4  21 36 35.2  139.987 25.916  23.22  37456 16.2
2010-02-14  20:30:00  10 34 04.4  -09 30 26  +000955.2 -000136.5  21 36 00.3  140.035 25.511  24.55  37489 16.2
2010-02-14  20:40:00  10 44 41.5  -09 53 01  +000956.0 -000134.3  21 35 24.8  140.078 25.109  26.07  37522 16.2
2010-02-14  20:50:00  10 55 19.1  -10 15 12  +000956.8 -000131.8  21 34 48.8  140.116 24.712  27.76  37556 16.2
2010-02-14  21:00:00  11 05 57.3  -10 36 57  +000957.6 -000129.1  21 34 12.3  140.148 24.321  29.58  37590 16.3
2010-02-14  21:10:00  11 16 36.0  -10 58 12  +000958.5 -000126.0  21 33 35.3  140.174 23.937  31.53  37625 16.3
2010-02-14  21:20:00  11 27 15.2  -11 18 56  +000959.3 -000122.7  21 32 57.7  140.194 23.559  33.56  37660 16.3
2010-02-14  21:30:00  11 37 55.0  -11 39 06  +000960.1 -000119.1  21 32 19.5  140.208 23.189  35.67  37695 16.3
2010-02-14  21:40:00  11 48 35.4  -11 58 38  +000960.9 -000115.3  21 31 40.9  140.214 22.827  37.84  37731 16.4
2010-02-14  21:50:00  11 59 16.2  -12 17 31  +000961.7 -000111.2  21 31 01.6  140.214 22.474  40.07  37766 16.4
2010-02-14  22:00:00  12 09 57.6  -12 35 42  +000962.4 -000106.9  21 30 21.9  140.206 22.131  42.33  37802 16.4
2010-02-14  22:10:00  12 20 39.4  -12 53 08  +000963.1 -000102.3  21 29 41.7  140.191 21.797  44.64  37838 16.4
2010-02-14  22:20:00  12 31 21.8  -13 09 48  +000963.8 -000097.6  21 29 01.0  140.168 21.475  46.96  37874 16.5
2010-02-14  22:30:00  12 42 04.5  -13 25 39  +000964.5 -000092.6  21 28 19.9  140.137 21.164  49.33  37909 16.5
2010-02-14  22:40:00  12 52 47.7  -13 40 39  +000965.0 -000087.4  21 27 38.4  140.098 20.865  51.71  37944 16.6
2010-02-14  22:50:00  13 03 31.2  -13 54 47  +000965.5 -000082.1  21 26 56.5  140.052 20.578  54.11  37979 16.6
2010-02-14  23:00:00  13 14 15.0  -14 08 01  +000966.0 -000076.6  21 26 14.3  139.997 20.304  56.52  38014 16.6
2010-02-14  23:10:00  13 24 59.1  -14 20 18  +000966.3 -000070.9  21 25 31.9  139.935 20.043  58.96  38048 16.7
2010-02-14  23:20:00  13 35 43.4  -14 31 38  +000966.6 -000065.1  21 24 49.2  139.864 19.797  61.39  38082 16.7
2010-02-14  23:30:00  13 46 27.9  -14 41 60  +000966.7 -000059.1  21 24 06.4  139.786 19.564  63.85  38115 16.8
2010-02-14  23:40:00  13 57 12.4  -14 51 21  +000966.8 -000053.1  21 23 23.5  139.700 19.346  66.30  38147 16.8
2010-02-14  23:50:00  14 07 56.9  -14 59 41  +000966.8 -000046.9  21 22 40.6  139.605 19.143  68.77  38179 16.9
2010-02-15  00:00:00  14 18 41.4  -15 06 59  +000966.7 -000040.7  21 21 57.8  139.503 18.955  71.24  38210 16.9
2010-02-15  00:10:00  14 29 25.8  -15 13 14  +000966.4 -000034.3  21 21 15.1  139.394 18.783  73.72  38240 17.0
2010-02-15  00:20:00  14 40 09.9  -15 18 26  +000966.1 -000028.0  21 20 32.6  139.277 18.627  76.19  38269 17.0
2010-02-15  00:30:00  14 50 53.8  -15 22 34  +000965.6 -000021.5  21 19 50.3  139.152 18.487  78.69  38297 17.1
2010-02-15  00:40:00  15 01 37.4  -15 25 37  +000965.0 -000015.1  21 19 08.4  139.021 18.363  81.17  38324 17.2
2010-02-15  00:50:00  15 12 20.5  -15 27 35  +000964.4 -000008.6  21 18 26.9  138.882 18.256  83.66  38350 17.2
2010-02-15  01:00:00  15 23 03.2  -15 28 29  +000963.6 -000002.2  21 17 45.9  138.737 18.165  86.15  38374 17.3
2010-02-15  01:10:00  15 33 45.2  -15 28 19  +000962.7 +000004.3  21 17 05.5  138.584 18.091  88.65  38398 17.4
2010-02-15  01:20:00  15 44 26.7  -15 27 04  +000961.7 +000010.7  21 16 25.7  138.426 18.033  91.14  38420 17.5
2010-02-15  01:30:00  15 55 07.4  -15 24 44  +000960.5 +000017.1  21 15 46.6  138.261 17.993  93.64  38441 17.5
2010-02-15  01:40:00  16 05 47.4  -15 21 22  +000959.3 +000023.4  21 15 08.2  138.091 17.969  96.13  38461 17.6
2010-02-15  01:50:00  16 16 26.5  -15 16 56  +000958.0 +000029.7  21 14 30.8  137.915 17.961  98.63  38479 17.7
2010-02-15  02:00:00  16 27 04.8  -15 11 28  +000956.7 +000035.9  21 13 54.2  137.733 17.971 101.13  38496 17.8
2010-02-15  02:10:00  16 37 42.1  -15 04 59  +000955.2 +000042.0  21 13 18.5  137.546 17.996 103.63  38512 17.9
2010-02-15  02:20:00  16 48 18.3  -14 57 30  +000953.7 +000047.9  21 12 43.9  137.354 18.038 106.12  38526 18.0
2010-02-15  02:30:00  16 58 53.6  -14 49 01  +000952.1 +000053.8  21 12 10.3  137.158 18.096 108.63  38539 18.1
2010-02-15  02:40:00  17 09 27.8  -14 39 34  +000950.4 +000059.5  21 11 37.7  136.957 18.170 111.12  38550 18.2
2010-02-15  02:50:00  17 20 00.8  -14 29 11  +000948.7 +000065.1  21 11 06.3  136.752 18.260 113.62  38560 18.3
2010-02-15  03:00:00  17 30 32.7  -14 17 53  +000947.0 +000070.6  21 10 36.1  136.542 18.365 116.11  38568 18.4
2010-02-15  03:10:00  17 41 03.4  -14 05 41  +000945.2 +000075.8  21 10 07.0  136.330 18.484 118.61  38575 18.5
2010-02-15  03:20:00  17 51 32.9  -13 52 37  +000943.4 +000080.9  21 09 39.1  136.113 18.618 121.10  38581 18.7
2010-02-15  03:30:00  18 02 01.3  -13 38 42  +000941.6 +000085.9  21 09 12.4  135.893 18.767 123.60  38585 18.8
2010-02-15  03:40:00  18 12 28.4  -13 23 60  +000939.8 +000090.6  21 08 46.9  135.670 18.929 126.08  38587 18.9
2010-02-15  03:50:00  18 22 54.3  -13 08 31  +000938.0 +000095.2  21 08 22.6  135.444 19.104 128.58  38588 19.1
2010-02-15  04:00:00  18 33 19.1  -12 52 17  +000936.2 +000099.5  21 07 59.6  135.216 19.292 131.06  38588 19.2

   Date        UTC        RA         DECL      RARate   DeclRate    HourAng      Az     Um    Phase  Range  Mag
2010-02-15  16:20:00  07 18 58.1  -02 13 03  +000947.2 -000118.5  20 44 22.1  123.702 25.146  41.78  37750 16.4
2010-02-15  16:30:00  07 29 29.6  -02 33 06  +000947.2 -000121.9  20 43 52.2  123.801 24.801  39.47  37765 16.4
2010-02-15  16:40:00  07 40 01.1  -02 53 41  +000947.3 -000125.0  20 43 22.4  123.905 24.449  37.23  37782 16.4
2010-02-15  16:50:00  07 50 32.7  -03 14 46  +000947.4 -000127.9  20 42 52.5  124.014 24.090  35.03  37799 16.3
2010-02-15  17:00:00  08 01 04.3  -03 36 18  +000947.5 -000130.5  20 42 22.5  124.127 23.724  32.90  37819 16.3
2010-02-15  17:10:00  08 11 36.0  -03 58 14  +000947.6 -000132.7  20 41 52.4  124.243 23.353  30.85  37839 16.3
2010-02-15  17:20:00  08 22 07.8  -04 20 32  +000947.8 -000134.8  20 41 22.2  124.362 22.976  28.90  37860 16.3
2010-02-15  17:30:00  08 32 39.8  -04 43 08  +000948.0 -000136.5  20 40 51.9  124.483 22.595  27.06  37883 16.3
2010-02-15  17:40:00  08 43 11.9  -05 06 00  +000948.3 -000137.9  20 40 21.5  124.606 22.209  25.37  37907 16.3
2010-02-15  17:50:00  08 53 44.2  -05 29 05  +000948.7 -000139.0  20 39 50.7  124.729 21.821  23.85  37931 16.2
2010-02-15  18:00:00  09 04 16.8  -05 52 20  +000949.0 -000139.8  20 39 19.8  124.853 21.429  22.54  37957 16.2
2010-02-15  18:10:00  09 14 49.6  -06 15 41  +000949.4 -000140.4  20 38 48.7  124.977 21.036  21.47  37984 16.2
2010-02-15  18:20:00  09 25 22.7  -06 39 06  +000949.9 -000140.6  20 38 17.2  125.099 20.640  20.70  38012 16.2
2010-02-15  18:30:00  09 35 56.1  -07 02 31  +000950.4 -000140.5  20 37 45.4  125.220 20.244  20.24  38041 16.2
2010-02-15  18:40:00  09 46 29.9  -07 25 55  +000951.0 -000140.1  20 37 13.3  125.339 19.848  20.11  38071 16.2
2010-02-15  18:50:00  09 57 04.1  -07 49 12  +000951.6 -000139.4  20 36 40.7  125.456 19.452  20.34  38101 16.2
2010-02-15  19:00:00  10 07 38.7  -08 12 22  +000952.2 -000138.4  20 36 07.8  125.569 19.057  20.89  38133 16.2
2010-02-15  19:10:00  10 18 13.7  -08 35 19  +000952.9 -000137.1  20 35 34.4  125.678 18.664  21.76  38165 16.2
2010-02-15  19:20:00  10 28 49.2  -08 58 03  +000953.6 -000135.5  20 35 00.5  125.783 18.273  22.89  38198 16.2
2010-02-15  19:30:00  10 39 25.2  -09 20 29  +000954.3 -000133.6  20 34 26.2  125.884 17.885  24.27  38232 16.3
2010-02-15  19:40:00  10 50 01.7  -09 42 34  +000955.1 -000131.4  20 33 51.4  125.979 17.500  25.83  38266 16.3
2010-02-15  19:50:00  11 00 38.6  -10 04 17  +000955.9 -000129.0  20 33 16.1  126.068 17.120  27.57  38301 16.3
2010-02-15  20:00:00  11 11 16.1  -10 25 33  +000956.7 -000126.3  20 32 40.2  126.151 16.744  29.42  38337 16.3
2010-02-15  20:10:00  11 21 54.2  -10 46 21  +000957.5 -000123.2  20 32 03.8  126.228 16.374  31.40  38373 16.3
2010-02-15  20:20:00  11 32 32.8  -11 06 37  +000958.3 -000120.0  20 31 26.9  126.297 16.010  33.45  38409 16.3
2010-02-15  20:30:00  11 43 11.9  -11 26 20  +000959.1 -000116.4  20 30 49.4  126.360 15.653  35.59  38445 16.4
2010-02-15  20:40:00  11 53 51.5  -11 45 25  +000959.8 -000112.6  20 30 11.4  126.414 15.303  37.78  38482 16.4
2010-02-15  20:50:00  12 04 31.7  -12 03 52  +000960.6 -000108.6  20 29 32.9  126.461 14.960  40.03  38519 16.4
2010-02-15  21:00:00  12 15 12.3  -12 21 37  +000961.3 -000104.4  20 28 53.9  126.499 14.627  42.30  38556 16.5
2010-02-15  21:10:00  12 25 53.4  -12 38 39  +000962.0 -000099.9  20 28 14.4  126.529 14.302  44.63  38593 16.5
2010-02-15  21:20:00  12 36 35.0  -12 54 54  +000962.7 -000095.2  20 27 34.5  126.550 13.987  46.97  38630 16.5
2010-02-15  21:30:00  12 47 16.9  -13 10 22  +000963.3 -000090.3  20 26 54.2  126.562 13.682  49.35  38667 16.6
2010-02-15  21:40:00  12 57 59.3  -13 24 60  +000963.8 -000085.2  20 26 13.5  126.566 13.387  51.73  38704 16.6
2010-02-15  21:50:00  13 08 42.0  -13 38 46  +000964.3 -000080.0  20 25 32.4  126.560 13.104  54.15  38740 16.6
2010-02-15  22:00:00  13 19 25.0  -13 51 39  +000964.7 -000074.5  20 24 51.1  126.544 12.832  56.57  38776 16.7
2010-02-15  22:10:00  13 30 08.2  -14 03 37  +000965.0 -000069.0  20 24 09.5  126.519 12.572  59.01  38812 16.7
2010-02-15  22:20:00  13 40 51.6  -14 14 38  +000965.2 -000063.3  20 23 27.8  126.485 12.325  61.45  38847 16.8
2010-02-15  22:30:00  13 51 35.1  -14 24 42  +000965.3 -000057.4  20 22 45.9  126.442 12.091  63.92  38882 16.8
2010-02-15  22:40:00  14 02 18.7  -14 33 46  +000965.4 -000051.5  20 22 04.0  126.389 11.870  66.38  38916 16.9
2010-02-15  22:50:00  14 13 02.2  -14 41 51  +000965.3 -000045.4  20 21 22.0  126.326 11.663  68.86  38949 16.9
2010-02-15  23:00:00  14 23 45.7  -14 48 55  +000965.2 -000039.3  20 20 40.2  126.254 11.470  71.33  38982 17.0
2010-02-15  23:10:00  14 34 29.1  -14 54 57  +000964.9 -000033.1  20 19 58.4  126.173 11.291  73.81  39014 17.0
2010-02-15  23:20:00  14 45 12.3  -14 59 56  +000964.5 -000026.8  20 19 16.9  126.083 11.126  76.29  39044 17.1
2010-02-15  23:30:00  14 55 55.1  -15 03 53  +000964.1 -000020.5  20 18 35.7  125.984 10.977  78.79  39074 17.2
2010-02-15  23:40:00  15 06 37.6  -15 06 47  +000963.5 -000014.2  20 17 54.9  125.876 10.842  81.28  39103 17.2
2010-02-15  23:50:00  15 17 19.7  -15 08 38  +000962.8 -000007.9  20 17 14.4  125.759 10.723  83.78  39131 17.3
2010-02-16  00:00:00  15 28 01.3  -15 09 25  +000962.0 -000001.5  20 16 34.5  125.633 10.619  86.27  39158 17.4
2010-02-16  00:10:00  15 38 42.3  -15 09 09  +000961.0 +000004.8  20 15 55.1  125.500 10.531  88.77  39183 17.4
2010-02-16  00:20:00  15 49 22.7  -15 07 49  +000960.0 +000011.1  20 15 16.4  125.358 10.458  91.26  39208 17.5
2010-02-16  00:30:00  16 00 02.3  -15 05 27  +000958.9 +000017.3  20 14 38.4  125.208 10.401  93.77  39231 17.6
2010-02-16  00:40:00  16 10 41.2  -15 02 03  +000957.7 +000023.5  20 14 01.1  125.051 10.359  96.26  39252 17.7
2010-02-16  00:50:00  16 21 19.3  -14 57 37  +000956.4 +000029.6  20 13 24.7  124.886 10.334  98.77  39273 17.8
2010-02-16  01:00:00  16 31 56.4  -14 52 11  +000955.1 +000035.7  20 12 49.2  124.714 10.323 101.26  39292 17.8
2010-02-16  01:10:00  16 42 32.7  -14 45 44  +000953.6 +000041.6  20 12 14.6  124.535 10.328 103.77  39310 17.9
2010-02-16  01:20:00  16 53 07.9  -14 38 19  +000952.1 +000047.5  20 11 41.0  124.350 10.349 106.26  39326 18.0
2010-02-16  01:30:00  17 03 42.1  -14 29 55  +000950.5 +000053.2  20 11 08.5  124.159 10.384 108.77  39341 18.1
2010-02-16  01:40:00  17 14 15.2  -14 20 36  +000948.9 +000058.8  20 10 37.0  123.961 10.435 111.26  39354 18.2
2010-02-16  01:50:00  17 24 47.2  -14 10 20  +000947.2 +000064.2  20 10 06.6  123.758 10.500 113.77  39366 18.3
2010-02-16  02:00:00  17 35 18.1  -13 59 11  +000945.5 +000069.6  20 09 37.3  123.549 10.580 116.26  39376 18.5
2010-02-16  02:10:00  17 45 47.9  -13 47 10  +000943.7 +000074.7  20 09 09.2  123.335 10.674 118.77  39385 18.6
2010-02-16  02:20:00  17 56 16.5  -13 34 18  +000942.0 +000079.7  20 08 42.3  123.116 10.782 121.26  39393 18.7
2010-02-16  02:30:00  18 06 43.9  -13 20 37  +000940.2 +000084.5  20 08 16.5  122.892 10.903 123.76  39399 18.8
2010-02-16  02:40:00  18 17 10.1  -13 06 09  +000938.4 +000089.1  20 07 51.9  122.664 11.038 126.24  39403 19.0
2010-02-16  02:50:00  18 27 35.2  -12 50 56  +000936.7 +000093.5  20 07 28.5  122.433 11.185 128.74  39406 19.1
2010-02-16  03:00:00  18 37 59.0  -12 34 59  +000934.9 +000097.8  20 07 06.3  122.197 11.344 131.23  39408 19.3
2010-02-16  03:10:00  18 48 21.8  -12 18 21  +000933.2 +000101.8  20 06 45.2  121.957 11.514 133.72  39408 19.4
2010-02-16  03:20:00  18 58 43.4  -12 01 03  +000931.6 +000105.6  20 06 25.2  121.715 11.696 136.20  39407 19.6
2010-02-16  03:30:00  19 09 03.9  -11 43 09  +000929.9 +000109.2  20 06 06.4  121.469 11.889 138.69  39404 19.8
2010-02-16  03:40:00  19 19 23.3  -11 24 40  +000928.3 +000112.6  20 05 48.6  121.220 12.091 141.17  39400 20.0
2010-02-16  03:50:00  19 29 41.7  -11 05 38  +000926.8 +000115.8  20 05 31.8  120.969 12.304 143.65  39395 20.2
2010-02-16  04:00:00  19 39 59.1  -10 46 06  +000925.4 +000118.7  20 05 16.1  120.715 12.524 146.11  39389 20.4
