ЭФЕМЕРИДЫ ПО ОБЪЕКТУ:  90072
Для пункта:  10016 Маяки   46 23'50.68"   30 16'17.74"    14m
C   2010-02-01 12:00
по  2010-02-16 12:00
Шаг  0:10:00
Мин.угол места:          10 град
Макс.угол места Солнца: -10 град
Стандартный блеск :      9.0 (зв.вел.)

ОБОЗНАЧЕНИЯ
RA        прямое восхождение, тек.эпоха
DECL      склонение, тек.эпоха
RARate    скорость по пр.восх., арксек/мин
DeclRate  скорость по склонению, арксек/мин
HourAng   часовой угол
Az        азимут
Um        угол места
Phase     фазовый угол
Range     дальность
Mag       зв.величина (оценка)

   Date        UTC        RA         DECL      RARate   DeclRate    HourAng      Az     Um    Phase  Range  Mag
2010-02-01  16:00:00  05 22 20.2  +06 12 23  +000834.2 -000050.6  21 25 45.0  128.239 37.907  54.36  39754 16.2
2010-02-01  16:10:00  05 31 35.3  +06 03 20  +000831.2 -000058.0  21 26 31.5  128.548 37.885  52.20  39808 16.2
2010-02-01  16:20:00  05 40 48.4  +05 53 03  +000828.2 -000065.3  21 27 20.0  128.879 37.850  50.07  39859 16.1
2010-02-01  16:30:00  05 49 59.6  +05 41 34  +000825.3 -000072.5  21 28 10.5  129.233 37.801  47.95  39908 16.1
2010-02-01  16:40:00  05 59 08.8  +05 28 54  +000822.5 -000079.5  21 29 02.9  129.608 37.739  45.86  39953 16.1
2010-02-01  16:50:00  06 08 16.3  +05 15 05  +000819.8 -000086.3  21 29 57.1  130.004 37.664  43.79  39996 16.1
2010-02-01  17:00:00  06 17 21.9  +05 00 08  +000817.1 -000093.0  21 30 53.1  130.419 37.575  41.75  40036 16.0
2010-02-01  17:10:00  06 26 25.8  +04 44 05  +000814.7 -000099.5  21 31 50.8  130.853 37.474  39.73  40072 16.0
2010-02-01  17:20:00  06 35 28.1  +04 26 58  +000812.3 -000105.8  21 32 50.1  131.305 37.359  37.75  40106 16.0
2010-02-01  17:30:00  06 44 28.9  +04 08 49  +000810.1 -000112.0  21 33 51.0  131.774 37.231  35.80  40136 16.0
2010-02-01  17:40:00  06 53 28.3  +03 49 39  +000808.0 -000118.0  21 34 53.3  132.259 37.090  33.90  40163 16.0
2010-02-01  17:50:00  07 02 26.3  +03 29 30  +000806.1 -000123.8  21 35 56.9  132.758 36.935  32.04  40187 15.9
2010-02-01  18:00:00  07 11 23.1  +03 08 24  +000804.3 -000129.3  21 37 01.7  133.271 36.768  30.24  40208 15.9
2010-02-01  18:10:00  07 20 18.8  +02 46 24  +000802.7 -000134.7  21 38 07.7  133.796 36.588  28.50  40225 15.9
2010-02-01  18:20:00  07 29 13.5  +02 23 30  +000801.3 -000140.0  21 39 14.7  134.333 36.395  26.85  40240 15.9
2010-02-01  18:30:00  07 38 07.3  +01 59 45  +000800.1 -000145.0  21 40 22.5  134.879 36.189  25.29  40251 15.9
2010-02-01  18:40:00  07 47 00.4  +01 35 12  +000799.1 -000149.8  21 41 31.1  135.434 35.971  23.84  40259 15.9
2010-02-01  18:50:00  07 55 52.8  +01 09 51  +000798.3 -000154.4  21 42 40.3  135.997 35.739  22.52  40264 15.9
2010-02-01  19:00:00  08 04 44.8  +00 43 45  +000797.7 -000158.8  21 43 49.9  136.566 35.495  21.36  40266 15.9
2010-02-01  19:10:00  08 13 36.5  +00 16 56  +000797.3 -000162.9  21 44 59.9  137.139 35.239  20.38  40265 15.8
2010-02-01  19:20:00  08 22 27.9  -00 10 33  +000797.1 -000166.9  21 46 10.1  137.717 34.970  19.61  40260 15.8
2010-02-01  19:30:00  08 31 19.4  -00 38 41  +000797.2 -000170.6  21 47 20.3  138.297 34.689  19.08  40253 15.8
2010-02-01  19:40:00  08 40 10.9  -01 07 25  +000797.5 -000174.2  21 48 30.3  138.877 34.396  18.81  40243 15.8
2010-02-01  19:50:00  08 49 02.8  -01 36 44  +000798.1 -000177.5  21 49 40.1  139.458 34.091  18.81  40229 15.8
2010-02-01  20:00:00  08 57 55.1  -02 06 34  +000798.9 -000180.5  21 50 49.5  140.037 33.775  19.08  40213 15.8
2010-02-01  20:10:00  09 06 48.0  -02 36 54  +000799.9 -000183.4  21 51 58.2  140.612 33.447  19.61  40194 15.8
2010-02-01  20:20:00  09 15 41.7  -03 07 40  +000801.2 -000186.0  21 53 06.1  141.184 33.108  20.38  40172 15.8
2010-02-01  20:30:00  09 24 36.4  -03 38 52  +000802.8 -000188.3  21 54 13.1  141.750 32.759  21.38  40148 15.8
2010-02-01  20:40:00  09 33 32.2  -04 10 26  +000804.7 -000190.4  21 55 18.9  142.309 32.399  22.56  40120 15.9
2010-02-01  20:50:00  09 42 29.4  -04 42 19  +000806.8 -000192.2  21 56 23.4  142.861 32.029  23.91  40091 15.9
2010-02-01  21:00:00  09 51 28.0  -05 14 29  +000809.2 -000193.8  21 57 26.4  143.403 31.650  25.39  40058 15.9
2010-02-01  21:10:00  10 00 28.3  -05 46 54  +000811.8 -000195.1  21 58 27.7  143.935 31.262  27.00  40023 15.9
2010-02-01  21:20:00  10 09 30.5  -06 19 30  +000814.8 -000196.1  21 59 27.2  144.455 30.865  28.69  39986 15.9
2010-02-01  21:30:00  10 18 34.8  -06 52 16  +000818.0 -000196.9  22 00 24.6  144.963 30.461  30.49  39946 15.9
2010-02-01  21:40:00  10 27 41.2  -07 25 07  +000821.5 -000197.3  22 01 19.7  145.456 30.048  32.34  39904 15.9
2010-02-01  21:50:00  10 36 50.1  -07 58 02  +000825.3 -000197.5  22 02 12.5  145.935 29.629  34.27  39860 15.9
2010-02-01  22:00:00  10 46 01.7  -08 30 56  +000829.3 -000197.4  22 03 02.6  146.398 29.204  36.24  39813 16.0
2010-02-01  22:10:00  10 55 16.0  -09 03 48  +000833.6 -000196.9  22 03 50.0  146.845 28.773  38.27  39765 16.0
2010-02-01  22:20:00  11 04 33.2  -09 36 34  +000838.2 -000196.2  22 04 34.3  147.273 28.337  40.33  39715 16.0
2010-02-01  22:30:00  11 13 53.6  -10 09 10  +000843.1 -000195.1  22 05 15.6  147.683 27.898  42.44  39662 16.0
2010-02-01  22:40:00  11 23 17.4  -10 41 34  +000848.2 -000193.6  22 05 53.4  148.073 27.454  44.56  39608 16.0
2010-02-01  22:50:00  11 32 44.6  -11 13 41  +000853.6 -000191.9  22 06 27.8  148.442 27.009  46.74  39552 16.1
2010-02-01  23:00:00  11 42 15.6  -11 45 30  +000859.2 -000189.7  22 06 58.6  148.791 26.562  48.93  39495 16.1
2010-02-01  23:10:00  11 51 50.3  -12 16 55  +000865.1 -000187.3  22 07 25.5  149.117 26.114  51.15  39436 16.1
2010-02-01  23:20:00  12 01 29.0  -12 47 54  +000871.1 -000184.4  22 07 48.4  149.421 25.666  53.39  39375 16.2
2010-02-01  23:30:00  12 11 11.9  -13 18 23  +000877.4 -000181.2  22 08 07.2  149.702 25.219  55.66  39314 16.2
2010-02-01  23:40:00  12 20 58.9  -13 48 17  +000883.9 -000177.6  22 08 21.8  149.958 24.774  57.94  39251 16.2
2010-02-01  23:50:00  12 30 50.4  -14 17 34  +000890.6 -000173.7  22 08 31.9  150.191 24.333  60.26  39186 16.3
2010-02-02  00:00:00  12 40 46.4  -14 46 09  +000897.4 -000169.3  22 08 37.6  150.399 23.895  62.58  39121 16.3
2010-02-02  00:10:00  12 50 47.0  -15 13 59  +000904.4 -000164.6  22 08 38.6  150.581 23.462  64.93  39054 16.3
2010-02-02  00:20:00  13 00 52.4  -15 40 59  +000911.5 -000159.4  22 08 34.9  150.738 23.035  67.29  38987 16.4
2010-02-02  00:30:00  13 11 02.5  -16 07 06  +000918.8 -000153.9  22 08 26.5  150.868 22.616  69.68  38918 16.4
2010-02-02  00:40:00  13 21 17.4  -16 32 16  +000926.1 -000147.9  22 08 13.2  150.973 22.204  72.07  38849 16.5
2010-02-02  00:50:00  13 31 37.1  -16 56 23  +000933.4 -000141.6  22 07 55.0  151.051 21.802  74.49  38780 16.5
2010-02-02  01:00:00  13 42 01.9  -17 19 26  +000940.7 -000134.8  22 07 32.0  151.103 21.410  76.92  38710 16.6
2010-02-02  01:10:00  13 52 31.5  -17 41 19  +000948.1 -000127.7  22 07 04.0  151.128 21.030  79.37  38639 16.6
2010-02-02  01:20:00  14 03 06.0  -18 01 58  +000955.4 -000120.1  22 06 31.1  151.126 20.662  81.83  38568 16.7
2010-02-02  01:30:00  14 13 45.3  -18 21 20  +000962.7 -000112.2  22 05 53.4  151.098 20.307  84.31  38497 16.8
2010-02-02  01:40:00  14 24 29.5  -18 39 22  +000969.8 -000103.9  22 05 10.9  151.043 19.967  86.80  38426 16.8
2010-02-02  01:50:00  14 35 18.4  -18 55 58  +000976.8 -000095.3  22 04 23.6  150.961 19.642  89.31  38355 16.9
2010-02-02  02:00:00  14 46 11.9  -19 11 06  +000983.7 -000086.2  22 03 31.8  150.854 19.334  91.83  38284 17.0
2010-02-02  02:10:00  14 57 09.9  -19 24 42  +000990.3 -000076.9  22 02 35.5  150.720 19.043  94.37  38213 17.0
2010-02-02  02:20:00  15 08 12.2  -19 36 43  +000996.7 -000067.2  22 01 34.8  150.561 18.771  96.91  38143 17.1
2010-02-02  02:30:00  15 19 18.7  -19 47 05  +001002.8 -000057.2  22 00 29.9  150.376 18.517  99.48  38073 17.2
2010-02-02  02:40:00  15 30 29.2  -19 55 47  +001008.6 -000047.0  21 59 21.1  150.167 18.284 102.05  38003 17.3
2010-02-02  02:50:00  15 41 43.4  -20 02 44  +001014.1 -000036.5  21 58 08.5  149.933 18.072 104.65  37935 17.4
2010-02-02  03:00:00  15 53 01.2  -20 07 56  +001019.2 -000025.8  21 56 52.4  149.676 17.882 107.24  37867 17.5
2010-02-02  03:10:00  16 04 22.2  -20 11 19  +001023.9 -000014.8  21 55 33.0  149.395 17.714 109.86  37800 17.6
2010-02-02  03:20:00  16 15 46.3  -20 12 52  +001028.2 -000003.7  21 54 10.6  149.092 17.569 112.48  37734 17.7
2010-02-02  03:30:00  16 27 13.1  -20 12 34  +001032.1 +000007.5  21 52 45.4  148.767 17.447 115.12  37670 17.8
2010-02-02  03:40:00  16 38 42.3  -20 10 22  +001035.5 +000018.8  21 51 17.8  148.421 17.350 117.76  37607 17.9
2010-02-02  03:50:00  16 50 13.6  -20 06 18  +001038.4 +000030.2  21 49 48.1  148.054 17.277 120.42  37545 18.1
2010-02-02  04:00:00  17 01 46.8  -20 00 20  +001040.9 +000041.5  21 48 16.6  147.668 17.228 123.08  37486 18.2
2010-02-02  04:10:00  17 13 21.4  -19 52 27  +001042.9 +000052.9  21 46 43.6  147.264 17.205 125.77  37428 18.3
2010-02-02  04:20:00  17 24 57.2  -19 42 42  +001044.4 +000064.2  21 45 09.5  146.841 17.207 128.44  37371 18.5

   Date        UTC        RA         DECL      RARate   DeclRate    HourAng      Az     Um    Phase  Range  Mag
2010-02-02  16:10:00  05 49 27.0  +05 42 05  +000826.6 -000070.8  21 12 36.4  125.196 35.671  48.99  40059 16.1
2010-02-02  16:20:00  05 58 37.1  +05 29 41  +000823.7 -000077.8  21 13 27.9  125.557 35.621  46.89  40105 16.1
2010-02-02  16:30:00  06 07 45.3  +05 16 09  +000821.0 -000084.7  21 14 21.3  125.938 35.559  44.80  40148 16.1
2010-02-02  16:40:00  06 16 51.7  +05 01 28  +000818.3 -000091.4  21 15 16.5  126.340 35.484  42.74  40188 16.1
2010-02-02  16:50:00  06 25 56.4  +04 45 42  +000815.8 -000097.9  21 16 13.5  126.760 35.397  40.70  40225 16.0
2010-02-02  17:00:00  06 34 59.5  +04 28 51  +000813.4 -000104.2  21 17 12.0  127.199 35.298  38.71  40259 16.0
2010-02-02  17:10:00  06 44 01.1  +04 10 58  +000811.2 -000110.4  21 18 12.1  127.655 35.186  36.73  40290 16.0
2010-02-02  17:20:00  06 53 01.1  +03 52 04  +000809.1 -000116.4  21 19 13.7  128.127 35.061  34.80  40317 16.0
2010-02-02  17:30:00  07 01 59.9  +03 32 11  +000807.1 -000122.2  21 20 16.6  128.615 34.925  32.91  40341 16.0
2010-02-02  17:40:00  07 10 57.3  +03 11 21  +000805.3 -000127.8  21 21 20.8  129.117 34.776  31.08  40363 15.9
2010-02-02  17:50:00  07 19 53.6  +02 49 36  +000803.7 -000133.2  21 22 26.1  129.632 34.614  29.30  40381 15.9
2010-02-02  18:00:00  07 28 48.9  +02 26 57  +000802.2 -000138.4  21 23 32.5  130.159 34.440  27.60  40395 15.9
2010-02-02  18:10:00  07 37 43.3  +02 03 28  +000800.9 -000143.5  21 24 39.8  130.697 34.254  25.98  40407 15.9
2010-02-02  18:20:00  07 46 36.9  +01 39 09  +000799.9 -000148.3  21 25 47.8  131.244 34.056  24.46  40415 15.9
2010-02-02  18:30:00  07 55 29.9  +01 14 03  +000799.0 -000152.9  21 26 56.5  131.800 33.846  23.06  40420 15.9
2010-02-02  18:40:00  08 04 22.3  +00 48 11  +000798.4 -000157.3  21 28 05.7  132.363 33.623  21.82  40422 15.9
2010-02-02  18:50:00  08 13 14.4  +00 21 37  +000797.9 -000161.5  21 29 15.2  132.932 33.388  20.73  40421 15.9
2010-02-02  19:00:00  08 22 06.3  -00 05 39  +000797.7 -000165.5  21 30 25.0  133.505 33.142  19.85  40417 15.9
2010-02-02  19:10:00  08 30 58.0  -00 33 33  +000797.7 -000169.3  21 31 34.9  134.083 32.883  19.19  40410 15.8
2010-02-02  19:20:00  08 39 49.9  -01 02 04  +000798.0 -000172.9  21 32 44.6  134.662 32.613  18.78  40400 15.8
2010-02-02  19:30:00  08 48 42.1  -01 31 09  +000798.5 -000176.2  21 33 54.1  135.242 32.331  18.64  40387 15.8
2010-02-02  19:40:00  08 57 34.6  -02 00 47  +000799.2 -000179.3  21 35 03.2  135.821 32.038  18.78  40370 15.8
2010-02-02  19:50:00  09 06 27.7  -02 30 54  +000800.2 -000182.1  21 36 11.7  136.399 31.734  19.18  40351 15.8
2010-02-02  20:00:00  09 15 21.6  -03 01 29  +000801.4 -000184.8  21 37 19.5  136.974 31.419  19.84  40330 15.8
2010-02-02  20:10:00  09 24 16.4  -03 32 28  +000803.0 -000187.1  21 38 26.4  137.545 31.093  20.74  40305 15.9
2010-02-02  20:20:00  09 33 12.3  -04 03 51  +000804.7 -000189.3  21 39 32.1  138.110 30.756  21.83  40278 15.9
2010-02-02  20:30:00  09 42 09.4  -04 35 33  +000806.8 -000191.2  21 40 36.6  138.669 30.410  23.11  40248 15.9
2010-02-02  20:40:00  09 51 08.0  -05 07 33  +000809.1 -000192.8  21 41 39.7  139.219 30.054  24.53  40215 15.9
2010-02-02  20:50:00  10 00 08.3  -05 39 48  +000811.7 -000194.1  21 42 41.1  139.760 29.689  26.09  40180 15.9
2010-02-02  21:00:00  10 09 10.3  -06 12 14  +000814.6 -000195.2  21 43 40.6  140.291 29.314  27.75  40143 15.9
2010-02-02  21:10:00  10 18 14.4  -06 44 51  +000817.7 -000196.0  21 44 38.2  140.810 28.932  29.51  40103 15.9
2010-02-02  21:20:00  10 27 20.7  -07 17 33  +000821.1 -000196.5  21 45 33.6  141.317 28.541  31.33  40061 15.9
2010-02-02  21:30:00  10 36 29.3  -07 50 20  +000824.8 -000196.7  21 46 26.6  141.809 28.144  33.24  40017 15.9
2010-02-02  21:40:00  10 45 40.5  -08 23 07  +000828.8 -000196.6  21 47 17.0  142.287 27.739  35.19  39970 16.0
2010-02-02  21:50:00  10 54 54.4  -08 55 52  +000833.0 -000196.2  21 48 04.8  142.749 27.328  37.20  39922 16.0
2010-02-02  22:00:00  11 04 11.3  -09 28 31  +000837.6 -000195.5  21 48 49.5  143.194 26.912  39.25  39872 16.0
2010-02-02  22:10:00  11 13 31.2  -10 01 01  +000842.3 -000194.5  21 49 31.2  143.621 26.491  41.34  39819 16.0
2010-02-02  22:20:00  11 22 54.5  -10 33 20  +000847.4 -000193.1  21 50 09.7  144.030 26.066  43.46  39765 16.0
2010-02-02  22:30:00  11 32 21.1  -11 05 23  +000852.7 -000191.4  21 50 44.6  144.418 25.638  45.63  39709 16.1
2010-02-02  22:40:00  11 41 51.4  -11 37 07  +000858.2 -000189.4  21 51 16.0  144.786 25.207  47.81  39652 16.1
2010-02-02  22:50:00  11 51 25.5  -12 08 30  +000864.0 -000187.0  21 51 43.6  145.133 24.774  50.03  39593 16.1
2010-02-02  23:00:00  12 01 03.5  -12 39 26  +000870.0 -000184.2  21 52 07.2  145.458 24.341  52.26  39532 16.2
2010-02-02  23:10:00  12 10 45.5  -13 09 53  +000876.2 -000181.1  21 52 26.8  145.760 23.907  54.52  39471 16.2
2010-02-02  23:20:00  12 20 31.8  -13 39 46  +000882.6 -000177.6  21 52 42.2  146.039 23.475  56.80  39408 16.2
2010-02-02  23:30:00  12 30 22.4  -14 09 03  +000889.2 -000173.7  21 52 53.2  146.294 23.044  59.11  39343 16.3
2010-02-02  23:40:00  12 40 17.5  -14 37 39  +000896.0 -000169.4  21 52 59.8  146.524 22.617  61.43  39278 16.3
2010-02-02  23:50:00  12 50 17.1  -15 05 30  +000902.9 -000164.8  21 53 01.8  146.729 22.193  63.78  39212 16.3
2010-02-03  00:00:00  13 00 21.4  -15 32 33  +000910.0 -000159.7  21 52 59.1  146.909 21.774  66.13  39144 16.4
2010-02-03  00:10:00  13 10 30.4  -15 58 43  +000917.1 -000154.2  21 52 51.8  147.063 21.361  68.51  39076 16.4
2010-02-03  00:20:00  13 20 44.2  -16 23 56  +000924.3 -000148.4  21 52 39.6  147.190 20.955  70.90  39008 16.5
2010-02-03  00:30:00  13 31 02.8  -16 48 09  +000931.6 -000142.1  21 52 22.6  147.291 20.557  73.32  38939 16.5
2010-02-03  00:40:00  13 41 26.4  -17 11 17  +000938.9 -000135.5  21 52 00.8  147.366 20.167  75.74  38869 16.6
2010-02-03  00:50:00  13 51 54.7  -17 33 17  +000946.2 -000128.4  21 51 34.0  147.414 19.788  78.19  38799 16.6
2010-02-03  01:00:00  14 02 28.0  -17 54 05  +000953.5 -000121.0  21 51 02.4  147.434 19.420  80.64  38728 16.7
2010-02-03  01:10:00  14 13 06.1  -18 13 36  +000960.7 -000113.2  21 50 26.0  147.428 19.065  83.13  38658 16.7
2010-02-03  01:20:00  14 23 48.9  -18 31 46  +000967.8 -000104.9  21 49 44.8  147.395 18.722  85.61  38587 16.8
2010-02-03  01:30:00  14 34 36.4  -18 48 33  +000974.8 -000096.4  21 48 58.9  147.335 18.394  88.12  38516 16.9
2010-02-03  01:40:00  14 45 28.6  -19 03 53  +000981.6 -000087.5  21 48 08.4  147.249 18.080  90.63  38446 16.9
2010-02-03  01:50:00  14 56 25.2  -19 17 42  +000988.2 -000078.2  21 47 13.4  147.135 17.783  93.17  38376 17.0
2010-02-03  02:00:00  15 07 26.2  -19 29 56  +000994.6 -000068.6  21 46 14.1  146.996 17.504  95.71  38306 17.1
2010-02-03  02:10:00  15 18 31.3  -19 40 33  +001000.7 -000058.7  21 45 10.6  146.831 17.242  98.27  38237 17.2
2010-02-03  02:20:00  15 29 40.4  -19 49 31  +001006.5 -000048.6  21 44 03.1  146.640 16.999 100.84  38168 17.3
2010-02-03  02:30:00  15 40 53.2  -19 56 44  +001012.0 -000038.2  21 42 51.9  146.424 16.776 103.43  38100 17.4
2010-02-03  02:40:00  15 52 09.6  -20 02 13  +001017.1 -000027.5  21 41 37.2  146.184 16.573 106.02  38033 17.4
2010-02-03  02:50:00  16 03 29.4  -20 05 55  +001021.9 -000016.7  21 40 19.1  145.920 16.392 108.64  37967 17.5
2010-02-03  03:00:00  16 14 52.1  -20 07 47  +001026.2 -000005.7  21 38 58.0  145.632 16.232 111.25  37902 17.7
2010-02-03  03:10:00  16 26 17.6  -20 07 49  +001030.2 +000005.4  21 37 34.2  145.322 16.095 113.89  37838 17.8
2010-02-03  03:20:00  16 37 45.5  -20 05 58  +001033.6 +000016.7  21 36 07.9  144.989 15.981 116.53  37776 17.9
2010-02-03  03:30:00  16 49 15.6  -20 02 15  +001036.6 +000028.0  21 34 39.4  144.636 15.891 119.19  37715 18.0
2010-02-03  03:40:00  17 00 47.6  -19 56 39  +001039.2 +000039.3  21 33 09.1  144.262 15.825 121.85  37656 18.1
2010-02-03  03:50:00  17 12 21.1  -19 49 09  +001041.2 +000050.6  21 31 37.3  143.869 15.783 124.53  37599 18.3
2010-02-03  04:00:00  17 23 55.8  -19 39 47  +001042.8 +000061.9  21 30 04.2  143.456 15.765 127.20  37544 18.4
2010-02-03  04:10:00  17 35 31.4  -19 28 32  +001044.0 +000073.1  21 28 30.2  143.027 15.772 129.90  37490 18.6
2010-02-03  04:20:00  17 47 07.6  -19 15 26  +001044.6 +000084.1  21 26 55.6  142.580 15.803 132.59  37439 18.8

   Date        UTC        RA         DECL      RARate   DeclRate    HourAng      Az     Um    Phase  Range  Mag
2010-02-03  16:10:00  06 07 09.5  +05 17 06  +000822.2 -000083.0  20 58 50.3  122.091 33.355  45.83  40314 16.1
2010-02-03  16:20:00  06 16 16.8  +05 02 42  +000819.6 -000089.7  20 59 44.7  122.478 33.292  43.76  40355 16.1
2010-02-03  16:30:00  06 25 22.4  +04 47 12  +000817.0 -000096.2  21 00 40.8  122.884 33.218  41.70  40392 16.1
2010-02-03  16:40:00  06 34 26.2  +04 30 38  +000814.6 -000102.6  21 01 38.6  123.309 33.132  39.69  40426 16.0
2010-02-03  16:50:00  06 43 28.5  +04 13 01  +000812.3 -000108.8  21 02 37.9  123.751 33.034  37.69  40457 16.0
2010-02-03  17:00:00  06 52 29.3  +03 54 23  +000810.2 -000114.8  21 03 38.8  124.211 32.925  35.74  40485 16.0
2010-02-03  17:10:00  07 01 28.8  +03 34 46  +000808.2 -000120.6  21 04 41.0  124.685 32.804  33.82  40510 16.0
2010-02-03  17:20:00  07 10 26.9  +03 14 12  +000806.3 -000126.2  21 05 44.5  125.175 32.671  31.95  40531 16.0
2010-02-03  17:30:00  07 19 23.9  +02 52 43  +000804.6 -000131.6  21 06 49.1  125.678 32.526  30.13  40550 15.9
2010-02-03  17:40:00  07 28 19.8  +02 30 20  +000803.1 -000136.9  21 07 54.8  126.194 32.370  28.39  40565 15.9
2010-02-03  17:50:00  07 37 14.8  +02 07 06  +000801.8 -000141.9  21 09 01.5  126.721 32.202  26.71  40577 15.9
2010-02-03  18:00:00  07 46 09.0  +01 43 03  +000800.7 -000146.8  21 10 09.0  127.259 32.022  25.14  40585 15.9
2010-02-03  18:10:00  07 55 02.5  +01 18 12  +000799.8 -000151.4  21 11 17.1  127.806 31.830  23.66  40591 15.9
2010-02-03  18:20:00  08 03 55.4  +00 52 35  +000799.1 -000155.8  21 12 25.8  128.361 31.627  22.33  40593 15.9
2010-02-03  18:30:00  08 12 48.0  +00 26 16  +000798.6 -000160.1  21 13 34.9  128.923 31.413  21.15  40593 15.9
2010-02-03  18:40:00  08 21 40.3  -00 00 45  +000798.3 -000164.1  21 14 44.3  129.490 31.187  20.15  40589 15.9
2010-02-03  18:50:00  08 30 32.5  -00 28 26  +000798.3 -000167.9  21 15 53.7  130.062 30.949  19.37  40582 15.9
2010-02-03  19:00:00  08 39 24.7  -00 56 43  +000798.5 -000171.5  21 17 03.1  130.637 30.700  18.82  40572 15.9
2010-02-03  19:10:00  08 48 17.1  -01 25 34  +000798.9 -000174.8  21 18 12.3  131.214 30.440  18.54  40559 15.9
2010-02-03  19:20:00  08 57 10.0  -01 54 58  +000799.6 -000178.0  21 19 21.1  131.792 30.168  18.54  40543 15.9
2010-02-03  19:30:00  09 06 03.3  -02 24 53  +000800.5 -000180.9  21 20 29.4  132.369 29.886  18.81  40524 15.9
2010-02-03  19:40:00  09 14 57.3  -02 55 15  +000801.7 -000183.5  21 21 37.0  132.944 29.593  19.34  40502 15.9
2010-02-03  19:50:00  09 23 52.3  -03 26 02  +000803.1 -000185.9  21 22 43.8  133.516 29.289  20.13  40477 15.9
2010-02-03  20:00:00  09 32 48.2  -03 57 13  +000804.8 -000188.1  21 23 49.4  134.083 28.975  21.13  40450 15.9
2010-02-03  20:10:00  09 41 45.5  -04 28 43  +000806.8 -000190.0  21 24 53.9  134.645 28.651  22.33  40420 15.9
2010-02-03  20:20:00  09 50 44.1  -05 00 32  +000809.1 -000191.7  21 25 56.9  135.200 28.317  23.68  40388 15.9
2010-02-03  20:30:00  09 59 44.3  -05 32 36  +000811.6 -000193.1  21 26 58.3  135.747 27.973  25.19  40353 15.9
2010-02-03  20:40:00  10 08 46.2  -06 04 53  +000814.4 -000194.2  21 27 58.0  136.285 27.621  26.80  40315 15.9
2010-02-03  20:50:00  10 17 50.2  -06 37 19  +000817.4 -000195.0  21 28 55.7  136.813 27.260  28.52  40276 15.9
2010-02-03  21:00:00  10 26 56.2  -07 09 52  +000820.8 -000195.6  21 29 51.3  137.328 26.891  30.32  40234 15.9
2010-02-03  21:10:00  10 36 04.6  -07 42 30  +000824.4 -000195.9  21 30 44.6  137.831 26.514  32.20  40189 15.9
2010-02-03  21:20:00  10 45 15.5  -08 15 09  +000828.3 -000195.8  21 31 35.3  138.321 26.129  34.13  40143 16.0
2010-02-03  21:30:00  10 54 29.1  -08 47 46  +000832.5 -000195.5  21 32 23.4  138.795 25.739  36.13  40094 16.0
2010-02-03  21:40:00  11 03 45.5  -09 20 18  +000836.9 -000194.8  21 33 08.6  139.254 25.342  38.16  40044 16.0
2010-02-03  21:50:00  11 13 05.0  -09 52 42  +000841.6 -000193.9  21 33 50.7  139.695 24.939  40.24  39991 16.0
2010-02-03  22:00:00  11 22 27.8  -10 24 54  +000846.6 -000192.6  21 34 29.6  140.119 24.532  42.35  39937 16.0
2010-02-03  22:10:00  11 31 53.9  -10 56 52  +000851.8 -000190.9  21 35 05.2  140.523 24.121  44.50  39881 16.1
2010-02-03  22:20:00  11 41 23.5  -11 28 32  +000857.3 -000189.0  21 35 37.1  140.908 23.707  46.67  39824 16.1
2010-02-03  22:30:00  11 50 56.9  -11 59 50  +000863.0 -000186.6  21 36 05.4  141.273 23.290  48.89  39765 16.1
2010-02-03  22:40:00  12 00 34.2  -12 30 43  +000868.9 -000183.9  21 36 29.8  141.616 22.871  51.11  39705 16.1
2010-02-03  22:50:00  12 10 15.5  -13 01 08  +000875.0 -000180.9  21 36 50.1  141.937 22.452  53.37  39643 16.2
2010-02-03  23:00:00  12 20 00.9  -13 30 60  +000881.4 -000177.5  21 37 06.3  142.235 22.032  55.64  39580 16.2
2010-02-03  23:10:00  12 29 50.7  -14 00 15  +000887.9 -000173.6  21 37 18.2  142.509 21.614  57.95  39516 16.2
2010-02-03  23:20:00  12 39 44.8  -14 28 51  +000894.6 -000169.5  21 37 25.7  142.760 21.197  60.26  39450 16.3
2010-02-03  23:30:00  12 49 43.5  -14 56 43  +000901.4 -000164.9  21 37 28.7  142.985 20.783  62.60  39384 16.3
2010-02-03  23:40:00  12 59 46.7  -15 23 47  +000908.4 -000159.9  21 37 27.1  143.186 20.373  64.95  39317 16.4
2010-02-03  23:50:00  13 09 54.7  -15 49 60  +000915.5 -000154.5  21 37 20.8  143.361 19.967  67.33  39249 16.4
2010-02-04  00:00:00  13 20 07.4  -16 15 17  +000922.6 -000148.8  21 37 09.7  143.510 19.567  69.72  39181 16.5
2010-02-04  00:10:00  13 30 24.9  -16 39 34  +000929.9 -000142.6  21 36 53.9  143.632 19.174  72.13  39112 16.5
2010-02-04  00:20:00  13 40 47.2  -17 02 48  +000937.1 -000136.0  21 36 33.2  143.728 18.789  74.55  39042 16.6
2010-02-04  00:30:00  13 51 14.3  -17 24 54  +000944.4 -000129.1  21 36 07.7  143.797 18.412  77.00  38973 16.6
2010-02-04  00:40:00  14 01 46.3  -17 45 48  +000951.6 -000121.7  21 35 37.4  143.839 18.046  79.44  38902 16.7
2010-02-04  00:50:00  14 12 23.1  -18 05 28  +000958.7 -000114.0  21 35 02.2  143.854 17.690  81.92  38832 16.7
2010-02-04  01:00:00  14 23 04.6  -18 23 48  +000965.8 -000105.9  21 34 22.3  143.842 17.346  84.40  38762 16.8
2010-02-04  01:10:00  14 33 50.8  -18 40 45  +000972.8 -000097.5  21 33 37.8  143.802 17.016  86.91  38692 16.8
2010-02-04  01:20:00  14 44 41.6  -18 56 16  +000979.6 -000088.6  21 32 48.6  143.736 16.699  89.42  38622 16.9
2010-02-04  01:30:00  14 55 36.8  -19 10 17  +000986.2 -000079.5  21 31 55.0  143.643 16.397  91.95  38552 17.0
2010-02-04  01:40:00  15 06 36.4  -19 22 45  +000992.5 -000070.0  21 30 57.1  143.523 16.111  94.49  38483 17.1
2010-02-04  01:50:00  15 17 40.1  -19 33 36  +000998.6 -000060.2  21 29 55.1  143.376 15.842  97.05  38414 17.1
2010-02-04  02:00:00  15 28 47.8  -19 42 48  +001004.4 -000050.2  21 28 49.0  143.204 15.590  99.61  38346 17.2
2010-02-04  02:10:00  15 39 59.3  -19 50 19  +001009.9 -000039.8  21 27 39.2  143.006 15.358 102.20  38279 17.3
2010-02-04  02:20:00  15 51 14.3  -19 56 05  +001015.1 -000029.3  21 26 25.8  142.783 15.144 104.79  38212 17.4
2010-02-04  02:30:00  16 02 32.7  -20 00 04  +001019.9 -000018.6  21 25 09.1  142.535 14.951 107.40  38147 17.5
2010-02-04  02:40:00  16 13 54.1  -20 02 16  +001024.3 -000007.6  21 23 49.3  142.263 14.778 110.01  38083 17.6
2010-02-04  02:50:00  16 25 18.3  -20 02 37  +001028.2 +000003.4  21 22 26.8  141.967 14.628 112.65  38020 17.7
2010-02-04  03:00:00  16 36 44.9  -20 01 07  +001031.7 +000014.6  21 21 01.8  141.649 14.499 115.28  37958 17.8
2010-02-04  03:10:00  16 48 13.7  -19 57 45  +001034.8 +000025.8  21 19 34.6  141.309 14.393 117.94  37898 18.0
2010-02-04  03:20:00  16 59 44.5  -19 52 31  +001037.4 +000037.1  21 18 05.5  140.948 14.309 120.59  37840 18.1
2010-02-04  03:30:00  17 11 16.8  -19 45 24  +001039.5 +000048.3  21 16 34.8  140.566 14.250 123.27  37783 18.2
2010-02-04  03:40:00  17 22 50.4  -19 36 25  +001041.2 +000059.5  21 15 02.8  140.165 14.213 125.94  37729 18.4
2010-02-04  03:50:00  17 34 25.0  -19 25 34  +001042.4 +000070.7  21 13 29.9  139.745 14.201 128.64  37676 18.5
2010-02-04  04:00:00  17 46 00.2  -19 12 53  +001043.1 +000081.6  21 11 56.3  139.307 14.213 131.32  37626 18.7
2010-02-04  04:10:00  17 57 35.7  -18 58 22  +001043.4 +000092.5  21 10 22.5  138.853 14.249 134.03  37577 18.9
2010-02-04  04:20:00  18 09 11.3  -18 42 04  +001043.2 +000103.1  21 08 48.5  138.383 14.308 136.73  37532 19.0

   Date        UTC        RA         DECL      RARate   DeclRate    HourAng      Az     Um    Phase  Range  Mag
2010-02-04  16:10:00  06 24 43.4  +04 48 36  +000818.3 -000094.6  20 45 13.1  119.206 30.953  42.73  40572 16.1
2010-02-04  16:20:00  06 33 48.1  +04 32 18  +000815.8 -000100.9  20 46 10.0  119.617 30.879  40.70  40606 16.1
2010-02-04  16:30:00  06 42 51.2  +04 14 58  +000813.5 -000107.1  20 47 08.6  120.045 30.793  38.68  40638 16.0
2010-02-04  16:40:00  06 51 52.7  +03 56 37  +000811.3 -000113.1  20 48 08.6  120.491 30.697  36.70  40666 16.0
2010-02-04  16:50:00  07 00 52.9  +03 37 17  +000809.2 -000118.9  20 49 10.1  120.952 30.590  34.75  40692 16.0
2010-02-04  17:00:00  07 09 51.8  +03 16 59  +000807.4 -000124.6  20 50 12.9  121.429 30.471  32.86  40714 16.0
2010-02-04  17:10:00  07 18 49.5  +02 55 46  +000805.7 -000130.0  20 51 16.8  121.920 30.341  31.00  40732 16.0
2010-02-04  17:20:00  07 27 46.0  +02 33 39  +000804.1 -000135.3  20 52 21.9  122.423 30.201  29.22  40748 15.9
2010-02-04  17:30:00  07 36 41.7  +02 10 41  +000802.8 -000140.3  20 53 27.9  122.939 30.049  27.49  40760 15.9
2010-02-04  17:40:00  07 45 36.4  +01 46 53  +000801.6 -000145.2  20 54 34.8  123.466 29.886  25.86  40769 15.9
2010-02-04  17:50:00  07 54 30.5  +01 22 18  +000800.6 -000149.9  20 55 42.4  124.003 29.711  24.32  40775 15.9
2010-02-04  18:00:00  08 03 24.0  +00 56 57  +000799.9 -000154.3  20 56 50.5  124.548 29.526  22.90  40778 15.9
2010-02-04  18:10:00  08 12 17.0  +00 30 52  +000799.3 -000158.6  20 57 59.1  125.101 29.330  21.63  40777 15.9
2010-02-04  18:20:00  08 21 09.8  +00 04 06  +000799.0 -000162.6  20 59 08.0  125.661 29.122  20.52  40774 15.9
2010-02-04  18:30:00  08 30 02.4  -00 23 20  +000798.9 -000166.4  21 00 17.1  126.225 28.904  19.62  40767 15.9
2010-02-04  18:40:00  08 38 55.0  -00 51 22  +000799.0 -000170.0  21 01 26.1  126.794 28.674  18.94  40757 15.9
2010-02-04  18:50:00  08 47 47.8  -01 19 60  +000799.4 -000173.4  21 02 35.0  127.366 28.434  18.52  40745 15.9
2010-02-04  19:00:00  08 56 40.9  -01 49 10  +000800.0 -000176.6  21 03 43.5  127.939 28.182  18.36  40729 15.9
2010-02-04  19:10:00  09 05 34.5  -02 18 51  +000800.9 -000179.5  21 04 51.5  128.512 27.920  18.49  40710 15.9
2010-02-04  19:20:00  09 14 28.8  -02 48 60  +000802.0 -000182.2  21 05 58.9  129.085 27.648  18.90  40688 15.9
2010-02-04  19:30:00  09 23 23.8  -03 19 34  +000803.3 -000184.7  21 07 05.5  129.656 27.364  19.56  40664 15.9
2010-02-04  19:40:00  09 32 19.9  -03 50 32  +000805.0 -000186.9  21 08 11.0  130.223 27.071  20.46  40637 15.9
2010-02-04  19:50:00  09 41 17.2  -04 21 50  +000806.9 -000188.8  21 09 15.4  130.786 26.768  21.57  40607 15.9
2010-02-04  20:00:00  09 50 15.9  -04 53 27  +000809.1 -000190.5  21 10 18.4  131.343 26.455  22.85  40575 15.9
2010-02-04  20:10:00  09 59 16.0  -05 25 20  +000811.5 -000191.9  21 11 19.8  131.894 26.132  24.30  40540 15.9
2010-02-04  20:20:00  10 08 17.9  -05 57 25  +000814.2 -000193.1  21 12 19.6  132.436 25.801  25.86  40502 15.9
2010-02-04  20:30:00  10 17 21.7  -06 29 41  +000817.2 -000194.0  21 13 17.4  132.968 25.460  27.54  40463 15.9
2010-02-04  20:40:00  10 26 27.6  -07 02 05  +000820.5 -000194.6  21 14 13.2  133.490 25.111  29.31  40421 15.9
2010-02-04  20:50:00  10 35 35.8  -07 34 33  +000824.0 -000194.9  21 15 06.6  134.001 24.755  31.16  40376 15.9
2010-02-04  21:00:00  10 44 46.4  -08 07 02  +000827.9 -000195.0  21 15 57.7  134.499 24.390  33.07  40330 16.0
2010-02-04  21:10:00  10 53 59.7  -08 39 31  +000831.9 -000194.7  21 16 46.1  134.982 24.019  35.04  40281 16.0
2010-02-04  21:20:00  11 03 15.7  -09 11 55  +000836.3 -000194.1  21 17 31.6  135.451 23.641  37.06  40231 16.0
2010-02-04  21:30:00  11 12 34.8  -09 44 11  +000840.9 -000193.2  21 18 14.2  135.904 23.257  39.13  40178 16.0
2010-02-04  21:40:00  11 21 57.0  -10 16 17  +000845.8 -000191.9  21 18 53.6  136.340 22.868  41.22  40124 16.0
2010-02-04  21:50:00  11 31 22.6  -10 48 09  +000850.9 -000190.4  21 19 29.7  136.758 22.474  43.37  40068 16.1
2010-02-04  22:00:00  11 40 51.7  -11 19 44  +000856.3 -000188.5  21 20 02.3  137.157 22.076  45.53  40011 16.1
2010-02-04  22:10:00  11 50 24.4  -11 50 57  +000861.9 -000186.2  21 20 31.2  137.536 21.675  47.73  39952 16.1
2010-02-04  22:20:00  12 00 00.9  -12 21 46  +000867.8 -000183.6  21 20 56.3  137.895 21.271  49.95  39891 16.1
2010-02-04  22:30:00  12 09 41.5  -12 52 08  +000873.8 -000180.6  21 21 17.4  138.232 20.866  52.20  39830 16.2
2010-02-04  22:40:00  12 19 26.1  -13 21 57  +000880.1 -000177.2  21 21 34.4  138.547 20.460  54.47  39767 16.2
2010-02-04  22:50:00  12 29 14.9  -13 51 11  +000886.5 -000173.5  21 21 47.2  138.839 20.053  56.77  39703 16.2
2010-02-04  23:00:00  12 39 08.2  -14 19 46  +000893.1 -000169.4  21 21 55.6  139.108 19.648  59.07  39637 16.3
2010-02-04  23:10:00  12 49 05.8  -14 47 38  +000899.9 -000164.9  21 21 59.6  139.352 19.244  61.41  39571 16.3
2010-02-04  23:20:00  12 59 08.1  -15 14 44  +000906.8 -000160.0  21 21 59.0  139.571 18.843  63.76  39504 16.3
2010-02-04  23:30:00  13 09 14.9  -15 40 58  +000913.8 -000154.8  21 21 53.8  139.765 18.446  66.13  39437 16.4
2010-02-04  23:40:00  13 19 26.5  -16 06 18  +000920.9 -000149.1  21 21 43.9  139.934 18.053  68.51  39368 16.4
2010-02-04  23:50:00  13 29 42.8  -16 30 39  +000928.1 -000143.0  21 21 29.2  140.076 17.666  70.93  39299 16.5
2010-02-05  00:00:00  13 40 03.9  -16 53 57  +000935.3 -000136.6  21 21 09.7  140.192 17.286  73.34  39230 16.5
2010-02-05  00:10:00  13 50 29.8  -17 16 09  +000942.5 -000129.7  21 20 45.4  140.281 16.913  75.78  39161 16.6
2010-02-05  00:20:00  14 01 00.5  -17 37 10  +000949.6 -000122.5  21 20 16.4  140.342 16.549  78.23  39091 16.6
2010-02-05  00:30:00  14 11 36.0  -17 56 57  +000956.8 -000114.9  21 19 42.6  140.377 16.194  80.70  39021 16.7
2010-02-05  00:40:00  14 22 16.2  -18 15 26  +000963.8 -000106.9  21 19 04.0  140.385 15.851  83.18  38951 16.8
2010-02-05  00:50:00  14 33 01.0  -18 32 33  +000970.7 -000098.5  21 18 20.8  140.365 15.519  85.68  38881 16.8
2010-02-05  01:00:00  14 43 50.4  -18 48 15  +000977.5 -000089.8  21 17 33.1  140.318 15.199  88.19  38812 16.9
2010-02-05  01:10:00  14 54 44.3  -19 02 28  +000984.0 -000080.7  21 16 40.9  140.244 14.894  90.72  38742 17.0
2010-02-05  01:20:00  15 05 42.4  -19 15 09  +000990.4 -000071.4  21 15 44.4  140.142 14.603  93.25  38673 17.0
2010-02-05  01:30:00  15 16 44.7  -19 26 14  +000996.5 -000061.7  21 14 43.7  140.014 14.328  95.81  38605 17.1
2010-02-05  01:40:00  15 27 51.0  -19 35 42  +001002.3 -000051.7  21 13 39.1  139.860 14.069  98.37  38538 17.2
2010-02-05  01:50:00  15 39 01.1  -19 43 28  +001007.8 -000041.5  21 12 30.6  139.679 13.828 100.95  38471 17.3
2010-02-05  02:00:00  15 50 14.7  -19 49 31  +001013.0 -000031.1  21 11 18.6  139.473 13.605 103.54  38405 17.4
2010-02-05  02:10:00  16 01 31.7  -19 53 49  +001017.8 -000020.4  21 10 03.3  139.241 13.402 106.15  38340 17.5
2010-02-05  02:20:00  16 12 51.7  -19 56 19  +001022.2 -000009.6  21 08 45.0  138.985 13.218 108.75  38276 17.6
2010-02-05  02:30:00  16 24 14.5  -19 56 60  +001026.2 +000001.4  21 07 23.8  138.705 13.054 111.39  38214 17.7
2010-02-05  02:40:00  16 35 39.9  -19 55 50  +001029.8 +000012.5  21 06 00.1  138.401 12.912 114.02  38153 17.8
2010-02-05  02:50:00  16 47 07.5  -19 52 50  +001032.9 +000023.6  21 04 34.1  138.075 12.791 116.67  38094 17.9
2010-02-05  03:00:00  16 58 37.0  -19 47 58  +001035.6 +000034.8  21 03 06.2  137.726 12.692 119.32  38036 18.0
2010-02-05  03:10:00  17 10 08.1  -19 41 14  +001037.8 +000046.0  21 01 36.7  137.357 12.616 122.00  37980 18.2
2010-02-05  03:20:00  17 21 40.6  -19 32 38  +001039.5 +000057.2  21 00 05.9  136.967 12.563 124.67  37926 18.3
2010-02-05  03:30:00  17 33 14.0  -19 22 11  +001040.8 +000068.2  20 58 34.1  136.558 12.533 127.36  37874 18.5
2010-02-05  03:40:00  17 44 48.2  -19 09 54  +001041.6 +000079.2  20 57 01.6  136.130 12.526 130.04  37824 18.6
2010-02-05  03:50:00  17 56 22.8  -18 55 48  +001042.0 +000090.0  20 55 28.7  135.685 12.543 132.75  37776 18.8
2010-02-05  04:00:00  18 07 57.4  -18 39 55  +001041.9 +000100.6  20 53 55.6  135.223 12.583 135.45  37731 19.0
2010-02-05  04:10:00  18 19 31.9  -18 22 17  +001041.4 +000111.0  20 52 22.8  134.746 12.646 138.17  37688 19.2
2010-02-05  04:20:00  18 31 05.9  -18 02 57  +001040.5 +000121.1  20 50 50.4  134.254 12.733 140.87  37648 19.4

   Date        UTC        RA         DECL      RARate   DeclRate    HourAng      Az     Um    Phase  Range  Mag
2010-02-05  16:10:00  06 42 08.8  +04 16 49  +000814.7 -000105.4  20 31 44.2  116.518 28.479  39.69  40831 16.1
2010-02-05  16:20:00  06 51 11.2  +03 58 44  +000812.5 -000111.4  20 32 43.5  116.950 28.394  37.69  40860 16.0
2010-02-05  16:30:00  07 00 12.1  +03 39 41  +000810.4 -000117.3  20 33 44.2  117.398 28.298  35.72  40886 16.0
2010-02-05  16:40:00  07 09 11.7  +03 19 40  +000808.5 -000122.9  20 34 46.2  117.862 28.193  33.80  40908 16.0
2010-02-05  16:50:00  07 18 10.1  +02 58 43  +000806.7 -000128.4  20 35 49.5  118.339 28.076  31.91  40928 16.0
2010-02-05  17:00:00  07 27 07.4  +02 36 53  +000805.1 -000133.6  20 36 53.8  118.831 27.949  30.08  40944 16.0
2010-02-05  17:10:00  07 36 03.6  +02 14 11  +000803.7 -000138.7  20 37 59.2  119.335 27.812  28.31  40956 15.9
2010-02-05  17:20:00  07 44 59.0  +01 50 39  +000802.5 -000143.6  20 39 05.5  119.850 27.663  26.62  40966 15.9
2010-02-05  17:30:00  07 53 53.7  +01 26 19  +000801.5 -000148.3  20 40 12.5  120.375 27.505  25.02  40972 15.9
2010-02-05  17:40:00  08 02 47.7  +01 01 14  +000800.7 -000152.8  20 41 20.1  120.910 27.335  23.53  40975 15.9
2010-02-05  17:50:00  08 11 41.3  +00 35 25  +000800.1 -000157.0  20 42 28.1  121.453 27.155  22.17  40975 15.9
2010-02-05  18:00:00  08 20 34.5  +00 08 54  +000799.7 -000161.1  20 43 36.5  122.004 26.964  20.96  40972 15.9
2010-02-05  18:10:00  08 29 27.6  -00 18 16  +000799.5 -000164.9  20 44 45.1  122.560 26.763  19.94  40966 15.9
2010-02-05  18:20:00  08 38 20.6  -00 46 04  +000799.6 -000168.6  20 45 53.7  123.121 26.551  19.13  40956 15.9
2010-02-05  18:30:00  08 47 13.8  -01 14 27  +000799.9 -000172.0  20 47 02.2  123.686 26.329  18.57  40944 15.9
2010-02-05  18:40:00  08 56 07.2  -01 43 23  +000800.4 -000175.2  20 48 10.4  124.253 26.096  18.27  40928 15.9
2010-02-05  18:50:00  09 05 01.1  -02 12 49  +000801.2 -000178.1  20 49 18.2  124.821 25.853  18.25  40910 15.9
2010-02-05  19:00:00  09 13 55.6  -02 42 44  +000802.3 -000180.8  20 50 25.3  125.390 25.599  18.51  40888 15.9
2010-02-05  19:10:00  09 22 50.9  -03 13 05  +000803.6 -000183.3  20 51 31.7  125.957 25.335  19.04  40864 15.9
2010-02-05  19:20:00  09 31 47.1  -03 43 50  +000805.2 -000185.6  20 52 37.1  126.523 25.061  19.83  40837 15.9
2010-02-05  19:30:00  09 40 44.5  -04 14 56  +000807.0 -000187.6  20 53 41.4  127.084 24.777  20.84  40808 15.9
2010-02-05  19:40:00  09 49 43.2  -04 46 20  +000809.1 -000189.3  20 54 44.3  127.641 24.484  22.04  40775 15.9
2010-02-05  19:50:00  09 58 43.4  -05 18 00  +000811.5 -000190.8  20 55 45.8  128.192 24.181  23.42  40741 15.9
2010-02-05  20:00:00  10 07 45.2  -05 49 54  +000814.1 -000192.0  20 56 45.6  128.736 23.869  24.93  40703 15.9
2010-02-05  20:10:00  10 16 48.9  -06 21 59  +000817.0 -000192.9  20 57 43.5  129.271 23.548  26.56  40664 15.9
2010-02-05  20:20:00  10 25 54.7  -06 54 12  +000820.2 -000193.6  20 58 39.4  129.798 23.219  28.29  40622 15.9
2010-02-05  20:30:00  10 35 02.6  -07 26 29  +000823.7 -000193.9  20 59 33.1  130.313 22.881  30.11  40577 15.9
2010-02-05  20:40:00  10 44 13.0  -07 58 49  +000827.4 -000194.0  21 00 24.4  130.817 22.535  31.99  40531 16.0
2010-02-05  20:50:00  10 53 25.9  -08 31 08  +000831.4 -000193.8  21 01 13.1  131.308 22.183  33.95  40482 16.0
2010-02-05  21:00:00  11 02 41.6  -09 03 24  +000835.7 -000193.2  21 01 59.0  131.784 21.823  35.94  40432 16.0
2010-02-05  21:10:00  11 12 00.2  -09 35 32  +000840.2 -000192.4  21 02 42.0  132.246 21.457  38.00  40379 16.0
2010-02-05  21:20:00  11 21 22.0  -10 07 31  +000845.0 -000191.2  21 03 21.9  132.692 21.085  40.08  40325 16.0
2010-02-05  21:30:00  11 30 47.0  -10 39 16  +000850.1 -000189.7  21 03 58.5  133.121 20.708  42.21  40269 16.1
2010-02-05  21:40:00  11 40 15.5  -11 10 44  +000855.4 -000187.9  21 04 31.7  133.531 20.327  44.37  40212 16.1
2010-02-05  21:50:00  11 49 47.6  -11 41 52  +000860.9 -000185.7  21 05 01.3  133.923 19.941  46.56  40153 16.1
2010-02-05  22:00:00  11 59 23.4  -12 12 37  +000866.7 -000183.1  21 05 27.1  134.295 19.553  48.77  40092 16.1
2010-02-05  22:10:00  12 09 03.2  -12 42 54  +000872.6 -000180.2  21 05 49.0  134.646 19.161  51.02  40031 16.2
2010-02-05  22:20:00  12 18 47.0  -13 12 40  +000878.8 -000177.0  21 06 06.8  134.976 18.769  53.28  39968 16.2
2010-02-05  22:30:00  12 28 35.0  -13 41 52  +000885.2 -000173.3  21 06 20.5  135.283 18.375  55.57  39903 16.2
2010-02-05  22:40:00  12 38 27.2  -14 10 26  +000891.7 -000169.3  21 06 29.8  135.568 17.981  57.87  39838 16.3
2010-02-05  22:50:00  12 48 23.9  -14 38 17  +000898.4 -000164.9  21 06 34.8  135.828 17.588  60.21  39772 16.3
2010-02-05  23:00:00  12 58 25.1  -15 05 23  +000905.2 -000160.1  21 06 35.2  136.065 17.197  62.55  39705 16.3
2010-02-05  23:10:00  13 08 30.9  -15 31 38  +000912.2 -000154.9  21 06 31.1  136.276 16.809  64.92  39638 16.4
2010-02-05  23:20:00  13 18 41.4  -15 57 00  +000919.2 -000149.4  21 06 22.3  136.462 16.424  67.29  39570 16.4
2010-02-05  23:30:00  13 28 56.5  -16 21 24  +000926.3 -000143.4  21 06 08.8  136.623 16.044  69.70  39501 16.5
2010-02-05  23:40:00  13 39 16.4  -16 44 47  +000933.4 -000137.0  21 05 50.5  136.757 15.669  72.11  39432 16.5
2010-02-05  23:50:00  13 49 41.0  -17 07 04  +000940.5 -000130.3  21 05 27.5  136.864 15.301  74.55  39362 16.6
2010-02-06  00:00:00  14 00 10.4  -17 28 11  +000947.7 -000123.1  21 04 59.8  136.945 14.940  76.99  39293 16.6
2010-02-06  00:10:00  14 10 44.6  -17 48 06  +000954.7 -000115.6  21 04 27.3  136.998 14.588  79.46  39223 16.7
2010-02-06  00:20:00  14 21 23.4  -18 06 43  +000961.7 -000107.7  21 03 50.1  137.024 14.245  81.93  39153 16.7
2010-02-06  00:30:00  14 32 06.8  -18 23 59  +000968.6 -000099.5  21 03 08.3  137.023 13.913  84.43  39084 16.8
2010-02-06  00:40:00  14 42 54.8  -18 39 52  +000975.3 -000090.9  21 02 22.0  136.994 13.593  86.94  39014 16.9
2010-02-06  00:50:00  14 53 47.2  -18 54 16  +000981.9 -000081.9  21 01 31.2  136.938 13.285  89.46  38945 16.9
2010-02-06  01:00:00  15 04 43.9  -19 07 09  +000988.2 -000072.7  21 00 36.1  136.855 12.990  91.99  38877 17.0
2010-02-06  01:10:00  15 15 44.8  -19 18 29  +000994.3 -000063.1  20 59 36.9  136.745 12.710  94.55  38809 17.1
2010-02-06  01:20:00  15 26 49.7  -19 28 11  +001000.2 -000053.2  20 58 33.7  136.608 12.446  97.10  38742 17.2
2010-02-06  01:30:00  15 37 58.3  -19 36 13  +001005.7 -000043.1  20 57 26.7  136.444 12.198  99.69  38675 17.2
2010-02-06  01:40:00  15 49 10.5  -19 42 33  +001010.9 -000032.8  20 56 16.2  136.255 11.967 102.27  38610 17.3
2010-02-06  01:50:00  16 00 26.0  -19 47 08  +001015.7 -000022.2  20 55 02.3  136.039 11.754 104.87  38546 17.4
2010-02-06  02:00:00  16 11 44.6  -19 49 57  +001020.1 -000011.5  20 53 45.3  135.798 11.559 107.48  38482 17.5
2010-02-06  02:10:00  16 23 06.1  -19 50 58  +001024.2 -000000.6  20 52 25.5  135.533 11.385 110.11  38420 17.6
2010-02-06  02:20:00  16 34 30.1  -19 50 09  +001027.8 +000010.4  20 51 03.1  135.244 11.230 112.73  38360 17.7
2010-02-06  02:30:00  16 45 56.4  -19 47 30  +001031.0 +000021.5  20 49 38.5  134.931 11.096 115.39  38301 17.9
2010-02-06  02:40:00  16 57 24.7  -19 43 00  +001033.7 +000032.6  20 48 11.8  134.596 10.983 118.03  38244 18.0
2010-02-06  02:50:00  17 08 54.6  -19 36 39  +001036.0 +000043.7  20 46 43.6  134.239 10.893 120.70  38188 18.1
2010-02-06  03:00:00  17 20 25.8  -19 28 27  +001037.8 +000054.8  20 45 13.9  133.861 10.824 123.37  38135 18.2
2010-02-06  03:10:00  17 31 58.2  -19 18 24  +001039.2 +000065.8  20 43 43.2  133.463 10.777 126.06  38083 18.4
2010-02-06  03:20:00  17 43 31.3  -19 06 32  +001040.1 +000076.7  20 42 11.8  133.045 10.753 128.74  38033 18.5
2010-02-06  03:30:00  17 55 04.9  -18 52 51  +001040.5 +000087.5  20 40 39.8  132.610 10.752 131.45  37986 18.7
2010-02-06  03:40:00  18 06 38.6  -18 37 23  +001040.6 +000098.0  20 39 07.8  132.157 10.774 134.14  37942 18.9
2010-02-06  03:50:00  18 18 12.2  -18 20 11  +001040.2 +000108.4  20 37 35.8  131.688 10.818 136.86  37899 19.1
2010-02-06  04:00:00  18 29 45.3  -18 01 17  +001039.3 +000118.5  20 36 04.3  131.204 10.886 139.56  37860 19.3
2010-02-06  04:10:00  18 41 17.9  -17 40 43  +001038.2 +000128.3  20 34 33.4  130.705 10.975 142.29  37823 19.5
2010-02-06  04:20:00  18 52 49.5  -17 18 33  +001036.6 +000137.7  20 33 03.4  130.194 11.087 145.00  37789 19.7

   Date        UTC        RA         DECL      RARate   DeclRate    HourAng      Az     Um    Phase  Range  Mag
2010-02-06  16:10:00  06 59 26.1  +03 41 58  +000811.5 -000115.6  20 18 23.4  114.005 25.944  36.72  41091 16.0
2010-02-06  16:20:00  07 08 26.5  +03 22 13  +000809.6 -000121.2  20 19 24.7  114.456 25.849  34.77  41114 16.0
2010-02-06  16:30:00  07 17 25.6  +03 01 34  +000807.8 -000126.7  20 20 27.2  114.921 25.745  32.85  41134 16.0
2010-02-06  16:40:00  07 26 23.6  +02 40 00  +000806.2 -000132.0  20 21 30.9  115.399 25.630  30.99  41151 16.0
2010-02-06  16:50:00  07 35 20.5  +02 17 35  +000804.7 -000137.1  20 22 35.6  115.891 25.505  29.17  41164 16.0
2010-02-06  17:00:00  07 44 16.6  +01 54 19  +000803.4 -000142.0  20 23 41.2  116.394 25.370  27.44  41174 15.9
2010-02-06  17:10:00  07 53 11.9  +01 30 16  +000802.4 -000146.7  20 24 47.6  116.908 25.225  25.77  41181 15.9
2010-02-06  17:20:00  08 02 06.5  +01 05 27  +000801.5 -000151.2  20 25 54.6  117.432 25.069  24.22  41185 15.9
2010-02-06  17:30:00  08 11 00.6  +00 39 54  +000800.9 -000155.4  20 27 02.1  117.965 24.904  22.77  41185 15.9
2010-02-06  17:40:00  08 19 54.3  +00 13 39  +000800.4 -000159.5  20 28 10.0  118.505 24.728  21.47  41182 15.9
2010-02-06  17:50:00  08 28 47.9  -00 13 16  +000800.2 -000163.4  20 29 18.1  119.052 24.542  20.34  41176 15.9
2010-02-06  18:00:00  08 37 41.3  -00 40 48  +000800.2 -000167.0  20 30 26.3  119.605 24.347  19.40  41167 15.9
2010-02-06  18:10:00  08 46 34.9  -01 08 56  +000800.5 -000170.5  20 31 34.4  120.162 24.140  18.70  41155 15.9
2010-02-06  18:20:00  08 55 28.6  -01 37 37  +000800.9 -000173.7  20 32 42.3  120.722 23.924  18.25  41140 15.9
2010-02-06  18:30:00  09 04 22.8  -02 06 49  +000801.7 -000176.7  20 33 49.7  121.284 23.698  18.08  41122 15.9
2010-02-06  18:40:00  09 13 17.6  -02 36 30  +000802.7 -000179.4  20 34 56.6  121.847 23.462  18.19  41101 15.9
2010-02-06  18:50:00  09 22 13.1  -03 06 37  +000803.9 -000181.9  20 36 02.7  122.410 23.215  18.59  41077 15.9
2010-02-06  19:00:00  09 31 09.5  -03 37 08  +000805.4 -000184.2  20 37 07.9  122.971 22.959  19.24  41050 15.9
2010-02-06  19:10:00  09 40 07.0  -04 07 60  +000807.2 -000186.2  20 38 12.1  123.530 22.694  20.15  41021 15.9
2010-02-06  19:20:00  09 49 05.8  -04 39 11  +000809.2 -000188.0  20 39 15.0  124.085 22.418  21.26  40989 15.9
2010-02-06  19:30:00  09 58 06.0  -05 10 39  +000811.5 -000189.5  20 40 16.4  124.635 22.134  22.56  40954 15.9
2010-02-06  19:40:00  10 07 07.8  -05 42 21  +000814.0 -000190.8  20 41 16.2  125.179 21.840  24.00  40917 15.9
2010-02-06  19:50:00  10 16 11.5  -06 14 13  +000816.9 -000191.7  20 42 14.2  125.715 21.537  25.59  40877 15.9
2010-02-06  20:00:00  10 25 17.1  -06 46 15  +000820.0 -000192.4  20 43 10.3  126.243 21.226  27.27  40835 15.9
2010-02-06  20:10:00  10 34 24.8  -07 18 22  +000823.4 -000192.9  20 44 04.1  126.762 20.907  29.06  40791 15.9
2010-02-06  20:20:00  10 43 35.0  -07 50 31  +000827.0 -000193.0  20 44 55.7  127.269 20.579  30.91  40745 16.0
2010-02-06  20:30:00  10 52 47.6  -08 22 40  +000830.9 -000192.8  20 45 44.7  127.765 20.244  32.84  40696 16.0
2010-02-06  20:40:00  11 02 02.9  -08 54 46  +000835.1 -000192.3  20 46 31.0  128.248 19.902  34.82  40646 16.0
2010-02-06  20:50:00  11 11 21.2  -09 26 46  +000839.6 -000191.6  20 47 14.4  128.716 19.553  36.86  40593 16.0
2010-02-06  21:00:00  11 20 42.4  -09 58 36  +000844.3 -000190.4  20 47 54.7  129.170 19.198  38.93  40539 16.0
2010-02-06  21:10:00  11 30 06.9  -10 30 14  +000849.3 -000189.0  20 48 31.9  129.607 18.838  41.05  40483 16.0
2010-02-06  21:20:00  11 39 34.8  -11 01 35  +000854.5 -000187.2  20 49 05.6  130.028 18.472  43.19  40426 16.1
2010-02-06  21:30:00  11 49 06.3  -11 32 37  +000859.9 -000185.1  20 49 35.9  130.430 18.102  45.38  40367 16.1
2010-02-06  21:40:00  11 58 41.4  -12 03 16  +000865.6 -000182.6  20 50 02.4  130.813 17.728  47.58  40306 16.1
2010-02-06  21:50:00  12 08 20.4  -12 33 29  +000871.5 -000179.8  20 50 25.0  131.176 17.351  49.82  40245 16.2
2010-02-06  22:00:00  12 18 03.4  -13 03 12  +000877.5 -000176.6  20 50 43.7  131.518 16.972  52.07  40182 16.2
2010-02-06  22:10:00  12 27 50.5  -13 32 20  +000883.8 -000173.1  20 50 58.2  131.839 16.591  54.36  40118 16.2
2010-02-06  22:20:00  12 37 41.9  -14 00 52  +000890.3 -000169.1  20 51 08.5  132.138 16.209  56.65  40052 16.3
2010-02-06  22:30:00  12 47 37.6  -14 28 42  +000896.9 -000164.8  20 51 14.4  132.413 15.827  58.98  39986 16.3
2010-02-06  22:40:00  12 57 37.7  -14 55 47  +000903.6 -000160.1  20 51 15.9  132.665 15.446  61.32  39919 16.3
2010-02-06  22:50:00  13 07 42.4  -15 22 03  +000910.5 -000155.0  20 51 12.9  132.892 15.067  63.68  39852 16.4
2010-02-06  23:00:00  13 17 51.7  -15 47 26  +000917.4 -000149.6  20 51 05.2  133.094 14.691  66.06  39784 16.4
2010-02-06  23:10:00  13 28 05.7  -16 11 53  +000924.4 -000143.7  20 50 52.9  133.271 14.318  68.46  39715 16.5
2010-02-06  23:20:00  13 38 24.3  -16 35 19  +000931.5 -000137.4  20 50 35.9  133.421 13.949  70.86  39646 16.5
2010-02-06  23:30:00  13 48 47.7  -16 57 41  +000938.6 -000130.8  20 50 14.2  133.546 13.586  73.30  39577 16.6
2010-02-06  23:40:00  13 59 15.7  -17 18 54  +000945.7 -000123.8  20 49 47.7  133.644 13.230  75.74  39507 16.6
2010-02-06  23:50:00  14 09 48.5  -17 38 55  +000952.7 -000116.4  20 49 16.6  133.714 12.881  78.20  39438 16.7
2010-02-07  00:00:00  14 20 25.9  -17 57 40  +000959.6 -000108.6  20 48 40.8  133.758 12.540  80.67  39368 16.7
2010-02-07  00:10:00  14 31 08.0  -18 15 05  +000966.5 -000100.4  20 48 00.4  133.774 12.209  83.17  39299 16.8
2010-02-07  00:20:00  14 41 54.5  -18 31 07  +000973.2 -000091.9  20 47 15.5  133.763 11.888  85.67  39230 16.8
2010-02-07  00:30:00  14 52 45.5  -18 45 43  +000979.7 -000083.1  20 46 26.2  133.725 11.579  88.19  39161 16.9
2010-02-07  00:40:00  15 03 40.7  -18 58 49  +000986.0 -000073.9  20 45 32.6  133.659 11.282  90.72  39093 17.0
2010-02-07  00:50:00  15 14 40.1  -19 10 21  +000992.1 -000064.5  20 44 34.9  133.566 10.999  93.27  39025 17.1
2010-02-07  01:00:00  15 25 43.5  -19 20 18  +000997.9 -000054.7  20 43 33.2  133.445 10.729  95.82  38958 17.1
2010-02-07  01:10:00  15 36 50.6  -19 28 35  +001003.5 -000044.7  20 42 27.7  133.298 10.475  98.40  38892 17.2
2010-02-07  01:20:00  15 48 01.3  -19 35 12  +001008.7 -000034.5  20 41 18.6  133.125 10.238 100.98  38827 17.3
2010-02-07  01:30:00  15 59 15.4  -19 40 05  +001013.5 -000024.0  20 40 06.1  132.925 10.017 103.58  38763 17.4

   Date        UTC        RA         DECL      RARate   DeclRate    HourAng      Az     Um    Phase  Range  Mag
2010-02-07  16:10:00  07 16 35.8  +03 04 17  +000808.9 -000125.0  20 05 10.3  111.646 23.360  33.82  41351 16.0
2010-02-07  16:20:00  07 25 34.5  +02 43 01  +000807.2 -000130.3  20 06 13.3  112.112 23.255  31.93  41368 16.0
2010-02-07  16:30:00  07 34 32.1  +02 20 52  +000805.7 -000135.4  20 07 17.3  112.592 23.141  30.07  41382 16.0
2010-02-07  16:40:00  07 43 28.9  +01 57 53  +000804.4 -000140.3  20 08 22.2  113.083 23.018  28.29  41393 16.0
2010-02-07  16:50:00  07 52 24.8  +01 34 07  +000803.3 -000145.0  20 09 27.9  113.586 22.885  26.58  41400 16.0
2010-02-07  17:00:00  08 01 20.0  +01 09 34  +000802.4 -000149.5  20 10 34.3  114.099 22.742  24.96  41404 15.9
2010-02-07  17:10:00  08 10 14.7  +00 44 17  +000801.7 -000153.8  20 11 41.3  114.621 22.589  23.43  41405 15.9
2010-02-07  17:20:00  08 19 09.0  +00 18 18  +000801.2 -000157.9  20 12 48.7  115.151 22.427  22.05  41403 15.9
2010-02-07  17:30:00  08 28 03.0  -00 08 20  +000800.9 -000161.8  20 13 56.3  115.689 22.255  20.81  41398 15.9
2010-02-07  17:40:00  08 36 56.9  -00 35 37  +000800.9 -000165.5  20 15 04.0  116.232 22.073  19.75  41389 15.9
2010-02-07  17:50:00  08 45 50.9  -01 03 29  +000801.1 -000168.9  20 16 11.7  116.780 21.882  18.91  41377 15.9
2010-02-07  18:00:00  08 54 45.0  -01 31 55  +000801.5 -000172.2  20 17 19.2  117.333 21.681  18.32  41363 15.9
2010-02-07  18:10:00  09 03 39.5  -02 00 52  +000802.1 -000175.2  20 18 26.3  117.888 21.470  17.99  41345 15.9
2010-02-07  18:20:00  09 12 34.6  -02 30 18  +000803.1 -000178.0  20 19 32.9  118.444 21.249  17.94  41324 15.9
2010-02-07  18:30:00  09 21 30.3  -03 00 10  +000804.2 -000180.5  20 20 38.8  119.002 21.019  18.19  41301 15.9
2010-02-07  18:40:00  09 30 27.0  -03 30 26  +000805.7 -000182.8  20 21 43.8  119.558 20.779  18.71  41274 15.9
2010-02-07  18:50:00  09 39 24.6  -04 01 05  +000807.3 -000184.9  20 22 47.8  120.113 20.530  19.50  41245 15.9
2010-02-07  19:00:00  09 48 23.5  -04 32 03  +000809.3 -000186.7  20 23 50.6  120.665 20.272  20.50  41214 15.9
2010-02-07  19:10:00  09 57 23.7  -05 03 17  +000811.5 -000188.2  20 24 51.9  121.213 20.004  21.72  41179 15.9
2010-02-07  19:20:00  10 06 25.6  -05 34 46  +000814.0 -000189.5  20 25 51.8  121.755 19.727  23.09  41142 15.9
2010-02-07  19:30:00  10 15 29.1  -06 06 27  +000816.8 -000190.5  20 26 49.8  122.291 19.442  24.62  41103 15.9
2010-02-07  19:40:00  10 24 34.6  -06 38 16  +000819.8 -000191.3  20 27 46.0  122.819 19.147  26.26  41061 15.9
2010-02-07  19:50:00  10 33 42.2  -07 10 11  +000823.1 -000191.7  20 28 40.0  123.339 18.845  28.01  41017 15.9
2010-02-07  20:00:00  10 42 52.1  -07 42 09  +000826.6 -000191.9  20 29 31.8  123.849 18.534  29.83  40971 16.0
2010-02-07  20:10:00  10 52 04.5  -08 14 08  +000830.5 -000191.8  20 30 21.1  124.348 18.216  31.73  40922 16.0
2010-02-07  20:20:00  11 01 19.5  -08 46 04  +000834.6 -000191.4  20 31 07.7  124.835 17.891  33.69  40872 16.0
2010-02-07  20:30:00  11 10 37.3  -09 17 55  +000838.9 -000190.6  20 31 51.5  125.309 17.558  35.71  40820 16.0
2010-02-07  20:40:00  11 19 58.1  -09 49 36  +000843.6 -000189.6  20 32 32.3  125.768 17.219  37.76  40765 16.0
2010-02-07  20:50:00  11 29 22.1  -10 21 05  +000848.4 -000188.2  20 33 10.0  126.212 16.875  39.87  40710 16.0
2010-02-07  21:00:00  11 38 49.4  -10 52 19  +000853.6 -000186.5  20 33 44.3  126.640 16.524  42.00  40652 16.1
2010-02-07  21:10:00  11 48 20.2  -11 23 14  +000858.9 -000184.5  20 34 15.2  127.051 16.169  44.17  40593 16.1
2010-02-07  21:20:00  11 57 54.7  -11 53 47  +000864.5 -000182.1  20 34 42.4  127.444 15.810  46.37  40533 16.1
2010-02-07  21:30:00  12 07 32.9  -12 23 55  +000870.3 -000179.3  20 35 05.8  127.817 15.447  48.60  40471 16.1
2010-02-07  21:40:00  12 17 15.1  -12 53 33  +000876.3 -000176.2  20 35 25.2  128.170 15.081  50.84  40408 16.2
2010-02-07  21:50:00  12 27 01.3  -13 22 38  +000882.5 -000172.7  20 35 40.6  128.503 14.712  53.12  40344 16.2
2010-02-07  22:00:00  12 36 51.8  -13 51 06  +000888.8 -000168.9  20 35 51.9  128.813 14.342  55.41  40279 16.2
2010-02-07  22:10:00  12 46 46.5  -14 18 54  +000895.4 -000164.7  20 35 58.8  129.102 13.972  57.74  40213 16.3
2010-02-07  22:20:00  12 56 45.6  -14 45 58  +000902.0 -000160.1  20 36 01.3  129.367 13.601  60.07  40146 16.3
2010-02-07  22:30:00  13 06 49.2  -15 12 14  +000908.8 -000155.1  20 35 59.4  129.608 13.232  62.43  40078 16.4
2010-02-07  22:40:00  13 16 57.3  -15 37 39  +000915.7 -000149.7  20 35 52.9  129.825 12.864  64.80  40010 16.4
2010-02-07  22:50:00  13 27 10.1  -16 02 07  +000922.6 -000143.9  20 35 41.7  130.016 12.498  67.20  39942 16.4
2010-02-07  23:00:00  13 37 27.5  -16 25 36  +000929.6 -000137.8  20 35 26.0  130.183 12.137  69.60  39873 16.5
2010-02-07  23:10:00  13 47 49.5  -16 48 01  +000936.6 -000131.2  20 35 05.6  130.323 11.780  72.03  39803 16.5
2010-02-07  23:20:00  13 58 16.3  -17 09 20  +000943.6 -000124.3  20 34 40.5  130.437 11.428  74.46  39734 16.6
2010-02-07  23:30:00  14 08 47.7  -17 29 27  +000950.6 -000117.0  20 34 10.7  130.524 11.083  76.93  39664 16.6
2010-02-07  23:40:00  14 19 23.7  -17 48 19  +000957.5 -000109.4  20 33 36.3  130.584 10.745  79.39  39595 16.7
2010-02-07  23:50:00  14 30 04.3  -18 05 53  +000964.3 -000101.3  20 32 57.4  130.616 10.416  81.88  39526 16.8
2010-02-08  00:00:00  14 40 49.4  -18 22 05  +000970.9 -000092.9  20 32 14.0  130.622 10.096  84.38  39457 16.8

   Date        UTC        RA         DECL      RARate   DeclRate    HourAng      Az     Um    Phase  Range  Mag
2010-02-08  16:10:00  07 33 38.2  +02 24 03  +000806.8 -000133.7  19 52 04.5  109.422 20.733  31.02  41609 16.0
2010-02-08  16:20:00  07 42 35.6  +02 01 21  +000805.4 -000138.6  19 53 08.7  109.902 20.620  29.19  41621 16.0
2010-02-08  16:30:00  07 51 32.2  +01 37 51  +000804.3 -000143.3  19 54 13.8  110.393 20.497  27.43  41629 16.0
2010-02-08  16:40:00  08 00 28.0  +01 13 35  +000803.3 -000147.8  19 55 19.6  110.895 20.365  25.75  41634 16.0
2010-02-08  16:50:00  08 09 23.3  +00 48 35  +000802.6 -000152.2  19 56 25.9  111.407 20.224  24.16  41635 15.9
2010-02-08  17:00:00  08 18 18.2  +00 22 52  +000802.0 -000156.3  19 57 32.7  111.927 20.073  22.69  41634 15.9
2010-02-08  17:10:00  08 27 12.7  -00 03 30  +000801.7 -000160.2  19 58 39.8  112.454 19.913  21.35  41629 15.9
2010-02-08  17:20:00  08 36 07.1  -00 30 31  +000801.6 -000163.9  19 59 47.1  112.989 19.744  20.18  41621 15.9
2010-02-08  17:30:00  08 45 01.5  -00 58 07  +000801.7 -000167.4  20 00 54.3  113.528 19.566  19.21  41610 15.9
2010-02-08  17:40:00  08 53 56.1  -01 26 17  +000802.0 -000170.6  20 02 01.4  114.072 19.378  18.47  41596 15.9
2010-02-08  17:50:00  09 02 50.9  -01 54 58  +000802.6 -000173.6  20 03 08.1  114.620 19.181  17.99  41578 15.9
2010-02-08  18:00:00  09 11 46.3  -02 24 09  +000803.5 -000176.4  20 04 14.4  115.170 18.975  17.78  41558 15.9
2010-02-08  18:10:00  09 20 42.3  -02 53 46  +000804.6 -000179.0  20 05 20.1  115.721 18.759  17.87  41535 15.9
2010-02-08  18:20:00  09 29 39.2  -03 23 48  +000805.9 -000181.3  20 06 24.9  116.272 18.534  18.25  41509 15.9
2010-02-08  18:30:00  09 38 37.0  -03 54 12  +000807.6 -000183.4  20 07 28.7  116.822 18.300  18.90  41480 15.9
2010-02-08  18:40:00  09 47 36.0  -04 24 56  +000809.4 -000185.3  20 08 31.3  117.370 18.056  19.79  41449 15.9
2010-02-08  18:50:00  09 56 36.3  -04 55 57  +000811.6 -000186.9  20 09 32.7  117.914 17.804  20.91  41415 15.9
2010-02-08  19:00:00  10 05 38.1  -05 27 12  +000814.0 -000188.2  20 10 32.5  118.454 17.543  22.20  41378 15.9
2010-02-08  19:10:00  10 14 41.7  -05 58 40  +000816.7 -000189.2  20 11 30.6  118.989 17.273  23.66  41339 15.9
2010-02-08  19:20:00  10 23 47.1  -06 30 16  +000819.6 -000190.0  20 12 26.8  119.516 16.995  25.25  41297 15.9
2010-02-08  19:30:00  10 32 54.5  -07 01 59  +000822.8 -000190.6  20 13 21.0  120.036 16.708  26.95  41253 15.9
2010-02-08  19:40:00  10 42 04.2  -07 33 46  +000826.3 -000190.8  20 14 12.9  120.547 16.413  28.74  41207 16.0
2010-02-08  19:50:00  10 51 16.3  -08 05 34  +000830.1 -000190.7  20 15 02.5  121.048 16.111  30.61  41159 16.0
2010-02-08  20:00:00  11 00 31.0  -08 37 20  +000834.1 -000190.3  20 15 49.4  121.538 15.801  32.54  41109 16.0
2010-02-08  20:10:00  11 09 48.4  -09 08 60  +000838.3 -000189.7  20 16 33.6  122.015 15.484  34.54  41057 16.0
2010-02-08  20:20:00  11 19 08.8  -09 40 32  +000842.9 -000188.7  20 17 14.9  122.479 15.160  36.58  41003 16.0
2010-02-08  20:30:00  11 28 32.3  -10 11 52  +000847.6 -000187.4  20 17 53.1  122.929 14.831  38.67  40947 16.0
2010-02-08  20:40:00  11 37 59.1  -10 42 58  +000852.7 -000185.7  20 18 27.9  123.363 14.495  40.79  40889 16.1
2010-02-08  20:50:00  11 47 29.3  -11 13 46  +000857.9 -000183.8  20 18 59.4  123.780 14.154  42.96  40831 16.1
2010-02-08  21:00:00  11 57 03.0  -11 44 12  +000863.4 -000181.4  20 19 27.3  124.181 13.809  45.14  40770 16.1
2010-02-08  21:10:00  12 06 40.5  -12 14 13  +000869.1 -000178.8  20 19 51.4  124.563 13.459  47.36  40708 16.1
2010-02-08  21:20:00  12 16 21.9  -12 43 46  +000875.0 -000175.7  20 20 11.7  124.925 13.106  49.60  40645 16.2
2010-02-08  21:30:00  12 26 07.2  -13 12 47  +000881.1 -000172.3  20 20 28.0  125.268 12.750  51.88  40581 16.2
2010-02-08  21:40:00  12 35 56.7  -13 41 12  +000887.4 -000168.6  20 20 40.1  125.590 12.392  54.16  40516 16.2
2010-02-08  21:50:00  12 45 50.5  -14 08 57  +000893.8 -000164.4  20 20 48.1  125.889 12.032  56.48  40450 16.3
2010-02-08  22:00:00  12 55 48.5  -14 35 60  +000900.4 -000159.9  20 20 51.6  126.166 11.672  58.80  40383 16.3
2010-02-08  22:10:00  13 05 51.0  -15 02 15  +000907.1 -000155.0  20 20 50.8  126.420 11.312  61.16  40316 16.3
2010-02-08  22:20:00  13 15 58.0  -15 27 39  +000913.9 -000149.8  20 20 45.4  126.650 10.953  63.52  40248 16.4
2010-02-08  22:30:00  13 26 09.5  -15 52 09  +000920.8 -000144.1  20 20 35.5  126.856 10.596  65.92  40179 16.4
2010-02-08  22:40:00  13 36 25.7  -16 15 40  +000927.7 -000138.1  20 20 21.0  127.036 10.242  68.31  40110 16.5

   Date        UTC        RA         DECL      RARate   DeclRate    HourAng      Az     Um    Phase  Range  Mag
2010-02-09  16:20:00  07 59 30.4  +01 17 30  +000804.3 -000146.2  19 40 10.5  107.806 17.950  26.59  41871 16.0
2010-02-09  16:30:00  08 08 26.3  +00 52 46  +000803.5 -000150.5  19 41 16.2  108.307 17.818  24.94  41874 16.0
2010-02-09  16:40:00  08 17 21.7  +00 27 20  +000802.8 -000154.6  19 42 22.5  108.818 17.678  23.39  41873 16.0
2010-02-09  16:50:00  08 26 16.8  +00 01 14  +000802.5 -000158.5  19 43 29.0  109.336 17.529  21.96  41869 15.9
2010-02-09  17:00:00  08 35 11.7  -00 25 30  +000802.3 -000162.3  19 44 35.8  109.861 17.371  20.69  41861 15.9
2010-02-09  17:10:00  08 44 06.5  -00 52 50  +000802.4 -000165.7  19 45 42.5  110.392 17.204  19.60  41851 15.9
2010-02-09  17:20:00  08 53 01.5  -01 20 44  +000802.6 -000169.0  19 46 49.2  110.928 17.028  18.72  41837 15.9
2010-02-09  17:30:00  09 01 56.8  -01 49 09  +000803.2 -000172.1  19 47 55.6  111.467 16.843  18.08  41821 15.9
2010-02-09  17:40:00  09 10 52.5  -02 18 04  +000804.0 -000174.9  19 49 01.5  112.010 16.649  17.71  41801 15.9
2010-02-09  17:50:00  09 19 48.8  -02 47 26  +000805.0 -000177.5  19 50 06.8  112.555 16.446  17.64  41778 15.9
2010-02-09  18:00:00  09 28 45.9  -03 17 13  +000806.3 -000179.9  19 51 11.4  113.100 16.234  17.85  41753 15.9
2010-02-09  18:10:00  09 37 43.9  -03 47 23  +000807.8 -000182.0  19 52 15.0  113.645 16.014  18.36  41724 15.9
2010-02-09  18:20:00  09 46 43.0  -04 17 52  +000809.6 -000183.8  19 53 17.5  114.188 15.784  19.12  41693 15.9
2010-02-09  18:30:00  09 55 43.4  -04 48 39  +000811.7 -000185.5  19 54 18.8  114.728 15.546  20.13  41660 15.9
2010-02-09  18:40:00  10 04 45.3  -05 19 40  +000814.0 -000186.8  19 55 18.5  115.265 15.299  21.34  41623 15.9
2010-02-09  18:50:00  10 13 48.8  -05 50 54  +000816.6 -000187.9  19 56 16.7  115.798 15.043  22.72  41585 15.9
2010-02-09  19:00:00  10 22 54.2  -06 22 18  +000819.5 -000188.8  19 57 13.0  116.324 14.779  24.25  41543 15.9
2010-02-09  19:10:00  10 32 01.5  -06 53 49  +000822.6 -000189.3  19 58 07.3  116.843 14.507  25.90  41500 16.0
2010-02-09  19:20:00  10 41 11.0  -07 25 24  +000826.0 -000189.6  19 58 59.4  117.354 14.227  27.65  41454 16.0
2010-02-09  19:30:00  10 50 22.9  -07 56 59  +000829.6 -000189.6  19 59 49.2  117.856 13.939  29.49  41406 16.0
2010-02-09  19:40:00  10 59 37.3  -08 28 34  +000833.6 -000189.3  20 00 36.5  118.347 13.644  31.39  41356 16.0
2010-02-09  19:50:00  11 08 54.3  -09 00 04  +000837.7 -000188.6  20 01 21.0  118.827 13.342  33.37  41304 16.0
2010-02-09  20:00:00  11 18 14.3  -09 31 26  +000842.2 -000187.7  20 02 02.7  119.294 13.032  35.39  41250 16.0
2010-02-09  20:10:00  11 27 37.3  -10 02 37  +000846.9 -000186.5  20 02 41.3  119.748 12.717  37.47  41194 16.0
2010-02-09  20:20:00  11 37 03.5  -10 33 34  +000851.8 -000184.9  20 03 16.8  120.187 12.395  39.57  41137 16.1
2010-02-09  20:30:00  11 46 33.1  -11 04 14  +000857.0 -000183.0  20 03 48.8  120.611 12.068  41.72  41078 16.1
2010-02-09  20:40:00  11 56 06.2  -11 34 32  +000862.4 -000180.7  20 04 17.4  121.018 11.736  43.90  41018 16.1
2010-02-09  20:50:00  12 05 42.9  -12 04 27  +000868.0 -000178.1  20 04 42.3  121.407 11.399  46.11  40956 16.1
2010-02-09  21:00:00  12 15 23.5  -12 33 54  +000873.8 -000175.2  20 05 03.3  121.778 11.058  48.34  40893 16.2
2010-02-09  21:10:00  12 25 08.0  -13 02 50  +000879.8 -000171.9  20 05 20.5  122.129 10.714  50.61  40829 16.2
2010-02-09  21:20:00  12 34 56.6  -13 31 11  +000886.0 -000168.2  20 05 33.5  122.460 10.368  52.89  40764 16.2
2010-02-09  21:30:00  12 44 49.4  -13 58 53  +000892.3 -000164.2  20 05 42.4  122.770 10.019  55.20  40698 16.3

   Date        UTC        RA         DECL      RARate   DeclRate    HourAng      Az     Um    Phase  Range  Mag
2010-02-10  16:20:00  08 16 19.3  +00 31 43  +000803.7 -000152.9  19 27 18.1  105.810 15.252  24.16  42119 16.0
2010-02-10  16:30:00  08 25 15.0  +00 05 53  +000803.3 -000156.9  19 28 24.1  106.319 15.112  22.65  42116 16.0
2010-02-10  16:40:00  08 34 10.4  -00 20 34  +000803.1 -000160.6  19 29 30.3  106.835 14.963  21.28  42109 15.9
2010-02-10  16:50:00  08 43 05.8  -00 47 38  +000803.1 -000164.1  19 30 36.6  107.357 14.806  20.07  42099 15.9
2010-02-10  17:00:00  08 52 01.2  -01 15 16  +000803.3 -000167.4  19 31 42.8  107.885 14.641  19.05  42086 15.9
2010-02-10  17:10:00  09 00 56.9  -01 43 25  +000803.8 -000170.5  19 32 48.7  108.417 14.466  18.26  42070 15.9
2010-02-10  17:20:00  09 09 53.0  -02 12 05  +000804.5 -000173.3  19 33 54.3  108.953 14.284  17.74  42051 15.9
2010-02-10  17:30:00  09 18 49.6  -02 41 11  +000805.4 -000175.9  19 34 59.3  109.491 14.092  17.49  42029 15.9
2010-02-10  17:40:00  09 27 46.9  -03 10 43  +000806.6 -000178.3  19 36 03.6  110.030 13.892  17.54  42004 15.9
2010-02-10  17:50:00  09 36 45.1  -03 40 37  +000808.1 -000180.5  19 37 07.1  110.569 13.683  17.89  41977 15.9
2010-02-10  18:00:00  09 45 44.4  -04 10 51  +000809.8 -000182.4  19 38 09.4  111.108 13.466  18.51  41946 15.9
2010-02-10  18:10:00  09 54 45.0  -04 41 24  +000811.8 -000184.0  19 39 10.5  111.645 13.240  19.40  41913 15.9
2010-02-10  18:20:00  10 03 46.9  -05 12 11  +000814.1 -000185.4  19 40 10.2  112.178 13.006  20.50  41877 15.9
2010-02-10  18:30:00  10 12 50.4  -05 43 12  +000816.6 -000186.6  19 41 08.3  112.707 12.763  21.80  41839 15.9
2010-02-10  18:40:00  10 21 55.7  -06 14 22  +000819.3 -000187.4  19 42 04.7  113.232 12.512  23.26  41798 15.9
2010-02-10  18:50:00  10 31 03.0  -06 45 39  +000822.4 -000188.0  19 42 59.1  113.749 12.254  24.86  41754 16.0
2010-02-10  19:00:00  10 40 12.3  -07 17 02  +000825.7 -000188.4  19 43 51.4  114.260 11.987  26.56  41709 16.0
2010-02-10  19:10:00  10 49 23.9  -07 48 26  +000829.3 -000188.4  19 44 41.4  114.762 11.713  28.36  41661 16.0
2010-02-10  19:20:00  10 58 38.0  -08 19 49  +000833.1 -000188.1  19 45 28.9  115.254 11.431  30.24  41611 16.0
2010-02-10  19:30:00  11 07 54.8  -08 51 08  +000837.2 -000187.6  19 46 13.8  115.735 11.142  32.19  41560 16.0
2010-02-10  19:40:00  11 17 14.3  -09 22 19  +000841.5 -000186.7  19 46 55.9  116.205 10.846  34.19  41506 16.0
2010-02-10  19:50:00  11 26 36.9  -09 53 21  +000846.1 -000185.5  19 47 35.0  116.662 10.543  36.25  41450 16.0
2010-02-10  20:00:00  11 36 02.5  -10 24 08  +000851.0 -000184.0  19 48 11.0  117.105 10.235  38.34  41393 16.1

   Date        UTC        RA         DECL      RARate   DeclRate    HourAng      Az     Um    Phase  Range  Mag
2010-02-11  16:20:00  08 33 03.1  -00 15 44  +000803.9 -000158.9  19 14 30.8  103.898 12.532  21.94  42363 16.0
2010-02-11  16:30:00  08 41 59.0  -00 42 32  +000803.8 -000162.5  19 15 36.6  104.412 12.383  20.62  42354 16.0
2010-02-11  16:40:00  08 50 54.9  -01 09 53  +000804.0 -000165.8  19 16 42.4  104.932 12.226  19.48  42342 16.0
2010-02-11  16:50:00  08 59 51.0  -01 37 47  +000804.4 -000168.9  19 17 47.9  105.457 12.061  18.55  42326 15.9
2010-02-11  17:00:00  09 08 47.5  -02 06 10  +000805.0 -000171.7  19 18 53.1  105.986 11.888  17.86  42308 15.9
2010-02-11  17:10:00  09 17 44.4  -02 35 00  +000805.9 -000174.4  19 19 57.8  106.517 11.706  17.44  42287 15.9
2010-02-11  17:20:00  09 26 42.0  -03 04 17  +000807.0 -000176.8  19 21 01.8  107.051 11.516  17.32  42263 15.9
2010-02-11  17:30:00  09 35 40.5  -03 33 56  +000808.4 -000179.0  19 22 05.0  107.585 11.318  17.50  42236 15.9
2010-02-11  17:40:00  09 44 40.0  -04 03 55  +000810.1 -000180.9  19 23 07.1  108.118 11.112  17.97  42206 15.9
2010-02-11  17:50:00  09 53 40.7  -04 34 13  +000812.0 -000182.6  19 24 08.1  108.651 10.897  18.72  42173 15.9
2010-02-11  18:00:00  10 02 42.7  -05 04 46  +000814.1 -000184.0  19 25 07.7  109.181 10.674  19.71  42138 15.9
2010-02-11  18:10:00  10 11 46.2  -05 35 32  +000816.6 -000185.2  19 26 05.8  109.707 10.443  20.91  42100 15.9
2010-02-11  18:20:00  10 20 51.5  -06 06 29  +000819.3 -000186.1  19 27 02.2  110.229 10.204  22.29  42059 16.0
