ЭФЕМЕРИДЫ ПО ОБЪЕКТУ:  90078
Для пункта:  10016 Маяки   46 23'50.68"   30 16'17.74"    14m
C   2010-02-01 12:00
по  2010-02-16 12:00
Шаг  0:10:00
Мин.угол места:          10 град
Макс.угол места Солнца: -10 град
Стандартный блеск :      8.0 (зв.вел.)

ОБОЗНАЧЕНИЯ
RA        прямое восхождение, тек.эпоха
DECL      склонение, тек.эпоха
RARate    скорость по пр.восх., арксек/мин
DeclRate  скорость по склонению, арксек/мин
HourAng   часовой угол
Az        азимут
Um        угол места
Phase     фазовый угол
Range     дальность
Mag       зв.величина (оценка)

   Date        UTC        RA         DECL      RARate   DeclRate    HourAng      Az     Um    Phase  Range  Mag
2010-02-01  16:00:00  01 13 54.5  -00 04 33  +000858.1 +000087.2  01 34 10.6  211.002 39.145 115.45  38093 16.8
2010-02-01  16:10:00  01 23 24.4  +00 09 33  +000851.5 +000081.9  01 34 42.4  211.269 39.317 113.13  38242 16.8
2010-02-01  16:20:00  01 32 49.9  +00 22 46  +000845.2 +000076.6  01 35 18.5  211.553 39.468 110.84  38387 16.7
2010-02-01  16:30:00  01 42 11.4  +00 35 05  +000839.2 +000071.2  01 35 58.7  211.852 39.599 108.55  38526 16.6
2010-02-01  16:40:00  01 51 29.0  +00 46 30  +000833.6 +000065.9  01 36 42.7  212.164 39.709 106.30  38659 16.5
2010-02-01  16:50:00  02 00 42.9  +00 57 03  +000828.3 +000060.6  01 37 30.4  212.489 39.799 104.05  38787 16.4
2010-02-01  17:00:00  02 09 53.5  +01 06 42  +000823.4 +000055.3  01 38 21.5  212.824 39.870 101.83  38909 16.3
2010-02-01  17:10:00  02 19 00.8  +01 15 29  +000818.7 +000050.0  01 39 15.8  213.169 39.920  99.61  39024 16.3
2010-02-01  17:20:00  02 28 05.2  +01 23 23  +000814.4 +000044.7  01 40 13.1  213.522 39.951  97.42  39133 16.2
2010-02-01  17:30:00  02 37 06.8  +01 30 24  +000810.4 +000039.5  01 41 13.1  213.882 39.964  95.23  39236 16.1
2010-02-01  17:40:00  02 46 05.9  +01 36 33  +000806.8 +000034.3  01 42 15.7  214.247 39.958  93.07  39332 16.1
2010-02-01  17:50:00  02 55 02.6  +01 41 50  +000803.4 +000029.1  01 43 20.6  214.617 39.933  90.91  39421 16.0
2010-02-01  18:00:00  03 03 57.1  +01 46 15  +000800.3 +000024.0  01 44 27.7  214.989 39.891  88.77  39503 15.9
2010-02-01  18:10:00  03 12 49.8  +01 49 49  +000797.6 +000018.8  01 45 36.7  215.364 39.831  86.63  39578 15.9
2010-02-01  18:20:00  03 21 40.7  +01 52 32  +000795.1 +000013.7  01 46 47.5  215.739 39.754  84.51  39646 15.8
2010-02-01  18:30:00  03 30 30.0  +01 54 24  +000793.0 +000008.6  01 47 59.8  216.113 39.661  82.40  39706 15.8
2010-02-01  18:40:00  03 39 18.0  +01 55 25  +000791.1 +000003.6  01 49 13.4  216.485 39.551  80.30  39760 15.7
2010-02-01  18:50:00  03 48 04.9  +01 55 36  +000789.5 -000001.4  01 50 28.2  216.854 39.426  78.20  39806 15.7
2010-02-01  19:00:00  03 56 50.8  +01 54 57  +000788.3 -000006.4  01 51 43.9  217.219 39.285  76.12  39844 15.6
2010-02-01  19:10:00  04 05 36.0  +01 53 28  +000787.3 -000011.4  01 53 00.4  217.579 39.129  74.04  39875 15.6
2010-02-01  19:20:00  04 14 20.6  +01 51 10  +000786.6 -000016.3  01 54 17.4  217.933 38.958  71.97  39898 15.5
2010-02-01  19:30:00  04 23 04.9  +01 48 02  +000786.2 -000021.2  01 55 34.7  218.279 38.774  69.91  39914 15.5
2010-02-01  19:40:00  04 31 49.0  +01 44 06  +000786.1 -000026.1  01 56 52.3  218.616 38.576  67.86  39922 15.5
2010-02-01  19:50:00  04 40 33.1  +01 39 21  +000786.3 -000030.9  01 58 09.8  218.944 38.365  65.80  39922 15.4
2010-02-01  20:00:00  04 49 17.5  +01 33 48  +000786.8 -000035.8  01 59 27.0  219.262 38.142  63.77  39915 15.4
2010-02-01  20:10:00  04 58 02.4  +01 27 26  +000787.7 -000040.5  02 00 43.8  219.568 37.907  61.73  39900 15.3
2010-02-01  20:20:00  05 06 47.8  +01 20 17  +000788.8 -000045.3  02 02 00.0  219.862 37.660  59.70  39877 15.3
2010-02-01  20:30:00  05 15 34.1  +01 12 20  +000790.1 -000050.1  02 03 15.4  220.143 37.402  57.68  39846 15.3
2010-02-01  20:40:00  05 24 21.4  +01 03 35  +000791.8 -000054.8  02 04 29.7  220.409 37.133  55.67  39808 15.2
2010-02-01  20:50:00  05 33 10.0  +00 54 04  +000793.9 -000059.5  02 05 42.8  220.661 36.855  53.66  39763 15.2
2010-02-01  21:00:00  05 41 59.9  +00 43 46  +000796.2 -000064.2  02 06 54.5  220.897 36.567  51.67  39709 15.2
2010-02-01  21:10:00  05 50 51.6  +00 32 41  +000798.8 -000068.8  02 08 04.5  221.116 36.270  49.67  39649 15.1
2010-02-01  21:20:00  05 59 45.1  +00 20 50  +000801.8 -000073.4  02 09 12.6  221.318 35.966  47.71  39580 15.1
2010-02-01  21:30:00  06 08 40.7  +00 08 13  +000805.0 -000078.0  02 10 18.6  221.502 35.653  45.74  39505 15.1
2010-02-01  21:40:00  06 17 38.6  -00 05 09  +000808.6 -000082.5  02 11 22.4  221.667 35.333  43.80  39422 15.0
2010-02-01  21:50:00  06 26 39.0  -00 19 17  +000812.6 -000087.0  02 12 23.7  221.812 35.007  41.87  39332 15.0
2010-02-01  22:00:00  06 35 42.1  -00 34 10  +000816.9 -000091.5  02 13 22.2  221.936 34.674  39.98  39234 15.0
2010-02-01  22:10:00  06 44 48.2  -00 49 47  +000821.5 -000095.9  02 14 17.7  222.040 34.337  38.11  39130 14.9
2010-02-01  22:20:00  06 53 57.4  -01 06 08  +000826.4 -000100.3  02 15 10.1  222.121 33.994  36.28  39019 14.9
2010-02-01  22:30:00  07 03 10.2  -01 23 13  +000831.8 -000104.6  02 15 59.0  222.180 33.647  34.48  38901 14.9
2010-02-01  22:40:00  07 12 26.6  -01 41 01  +000837.4 -000108.9  02 16 44.3  222.216 33.297  32.75  38776 14.9
2010-02-01  22:50:00  07 21 46.9  -01 59 31  +000843.5 -000113.1  02 17 25.6  222.227 32.944  31.08  38645 14.8
2010-02-01  23:00:00  07 31 11.3  -02 18 43  +000849.9 -000117.3  02 18 02.8  222.214 32.589  29.49  38507 14.8
2010-02-01  23:10:00  07 40 40.2  -02 38 37  +000856.7 -000121.4  02 18 35.6  222.175 32.232  27.99  38364 14.8
2010-02-01  23:20:00  07 50 13.7  -02 59 10  +000863.9 -000125.3  02 19 03.7  222.110 31.874  26.62  38214 14.8
2010-02-01  23:30:00  07 59 52.2  -03 20 23  +000871.5 -000129.2  02 19 26.9  222.018 31.516  25.38  38059 14.8
2010-02-01  23:40:00  08 09 35.9  -03 42 14  +000879.5 -000133.0  02 19 44.8  221.899 31.158  24.33  37898 14.7
2010-02-01  23:50:00  08 19 25.0  -04 04 43  +000888.0 -000136.7  02 19 57.3  221.751 30.802  23.47  37732 14.7
2010-02-02  00:00:00  08 29 19.9  -04 27 47  +000896.8 -000140.2  02 20 04.1  221.575 30.447  22.84  37561 14.7
2010-02-02  00:10:00  08 39 20.8  -04 51 27  +000906.0 -000143.6  02 20 04.8  221.369 30.096  22.47  37386 14.7
2010-02-02  00:20:00  08 49 28.0  -05 15 39  +000915.7 -000146.8  02 19 59.3  221.132 29.747  22.38  37206 14.7
2010-02-02  00:30:00  08 59 41.8  -05 40 23  +000925.8 -000149.9  02 19 47.1  220.865 29.403  22.58  37021 14.7
2010-02-02  00:40:00  09 10 02.4  -06 05 36  +000936.3 -000152.7  02 19 28.1  220.567 29.064  23.07  36833 14.7
2010-02-02  00:50:00  09 20 30.3  -06 31 16  +000947.3 -000155.4  02 19 01.9  220.236 28.730  23.85  36642 14.7
2010-02-02  01:00:00  09 31 05.6  -06 57 22  +000958.7 -000157.8  02 18 28.3  219.873 28.403  24.90  36448 14.7
2010-02-02  01:10:00  09 41 48.6  -07 23 51  +000970.5 -000159.9  02 17 46.9  219.477 28.084  26.19  36250 14.7
2010-02-02  01:20:00  09 52 39.6  -07 50 39  +000982.7 -000161.7  02 16 57.5  219.047 27.773  27.70  36051 14.7
2010-02-02  01:30:00  10 03 38.9  -08 17 44  +000995.4 -000163.2  02 15 59.8  218.583 27.470  29.41  35849 14.7
2010-02-02  01:40:00  10 14 46.8  -08 45 03  +001008.4 -000164.4  02 14 53.6  218.084 27.178  31.28  35646 14.7
2010-02-02  01:50:00  10 26 03.6  -09 12 31  +001021.9 -000165.2  02 13 38.5  217.551 26.897  33.32  35442 14.7
2010-02-02  02:00:00  10 37 29.4  -09 40 06  +001035.7 -000165.6  02 12 14.3  216.982 26.627  35.47  35238 14.7
2010-02-02  02:10:00  10 49 04.6  -10 07 42  +001049.9 -000165.6  02 10 40.8  216.377 26.369  37.76  35033 14.7
2010-02-02  02:20:00  11 00 49.3  -10 35 16  +001064.4 -000165.1  02 08 57.7  215.737 26.125  40.14  34830 14.7
2010-02-02  02:30:00  11 12 43.8  -11 02 42  +001079.2 -000164.0  02 07 04.8  215.060 25.895  42.63  34627 14.7
2010-02-02  02:40:00  11 24 48.3  -11 29 55  +001094.2 -000162.5  02 05 02.0  214.348 25.681  45.20  34425 14.7
2010-02-02  02:50:00  11 37 02.8  -11 56 49  +001109.5 -000160.4  02 02 49.1  213.599 25.482  47.85  34226 14.8
2010-02-02  03:00:00  11 49 27.6  -12 23 20  +001124.9 -000157.6  02 00 25.9  212.815 25.300  50.57  34029 14.8
2010-02-02  03:10:00  12 02 02.7  -12 49 19  +001140.4 -000154.2  01 57 52.5  211.996 25.135  53.37  33836 14.8
2010-02-02  03:20:00  12 14 48.1  -13 14 42  +001156.0 -000150.2  01 55 08.7  211.141 24.988  56.22  33647 14.9
2010-02-02  03:30:00  12 27 44.0  -13 39 22  +001171.5 -000145.5  01 52 14.5  210.251 24.861  59.14  33462 14.9
2010-02-02  03:40:00  12 40 50.1  -14 03 11  +001186.9 -000140.1  01 49 10.1  209.328 24.753  62.10  33282 14.9
2010-02-02  03:50:00  12 54 06.4  -14 26 02  +001202.0 -000134.0  01 45 55.4  208.371 24.665  65.13  33108 15.0
2010-02-02  04:00:00  13 07 32.7  -14 47 48  +001216.9 -000127.1  01 42 30.7  207.382 24.598  68.20  32940 15.0
2010-02-02  04:10:00  13 21 08.8  -15 08 22  +001231.4 -000119.5  01 38 56.2  206.362 24.552  71.32  32779 15.1
2010-02-02  04:20:00  13 34 54.4  -15 27 36  +001245.4 -000111.2  01 35 12.3  205.312 24.528  74.48  32626 15.2

   Date        UTC        RA         DECL      RARate   DeclRate    HourAng      Az     Um    Phase  Range  Mag
2010-02-02  16:10:00  03 42 46.5  +01 54 51  +000791.5 +000010.3  23 19 16.9  165.627 44.636  80.33  39306 15.7
2010-02-02  16:20:00  03 51 33.5  +01 56 08  +000789.7 +000005.2  23 20 31.5  166.053 44.710  78.24  39348 15.7
2010-02-02  16:30:00  04 00 19.4  +01 56 35  +000788.2 +000000.1  23 21 47.2  166.489 44.769  76.14  39382 15.6
2010-02-02  16:40:00  04 09 04.5  +01 56 11  +000787.1 -000004.9  23 23 03.7  166.934 44.813  74.06  39409 15.6
2010-02-02  16:50:00  04 17 48.9  +01 54 56  +000786.2 -000010.0  23 24 21.0  167.386 44.842  71.97  39428 15.5
2010-02-02  17:00:00  04 26 32.9  +01 52 52  +000785.6 -000015.0  23 25 38.7  167.845 44.855  69.91  39439 15.5
2010-02-02  17:10:00  04 35 16.5  +01 49 57  +000785.4 -000019.9  23 26 56.7  168.308 44.854  67.84  39443 15.4
2010-02-02  17:20:00  04 44 00.1  +01 46 13  +000785.4 -000024.9  23 28 14.8  168.775 44.837  65.79  39439 15.4
2010-02-02  17:30:00  04 52 43.7  +01 41 39  +000785.7 -000029.8  23 29 32.7  169.243 44.804  63.74  39428 15.3
2010-02-02  17:40:00  05 01 27.7  +01 36 16  +000786.3 -000034.8  23 30 50.4  169.711 44.756  61.70  39409 15.3
2010-02-02  17:50:00  05 10 12.2  +01 30 04  +000787.2 -000039.7  23 32 07.5  170.177 44.692  59.66  39382 15.3
2010-02-02  18:00:00  05 18 57.4  +01 23 03  +000788.4 -000044.5  23 33 24.0  170.641 44.612  57.64  39348 15.2
2010-02-02  18:10:00  05 27 43.5  +01 15 13  +000790.0 -000049.4  23 34 39.5  171.099 44.517  55.61  39306 15.2
2010-02-02  18:20:00  05 36 30.8  +01 06 35  +000791.8 -000054.2  23 35 53.9  171.552 44.406  53.61  39257 15.2
2010-02-02  18:30:00  05 45 19.4  +00 57 08  +000794.0 -000059.0  23 37 06.9  171.997 44.279  51.60  39200 15.1
2010-02-02  18:40:00  05 54 09.5  +00 46 54  +000796.4 -000063.8  23 38 18.5  172.434 44.137  49.61  39137 15.1
2010-02-02  18:50:00  06 03 01.4  +00 35 52  +000799.2 -000068.6  23 39 28.2  172.859 43.980  47.62  39066 15.1
2010-02-02  19:00:00  06 11 55.2  +00 24 02  +000802.4 -000073.3  23 40 36.0  173.272 43.807  45.66  38988 15.0
2010-02-02  19:10:00  06 20 51.3  +00 11 26  +000805.8 -000078.0  23 41 41.6  173.672 43.619  43.70  38903 15.0
2010-02-02  19:20:00  06 29 49.7  -00 01 58  +000809.6 -000082.7  23 42 44.8  174.057 43.416  41.77  38811 15.0
2010-02-02  19:30:00  06 38 50.8  -00 16 08  +000813.7 -000087.4  23 43 45.4  174.425 43.197  39.85  38712 14.9
2010-02-02  19:40:00  06 47 54.8  -00 31 05  +000818.2 -000092.0  23 44 43.1  174.776 42.964  37.97  38607 14.9
2010-02-02  19:50:00  06 57 01.8  -00 46 47  +000823.0 -000096.5  23 45 37.7  175.107 42.717  36.12  38495 14.9
2010-02-02  20:00:00  07 06 12.2  -01 03 15  +000828.2 -000101.0  23 46 28.9  175.418 42.455  34.31  38377 14.9
2010-02-02  20:10:00  07 15 26.2  -01 20 28  +000833.8 -000105.5  23 47 16.6  175.707 42.179  32.55  38252 14.8
2010-02-02  20:20:00  07 24 44.0  -01 38 26  +000839.7 -000109.9  23 48 00.4  175.973 41.889  30.85  38122 14.8
2010-02-02  20:30:00  07 34 05.8  -01 57 07  +000846.0 -000114.3  23 48 40.2  176.214 41.586  29.23  37986 14.8
2010-02-02  20:40:00  07 43 32.1  -02 16 31  +000852.7 -000118.6  23 49 15.6  176.430 41.270  27.70  37844 14.8
2010-02-02  20:50:00  07 53 02.9  -02 36 37  +000859.8 -000122.8  23 49 46.5  176.618 40.940  26.28  37697 14.7
2010-02-02  21:00:00  08 02 38.5  -02 57 26  +000867.3 -000126.9  23 50 12.4  176.779 40.598  25.01  37545 14.7
2010-02-02  21:10:00  08 12 19.3  -03 18 54  +000875.2 -000130.9  23 50 33.3  176.911 40.244  23.90  37389 14.7
2010-02-02  21:20:00  08 22 05.5  -03 41 03  +000883.5 -000134.8  23 50 48.7  177.013 39.877  22.99  37227 14.7
2010-02-02  21:30:00  08 31 57.4  -04 03 49  +000892.2 -000138.5  23 50 58.5  177.083 39.499  22.31  37062 14.7
2010-02-02  21:40:00  08 41 55.2  -04 27 13  +000901.4 -000142.1  23 51 02.3  177.121 39.110  21.89  36892 14.7
2010-02-02  21:50:00  08 51 59.3  -04 51 11  +000910.9 -000145.6  23 50 59.9  177.126 38.711  21.76  36719 14.7
2010-02-02  22:00:00  09 02 09.9  -05 15 44  +000921.0 -000148.9  23 50 50.9  177.097 38.300  21.92  36542 14.6
2010-02-02  22:10:00  09 12 27.3  -05 40 49  +000931.4 -000152.0  23 50 35.1  177.032 37.880  22.38  36362 14.6
2010-02-02  22:20:00  09 22 51.9  -06 06 23  +000942.3 -000154.9  23 50 12.3  176.932 37.451  23.13  36180 14.6
2010-02-02  22:30:00  09 33 23.8  -06 32 25  +000953.6 -000157.5  23 49 42.0  176.795 37.013  24.16  35996 14.6
2010-02-02  22:40:00  09 44 03.4  -06 58 52  +000965.3 -000159.9  23 49 04.0  176.621 36.566  25.43  35809 14.6
2010-02-02  22:50:00  09 54 51.0  -07 25 42  +000977.5 -000162.0  23 48 18.1  176.409 36.111  26.94  35622 14.6
2010-02-02  23:00:00  10 05 46.8  -07 52 51  +000990.1 -000163.7  23 47 23.8  176.158 35.649  28.64  35433 14.6
2010-02-02  23:10:00  10 16 51.2  -08 20 16  +001003.1 -000165.2  23 46 21.1  175.868 35.180  30.52  35244 14.6
2010-02-02  23:20:00  10 28 04.4  -08 47 53  +001016.5 -000166.2  23 45 09.6  175.539 34.705  32.54  35055 14.6
2010-02-02  23:30:00  10 39 26.6  -09 15 39  +001030.3 -000166.9  23 43 49.0  175.169 34.224  34.71  34866 14.7
2010-02-02  23:40:00  10 50 58.1  -09 43 29  +001044.4 -000167.1  23 42 19.1  174.759 33.738  36.99  34678 14.7
2010-02-02  23:50:00  11 02 39.2  -10 11 20  +001058.8 -000166.8  23 40 39.7  174.308 33.248  39.38  34492 14.7
2010-02-03  00:00:00  11 14 30.0  -10 39 04  +001073.6 -000166.1  23 38 50.6  173.816 32.755  41.86  34308 14.7
2010-02-03  00:10:00  11 26 30.6  -11 06 39  +001088.5 -000164.7  23 36 51.6  173.283 32.258  44.44  34126 14.7
2010-02-03  00:20:00  11 38 41.4  -11 33 57  +001103.7 -000162.9  23 34 42.5  172.710 31.759  47.08  33948 14.7
2010-02-03  00:30:00  11 51 02.3  -12 00 54  +001119.1 -000160.4  23 32 23.2  172.095 31.259  49.81  33773 14.8
2010-02-03  00:40:00  12 03 33.5  -12 27 23  +001134.5 -000157.3  23 29 53.6  171.440 30.759  52.59  33603 14.8
2010-02-03  00:50:00  12 16 15.0  -12 53 17  +001150.0 -000153.5  23 27 13.8  170.745 30.258  55.45  33438 14.8
2010-02-03  01:00:00  12 29 06.8  -13 18 31  +001165.4 -000149.0  23 24 23.6  170.011 29.759  58.36  33278 14.9
2010-02-03  01:10:00  12 42 08.8  -13 42 55  +001180.7 -000143.8  23 21 23.2  169.238 29.262  61.34  33124 14.9
2010-02-03  01:20:00  12 55 21.0  -14 06 25  +001195.8 -000137.9  23 18 12.7  168.427 28.768  64.35  32977 15.0
2010-02-03  01:30:00  13 08 43.2  -14 28 51  +001210.6 -000131.3  23 14 52.1  167.578 28.279  67.43  32837 15.0
2010-02-03  01:40:00  13 22 15.1  -14 50 08  +001225.0 -000123.9  23 11 21.9  166.694 27.794  70.53  32705 15.1
2010-02-03  01:50:00  13 35 56.5  -15 10 08  +001238.9 -000115.8  23 07 42.2  165.775 27.315  73.70  32581 15.1
2010-02-03  02:00:00  13 49 46.9  -15 28 43  +001252.2 -000107.0  23 03 53.4  164.822 26.844  76.89  32466 15.2
2010-02-03  02:10:00  14 03 45.9  -15 45 46  +001264.8 -000097.5  22 59 56.0  163.839 26.381  80.14  32361 15.3
2010-02-03  02:20:00  14 17 53.1  -16 01 11  +001276.5 -000087.4  22 55 50.5  162.825 25.927  83.40  32266 15.4
2010-02-03  02:30:00  14 32 07.7  -16 14 51  +001287.3 -000076.6  22 51 37.5  161.783 25.484  86.71  32180 15.4
2010-02-03  02:40:00  14 46 29.2  -16 26 41  +001297.1 -000065.2  22 47 17.6  160.716 25.052  90.04  32106 15.5
2010-02-03  02:50:00  15 00 56.9  -16 36 35  +001305.8 -000053.4  22 42 51.5  159.624 24.632  93.40  32043 15.6
2010-02-03  03:00:00  15 15 30.0  -16 44 28  +001313.2 -000041.1  22 38 20.1  158.512 24.227  96.78  31991 15.7
2010-02-03  03:10:00  15 30 07.6  -16 50 17  +001319.3 -000028.5  22 33 44.2  157.380 23.836 100.19  31951 15.9
2010-02-03  03:20:00  15 44 48.8  -16 53 58  +001324.1 -000015.6  22 29 04.6  156.232 23.460 103.60  31923 16.0
2010-02-03  03:30:00  15 59 32.7  -16 55 30  +001327.5 -000002.6  22 24 22.3  155.071 23.102 107.04  31907 16.1
2010-02-03  03:40:00  16 14 18.4  -16 54 50  +001329.4 +000010.5  22 19 38.3  153.898 22.760 110.47  31903 16.2
2010-02-03  03:50:00  16 29 05.0  -16 51 60  +001329.9 +000023.6  22 14 53.4  152.718 22.438 113.93  31912 16.4
2010-02-03  04:00:00  16 43 51.3  -16 46 58  +001329.0 +000036.6  22 10 08.6  151.531 22.134 117.37  31933 16.6
2010-02-03  04:10:00  16 58 36.6  -16 39 48  +001326.6 +000049.4  22 05 25.0  150.343 21.850 120.83  31967 16.7
2010-02-03  04:20:00  17 13 19.8  -16 30 31  +001322.8 +000061.9  22 00 43.4  149.155 21.586 124.27  32012 16.9

   Date        UTC        RA         DECL      RARate   DeclRate    HourAng      Az     Um    Phase  Range  Mag
2010-02-03  16:10:00  05 56 28.7  +00 57 53  +000798.5 -000056.3  21 09 31.2  127.589 31.306  49.78  40246 15.2
2010-02-03  16:20:00  06 05 21.9  +00 48 07  +000801.1 -000061.0  21 10 39.6  127.973 31.325  47.78  40172 15.1
2010-02-03  16:30:00  06 14 16.9  +00 37 34  +000803.9 -000065.6  21 11 46.3  128.357 31.328  45.78  40092 15.1
2010-02-03  16:40:00  06 23 13.8  +00 26 14  +000807.0 -000070.3  21 12 51.0  128.742 31.314  43.81  40005 15.1
2010-02-03  16:50:00  06 32 13.0  +00 14 08  +000810.5 -000074.9  21 13 53.4  129.126 31.283  41.84  39912 15.0
2010-02-03  17:00:00  06 41 14.6  +00 01 15  +000814.3 -000079.5  21 14 53.5  129.507 31.236  39.91  39812 15.0
2010-02-03  17:10:00  06 50 18.9  -00 12 23  +000818.5 -000084.1  21 15 50.9  129.885 31.170  37.99  39705 15.0
2010-02-03  17:20:00  06 59 26.0  -00 26 47  +000823.0 -000088.6  21 16 45.4  130.259 31.086  36.11  39593 14.9
2010-02-03  17:30:00  07 08 36.2  -00 41 55  +000827.8 -000093.1  21 17 36.8  130.626 30.983  34.26  39474 14.9
2010-02-03  17:40:00  07 17 49.8  -00 57 49  +000833.0 -000097.6  21 18 24.9  130.986 30.862  32.46  39349 14.9
2010-02-03  17:50:00  07 27 06.9  -01 14 26  +000838.5 -000102.0  21 19 09.4  131.338 30.722  30.71  39219 14.9
2010-02-03  18:00:00  07 36 27.9  -01 31 48  +000844.4 -000106.3  21 19 50.0  131.681 30.561  29.05  39084 14.8
2010-02-03  18:10:00  07 45 53.0  -01 49 52  +000850.7 -000110.5  21 20 26.6  132.012 30.381  27.46  38943 14.8
2010-02-03  18:20:00  07 55 22.3  -02 08 38  +000857.4 -000114.7  21 20 58.9  132.331 30.181  25.98  38797 14.8
2010-02-03  18:30:00  08 04 56.2  -02 28 06  +000864.4 -000118.8  21 21 26.7  132.637 29.961  24.64  38647 14.8
2010-02-03  18:40:00  08 14 35.0  -02 48 15  +000871.9 -000122.8  21 21 49.6  132.927 29.720  23.46  38493 14.8
2010-02-03  18:50:00  08 24 18.8  -03 09 03  +000879.7 -000126.7  21 22 07.3  133.202 29.458  22.46  38334 14.8
2010-02-03  19:00:00  08 34 08.0  -03 30 29  +000887.9 -000130.5  21 22 19.8  133.459 29.175  21.70  38172 14.7
2010-02-03  19:10:00  08 44 02.8  -03 52 33  +000896.6 -000134.2  21 22 26.6  133.698 28.871  21.19  38006 14.7
2010-02-03  19:20:00  08 54 03.6  -04 15 12  +000905.6 -000137.7  21 22 27.5  133.917 28.545  20.97  37837 14.7
2010-02-03  19:30:00  09 04 10.4  -04 38 26  +000915.1 -000141.0  21 22 22.3  134.114 28.199  21.05  37665 14.7
2010-02-03  19:40:00  09 14 23.7  -05 02 12  +000924.9 -000144.1  21 22 10.6  134.289 27.831  21.44  37491 14.7
2010-02-03  19:50:00  09 24 43.8  -05 26 28  +000935.2 -000147.1  21 21 52.3  134.440 27.442  22.14  37315 14.7
2010-02-03  20:00:00  09 35 10.8  -05 51 12  +000945.9 -000149.8  21 21 26.9  134.567 27.031  23.12  37138 14.7
2010-02-03  20:10:00  09 45 45.1  -06 16 23  +000957.0 -000152.3  21 20 54.2  134.667 26.599  24.36  36959 14.7
2010-02-03  20:20:00  09 56 26.9  -06 41 57  +000968.5 -000154.4  21 20 14.1  134.740 26.147  25.82  36780 14.7
2010-02-03  20:30:00  10 07 16.5  -07 07 51  +000980.4 -000156.3  21 19 26.1  134.785 25.673  27.50  36600 14.7
2010-02-03  20:40:00  10 18 14.1  -07 34 03  +000992.6 -000157.9  21 18 30.1  134.801 25.180  29.35  36420 14.7
2010-02-03  20:50:00  10 29 20.0  -08 00 28  +001005.3 -000159.1  21 17 25.8  134.786 24.666  31.36  36242 14.7
2010-02-03  21:00:00  10 40 34.5  -08 27 04  +001018.2 -000160.0  21 16 13.0  134.740 24.132  33.50  36064 14.7
2010-02-03  21:10:00  10 51 57.7  -08 53 46  +001031.5 -000160.4  21 14 51.4  134.663 23.579  35.76  35888 14.7
2010-02-03  21:20:00  11 03 29.9  -09 20 30  +001045.1 -000160.4  21 13 20.9  134.552 23.007  38.12  35714 14.7
2010-02-03  21:30:00  11 15 11.3  -09 47 11  +001059.0 -000159.9  21 11 41.2  134.408 22.417  40.59  35544 14.8
2010-02-03  21:40:00  11 27 02.0  -10 13 45  +001073.1 -000158.8  21 09 52.1  134.229 21.810  43.13  35376 14.8
2010-02-03  21:50:00  11 39 02.1  -10 40 07  +001087.4 -000157.3  21 07 53.6  134.016 21.186  45.76  35212 14.8
2010-02-03  22:00:00  11 51 11.8  -11 06 10  +001101.8 -000155.2  21 05 45.6  133.768 20.546  48.45  35053 14.8
2010-02-03  22:10:00  12 03 31.2  -11 31 49  +001116.3 -000152.5  21 03 27.9  133.483 19.891  51.21  34899 14.9
2010-02-03  22:20:00  12 16 00.2  -11 56 58  +001130.9 -000149.2  21 01 00.5  133.163 19.223  54.03  34750 14.9
2010-02-03  22:30:00  12 28 38.9  -12 21 31  +001145.4 -000145.2  20 58 23.4  132.807 18.543  56.91  34607 14.9
2010-02-03  22:40:00  12 41 27.3  -12 45 21  +001159.8 -000140.6  20 55 36.6  132.415 17.851  59.83  34471 15.0
2010-02-03  22:50:00  12 54 25.2  -13 08 21  +001174.0 -000135.3  20 52 40.4  131.987 17.149  62.82  34342 15.0
2010-02-03  23:00:00  13 07 32.5  -13 30 25  +001187.9 -000129.4  20 49 34.7  131.522 16.439  65.84  34221 15.1
2010-02-03  23:10:00  13 20 49.0  -13 51 27  +001201.5 -000122.7  20 46 19.9  131.023 15.722  68.92  34108 15.1
2010-02-03  23:20:00  13 34 14.4  -14 11 18  +001214.6 -000115.4  20 42 56.2  130.488 14.999  72.03  34004 15.2
2010-02-03  23:30:00  13 47 48.3  -14 29 52  +001227.1 -000107.4  20 39 23.9  129.918 14.274  75.19  33910 15.3
2010-02-03  23:40:00  14 01 30.4  -14 47 04  +001239.1 -000098.7  20 35 43.4  129.315 13.546  78.37  33825 15.3
2010-02-03  23:50:00  14 15 20.2  -15 02 45  +001250.3 -000089.5  20 31 55.2  128.679 12.819  81.60  33750 15.4
2010-02-04  00:00:00  14 29 17.2  -15 16 52  +001260.6 -000079.6  20 27 59.9  128.011 12.094  84.84  33685 15.5
2010-02-04  00:10:00  14 43 20.9  -15 29 17  +001270.1 -000069.3  20 23 57.9  127.312 11.373  88.13  33632 15.6
2010-02-04  00:20:00  14 57 30.5  -15 39 56  +001278.5 -000058.4  20 19 49.9  126.584 10.658  91.43  33589 15.7

   Date        UTC        RA         DECL      RARate   DeclRate    HourAng      Az     Um    Phase  Range  Mag
2010-02-10  16:20:00  00 18 15.7  -01 22 26  +000904.4 +000109.0  03 25 21.7  239.016 24.414 138.09  38396 18.2
2010-02-10  16:30:00  00 28 15.9  -01 04 42  +000896.3 +000103.9  03 25 23.1  239.213 24.649 135.64  38562 18.0
2010-02-10  16:40:00  00 38 10.9  -00 47 48  +000888.5 +000098.9  03 25 29.8  239.422 24.859 133.22  38724 17.9
2010-02-10  16:50:00  00 48 00.7  -00 31 45  +000881.1 +000093.8  03 25 41.6  239.641 25.045 130.80  38884 17.7
2010-02-10  17:00:00  00 57 45.8  -00 16 33  +000874.0 +000088.6  03 25 58.2  239.869 25.208 128.42  39039 17.6
2010-02-10  17:10:00  01 07 26.2  -00 02 13  +000867.3 +000083.4  03 26 19.5  240.105 25.346 126.05  39191 17.5
2010-02-10  17:20:00  01 17 02.2  +00 11 16  +000860.8 +000078.2  03 26 45.1  240.349 25.462 123.70  39339 17.3
2010-02-10  17:30:00  01 26 34.0  +00 23 52  +000854.7 +000073.0  03 27 14.9  240.599 25.556 121.37  39482 17.2
2010-02-10  17:40:00  01 36 01.9  +00 35 36  +000849.0 +000067.8  03 27 48.6  240.853 25.627 119.06  39620 17.1
2010-02-10  17:50:00  01 45 26.1  +00 46 28  +000843.5 +000062.6  03 28 26.1  241.113 25.678 116.75  39753 17.0
2010-02-10  18:00:00  01 54 46.7  +00 56 27  +000838.4 +000057.4  03 29 07.2  241.376 25.707 114.48  39881 16.9
2010-02-10  18:10:00  02 04 04.0  +01 05 35  +000833.5 +000052.2  03 29 51.5  241.641 25.716 112.20  40004 16.8
2010-02-10  18:20:00  02 13 18.1  +01 13 51  +000829.0 +000047.0  03 30 39.0  241.908 25.705 109.96  40121 16.7
2010-02-10  18:30:00  02 22 29.4  +01 21 15  +000824.8 +000041.8  03 31 29.4  242.177 25.675 107.71  40232 16.6
2010-02-10  18:40:00  02 31 37.9  +01 27 48  +000820.9 +000036.7  03 32 22.5  242.445 25.626 105.49  40337 16.6
2010-02-10  18:50:00  02 40 44.0  +01 33 29  +000817.3 +000031.6  03 33 18.1  242.712 25.559 103.27  40436 16.5
2010-02-10  19:00:00  02 49 47.7  +01 38 19  +000813.9 +000026.5  03 34 16.0  242.978 25.475 101.08  40528 16.4
2010-02-10  19:10:00  02 58 49.3  +01 42 19  +000810.9 +000021.4  03 35 16.0  243.242 25.374  98.88  40614 16.3
2010-02-10  19:20:00  03 07 49.0  +01 45 28  +000808.2 +000016.4  03 36 18.0  243.502 25.256  96.70  40693 16.3
2010-02-10  19:30:00  03 16 46.9  +01 47 47  +000805.7 +000011.4  03 37 21.7  243.759 25.122  94.52  40766 16.2
2010-02-10  19:40:00  03 25 43.3  +01 49 16  +000803.5 +000006.4  03 38 27.0  244.011 24.973  92.37  40831 16.1
2010-02-10  19:50:00  03 34 38.3  +01 49 56  +000801.6 +000001.5  03 39 33.6  244.259 24.809  90.20  40890 16.1
2010-02-10  20:00:00  03 43 32.2  +01 49 46  +000800.0 -000003.4  03 40 41.3  244.500 24.632  88.06  40941 16.0
2010-02-10  20:10:00  03 52 25.1  +01 48 48  +000798.7 -000008.3  03 41 50.1  244.735 24.441  85.91  40986 15.9
2010-02-10  20:20:00  04 01 17.2  +01 47 00  +000797.7 -000013.1  03 42 59.6  244.963 24.237  83.79  41023 15.9
2010-02-10  20:30:00  04 10 08.8  +01 44 25  +000796.9 -000018.0  03 44 09.7  245.183 24.020  81.65  41053 15.8
2010-02-10  20:40:00  04 18 59.8  +01 41 01  +000796.4 -000022.7  03 45 20.3  245.394 23.792  79.53  41075 15.8
2010-02-10  20:50:00  04 27 50.7  +01 36 50  +000796.2 -000027.5  03 46 31.1  245.597 23.552  77.40  41090 15.7
2010-02-10  21:00:00  04 36 41.5  +01 31 52  +000796.3 -000032.2  03 47 41.9  245.790 23.303  75.29  41097 15.7
2010-02-10  21:10:00  04 45 32.5  +01 26 06  +000796.7 -000036.9  03 48 52.5  245.973 23.043  73.17  41097 15.6
2010-02-10  21:20:00  04 54 23.9  +01 19 34  +000797.3 -000041.6  03 50 02.8  246.145 22.773  71.07  41090 15.6
2010-02-10  21:30:00  05 03 15.7  +01 12 15  +000798.2 -000046.2  03 51 12.6  246.306 22.495  68.96  41075 15.5
2010-02-10  21:40:00  05 12 08.2  +01 04 10  +000799.5 -000050.8  03 52 21.7  246.456 22.209  66.86  41052 15.5
2010-02-10  21:50:00  05 21 01.7  +00 55 20  +000801.0 -000055.3  03 53 29.9  246.592 21.915  64.75  41022 15.4
2010-02-10  22:00:00  05 29 56.3  +00 45 44  +000802.8 -000059.8  03 54 37.0  246.716 21.615  62.66  40984 15.4
2010-02-10  22:10:00  05 38 52.1  +00 35 23  +000804.8 -000064.3  03 55 42.8  246.827 21.307  60.56  40939 15.4
2010-02-10  22:20:00  05 47 49.5  +00 24 18  +000807.3 -000068.8  03 56 47.1  246.923 20.995  58.47  40886 15.3
2010-02-10  22:30:00  05 56 48.5  +00 12 28  +000809.9 -000073.2  03 57 49.7  247.005 20.677  56.38  40826 15.3
2010-02-10  22:40:00  06 05 49.5  -00 00 06  +000812.9 -000077.6  03 58 50.4  247.071 20.354  54.30  40758 15.2
2010-02-10  22:50:00  06 14 52.5  -00 13 23  +000816.2 -000081.9  03 59 49.0  247.122 20.028  52.21  40683 15.2
2010-02-10  23:00:00  06 23 57.9  -00 27 24  +000819.9 -000086.2  04 00 45.3  247.157 19.699  50.15  40601 15.2
2010-02-10  23:10:00  06 33 05.7  -00 42 07  +000823.8 -000090.4  04 01 39.0  247.175 19.367  48.07  40512 15.1
2010-02-10  23:20:00  06 42 16.3  -00 57 33  +000828.1 -000094.6  04 02 30.1  247.176 19.033  46.02  40415 15.1
2010-02-10  23:30:00  06 51 29.9  -01 13 39  +000832.7 -000098.8  04 03 18.2  247.159 18.699  43.98  40312 15.1
2010-02-10  23:40:00  07 00 46.6  -01 30 27  +000837.6 -000102.8  04 04 03.1  247.123 18.364  41.95  40201 15.0
2010-02-10  23:50:00  07 10 06.7  -01 47 56  +000842.8 -000106.9  04 04 44.6  247.069 18.029  39.94  40084 15.0
2010-02-11  00:00:00  07 19 30.5  -02 06 04  +000848.4 -000110.8  04 05 22.5  246.995 17.695  37.96  39960 15.0
2010-02-11  00:10:00  07 28 58.0  -02 24 52  +000854.4 -000114.7  04 05 56.6  246.902 17.363  36.01  39830 15.0
2010-02-11  00:20:00  07 38 29.7  -02 44 17  +000860.7 -000118.4  04 06 26.5  246.787 17.034  34.10  39693 14.9
2010-02-11  00:30:00  07 48 05.7  -03 04 20  +000867.4 -000122.1  04 06 52.2  246.652 16.708  32.23  39550 14.9
2010-02-11  00:40:00  07 57 46.3  -03 24 60  +000874.4 -000125.7  04 07 13.2  246.495 16.386  30.44  39402 14.9
2010-02-11  00:50:00  08 07 31.7  -03 46 14  +000881.9 -000129.2  04 07 29.5  246.316 16.069  28.72  39247 14.9
2010-02-11  01:00:00  08 17 22.2  -04 08 03  +000889.6 -000132.6  04 07 40.6  246.114 15.758  27.11  39087 14.8
2010-02-11  01:10:00  08 27 18.0  -04 30 25  +000897.8 -000135.8  04 07 46.5  245.889 15.454  25.61  38921 14.8
2010-02-11  01:20:00  08 37 19.4  -04 53 18  +000906.4 -000138.8  04 07 46.8  245.641 15.157  24.28  38751 14.8
2010-02-11  01:30:00  08 47 26.6  -05 16 42  +000915.4 -000141.8  04 07 41.2  245.368 14.869  23.13  38575 14.8
2010-02-11  01:40:00  08 57 39.9  -05 40 33  +000924.7 -000144.5  04 07 29.5  245.070 14.591  22.20  38395 14.8
2010-02-11  01:50:00  09 07 59.6  -06 04 50  +000934.4 -000147.0  04 07 11.5  244.748 14.322  21.54  38210 14.7
2010-02-11  02:00:00  09 18 25.9  -06 29 32  +000944.6 -000149.3  04 06 46.8  244.399 14.066  21.18  38022 14.7
2010-02-11  02:10:00  09 28 59.1  -06 54 36  +000955.1 -000151.4  04 06 15.2  244.025 13.821  21.14  37830 14.7
2010-02-11  02:20:00  09 39 39.5  -07 20 00  +000966.1 -000153.3  04 05 36.5  243.625 13.590  21.43  37634 14.7
2010-02-11  02:30:00  09 50 27.3  -07 45 41  +000977.4 -000154.8  04 04 50.4  243.197 13.374  22.06  37436 14.7
2010-02-11  02:40:00  10 01 22.7  -08 11 35  +000989.1 -000156.1  04 03 56.5  242.743 13.173  23.00  37235 14.7
2010-02-11  02:50:00  10 12 26.1  -08 37 41  +001001.1 -000157.0  04 02 54.8  242.262 12.988  24.23  37032 14.7
2010-02-11  03:00:00  10 23 37.6  -09 03 53  +001013.6 -000157.5  04 01 44.9  241.753 12.822  25.71  36827 14.7
2010-02-11  03:10:00  10 34 57.6  -09 30 10  +001026.3 -000157.7  04 00 26.6  241.217 12.674  27.43  36620 14.7
2010-02-11  03:20:00  10 46 26.1  -09 56 27  +001039.4 -000157.5  03 58 59.7  240.653 12.546  29.33  36413 14.7
2010-02-11  03:30:00  10 58 03.5  -10 22 39  +001052.8 -000156.9  03 57 24.0  240.062 12.438  31.41  36205 14.7
2010-02-11  03:40:00  11 09 49.9  -10 48 43  +001066.4 -000155.8  03 55 39.3  239.443 12.353  33.62  35997 14.7
2010-02-11  03:50:00  11 21 45.4  -11 14 33  +001080.3 -000154.1  03 53 45.3  238.797 12.290  35.97  35790 14.7
2010-02-11  04:00:00  11 33 50.3  -11 40 04  +001094.4 -000152.0  03 51 42.1  238.123 12.252  38.43  35584 14.7
2010-02-11  04:10:00  11 46 04.6  -12 05 11  +001108.6 -000149.3  03 49 29.4  237.424 12.238  40.99  35380 14.8

   Date        UTC        RA         DECL      RARate   DeclRate    HourAng      Az     Um    Phase  Range  Mag
2010-02-11  16:20:00  02 41 15.3  +01 29 03  +000816.9 +000039.6  01 06 18.6  202.877 42.806 104.05  38845 16.4
2010-02-11  16:30:00  02 50 18.7  +01 35 12  +000813.3 +000034.3  01 07 16.9  203.234 42.839 101.84  38937 16.3
2010-02-11  16:40:00  02 59 19.8  +01 40 28  +000809.9 +000029.0  01 08 17.5  203.598 42.854  99.65  39022 16.3
2010-02-11  16:50:00  03 08 18.7  +01 44 52  +000806.9 +000023.7  01 09 20.2  203.968 42.852  97.45  39100 16.2
2010-02-11  17:00:00  03 17 15.7  +01 48 23  +000804.1 +000018.5  01 10 24.9  204.343 42.832  95.28  39172 16.1
2010-02-11  17:10:00  03 26 10.9  +01 51 02  +000801.7 +000013.3  01 11 31.2  204.721 42.796  93.11  39236 16.1
2010-02-11  17:20:00  03 35 04.6  +01 52 49  +000799.5 +000008.2  01 12 39.2  205.102 42.742  90.96  39294 16.0
2010-02-11  17:30:00  03 43 57.0  +01 53 45  +000797.6 +000003.0  01 13 48.5  205.483 42.672  88.80  39344 15.9
2010-02-11  17:40:00  03 52 48.2  +01 53 50  +000796.0 -000002.1  01 14 58.9  205.864 42.585  86.67  39388 15.9
2010-02-11  17:50:00  04 01 38.4  +01 53 04  +000794.7 -000007.2  01 16 10.3  206.243 42.483  84.53  39424 15.8
2010-02-11  18:00:00  04 10 27.9  +01 51 27  +000793.7 -000012.2  01 17 22.5  206.620 42.365  82.41  39452 15.8
2010-02-11  18:10:00  04 19 16.9  +01 48 60  +000793.0 -000017.2  01 18 35.2  206.991 42.232  80.28  39474 15.7
2010-02-11  18:20:00  04 28 05.4  +01 45 43  +000792.6 -000022.2  01 19 48.3  207.358 42.084  78.17  39488 15.7
2010-02-11  18:30:00  04 36 53.7  +01 41 36  +000792.5 -000027.2  01 21 01.6  207.718 41.922  76.05  39494 15.6
2010-02-11  18:40:00  04 45 42.1  +01 36 39  +000792.6 -000032.1  01 22 14.9  208.070 41.745  73.94  39493 15.6
2010-02-11  18:50:00  04 54 30.6  +01 30 53  +000793.1 -000037.0  01 23 28.0  208.413 41.555  71.83  39485 15.5
2010-02-11  19:00:00  05 03 19.6  +01 24 19  +000793.8 -000041.9  01 24 40.7  208.746 41.352  69.73  39469 15.5
2010-02-11  19:10:00  05 12 09.1  +01 16 56  +000794.9 -000046.7  01 25 52.8  209.068 41.135  67.63  39446 15.4
2010-02-11  19:20:00  05 20 59.5  +01 08 44  +000796.2 -000051.5  01 27 04.0  209.378 40.907  65.54  39416 15.4
2010-02-11  19:30:00  05 29 50.8  +00 59 45  +000797.8 -000056.3  01 28 14.3  209.674 40.666  63.44  39378 15.3
2010-02-11  19:40:00  05 38 43.4  +00 49 58  +000799.8 -000061.1  01 29 23.5  209.957 40.414  61.35  39333 15.3
2010-02-11  19:50:00  05 47 37.3  +00 39 23  +000802.0 -000065.8  01 30 31.2  210.224 40.151  59.25  39281 15.3
2010-02-11  20:00:00  05 56 32.8  +00 28 02  +000804.6 -000070.5  01 31 37.3  210.475 39.878  57.17  39221 15.2
2010-02-11  20:10:00  06 05 30.1  +00 15 53  +000807.4 -000075.2  01 32 41.7  210.709 39.594  55.09  39154 15.2
2010-02-11  20:20:00  06 14 29.4  +00 02 59  +000810.6 -000079.8  01 33 44.0  210.925 39.301  53.01  39080 15.1
2010-02-11  20:30:00  06 23 31.1  -00 10 42  +000814.2 -000084.4  01 34 44.0  211.122 38.999  50.93  39000 15.1
2010-02-11  20:40:00  06 32 35.1  -00 25 08  +000818.0 -000088.9  01 35 41.6  211.299 38.689  48.87  38912 15.1
2010-02-11  20:50:00  06 41 41.8  -00 40 20  +000822.2 -000093.4  01 36 36.5  211.456 38.370  46.81  38818 15.0
2010-02-11  21:00:00  06 50 51.4  -00 56 16  +000826.7 -000097.8  01 37 28.6  211.592 38.045  44.76  38716 15.0
2010-02-11  21:10:00  07 00 04.1  -01 12 56  +000831.6 -000102.2  01 38 17.5  211.705 37.712  42.72  38609 15.0
2010-02-11  21:20:00  07 09 20.2  -01 30 20  +000836.8 -000106.5  01 39 03.0  211.795 37.373  40.71  38495 14.9
2010-02-11  21:30:00  07 18 39.9  -01 48 27  +000842.3 -000110.8  01 39 45.0  211.862 37.028  38.71  38374 14.9
2010-02-11  21:40:00  07 28 03.4  -02 07 16  +000848.3 -000115.0  01 40 23.1  211.903 36.678  36.74  38248 14.9
2010-02-11  21:50:00  07 37 31.0  -02 26 46  +000854.6 -000119.1  01 40 57.1  211.920 36.324  34.80  38116 14.8
2010-02-11  22:00:00  07 47 03.0  -02 46 58  +000861.3 -000123.1  01 41 26.9  211.910 35.965  32.91  37978 14.8
2010-02-11  22:10:00  07 56 39.5  -03 07 49  +000868.3 -000127.1  01 41 52.0  211.874 35.603  31.07  37834 14.8
2010-02-11  22:20:00  08 06 20.8  -03 29 19  +000875.8 -000130.9  01 42 12.3  211.810 35.239  29.31  37685 14.8
2010-02-11  22:30:00  08 16 07.3  -03 51 27  +000883.6 -000134.6  01 42 27.5  211.718 34.872  27.63  37531 14.7
2010-02-11  22:40:00  08 25 59.1  -04 14 11  +000891.9 -000138.2  01 42 37.3  211.597 34.504  26.06  37373 14.7
2010-02-11  22:50:00  08 35 56.5  -04 37 30  +000900.5 -000141.6  01 42 41.5  211.447 34.136  24.63  37209 14.7
2010-02-11  23:00:00  08 45 59.9  -05 01 23  +000909.6 -000144.9  01 42 39.8  211.266 33.767  23.38  37042 14.7
2010-02-11  23:10:00  08 56 09.4  -05 25 48  +000919.1 -000148.0  01 42 31.9  211.054 33.399  22.33  36870 14.7
2010-02-11  23:20:00  09 06 25.4  -05 50 43  +000929.0 -000150.9  01 42 17.6  210.811 33.032  21.53  36695 14.7
2010-02-11  23:30:00  09 16 48.1  -06 16 06  +000939.3 -000153.6  01 41 56.5  210.536 32.667  21.02  36516 14.6
2010-02-11  23:40:00  09 27 17.9  -06 41 55  +000950.0 -000156.1  01 41 28.4  210.227 32.305  20.82  36334 14.6
2010-02-11  23:50:00  09 37 54.9  -07 08 07  +000961.2 -000158.3  01 40 53.0  209.886 31.947  20.96  36149 14.6
2010-02-12  00:00:00  09 48 39.5  -07 34 40  +000972.7 -000160.2  01 40 10.0  209.511 31.593  21.44  35963 14.6
2010-02-12  00:10:00  09 59 32.0  -08 01 31  +000984.7 -000161.9  01 39 19.2  209.101 31.243  22.25  35774 14.6
2010-02-12  00:20:00  10 10 32.5  -08 28 37  +000997.0 -000163.2  01 38 20.3  208.657 30.900  23.36  35584 14.6
2010-02-12  00:30:00  10 21 41.4  -08 55 54  +001009.8 -000164.1  01 37 13.0  208.177 30.563  24.76  35392 14.6
2010-02-12  00:40:00  10 32 59.0  -09 23 18  +001022.9 -000164.7  01 35 57.1  207.661 30.233  26.39  35200 14.6
2010-02-12  00:50:00  10 44 25.4  -09 50 47  +001036.4 -000164.9  01 34 32.4  207.110 29.912  28.24  35008 14.6
2010-02-12  01:00:00  10 56 00.9  -10 18 14  +001050.2 -000164.6  01 32 58.5  206.523 29.599  30.26  34816 14.6
2010-02-12  01:10:00  11 07 45.6  -10 45 36  +001064.3 -000163.8  01 31 15.4  205.899 29.296  32.45  34625 14.6
2010-02-12  01:20:00  11 19 39.9  -11 12 48  +001078.6 -000162.5  01 29 22.8  205.239 29.004  34.76  34435 14.6
2010-02-12  01:30:00  11 31 43.8  -11 39 44  +001093.2 -000160.7  01 27 20.5  204.543 28.723  37.20  34247 14.6
2010-02-12  01:40:00  11 43 57.6  -12 06 20  +001108.0 -000158.3  01 25 08.4  203.810 28.454  39.74  34061 14.7
2010-02-12  01:50:00  11 56 21.2  -12 32 28  +001122.9 -000155.3  01 22 46.5  203.041 28.198  42.38  33879 14.7
2010-02-12  02:00:00  12 08 54.7  -12 58 03  +001137.9 -000151.7  01 20 14.5  202.236 27.956  45.09  33699 14.7
2010-02-12  02:10:00  12 21 38.3  -13 22 59  +001152.8 -000147.4  01 17 32.6  201.396 27.728  47.89  33524 14.7
2010-02-12  02:20:00  12 34 31.8  -13 47 09  +001167.7 -000142.5  01 14 40.8  200.521 27.515  50.75  33354 14.8
2010-02-12  02:30:00  12 47 35.2  -14 10 26  +001182.5 -000136.8  01 11 39.0  199.611 27.318  53.68  33188 14.8
2010-02-12  02:40:00  13 00 48.3  -14 32 44  +001197.0 -000130.5  01 08 27.5  198.668 27.137  56.65  33028 14.8
2010-02-12  02:50:00  13 14 11.1  -14 53 54  +001211.3 -000123.5  01 05 06.4  197.693 26.973  59.70  32875 14.9
2010-02-12  03:00:00  13 27 43.2  -15 13 51  +001225.1 -000115.7  01 01 35.9  196.686 26.827  62.78  32728 14.9
2010-02-12  03:10:00  13 41 24.4  -15 32 27  +001238.4 -000107.3  00 57 56.4  195.649 26.699  65.92  32589 15.0
2010-02-12  03:20:00  13 55 14.2  -15 49 35  +001251.0 -000098.2  00 54 08.2  194.583 26.589  69.09  32458 15.0
2010-02-12  03:30:00  14 09 12.2  -16 05 09  +001263.0 -000088.4  00 50 11.8  193.490 26.499  72.31  32335 15.1
2010-02-12  03:40:00  14 23 17.9  -16 19 02  +001274.1 -000078.1  00 46 07.7  192.372 26.427  75.56  32222 15.2
2010-02-12  03:50:00  14 37 30.8  -16 31 09  +001284.3 -000067.1  00 41 56.5  191.230 26.375  78.85  32117 15.2
2010-02-12  04:00:00  14 51 50.1  -16 41 24  +001293.5 -000055.7  00 37 38.8  190.066 26.343  82.16  32023 15.3
2010-02-12  04:10:00  15 06 15.3  -16 49 41  +001301.6 -000043.8  00 33 15.4  188.884 26.330  85.51  31939 15.4

   Date        UTC        RA         DECL      RARate   DeclRate    HourAng      Az     Um    Phase  Range  Mag
2010-02-12  16:20:00  04 58 11.8  +01 37 54  +000793.3 -000030.7  22 53 18.7  156.944 42.923  71.75  39394 15.5
2010-02-12  16:30:00  05 07 00.9  +01 32 22  +000793.9 -000035.7  22 54 31.3  157.376 42.915  69.64  39374 15.5
2010-02-12  16:40:00  05 15 50.4  +01 26 00  +000794.7 -000040.6  22 55 43.4  157.810 42.892  67.53  39347 15.4
2010-02-12  16:50:00  05 24 40.5  +01 18 50  +000795.9 -000045.5  22 56 54.9  158.244 42.853  65.42  39313 15.4
2010-02-12  17:00:00  05 33 31.6  +01 10 50  +000797.3 -000050.4  22 58 05.5  158.678 42.799  63.33  39272 15.3
2010-02-12  17:10:00  05 42 23.7  +01 02 02  +000799.1 -000055.2  22 59 15.0  159.110 42.728  61.22  39223 15.3
2010-02-12  17:20:00  05 51 17.1  +00 52 26  +000801.2 -000060.1  23 00 23.2  159.538 42.642  59.13  39168 15.2
2010-02-12  17:30:00  06 00 12.1  +00 42 01  +000803.6 -000064.9  23 01 29.9  159.961 42.540  57.03  39105 15.2
2010-02-12  17:40:00  06 09 08.7  +00 30 49  +000806.3 -000069.6  23 02 35.0  160.377 42.422  54.94  39036 15.2
2010-02-12  17:50:00  06 18 07.2  +00 18 49  +000809.3 -000074.4  23 03 38.1  160.786 42.288  52.85  38960 15.1
2010-02-12  18:00:00  06 27 07.8  +00 06 02  +000812.6 -000079.1  23 04 39.2  161.185 42.137  50.77  38877 15.1
2010-02-12  18:10:00  06 36 10.7  -00 07 32  +000816.3 -000083.7  23 05 37.8  161.573 41.970  48.69  38787 15.1
2010-02-12  18:20:00  06 45 16.3  -00 21 53  +000820.3 -000088.3  23 06 34.0  161.949 41.788  46.63  38691 15.0
2010-02-12  18:30:00  06 54 24.6  -00 36 59  +000824.6 -000092.9  23 07 27.3  162.312 41.589  44.56  38589 15.0
2010-02-12  18:40:00  07 03 35.9  -00 52 51  +000829.3 -000097.4  23 08 17.6  162.658 41.373  42.51  38481 15.0
2010-02-12  18:50:00  07 12 50.5  -01 09 27  +000834.4 -000101.9  23 09 04.7  162.989 41.142  40.48  38367 14.9
2010-02-12  19:00:00  07 22 08.5  -01 26 49  +000839.8 -000106.3  23 09 48.3  163.301 40.895  38.47  38247 14.9
2010-02-12  19:10:00  07 31 30.2  -01 44 54  +000845.5 -000110.7  23 10 28.2  163.595 40.632  36.47  38121 14.9
2010-02-12  19:20:00  07 40 56.0  -02 03 42  +000851.7 -000115.0  23 11 04.1  163.867 40.354  34.52  37990 14.8
2010-02-12  19:30:00  07 50 25.9  -02 23 13  +000858.2 -000119.1  23 11 35.8  164.118 40.060  32.60  37854 14.8
2010-02-12  19:40:00  08 00 00.3  -02 43 25  +000865.1 -000123.2  23 12 03.1  164.346 39.750  30.74  37713 14.8
2010-02-12  19:50:00  08 09 39.4  -03 04 17  +000872.4 -000127.2  23 12 25.6  164.549 39.426  28.93  37567 14.8
2010-02-12  20:00:00  08 19 23.5  -03 25 49  +000880.0 -000131.1  23 12 43.1  164.726 39.086  27.22  37416 14.7
2010-02-12  20:10:00  08 29 12.9  -03 47 59  +000888.1 -000134.9  23 12 55.4  164.877 38.732  25.61  37262 14.7
2010-02-12  20:20:00  08 39 07.8  -04 10 46  +000896.6 -000138.5  23 13 02.2  164.999 38.364  24.14  37104 14.7
2010-02-12  20:30:00  08 49 08.4  -04 34 09  +000905.5 -000142.0  23 13 03.2  165.093 37.981  22.83  36942 14.7
2010-02-12  20:40:00  08 59 15.1  -04 58 05  +000914.8 -000145.3  23 12 58.1  165.157 37.585  21.74  36777 14.7
2010-02-12  20:50:00  09 09 28.2  -05 22 33  +000924.5 -000148.4  23 12 46.7  165.189 37.175  20.88  36609 14.6
2010-02-12  21:00:00  09 19 47.8  -05 47 32  +000934.6 -000151.3  23 12 28.7  165.189 36.752  20.32  36438 14.6
2010-02-12  21:10:00  09 30 14.4  -06 12 58  +000945.1 -000153.9  23 12 03.8  165.156 36.317  20.08  36265 14.6
2010-02-12  21:20:00  09 40 48.1  -06 38 49  +000956.1 -000156.4  23 11 31.8  165.090 35.869  20.18  36090 14.6
2010-02-12  21:30:00  09 51 29.2  -07 05 04  +000967.4 -000158.5  23 10 52.3  164.989 35.409  20.64  35914 14.6
2010-02-12  21:40:00  10 02 18.0  -07 31 39  +000979.2 -000160.3  23 10 05.1  164.852 34.938  21.43  35737 14.6
2010-02-12  21:50:00  10 13 14.8  -07 58 30  +000991.3 -000161.9  23 09 10.0  164.679 34.457  22.55  35559 14.6
2010-02-12  22:00:00  10 24 19.8  -08 25 35  +001003.8 -000163.0  23 08 06.6  164.470 33.965  23.93  35381 14.6
2010-02-12  22:10:00  10 35 33.3  -08 52 49  +001016.7 -000163.8  23 06 54.8  164.223 33.463  25.58  35204 14.6
2010-02-12  22:20:00  10 46 55.4  -09 20 09  +001029.9 -000164.2  23 05 34.2  163.939 32.952  27.42  35027 14.6
2010-02-12  22:30:00  10 58 26.5  -09 47 31  +001043.4 -000164.1  23 04 04.8  163.617 32.433  29.46  34851 14.6
2010-02-12  22:40:00  11 10 06.7  -10 14 50  +001057.3 -000163.6  23 02 26.2  163.256 31.906  31.65  34678 14.6
2010-02-12  22:50:00  11 21 56.3  -10 42 02  +001071.4 -000162.5  23 00 38.3  162.856 31.373  33.98  34506 14.6
2010-02-12  23:00:00  11 33 55.3  -11 08 60  +001085.7 -000161.0  22 58 41.0  162.418 30.833  36.41  34338 14.6
2010-02-12  23:10:00  11 46 03.9  -11 35 39  +001100.1 -000158.8  22 56 34.0  161.941 30.287  38.97  34173 14.7
2010-02-12  23:20:00  11 58 22.1  -12 01 54  +001114.7 -000156.1  22 54 17.4  161.426 29.737  41.60  34011 14.7
2010-02-12  23:30:00  12 10 50.1  -12 27 38  +001129.4 -000152.7  22 51 51.0  160.871 29.183  44.32  33854 14.7
2010-02-12  23:40:00  12 23 27.9  -12 52 46  +001144.0 -000148.7  22 49 14.9  160.279 28.627  47.10  33702 14.7
2010-02-12  23:50:00  12 36 15.5  -13 17 11  +001158.6 -000144.1  22 46 28.9  159.649 28.069  49.97  33556 14.8
2010-02-13  00:00:00  12 49 12.7  -13 40 45  +001173.1 -000138.7  22 43 33.3  158.982 27.510  52.88  33416 14.8
2010-02-13  00:10:00  13 02 19.5  -14 03 23  +001187.3 -000132.7  22 40 28.2  158.278 26.952  55.87  33282 14.8
2010-02-13  00:20:00  13 15 35.7  -14 24 58  +001201.2 -000126.0  22 37 13.7  157.538 26.395  58.89  33156 14.9
2010-02-13  00:30:00  13 29 01.0  -14 45 21  +001214.7 -000118.6  22 33 50.0  156.764 25.842  61.97  33037 14.9
2010-02-13  00:40:00  13 42 35.1  -15 04 27  +001227.7 -000110.5  22 30 17.5  155.956 25.292  65.09  32926 15.0
2010-02-13  00:50:00  13 56 17.7  -15 22 09  +001240.0 -000101.7  22 26 36.6  155.116 24.747  68.26  32824 15.0
2010-02-13  01:00:00  14 10 08.4  -15 38 20  +001251.7 -000092.3  22 22 47.6  154.245 24.209  71.46  32732 15.1
2010-02-13  01:10:00  14 24 06.5  -15 52 54  +001262.6 -000082.4  22 18 51.1  153.345 23.678  74.70  32648 15.2
2010-02-13  01:20:00  14 38 11.7  -16 05 46  +001272.6 -000071.8  22 14 47.6  152.417 23.157  77.96  32575 15.2
2010-02-13  01:30:00  14 52 23.1  -16 16 49  +001281.6 -000060.7  22 10 37.7  151.463 22.646  81.27  32512 15.3
2010-02-13  01:40:00  15 06 40.2  -16 25 59  +001289.6 -000049.2  22 06 22.3  150.485 22.147  84.59  32459 15.4
2010-02-13  01:50:00  15 21 02.3  -16 33 11  +001296.4 -000037.3  22 02 01.9  149.486 21.660  87.94  32418 15.5
2010-02-13  02:00:00  15 35 28.5  -16 38 24  +001302.0 -000025.1  21 57 37.3  148.466 21.188  91.30  32388 15.6
2010-02-13  02:10:00  15 49 58.0  -16 41 32  +001306.3 -000012.6  21 53 09.4  147.430 20.731  94.69  32369 15.7
2010-02-13  02:20:00  16 04 30.0  -16 42 36  +001309.4 -000000.0  21 48 39.1  146.378 20.290  98.09  32361 15.8
2010-02-13  02:30:00  16 19 03.5  -16 41 34  +001311.1 +000012.6  21 44 07.2  145.314 19.868 101.50  32365 15.9
2010-02-13  02:40:00  16 33 37.8  -16 38 25  +001311.4 +000025.2  21 39 34.6  144.239 19.463 104.91  32381 16.1
2010-02-13  02:50:00  16 48 11.8  -16 33 10  +001310.4 +000037.7  21 35 02.2  143.158 19.079 108.34  32408 16.2
2010-02-13  03:00:00  17 02 44.7  -16 25 53  +001308.1 +000049.9  21 30 30.9  142.071 18.715 111.76  32447 16.3
2010-02-13  03:10:00  17 17 15.7  -16 16 33  +001304.5 +000061.9  21 26 01.6  140.982 18.373 115.19  32498 16.5
2010-02-13  03:20:00  17 31 43.9  -16 05 17  +001299.7 +000073.4  21 21 35.1  139.893 18.052 118.60  32560 16.7
2010-02-13  03:30:00  17 46 08.4  -15 52 07  +001293.7 +000084.6  21 17 12.2  138.806 17.754 122.01  32633 16.8
2010-02-13  03:40:00  18 00 28.6  -15 37 08  +001286.6 +000095.2  21 12 53.7  137.725 17.479 125.41  32716 17.0
2010-02-13  03:50:00  18 14 43.6  -15 20 26  +001278.4 +000105.2  21 08 40.3  136.652 17.227 128.80  32811 17.2
2010-02-13  04:00:00  18 28 52.9  -15 02 07  +001269.3 +000114.6  21 04 32.6  135.589 16.999 132.16  32915 17.4
2010-02-13  04:10:00  18 42 55.8  -14 42 17  +001259.3 +000123.3  21 00 31.3  134.538 16.795 135.52  33029 17.7

   Date        UTC        RA         DECL      RARate   DeclRate    HourAng      Az     Um    Phase  Range  Mag
2010-02-13  16:20:00  07 14 01.7  -00 47 29  +000834.4 -000093.2  20 41 25.4  122.122 25.883  40.79  39819 15.0
2010-02-13  16:30:00  07 23 19.6  -01 03 22  +000839.3 -000097.5  20 42 09.2  122.458 25.774  38.74  39699 15.0
2010-02-13  16:40:00  07 32 40.9  -01 19 59  +000844.7 -000101.8  20 42 49.5  122.788 25.646  36.72  39575 14.9
2010-02-13  16:50:00  07 42 05.9  -01 37 18  +000850.4 -000106.0  20 43 26.1  123.111 25.499  34.72  39445 14.9
2010-02-13  17:00:00  07 51 34.8  -01 55 19  +000856.4 -000110.2  20 43 58.9  123.427 25.332  32.76  39310 14.9
2010-02-13  17:10:00  08 01 07.8  -02 14 01  +000862.8 -000114.2  20 44 27.5  123.732 25.146  30.84  39171 14.9
2010-02-13  17:20:00  08 10 45.2  -02 33 23  +000869.6 -000118.2  20 44 51.7  124.028 24.939  28.98  39027 14.8
2010-02-13  17:30:00  08 20 27.3  -02 53 24  +000876.7 -000122.0  20 45 11.3  124.311 24.712  27.19  38879 14.8
2010-02-13  17:40:00  08 30 14.2  -03 14 03  +000884.2 -000125.8  20 45 26.0  124.582 24.464  25.51  38728 14.8
2010-02-13  17:50:00  08 40 06.3  -03 35 19  +000892.1 -000129.4  20 45 35.5  124.839 24.195  23.94  38573 14.8
2010-02-13  18:00:00  08 50 03.8  -03 57 10  +000900.4 -000132.8  20 45 39.7  125.081 23.904  22.53  38415 14.8
2010-02-13  18:10:00  09 00 06.9  -04 19 35  +000909.1 -000136.1  20 45 38.2  125.306 23.593  21.31  38254 14.7
2010-02-13  18:20:00  09 10 16.0  -04 42 32  +000918.1 -000139.3  20 45 30.8  125.513 23.259  20.32  38090 14.7
2010-02-13  18:30:00  09 20 31.2  -05 05 59  +000927.5 -000142.2  20 45 17.3  125.702 22.905  19.62  37925 14.7
2010-02-13  18:40:00  09 30 52.8  -05 29 55  +000937.4 -000144.9  20 44 57.3  125.870 22.528  19.23  37757 14.7
2010-02-13  18:50:00  09 41 21.1  -05 54 17  +000947.6 -000147.4  20 44 30.7  126.018 22.130  19.20  37589 14.7
2010-02-13  19:00:00  09 51 56.3  -06 19 02  +000958.2 -000149.6  20 43 57.1  126.143 21.710  19.53  37419 14.7
2010-02-13  19:10:00  10 02 38.7  -06 44 08  +000969.1 -000151.6  20 43 16.3  126.244 21.269  20.22  37250 14.7
2010-02-13  19:20:00  10 13 28.5  -07 09 32  +000980.4 -000153.2  20 42 28.1  126.322 20.807  21.23  37080 14.7
2010-02-13  19:30:00  10 24 26.0  -07 35 11  +000992.1 -000154.5  20 41 32.3  126.373 20.324  22.56  36910 14.7
2010-02-13  19:40:00  10 35 31.4  -08 01 01  +001004.1 -000155.5  20 40 28.6  126.398 19.820  24.13  36741 14.7
2010-02-13  19:50:00  10 46 44.9  -08 26 60  +001016.4 -000156.1  20 39 16.7  126.396 19.295  25.94  36574 14.7
2010-02-13  20:00:00  10 58 06.6  -08 53 01  +001029.0 -000156.2  20 37 56.6  126.364 18.751  27.92  36408 14.7
2010-02-13  20:10:00  11 09 36.9  -09 19 03  +001041.9 -000156.0  20 36 28.0  126.304 18.187  30.08  36245 14.7
2010-02-13  20:20:00  11 21 15.8  -09 44 59  +001055.0 -000155.2  20 34 50.7  126.213 17.604  32.36  36085 14.7
2010-02-13  20:30:00  11 33 03.6  -10 10 46  +001068.3 -000154.0  20 33 04.6  126.091 17.004  34.78  35927 14.7
2010-02-13  20:40:00  11 45 00.2  -10 36 18  +001081.7 -000152.3  20 31 09.6  125.938 16.386  37.28  35774 14.7
2010-02-13  20:50:00  11 57 05.9  -11 01 30  +001095.3 -000150.0  20 29 05.5  125.752 15.752  39.88  35625 14.8
2010-02-13  21:00:00  12 09 20.7  -11 26 16  +001109.0 -000147.1  20 26 52.4  125.534 15.102  42.56  35482 14.8
2010-02-13  21:10:00  12 21 44.5  -11 50 31  +001122.6 -000143.7  20 24 30.2  125.282 14.438  45.32  35343 14.8
2010-02-13  21:20:00  12 34 17.5  -12 14 08  +001136.2 -000139.6  20 21 58.9  124.997 13.761  48.13  35211 14.8
2010-02-13  21:30:00  12 46 59.4  -12 37 02  +001149.6 -000135.0  20 19 18.6  124.678 13.072  51.01  35085 14.9
2010-02-13  21:40:00  12 59 50.2  -12 59 06  +001162.9 -000129.7  20 16 29.4  124.325 12.373  53.93  34966 14.9
2010-02-13  21:50:00  13 12 49.8  -13 20 13  +001175.9 -000123.7  20 13 31.5  123.938 11.664  56.92  34854 15.0
2010-02-13  22:00:00  13 25 58.0  -13 40 18  +001188.5 -000117.1  20 10 24.9  123.517 10.948  59.94  34750 15.0
2010-02-13  22:10:00  13 39 14.4  -13 59 14  +001200.7 -000109.9  20 07 10.1  123.062 10.226  63.02  34655 15.1
