ЭФЕМЕРИДЫ ПО ОБЪЕКТУ:  90085
Для пункта:  10016 Маяки   46 23'50.68"   30 16'17.74"    14m
C   2010-02-01 12:00
по  2010-02-16 12:00
Шаг  0:10:00
Мин.угол места:          10 град
Макс.угол места Солнца: -10 град
Стандартный блеск :      7.9 (зв.вел.)

ОБОЗНАЧЕНИЯ
RA        прямое восхождение, тек.эпоха
DECL      склонение, тек.эпоха
RARate    скорость по пр.восх., арксек/мин
DeclRate  скорость по склонению, арксек/мин
HourAng   часовой угол
Az        азимут
Um        угол места
Phase     фазовый угол
Range     дальность
Mag       зв.величина (оценка)

   Date        UTC        RA         DECL      RARate   DeclRate    HourAng      Az     Um    Phase  Range  Mag
2010-02-04  16:10:00  08 31 54.8  +05 44 58  +000892.0 +000048.9  18 38 01.6   92.912 10.712  14.42  41381 14.8
2010-02-04  16:20:00  08 41 49.8  +05 52 27  +000892.9 +000040.9  18 38 08.3   92.844 10.821  12.75  41364 14.8
2010-02-04  16:30:00  08 51 45.3  +05 58 36  +000893.6 +000032.9  18 38 14.4   92.790 10.913  11.38  41349 14.8
2010-02-04  16:40:00  09 01 41.3  +06 03 24  +000894.2 +000024.7  18 38 20.1   92.751 10.987  10.42  41336 14.8
2010-02-04  16:50:00  09 11 37.6  +06 06 51     <<SHADOW>>        18 38 25.4   92.727 11.044  10.00  41324 ----
2010-02-04  17:00:00  09 21 34.2  +06 08 54     <<SHADOW>>        18 38 30.5   92.718 11.083  10.18  41313 ----
2010-02-04  17:10:00  09 31 30.9  +06 09 36     <<SHADOW>>        18 38 35.4   92.725 11.105  10.94  41304 ----
2010-02-04  17:20:00  09 41 27.8  +06 08 55     <<SHADOW>>        18 38 40.2   92.748 11.111  12.15  41296 ----
2010-02-04  17:30:00  09 51 24.6  +06 06 51     <<SHADOW>>        18 38 45.0   92.787 11.100  13.72  41290 ----
2010-02-04  17:40:00  10 01 21.3  +06 03 24     <<SHADOW>>        18 38 49.9   92.842 11.073  15.52  41286 ----
2010-02-04  17:50:00  10 11 17.9  +05 58 36  +000894.6 -000032.9  18 38 55.0   92.914 11.029  17.49  41282 14.8
2010-02-04  18:00:00  10 21 14.1  +05 52 26  +000894.1 -000041.1  18 39 00.4   93.003 10.971  19.57  41281 14.8
2010-02-04  18:10:00  10 31 10.0  +05 44 55  +000893.5 -000049.1  18 39 06.1   93.109 10.897  21.75  41280 14.8
2010-02-04  18:20:00  10 41 05.5  +05 36 03  +000892.8 -000057.1  18 39 12.3   93.232 10.808  23.97  41281 14.8
2010-02-04  18:30:00  10 51 00.4  +05 25 53  +000892.0 -000064.9  18 39 19.0   93.371 10.705  26.25  41284 14.8
2010-02-04  18:40:00  11 00 54.8  +05 14 26  +000891.1 -000072.6  18 39 26.3   93.528 10.588  28.54  41287 14.9
2010-02-04  18:50:00  11 10 48.5  +05 01 42  +000890.0 -000080.2  18 39 34.3   93.701 10.457  30.88  41292 14.9
2010-02-04  19:00:00  11 20 41.5  +04 47 43  +000888.9 -000087.6  18 39 42.9   93.892 10.313  33.23  41298 14.9
2010-02-04  19:10:00  11 30 33.7  +04 32 30  +000887.8 -000094.8  18 39 52.3   94.098 10.157  35.61  41306 14.9

   Date        UTC        RA         DECL      RARate   DeclRate    HourAng      Az     Um    Phase  Range  Mag
2010-02-05  16:10:00  08 01 20.5  +05 19 46  +000888.6 +000073.2  19 12 32.5   99.619 16.320  21.28  40803 14.8
2010-02-05  16:20:00  08 11 13.3  +05 31 20  +000889.8 +000065.5  19 12 41.3   99.510 16.485  19.11  40782 14.8
2010-02-05  16:30:00  08 21 06.9  +05 41 36  +000890.9 +000057.6  19 12 49.4   99.413 16.633  17.01  40763 14.8
2010-02-05  16:40:00  08 31 01.2  +05 50 32  +000891.9 +000049.7  19 12 56.8   99.330 16.763  15.03  40746 14.7
2010-02-05  16:50:00  08 40 56.1  +05 58 08  +000892.8 +000041.6  19 13 03.5   99.261 16.874  13.21  40730 14.7
2010-02-05  17:00:00  08 50 51.5  +06 04 23  +000893.5 +000033.4  19 13 09.7   99.206 16.968  11.65  40716 14.7
2010-02-05  17:10:00  09 00 47.4  +06 09 16  +000894.1 +000025.1  19 13 15.5   99.166 17.043  10.43  40703 14.7
2010-02-05  17:20:00  09 10 43.6  +06 12 45     <<SHADOW>>        19 13 20.9   99.141 17.101   9.71  40691 ----
2010-02-05  17:30:00  09 20 40.1  +06 14 51     <<SHADOW>>        19 13 26.0   99.133 17.141   9.59  40681 ----
2010-02-05  17:40:00  09 30 36.8  +06 15 33     <<SHADOW>>        19 13 31.0   99.140 17.164  10.10  40673 ----
2010-02-05  17:50:00  09 40 33.6  +06 14 51     <<SHADOW>>        19 13 35.9   99.164 17.169  11.15  40666 ----
2010-02-05  18:00:00  09 50 30.3  +06 12 45     <<SHADOW>>        19 13 40.8   99.204 17.158  12.59  40660 ----
2010-02-05  18:10:00  10 00 26.9  +06 09 15     <<SHADOW>>        19 13 45.8   99.262 17.129  14.34  40656 ----
2010-02-05  18:20:00  10 10 23.3  +06 04 22     <<SHADOW>>        19 13 51.0   99.337 17.085  16.26  40653 ----
2010-02-05  18:30:00  10 20 19.4  +05 58 06  +000893.9 -000041.7  19 13 56.6   99.429 17.024  18.33  40652 14.8
2010-02-05  18:40:00  10 30 15.2  +05 50 28  +000893.3 -000049.9  19 14 02.5   99.539 16.948  20.47  40652 14.8
2010-02-05  18:50:00  10 40 10.4  +05 41 28  +000892.5 -000058.0  19 14 08.8   99.666 16.857  22.70  40653 14.8
2010-02-05  19:00:00  10 50 05.2  +05 31 09  +000891.7 -000065.9  19 14 15.7   99.811 16.751  24.96  40656 14.8
2010-02-05  19:10:00  10 59 59.3  +05 19 30  +000890.7 -000073.8  19 14 23.3   99.973 16.630  27.27  40660 14.8
2010-02-05  19:20:00  11 09 52.8  +05 06 34  +000889.7 -000081.4  19 14 31.4  100.152 16.495  29.60  40665 14.8
2010-02-05  19:30:00  11 19 45.5  +04 52 22  +000888.5 -000089.0  19 14 40.3  100.348 16.347  31.96  40672 14.9
2010-02-05  19:40:00  11 29 37.5  +04 36 55  +000887.3 -000096.3  19 14 50.0  100.561 16.186  34.32  40679 14.9
2010-02-05  19:50:00  11 39 28.6  +04 20 16  +000886.1 -000103.5  19 15 00.5  100.791 16.012  36.71  40688 14.9
2010-02-05  20:00:00  11 49 18.9  +04 02 27  +000884.8 -000110.4  19 15 11.9  101.037 15.826  39.10  40698 14.9
2010-02-05  20:10:00  11 59 08.3  +03 43 29  +000883.4 -000117.1  19 15 24.1  101.298 15.628  41.51  40709 15.0
2010-02-05  20:20:00  12 08 56.8  +03 23 25  +000882.0 -000123.7  19 15 37.3  101.575 15.419  43.92  40721 15.0
2010-02-05  20:30:00  12 18 44.3  +03 02 17  +000880.7 -000129.9  19 15 51.4  101.867 15.200  46.34  40735 15.0
2010-02-05  20:40:00  12 28 31.0  +02 40 07  +000879.3 -000135.9  19 16 06.4  102.173 14.969  48.76  40749 15.1
2010-02-05  20:50:00  12 38 16.7  +02 16 59  +000877.9 -000141.7  19 16 22.3  102.493 14.729  51.19  40765 15.1
2010-02-05  21:00:00  12 48 01.6  +01 52 54  +000876.6 -000147.2  19 16 39.1  102.825 14.480  53.61  40781 15.1
2010-02-05  21:10:00  12 57 45.5  +01 27 56  +000875.3 -000152.4  19 16 56.8  103.170 14.221  56.05  40798 15.2
2010-02-05  21:20:00  13 07 28.6  +01 02 07  +000874.0 -000157.3  19 17 15.3  103.527 13.954  58.48  40817 15.2
2010-02-05  21:30:00  13 17 10.9  +00 35 31  +000872.8 -000161.9  19 17 34.6  103.895 13.679  60.93  40836 15.3
2010-02-05  21:40:00  13 26 52.4  +00 08 09  +000871.7 -000166.3  19 17 54.8  104.273 13.396  63.36  40856 15.3
2010-02-05  21:50:00  13 36 33.2  -00 19 53  +000870.7 -000170.3  19 18 15.6  104.660 13.106  65.81  40878 15.4
2010-02-05  22:00:00  13 46 13.3  -00 48 35  +000869.7 -000174.0  19 18 37.2  105.055 12.810  68.25  40900 15.4
2010-02-05  22:10:00  13 55 52.8  -01 17 52  +000868.8 -000177.4  19 18 59.3  105.459 12.507  70.70  40922 15.5
2010-02-05  22:20:00  14 05 31.8  -01 47 41  +000868.1 -000180.4  19 19 22.0  105.869 12.198  73.13  40946 15.5
2010-02-05  22:30:00  14 15 10.3  -02 17 59  +000867.4 -000183.1  19 19 45.1  106.285 11.884  75.59  40970 15.6
2010-02-05  22:40:00  14 24 48.4  -02 48 43  +000866.9 -000185.5  19 20 08.7  106.706 11.565  78.02  40995 15.6
2010-02-05  22:50:00  14 34 26.2  -03 19 49  +000866.5 -000187.6  19 20 32.5  107.132 11.241  80.47  41021 15.7
2010-02-05  23:00:00  14 44 03.8  -03 51 13  +000866.2 -000189.3  19 20 56.6  107.560 10.914  82.91  41048 15.8
2010-02-05  23:10:00  14 53 41.2  -04 22 54  +000866.1 -000190.7  19 21 20.8  107.991 10.583  85.36  41075 15.8
2010-02-05  23:20:00  15 03 18.5  -04 54 46  +000866.0 -000191.7  19 21 45.1  108.424 10.249  87.80  41103 15.9

   Date        UTC        RA         DECL      RARate   DeclRate    HourAng      Az     Um    Phase  Range  Mag
2010-02-06  16:10:00  07 30 20.4  +04 41 51  +000884.2 +000096.9  19 47 29.1  106.877 21.714  29.21  40264 14.8
2010-02-06  16:20:00  07 40 10.4  +04 57 23  +000885.7 +000089.5  19 47 40.8  106.732 21.940  26.88  40240 14.8
2010-02-06  16:30:00  07 50 01.4  +05 11 41  +000887.1 +000082.0  19 47 51.4  106.597 22.148  24.57  40217 14.8
2010-02-06  16:40:00  07 59 53.3  +05 24 43  +000888.5 +000074.4  19 48 01.2  106.474 22.337  22.30  40196 14.8
2010-02-06  16:50:00  08 09 46.0  +05 36 28  +000889.7 +000066.5  19 48 10.1  106.363 22.508  20.07  40177 14.7
2010-02-06  17:00:00  08 19 39.5  +05 46 54  +000890.8 +000058.5  19 48 18.2  106.265 22.660  17.91  40159 14.7
2010-02-06  17:10:00  08 29 33.8  +05 55 59  +000891.8 +000050.4  19 48 25.7  106.181 22.793  15.83  40142 14.7
2010-02-06  17:20:00  08 39 28.6  +06 03 42  +000892.7 +000042.2  19 48 32.5  106.110 22.908  13.89  40127 14.7
2010-02-06  17:30:00  08 49 24.0  +06 10 03  +000893.4 +000033.9  19 48 38.7  106.055 23.004  12.13  40113 14.7
2010-02-06  17:40:00  08 59 19.8  +06 14 60  +000894.0 +000025.5  19 48 44.6  106.015 23.082  10.67  40101 14.7
2010-02-06  17:50:00  09 09 16.0  +06 18 32  +000894.5 +000017.0  19 48 50.0  105.990 23.141   9.63  40090 14.7
2010-02-06  18:00:00  09 19 12.4  +06 20 40     <<SHADOW>>        19 48 55.2  105.982 23.182   9.15  40081 ----
2010-02-06  18:10:00  09 29 09.0  +06 21 23     <<SHADOW>>        19 49 00.3  105.990 23.205   9.33  40073 ----
2010-02-06  18:20:00  09 39 05.6  +06 20 40     <<SHADOW>>        19 49 05.3  106.015 23.210  10.13  40067 ----
2010-02-06  18:30:00  09 49 02.3  +06 18 33     <<SHADOW>>        19 49 10.3  106.058 23.197  11.43  40062 ----
2010-02-06  18:40:00  09 58 58.8  +06 14 60     <<SHADOW>>        19 49 15.4  106.118 23.167  13.06  40058 ----
2010-02-06  18:50:00  10 08 55.1  +06 10 02     <<SHADOW>>        19 49 20.8  106.196 23.120  14.94  40056 ----
2010-02-06  19:00:00  10 18 51.1  +06 03 40  +000893.7 -000042.4  19 49 26.4  106.292 23.057  16.96  40055 14.7
2010-02-06  19:10:00  10 28 46.7  +05 55 55  +000893.0 -000050.7  19 49 32.5  106.406 22.977  19.10  40055 14.7
2010-02-06  19:20:00  10 38 41.8  +05 46 48  +000892.3 -000058.8  19 49 39.0  106.537 22.881  21.30  40057 14.7
2010-02-06  19:30:00  10 48 36.3  +05 36 19  +000891.4 -000066.9  19 49 46.1  106.687 22.770  23.57  40060 14.8
2010-02-06  19:40:00  10 58 30.3  +05 24 30  +000890.4 -000074.9  19 49 53.8  106.855 22.644  25.86  40064 14.8
2010-02-06  19:50:00  11 08 23.5  +05 11 22  +000889.3 -000082.7  19 50 02.2  107.040 22.503  28.20  40070 14.8
2010-02-06  20:00:00  11 18 16.0  +04 56 57  +000888.2 -000090.3  19 50 11.3  107.242 22.348  30.54  40077 14.8
2010-02-06  20:10:00  11 28 07.7  +04 41 17  +000886.9 -000097.7  19 50 21.2  107.462 22.179  32.92  40085 14.8
2010-02-06  20:20:00  11 37 58.6  +04 24 23  +000885.6 -000105.0  19 50 32.0  107.699 21.997  35.30  40094 14.9
2010-02-06  20:30:00  11 47 48.6  +04 06 17  +000884.3 -000112.1  19 50 43.7  107.952 21.802  37.70  40104 14.9
2010-02-06  20:40:00  11 57 37.7  +03 47 02  +000882.9 -000118.9  19 50 56.3  108.222 21.595  40.10  40116 14.9
2010-02-06  20:50:00  12 07 25.8  +03 26 40  +000881.5 -000125.5  19 51 09.7  108.507 21.375  42.52  40128 14.9
2010-02-06  21:00:00  12 17 13.0  +03 05 13  +000880.1 -000131.8  19 51 24.2  108.806 21.144  44.93  40142 15.0
2010-02-06  21:10:00  12 26 59.3  +02 42 44  +000878.7 -000137.9  19 51 39.6  109.120 20.902  47.36  40157 15.0
2010-02-06  21:20:00  12 36 44.6  +02 19 16  +000877.3 -000143.8  19 51 55.9  109.448 20.650  49.78  40173 15.0
2010-02-06  21:30:00  12 46 29.0  +01 54 50  +000875.9 -000149.3  19 52 13.1  109.789 20.387  52.22  40190 15.1
2010-02-06  21:40:00  12 56 12.5  +01 29 30  +000874.6 -000154.6  19 52 31.3  110.142 20.114  54.65  40208 15.1
2010-02-06  21:50:00  13 05 55.1  +01 03 18  +000873.3 -000159.6  19 52 50.3  110.507 19.833  57.09  40226 15.2
2010-02-06  22:00:00  13 15 36.9  +00 36 19  +000872.1 -000164.3  19 53 10.2  110.882 19.543  59.52  40246 15.2
2010-02-06  22:10:00  13 25 17.9  +00 08 34  +000870.9 -000168.7  19 53 30.8  111.268 19.244  61.97  40267 15.3
2010-02-06  22:20:00  13 34 58.1  -00 19 53  +000869.8 -000172.7  19 53 52.2  111.662 18.937  64.41  40289 15.3
2010-02-06  22:30:00  13 44 37.6  -00 48 60  +000868.8 -000176.5  19 54 14.3  112.065 18.624  66.86  40311 15.4
2010-02-06  22:40:00  13 54 16.5  -01 18 42  +000867.9 -000179.9  19 54 37.1  112.475 18.303  69.29  40335 15.4
2010-02-06  22:50:00  14 03 54.9  -01 48 57  +000867.1 -000183.0  19 55 00.4  112.891 17.976  71.74  40359 15.5
2010-02-06  23:00:00  14 13 32.8  -02 19 41  +000866.5 -000185.8  19 55 24.1  113.313 17.643  74.18  40384 15.5
2010-02-06  23:10:00  14 23 10.2  -02 50 51  +000865.9 -000188.2  19 55 48.3  113.740 17.305  76.63  40410 15.6
2010-02-06  23:20:00  14 32 47.4  -03 22 23  +000865.5 -000190.3  19 56 12.8  114.170 16.961  79.07  40437 15.6
2010-02-06  23:30:00  14 42 24.3  -03 54 15  +000865.2 -000192.0  19 56 37.6  114.602 16.613  81.52  40464 15.7
2010-02-06  23:40:00  14 52 01.0  -04 26 22  +000865.0 -000193.4  19 57 02.5  115.037 16.262  83.96  40492 15.8
2010-02-06  23:50:00  15 01 37.7  -04 58 42  +000865.0 -000194.4  19 57 27.5  115.472 15.906  86.41  40521 15.8
2010-02-07  00:00:00  15 11 14.3  -05 31 10  +000865.1 -000195.1  19 57 52.4  115.907 15.548  88.85  40550 15.9
2010-02-07  00:10:00  15 20 51.2  -06 03 43  +000865.4 -000195.5  19 58 17.2  116.340 15.187  91.30  40580 16.0
2010-02-07  00:20:00  15 30 28.2  -06 36 18  +000865.7 -000195.5  19 58 41.9  116.772 14.825  93.73  40610 16.1
2010-02-07  00:30:00  15 40 05.5  -07 08 51  +000866.3 -000195.1  19 59 06.2  117.201 14.461  96.18  40641 16.1
2010-02-07  00:40:00  15 49 43.2  -07 41 19  +000866.9 -000194.4  19 59 30.1  117.626 14.096  98.61  40672 16.2
2010-02-07  00:50:00  15 59 21.5  -08 13 39  +000867.7 -000193.4  19 59 53.5  118.046 13.732 101.06  40704 16.3
2010-02-07  01:00:00  16 09 00.2  -08 45 46  +000868.6 -000192.0  20 00 16.4  118.461 13.367 103.49  40736 16.4
2010-02-07  01:10:00  16 18 39.7  -09 17 37  +000869.7 -000190.2  20 00 38.6  118.869 13.003 105.93  40769 16.5
2010-02-07  01:20:00  16 28 19.8  -09 49 09  +000870.9 -000188.1  20 01 00.1  119.270 12.641 108.35  40801 16.6
2010-02-07  01:30:00  16 38 00.8  -10 20 18  +000872.1 -000185.7  20 01 20.7  119.663 12.282 110.79  40834 16.7
2010-02-07  01:40:00  16 47 42.7  -10 51 01  +000873.5 -000182.9  20 01 40.5  120.047 11.924 113.22  40867 16.8
2010-02-07  01:50:00  16 57 25.6  -11 21 16  +000875.0 -000179.8  20 01 59.3  120.422 11.571 115.65  40900 16.9
2010-02-07  02:00:00  17 07 09.4  -11 50 57  +000876.6 -000176.4  20 02 17.1  120.787 11.221 118.07  40933 17.0
2010-02-07  02:10:00  17 16 54.3  -12 20 03  +000878.2 -000172.6  20 02 33.8  121.141 10.876 120.51  40966 17.2
2010-02-07  02:20:00  17 26 40.4  -12 48 29  +000879.9 -000168.6  20 02 49.4  121.484 10.537 122.92  40998 17.3
2010-02-07  02:30:00  17 36 27.6  -13 16 13  +000881.7 -000164.2  20 03 03.8  121.815 10.203 125.35  41031 17.4

   Date        UTC        RA         DECL      RARate   DeclRate    HourAng      Az     Um    Phase  Range  Mag
2010-02-07  16:10:00  06 58 57.2  +03 51 25  +000879.1 +000119.3  20 22 48.9  114.852 26.761  37.63  39778 14.9
2010-02-07  16:20:00  07 08 43.9  +04 10 44  +000880.8 +000112.5  20 23 03.9  114.679 27.051  35.24  39751 14.8
2010-02-07  16:30:00  07 18 31.7  +04 28 54  +000882.5 +000105.5  20 23 17.7  114.516 27.323  32.85  39725 14.8
2010-02-07  16:40:00  07 28 20.5  +04 45 54  +000884.1 +000098.3  20 23 30.5  114.361 27.576  30.49  39701 14.8
2010-02-07  16:50:00  07 38 10.4  +05 01 40  +000885.6 +000090.9  20 23 42.3  114.217 27.811  28.13  39678 14.8
2010-02-07  17:00:00  07 48 01.3  +05 16 11  +000887.0 +000083.3  20 23 53.0  114.083 28.026  25.80  39656 14.8
2010-02-07  17:10:00  07 57 53.1  +05 29 24  +000888.3 +000075.5  20 24 02.9  113.961 28.223  23.48  39636 14.7
2010-02-07  17:20:00  08 07 45.7  +05 41 19  +000889.6 +000067.5  20 24 11.9  113.851 28.400  21.21  39617 14.7
2010-02-07  17:30:00  08 17 39.1  +05 51 54  +000890.7 +000059.4  20 24 20.1  113.753 28.558  18.98  39600 14.7
2010-02-07  17:40:00  08 27 33.3  +06 01 07  +000891.7 +000051.2  20 24 27.6  113.669 28.697  16.83  39584 14.7
2010-02-07  17:50:00  08 37 28.1  +06 08 58  +000892.6 +000042.8  20 24 34.5  113.600 28.816  14.77  39570 14.7
2010-02-07  18:00:00  08 47 23.4  +06 15 24  +000893.3 +000034.4  20 24 40.8  113.545 28.915  12.86  39557 14.7
2010-02-07  18:10:00  08 57 19.1  +06 20 25  +000893.9 +000025.9  20 24 46.7  113.506 28.995  11.16  39545 14.7
2010-02-07  18:20:00  09 07 15.2  +06 24 01  +000894.4 +000017.3  20 24 52.2  113.482 29.056   9.81  39535 14.7
2010-02-07  18:30:00  09 17 11.6  +06 26 11     <<SHADOW>>        20 24 57.5  113.475 29.098   8.95  39527 ----
2010-02-07  18:40:00  09 27 08.1  +06 26 55     <<SHADOW>>        20 25 02.6  113.485 29.121   8.72  39519 ----
2010-02-07  18:50:00  09 37 04.7  +06 26 12     <<SHADOW>>        20 25 07.7  113.512 29.125   9.19  39514 ----
2010-02-07  19:00:00  09 47 01.2  +06 24 02     <<SHADOW>>        20 25 12.8  113.557 29.111  10.25  39509 ----
2010-02-07  19:10:00  09 56 57.7  +06 20 26     <<SHADOW>>        20 25 18.0  113.620 29.078  11.75  39506 ----
2010-02-07  19:20:00  10 06 53.9  +06 15 25     <<SHADOW>>        20 25 23.4  113.701 29.028  13.53  39504 ----
2010-02-07  19:30:00  10 16 49.8  +06 08 58     <<SHADOW>>        20 25 29.2  113.800 28.960  15.51  39504 ----
2010-02-07  19:40:00  10 26 45.2  +06 01 06  +000892.9 -000051.4  20 25 35.4  113.917 28.875  17.60  39505 14.7
2010-02-07  19:50:00  10 36 40.2  +05 51 51  +000892.1 -000059.7  20 25 42.0  114.053 28.773  19.80  39507 14.7
2010-02-07  20:00:00  10 46 34.6  +05 41 13  +000891.2 -000067.9  20 25 49.3  114.207 28.655  22.04  39511 14.7
2010-02-07  20:10:00  10 56 28.4  +05 29 14  +000890.2 -000075.9  20 25 57.1  114.380 28.520  24.34  39515 14.7
2010-02-07  20:20:00  11 06 21.5  +05 15 56  +000889.1 -000083.8  20 26 05.7  114.570 28.371  26.66  39521 14.8
2010-02-07  20:30:00  11 16 13.8  +05 01 19  +000887.9 -000091.5  20 26 15.0  114.779 28.206  29.02  39529 14.8
2010-02-07  20:40:00  11 26 05.3  +04 45 25  +000886.6 -000099.1  20 26 25.2  115.004 28.026  31.38  39537 14.8
2010-02-07  20:50:00  11 35 55.9  +04 28 17  +000885.3 -000106.5  20 26 36.2  115.247 27.832  33.77  39547 14.8
2010-02-07  21:00:00  11 45 45.6  +04 09 57  +000883.9 -000113.6  20 26 48.1  115.507 27.624  36.16  39558 14.8
2010-02-07  21:10:00  11 55 34.4  +03 50 26  +000882.5 -000120.5  20 27 01.0  115.782 27.403  38.57  39570 14.9
2010-02-07  21:20:00  12 05 22.3  +03 29 47  +000881.0 -000127.2  20 27 14.8  116.073 27.169  40.98  39583 14.9
2010-02-07  21:30:00  12 15 09.2  +03 08 03  +000879.6 -000133.6  20 27 29.5  116.380 26.923  43.41  39597 14.9
2010-02-07  21:40:00  12 24 55.1  +02 45 15  +000878.1 -000139.8  20 27 45.2  116.700 26.665  45.82  39612 15.0
2010-02-07  21:50:00  12 34 40.0  +02 21 27  +000876.7 -000145.7  20 28 01.9  117.034 26.395  48.26  39629 15.0
2010-02-07  22:00:00  12 44 24.0  +01 56 41  +000875.3 -000151.4  20 28 19.6  117.382 26.114  50.69  39646 15.0
2010-02-07  22:10:00  12 54 07.1  +01 31 01  +000873.9 -000156.7  20 28 38.2  117.741 25.823  53.13  39665 15.1
2010-02-07  22:20:00  13 03 49.3  +01 04 28  +000872.6 -000161.8  20 28 57.6  118.111 25.522  55.56  39684 15.1
2010-02-07  22:30:00  13 13 30.6  +00 37 07  +000871.3 -000166.5  20 29 18.0  118.492 25.211  58.00  39705 15.2
2010-02-07  22:40:00  13 23 11.1  +00 08 59  +000870.1 -000170.9  20 29 39.1  118.883 24.891  60.44  39726 15.2
2010-02-07  22:50:00  13 32 50.8  -00 19 51  +000869.0 -000175.0  20 30 01.0  119.282 24.563  62.89  39749 15.2
2010-02-07  23:00:00  13 42 29.8  -00 49 20  +000868.0 -000178.8  20 30 23.7  119.689 24.226  65.32  39772 15.3
2010-02-07  23:10:00  13 52 08.1  -01 19 26  +000867.1 -000182.3  20 30 47.0  120.102 23.882  67.77  39796 15.3
2010-02-07  23:20:00  14 01 45.9  -01 50 05  +000866.3 -000185.4  20 31 10.8  120.522 23.531  70.21  39821 15.4
2010-02-07  23:30:00  14 11 23.2  -02 21 13  +000865.6 -000188.2  20 31 35.2  120.946 23.173  72.66  39847 15.5
2010-02-07  23:40:00  14 21 00.0  -02 52 48  +000865.0 -000190.6  20 32 00.0  121.374 22.810  75.10  39874 15.5
2010-02-07  23:50:00  14 30 36.5  -03 24 45  +000864.5 -000192.7  20 32 25.2  121.806 22.441  77.55  39902 15.6
2010-02-08  00:00:00  14 40 12.8  -03 57 02  +000864.2 -000194.5  20 32 50.6  122.239 22.067  79.99  39930 15.6
2010-02-08  00:10:00  14 49 48.8  -04 29 34  +000864.0 -000195.9  20 33 16.1  122.673 21.688  82.44  39959 15.7
2010-02-08  00:20:00  14 59 24.8  -05 02 19  +000864.0 -000197.0  20 33 41.8  123.107 21.306  84.88  39989 15.8
2010-02-08  00:30:00  15 09 00.8  -05 35 12  +000864.1 -000197.6  20 34 07.4  123.540 20.921  87.33  40019 15.8
2010-02-08  00:40:00  15 18 36.9  -06 08 11  +000864.3 -000198.0  20 34 33.0  123.971 20.532  89.76  40050 15.9
2010-02-08  00:50:00  15 28 13.2  -06 41 11  +000864.7 -000198.0  20 34 58.3  124.399 20.142  92.21  40082 16.0
2010-02-08  01:00:00  15 37 49.9  -07 14 09  +000865.2 -000197.6  20 35 23.3  124.824 19.751  94.64  40114 16.1
2010-02-08  01:10:00  15 47 26.9  -07 47 02  +000865.8 -000196.9  20 35 48.0  125.244 19.358  97.08  40147 16.1
2010-02-08  01:20:00  15 57 04.3  -08 19 46  +000866.6 -000195.8  20 36 12.1  125.658 18.966  99.51  40180 16.2
2010-02-08  01:30:00  16 06 42.4  -08 52 17  +000867.5 -000194.4  20 36 35.7  126.067 18.573 101.96  40213 16.3
2010-02-08  01:40:00  16 16 21.1  -09 24 32  +000868.6 -000192.6  20 36 58.6  126.468 18.182 104.38  40246 16.4
2010-02-08  01:50:00  16 26 00.6  -09 56 28  +000869.8 -000190.5  20 37 20.8  126.861 17.793 106.82  40280 16.5
2010-02-08  02:00:00  16 35 40.8  -10 28 01  +000871.1 -000188.0  20 37 42.2  127.246 17.406 109.24  40314 16.6
2010-02-08  02:10:00  16 45 22.0  -10 59 08  +000872.5 -000185.2  20 38 02.7  127.621 17.022 111.68  40348 16.7
2010-02-08  02:20:00  16 55 04.1  -11 29 45  +000874.0 -000182.1  20 38 22.2  127.987 16.642 114.10  40382 16.8
2010-02-08  02:30:00  17 04 47.3  -11 59 49  +000875.5 -000178.6  20 38 40.7  128.342 16.267 116.53  40417 16.9
2010-02-08  02:40:00  17 14 31.5  -12 29 16  +000877.2 -000174.8  20 38 58.1  128.685 15.897 118.95  40451 17.0
2010-02-08  02:50:00  17 24 16.9  -12 58 04  +000879.0 -000170.7  20 39 14.3  129.017 15.532 121.37  40484 17.2
2010-02-08  03:00:00  17 34 03.5  -13 26 10  +000880.8 -000166.3  20 39 29.4  129.337 15.175 123.78  40518 17.3
2010-02-08  03:10:00  17 43 51.3  -13 53 29  +000882.6 -000161.5  20 39 43.3  129.643 14.824 126.20  40551 17.4
2010-02-08  03:20:00  17 53 40.3  -14 19 60  +000884.5 -000156.5  20 39 55.9  129.937 14.482 128.61  40584 17.6
2010-02-08  03:30:00  18 03 30.6  -14 45 38  +000886.4 -000151.2  20 40 07.2  130.217 14.149 131.03  40617 17.7
2010-02-08  03:40:00  18 13 22.1  -15 10 23  +000888.3 -000145.6  20 40 17.3  130.484 13.825 133.42  40649 17.9
2010-02-08  03:50:00  18 23 15.0  -15 34 09  +000890.2 -000139.7  20 40 26.1  130.736 13.511 135.84  40680 18.1
2010-02-08  04:00:00  18 33 09.0  -15 56 56  +000892.1 -000133.6  20 40 33.7  130.973 13.209 138.23  40710 18.2
2010-02-08  04:10:00  18 43 04.4  -16 18 40  +000893.9 -000127.2  20 40 40.0  131.196 12.918 140.63  40740 18.4

   Date        UTC        RA         DECL      RARate   DeclRate    HourAng      Az     Um    Phase  Range  Mag
2010-02-08  16:10:00  06 27 13.9  +02 49 03  +000873.7 +000139.9  20 58 28.8  123.700 31.293  46.33  39359 15.0
2010-02-08  16:20:00  06 36 56.9  +03 11 52  +000875.4 +000133.8  20 58 47.4  123.518 31.649  43.92  39329 14.9
2010-02-08  16:30:00  06 46 41.1  +03 33 38  +000877.2 +000127.5  20 59 04.8  123.341 31.987  41.50  39300 14.9
2010-02-08  16:40:00  06 56 26.5  +03 54 21  +000878.9 +000120.9  20 59 21.1  123.171 32.308  39.09  39272 14.9
2010-02-08  16:50:00  07 06 13.0  +04 13 55  +000880.6 +000114.0  20 59 36.2  123.007 32.610  36.68  39246 14.8
2010-02-08  17:00:00  07 16 00.7  +04 32 20  +000882.3 +000106.9  20 59 50.2  122.852 32.894  34.29  39221 14.8
2010-02-08  17:10:00  07 25 49.4  +04 49 33  +000883.9 +000099.6  21 00 03.1  122.705 33.159  31.90  39198 14.8
2010-02-08  17:20:00  07 35 39.2  +05 05 32  +000885.4 +000092.1  21 00 15.0  122.567 33.404  29.53  39176 14.8
2010-02-08  17:30:00  07 45 29.9  +05 20 15  +000886.8 +000084.4  21 00 25.9  122.439 33.629  27.17  39155 14.7
2010-02-08  17:40:00  07 55 21.6  +05 33 39  +000888.2 +000076.5  21 00 35.8  122.322 33.835  24.83  39136 14.7
2010-02-08  17:50:00  08 05 14.2  +05 45 44  +000889.4 +000068.4  21 00 44.9  122.217 34.020  22.51  39118 14.7
2010-02-08  18:00:00  08 15 07.5  +05 56 27  +000890.6 +000060.2  21 00 53.2  122.124 34.185  20.24  39102 14.7
2010-02-08  18:10:00  08 25 01.6  +06 05 48  +000891.6 +000051.9  21 01 00.8  122.044 34.329  18.01  39087 14.7
2010-02-08  18:20:00  08 34 56.3  +06 13 45  +000892.5 +000043.4  21 01 07.7  121.978 34.453  15.87  39073 14.7
2010-02-08  18:30:00  08 44 51.5  +06 20 16  +000893.2 +000034.9  21 01 14.2  121.926 34.557  13.82  39061 14.6
2010-02-08  18:40:00  08 54 47.2  +06 25 22  +000893.8 +000026.2  21 01 20.1  121.890 34.640  11.94  39050 14.6
2010-02-08  18:50:00  09 04 43.2  +06 29 01  +000894.3 +000017.5  21 01 25.7  121.869 34.703  10.30  39041 14.6
2010-02-08  19:00:00  09 14 39.6  +06 31 13     <<SHADOW>>        21 01 31.0  121.864 34.745   9.06  39033 ----
2010-02-08  19:10:00  09 24 36.0  +06 31 57     <<SHADOW>>        21 01 36.2  121.876 34.768   8.39  39026 ----
2010-02-08  19:20:00  09 34 32.5  +06 31 14     <<SHADOW>>        21 01 41.3  121.906 34.771   8.41  39021 ----
2010-02-08  19:30:00  09 44 29.0  +06 29 03     <<SHADOW>>        21 01 46.5  121.953 34.754   9.14  39017 ----
2010-02-08  19:40:00  09 54 25.4  +06 25 24     <<SHADOW>>        21 01 51.8  122.018 34.718  10.41  39015 ----
2010-02-08  19:50:00  10 04 21.5  +06 20 19     <<SHADOW>>        21 01 57.3  122.101 34.662  12.07  39014 ----
2010-02-08  20:00:00  10 14 17.3  +06 13 47     <<SHADOW>>        21 02 03.1  122.202 34.589  13.97  39014 ----
2010-02-08  20:10:00  10 24 12.7  +06 05 50  +000892.7 -000052.0  21 02 09.4  122.322 34.496  16.03  39015 14.7
2010-02-08  20:20:00  10 34 07.6  +05 56 27  +000891.9 -000060.4  21 02 16.1  122.461 34.386  18.18  39018 14.7
2010-02-08  20:30:00  10 44 01.9  +05 45 42  +000891.0 -000068.7  21 02 23.5  122.618 34.258  20.42  39022 14.7
2010-02-08  20:40:00  10 53 55.6  +05 33 34  +000890.0 -000076.9  21 02 31.4  122.793 34.113  22.70  39027 14.7
2010-02-08  20:50:00  11 03 48.5  +05 20 05  +000888.8 -000084.9  21 02 40.1  122.986 33.952  25.03  39034 14.7
2010-02-08  21:00:00  11 13 40.7  +05 05 18  +000887.6 -000092.7  21 02 49.6  123.197 33.774  27.37  39042 14.7
2010-02-08  21:10:00  11 23 32.0  +04 49 12  +000886.3 -000100.3  21 02 59.9  123.425 33.580  29.74  39051 14.8
2010-02-08  21:20:00  11 33 22.4  +04 31 52  +000885.0 -000107.8  21 03 11.2  123.670 33.370  32.12  39061 14.8
2010-02-08  21:30:00  11 43 12.0  +04 13 18  +000883.6 -000115.0  21 03 23.3  123.932 33.146  34.52  39072 14.8
2010-02-08  21:40:00  11 53 00.5  +03 53 32  +000882.1 -000122.0  21 03 36.4  124.210 32.907  36.92  39085 14.8
2010-02-08  21:50:00  12 02 48.1  +03 32 38  +000880.7 -000128.8  21 03 50.4  124.504 32.655  39.34  39099 14.9
2010-02-08  22:00:00  12 12 34.7  +03 10 38  +000879.2 -000135.3  21 04 05.4  124.812 32.388  41.75  39114 14.9
2010-02-08  22:10:00  12 22 20.4  +02 47 34  +000877.7 -000141.5  21 04 21.5  125.134 32.109  44.18  39130 14.9
2010-02-08  22:20:00  12 32 05.0  +02 23 28  +000876.2 -000147.5  21 04 38.5  125.470 31.817  46.60  39147 14.9
2010-02-08  22:30:00  12 41 48.6  +01 58 25  +000874.8 -000153.2  21 04 56.5  125.818 31.513  49.04  39165 15.0
2010-02-08  22:40:00  12 51 31.3  +01 32 25  +000873.4 -000158.6  21 05 15.4  126.178 31.198  51.47  39184 15.0
2010-02-08  22:50:00  13 01 13.1  +01 05 34  +000872.0 -000163.7  21 05 35.3  126.548 30.872  53.92  39204 15.1
2010-02-08  23:00:00  13 10 54.0  +00 37 52  +000870.7 -000168.5  21 05 56.0  126.929 30.535  56.35  39226 15.1
2010-02-08  23:10:00  13 20 34.1  +00 09 25  +000869.5 -000173.0  21 06 17.6  127.318 30.188  58.80  39248 15.1
2010-02-08  23:20:00  13 30 13.3  -00 19 46  +000868.3 -000177.1  21 06 40.0  127.715 29.832  61.23  39272 15.2
2010-02-08  23:30:00  13 39 51.8  -00 49 36  +000867.3 -000180.9  21 07 03.1  128.120 29.467  63.68  39296 15.2
2010-02-08  23:40:00  13 49 29.7  -01 20 04  +000866.3 -000184.4  21 07 26.9  128.530 29.094  66.12  39321 15.3
2010-02-08  23:50:00  13 59 06.9  -01 51 04  +000865.4 -000187.6  21 07 51.3  128.946 28.713  68.57  39347 15.3
2010-02-09  00:00:00  14 08 43.6  -02 22 34  +000864.7 -000190.4  21 08 16.2  129.365 28.325  71.01  39374 15.4
2010-02-09  00:10:00  14 18 19.9  -02 54 31  +000864.1 -000192.9  21 08 41.6  129.788 27.931  73.46  39402 15.4
2010-02-09  00:20:00  14 27 55.8  -03 26 50  +000863.6 -000195.0  21 09 07.4  130.213 27.530  75.90  39431 15.5
2010-02-09  00:30:00  14 37 31.4  -03 59 29  +000863.3 -000196.7  21 09 33.4  130.639 27.125  78.35  39461 15.6
2010-02-09  00:40:00  14 47 06.9  -04 32 24  +000863.1 -000198.1  21 09 59.6  131.065 26.714  80.79  39491 15.6
2010-02-09  00:50:00  14 56 42.2  -05 05 31  +000863.0 -000199.2  21 10 25.9  131.490 26.299  83.23  39522 15.7
2010-02-09  01:00:00  15 06 17.5  -05 38 46  +000863.0 -000199.9  21 10 52.2  131.913 25.881  85.67  39554 15.8
2010-02-09  01:10:00  15 15 53.0  -06 12 07  +000863.3 -000200.2  21 11 18.4  132.333 25.461  88.12  39586 15.8
2010-02-09  01:20:00  15 25 28.6  -06 45 30  +000863.6 -000200.2  21 11 44.4  132.750 25.038  90.55  39619 15.9
2010-02-09  01:30:00  15 35 04.5  -07 18 50  +000864.1 -000199.8  21 12 10.2  133.162 24.613  92.99  39652 16.0
2010-02-09  01:40:00  15 44 40.8  -07 52 05  +000864.8 -000199.1  21 12 35.5  133.569 24.188  95.42  39686 16.1
2010-02-09  01:50:00  15 54 17.5  -08 25 11  +000865.5 -000198.0  21 13 00.4  133.970 23.763  97.86  39720 16.1
2010-02-09  02:00:00  16 03 54.9  -08 58 04  +000866.5 -000196.5  21 13 24.7  134.364 23.339 100.29  39755 16.2
2010-02-09  02:10:00  16 13 32.9  -09 30 41  +000867.5 -000194.7  21 13 48.4  134.750 22.916 102.73  39790 16.3
2010-02-09  02:20:00  16 23 11.6  -10 02 58  +000868.7 -000192.6  21 14 11.3  135.128 22.495 105.15  39825 16.4
2010-02-09  02:30:00  16 32 51.1  -10 34 51  +000870.0 -000190.1  21 14 33.4  135.496 22.077 107.59  39860 16.5
2010-02-09  02:40:00  16 42 31.6  -11 06 19  +000871.4 -000187.3  21 14 54.6  135.855 21.663 110.00  39895 16.6
2010-02-09  02:50:00  16 52 13.0  -11 37 16  +000872.9 -000184.1  21 15 14.8  136.203 21.253 112.43  39931 16.7
2010-02-09  03:00:00  17 01 55.4  -12 07 39  +000874.5 -000180.6  21 15 34.0  136.540 20.849 114.85  39966 16.8
2010-02-09  03:10:00  17 11 39.0  -12 37 27  +000876.2 -000176.8  21 15 52.1  136.866 20.450 117.27  40001 16.9
2010-02-09  03:20:00  17 21 23.7  -13 06 34  +000877.9 -000172.6  21 16 09.0  137.179 20.058 119.68  40036 17.1
2010-02-09  03:30:00  17 31 09.6  -13 34 58  +000879.8 -000168.1  21 16 24.8  137.481 19.673 122.10  40071 17.2
2010-02-09  03:40:00  17 40 56.7  -14 02 35  +000881.6 -000163.3  21 16 39.3  137.769 19.297 124.51  40105 17.3
2010-02-09  03:50:00  17 50 45.1  -14 29 23  +000883.5 -000158.3  21 16 52.6  138.045 18.930 126.92  40139 17.5
2010-02-09  04:00:00  18 00 34.7  -14 55 19  +000885.5 -000152.9  21 17 04.6  138.306 18.573 129.32  40173 17.6
2010-02-09  04:10:00  18 10 25.7  -15 20 20  +000887.4 -000147.2  21 17 15.2  138.555 18.226 131.73  40206 17.8

   Date        UTC        RA         DECL      RARate   DeclRate    HourAng      Az     Um    Phase  Range  Mag
2010-02-09  16:20:00  06 04 53.3  +02 01 39  +000869.9 +000153.0  21 34 47.6  133.365 35.526  52.80  38985 15.0
2010-02-09  16:30:00  06 14 33.8  +02 26 41  +000871.6 +000147.4  21 35 08.7  133.200 35.931  50.36  38954 15.0
2010-02-09  16:40:00  06 24 15.5  +02 50 47  +000873.4 +000141.6  21 35 28.7  133.039 36.319  47.94  38923 15.0
2010-02-09  16:50:00  06 33 58.3  +03 13 52  +000875.2 +000135.4  21 35 47.5  132.881 36.691  45.51  38894 14.9
2010-02-09  17:00:00  06 43 42.4  +03 35 54  +000876.9 +000129.0  21 36 05.1  132.727 37.045  43.10  38867 14.9
2010-02-09  17:10:00  06 53 27.6  +03 56 50  +000878.7 +000122.3  21 36 21.5  132.578 37.380  40.67  38840 14.9
2010-02-09  17:20:00  07 03 14.0  +04 16 39  +000880.4 +000115.4  21 36 36.7  132.435 37.696  38.27  38815 14.8
2010-02-09  17:30:00  07 13 01.5  +04 35 17  +000882.1 +000108.2  21 36 50.9  132.298 37.993  35.85  38791 14.8
2010-02-09  17:40:00  07 22 50.1  +04 52 42  +000883.7 +000100.8  21 37 03.9  132.168 38.270  33.46  38769 14.8
2010-02-09  17:50:00  07 32 39.7  +05 08 52  +000885.2 +000093.2  21 37 15.9  132.046 38.527  31.06  38748 14.7
2010-02-09  18:00:00  07 42 30.4  +05 23 45  +000886.7 +000085.4  21 37 26.9  131.932 38.763  28.69  38728 14.7
2010-02-09  18:10:00  07 52 21.9  +05 37 19  +000888.0 +000077.4  21 37 37.0  131.828 38.978  26.32  38710 14.7
2010-02-09  18:20:00  08 02 14.4  +05 49 32  +000889.3 +000069.2  21 37 46.2  131.735 39.172  23.98  38693 14.7
2010-02-09  18:30:00  08 12 07.7  +06 00 23  +000890.5 +000060.9  21 37 54.5  131.652 39.345  21.66  38678 14.7
2010-02-09  18:40:00  08 22 01.7  +06 09 50  +000891.5 +000052.5  21 38 02.2  131.581 39.496  19.38  38663 14.7
2010-02-09  18:50:00  08 31 56.3  +06 17 52  +000892.4 +000043.9  21 38 09.2  131.523 39.626  17.15  38651 14.6
2010-02-09  19:00:00  08 41 51.5  +06 24 29  +000893.1 +000035.3  21 38 15.7  131.479 39.734  15.01  38639 14.6
2010-02-09  19:10:00  08 51 47.1  +06 29 38  +000893.7 +000026.6  21 38 21.7  131.448 39.820  12.97  38629 14.6
2010-02-09  19:20:00  09 01 43.1  +06 33 19  +000894.2 +000017.8  21 38 27.3  131.433 39.885  11.12  38621 14.6
2010-02-09  19:30:00  09 11 39.3  +06 35 33  +000894.5 +000008.9  21 38 32.7  131.432 39.928   9.54  38613 14.6
2010-02-09  19:40:00  09 21 35.8  +06 36 18     <<SHADOW>>        21 38 37.9  131.448 39.950   8.42  38607 ----
2010-02-09  19:50:00  09 31 32.3  +06 35 34     <<SHADOW>>        21 38 43.1  131.480 39.951   7.93  38603 ----
2010-02-09  20:00:00  09 41 28.7  +06 33 22     <<SHADOW>>        21 38 48.3  131.529 39.931   8.19  38600 ----
2010-02-09  20:10:00  09 51 25.0  +06 29 42     <<SHADOW>>        21 38 53.6  131.595 39.890   9.15  38598 ----
2010-02-09  20:20:00  10 01 21.1  +06 24 33     <<SHADOW>>        21 38 59.2  131.678 39.828  10.60  38597 ----
2010-02-09  20:30:00  10 11 16.9  +06 17 57     <<SHADOW>>        21 39 05.1  131.780 39.747  12.39  38598 ----
2010-02-09  20:40:00  10 21 12.2  +06 09 55  +000892.6 -000052.5  21 39 11.4  131.899 39.646  14.37  38600 14.6
2010-02-09  20:50:00  10 31 07.0  +06 00 27  +000891.8 -000061.0  21 39 18.2  132.036 39.525  16.50  38603 14.6
2010-02-09  21:00:00  10 41 01.3  +05 49 34  +000890.9 -000069.4  21 39 25.6  132.190 39.385  18.70  38608 14.6
2010-02-09  21:10:00  10 50 54.9  +05 37 19  +000889.8 -000077.7  21 39 33.6  132.363 39.227  20.98  38614 14.7
2010-02-09  21:20:00  11 00 47.7  +05 23 42  +000888.7 -000085.8  21 39 42.4  132.553 39.051  23.28  38621 14.7
2010-02-09  21:30:00  11 10 39.8  +05 08 44  +000887.5 -000093.7  21 39 52.0  132.760 38.856  25.63  38629 14.7
2010-02-09  21:40:00  11 20 31.0  +04 52 29  +000886.1 -000101.4  21 40 02.5  132.984 38.645  27.98  38639 14.7
2010-02-09  21:50:00  11 30 21.3  +04 34 57  +000884.8 -000108.9  21 40 13.8  133.225 38.417  30.37  38650 14.7
2010-02-09  22:00:00  11 40 10.6  +04 16 12  +000883.3 -000116.2  21 40 26.1  133.482 38.172  32.76  38662 14.8
2010-02-09  22:10:00  11 49 59.0  +03 56 14  +000881.9 -000123.3  21 40 39.3  133.753 37.912  35.17  38675 14.8
2010-02-09  22:20:00  11 59 46.4  +03 35 07  +000880.4 -000130.1  21 40 53.6  134.040 37.636  37.57  38690 14.8
2010-02-09  22:30:00  12 09 32.8  +03 12 53  +000878.8 -000136.7  21 41 08.8  134.341 37.345  40.00  38705 14.8
2010-02-09  22:40:00  12 19 18.2  +02 49 34  +000877.3 -000143.0  21 41 25.1  134.655 37.041  42.42  38722 14.9
2010-02-09  22:50:00  12 29 02.6  +02 25 14  +000875.8 -000149.0  21 41 42.3  134.982 36.722  44.86  38740 14.9
2010-02-09  23:00:00  12 38 46.0  +01 59 54  +000874.3 -000154.8  21 42 00.6  135.320 36.390  47.28  38759 14.9
2010-02-09  23:10:00  12 48 28.4  +01 33 39  +000872.9 -000160.2  21 42 19.8  135.669 36.046  49.72  38779 15.0
2010-02-09  23:20:00  12 58 09.8  +01 06 31  +000871.5 -000165.4  21 42 40.0  136.029 35.690  52.16  38801 15.0
2010-02-09  23:30:00  13 07 50.4  +00 38 33  +000870.2 -000170.2  21 43 01.1  136.397 35.322  54.60  38823 15.0
2010-02-09  23:40:00  13 17 30.1  +00 09 48  +000868.9 -000174.7  21 43 23.1  136.773 34.944  57.04  38846 15.1
2010-02-09  23:50:00  13 27 08.9  -00 19 40  +000867.7 -000178.9  21 43 45.9  137.156 34.555  59.49  38871 15.1
2010-02-10  00:00:00  13 36 47.0  -00 49 48  +000866.6 -000182.7  21 44 09.4  137.546 34.157  61.92  38896 15.2
2010-02-10  00:10:00  13 46 24.4  -01 20 33  +000865.6 -000186.2  21 44 33.7  137.940 33.750  64.37  38923 15.2
2010-02-10  00:20:00  13 56 01.2  -01 51 52  +000864.7 -000189.4  21 44 58.5  138.339 33.334  66.81  38950 15.3
2010-02-10  00:30:00  14 05 37.4  -02 23 41  +000864.0 -000192.2  21 45 24.0  138.740 32.911  69.26  38979 15.3
2010-02-10  00:40:00  14 15 13.1  -02 55 56  +000863.3 -000194.7  21 45 49.8  139.144 32.481  71.70  39008 15.4
2010-02-10  00:50:00  14 24 48.5  -03 28 34  +000862.8 -000196.8  21 46 16.1  139.549 32.044  74.15  39038 15.4
2010-02-10  01:00:00  14 34 23.6  -04 01 32  +000862.4 -000198.6  21 46 42.7  139.954 31.602  76.59  39069 15.5
2010-02-10  01:10:00  14 43 58.4  -04 34 45  +000862.2 -000200.0  21 47 09.5  140.359 31.155  79.04  39100 15.6
2010-02-10  01:20:00  14 53 33.2  -05 08 11  +000862.1 -000201.1  21 47 36.4  140.761 30.704  81.47  39133 15.6
2010-02-10  01:30:00  15 03 07.9  -05 41 45  +000862.1 -000201.8  21 48 03.3  141.161 30.249  83.92  39166 15.7
2010-02-10  01:40:00  15 12 42.7  -06 15 25  +000862.3 -000202.1  21 48 30.2  141.557 29.791  86.35  39199 15.8
2010-02-10  01:50:00  15 22 17.6  -06 49 06  +000862.6 -000202.1  21 48 56.9  141.949 29.332  88.79  39234 15.8
2010-02-10  02:00:00  15 31 52.9  -07 22 45  +000863.1 -000201.7  21 49 23.3  142.336 28.871  91.22  39268 15.9
2010-02-10  02:10:00  15 41 28.5  -07 56 18  +000863.7 -000200.9  21 49 49.3  142.717 28.410  93.66  39304 16.0
2010-02-10  02:20:00  15 51 04.5  -08 29 42  +000864.5 -000199.8  21 50 14.9  143.091 27.949  96.09  39339 16.1
2010-02-10  02:30:00  16 00 41.2  -09 02 53  +000865.4 -000198.3  21 50 39.9  143.457 27.490  98.53  39375 16.1
2010-02-10  02:40:00  16 10 18.5  -09 35 47  +000866.4 -000196.5  21 51 04.3  143.816 27.032 100.95  39412 16.2
2010-02-10  02:50:00  16 19 56.5  -10 08 22  +000867.6 -000194.3  21 51 27.9  144.165 26.577 103.38  39448 16.3
2010-02-10  03:00:00  16 29 35.3  -10 40 33  +000868.9 -000191.8  21 51 50.7  144.505 26.126 105.80  39485 16.4
2010-02-10  03:10:00  16 39 15.0  -11 12 17  +000870.3 -000189.0  21 52 12.6  144.835 25.679 108.23  39521 16.5
2010-02-10  03:20:00  16 48 55.7  -11 43 31  +000871.8 -000185.8  21 52 33.6  145.154 25.237 110.65  39558 16.6
2010-02-10  03:30:00  16 58 37.4  -12 14 11  +000873.4 -000182.2  21 52 53.5  145.463 24.801 113.07  39595 16.7
2010-02-10  03:40:00  17 08 20.3  -12 44 15  +000875.1 -000178.3  21 53 12.3  145.759 24.373 115.48  39631 16.8
2010-02-10  03:50:00  17 18 04.3  -13 13 38  +000876.9 -000174.2  21 53 29.9  146.044 23.952 117.90  39667 17.0
2010-02-10  04:00:00  17 27 49.5  -13 42 17  +000878.7 -000169.6  21 53 46.4  146.317 23.539 120.30  39703 17.1
2010-02-10  04:10:00  17 37 35.9  -14 10 10  +000880.6 -000164.8  21 54 01.6  146.578 23.136 122.72  39738 17.2

   Date        UTC        RA         DECL      RARate   DeclRate    HourAng      Az     Um    Phase  Range  Mag
2010-02-10  16:20:00  05 32 36.8  +00 41 24  +000864.6 +000169.6  22 11 00.6  144.229 38.448  61.82  38731 15.2
2010-02-10  16:30:00  05 42 13.8  +01 09 16  +000866.3 +000164.9  22 11 25.3  144.109 38.914  59.38  38697 15.1
2010-02-10  16:40:00  05 51 51.9  +01 36 20  +000867.9 +000159.8  22 11 48.8  143.989 39.367  56.96  38664 15.1
2010-02-10  16:50:00  06 01 31.1  +02 02 32  +000869.7 +000154.5  22 12 11.3  143.870 39.803  54.52  38633 15.0
2010-02-10  17:00:00  06 11 11.4  +02 27 49  +000871.4 +000148.8  22 12 32.6  143.751 40.224  52.09  38603 15.0
2010-02-10  17:10:00  06 20 52.9  +02 52 08  +000873.2 +000142.9  22 12 52.7  143.634 40.629  49.65  38574 15.0
2010-02-10  17:20:00  06 30 35.7  +03 15 26  +000875.0 +000136.7  22 13 11.6  143.519 41.015  47.23  38546 14.9
2010-02-10  17:30:00  06 40 19.6  +03 37 41  +000876.7 +000130.2  22 13 29.4  143.405 41.383  44.80  38519 14.9
2010-02-10  17:40:00  06 50 04.7  +03 58 50  +000878.5 +000123.5  22 13 45.9  143.295 41.733  42.38  38494 14.9
2010-02-10  17:50:00  06 59 50.9  +04 18 49  +000880.2 +000116.4  22 14 01.3  143.188 42.063  39.95  38470 14.8
2010-02-10  18:00:00  07 09 38.3  +04 37 38  +000881.9 +000109.2  22 14 15.6  143.085 42.372  37.54  38447 14.8
2010-02-10  18:10:00  07 19 26.8  +04 55 13  +000883.5 +000101.7  22 14 28.7  142.987 42.662  35.12  38426 14.8
2010-02-10  18:20:00  07 29 16.3  +05 11 32  +000885.1 +000094.1  22 14 40.8  142.895 42.930  32.72  38406 14.7
2010-02-10  18:30:00  07 39 06.8  +05 26 33  +000886.5 +000086.2  22 14 51.9  142.809 43.176  30.32  38387 14.7
2010-02-10  18:40:00  07 48 58.3  +05 40 15  +000887.9 +000078.1  22 15 02.1  142.730 43.401  27.94  38370 14.7
2010-02-10  18:50:00  07 58 50.7  +05 52 35  +000889.2 +000069.9  22 15 11.4  142.659 43.604  25.57  38354 14.7
2010-02-10  19:00:00  08 08 43.9  +06 03 32  +000890.3 +000061.5  22 15 19.8  142.596 43.784  23.23  38339 14.7
2010-02-10  19:10:00  08 18 37.8  +06 13 05  +000891.4 +000053.0  22 15 27.5  142.544 43.942  20.90  38326 14.6
2010-02-10  19:20:00  08 28 32.4  +06 21 11  +000892.3 +000044.4  22 15 34.6  142.501 44.077  18.62  38314 14.6
2010-02-10  19:30:00  08 38 27.5  +06 27 51  +000893.1 +000035.6  22 15 41.1  142.470 44.189  16.39  38303 14.6
2010-02-10  19:40:00  08 48 23.1  +06 33 04  +000893.7 +000026.8  22 15 47.2  142.450 44.278  14.25  38294 14.6
2010-02-10  19:50:00  08 58 19.0  +06 36 47  +000894.2 +000017.9  22 15 52.9  142.443 44.345  12.22  38286 14.6
2010-02-10  20:00:00  09 08 15.3  +06 39 02  +000894.5 +000009.0  22 15 58.3  142.450 44.388  10.39  38280 14.6
2010-02-10  20:10:00  09 18 11.7  +06 39 48     <<SHADOW>>        22 16 03.5  142.470 44.409   8.87  38274 ----
2010-02-10  20:20:00  09 28 08.1  +06 39 04     <<SHADOW>>        22 16 08.7  142.504 44.407   7.87  38270 ----
2010-02-10  20:30:00  09 38 04.6  +06 36 51     <<SHADOW>>        22 16 13.9  142.553 44.382   7.56  38268 ----
2010-02-10  20:40:00  09 48 00.8  +06 33 09     <<SHADOW>>        22 16 19.3  142.618 44.336   8.05  38267 ----
2010-02-10  20:50:00  09 57 56.9  +06 27 58     <<SHADOW>>        22 16 24.9  142.698 44.267   9.20  38267 ----
2010-02-10  21:00:00  10 07 52.7  +06 21 18     <<SHADOW>>        22 16 30.8  142.794 44.177  10.80  38268 ----
2010-02-10  21:10:00  10 17 48.0  +06 13 12     <<SHADOW>>        22 16 37.1  142.906 44.065  12.69  38271 ----
2010-02-10  21:20:00  10 27 42.8  +06 03 39  +000891.8 -000061.6  22 16 43.9  143.034 43.932  14.74  38275 14.6
2010-02-10  21:30:00  10 37 37.0  +05 52 41  +000890.8 -000070.0  22 16 51.4  143.178 43.779  16.92  38280 14.6
2010-02-10  21:40:00  10 47 30.5  +05 40 19  +000889.8 -000078.3  22 16 59.5  143.339 43.605  19.16  38287 14.6
2010-02-10  21:50:00  10 57 23.3  +05 26 35  +000888.6 -000086.5  22 17 08.3  143.515 43.412  21.46  38294 14.6
2010-02-10  22:00:00  11 07 15.3  +05 11 30  +000887.4 -000094.5  22 17 17.9  143.707 43.199  23.79  38303 14.7
2010-02-10  22:10:00  11 17 06.5  +04 55 07  +000886.0 -000102.2  22 17 28.4  143.914 42.968  26.15  38314 14.7
2010-02-10  22:20:00  11 26 56.7  +04 37 26  +000884.6 -000109.8  22 17 39.9  144.137 42.718  28.52  38325 14.7
2010-02-10  22:30:00  11 36 46.0  +04 18 31  +000883.2 -000117.2  22 17 52.2  144.374 42.450  30.92  38338 14.7
2010-02-10  22:40:00  11 46 34.3  +03 58 24  +000881.7 -000124.3  22 18 05.6  144.625 42.165  33.32  38352 14.7
2010-02-10  22:50:00  11 56 21.5  +03 37 06  +000880.2 -000131.2  22 18 19.9  144.889 41.864  35.74  38368 14.8
2010-02-10  23:00:00  12 06 07.8  +03 14 41  +000878.6 -000137.8  22 18 35.3  145.166 41.546  38.15  38384 14.8
2010-02-10  23:10:00  12 15 53.0  +02 51 11  +000877.1 -000144.2  22 18 51.7  145.455 41.212  40.58  38402 14.8
2010-02-10  23:20:00  12 25 37.2  +02 26 39  +000875.5 -000150.2  22 19 09.2  145.755 40.864  43.00  38421 14.9
2010-02-10  23:30:00  12 35 20.4  +02 01 07  +000874.0 -000156.0  22 19 27.7  146.065 40.502  45.44  38441 14.9
2010-02-10  23:40:00  12 45 02.6  +01 34 39  +000872.5 -000161.5  22 19 47.1  146.385 40.125  47.87  38462 14.9
2010-02-10  23:50:00  12 54 43.8  +01 07 18  +000871.1 -000166.7  22 20 07.6  146.714 39.736  50.32  38484 15.0
2010-02-11  00:00:00  13 04 24.1  +00 39 07  +000869.7 -000171.5  22 20 28.9  147.051 39.335  52.75  38508 15.0
2010-02-11  00:10:00  13 14 03.4  +00 10 09  +000868.4 -000176.1  22 20 51.2  147.394 38.921  55.20  38533 15.0
2010-02-11  00:20:00  13 23 42.0  -00 19 33  +000867.2 -000180.3  22 21 14.3  147.743 38.497  57.64  38558 15.1
2010-02-11  00:30:00  13 33 19.7  -00 49 56  +000866.1 -000184.1  22 21 38.2  148.097 38.062  60.09  38585 15.1
2010-02-11  00:40:00  13 42 56.7  -01 20 55  +000865.0 -000187.7  22 22 02.8  148.456 37.618  62.52  38613 15.2
2010-02-11  00:50:00  13 52 33.1  -01 52 28  +000864.1 -000190.9  22 22 28.1  148.817 37.165  64.97  38641 15.2
2010-02-11  01:00:00  14 02 08.9  -02 24 31  +000863.3 -000193.7  22 22 53.9  149.180 36.704  67.41  38671 15.3
2010-02-11  01:10:00  14 11 44.2  -02 57 00  +000862.6 -000196.2  22 23 20.3  149.545 36.236  69.86  38702 15.3
2010-02-11  01:20:00  14 21 19.1  -03 29 53  +000862.1 -000198.3  22 23 47.0  149.909 35.761  72.30  38733 15.4
2010-02-11  01:30:00  14 30 53.7  -04 03 05  +000861.7 -000200.1  22 24 14.1  150.274 35.280  74.75  38765 15.4
2010-02-11  01:40:00  14 40 28.0  -04 36 33  +000861.4 -000201.5  22 24 41.4  150.636 34.795  77.18  38798 15.5
2010-02-11  01:50:00  14 50 02.2  -05 10 13  +000861.2 -000202.5  22 25 08.8  150.996 34.305  79.63  38832 15.6
2010-02-11  02:00:00  14 59 36.4  -05 44 02  +000861.3 -000203.2  22 25 36.3  151.353 33.812  82.06  38867 15.6
2010-02-11  02:10:00  15 09 10.6  -06 17 56  +000861.4 -000203.5  22 26 03.7  151.706 33.316  84.50  38902 15.7
2010-02-11  02:20:00  15 18 45.0  -06 51 51  +000861.7 -000203.5  22 26 31.0  152.054 32.819  86.93  38938 15.8
2010-02-11  02:30:00  15 28 19.6  -07 25 44  +000862.2 -000203.1  22 26 58.0  152.397 32.321  89.37  38974 15.8
2010-02-11  02:40:00  15 37 54.6  -07 59 31  +000862.8 -000202.3  22 27 24.7  152.733 31.823  91.80  39011 15.9
2010-02-11  02:50:00  15 47 30.0  -08 33 09  +000863.5 -000201.2  22 27 50.9  153.062 31.326  94.24  39048 16.0
2010-02-11  03:00:00  15 57 06.0  -09 06 33  +000864.4 -000199.7  22 28 16.6  153.383 30.830  96.66  39085 16.1
2010-02-11  03:10:00  16 06 42.6  -09 39 41  +000865.4 -000197.8  22 28 41.6  153.697 30.338  99.09  39123 16.2
2010-02-11  03:20:00  16 16 19.9  -10 12 29  +000866.6 -000195.6  22 29 05.9  154.001 29.849 101.51  39161 16.2
2010-02-11  03:30:00  16 25 58.0  -10 44 53  +000867.9 -000193.1  22 29 29.4  154.297 29.364 103.94  39199 16.3
2010-02-11  03:40:00  16 35 37.1  -11 16 50  +000869.3 -000190.2  22 29 52.0  154.583 28.884 106.35  39237 16.4
2010-02-11  03:50:00  16 45 17.1  -11 48 16  +000870.8 -000187.0  22 30 13.7  154.858 28.411 108.78  39275 16.5
2010-02-11  04:00:00  16 54 58.1  -12 19 09  +000872.4 -000183.4  22 30 34.3  155.123 27.945 111.19  39312 16.6
2010-02-11  04:10:00  17 04 40.3  -12 49 24  +000874.1 -000179.5  22 30 53.8  155.377 27.487 113.61  39350 16.7

   Date        UTC        RA         DECL      RARate   DeclRate    HourAng      Az     Um    Phase  Range  Mag
2010-02-11  16:20:00  05 00 11.5  -00 47 13  +000860.2 +000183.1  22 47 22.4  155.929 40.189  70.94  38573 15.3
2010-02-11  16:30:00  05 09 45.4  -00 16 60  +000861.5 +000179.4  22 47 50.2  155.888 40.704  68.50  38538 15.3
2010-02-11  16:40:00  05 19 20.2  +00 12 34  +000863.0 +000175.3  22 48 17.0  155.846 41.209  66.08  38503 15.2
2010-02-11  16:50:00  05 28 56.1  +00 41 24  +000864.5 +000170.8  22 48 42.8  155.803 41.700  63.63  38470 15.2
2010-02-11  17:00:00  05 38 33.0  +01 09 29  +000866.1 +000166.1  22 49 07.6  155.758 42.178  61.20  38438 15.1
2010-02-11  17:10:00  05 48 10.9  +01 36 44  +000867.8 +000161.0  22 49 31.3  155.711 42.642  58.76  38407 15.1
2010-02-11  17:20:00  05 57 50.0  +02 03 07  +000869.5 +000155.6  22 49 53.8  155.664 43.090  56.33  38377 15.1
2010-02-11  17:30:00  06 07 30.3  +02 28 35  +000871.2 +000149.9  22 50 15.2  155.615 43.522  53.89  38348 15.0
2010-02-11  17:40:00  06 17 11.7  +02 53 04  +000873.0 +000143.9  22 50 35.4  155.566 43.937  51.46  38320 15.0
2010-02-11  17:50:00  06 26 54.3  +03 16 32  +000874.8 +000137.7  22 50 54.5  155.516 44.335  49.02  38293 14.9
2010-02-11  18:00:00  06 36 38.0  +03 38 57  +000876.6 +000131.1  22 51 12.4  155.465 44.714  46.60  38268 14.9
2010-02-11  18:10:00  06 46 23.0  +04 00 14  +000878.3 +000124.3  22 51 29.0  155.415 45.074  44.16  38244 14.9
2010-02-11  18:20:00  06 56 09.2  +04 20 22  +000880.1 +000117.3  22 51 44.5  155.365 45.414  41.74  38221 14.8
2010-02-11  18:30:00  07 05 56.4  +04 39 18  +000881.7 +000110.0  22 51 58.9  155.317 45.733  39.31  38199 14.8
2010-02-11  18:40:00  07 15 44.8  +04 57 00  +000883.4 +000102.4  22 52 12.2  155.270 46.031  36.89  38179 14.8
2010-02-11  18:50:00  07 25 34.3  +05 13 26  +000884.9 +000094.7  22 52 24.4  155.226 46.308  34.47  38160 14.7
2010-02-11  19:00:00  07 35 24.7  +05 28 34  +000886.4 +000086.8  22 52 35.6  155.184 46.563  32.07  38142 14.7
2010-02-11  19:10:00  07 45 16.1  +05 42 21  +000887.8 +000078.6  22 52 45.8  155.145 46.795  29.66  38125 14.7
2010-02-11  19:20:00  07 55 08.4  +05 54 46  +000889.1 +000070.4  22 52 55.1  155.111 47.004  27.28  38110 14.7
2010-02-11  19:30:00  08 05 01.6  +06 05 47  +000890.3 +000061.9  22 53 03.6  155.082 47.190  24.90  38097 14.7
2010-02-11  19:40:00  08 14 55.4  +06 15 24  +000891.3 +000053.3  22 53 11.4  155.058 47.353  22.56  38084 14.6
2010-02-11  19:50:00  08 24 49.9  +06 23 34  +000892.2 +000044.7  22 53 18.5  155.041 47.492  20.23  38073 14.6
2010-02-11  20:00:00  08 34 45.0  +06 30 17  +000893.0 +000035.9  22 53 25.1  155.031 47.607  17.94  38063 14.6
2010-02-11  20:10:00  08 44 40.6  +06 35 31  +000893.6 +000027.0  22 53 31.2  155.029 47.697  15.71  38054 14.6
2010-02-11  20:20:00  08 54 36.5  +06 39 16  +000894.1 +000018.1  22 53 36.9  155.035 47.764  13.56  38047 14.6
2010-02-11  20:30:00  09 04 32.7  +06 41 32  +000894.5 +000009.1  22 53 42.3  155.051 47.807  11.54  38041 14.6
2010-02-11  20:40:00  09 14 29.1  +06 42 18     <<SHADOW>>        22 53 47.6  155.076 47.825   9.74  38037 ----
2010-02-11  20:50:00  09 24 25.6  +06 41 34     <<SHADOW>>        22 53 52.8  155.112 47.820   8.28  38034 ----
2010-02-11  21:00:00  09 34 22.0  +06 39 20     <<SHADOW>>        22 53 58.0  155.159 47.791   7.39  38032 ----
2010-02-11  21:10:00  09 44 18.3  +06 35 37     <<SHADOW>>        22 54 03.3  155.217 47.738   7.28  38031 ----
2010-02-11  21:20:00  09 54 14.4  +06 30 24     <<SHADOW>>        22 54 08.9  155.288 47.661   7.96  38032 ----
2010-02-11  21:30:00  10 04 10.1  +06 23 42     <<SHADOW>>        22 54 14.8  155.370 47.562   9.29  38034 ----
2010-02-11  21:40:00  10 14 05.5  +06 15 33     <<SHADOW>>        22 54 21.1  155.465 47.439  11.01  38037 ----
2010-02-11  21:50:00  10 24 00.3  +06 05 56  +000891.8 -000061.9  22 54 27.9  155.573 47.294  12.98  38042 14.6
2010-02-11  22:00:00  10 33 54.5  +05 54 54  +000890.8 -000070.4  22 54 35.3  155.694 47.126  15.09  38048 14.6
2010-02-11  22:10:00  10 43 48.0  +05 42 28  +000889.8 -000078.8  22 54 43.4  155.828 46.937  17.31  38055 14.6
2010-02-11  22:20:00  10 53 40.9  +05 28 39  +000888.6 -000087.0  22 54 52.3  155.974 46.727  19.58  38064 14.6
2010-02-11  22:30:00  11 03 32.9  +05 13 29  +000887.4 -000095.0  22 55 01.9  156.134 46.495  21.91  38073 14.6
2010-02-11  22:40:00  11 13 24.0  +04 56 59  +000886.0 -000102.8  22 55 12.4  156.306 46.243  24.25  38085 14.7
2010-02-11  22:50:00  11 23 14.2  +04 39 12  +000884.6 -000110.5  22 55 23.9  156.490 45.972  26.63  38097 14.7
2010-02-11  23:00:00  11 33 03.4  +04 20 11  +000883.1 -000117.9  22 55 36.3  156.686 45.681  29.01  38111 14.7
2010-02-11  23:10:00  11 42 51.7  +03 59 56  +000881.6 -000125.0  22 55 49.7  156.894 45.372  31.42  38126 14.7
2010-02-11  23:20:00  11 52 38.9  +03 38 31  +000880.1 -000131.9  22 56 04.1  157.113 45.044  33.82  38142 14.7
2010-02-11  23:30:00  12 02 25.1  +03 15 58  +000878.5 -000138.6  22 56 19.5  157.342 44.699  36.25  38159 14.8
2010-02-11  23:40:00  12 12 10.2  +02 52 20  +000876.9 -000145.0  22 56 36.1  157.581 44.338  38.66  38178 14.8
2010-02-11  23:50:00  12 21 54.3  +02 27 39  +000875.4 -000151.1  22 56 53.6  157.829 43.960  41.10  38198 14.8
2010-02-12  00:00:00  12 31 37.3  +02 01 59  +000873.8 -000156.9  22 57 12.2  158.087 43.567  43.52  38219 14.9
2010-02-12  00:10:00  12 41 19.4  +01 35 22  +000872.3 -000162.4  22 57 31.8  158.351 43.159  45.97  38242 14.9
2010-02-12  00:20:00  12 51 00.4  +01 07 52  +000870.8 -000167.6  22 57 52.4  158.623 42.737  48.40  38265 14.9
2010-02-12  00:30:00  13 00 40.5  +00 39 32  +000869.4 -000172.5  22 58 14.0  158.901 42.302  50.85  38290 15.0
2010-02-12  00:40:00  13 10 19.7  +00 10 24  +000868.1 -000177.0  22 58 36.5  159.185 41.855  53.28  38316 15.0
2010-02-12  00:50:00  13 19 58.0  -00 19 27  +000866.8 -000181.2  22 58 59.8  159.473 41.396  55.73  38343 15.0
2010-02-12  01:00:00  13 29 35.5  -00 49 59  +000865.7 -000185.1  22 59 23.9  159.765 40.926  58.17  38371 15.1
2010-02-12  01:10:00  13 39 12.2  -01 21 08  +000864.6 -000188.6  22 59 48.9  160.060 40.446  60.62  38400 15.1
2010-02-12  01:20:00  13 48 48.2  -01 52 50  +000863.6 -000191.8  23 00 14.4  160.358 39.957  63.05  38430 15.2
2010-02-12  01:30:00  13 58 23.7  -02 25 03  +000862.8 -000194.6  23 00 40.6  160.656 39.460  65.50  38461 15.2
2010-02-12  01:40:00  14 07 58.7  -02 57 42  +000862.1 -000197.1  23 01 07.3  160.955 38.955  67.94  38493 15.3
2010-02-12  01:50:00  14 17 33.2  -03 30 44  +000861.5 -000199.2  23 01 34.4  161.254 38.444  70.39  38526 15.3
2010-02-12  02:00:00  14 27 07.3  -04 04 06  +000861.0 -000201.0  23 02 01.9  161.552 37.927  72.82  38560 15.4
2010-02-12  02:10:00  14 36 41.3  -04 37 43  +000860.7 -000202.4  23 02 29.6  161.847 37.405  75.27  38595 15.4
2010-02-12  02:20:00  14 46 15.0  -05 11 33  +000860.5 -000203.4  23 02 57.6  162.141 36.879  77.70  38630 15.5
2010-02-12  02:30:00  14 55 48.7  -05 45 31  +000860.5 -000204.1  23 03 25.5  162.431 36.350  80.15  38666 15.6
2010-02-12  02:40:00  15 05 22.4  -06 19 34  +000860.7 -000204.4  23 03 53.4  162.717 35.819  82.58  38703 15.6
2010-02-12  02:50:00  15 14 56.2  -06 53 38  +000860.9 -000204.4  23 04 21.2  162.998 35.286  85.02  38740 15.7
2010-02-12  03:00:00  15 24 30.3  -07 27 40  +000861.4 -000203.9  23 04 48.8  163.274 34.754  87.44  38778 15.8
2010-02-12  03:10:00  15 34 04.7  -08 01 36  +000861.9 -000203.2  23 05 16.0  163.544 34.222  89.88  38816 15.8
2010-02-12  03:20:00  15 43 39.6  -08 35 22  +000862.6 -000202.0  23 05 42.8  163.807 33.692  92.30  38854 15.9
2010-02-12  03:30:00  15 53 15.0  -09 08 55  +000863.5 -000200.5  23 06 09.1  164.064 33.164  94.74  38893 16.0
2010-02-12  03:40:00  16 02 50.9  -09 42 12  +000864.5 -000198.7  23 06 34.7  164.313 32.640  97.16  38932 16.1
2010-02-12  03:50:00  16 12 27.6  -10 15 08  +000865.6 -000196.5  23 06 59.7  164.554 32.120  99.58  38972 16.2
2010-02-12  04:00:00  16 22 05.2  -10 47 40  +000866.9 -000193.9  23 07 23.8  164.787 31.605 102.00  39011 16.3
2010-02-12  04:10:00  16 31 43.5  -11 19 45  +000868.3 -000191.0  23 07 47.1  165.011 31.097 104.42  39050 16.3

   Date        UTC        RA         DECL      RARate   DeclRate    HourAng      Az     Um    Phase  Range  Mag
2010-02-12  16:20:00  04 27 41.3  -02 22 10  +000856.8 +000193.4  23 23 49.3  168.064 40.584  80.12  38518 15.6
2010-02-12  16:30:00  04 37 12.8  -01 50 10  +000857.8 +000190.6  23 24 19.4  168.128 41.129  77.68  38481 15.5
2010-02-12  16:40:00  04 46 45.0  -01 18 40  +000858.9 +000187.5  23 24 48.8  168.190 41.667  75.26  38446 15.4
2010-02-12  16:50:00  04 56 18.0  -00 47 42  +000860.2 +000184.0  23 25 17.4  168.251 42.194  72.82  38411 15.4
2010-02-12  17:00:00  05 05 51.9  -00 17 21  +000861.5 +000180.2  23 25 45.2  168.310 42.711  70.39  38377 15.3
2010-02-12  17:10:00  05 15 26.7  +00 12 21  +000862.9 +000176.1  23 26 12.0  168.367 43.217  67.95  38344 15.3
2010-02-12  17:20:00  05 25 02.5  +00 41 19  +000864.4 +000171.6  23 26 37.9  168.422 43.710  65.52  38312 15.2
2010-02-12  17:30:00  05 34 39.4  +01 09 31  +000866.1 +000166.8  23 27 02.7  168.474 44.190  63.07  38281 15.2
2010-02-12  17:40:00  05 44 17.3  +01 36 54  +000867.7 +000161.7  23 27 26.4  168.523 44.655  60.64  38252 15.1
2010-02-12  17:50:00  05 53 56.3  +02 03 24  +000869.4 +000156.3  23 27 49.0  168.569 45.106  58.20  38223 15.1
2010-02-12  18:00:00  06 03 36.5  +02 28 59  +000871.1 +000150.5  23 28 10.5  168.613 45.540  55.76  38195 15.0
2010-02-12  18:10:00  06 13 17.8  +02 53 34  +000872.9 +000144.5  23 28 30.8  168.653 45.958  53.32  38169 15.0
2010-02-12  18:20:00  06 23 00.4  +03 17 08  +000874.7 +000138.2  23 28 49.9  168.689 46.358  50.89  38143 15.0
2010-02-12  18:30:00  06 32 44.1  +03 39 38  +000876.5 +000131.7  23 29 07.8  168.723 46.739  48.45  38119 14.9
2010-02-12  18:40:00  06 42 29.0  +04 01 01  +000878.2 +000124.8  23 29 24.5  168.753 47.102  46.02  38096 14.9
2010-02-12  18:50:00  06 52 15.1  +04 21 13  +000880.0 +000117.7  23 29 40.1  168.781 47.444  43.58  38074 14.8
2010-02-12  19:00:00  07 02 02.3  +04 40 14  +000881.6 +000110.4  23 29 54.5  168.806 47.766  41.15  38054 14.8
2010-02-12  19:10:00  07 11 50.6  +04 58 01  +000883.3 +000102.8  23 30 07.9  168.829 48.067  38.72  38034 14.8
2010-02-12  19:20:00  07 21 39.9  +05 14 30  +000884.8 +000095.1  23 30 20.2  168.849 48.347  36.30  38016 14.8
2010-02-12  19:30:00  07 31 30.3  +05 29 41  +000886.3 +000087.1  23 30 31.4  168.868 48.604  33.88  37999 14.7
2010-02-12  19:40:00  07 41 21.7  +05 43 32  +000887.7 +000078.9  23 30 41.7  168.885 48.838  31.47  37984 14.7
2010-02-12  19:50:00  07 51 14.0  +05 55 60  +000889.0 +000070.6  23 30 51.1  168.902 49.049  29.06  37970 14.7
2010-02-12  20:00:00  08 01 07.0  +06 07 04  +000890.2 +000062.1  23 30 59.6  168.918 49.237  26.68  37957 14.7
2010-02-12  20:10:00  08 11 00.9  +06 16 42  +000891.3 +000053.5  23 31 07.4  168.934 49.400  24.29  37945 14.6
2010-02-12  20:20:00  08 20 55.4  +06 24 54  +000892.2 +000044.8  23 31 14.6  168.951 49.540  21.94  37934 14.6
2010-02-12  20:30:00  08 30 50.4  +06 31 38  +000893.0 +000036.0  23 31 21.2  168.970 49.655  19.61  37925 14.6
2010-02-12  20:40:00  08 40 46.0  +06 36 54  +000893.6 +000027.1  23 31 27.3  168.991 49.745  17.32  37918 14.6
2010-02-12  20:50:00  08 50 41.9  +06 40 40  +000894.1 +000018.1  23 31 33.0  169.014 49.810  15.08  37911 14.6
2010-02-12  21:00:00  09 00 38.1  +06 42 56  +000894.5 +000009.1  23 31 38.4  169.041 49.851  12.94  37906 14.6
2010-02-12  21:10:00  09 10 34.5  +06 43 43  +000894.7 +000000.1  23 31 43.7  169.071 49.866  10.93  37902 14.6
2010-02-12  21:20:00  09 20 31.0  +06 42 58     <<SHADOW>>        23 31 48.8  169.107 49.857   9.15  37899 ----
2010-02-12  21:30:00  09 30 27.5  +06 40 44     <<SHADOW>>        23 31 54.0  169.147 49.823   7.76  37898 ----
2010-02-12  21:40:00  09 40 23.8  +06 36 59     <<SHADOW>>        23 31 59.3  169.194 49.764   6.99  37898 ----
2010-02-12  21:50:00  09 50 19.9  +06 31 45     <<SHADOW>>        23 32 04.8  169.246 49.680   7.07  37900 ----
2010-02-12  22:00:00  10 00 15.7  +06 25 02     <<SHADOW>>        23 32 10.7  169.306 49.572   7.94  37902 ----
2010-02-12  22:10:00  10 10 11.1  +06 16 51     <<SHADOW>>        23 32 17.0  169.372 49.440   9.41  37906 ----
2010-02-12  22:20:00  10 20 05.9  +06 07 13     <<SHADOW>>        23 32 23.7  169.447 49.284  11.23  37912 ----
2010-02-12  22:30:00  10 30 00.2  +05 56 08  +000890.9 -000070.7  23 32 31.1  169.529 49.105  13.28  37919 14.6
2010-02-12  22:40:00  10 39 53.8  +05 43 39  +000889.9 -000079.1  23 32 39.2  169.619 48.903  15.44  37927 14.6
2010-02-12  22:50:00  10 49 46.6  +05 29 47  +000888.7 -000087.3  23 32 48.0  169.717 48.678  17.69  37936 14.6
2010-02-12  23:00:00  10 59 38.7  +05 14 34  +000887.4 -000095.3  23 32 57.6  169.824 48.431  19.98  37947 14.6
2010-02-12  23:10:00  11 09 29.8  +04 58 01  +000886.1 -000103.2  23 33 08.0  169.940 48.163  22.33  37959 14.6
2010-02-12  23:20:00  11 19 20.1  +04 40 11  +000884.6 -000110.8  23 33 19.5  170.063 47.873  24.68  37972 14.6
2010-02-12  23:30:00  11 29 09.3  +04 21 05  +000883.1 -000118.3  23 33 31.8  170.195 47.564  27.07  37987 14.7
2010-02-12  23:40:00  11 38 57.6  +04 00 47  +000881.6 -000125.4  23 33 45.2  170.336 47.234  29.46  38002 14.7
2010-02-12  23:50:00  11 48 44.8  +03 39 17  +000880.1 -000132.4  23 33 59.7  170.484 46.885  31.88  38020 14.7
2010-02-13  00:00:00  11 58 31.0  +03 16 40  +000878.5 -000139.0  23 34 15.1  170.639 46.518  34.29  38038 14.7
2010-02-13  00:10:00  12 08 16.1  +02 52 58  +000876.9 -000145.4  23 34 31.6  170.802 46.133  36.72  38058 14.8
2010-02-13  00:20:00  12 18 00.1  +02 28 13  +000875.3 -000151.5  23 34 49.2  170.971 45.731  39.14  38079 14.8
2010-02-13  00:30:00  12 27 43.1  +02 02 28  +000873.7 -000157.3  23 35 07.9  171.147 45.312  41.58  38102 14.8
2010-02-13  00:40:00  12 37 25.1  +01 35 47  +000872.2 -000162.9  23 35 27.6  171.329 44.879  44.01  38125 14.9
2010-02-13  00:50:00  12 47 06.0  +01 08 12  +000870.7 -000168.0  23 35 48.3  171.516 44.430  46.45  38150 14.9
2010-02-13  01:00:00  12 56 46.0  +00 39 47  +000869.3 -000172.9  23 36 09.9  171.708 43.968  48.88  38176 14.9
2010-02-13  01:10:00  13 06 25.1  +00 10 35  +000867.9 -000177.5  23 36 32.5  171.903 43.493  51.33  38203 15.0
2010-02-13  01:20:00  13 16 03.2  -00 19 21  +000866.6 -000181.7  23 36 56.0  172.103 43.006  53.77  38231 15.0
2010-02-13  01:30:00  13 25 40.5  -00 49 58  +000865.4 -000185.6  23 37 20.3  172.305 42.507  56.22  38261 15.0
2010-02-13  01:40:00  13 35 17.1  -01 21 11  +000864.3 -000189.1  23 37 45.5  172.510 41.999  58.65  38291 15.1
2010-02-13  01:50:00  13 44 52.9  -01 52 58  +000863.3 -000192.3  23 38 11.2  172.716 41.481  61.10  38323 15.1
2010-02-13  02:00:00  13 54 28.1  -02 25 16  +000862.4 -000195.1  23 38 37.7  172.924 40.954  63.54  38356 15.2
2010-02-13  02:10:00  14 04 02.8  -02 57 59  +000861.7 -000197.6  23 39 04.6  173.132 40.420  65.99  38389 15.2
2010-02-13  02:20:00  14 13 37.1  -03 31 05  +000861.0 -000199.7  23 39 32.0  173.339 39.879  68.42  38424 15.3
2010-02-13  02:30:00  14 23 10.9  -04 04 31  +000860.5 -000201.4  23 39 59.8  173.546 39.333  70.87  38459 15.3
2010-02-13  02:40:00  14 32 44.5  -04 38 13  +000860.2 -000202.8  23 40 27.9  173.751 38.782  73.30  38495 15.4
2010-02-13  02:50:00  14 42 17.8  -05 12 06  +000860.0 -000203.8  23 40 56.2  173.954 38.227  75.75  38532 15.5
2010-02-13  03:00:00  14 51 51.1  -05 46 08  +000859.9 -000204.5  23 41 24.5  174.154 37.670  78.18  38570 15.5
2010-02-13  03:10:00  15 01 24.4  -06 20 15  +000860.0 -000204.8  23 41 52.9  174.351 37.111  80.62  38608 15.6
2010-02-13  03:20:00  15 10 57.9  -06 54 22  +000860.3 -000204.7  23 42 21.1  174.545 36.551  83.04  38646 15.6
2010-02-13  03:30:00  15 20 31.5  -07 28 28  +000860.7 -000204.3  23 42 49.1  174.734 35.992  85.48  38686 15.7
2010-02-13  03:40:00  15 30 05.4  -08 02 27  +000861.2 -000203.5  23 43 16.8  174.918 35.434  87.91  38725 15.8
2010-02-13  03:50:00  15 39 39.8  -08 36 16  +000861.9 -000202.3  23 43 44.1  175.097 34.878  90.34  38765 15.9
2010-02-13  04:00:00  15 49 14.6  -09 09 53  +000862.7 -000200.8  23 44 10.9  175.271 34.325  92.76  38806 15.9
2010-02-13  04:10:00  15 58 50.1  -09 43 12  +000863.7 -000199.0  23 44 37.1  175.439 33.777  95.19  38846 16.0

   Date        UTC        RA         DECL      RARate   DeclRate    HourAng      Az     Um    Phase  Range  Mag
2010-02-13  16:20:00  03 55 09.4  -04 01 15  +000854.9 +000200.1  00 00 17.6  180.095 39.582  89.33  38568 15.8
2010-02-13  16:30:00  04 04 39.6  -03 28 03  +000855.5 +000198.3  00 00 49.2  180.267 40.135  86.89  38531 15.7
2010-02-13  16:40:00  04 14 10.1  -02 55 10  +000856.2 +000196.2  00 01 20.3  180.441 40.682  84.47  38494 15.7
2010-02-13  16:50:00  04 23 41.2  -02 22 40  +000857.0 +000193.8  00 01 50.8  180.614 41.223  82.03  38459 15.6
2010-02-13  17:00:00  04 33 12.8  -01 50 36  +000858.0 +000191.0  00 02 20.8  180.786 41.756  79.60  38424 15.5
2010-02-13  17:10:00  04 42 45.2  -01 19 02  +000859.1 +000187.8  00 02 50.1  180.958 42.281  77.16  38390 15.5
2010-02-13  17:20:00  04 52 18.3  -00 48 01  +000860.3 +000184.3  00 03 18.6  181.128 42.797  74.74  38356 15.4
2010-02-13  17:30:00  05 01 52.3  -00 17 36  +000861.6 +000180.5  00 03 46.3  181.296 43.302  72.29  38324 15.4
2010-02-13  17:40:00  05 11 27.1  +00 12 08  +000863.0 +000176.4  00 04 13.1  181.461 43.796  69.86  38292 15.3
2010-02-13  17:50:00  05 21 03.0  +00 41 10  +000864.5 +000171.9  00 04 38.9  181.623 44.277  67.42  38262 15.3
2010-02-13  18:00:00  05 30 39.9  +01 09 25  +000866.1 +000167.1  00 05 03.7  181.781 44.746  64.98  38232 15.2
2010-02-13  18:10:00  05 40 17.8  +01 36 50  +000867.7 +000161.9  00 05 27.4  181.935 45.201  62.54  38204 15.2
2010-02-13  18:20:00  05 49 56.8  +02 03 23  +000869.4 +000156.5  00 05 50.0  182.084 45.641  60.10  38176 15.1
2010-02-13  18:30:00  05 59 37.0  +02 28 59  +000871.1 +000150.8  00 06 11.4  182.229 46.065  57.66  38150 15.1
2010-02-13  18:40:00  06 09 18.4  +02 53 37  +000872.9 +000144.7  00 06 31.7  182.367 46.473  55.22  38125 15.0
2010-02-13  18:50:00  06 19 00.9  +03 17 13  +000874.7 +000138.4  00 06 50.8  182.500 46.864  52.78  38100 15.0
2010-02-13  19:00:00  06 28 44.6  +03 39 44  +000876.4 +000131.8  00 07 08.8  182.626 47.237  50.34  38077 14.9
2010-02-13  19:10:00  06 38 29.5  +04 01 08  +000878.2 +000125.0  00 07 25.5  182.746 47.591  47.90  38055 14.9
2010-02-13  19:20:00  06 48 15.5  +04 21 23  +000879.9 +000117.9  00 07 41.1  182.860 47.926  45.47  38035 14.9
2010-02-13  19:30:00  06 58 02.7  +04 40 25  +000881.6 +000110.5  00 07 55.6  182.966 48.241  43.02  38015 14.8
2010-02-13  19:40:00  07 07 51.0  +04 58 12  +000883.2 +000102.9  00 08 09.0  183.066 48.535  40.60  37997 14.8
2010-02-13  19:50:00  07 17 40.3  +05 14 43  +000884.8 +000095.2  00 08 21.3  183.159 48.808  38.16  37980 14.8
2010-02-13  20:00:00  07 27 30.7  +05 29 55  +000886.3 +000087.2  00 08 32.5  183.245 49.059  35.74  37964 14.7
2010-02-13  20:10:00  07 37 22.0  +05 43 46  +000887.7 +000079.0  00 08 42.8  183.324 49.288  33.31  37949 14.7
2010-02-13  20:20:00  07 47 14.3  +05 56 14  +000889.0 +000070.7  00 08 52.2  183.397 49.495  30.91  37936 14.7
2010-02-13  20:30:00  07 57 07.3  +06 07 19  +000890.2 +000062.2  00 09 00.8  183.464 49.677  28.49  37923 14.7
2010-02-13  20:40:00  08 07 01.2  +06 16 58  +000891.2 +000053.6  00 09 08.6  183.524 49.837  26.10  37912 14.7
2010-02-13  20:50:00  08 16 55.7  +06 25 10  +000892.2 +000044.8  00 09 15.8  183.579 49.972  23.72  37903 14.6
2010-02-13  21:00:00  08 26 50.7  +06 31 54  +000893.0 +000036.0  00 09 22.4  183.629 50.083  21.36  37894 14.6
2010-02-13  21:10:00  08 36 46.3  +06 37 10  +000893.7 +000027.1  00 09 28.4  183.675 50.170  19.02  37887 14.6
2010-02-13  21:20:00  08 46 42.2  +06 40 56  +000894.2 +000018.1  00 09 34.1  183.716 50.231  16.74  37882 14.6
2010-02-13  21:30:00  08 56 38.5  +06 43 12  +000894.5 +000009.1  00 09 39.5  183.753 50.268  14.50  37877 14.6
2010-02-13  21:40:00  09 06 34.9  +06 43 58  +000894.7 +000000.1  00 09 44.7  183.788 50.280  12.35  37874 14.6
2010-02-13  21:50:00  09 16 31.4  +06 43 14     <<SHADOW>>        00 09 49.9  183.820 50.267  10.35  37872 ----
2010-02-13  22:00:00  09 26 27.9  +06 40 59     <<SHADOW>>        00 09 55.0  183.851 50.228   8.61  37871 ----
2010-02-13  22:10:00  09 36 24.3  +06 37 14     <<SHADOW>>        00 10 00.3  183.880 50.165   7.29  37872 ----
2010-02-13  22:20:00  09 46 20.5  +06 31 60     <<SHADOW>>        00 10 05.7  183.909 50.076   6.66  37874 ----
2010-02-13  22:30:00  09 56 16.3  +06 25 16     <<SHADOW>>        00 10 11.5  183.938 49.963   6.93  37878 ----
2010-02-13  22:40:00  10 06 11.8  +06 17 04     <<SHADOW>>        00 10 17.7  183.968 49.826   7.98  37882 ----
2010-02-13  22:50:00  10 16 06.7  +06 07 25     <<SHADOW>>        00 10 24.4  183.998 49.664   9.58  37889 ----
2010-02-13  23:00:00  10 26 01.1  +05 56 20  +000891.0 -000070.8  00 10 31.7  184.031 49.478  11.49  37896 14.6
2010-02-13  23:10:00  10 35 54.8  +05 43 51  +000890.0 -000079.1  00 10 39.7  184.066 49.268  13.59  37905 14.6
2010-02-13  23:20:00  10 45 47.7  +05 29 58  +000888.8 -000087.4  00 10 48.4  184.104 49.035  15.79  37915 14.6
2010-02-13  23:30:00  10 55 39.8  +05 14 44  +000887.5 -000095.4  00 10 57.9  184.145 48.780  18.07  37927 14.6
2010-02-13  23:40:00  11 05 31.0  +04 58 10  +000886.2 -000103.3  00 11 08.3  184.189 48.502  20.38  37939 14.6
2010-02-13  23:50:00  11 15 21.3  +04 40 19  +000884.7 -000110.9  00 11 19.7  184.237 48.202  22.74  37954 14.6
2010-02-14  00:00:00  11 25 10.7  +04 21 13  +000883.2 -000118.3  00 11 32.0  184.289 47.882  25.11  37969 14.7
2010-02-14  00:10:00  11 34 59.0  +04 00 54  +000881.7 -000125.5  00 11 45.3  184.345 47.541  27.51  37986 14.7
2010-02-14  00:20:00  11 44 46.3  +03 39 24  +000880.1 -000132.4  00 11 59.7  184.405 47.180  29.91  38005 14.7
2010-02-14  00:30:00  11 54 32.5  +03 16 46  +000878.5 -000139.1  00 12 15.1  184.469 46.800  32.33  38024 14.7
2010-02-14  00:40:00  12 04 17.7  +02 53 03  +000876.9 -000145.5  00 12 31.6  184.538 46.401  34.74  38045 14.7
2010-02-14  00:50:00  12 14 01.7  +02 28 18  +000875.3 -000151.6  00 12 49.1  184.610 45.985  37.18  38068 14.8
2010-02-14  01:00:00  12 23 44.7  +02 02 33  +000873.7 -000157.4  00 13 07.8  184.687 45.552  39.60  38091 14.8
2010-02-14  01:10:00  12 33 26.7  +01 35 51  +000872.2 -000162.9  00 13 27.4  184.767 45.104  42.04  38116 14.8
2010-02-14  01:20:00  12 43 07.6  +01 08 17  +000870.7 -000168.1  00 13 48.2  184.851 44.640  44.48  38142 14.9
2010-02-14  01:30:00  12 52 47.6  +00 39 52  +000869.2 -000172.9  00 14 09.8  184.939 44.162  46.92  38169 14.9
2010-02-14  01:40:00  13 02 26.6  +00 10 39  +000867.8 -000177.4  00 14 32.5  185.029 43.670  49.36  38198 14.9
2010-02-14  01:50:00  13 12 04.7  -00 19 16  +000866.5 -000181.6  00 14 56.0  185.122 43.166  51.80  38228 15.0
2010-02-14  02:00:00  13 21 41.9  -00 49 52  +000865.3 -000185.5  00 15 20.4  185.217 42.651  54.24  38259 15.0
2010-02-14  02:10:00  13 31 18.3  -01 21 05  +000864.1 -000189.0  00 15 45.7  185.315 42.125  56.69  38291 15.1
2010-02-14  02:20:00  13 40 54.1  -01 52 51  +000863.1 -000192.2  00 16 11.6  185.413 41.590  59.12  38324 15.1
2010-02-14  02:30:00  13 50 29.1  -02 25 08  +000862.2 -000195.0  00 16 38.2  185.513 41.046  61.57  38358 15.1
2010-02-14  02:40:00  14 00 03.6  -02 57 50  +000861.4 -000197.4  00 17 05.3  185.614 40.494  64.01  38393 15.2
2010-02-14  02:50:00  14 09 37.7  -03 30 55  +000860.7 -000199.5  00 17 32.9  185.715 39.936  66.46  38429 15.2
2010-02-14  03:00:00  14 19 11.3  -04 04 20  +000860.2 -000201.3  00 18 00.9  185.815 39.373  68.89  38466 15.3
2010-02-14  03:10:00  14 28 44.6  -04 37 59  +000859.8 -000202.6  00 18 29.2  185.915 38.805  71.33  38503 15.3
2010-02-14  03:20:00  14 38 17.7  -05 11 51  +000859.6 -000203.6  00 18 57.8  186.015 38.233  73.76  38542 15.4
2010-02-14  03:30:00  14 47 50.7  -05 45 51  +000859.5 -000204.3  00 19 26.4  186.112 37.660  76.20  38581 15.5
2010-02-14  03:40:00  14 57 23.7  -06 19 56  +000859.5 -000204.6  00 19 55.1  186.208 37.084  78.63  38620 15.5
2010-02-14  03:50:00  15 06 56.8  -06 54 02  +000859.7 -000204.5  00 20 23.6  186.302 36.509  81.07  38660 15.6
2010-02-14  04:00:00  15 16 30.1  -07 28 05  +000860.1 -000204.1  00 20 52.0  186.393 35.934  83.49  38701 15.7

   Date        UTC        RA         DECL      RARate   DeclRate    HourAng      Az     Um    Phase  Range  Mag
2010-02-14  16:20:00  03 22 39.3  -05 42 07  +000854.7 +000203.1  00 36 44.3  191.512 37.264  98.52  38722 16.1
2010-02-14  16:30:00  03 32 09.1  -05 08 20  +000854.7 +000202.4  00 37 16.2  191.776 37.804  96.09  38685 16.0
2010-02-14  16:40:00  03 41 39.0  -04 34 41  +000855.0 +000201.4  00 37 47.9  192.043 38.340  93.67  38648 15.9
2010-02-14  16:50:00  03 51 09.1  -04 01 14  +000855.4 +000200.0  00 38 19.5  192.313 38.872  91.24  38612 15.9
2010-02-14  17:00:00  04 00 39.5  -03 28 03  +000855.9 +000198.2  00 38 50.7  192.585 39.400  88.81  38577 15.8
2010-02-14  17:10:00  04 10 10.3  -02 55 11  +000856.6 +000196.1  00 39 21.5  192.858 39.922  86.38  38542 15.7
2010-02-14  17:20:00  04 19 41.7  -02 22 42  +000857.4 +000193.6  00 39 51.8  193.131 40.437  83.95  38508 15.7
2010-02-14  17:30:00  04 29 13.5  -01 50 40  +000858.3 +000190.8  00 40 21.6  193.404 40.944  81.51  38474 15.6
2010-02-14  17:40:00  04 38 46.1  -01 19 07  +000859.4 +000187.7  00 40 50.7  193.676 41.444  79.08  38442 15.5
2010-02-14  17:50:00  04 48 19.4  -00 48 08  +000860.6 +000184.2  00 41 19.0  193.946 41.934  76.64  38410 15.5
2010-02-14  18:00:00  04 57 53.5  -00 17 45  +000861.9 +000180.3  00 41 46.5  194.213 42.414  74.21  38379 15.4
2010-02-14  18:10:00  05 07 28.6  +00 11 58  +000863.2 +000176.2  00 42 13.1  194.476 42.883  71.76  38349 15.3
2010-02-14  18:20:00  05 17 04.5  +00 40 57  +000864.7 +000171.7  00 42 38.8  194.736 43.340  69.33  38320 15.3
2010-02-14  18:30:00  05 26 41.6  +01 09 10  +000866.3 +000166.8  00 43 03.4  194.990 43.784  66.88  38291 15.2
2010-02-14  18:40:00  05 36 19.6  +01 36 33  +000867.9 +000161.7  00 43 27.0  195.238 44.216  64.45  38264 15.2
2010-02-14  18:50:00  05 45 58.7  +02 03 03  +000869.6 +000156.3  00 43 49.5  195.481 44.633  62.00  38238 15.1
2010-02-14  19:00:00  05 55 39.0  +02 28 37  +000871.3 +000150.5  00 44 10.9  195.715 45.035  59.56  38213 15.1
2010-02-14  19:10:00  06 05 20.4  +02 53 13  +000873.0 +000144.5  00 44 31.1  195.942 45.422  57.11  38189 15.1
2010-02-14  19:20:00  06 15 03.0  +03 16 46  +000874.7 +000138.2  00 44 50.2  196.161 45.792  54.68  38166 15.0
2010-02-14  19:30:00  06 24 46.8  +03 39 16  +000876.5 +000131.6  00 45 08.1  196.370 46.145  52.23  38144 15.0
2010-02-14  19:40:00  06 34 31.7  +04 00 37  +000878.3 +000124.7  00 45 24.8  196.570 46.481  49.79  38123 14.9
2010-02-14  19:50:00  06 44 17.8  +04 20 50  +000880.0 +000117.6  00 45 40.4  196.759 46.798  47.35  38103 14.9
2010-02-14  20:00:00  06 54 05.0  +04 39 50  +000881.6 +000110.3  00 45 54.8  196.939 47.096  44.91  38084 14.9
2010-02-14  20:10:00  07 03 53.3  +04 57 35  +000883.3 +000102.7  00 46 08.1  197.107 47.375  42.47  38067 14.8
2010-02-14  20:20:00  07 13 42.6  +05 14 04  +000884.8 +000095.0  00 46 20.4  197.264 47.633  40.04  38051 14.8
2010-02-14  20:30:00  07 23 33.0  +05 29 14  +000886.3 +000087.0  00 46 31.7  197.409 47.871  37.60  38036 14.8
2010-02-14  20:40:00  07 33 24.4  +05 43 03  +000887.7 +000078.8  00 46 42.0  197.543 48.088  35.18  38022 14.7
2010-02-14  20:50:00  07 43 16.7  +05 55 30  +000889.0 +000070.5  00 46 51.3  197.665 48.282  32.75  38009 14.7
2010-02-14  21:00:00  07 53 09.8  +06 06 33  +000890.2 +000062.0  00 46 59.9  197.776 48.455  30.34  37998 14.7
2010-02-14  21:10:00  08 03 03.6  +06 16 10  +000891.3 +000053.4  00 47 07.7  197.875 48.605  27.93  37988 14.7
2010-02-14  21:20:00  08 12 58.1  +06 24 21  +000892.2 +000044.7  00 47 14.8  197.963 48.732  25.53  37979 14.7
2010-02-14  21:30:00  08 22 53.2  +06 31 04  +000893.0 +000035.9  00 47 21.4  198.040 48.835  23.14  37971 14.6
2010-02-14  21:40:00  08 32 48.8  +06 36 19  +000893.7 +000027.0  00 47 27.4  198.105 48.915  20.79  37965 14.6
2010-02-14  21:50:00  08 42 44.8  +06 40 04  +000894.2 +000018.1  00 47 33.1  198.161 48.971  18.44  37959 14.6
2010-02-14  22:00:00  08 52 41.1  +06 42 20  +000894.6 +000009.1  00 47 38.4  198.206 49.003  16.15  37956 14.6
2010-02-14  22:10:00  09 02 37.6  +06 43 05  +000894.8 +000000.0  00 47 43.5  198.242 49.011  13.91  37953 14.6
2010-02-14  22:20:00  09 12 34.2  +06 42 21  +000894.9 -000009.0  00 47 48.6  198.269 48.994  11.78  37952 14.6
2010-02-14  22:30:00  09 22 30.7  +06 40 06     <<SHADOW>>        00 47 53.7  198.288 48.953   9.79  37952 ----
2010-02-14  22:40:00  09 32 27.2  +06 36 21     <<SHADOW>>        00 47 58.9  198.299 48.887   8.08  37953 ----
2010-02-14  22:50:00  09 42 23.5  +06 31 07     <<SHADOW>>        00 48 04.2  198.303 48.797   6.86  37956 ----
2010-02-14  23:00:00  09 52 19.4  +06 24 23     <<SHADOW>>        00 48 09.9  198.301 48.683   6.40  37960 ----
2010-02-14  23:10:00  10 02 14.9  +06 16 12     <<SHADOW>>        00 48 16.1  198.293 48.544   6.87  37966 ----
2010-02-14  23:20:00  10 12 10.0  +06 06 34     <<SHADOW>>        00 48 22.7  198.281 48.382   8.10  37973 ----
2010-02-14  23:30:00  10 22 04.4  +05 55 30     <<SHADOW>>        00 48 29.8  198.264 48.195   9.82  37981 ----
2010-02-14  23:40:00  10 31 58.2  +05 43 02  +000890.1 -000079.0  00 48 37.7  198.244 47.985  11.79  37991 14.6
2010-02-14  23:50:00  10 41 51.3  +05 29 11  +000889.0 -000087.2  00 48 46.3  198.222 47.752  13.94  38002 14.6
2010-02-15  00:00:00  10 51 43.5  +05 13 59  +000887.7 -000095.2  00 48 55.7  198.197 47.496  16.18  38014 14.6
2010-02-15  00:10:00  11 01 34.8  +04 57 27  +000886.3 -000103.1  00 49 06.0  198.171 47.218  18.48  38028 14.6
2010-02-15  00:20:00  11 11 25.3  +04 39 38  +000884.9 -000110.7  00 49 17.2  198.143 46.918  20.81  38043 14.6
2010-02-15  00:30:00  11 21 14.7  +04 20 34  +000883.4 -000118.1  00 49 29.4  198.116 46.597  23.18  38060 14.6
2010-02-15  00:40:00  11 31 03.1  +04 00 18  +000881.9 -000125.2  00 49 42.6  198.088 46.255  25.56  38078 14.7
2010-02-15  00:50:00  11 40 50.5  +03 38 51  +000880.3 -000132.1  00 49 56.9  198.061 45.893  27.97  38097 14.7
2010-02-15  01:00:00  11 50 36.8  +03 16 17  +000878.7 -000138.7  00 50 12.2  198.035 45.512  30.37  38118 14.7
2010-02-15  01:10:00  12 00 22.1  +02 52 37  +000877.1 -000145.1  00 50 28.6  198.010 45.112  32.80  38140 14.7
2010-02-15  01:20:00  12 10 06.3  +02 27 55  +000875.4 -000151.2  00 50 46.1  197.986 44.695  35.22  38164 14.8
2010-02-15  01:30:00  12 19 49.3  +02 02 14  +000873.8 -000157.0  00 51 04.7  197.964 44.260  37.66  38189 14.8
2010-02-15  01:40:00  12 29 31.4  +01 35 37  +000872.3 -000162.4  00 51 24.3  197.944 43.809  40.08  38215 14.8
2010-02-15  01:50:00  12 39 12.4  +01 08 07  +000870.7 -000167.6  00 51 44.9  197.926 43.343  42.53  38242 14.8
2010-02-15  02:00:00  12 48 52.3  +00 39 46  +000869.2 -000172.4  00 52 06.6  197.909 42.862  44.96  38271 14.9
2010-02-15  02:10:00  12 58 31.4  +00 10 39  +000867.8 -000176.9  00 52 29.2  197.895 42.368  47.41  38301 14.9
2010-02-15  02:20:00  13 08 09.5  -00 19 11  +000866.5 -000181.1  00 52 52.7  197.882 41.861  49.84  38332 14.9
2010-02-15  02:30:00  13 17 46.7  -00 49 42  +000865.2 -000184.9  00 53 17.1  197.871 41.342  52.29  38364 15.0
2010-02-15  02:40:00  13 27 23.1  -01 20 49  +000864.1 -000188.4  00 53 42.4  197.861 40.813  54.72  38398 15.0
2010-02-15  02:50:00  13 36 58.8  -01 52 29  +000863.0 -000191.6  00 54 08.4  197.854 40.275  57.17  38432 15.1
2010-02-15  03:00:00  13 46 33.8  -02 24 39  +000862.1 -000194.4  00 54 35.0  197.847 39.727  59.61  38468 15.1
2010-02-15  03:10:00  13 56 08.2  -02 57 15  +000861.2 -000196.8  00 55 02.2  197.841 39.172  62.05  38504 15.2
2010-02-15  03:20:00  14 05 42.1  -03 30 13  +000860.6 -000198.9  00 55 29.9  197.837 38.611  64.49  38542 15.2
2010-02-15  03:30:00  14 15 15.7  -04 03 31  +000860.0 -000200.6  00 55 58.1  197.833 38.044  66.93  38580 15.3
2010-02-15  03:40:00  14 24 48.8  -04 37 04  +000859.6 -000201.9  00 56 26.5  197.829 37.472  69.36  38619 15.3
2010-02-15  03:50:00  14 34 21.8  -05 10 48  +000859.3 -000202.9  00 56 55.2  197.826 36.897  71.80  38659 15.4
2010-02-15  04:00:00  14 43 54.6  -05 44 41  +000859.2 -000203.5  00 57 24.1  197.822 36.320  74.23  38699 15.4

   Date        UTC        RA         DECL      RARate   DeclRate    HourAng      Az     Um    Phase  Range  Mag
2010-02-15  16:20:00  02 50 13.7  -07 22 25  +000856.1 +000202.5  01 13 06.5  201.984 33.815 107.67  38977 16.5
2010-02-15  16:30:00  02 59 44.3  -06 48 39  +000855.7 +000202.8  01 13 37.5  202.311 34.324 105.24  38940 16.4
2010-02-15  16:40:00  03 09 14.7  -06 14 50  +000855.5 +000202.8  01 14 08.8  202.644 34.833 102.83  38904 16.3
2010-02-15  16:50:00  03 18 45.0  -05 41 03  +000855.4 +000202.5  01 14 40.2  202.982 35.341 100.40  38868 16.2
2010-02-15  17:00:00  03 28 15.2  -05 07 22  +000855.4 +000201.8  01 15 11.6  203.325 35.845  97.99  38833 16.1
2010-02-15  17:10:00  03 37 45.5  -04 33 49  +000855.6 +000200.7  01 15 42.9  203.670 36.347  95.55  38798 16.0
2010-02-15  17:20:00  03 47 16.1  -04 00 29  +000856.0 +000199.3  01 16 14.0  204.018 36.844  93.13  38763 15.9
2010-02-15  17:30:00  03 56 46.9  -03 27 24  +000856.5 +000197.5  01 16 44.8  204.368 37.337  90.70  38729 15.9
2010-02-15  17:40:00  04 06 18.0  -02 54 39  +000857.1 +000195.4  01 17 15.3  204.719 37.823  88.27  38696 15.8
2010-02-15  17:50:00  04 15 49.7  -02 22 17  +000857.9 +000192.9  01 17 45.3  205.070 38.303  85.83  38663 15.7
2010-02-15  18:00:00  04 25 21.9  -01 50 22  +000858.8 +000190.1  01 18 14.7  205.420 38.775  83.40  38631 15.6
2010-02-15  18:10:00  04 34 54.8  -01 18 56  +000859.8 +000187.0  01 18 43.5  205.768 39.240  80.96  38600 15.6
2010-02-15  18:20:00  04 44 28.4  -00 48 04  +000861.0 +000183.5  01 19 11.5  206.113 39.695  78.53  38570 15.5
2010-02-15  18:30:00  04 54 02.8  -00 17 48  +000862.2 +000179.6  01 19 38.7  206.455 40.141  76.08  38540 15.5
2010-02-15  18:40:00  05 03 38.1  +00 11 48  +000863.6 +000175.5  01 20 05.1  206.792 40.576  73.65  38511 15.4
2010-02-15  18:50:00  05 13 14.3  +00 40 41  +000865.0 +000171.0  01 20 30.5  207.124 41.000  71.20  38484 15.3
2010-02-15  19:00:00  05 22 51.5  +01 08 47  +000866.6 +000166.2  01 20 55.0  207.449 41.412  68.77  38457 15.3
2010-02-15  19:10:00  05 32 29.8  +01 36 03  +000868.2 +000161.0  01 21 18.4  207.767 41.812  66.32  38431 15.2
2010-02-15  19:20:00  05 42 09.1  +02 02 27  +000869.8 +000155.6  01 21 40.7  208.076 42.198  63.88  38406 15.2
2010-02-15  19:30:00  05 51 49.5  +02 27 55  +000871.5 +000149.9  01 22 01.9  208.377 42.570  61.43  38382 15.1
2010-02-15  19:40:00  06 01 31.1  +02 52 24  +000873.2 +000143.9  01 22 22.0  208.668 42.928  58.99  38358 15.1
2010-02-15  19:50:00  06 11 13.8  +03 15 51  +000874.9 +000137.6  01 22 40.9  208.948 43.270  56.54  38336 15.1
2010-02-15  20:00:00  06 20 57.6  +03 38 14  +000876.7 +000131.0  01 22 58.7  209.216 43.597  54.10  38316 15.0
2010-02-15  20:10:00  06 30 42.7  +03 59 30  +000878.4 +000124.2  01 23 15.3  209.472 43.907  51.65  38296 15.0
2010-02-15  20:20:00  06 40 28.9  +04 19 37  +000880.1 +000117.1  01 23 30.8  209.715 44.200  49.22  38277 14.9
2010-02-15  20:30:00  06 50 16.2  +04 38 31  +000881.8 +000109.8  01 23 45.1  209.945 44.476  46.77  38259 14.9
2010-02-15  20:40:00  07 00 04.6  +04 56 12  +000883.4 +000102.2  01 23 58.4  210.161 44.733  44.33  38243 14.9
2010-02-15  20:50:00  07 09 54.0  +05 12 35  +000884.9 +000094.5  01 24 10.5  210.363 44.971  41.89  38227 14.8
2010-02-15  21:00:00  07 19 44.5  +05 27 41  +000886.4 +000086.6  01 24 21.7  210.549 45.190  39.46  38213 14.8
2010-02-15  21:10:00  07 29 35.9  +05 41 26  +000887.8 +000078.4  01 24 32.0  210.721 45.390  37.01  38200 14.8
2010-02-15  21:20:00  07 39 28.2  +05 53 49  +000889.1 +000070.1  01 24 41.3  210.876 45.569  34.59  38188 14.7
2010-02-15  21:30:00  07 49 21.4  +06 04 48  +000890.3 +000061.7  01 24 49.8  211.017 45.728  32.16  38177 14.7
2010-02-15  21:40:00  07 59 15.3  +06 14 23  +000891.4 +000053.1  01 24 57.5  211.142 45.865  29.75  38168 14.7
2010-02-15  21:50:00  08 09 09.8  +06 22 31  +000892.3 +000044.5  01 25 04.6  211.251 45.981  27.33  38159 14.7
2010-02-15  22:00:00  08 19 05.0  +06 29 12  +000893.1 +000035.7  01 25 11.0  211.345 46.075  24.93  38152 14.7
2010-02-15  22:10:00  08 29 00.7  +06 34 24  +000893.8 +000026.8  01 25 17.0  211.424 46.147  22.54  38147 14.6
2010-02-15  22:20:00  08 38 56.7  +06 38 08  +000894.3 +000017.9  01 25 22.6  211.487 46.197  20.18  38142 14.6
2010-02-15  22:30:00  08 48 53.1  +06 40 23  +000894.7 +000009.0  01 25 27.9  211.536 46.224  17.84  38139 14.6
2010-02-15  22:40:00  08 58 49.7  +06 41 07  +000895.0 -000000.0  01 25 32.9  211.571 46.228  15.55  38137 14.6
2010-02-15  22:50:00  09 08 46.3  +06 40 22  +000895.0 -000009.0  01 25 37.9  211.592 46.209  13.31  38137 14.6
2010-02-15  23:00:00  09 18 43.0  +06 38 07     <<SHADOW>>        01 25 42.9  211.600 46.166  11.18  38137 ----
2010-02-15  23:10:00  09 28 39.6  +06 34 23     <<SHADOW>>        01 25 48.0  211.596 46.101   9.22  38140 ----
2010-02-15  23:20:00  09 38 35.9  +06 29 10     <<SHADOW>>        01 25 53.3  211.579 46.012   7.57  38143 ----
2010-02-15  23:30:00  09 48 32.0  +06 22 28     <<SHADOW>>        01 25 58.9  211.552 45.899   6.47  38148 ----
2010-02-15  23:40:00  09 58 27.6  +06 14 19     <<SHADOW>>        01 26 04.8  211.515 45.764   6.21  38154 ----
2010-02-15  23:50:00  10 08 22.8  +06 04 43     <<SHADOW>>        01 26 11.3  211.467 45.605   6.90  38162 ----
2010-02-16  00:00:00  10 18 17.4  +05 53 42     <<SHADOW>>        01 26 18.4  211.412 45.423   8.29  38171 ----
2010-02-16  00:10:00  10 28 11.3  +05 41 17  +000890.3 -000078.7  01 26 26.1  211.348 45.218  10.12  38182 14.6
2010-02-16  00:20:00  10 38 04.5  +05 27 30  +000889.2 -000086.8  01 26 34.6  211.277 44.991  12.17  38194 14.6
2010-02-16  00:30:00  10 47 56.8  +05 12 21  +000887.9 -000094.8  01 26 43.9  211.200 44.742  14.36  38207 14.6
2010-02-16  00:40:00  10 57 48.3  +04 55 54  +000886.6 -000102.6  01 26 54.0  211.117 44.471  16.62  38222 14.6
2010-02-16  00:50:00  11 07 38.9  +04 38 11  +000885.1 -000110.1  01 27 05.1  211.030 44.179  18.94  38238 14.6
2010-02-16  01:00:00  11 17 28.5  +04 19 12  +000883.6 -000117.5  01 27 17.2  210.938 43.865  21.29  38256 14.6
2010-02-16  01:10:00  11 27 17.0  +03 59 02  +000882.1 -000124.6  01 27 30.2  210.843 43.532  23.67  38275 14.7
2010-02-16  01:20:00  11 37 04.6  +03 37 41  +000880.5 -000131.5  01 27 44.3  210.746 43.178  26.06  38295 14.7
2010-02-16  01:30:00  11 46 51.0  +03 15 13  +000878.9 -000138.1  01 27 59.5  210.646 42.806  28.48  38317 14.7
2010-02-16  01:40:00  11 56 36.4  +02 51 41  +000877.3 -000144.4  01 28 15.8  210.544 42.415  30.88  38341 14.7
2010-02-16  01:50:00  12 06 20.7  +02 27 07  +000875.6 -000150.4  01 28 33.1  210.442 42.006  33.32  38365 14.7
2010-02-16  02:00:00  12 16 03.9  +02 01 34  +000874.0 -000156.1  01 28 51.6  210.339 41.580  35.74  38392 14.8
2010-02-16  02:10:00  12 25 46.1  +01 35 05  +000872.4 -000161.6  01 29 11.1  210.236 41.138  38.18  38419 14.8
2010-02-16  02:20:00  12 35 27.2  +01 07 44  +000870.9 -000166.7  01 29 31.6  210.133 40.681  40.61  38448 14.8
2010-02-16  02:30:00  12 45 07.3  +00 39 32  +000869.4 -000171.5  01 29 53.1  210.030 40.209  43.05  38478 14.9
2010-02-16  02:40:00  12 54 46.4  +00 10 35  +000868.0 -000176.0  01 30 15.7  209.928 39.723  45.48  38509 14.9
2010-02-16  02:50:00  13 04 24.5  -00 19 05  +000866.6 -000180.1  01 30 39.1  209.827 39.225  47.93  38542 14.9
2010-02-16  03:00:00  13 14 01.8  -00 49 26  +000865.3 -000183.9  01 31 03.5  209.727 38.715  50.36  38575 15.0
2010-02-16  03:10:00  13 23 38.3  -01 20 22  +000864.1 -000187.3  01 31 28.7  209.628 38.195  52.81  38610 15.0
2010-02-16  03:20:00  13 33 14.0  -01 51 51  +000863.0 -000190.4  01 31 54.6  209.530 37.665  55.25  38646 15.0
2010-02-16  03:30:00  13 42 49.0  -02 23 50  +000862.1 -000193.2  01 32 21.2  209.433 37.126  57.69  38683 15.1
2010-02-16  03:40:00  13 52 23.4  -02 56 14  +000861.2 -000195.6  01 32 48.5  209.338 36.579  60.13  38721 15.1
2010-02-16  03:50:00  14 01 57.3  -03 29 01  +000860.5 -000197.7  01 33 16.2  209.244 36.026  62.57  38760 15.2
2010-02-16  04:00:00  14 11 30.8  -04 02 06  +000859.9 -000199.4  01 33 44.4  209.151 35.467  65.00  38799 15.2
