ЭФЕМЕРИДЫ ПО ОБЪЕКТУ:  90086
Для пункта:  10016 Маяки   46 23'50.68"   30 16'17.74"    14m
C   2010-02-01 12:00
по  2010-02-16 12:00
Шаг  0:10:00
Мин.угол места:          10 град
Макс.угол места Солнца: -10 град
Стандартный блеск :      9.7 (зв.вел.)

ОБОЗНАЧЕНИЯ
RA        прямое восхождение, тек.эпоха
DECL      склонение, тек.эпоха
RARate    скорость по пр.восх., арксек/мин
DeclRate  скорость по склонению, арксек/мин
HourAng   часовой угол
Az        азимут
Um        угол места
Phase     фазовый угол
Range     дальность
Mag       зв.величина (оценка)

   Date        UTC        RA         DECL      RARate   DeclRate    HourAng      Az     Um    Phase  Range  Mag
2010-02-04  16:10:00  22 46 18.0  -02 29 60  +000920.6 +000090.4  04 23 38.5  250.366 14.456 153.26  39479 21.4
2010-02-04  16:20:00  22 56 31.1  -02 15 12  +000918.8 +000087.2  04 23 27.0  250.494 14.675 150.96  39506 21.1
2010-02-04  16:30:00  23 06 43.0  -02 00 57  +000917.0 +000083.8  04 23 16.7  250.620 14.883 148.62  39534 20.9
2010-02-04  16:40:00  23 16 53.8  -01 47 17  +000915.3 +000080.3  04 23 07.5  250.744 15.081 146.28  39563 20.6
2010-02-04  16:50:00  23 27 03.5  -01 34 12  +000913.7 +000076.6  04 22 59.5  250.865 15.268 143.91  39591 20.4
2010-02-04  17:00:00  23 37 12.1  -01 21 45  +000912.1 +000072.8  04 22 52.5  250.982 15.444 141.54  39620 20.2
2010-02-04  17:10:00  23 47 19.7  -01 09 57  +000910.5 +000068.9  04 22 46.6  251.096 15.609 139.15  39648 20.0
2010-02-04  17:20:00  23 57 26.2  -00 58 48  +000909.0 +000064.9  04 22 41.8  251.206 15.763 136.76  39677 19.9
2010-02-04  17:30:00  00 07 31.7  -00 48 20  +000907.5 +000060.7  04 22 37.9  251.312 15.906 134.37  39705 19.7
2010-02-04  17:40:00  00 17 36.3  -00 38 34  +000906.1 +000056.5  04 22 35.0  251.413 16.037 131.98  39734 19.5
2010-02-04  17:50:00  00 27 39.9  -00 29 30  +000904.7 +000052.2  04 22 33.0  251.509 16.156 129.58  39762 19.4
2010-02-04  18:00:00  00 37 42.6  -00 21 10  +000903.4 +000047.8  04 22 31.9  251.601 16.264 127.19  39790 19.3
2010-02-04  18:10:00  00 47 44.4  -00 13 35  +000902.1 +000043.3  04 22 31.7  251.686 16.361 124.78  39817 19.1
2010-02-04  18:20:00  00 57 45.4  -00 06 44  +000900.8 +000038.8  04 22 32.4  251.766 16.445 122.40  39844 19.0
2010-02-04  18:30:00  01 07 45.6  -00 00 39  +000899.6 +000034.2  04 22 33.9  251.841 16.518 120.00  39871 18.9
2010-02-04  18:40:00  01 17 44.9  +00 04 41  +000898.5 +000029.6  04 22 36.2  251.909 16.578 117.62  39897 18.8
2010-02-04  18:50:00  01 27 43.5  +00 09 13  +000897.3 +000025.0  04 22 39.2  251.971 16.627 115.22  39922 18.6
2010-02-04  19:00:00  01 37 41.4  +00 12 59  +000896.2 +000020.3  04 22 43.0  252.026 16.664 112.84  39947 18.5
2010-02-04  19:10:00  01 47 38.5  +00 15 59  +000895.2 +000015.6  04 22 47.5  252.075 16.690 110.46  39971 18.4
2010-02-04  19:20:00  01 57 35.0  +00 18 11  +000894.2 +000010.8  04 22 52.7  252.117 16.703 108.08  39994 18.3
2010-02-04  19:30:00  02 07 30.8  +00 19 36  +000893.2 +000006.1  04 22 58.5  252.152 16.705 105.70  40016 18.2
2010-02-04  19:40:00  02 17 25.9  +00 20 13  +000892.3 +000001.4  04 23 05.0  252.181 16.695 103.34  40038 18.2
2010-02-04  19:50:00  02 27 20.5  +00 20 04  +000891.4 -000003.3  04 23 12.1  252.202 16.674 100.96  40058 18.1
2010-02-04  20:00:00  02 37 14.5  +00 19 08  +000890.6 -000008.0  04 23 19.7  252.216 16.641  98.61  40078 18.0
2010-02-04  20:10:00  02 47 08.0  +00 17 24  +000889.8 -000012.6  04 23 27.9  252.224 16.597  96.24  40097 17.9
2010-02-04  20:20:00  02 57 01.0  +00 14 55  +000889.1 -000017.3  04 23 36.5  252.224 16.542  93.89  40114 17.8
2010-02-04  20:30:00  03 06 53.5  +00 11 39  +000888.4 -000021.9  04 23 45.6  252.216 16.476  91.54  40131 17.8
2010-02-04  20:40:00  03 16 45.6  +00 07 38  +000887.8 -000026.4  04 23 55.2  252.202 16.400  89.20  40146 17.7
2010-02-04  20:50:00  03 26 37.3  +00 02 52  +000887.2 -000030.9  04 24 05.2  252.180 16.312  86.85  40160 17.6
2010-02-04  21:00:00  03 36 28.6  -00 02 39  +000886.7 -000035.3  04 24 15.5  252.151 16.215  84.52  40173 17.6
2010-02-04  21:10:00  03 46 19.6  -00 08 54  +000886.3 -000039.7  04 24 26.1  252.114 16.107  82.19  40185 17.5
2010-02-04  21:20:00  03 56 10.3  -00 15 52  +000885.9 -000043.9  04 24 37.1  252.071 15.990  79.87  40196 17.4
2010-02-04  21:30:00  04 06 00.8  -00 23 33  +000885.6 -000048.1  04 24 48.2  252.020 15.862  77.55  40205 17.4
2010-02-04  21:40:00  04 15 51.1  -00 31 55  +000885.3 -000052.3  04 24 59.6  251.962 15.726  75.24  40213 17.3
2010-02-04  21:50:00  04 25 41.2  -00 40 57  +000885.1 -000056.3  04 25 11.1  251.897 15.581  72.93  40220 17.3
2010-02-04  22:00:00  04 35 31.3  -00 50 40  +000885.0 -000060.2  04 25 22.7  251.825 15.427  70.65  40226 17.2
2010-02-04  22:10:00  04 45 21.3  -01 01 01  +000885.0 -000064.0  04 25 34.3  251.746 15.265  68.35  40230 17.2
2010-02-04  22:20:00  04 55 11.2  -01 11 60  +000885.0 -000067.7  04 25 46.0  251.660 15.095  66.08  40233 17.1
2010-02-04  22:30:00  05 05 01.3  -01 23 35  +000885.1 -000071.3  04 25 57.6  251.566 14.917  63.81  40234 17.1
2010-02-04  22:40:00  05 14 51.4  -01 35 45  +000885.3 -000074.8  04 26 09.1  251.467 14.732  61.57  40234 17.0
2010-02-04  22:50:00  05 24 41.7  -01 48 30  +000885.6 -000078.1  04 26 20.4  251.360 14.541  59.32  40233 17.0
2010-02-04  23:00:00  05 34 32.3  -02 01 47  +000886.0 -000081.3  04 26 31.5  251.247 14.343  57.10  40231 17.0
2010-02-04  23:10:00  05 44 23.1  -02 15 36  +000886.4 -000084.4  04 26 42.4  251.127 14.139  54.89  40227 16.9
2010-02-04  23:20:00  05 54 14.2  -02 29 54  +000887.0 -000087.3  04 26 52.9  251.000 13.930  52.71  40222 16.9
2010-02-04  23:30:00  06 04 05.8  -02 44 42  +000887.7 -000090.1  04 27 03.0  250.868 13.716  50.53  40215 16.9
2010-02-04  23:40:00  06 13 57.8  -02 59 56  +000888.4 -000092.7  04 27 12.6  250.728 13.497  48.40  40207 16.8
2010-02-04  23:50:00  06 23 50.3  -03 15 36  +000889.3 -000095.2  04 27 21.7  250.583 13.275  46.28  40198 16.8
2010-02-05  00:00:00  06 33 43.5  -03 31 39  +000890.2 -000097.5  04 27 30.2  250.432 13.049  44.20  40187 16.8
2010-02-05  00:10:00  06 43 37.3  -03 48 05  +000891.3 -000099.6  04 27 38.0  250.274 12.819  42.16  40175 16.7
2010-02-05  00:20:00  06 53 31.8  -04 04 51  +000892.4 -000101.6  04 27 45.1  250.111 12.588  40.17  40162 16.7
2010-02-05  00:30:00  07 03 27.2  -04 21 57  +000893.7 -000103.4  04 27 51.4  249.941 12.354  38.22  40147 16.7
2010-02-05  00:40:00  07 13 23.4  -04 39 19  +000895.0 -000105.0  04 27 56.8  249.766 12.120  36.34  40131 16.7
2010-02-05  00:50:00  07 23 20.6  -04 56 57  +000896.5 -000106.5  04 28 01.3  249.586 11.884  34.52  40114 16.7
2010-02-05  01:00:00  07 33 18.8  -05 14 48  +000898.1 -000107.7  04 28 04.7  249.400 11.648  32.80  40095 16.6
2010-02-05  01:10:00  07 43 18.1  -05 32 50  +000899.8 -000108.8  04 28 07.1  249.209 11.413  31.17  40075 16.6
2010-02-05  01:20:00  07 53 18.5  -05 51 03  +000901.6 -000109.6  04 28 08.3  249.012 11.179  29.66  40054 16.6
2010-02-05  01:30:00  08 03 20.2  -06 09 22  +000903.5 -000110.3  04 28 08.2  248.811 10.946  28.28  40032 16.6
2010-02-05  01:40:00  08 13 23.2  -06 27 48  +000905.4 -000110.8  04 28 06.9  248.604 10.715  27.07  40009 16.6
2010-02-05  01:50:00  08 23 27.5  -06 46 17  +000907.5 -000111.0  04 28 04.2  248.393 10.487  26.03  39984 16.6
2010-02-05  02:00:00  08 33 33.2  -07 04 48  +000909.7 -000111.1  04 28 00.1  248.178 10.262  25.20  39959 16.6
2010-02-05  02:10:00  08 43 40.5  -07 23 18  +000912.0 -000110.9  04 27 54.6  247.958 10.042  24.59  39932 16.6

   Date        UTC        RA         DECL      RARate   DeclRate    HourAng      Az     Um    Phase  Range  Mag
2010-02-05  16:10:00  23 39 49.5  -01 23 30  +000912.5 +000074.2  03 34 03.5  240.909 23.102 141.92  38845 20.2
2010-02-05  16:20:00  23 49 57.4  -01 11 28  +000911.0 +000070.2  03 33 57.2  241.018 23.278 139.54  38873 20.0
2010-02-05  16:30:00  00 00 04.2  -01 00 06  +000909.5 +000066.1  03 33 52.1  241.124 23.442 137.14  38901 19.8
2010-02-05  16:40:00  00 10 10.0  -00 49 26  +000908.0 +000061.9  03 33 47.9  241.226 23.594 134.74  38929 19.7
2010-02-05  16:50:00  00 20 14.8  -00 39 28  +000906.5 +000057.6  03 33 44.7  241.324 23.734 132.34  38957 19.5
2010-02-05  17:00:00  00 30 18.7  -00 30 14  +000905.2 +000053.2  03 33 42.5  241.418 23.863 129.94  38985 19.4
2010-02-05  17:10:00  00 40 21.7  -00 21 44  +000903.8 +000048.7  03 33 41.1  241.507 23.979 127.53  39012 19.2
2010-02-05  17:20:00  00 50 23.8  -00 13 60  +000902.5 +000044.2  03 33 40.7  241.591 24.082 125.14  39039 19.1
2010-02-05  17:30:00  01 00 25.1  -00 07 01  +000901.3 +000039.5  03 33 41.0  241.669 24.174 122.73  39066 19.0
2010-02-05  17:40:00  01 10 25.5  -00 00 49  +000900.0 +000034.9  03 33 42.3  241.743 24.253 120.34  39092 18.8
2010-02-05  17:50:00  01 20 25.1  +00 04 36  +000898.9 +000030.2  03 33 44.3  241.810 24.319 117.94  39117 18.7
2010-02-05  18:00:00  01 30 24.0  +00 09 14  +000897.7 +000025.4  03 33 47.1  241.872 24.374 115.56  39142 18.6
2010-02-05  18:10:00  01 40 22.1  +00 13 04  +000896.6 +000020.6  03 33 50.6  241.927 24.415 113.16  39167 18.5
2010-02-05  18:20:00  01 50 19.5  +00 16 07  +000895.6 +000015.8  03 33 54.9  241.977 24.445 110.78  39190 18.4
2010-02-05  18:30:00  02 00 16.2  +00 18 21  +000894.6 +000011.0  03 33 59.8  242.019 24.462 108.39  39213 18.3
2010-02-05  18:40:00  02 10 12.3  +00 19 47  +000893.6 +000006.2  03 34 05.4  242.056 24.467 106.02  39235 18.2
2010-02-05  18:50:00  02 20 07.7  +00 20 25  +000892.7 +000001.4  03 34 11.6  242.085 24.459 103.64  39256 18.1
2010-02-05  19:00:00  02 30 02.5  +00 20 15  +000891.8 -000003.4  03 34 18.4  242.108 24.440 101.27  39276 18.0
2010-02-05  19:10:00  02 39 56.8  +00 19 17  +000891.0 -000008.2  03 34 25.8  242.124 24.408  98.90  39295 18.0
2010-02-05  19:20:00  02 49 50.5  +00 17 31  +000890.2 -000013.0  03 34 33.7  242.133 24.365  96.54  39313 17.9
2010-02-05  19:30:00  02 59 43.7  +00 14 58  +000889.4 -000017.7  03 34 42.2  242.135 24.310  94.17  39330 17.8
2010-02-05  19:40:00  03 09 36.4  +00 11 37  +000888.8 -000022.4  03 34 51.1  242.130 24.243  91.83  39347 17.7
2010-02-05  19:50:00  03 19 28.7  +00 07 31  +000888.1 -000027.0  03 35 00.4  242.118 24.165  89.47  39361 17.7
2010-02-05  20:00:00  03 29 20.6  +00 02 38  +000887.6 -000031.6  03 35 10.2  242.099 24.076  87.13  39375 17.6
2010-02-05  20:10:00  03 39 12.2  -00 03 00  +000887.0 -000036.1  03 35 20.3  242.073 23.975  84.79  39388 17.5
2010-02-05  20:20:00  03 49 03.4  -00 09 24  +000886.6 -000040.5  03 35 30.7  242.040 23.865  82.46  39400 17.5
2010-02-05  20:30:00  03 58 54.3  -00 16 31  +000886.2 -000044.9  03 35 41.4  242.000 23.743  80.13  39410 17.4
2010-02-05  20:40:00  04 08 45.0  -00 24 21  +000885.9 -000049.2  03 35 52.4  241.953 23.612  77.81  39419 17.3
2010-02-05  20:50:00  04 18 35.4  -00 32 54  +000885.6 -000053.4  03 36 03.5  241.898 23.470  75.49  39427 17.3
2010-02-05  21:00:00  04 28 25.8  -00 42 08  +000885.4 -000057.5  03 36 14.8  241.837 23.320  73.19  39434 17.2
2010-02-05  21:10:00  04 38 16.0  -00 52 03  +000885.3 -000061.5  03 36 26.2  241.769 23.160  70.88  39439 17.2
2010-02-05  21:20:00  04 48 06.2  -01 02 37  +000885.3 -000065.4  03 36 37.7  241.694 22.991  68.60  39443 17.1
2010-02-05  21:30:00  04 57 56.4  -01 13 50  +000885.3 -000069.1  03 36 49.2  241.612 22.813  66.31  39446 17.1
2010-02-05  21:40:00  05 07 46.6  -01 25 40  +000885.4 -000072.8  03 37 00.6  241.523 22.627  64.05  39447 17.1
2010-02-05  21:50:00  05 17 36.9  -01 38 05  +000885.6 -000076.3  03 37 11.9  241.428 22.434  61.78  39447 17.0
2010-02-05  22:00:00  05 27 27.4  -01 51 06  +000885.9 -000079.7  03 37 23.1  241.326 22.233  59.54  39446 17.0
2010-02-05  22:10:00  05 37 18.2  -02 04 40  +000886.3 -000083.0  03 37 34.0  241.217 22.026  57.31  39444 16.9
2010-02-05  22:20:00  05 47 09.1  -02 18 46  +000886.7 -000086.1  03 37 44.6  241.102 21.812  55.10  39440 16.9
2010-02-05  22:30:00  05 57 00.5  -02 33 22  +000887.3 -000089.1  03 37 54.9  240.980 21.592  52.90  39435 16.9
2010-02-05  22:40:00  06 06 52.2  -02 48 27  +000888.0 -000092.0  03 38 04.8  240.853 21.367  50.73  39429 16.8
2010-02-05  22:50:00  06 16 44.4  -03 04 01  +000888.7 -000094.6  03 38 14.3  240.719 21.136  48.58  39421 16.8
2010-02-05  23:00:00  06 26 37.2  -03 19 60  +000889.6 -000097.1  03 38 23.2  240.578 20.901  46.46  39412 16.8
2010-02-05  23:10:00  06 36 30.6  -03 36 23  +000890.5 -000099.5  03 38 31.4  240.432 20.662  44.37  39402 16.7
2010-02-05  23:20:00  06 46 24.6  -03 53 09  +000891.6 -000101.7  03 38 39.0  240.280 20.420  42.32  39390 16.7
2010-02-05  23:30:00  06 56 19.4  -04 10 16  +000892.8 -000103.7  03 38 45.9  240.122 20.175  40.31  39378 16.7
2010-02-05  23:40:00  07 06 15.0  -04 27 42  +000894.0 -000105.5  03 38 51.9  239.958 19.927  38.36  39364 16.7
2010-02-05  23:50:00  07 16 11.5  -04 45 25  +000895.4 -000107.1  03 38 57.1  239.788 19.677  36.46  39348 16.6
2010-02-06  00:00:00  07 26 08.9  -05 03 24  +000896.9 -000108.6  03 39 01.3  239.613 19.427  34.64  39332 16.6
2010-02-06  00:10:00  07 36 07.4  -05 21 37  +000898.5 -000109.9  03 39 04.5  239.432 19.175  32.89  39314 16.6
2010-02-06  00:20:00  07 46 06.9  -05 40 01  +000900.2 -000110.9  03 39 06.6  239.246 18.924  31.25  39295 16.6
2010-02-06  00:30:00  07 56 07.7  -05 58 34  +000902.0 -000111.8  03 39 07.5  239.055 18.673  29.72  39275 16.6
2010-02-06  00:40:00  08 06 09.7  -06 17 16  +000903.9 -000112.5  03 39 07.1  238.858 18.423  28.32  39254 16.5
2010-02-06  00:50:00  08 16 12.9  -06 36 03  +000906.0 -000112.9  03 39 05.5  238.657 18.175  27.08  39232 16.5
2010-02-06  01:00:00  08 26 17.6  -06 54 54  +000908.1 -000113.2  03 39 02.5  238.451 17.930  26.03  39209 16.5
2010-02-06  01:10:00  08 36 23.7  -07 13 46  +000910.3 -000113.2  03 38 58.0  238.240 17.687  25.17  39185 16.5
2010-02-06  01:20:00  08 46 31.3  -07 32 38  +000912.6 -000113.0  03 38 52.0  238.024 17.448  24.54  39159 16.5
2010-02-06  01:30:00  08 56 40.5  -07 51 26  +000915.0 -000112.7  03 38 44.5  237.804 17.213  24.16  39133 16.5
2010-02-06  01:40:00  09 06 51.4  -08 10 10  +000917.5 -000112.0  03 38 35.3  237.580 16.983  24.03  39106 16.5
2010-02-06  01:50:00  09 17 03.9  -08 28 46  +000920.1 -000111.2  03 38 24.4  237.351 16.759  24.17  39078 16.5
2010-02-06  02:00:00  09 27 18.1  -08 47 14  +000922.7 -000110.2  03 38 11.8  237.119 16.540  24.57  39048 16.5
2010-02-06  02:10:00  09 37 34.2  -09 05 29  +000925.4 -000108.9  03 37 57.4  236.883 16.328  25.23  39019 16.5
2010-02-06  02:20:00  09 47 52.0  -09 23 31  +000928.2 -000107.4  03 37 41.2  236.644 16.123  26.11  38988 16.5
2010-02-06  02:30:00  09 58 11.8  -09 41 16  +000931.1 -000105.7  03 37 23.0  236.401 15.926  27.21  38956 16.5
2010-02-06  02:40:00  10 08 33.5  -09 58 43  +000934.0 -000103.7  03 37 03.0  236.156 15.738  28.48  38924 16.5
2010-02-06  02:50:00  10 18 57.1  -10 15 50  +000936.9 -000101.5  03 36 41.0  235.908 15.558  29.94  38891 16.5
2010-02-06  03:00:00  10 29 22.7  -10 32 34  +000939.9 -000099.1  03 36 17.1  235.657 15.388  31.53  38858 16.6
2010-02-06  03:10:00  10 39 50.3  -10 48 52  +000942.9 -000096.5  03 35 51.1  235.404 15.227  33.25  38824 16.6
2010-02-06  03:20:00  10 50 19.9  -11 04 44  +000945.9 -000093.7  03 35 23.1  235.149 15.078  35.07  38789 16.6
2010-02-06  03:30:00  11 00 51.6  -11 20 06  +000949.0 -000090.7  03 34 53.1  234.893 14.939  36.99  38754 16.6
2010-02-06  03:40:00  11 11 25.2  -11 34 56  +000952.0 -000087.4  03 34 21.1  234.635 14.812  38.98  38719 16.6
2010-02-06  03:50:00  11 22 00.9  -11 49 13  +000955.0 -000083.9  03 33 47.1  234.376 14.696  41.06  38683 16.6
2010-02-06  04:00:00  11 32 38.6  -12 02 54  +000958.0 -000080.2  03 33 11.0  234.117 14.593  43.17  38647 16.7
2010-02-06  04:10:00  11 43 18.3  -12 15 57  +000961.0 -000076.4  03 32 33.0  233.857 14.503  45.36  38611 16.7
2010-02-06  04:20:00  11 53 59.9  -12 28 20  +000963.9 -000072.3  03 31 53.0  233.597 14.426  47.58  38574 16.7

   Date        UTC        RA         DECL      RARate   DeclRate    HourAng      Az     Um    Phase  Range  Mag
2010-02-06  16:10:00  00 33 55.0  -00 30 56  +000905.5 +000054.1  02 43 54.6  229.864 30.939 130.07  38322 19.3
2010-02-06  16:20:00  00 43 58.2  -00 22 17  +000904.2 +000049.5  02 43 53.0  229.946 31.065 127.67  38349 19.2
2010-02-06  16:30:00  00 54 00.6  -00 14 25  +000902.9 +000044.9  02 43 52.3  230.024 31.178 125.25  38375 19.1
2010-02-06  16:40:00  01 04 02.1  -00 07 20  +000901.6 +000040.2  02 43 52.4  230.098 31.278 122.86  38402 18.9
2010-02-06  16:50:00  01 14 02.8  -00 01 01  +000900.4 +000035.4  02 43 53.4  230.167 31.365 120.45  38427 18.8
2010-02-06  17:00:00  01 24 02.6  +00 04 29  +000899.2 +000030.6  02 43 55.1  230.231 31.439 118.05  38452 18.7
2010-02-06  17:10:00  01 34 01.7  +00 09 11  +000898.1 +000025.8  02 43 57.7  230.290 31.500 115.65  38477 18.6
2010-02-06  17:20:00  01 44 00.1  +00 13 05  +000897.0 +000020.9  02 44 01.0  230.344 31.548 113.26  38500 18.5
2010-02-06  17:30:00  01 53 57.7  +00 16 10  +000895.9 +000016.1  02 44 05.0  230.393 31.582 110.86  38523 18.4
2010-02-06  17:40:00  02 03 54.7  +00 18 26  +000894.9 +000011.2  02 44 09.7  230.436 31.604 108.48  38546 18.3
2010-02-06  17:50:00  02 13 51.0  +00 19 53  +000894.0 +000006.3  02 44 15.0  230.473 31.613 106.09  38567 18.2
2010-02-06  18:00:00  02 23 46.7  +00 20 31  +000893.0 +000001.4  02 44 21.0  230.505 31.608 103.72  38587 18.1
2010-02-06  18:10:00  02 33 41.7  +00 20 21  +000892.2 -000003.5  02 44 27.6  230.530 31.591 101.34  38607 18.0
2010-02-06  18:20:00  02 43 36.2  +00 19 21  +000891.3 -000008.4  02 44 34.7  230.549 31.561  98.97  38626 17.9
2010-02-06  18:30:00  02 53 30.2  +00 17 33  +000890.5 -000013.2  02 44 42.4  230.562 31.519  96.60  38643 17.8
2010-02-06  18:40:00  03 03 23.6  +00 14 56  +000889.8 -000018.0  02 44 50.6  230.569 31.464  94.24  38660 17.8
2010-02-06  18:50:00  03 13 16.6  +00 11 32  +000889.1 -000022.8  02 44 59.3  230.569 31.397  91.87  38676 17.7
2010-02-06  19:00:00  03 23 09.1  +00 07 20  +000888.5 -000027.5  02 45 08.4  230.563 31.317  89.53  38690 17.6
2010-02-06  19:10:00  03 33 01.2  +00 02 22  +000887.9 -000032.2  02 45 17.9  230.551 31.226  87.17  38704 17.6
2010-02-06  19:20:00  03 42 53.0  -00 03 23  +000887.4 -000036.8  02 45 27.8  230.532 31.123  84.83  38716 17.5
2010-02-06  19:30:00  03 52 44.4  -00 09 53  +000886.9 -000041.3  02 45 38.0  230.507 31.009  82.49  38727 17.4
2010-02-06  19:40:00  04 02 35.6  -00 17 09  +000886.5 -000045.7  02 45 48.5  230.475 30.883  80.16  38737 17.4
2010-02-06  19:50:00  04 12 26.5  -00 25 08  +000886.2 -000050.1  02 45 59.2  230.437 30.746  77.83  38746 17.3
2010-02-06  20:00:00  04 22 17.2  -00 33 50  +000885.9 -000054.4  02 46 10.1  230.392 30.599  75.52  38753 17.3
2010-02-06  20:10:00  04 32 07.8  -00 43 15  +000885.7 -000058.5  02 46 21.2  230.340 30.442  73.20  38760 17.2
2010-02-06  20:20:00  04 41 58.3  -00 53 21  +000885.6 -000062.6  02 46 32.4  230.283 30.275  70.90  38765 17.2
2010-02-06  20:30:00  04 51 48.7  -01 04 07  +000885.6 -000066.6  02 46 43.6  230.218 30.098  68.60  38768 17.1
2010-02-06  20:40:00  05 01 39.1  -01 15 32  +000885.6 -000070.4  02 46 54.8  230.148 29.911  66.32  38771 17.1
2010-02-06  20:50:00  05 11 29.5  -01 27 35  +000885.8 -000074.1  02 47 06.0  230.071 29.716  64.04  38772 17.0
2010-02-06  21:00:00  05 21 20.1  -01 40 14  +000886.0 -000077.7  02 47 17.1  229.988 29.513  61.78  38772 17.0
2010-02-06  21:10:00  05 31 10.8  -01 53 29  +000886.2 -000081.2  02 47 28.0  229.898 29.301  59.53  38771 16.9
2010-02-06  21:20:00  05 41 01.8  -02 07 18  +000886.6 -000084.5  02 47 38.7  229.802 29.082  57.30  38769 16.9
2010-02-06  21:30:00  05 50 53.0  -02 21 39  +000887.1 -000087.7  02 47 49.1  229.700 28.856  55.07  38765 16.9
2010-02-06  21:40:00  06 00 44.6  -02 36 31  +000887.7 -000090.7  02 47 59.1  229.592 28.623  52.87  38760 16.8
2010-02-06  21:50:00  06 10 36.6  -02 51 53  +000888.4 -000093.6  02 48 08.8  229.478 28.384  50.69  38754 16.8
2010-02-06  22:00:00  06 20 29.1  -03 07 43  +000889.1 -000096.3  02 48 17.9  229.358 28.140  48.54  38746 16.8
2010-02-06  22:10:00  06 30 22.1  -03 23 59  +000890.0 -000098.9  02 48 26.6  229.231 27.890  46.41  38738 16.7
2010-02-06  22:20:00  06 40 15.8  -03 40 40  +000891.0 -000101.3  02 48 34.6  229.099 27.636  44.32  38728 16.7
2010-02-06  22:30:00  06 50 10.1  -03 57 44  +000892.0 -000103.5  02 48 41.9  228.961 27.377  42.25  38717 16.7
2010-02-06  22:40:00  07 00 05.2  -04 15 09  +000893.2 -000105.5  02 48 48.4  228.817 27.115  40.24  38704 16.6
2010-02-06  22:50:00  07 10 01.1  -04 32 53  +000894.5 -000107.4  02 48 54.1  228.667 26.850  38.28  38691 16.6
2010-02-06  23:00:00  07 19 57.9  -04 50 56  +000895.9 -000109.0  02 48 59.0  228.512 26.583  36.38  38676 16.6
2010-02-06  23:10:00  07 29 55.7  -05 09 13  +000897.4 -000110.5  02 49 02.9  228.351 26.314  34.54  38661 16.6
2010-02-06  23:20:00  07 39 54.5  -05 27 45  +000899.0 -000111.8  02 49 05.7  228.184 26.043  32.79  38644 16.6
2010-02-06  23:30:00  07 49 54.4  -05 46 28  +000900.8 -000112.8  02 49 07.4  228.012 25.772  31.14  38626 16.5
2010-02-06  23:40:00  07 59 55.6  -06 05 21  +000902.6 -000113.7  02 49 07.9  227.835 25.501  29.60  38607 16.5
2010-02-06  23:50:00  08 09 57.9  -06 24 22  +000904.5 -000114.4  02 49 07.2  227.652 25.231  28.20  38587 16.5
2010-02-07  00:00:00  08 20 01.6  -06 43 28  +000906.6 -000114.8  02 49 05.1  227.463 24.962  26.95  38566 16.5
2010-02-07  00:10:00  08 30 06.7  -07 02 38  +000908.7 -000115.1  02 49 01.7  227.270 24.695  25.89  38544 16.5
2010-02-07  00:20:00  08 40 13.3  -07 21 49  +000911.0 -000115.1  02 48 56.8  227.072 24.430  25.03  38521 16.5
2010-02-07  00:30:00  08 50 21.4  -07 40 59  +000913.3 -000114.9  02 48 50.3  226.868 24.168  24.39  38497 16.5
2010-02-07  00:40:00  09 00 31.0  -08 00 07  +000915.7 -000114.5  02 48 42.3  226.660 23.911  24.01  38472 16.5
2010-02-07  00:50:00  09 10 42.4  -08 19 09  +000918.3 -000113.9  02 48 32.6  226.447 23.657  23.89  38446 16.5
2010-02-07  01:00:00  09 20 55.4  -08 38 03  +000920.9 -000113.0  02 48 21.2  226.229 23.409  24.03  38420 16.5
2010-02-07  01:10:00  09 31 10.2  -08 56 48  +000923.5 -000111.9  02 48 08.1  226.007 23.166  24.44  38393 16.5
2010-02-07  01:20:00  09 41 26.8  -09 15 21  +000926.3 -000110.6  02 47 53.1  225.781 22.929  25.09  38365 16.5
2010-02-07  01:30:00  09 51 45.2  -09 33 40  +000929.1 -000109.1  02 47 36.3  225.550 22.700  25.99  38336 16.5
2010-02-07  01:40:00  10 02 05.6  -09 51 42  +000932.0 -000107.3  02 47 17.6  225.316 22.477  27.09  38307 16.5
2010-02-07  01:50:00  10 12 27.9  -10 09 25  +000934.9 -000105.3  02 46 56.9  225.078 22.263  28.39  38277 16.5
2010-02-07  02:00:00  10 22 52.2  -10 26 47  +000937.9 -000103.1  02 46 34.3  224.836 22.058  29.84  38246 16.5
2010-02-07  02:10:00  10 33 18.4  -10 43 45  +000940.9 -000100.6  02 46 09.7  224.591 21.861  31.45  38215 16.5
2010-02-07  02:20:00  10 43 46.7  -11 00 18  +000943.9 -000097.9  02 45 43.1  224.343 21.675  33.17  38183 16.5
2010-02-07  02:30:00  10 54 17.0  -11 16 23  +000947.0 -000095.0  02 45 14.4  224.092 21.499  35.01  38151 16.6
2010-02-07  02:40:00  11 04 49.3  -11 31 58  +000950.0 -000091.9  02 44 43.7  223.838 21.333  36.93  38119 16.6
2010-02-07  02:50:00  11 15 23.7  -11 47 01  +000953.1 -000088.6  02 44 11.0  223.582 21.179  38.94  38086 16.6
2010-02-07  03:00:00  11 26 00.1  -12 01 29  +000956.1 -000085.0  02 43 36.3  223.324 21.037  41.01  38053 16.6
2010-02-07  03:10:00  11 36 38.5  -12 15 20  +000959.1 -000081.3  02 42 59.5  223.064 20.907  43.15  38019 16.6
2010-02-07  03:20:00  11 47 18.9  -12 28 33  +000962.1 -000077.3  02 42 20.7  222.802 20.790  45.33  37986 16.7
2010-02-07  03:30:00  11 58 01.3  -12 41 06  +000965.0 -000073.1  02 41 40.0  222.540 20.686  47.57  37952 16.7
2010-02-07  03:40:00  12 08 45.6  -12 52 55  +000967.9 -000068.8  02 40 57.3  222.276 20.595  49.83  37918 16.7
2010-02-07  03:50:00  12 19 31.8  -13 04 01  +000970.7 -000064.3  02 40 12.7  222.013 20.518  52.15  37885 16.8
2010-02-07  04:00:00  12 30 19.9  -13 14 21  +000973.4 -000059.6  02 39 26.3  221.749 20.456  54.48  37851 16.8
2010-02-07  04:10:00  12 41 09.7  -13 23 52  +000976.1 -000054.7  02 38 38.1  221.485 20.407  56.85  37817 16.8

   Date        UTC        RA         DECL      RARate   DeclRate    HourAng      Az     Um    Phase  Range  Mag
2010-02-07  16:10:00  01 28 29.4  +00 04 19  +000899.6 +000031.0  01 53 16.7  216.693 37.446 117.95  37933 18.7
2010-02-07  16:20:00  01 38 28.7  +00 09 04  +000898.5 +000026.1  01 53 19.0  216.745 37.515 115.56  37957 18.5
2010-02-07  16:30:00  01 48 27.3  +00 13 01  +000897.4 +000021.2  01 53 22.1  216.794 37.569 113.15  37981 18.4
2010-02-07  16:40:00  01 58 25.2  +00 16 08  +000896.3 +000016.2  01 53 25.8  216.839 37.610 110.76  38003 18.3
2010-02-07  16:50:00  02 08 22.4  +00 18 26  +000895.3 +000011.3  01 53 30.3  216.880 37.637 108.36  38025 18.2
2010-02-07  17:00:00  02 18 18.9  +00 19 53  +000894.3 +000006.3  01 53 35.4  216.918 37.651 105.98  38046 18.1
2010-02-07  17:10:00  02 28 14.8  +00 20 31  +000893.4 +000001.3  01 53 41.1  216.951 37.650 103.59  38066 18.1
2010-02-07  17:20:00  02 38 10.2  +00 20 20  +000892.5 -000003.6  01 53 47.4  216.979 37.637 101.21  38085 18.0
2010-02-07  17:30:00  02 48 04.9  +00 19 19  +000891.7 -000008.6  01 53 54.3  217.003 37.609  98.83  38103 17.9
2010-02-07  17:40:00  02 57 59.1  +00 17 29  +000890.9 -000013.5  01 54 01.8  217.023 37.569  96.46  38120 17.8
2010-02-07  17:50:00  03 07 52.8  +00 14 50  +000890.2 -000018.4  01 54 09.7  217.038 37.515  94.09  38136 17.7
2010-02-07  18:00:00  03 17 46.1  +00 11 22  +000889.5 -000023.2  01 54 18.1  217.048 37.448  91.73  38151 17.7
2010-02-07  18:10:00  03 27 38.9  +00 07 06  +000888.9 -000028.0  01 54 27.0  217.053 37.368  89.37  38165 17.6
2010-02-07  18:20:00  03 37 31.2  +00 02 03  +000888.3 -000032.7  01 54 36.2  217.053 37.275  87.02  38178 17.5
2010-02-07  18:30:00  03 47 23.3  -00 03 47  +000887.8 -000037.3  01 54 45.8  217.048 37.170  84.66  38190 17.5
2010-02-07  18:40:00  03 57 15.0  -00 10 24  +000887.3 -000041.9  01 54 55.7  217.037 37.052  82.33  38201 17.4
2010-02-07  18:50:00  04 07 06.4  -00 17 46  +000886.9 -000046.4  01 55 06.0  217.022 36.923  79.98  38210 17.3
2010-02-07  19:00:00  04 16 57.6  -00 25 52  +000886.6 -000050.9  01 55 16.4  217.002 36.782  77.66  38218 17.3
2010-02-07  19:10:00  04 26 48.6  -00 34 43  +000886.4 -000055.2  01 55 27.1  216.976 36.630  75.33  38226 17.2
2010-02-07  19:20:00  04 36 39.4  -00 44 16  +000886.2 -000059.4  01 55 37.9  216.945 36.466  73.02  38231 17.2
2010-02-07  19:30:00  04 46 30.2  -00 54 31  +000886.0 -000063.5  01 55 48.8  216.908 36.292  70.71  38236 17.1
2010-02-07  19:40:00  04 56 20.9  -01 05 26  +000886.0 -000067.6  01 55 59.7  216.866 36.107  68.41  38240 17.1
2010-02-07  19:50:00  05 06 11.6  -01 17 01  +000886.1 -000071.5  01 56 10.7  216.819 35.912  66.12  38242 17.0
2010-02-07  20:00:00  05 16 02.3  -01 29 15  +000886.2 -000075.2  01 56 21.6  216.766 35.708  63.84  38243 17.0
2010-02-07  20:10:00  05 25 53.2  -01 42 06  +000886.4 -000078.9  01 56 32.4  216.707 35.495  61.57  38243 16.9
2010-02-07  20:20:00  05 35 44.2  -01 55 32  +000886.7 -000082.4  01 56 43.0  216.643 35.272  59.32  38241 16.9
2010-02-07  20:30:00  05 45 35.5  -02 09 33  +000887.1 -000085.8  01 56 53.4  216.574 35.042  57.07  38239 16.9
2010-02-07  20:40:00  05 55 27.0  -02 24 07  +000887.6 -000089.0  01 57 03.5  216.499 34.803  54.85  38235 16.8
2010-02-07  20:50:00  06 05 18.9  -02 39 12  +000888.2 -000092.0  01 57 13.2  216.419 34.557  52.64  38230 16.8
2010-02-07  21:00:00  06 15 11.3  -02 54 47  +000888.8 -000095.0  01 57 22.5  216.332 34.304  50.46  38224 16.8
2010-02-07  21:10:00  06 25 04.1  -03 10 51  +000889.6 -000097.7  01 57 31.3  216.241 34.045  48.29  38216 16.7
2010-02-07  21:20:00  06 34 57.5  -03 27 21  +000890.5 -000100.3  01 57 39.6  216.143 33.780  46.16  38208 16.7
2010-02-07  21:30:00  06 44 51.5  -03 44 16  +000891.5 -000102.7  01 57 47.2  216.040 33.509  44.06  38198 16.7
2010-02-07  21:40:00  06 54 46.2  -04 01 35  +000892.6 -000104.9  01 57 54.2  215.932 33.234  42.00  38187 16.6
2010-02-07  21:50:00  07 04 41.6  -04 19 14  +000893.8 -000107.0  01 58 00.3  215.817 32.954  39.98  38176 16.6
2010-02-07  22:00:00  07 14 37.9  -04 37 14  +000895.1 -000108.9  01 58 05.7  215.697 32.671  38.01  38163 16.6
2010-02-07  22:10:00  07 24 35.1  -04 55 31  +000896.5 -000110.5  01 58 10.1  215.572 32.385  36.10  38149 16.6
2010-02-07  22:20:00  07 34 33.3  -05 14 04  +000898.1 -000112.0  01 58 13.6  215.440 32.096  34.27  38133 16.5
2010-02-07  22:30:00  07 44 32.6  -05 32 51  +000899.7 -000113.3  01 58 16.0  215.303 31.805  32.51  38117 16.5
2010-02-07  22:40:00  07 54 32.9  -05 51 49  +000901.4 -000114.4  01 58 17.2  215.160 31.513  30.86  38100 16.5
2010-02-07  22:50:00  08 04 34.5  -06 10 58  +000903.3 -000115.3  01 58 17.3  215.011 31.221  29.32  38082 16.5
2010-02-07  23:00:00  08 14 37.3  -06 30 14  +000905.3 -000115.9  01 58 16.1  214.857 30.928  27.92  38063 16.5
2010-02-07  23:10:00  08 24 41.5  -06 49 35  +000907.3 -000116.4  01 58 13.6  214.697 30.636  26.68  38043 16.5
2010-02-07  23:20:00  08 34 47.1  -07 09 00  +000909.5 -000116.6  01 58 09.6  214.531 30.345  25.62  38022 16.5
2010-02-07  23:30:00  08 44 54.2  -07 28 26  +000911.7 -000116.6  01 58 04.2  214.360 30.056  24.77  38001 16.5
2010-02-07  23:40:00  08 55 02.8  -07 47 52  +000914.1 -000116.4  01 57 57.2  214.183 29.770  24.15  37978 16.4
2010-02-07  23:50:00  09 05 13.0  -08 07 14  +000916.6 -000116.0  01 57 48.7  214.001 29.486  23.79  37955 16.4
2010-02-08  00:00:00  09 15 24.9  -08 26 30  +000919.1 -000115.3  01 57 38.4  213.813 29.207  23.68  37931 16.4
2010-02-08  00:10:00  09 25 38.5  -08 45 39  +000921.7 -000114.4  01 57 26.5  213.620 28.932  23.85  37906 16.4
2010-02-08  00:20:00  09 35 53.9  -09 04 37  +000924.4 -000113.3  01 57 12.7  213.421 28.662  24.28  37881 16.4
2010-02-08  00:30:00  09 46 11.1  -09 23 23  +000927.2 -000111.9  01 56 57.2  213.217 28.397  24.97  37855 16.4
2010-02-08  00:40:00  09 56 30.1  -09 41 55  +000930.0 -000110.3  01 56 39.8  213.008 28.139  25.89  37828 16.4
2010-02-08  00:50:00  10 06 51.1  -10 00 09  +000932.9 -000108.5  01 56 20.4  212.794 27.888  27.03  37801 16.5
2010-02-08  01:00:00  10 17 14.0  -10 18 04  +000935.9 -000106.5  01 55 59.1  212.575 27.645  28.34  37773 16.5
2010-02-08  01:10:00  10 27 39.0  -10 35 38  +000938.9 -000104.2  01 55 35.9  212.351 27.410  29.83  37745 16.5
2010-02-08  01:20:00  10 38 05.9  -10 52 47  +000941.9 -000101.7  01 55 10.6  212.123 27.183  31.45  37716 16.5
2010-02-08  01:30:00  10 48 34.8  -11 09 30  +000944.9 -000098.9  01 54 43.3  211.890 26.966  33.21  37687 16.5
2010-02-08  01:40:00  10 59 05.8  -11 25 45  +000948.0 -000096.0  01 54 14.0  211.653 26.759  35.05  37658 16.5
2010-02-08  01:50:00  11 09 38.8  -11 41 29  +000951.1 -000092.8  01 53 42.6  211.412 26.562  37.00  37628 16.5
2010-02-08  02:00:00  11 20 13.8  -11 56 40  +000954.1 -000089.4  01 53 09.2  211.167 26.377  39.02  37598 16.6
2010-02-08  02:10:00  11 30 50.9  -12 11 16  +000957.2 -000085.7  01 52 33.8  210.918 26.203  41.11  37568 16.6
2010-02-08  02:20:00  11 41 30.0  -12 25 14  +000960.2 -000081.9  01 51 56.3  210.666 26.041  43.26  37537 16.6
2010-02-08  02:30:00  11 52 11.1  -12 38 33  +000963.1 -000077.9  01 51 16.8  210.410 25.891  45.46  37507 16.6
2010-02-08  02:40:00  12 02 54.2  -12 51 11  +000966.1 -000073.7  01 50 35.4  210.152 25.754  47.70  37476 16.7
2010-02-08  02:50:00  12 13 39.2  -13 03 06  +000968.9 -000069.2  01 49 52.1  209.892 25.631  49.98  37446 16.7
2010-02-08  03:00:00  12 24 26.0  -13 14 15  +000971.7 -000064.6  01 49 06.8  209.629 25.521  52.29  37415 16.7
2010-02-08  03:10:00  12 35 14.8  -13 24 38  +000974.4 -000059.9  01 48 19.8  209.364 25.426  54.65  37385 16.8
2010-02-08  03:20:00  12 46 05.3  -13 34 12  +000977.0 -000054.9  01 47 30.9  209.097 25.345  57.01  37354 16.8
2010-02-08  03:30:00  12 56 57.4  -13 42 56  +000979.5 -000049.8  01 46 40.4  208.829 25.278  59.42  37324 16.8
2010-02-08  03:40:00  13 07 51.3  -13 50 49  +000981.9 -000044.6  01 45 48.2  208.560 25.227  61.83  37294 16.9
2010-02-08  03:50:00  13 18 46.6  -13 57 48  +000984.2 -000039.2  01 44 54.5  208.291 25.191  64.28  37265 16.9
2010-02-08  04:00:00  13 29 43.5  -14 03 53  +000986.3 -000033.7  01 43 59.3  208.021 25.170  66.73  37236 17.0
2010-02-08  04:10:00  13 40 41.6  -14 09 03  +000988.3 -000028.2  01 43 02.7  207.751 25.165  69.22  37207 17.0

   Date        UTC        RA         DECL      RARate   DeclRate    HourAng      Az     Um    Phase  Range  Mag
2010-02-08  16:10:00  02 23 24.2  +00 19 46  +000894.7 +000006.3  01 02 18.5  201.165 41.949 105.70  37698 18.1
2010-02-08  16:20:00  02 33 20.3  +00 20 24  +000893.8 +000001.3  01 02 24.0  201.198 41.954 103.32  37718 18.0
2010-02-08  16:30:00  02 43 15.9  +00 20 12  +000892.9 -000003.7  01 02 30.0  201.230 41.944 100.92  37736 17.9
2010-02-08  16:40:00  02 53 11.0  +00 19 09  +000892.1 -000008.7  01 02 36.6  201.260 41.921  98.55  37754 17.9
2010-02-08  16:50:00  03 03 05.5  +00 17 18  +000891.4 -000013.7  01 02 43.8  201.288 41.883  96.16  37770 17.8
2010-02-08  17:00:00  03 12 59.5  +00 14 36  +000890.6 -000018.6  01 02 51.4  201.315 41.832  93.80  37786 17.7
2010-02-08  17:10:00  03 22 53.0  +00 11 06  +000890.0 -000023.5  01 02 59.5  201.339 41.767  91.42  37801 17.6
2010-02-08  17:20:00  03 32 46.1  +00 06 47  +000889.3 -000028.3  01 03 08.1  201.361 41.688  89.07  37814 17.6
2010-02-08  17:30:00  03 42 38.8  +00 01 40  +000888.8 -000033.1  01 03 17.0  201.381 41.596  86.70  37826 17.5
2010-02-08  17:40:00  03 52 31.1  -00 04 14  +000888.2 -000037.8  01 03 26.3  201.398 41.491  84.35  37838 17.4
2010-02-08  17:50:00  04 02 23.2  -00 10 54  +000887.8 -000042.4  01 03 35.9  201.412 41.374  82.00  37848 17.4
2010-02-08  18:00:00  04 12 14.9  -00 18 21  +000887.4 -000046.9  01 03 45.8  201.423 41.243  79.67  37857 17.3
2010-02-08  18:10:00  04 22 06.4  -00 26 33  +000887.1 -000051.4  01 03 56.0  201.432 41.100  77.32  37864 17.3
2010-02-08  18:20:00  04 31 57.7  -00 35 29  +000886.8 -000055.8  01 04 06.3  201.437 40.945  75.00  37871 17.2
2010-02-08  18:30:00  04 41 48.9  -00 45 08  +000886.7 -000060.0  01 04 16.8  201.440 40.779  72.67  37876 17.1
2010-02-08  18:40:00  04 51 39.9  -00 55 30  +000886.6 -000064.2  01 04 27.4  201.439 40.601  70.37  37881 17.1
2010-02-08  18:50:00  05 01 31.0  -01 06 32  +000886.5 -000068.3  01 04 38.0  201.434 40.411  68.05  37884 17.0
2010-02-08  19:00:00  05 11 22.0  -01 18 14  +000886.6 -000072.2  01 04 48.6  201.425 40.211  65.77  37886 17.0
2010-02-08  19:10:00  05 21 13.1  -01 30 36  +000886.7 -000076.0  01 04 59.1  201.413 40.001  63.47  37886 17.0
2010-02-08  19:20:00  05 31 04.4  -01 43 34  +000886.9 -000079.7  01 05 09.5  201.397 39.781  61.21  37886 16.9
2010-02-08  19:30:00  05 40 55.8  -01 57 09  +000887.3 -000083.2  01 05 19.8  201.376 39.551  58.94  37884 16.9
2010-02-08  19:40:00  05 50 47.4  -02 11 18  +000887.7 -000086.6  01 05 29.8  201.352 39.312  56.70  37882 16.8
2010-02-08  19:50:00  06 00 39.3  -02 26 01  +000888.2 -000089.9  01 05 39.5  201.323 39.065  54.46  37878 16.8
2010-02-08  20:00:00  06 10 31.6  -02 41 15  +000888.7 -000093.0  01 05 48.8  201.289 38.809  52.26  37872 16.8
2010-02-08  20:10:00  06 20 24.4  -02 56 60  +000889.5 -000095.9  01 05 57.7  201.251 38.546  50.06  37866 16.7
2010-02-08  20:20:00  06 30 17.6  -03 13 13  +000890.2 -000098.7  01 06 06.1  201.208 38.275  47.90  37859 16.7
2010-02-08  20:30:00  06 40 11.4  -03 29 53  +000891.1 -000101.3  01 06 14.0  201.160 37.998  45.76  37851 16.7
2010-02-08  20:40:00  06 50 05.8  -03 46 58  +000892.1 -000103.7  01 06 21.2  201.107 37.715  43.66  37841 16.6
2010-02-08  20:50:00  07 00 00.9  -04 04 26  +000893.3 -000106.0  01 06 27.7  201.049 37.426  41.58  37831 16.6
2010-02-08  21:00:00  07 09 56.8  -04 22 16  +000894.5 -000108.0  01 06 33.5  200.985 37.132  39.57  37819 16.6
2010-02-08  21:10:00  07 19 53.6  -04 40 26  +000895.8 -000109.9  01 06 38.4  200.916 36.834  37.59  37806 16.6
2010-02-08  21:20:00  07 29 51.3  -04 58 54  +000897.2 -000111.6  01 06 42.3  200.841 36.532  35.68  37793 16.5
2010-02-08  21:30:00  07 39 49.9  -05 17 37  +000898.8 -000113.1  01 06 45.3  200.761 36.226  33.84  37778 16.5
2010-02-08  21:40:00  07 49 49.7  -05 36 34  +000900.4 -000114.3  01 06 47.2  200.675 35.918  32.09  37763 16.5
2010-02-08  21:50:00  07 59 50.5  -05 55 43  +000902.2 -000115.4  01 06 48.0  200.582 35.608  30.44  37746 16.5
2010-02-08  22:00:00  08 09 52.6  -06 15 02  +000904.1 -000116.3  01 06 47.5  200.484 35.296  28.91  37729 16.5
2010-02-08  22:10:00  08 19 56.0  -06 34 28  +000906.0 -000116.9  01 06 45.8  200.380 34.983  27.51  37711 16.5
2010-02-08  22:20:00  08 30 00.7  -06 54 00  +000908.1 -000117.4  01 06 42.8  200.269 34.671  26.28  37692 16.4
2010-02-08  22:30:00  08 40 06.8  -07 13 35  +000910.3 -000117.6  01 06 38.3  200.152 34.358  25.24  37673 16.4
2010-02-08  22:40:00  08 50 14.4  -07 33 11  +000912.6 -000117.6  01 06 32.3  200.029 34.047  24.41  37652 16.4
2010-02-08  22:50:00  09 00 23.6  -07 52 46  +000915.0 -000117.3  01 06 24.8  199.899 33.737  23.82  37631 16.4
2010-02-08  23:00:00  09 10 34.4  -08 12 17  +000917.4 -000116.9  01 06 15.6  199.763 33.430  23.49  37609 16.4
2010-02-08  23:10:00  09 20 46.9  -08 31 43  +000920.0 -000116.2  01 06 04.8  199.620 33.126  23.43  37587 16.4
2010-02-08  23:20:00  09 31 01.0  -08 51 00  +000922.6 -000115.3  01 05 52.3  199.471 32.825  23.63  37564 16.4
2010-02-08  23:30:00  09 41 17.0  -09 10 07  +000925.3 -000114.1  01 05 37.9  199.315 32.529  24.11  37540 16.4
2010-02-08  23:40:00  09 51 34.8  -09 29 01  +000928.1 -000112.7  01 05 21.8  199.152 32.238  24.84  37516 16.4
2010-02-08  23:50:00  10 01 54.5  -09 47 41  +000930.9 -000111.1  01 05 03.8  198.983 31.952  25.81  37492 16.4
2010-02-09  00:00:00  10 12 16.1  -10 06 02  +000933.8 -000109.2  01 04 43.8  198.808 31.673  26.98  37467 16.4
2010-02-09  00:10:00  10 22 39.6  -10 24 04  +000936.8 -000107.1  01 04 21.9  198.626 31.400  28.34  37441 16.4
2010-02-09  00:20:00  10 33 05.1  -10 41 44  +000939.8 -000104.8  01 03 58.0  198.438 31.135  29.86  37415 16.5
2010-02-09  00:30:00  10 43 32.6  -10 58 60  +000942.8 -000102.2  01 03 32.2  198.243 30.878  31.52  37389 16.5
2010-02-09  00:40:00  10 54 02.2  -11 15 48  +000945.8 -000099.4  01 03 04.3  198.042 30.629  33.29  37363 16.5
2010-02-09  00:50:00  11 04 33.7  -11 32 08  +000948.9 -000096.4  01 02 34.4  197.835 30.390  35.18  37336 16.5
2010-02-09  01:00:00  11 15 07.3  -11 47 56  +000951.9 -000093.2  01 02 02.4  197.622 30.161  37.14  37309 16.5
2010-02-09  01:10:00  11 25 43.0  -12 03 11  +000955.0 -000089.7  01 01 28.4  197.404 29.942  39.19  37282 16.5
2010-02-09  01:20:00  11 36 20.6  -12 17 50  +000958.0 -000086.0  01 00 52.4  197.179 29.734  41.29  37255 16.6
2010-02-09  01:30:00  11 47 00.3  -12 31 51  +000961.0 -000082.1  01 00 14.3  196.949 29.537  43.46  37227 16.6
2010-02-09  01:40:00  11 57 42.0  -12 45 12  +000964.0 -000078.1  00 59 34.3  196.714 29.353  45.67  37200 16.6
2010-02-09  01:50:00  12 08 25.6  -12 57 51  +000966.9 -000073.8  00 58 52.3  196.474 29.181  47.93  37173 16.7
2010-02-09  02:00:00  12 19 11.1  -13 09 47  +000969.7 -000069.3  00 58 08.5  196.229 29.021  50.22  37145 16.7
2010-02-09  02:10:00  12 29 58.5  -13 20 56  +000972.5 -000064.6  00 57 22.7  195.979 28.875  52.56  37118 16.7
2010-02-09  02:20:00  12 40 47.7  -13 31 19  +000975.1 -000059.8  00 56 35.2  195.725 28.743  54.91  37091 16.8
2010-02-09  02:30:00  12 51 38.6  -13 40 52  +000977.7 -000054.8  00 55 45.9  195.467 28.625  57.30  37065 16.8
2010-02-09  02:40:00  13 02 31.3  -13 49 34  +000980.2 -000049.6  00 54 54.9  195.205 28.521  59.70  37038 16.8
2010-02-09  02:50:00  13 13 25.5  -13 57 24  +000982.5 -000044.4  00 54 02.3  194.940 28.432  62.14  37012 16.9
2010-02-09  03:00:00  13 24 21.2  -14 04 21  +000984.7 -000038.9  00 53 08.2  194.672 28.358  64.58  36986 16.9
2010-02-09  03:10:00  13 35 18.4  -14 10 23  +000986.8 -000033.4  00 52 12.7  194.401 28.299  67.05  36961 17.0
2010-02-09  03:20:00  13 46 16.9  -14 15 29  +000988.7 -000027.8  00 51 15.8  194.127 28.256  69.53  36936 17.0
2010-02-09  03:30:00  13 57 16.6  -14 19 38  +000990.5 -000022.0  00 50 17.8  193.851 28.228  72.03  36912 17.1
2010-02-09  03:40:00  14 08 17.5  -14 22 49  +000992.1 -000016.2  00 49 18.5  193.574 28.216  74.53  36888 17.1
2010-02-09  03:50:00  14 19 19.3  -14 25 02  +000993.5 -000010.4  00 48 18.3  193.295 28.220  77.06  36865 17.2
2010-02-09  04:00:00  14 30 22.1  -14 26 16  +000994.8 -000004.4  00 47 17.2  193.015 28.239  79.59  36842 17.2
2010-02-09  04:10:00  14 41 25.6  -14 26 31  +000995.8 +000001.5  00 46 15.3  192.734 28.275  82.14  36820 17.3

   Date        UTC        RA         DECL      RARate   DeclRate    HourAng      Az     Um    Phase  Range  Mag
2010-02-09  16:20:00  03 28 21.9  +00 10 45  +000890.5 -000023.6  00 11 18.9  183.915 43.715  91.04  37642 17.6
2010-02-09  16:30:00  03 38 15.4  +00 06 24  +000889.9 -000028.5  00 11 27.1  183.958 43.641  88.66  37654 17.5
2010-02-09  16:40:00  03 48 08.4  +00 01 15  +000889.3 -000033.3  00 11 35.7  184.001 43.554  86.30  37666 17.5
2010-02-09  16:50:00  03 58 01.1  -00 04 41  +000888.8 -000038.0  00 11 44.7  184.046 43.453  83.94  37677 17.4
2010-02-09  17:00:00  04 07 53.5  -00 11 24  +000888.3 -000042.6  00 11 53.9  184.092 43.339  81.59  37687 17.3
2010-02-09  17:10:00  04 17 45.6  -00 18 54  +000888.0 -000047.2  00 12 03.4  184.138 43.213  79.24  37695 17.3
2010-02-09  17:20:00  04 27 37.5  -00 27 08  +000887.7 -000051.7  00 12 13.2  184.184 43.073  76.90  37702 17.2
2010-02-09  17:30:00  04 37 29.2  -00 36 07  +000887.4 -000056.1  00 12 23.1  184.230 42.922  74.56  37708 17.2
2010-02-09  17:40:00  04 47 20.8  -00 45 50  +000887.3 -000060.4  00 12 33.2  184.276 42.758  72.24  37713 17.1
2010-02-09  17:50:00  04 57 12.3  -00 56 15  +000887.2 -000064.6  00 12 43.4  184.321 42.582  69.92  37717 17.1
2010-02-09  18:00:00  05 07 03.7  -01 07 21  +000887.1 -000068.6  00 12 53.6  184.366 42.395  67.61  37720 17.0
2010-02-09  18:10:00  05 16 55.1  -01 19 07  +000887.2 -000072.6  00 13 03.8  184.409 42.197  65.31  37721 17.0
2010-02-09  18:20:00  05 26 46.7  -01 31 32  +000887.4 -000076.4  00 13 13.9  184.451 41.988  63.02  37722 16.9
2010-02-09  18:30:00  05 36 38.3  -01 44 35  +000887.6 -000080.1  00 13 23.9  184.491 41.769  60.74  37721 16.9
2010-02-09  18:40:00  05 46 30.2  -01 58 14  +000887.9 -000083.7  00 13 33.7  184.529 41.540  58.48  37719 16.9
2010-02-09  18:50:00  05 56 22.2  -02 12 27  +000888.3 -000087.1  00 13 43.3  184.565 41.301  56.22  37716 16.8
2010-02-09  19:00:00  06 06 14.6  -02 27 14  +000888.8 -000090.3  00 13 52.5  184.598 41.053  53.99  37712 16.8
2010-02-09  19:10:00  06 16 07.4  -02 42 33  +000889.4 -000093.4  00 14 01.4  184.628 40.796  51.77  37707 16.7
2010-02-09  19:20:00  06 26 00.6  -02 58 23  +000890.1 -000096.4  00 14 09.9  184.655 40.530  49.58  37700 16.7
2010-02-09  19:30:00  06 35 54.3  -03 14 40  +000891.0 -000099.2  00 14 17.8  184.678 40.257  47.40  37693 16.7
2010-02-09  19:40:00  06 45 48.5  -03 31 25  +000891.9 -000101.8  00 14 25.2  184.698 39.977  45.26  37685 16.6
2010-02-09  19:50:00  06 55 43.4  -03 48 35  +000892.9 -000104.2  00 14 31.9  184.713 39.690  43.14  37675 16.6
2010-02-09  20:00:00  07 05 39.1  -04 06 08  +000894.0 -000106.4  00 14 37.9  184.724 39.396  41.08  37665 16.6
2010-02-09  20:10:00  07 15 35.5  -04 24 03  +000895.2 -000108.5  00 14 43.2  184.730 39.097  39.04  37654 16.6
2010-02-09  20:20:00  07 25 32.7  -04 42 18  +000896.6 -000110.4  00 14 47.6  184.731 38.792  37.08  37641 16.5
2010-02-09  20:30:00  07 35 30.9  -05 00 50  +000898.0 -000112.1  00 14 51.0  184.727 38.483  35.16  37628 16.5
2010-02-09  20:40:00  07 45 30.1  -05 19 38  +000899.6 -000113.5  00 14 53.5  184.717 38.170  33.32  37614 16.5
2010-02-09  20:50:00  07 55 30.4  -05 38 40  +000901.2 -000114.8  00 14 54.9  184.701 37.853  31.57  37600 16.5
2010-02-09  21:00:00  08 05 31.8  -05 57 54  +000903.0 -000115.9  00 14 55.1  184.680 37.533  29.92  37584 16.5
2010-02-09  21:10:00  08 15 34.4  -06 17 17  +000904.9 -000116.7  00 14 54.1  184.651 37.210  28.39  37567 16.5
2010-02-09  21:20:00  08 25 38.3  -06 36 48  +000906.9 -000117.4  00 14 51.9  184.617 36.886  27.01  37550 16.4
2010-02-09  21:30:00  08 35 43.5  -06 56 24  +000908.9 -000117.8  00 14 48.2  184.576 36.561  25.80  37532 16.4
2010-02-09  21:40:00  08 45 50.2  -07 16 03  +000911.1 -000118.0  00 14 43.2  184.527 36.235  24.78  37514 16.4
2010-02-09  21:50:00  08 55 58.4  -07 35 42  +000913.4 -000117.9  00 14 36.7  184.472 35.909  23.98  37495 16.4
2010-02-09  22:00:00  09 06 08.1  -07 55 21  +000915.8 -000117.7  00 14 28.6  184.409 35.584  23.43  37475 16.4
2010-02-09  22:10:00  09 16 19.5  -08 14 55  +000918.3 -000117.2  00 14 18.9  184.339 35.260  23.14  37454 16.4
2010-02-09  22:20:00  09 26 32.5  -08 34 24  +000920.8 -000116.5  00 14 07.5  184.261 34.939  23.12  37433 16.4
2010-02-09  22:30:00  09 36 47.2  -08 53 44  +000923.4 -000115.5  00 13 54.4  184.175 34.620  23.38  37412 16.4
2010-02-09  22:40:00  09 47 03.8  -09 12 54  +000926.1 -000114.3  00 13 39.5  184.081 34.304  23.91  37390 16.4
2010-02-09  22:50:00  09 57 22.1  -09 31 50  +000928.9 -000112.9  00 13 22.8  183.980 33.992  24.70  37368 16.4
2010-02-09  23:00:00  10 07 42.3  -09 50 31  +000931.8 -000111.2  00 13 04.3  183.870 33.684  25.71  37345 16.4
2010-02-09  23:10:00  10 18 04.4  -10 08 54  +000934.6 -000109.3  00 12 43.8  183.752 33.382  26.94  37322 16.4
2010-02-09  23:20:00  10 28 28.5  -10 26 58  +000937.6 -000107.2  00 12 21.3  183.626 33.086  28.34  37299 16.4
2010-02-09  23:30:00  10 38 54.6  -10 44 38  +000940.5 -000104.8  00 11 56.9  183.492 32.796  29.90  37276 16.5
2010-02-09  23:40:00  10 49 22.6  -11 01 54  +000943.5 -000102.2  00 11 30.6  183.350 32.513  31.59  37252 16.5
2010-02-09  23:50:00  10 59 52.6  -11 18 42  +000946.6 -000099.4  00 11 02.2  183.199 32.238  33.41  37228 16.5
2010-02-10  00:00:00  11 10 24.7  -11 35 01  +000949.6 -000096.4  00 10 31.8  183.040 31.971  35.32  37204 16.5
2010-02-10  00:10:00  11 20 58.7  -11 50 48  +000952.6 -000093.1  00 09 59.4  182.873 31.713  37.32  37180 16.5
2010-02-10  00:20:00  11 31 34.8  -12 06 02  +000955.6 -000089.6  00 09 24.9  182.698 31.464  39.38  37155 16.5
2010-02-10  00:30:00  11 42 12.9  -12 20 39  +000958.6 -000085.8  00 08 48.5  182.516 31.225  41.52  37131 16.6
2010-02-10  00:40:00  11 52 52.9  -12 34 38  +000961.6 -000081.9  00 08 10.1  182.325 30.997  43.69  37107 16.6
2010-02-10  00:50:00  12 03 35.0  -12 47 57  +000964.5 -000077.8  00 07 29.7  182.127 30.780  45.93  37083 16.6
2010-02-10  01:00:00  12 14 18.9  -13 00 33  +000967.3 -000073.4  00 06 47.4  181.921 30.574  48.20  37059 16.7
2010-02-10  01:10:00  12 25 04.7  -13 12 25  +000970.1 -000068.9  00 06 03.2  181.708 30.380  50.52  37035 16.7
2010-02-10  01:20:00  12 35 52.4  -13 23 31  +000972.8 -000064.2  00 05 17.2  181.488 30.199  52.85  37012 16.7
2010-02-10  01:30:00  12 46 41.8  -13 33 49  +000975.4 -000059.3  00 04 29.4  181.260 30.031  55.23  36988 16.8
2010-02-10  01:40:00  12 57 32.9  -13 43 17  +000978.0 -000054.3  00 03 39.9  181.027 29.875  57.62  36965 16.8
2010-02-10  01:50:00  13 08 25.7  -13 51 55  +000980.4 -000049.1  00 02 48.8  180.786 29.734  60.04  36942 16.8
2010-02-10  02:00:00  13 19 20.1  -13 59 40  +000982.6 -000043.8  00 01 56.1  180.540 29.607  62.47  36920 16.9
2010-02-10  02:10:00  13 30 15.9  -14 06 31  +000984.8 -000038.4  00 01 01.9  180.287 29.494  64.94  36898 16.9
2010-02-10  02:20:00  13 41 13.1  -14 12 27  +000986.8 -000032.8  00 00 06.3  180.029 29.395  67.41  36876 17.0
2010-02-10  02:30:00  13 52 11.6  -14 17 27  +000988.6 -000027.1  23 59 09.5  179.766 29.312  69.90  36855 17.0
2010-02-10  02:40:00  14 03 11.2  -14 21 30  +000990.3 -000021.4  23 58 11.5  179.498 29.243  72.40  36835 17.1
2010-02-10  02:50:00  14 14 12.0  -14 24 35  +000991.9 -000015.6  23 57 12.4  179.225 29.190  74.92  36815 17.1
2010-02-10  03:00:00  14 25 13.7  -14 26 41  +000993.2 -000009.7  23 56 12.3  178.948 29.152  77.44  36796 17.2
2010-02-10  03:10:00  14 36 16.3  -14 27 48  +000994.4 -000003.8  23 55 11.4  178.667 29.129  79.98  36777 17.3
2010-02-10  03:20:00  14 47 19.6  -14 27 57  +000995.4 +000002.2  23 54 09.7  178.382 29.123  82.52  36759 17.3
2010-02-10  03:30:00  14 58 23.5  -14 27 05  +000996.2 +000008.1  23 53 07.5  178.094 29.131  85.09  36742 17.4
2010-02-10  03:40:00  15 09 27.8  -14 25 14  +000996.9 +000014.1  23 52 04.7  177.804 29.156  87.64  36726 17.5
2010-02-10  03:50:00  15 20 32.6  -14 22 23  +000997.3 +000020.0  23 51 01.6  177.511 29.196  90.22  36710 17.5
2010-02-10  04:00:00  15 31 37.5  -14 18 34  +000997.6 +000025.9  23 49 58.3  177.215 29.251  92.79  36696 17.6
2010-02-10  04:10:00  15 42 42.6  -14 13 46  +000997.7 +000031.8  23 48 54.9  176.919 29.322  95.38  36682 17.7

   Date        UTC        RA         DECL      RARate   DeclRate    HourAng      Az     Um    Phase  Range  Mag
2010-02-10  16:20:00  04 23 21.0  -00 19 22  +000888.6 -000047.3  23 20 16.4  166.478 42.472  78.80  37734 17.3
2010-02-10  16:30:00  04 33 13.4  -00 27 37  +000888.3 -000051.7  23 20 25.7  166.559 42.342  76.45  37741 17.2
2010-02-10  16:40:00  04 43 05.5  -00 36 37  +000888.1 -000056.1  23 20 35.2  166.644 42.201  74.12  37746 17.2
2010-02-10  16:50:00  04 52 57.6  -00 46 19  +000887.9 -000060.4  23 20 44.8  166.732 42.047  71.78  37751 17.1
2010-02-10  17:00:00  05 02 49.5  -00 56 44  +000887.9 -000064.6  23 20 54.5  166.823 41.882  69.46  37754 17.1
2010-02-10  17:10:00  05 12 41.4  -01 07 51  +000887.8 -000068.6  23 21 04.2  166.916 41.706  67.14  37757 17.0
2010-02-10  17:20:00  05 22 33.3  -01 19 37  +000887.9 -000072.6  23 21 14.0  167.010 41.518  64.84  37758 17.0
2010-02-10  17:30:00  05 32 25.3  -01 32 02  +000888.1 -000076.4  23 21 23.6  167.106 41.320  62.53  37758 16.9
2010-02-10  17:40:00  05 42 17.5  -01 45 05  +000888.3 -000080.1  23 21 33.1  167.202 41.111  60.25  37757 16.9
2010-02-10  17:50:00  05 52 09.8  -01 58 43  +000888.7 -000083.6  23 21 42.4  167.299 40.892  57.97  37755 16.8
2010-02-10  18:00:00  06 02 02.4  -02 12 57  +000889.1 -000087.0  23 21 51.5  167.395 40.664  55.72  37751 16.8
2010-02-10  18:10:00  06 11 55.2  -02 27 44  +000889.6 -000090.3  23 22 00.3  167.491 40.426  53.47  37747 16.8
2010-02-10  18:20:00  06 21 48.5  -02 43 02  +000890.2 -000093.4  23 22 08.6  167.586 40.178  51.26  37742 16.7
2010-02-10  18:30:00  06 31 42.2  -02 58 51  +000890.9 -000096.3  23 22 16.6  167.680 39.923  49.05  37735 16.7
2010-02-10  18:40:00  06 41 36.4  -03 15 09  +000891.7 -000099.1  23 22 24.0  167.772 39.659  46.87  37728 16.7
2010-02-10  18:50:00  06 51 31.2  -03 31 53  +000892.7 -000101.7  23 22 30.8  167.861 39.387  44.72  37720 16.6
2010-02-10  19:00:00  07 01 26.7  -03 49 02  +000893.7 -000104.1  23 22 37.0  167.947 39.108  42.61  37710 16.6
2010-02-10  19:10:00  07 11 22.8  -04 06 35  +000894.8 -000106.4  23 22 42.5  168.030 38.822  40.53  37700 16.6
2010-02-10  19:20:00  07 21 19.7  -04 24 29  +000896.0 -000108.4  23 22 47.3  168.110 38.529  38.50  37689 16.6
2010-02-10  19:30:00  07 31 17.5  -04 42 42  +000897.4 -000110.3  23 22 51.1  168.185 38.231  36.51  37677 16.5
2010-02-10  19:40:00  07 41 16.2  -05 01 14  +000898.8 -000111.9  23 22 54.0  168.256 37.927  34.60  37664 16.5
2010-02-10  19:50:00  07 51 16.0  -05 20 01  +000900.4 -000113.4  23 22 55.9  168.322 37.618  32.76  37651 16.5
2010-02-10  20:00:00  08 01 16.8  -05 39 01  +000902.0 -000114.7  23 22 56.8  168.382 37.305  31.01  37636 16.5
2010-02-10  20:10:00  08 11 18.7  -05 58 13  +000903.8 -000115.7  23 22 56.5  168.436 36.988  29.36  37621 16.5
2010-02-10  20:20:00  08 21 21.9  -06 17 34  +000905.7 -000116.5  23 22 55.0  168.484 36.667  27.84  37605 16.5
2010-02-10  20:30:00  08 31 26.3  -06 37 03  +000907.7 -000117.2  23 22 52.2  168.526 36.344  26.47  37589 16.4
2010-02-10  20:40:00  08 41 32.1  -06 56 37  +000909.7 -000117.6  23 22 48.0  168.560 36.019  25.27  37572 16.4
2010-02-10  20:50:00  08 51 39.3  -07 16 13  +000911.9 -000117.7  23 22 42.4  168.588 35.692  24.27  37554 16.4
2010-02-10  21:00:00  09 01 48.0  -07 35 51  +000914.2 -000117.7  23 22 35.4  168.608 35.364  23.50  37536 16.4
2010-02-10  21:10:00  09 11 58.3  -07 55 26  +000916.6 -000117.4  23 22 26.8  168.619 35.036  22.98  37518 16.4
2010-02-10  21:20:00  09 22 10.1  -08 14 58  +000919.0 -000116.9  23 22 16.6  168.623 34.708  22.74  37499 16.4
2010-02-10  21:30:00  09 32 23.6  -08 34 23  +000921.6 -000116.1  23 22 04.7  168.618 34.380  22.77  37479 16.4
2010-02-10  21:40:00  09 42 38.9  -08 53 40  +000924.2 -000115.2  23 21 51.1  168.605 34.054  23.09  37459 16.4
2010-02-10  21:50:00  09 52 55.9  -09 12 45  +000926.9 -000113.9  23 21 35.7  168.582 33.731  23.68  37439 16.4
2010-02-10  22:00:00  10 03 14.7  -09 31 38  +000929.6 -000112.5  23 21 18.6  168.551 33.409  24.51  37418 16.4
2010-02-10  22:10:00  10 13 35.4  -09 50 15  +000932.4 -000110.8  23 20 59.6  168.510 33.091  25.59  37398 16.4
2010-02-10  22:20:00  10 23 57.9  -10 08 33  +000935.3 -000108.9  23 20 38.7  168.459 32.777  26.86  37377 16.4
2010-02-10  22:30:00  10 34 22.4  -10 26 31  +000938.2 -000106.7  23 20 15.8  168.399 32.467  28.31  37355 16.4
2010-02-10  22:40:00  10 44 48.8  -10 44 06  +000941.1 -000104.3  23 19 51.0  168.330 32.163  29.91  37334 16.5
2010-02-10  22:50:00  10 55 17.2  -11 01 17  +000944.1 -000101.7  23 19 24.3  168.250 31.864  31.65  37313 16.5
2010-02-10  23:00:00  11 05 47.5  -11 17 59  +000947.0 -000098.8  23 18 55.6  168.160 31.571  33.49  37291 16.5
2010-02-10  23:10:00  11 16 19.9  -11 34 12  +000950.0 -000095.7  23 18 24.9  168.061 31.286  35.44  37270 16.5
2010-02-10  23:20:00  11 26 54.2  -11 49 54  +000953.0 -000092.4  23 17 52.2  167.951 31.008  37.46  37248 16.5
2010-02-10  23:30:00  11 37 30.5  -12 05 00  +000956.0 -000088.9  23 17 17.5  167.832 30.738  39.56  37227 16.5
2010-02-10  23:40:00  11 48 08.8  -12 19 31  +000958.9 -000085.1  23 16 40.9  167.703 30.476  41.71  37205 16.6
2010-02-10  23:50:00  11 58 49.0  -12 33 23  +000961.8 -000081.2  23 16 02.3  167.563 30.224  43.92  37184 16.6
2010-02-11  00:00:00  12 09 31.2  -12 46 34  +000964.6 -000077.0  23 15 21.8  167.414 29.982  46.16  37163 16.6
2010-02-11  00:10:00  12 20 15.2  -12 59 03  +000967.4 -000072.7  23 14 39.4  167.255 29.749  48.46  37142 16.7
2010-02-11  00:20:00  12 31 01.1  -13 10 48  +000970.1 -000068.2  23 13 55.2  167.087 29.528  50.77  37121 16.7
2010-02-11  00:30:00  12 41 48.7  -13 21 46  +000972.8 -000063.5  23 13 09.2  166.909 29.318  53.14  37101 16.7
2010-02-11  00:40:00  12 52 38.1  -13 31 56  +000975.3 -000058.6  23 12 21.5  166.722 29.119  55.51  37081 16.8
2010-02-11  00:50:00  13 03 29.1  -13 41 17  +000977.8 -000053.5  23 11 32.1  166.525 28.933  57.93  37062 16.8
2010-02-11  01:00:00  13 14 21.7  -13 49 46  +000980.1 -000048.3  23 10 41.1  166.320 28.759  60.35  37042 16.8
2010-02-11  01:10:00  13 25 15.9  -13 57 23  +000982.3 -000043.0  23 09 48.6  166.106 28.598  62.80  37024 16.9
2010-02-11  01:20:00  13 36 11.4  -14 04 06  +000984.4 -000037.6  23 08 54.7  165.883 28.450  65.26  37005 16.9
2010-02-11  01:30:00  13 47 08.3  -14 09 54  +000986.3 -000032.0  23 07 59.5  165.653 28.316  67.75  36988 17.0
2010-02-11  01:40:00  13 58 06.4  -14 14 47  +000988.1 -000026.4  23 07 03.0  165.414 28.195  70.24  36970 17.0
2010-02-11  01:50:00  14 09 05.7  -14 18 41  +000989.7 -000020.6  23 06 05.4  165.168 28.089  72.75  36954 17.1
2010-02-11  02:00:00  14 20 05.9  -14 21 39  +000991.1 -000014.8  23 05 06.8  164.915 27.997  75.27  36938 17.1
2010-02-11  02:10:00  14 31 07.1  -14 23 38  +000992.4 -000009.0  23 04 07.2  164.655 27.920  77.81  36922 17.2
2010-02-11  02:20:00  14 42 09.1  -14 24 38  +000993.5 -000003.1  23 03 06.9  164.388 27.857  80.34  36908 17.3
2010-02-11  02:30:00  14 53 11.8  -14 24 39  +000994.4 +000002.9  23 02 05.8  164.115 27.809  82.90  36894 17.3
2010-02-11  02:40:00  15 04 15.0  -14 23 41  +000995.2 +000008.8  23 01 04.3  163.835 27.776  85.45  36881 17.4
2010-02-11  02:50:00  15 15 18.7  -14 21 44  +000995.8 +000014.7  23 00 02.2  163.551 27.758  88.02  36868 17.5
2010-02-11  03:00:00  15 26 22.6  -14 18 47  +000996.1 +000020.6  22 58 59.9  163.261 27.755  90.59  36857 17.6
2010-02-11  03:10:00  15 37 26.8  -14 14 52  +000996.3 +000026.4  22 57 57.4  162.967 27.767  93.18  36846 17.6
2010-02-11  03:20:00  15 48 31.0  -14 09 59  +000996.3 +000032.2  22 56 54.8  162.668 27.793  95.75  36836 17.7
2010-02-11  03:30:00  15 59 35.2  -14 04 08  +000996.2 +000038.0  22 55 52.3  162.366 27.834  98.35  36827 17.8
2010-02-11  03:40:00  16 10 39.2  -13 57 20  +000995.8 +000043.6  22 54 49.9  162.059 27.890 100.93  36819 17.9
2010-02-11  03:50:00  16 21 42.9  -13 49 36  +000995.3 +000049.1  22 53 47.8  161.750 27.960 103.54  36812 18.0
2010-02-11  04:00:00  16 32 46.2  -13 40 58  +000994.6 +000054.6  22 52 46.2  161.438 28.045 106.13  36806 18.1
2010-02-11  04:10:00  16 43 49.0  -13 31 26  +000993.8 +000059.8  22 51 45.0  161.124 28.143 108.74  36801 18.2

   Date        UTC        RA         DECL      RARate   DeclRate    HourAng      Az     Um    Phase  Range  Mag
2010-02-11  16:20:00  05 18 05.9  -01 08 01  +000888.6 -000068.3  22 29 28.1  150.566 38.469  66.72  37991 17.0
2010-02-11  16:30:00  05 27 58.4  -01 19 43  +000888.7 -000072.2  22 29 37.3  150.696 38.298  64.40  37992 17.0
2010-02-11  16:40:00  05 37 50.9  -01 32 05  +000888.9 -000076.0  22 29 46.4  150.830 38.117  62.10  37991 16.9
2010-02-11  16:50:00  05 47 43.5  -01 45 03  +000889.1 -000079.7  22 29 55.4  150.967 37.926  59.80  37990 16.9
2010-02-11  17:00:00  05 57 36.4  -01 58 38  +000889.5 -000083.2  22 30 04.1  151.106 37.725  57.53  37988 16.9
2010-02-11  17:10:00  06 07 29.5  -02 12 47  +000889.9 -000086.6  22 30 12.7  151.248 37.514  55.26  37984 16.8
2010-02-11  17:20:00  06 17 22.9  -02 27 29  +000890.4 -000089.8  22 30 20.9  151.391 37.295  53.01  37980 16.8
2010-02-11  17:30:00  06 27 16.8  -02 42 43  +000891.0 -000092.9  22 30 28.7  151.534 37.066  50.77  37974 16.7
2010-02-11  17:40:00  06 37 11.0  -02 58 26  +000891.7 -000095.8  22 30 36.1  151.678 36.828  48.57  37968 16.7
2010-02-11  17:50:00  06 47 05.8  -03 14 38  +000892.5 -000098.5  22 30 43.0  151.822 36.582  46.38  37961 16.7
2010-02-11  18:00:00  06 57 01.1  -03 31 16  +000893.5 -000101.1  22 30 49.3  151.965 36.329  44.23  37952 16.6
2010-02-11  18:10:00  07 06 57.1  -03 48 20  +000894.5 -000103.5  22 30 54.9  152.107 36.067  42.10  37943 16.6
2010-02-11  18:20:00  07 16 53.8  -04 05 46  +000895.6 -000105.7  22 30 59.9  152.247 35.799  40.02  37933 16.6
2010-02-11  18:30:00  07 26 51.3  -04 23 33  +000896.8 -000107.8  22 31 04.1  152.384 35.524  37.97  37922 16.6
2010-02-11  18:40:00  07 36 49.6  -04 41 40  +000898.2 -000109.6  22 31 07.4  152.519 35.242  35.99  37910 16.5
2010-02-11  18:50:00  07 46 48.9  -05 00 05  +000899.6 -000111.2  22 31 09.8  152.650 34.955  34.06  37898 16.5
2010-02-11  19:00:00  07 56 49.1  -05 18 44  +000901.2 -000112.7  22 31 11.1  152.777 34.661  32.22  37885 16.5
2010-02-11  19:10:00  08 06 50.4  -05 37 37  +000902.8 -000113.9  22 31 11.5  152.899 34.363  30.46  37871 16.5
2010-02-11  19:20:00  08 16 52.9  -05 56 42  +000904.6 -000114.9  22 31 10.6  153.016 34.061  28.81  37856 16.5
2010-02-11  19:30:00  08 26 56.6  -06 15 55  +000906.4 -000115.7  22 31 08.6  153.128 33.754  27.29  37841 16.5
2010-02-11  19:40:00  08 37 01.5  -06 35 16  +000908.4 -000116.3  22 31 05.3  153.233 33.443  25.93  37826 16.4
2010-02-11  19:50:00  08 47 07.8  -06 54 41  +000910.5 -000116.7  22 31 00.7  153.332 33.130  24.74  37809 16.4
2010-02-11  20:00:00  08 57 15.5  -07 14 09  +000912.6 -000116.9  22 30 54.6  153.424 32.814  23.76  37793 16.4
2010-02-11  20:10:00  09 07 24.7  -07 33 38  +000914.9 -000116.8  22 30 47.1  153.509 32.495  23.01  37775 16.4
2010-02-11  20:20:00  09 17 35.4  -07 53 04  +000917.2 -000116.5  22 30 38.0  153.586 32.176  22.52  37758 16.4
2010-02-11  20:30:00  09 27 47.6  -08 12 26  +000919.6 -000115.9  22 30 27.4  153.655 31.855  22.31  37740 16.4
2010-02-11  20:40:00  09 38 01.6  -08 31 42  +000922.1 -000115.2  22 30 15.1  153.715 31.534  22.39  37722 16.4
2010-02-11  20:50:00  09 48 17.2  -08 50 49  +000924.7 -000114.2  22 30 01.1  153.766 31.213  22.75  37703 16.4
2010-02-11  21:00:00  09 58 34.5  -09 09 45  +000927.4 -000112.9  22 29 45.4  153.807 30.893  23.39  37684 16.4
2010-02-11  21:10:00  10 08 53.7  -09 28 27  +000930.1 -000111.5  22 29 27.9  153.840 30.575  24.28  37665 16.4
2010-02-11  21:20:00  10 19 14.7  -09 46 54  +000932.8 -000109.8  22 29 08.6  153.862 30.258  25.40  37646 16.4
2010-02-11  21:30:00  10 29 37.5  -10 05 02  +000935.7 -000107.8  22 28 47.4  153.874 29.943  26.72  37627 16.4
2010-02-11  21:40:00  10 40 02.2  -10 22 49  +000938.5 -000105.6  22 28 24.3  153.876 29.632  28.21  37607 16.5
2010-02-11  21:50:00  10 50 28.8  -10 40 14  +000941.4 -000103.2  22 27 59.3  153.867 29.325  29.86  37588 16.5
2010-02-11  22:00:00  11 00 57.4  -10 57 13  +000944.3 -000100.6  22 27 32.4  153.847 29.021  31.63  37568 16.5
2010-02-11  22:10:00  11 11 27.9  -11 13 45  +000947.2 -000097.7  22 27 03.6  153.817 28.723  33.52  37549 16.5
2010-02-11  22:20:00  11 22 00.3  -11 29 47  +000950.1 -000094.6  22 26 32.8  153.775 28.430  35.48  37530 16.5
2010-02-11  22:30:00  11 32 34.7  -11 45 17  +000953.0 -000091.3  22 26 00.0  153.722 28.143  37.54  37511 16.5
2010-02-11  22:40:00  11 43 11.1  -12 00 13  +000955.9 -000087.8  22 25 25.3  153.658 27.862  39.65  37492 16.6
2010-02-11  22:50:00  11 53 49.3  -12 14 32  +000958.8 -000084.0  22 24 48.8  153.583 27.589  41.83  37473 16.6
2010-02-11  23:00:00  12 04 29.4  -12 28 12  +000961.6 -000080.1  22 24 10.3  153.496 27.323  44.05  37454 16.6
2010-02-11  23:10:00  12 15 11.4  -12 41 13  +000964.4 -000075.9  22 23 29.9  153.398 27.066  46.32  37436 16.6
2010-02-11  23:20:00  12 25 55.2  -12 53 30  +000967.1 -000071.6  22 22 47.7  153.288 26.817  48.62  37418 16.7
2010-02-11  23:30:00  12 36 40.8  -13 05 04  +000969.7 -000067.1  22 22 03.8  153.168 26.577  50.96  37400 16.7
2010-02-11  23:40:00  12 47 28.2  -13 15 51  +000972.3 -000062.4  22 21 18.1  153.036 26.348  53.32  37383 16.7
2010-02-11  23:50:00  12 58 17.2  -13 25 51  +000974.7 -000057.5  22 20 30.7  152.893 26.128  55.72  37366 16.8
2010-02-12  00:00:00  13 09 07.8  -13 35 00  +000977.1 -000052.5  22 19 41.8  152.739 25.919  58.13  37350 16.8
2010-02-12  00:10:00  13 19 59.9  -13 43 19  +000979.3 -000047.3  22 18 51.3  152.575 25.722  60.58  37334 16.9
2010-02-12  00:20:00  13 30 53.5  -13 50 46  +000981.4 -000042.0  22 17 59.3  152.400 25.535  63.03  37318 16.9
2010-02-12  00:30:00  13 41 48.5  -13 57 20  +000983.4 -000036.6  22 17 06.0  152.214 25.361  65.51  37304 17.0
2010-02-12  00:40:00  13 52 44.7  -14 02 58  +000985.3 -000031.1  22 16 11.4  152.019 25.199  67.99  37289 17.0
2010-02-12  00:50:00  14 03 42.1  -14 07 41  +000987.0 -000025.5  22 15 15.6  151.813 25.049  70.50  37276 17.1
2010-02-12  01:00:00  14 14 40.6  -14 11 28  +000988.5 -000019.8  22 14 18.8  151.598 24.913  73.00  37263 17.1
2010-02-12  01:10:00  14 25 40.1  -14 14 17  +000989.8 -000014.0  22 13 21.0  151.374 24.789  75.54  37250 17.2
2010-02-12  01:20:00  14 36 40.4  -14 16 08  +000991.0 -000008.2  22 12 22.3  151.140 24.679  78.06  37238 17.2
2010-02-12  01:30:00  14 47 41.4  -14 17 01  +000992.1 -000002.4  22 11 22.9  150.898 24.583  80.62  37227 17.3
2010-02-12  01:40:00  14 58 43.1  -14 16 56  +000992.9 +000003.5  22 10 22.9  150.648 24.500  83.16  37217 17.4
2010-02-12  01:50:00  15 09 45.3  -14 15 52  +000993.6 +000009.3  22 09 22.3  150.389 24.431  85.73  37208 17.4
2010-02-12  02:00:00  15 20 47.8  -14 13 49  +000994.1 +000015.2  22 08 21.4  150.123 24.376  88.29  37199 17.5
2010-02-12  02:10:00  15 31 50.7  -14 10 48  +000994.4 +000021.0  22 07 20.2  149.850 24.335  90.88  37191 17.6
2010-02-12  02:20:00  15 42 53.7  -14 06 49  +000994.5 +000026.8  22 06 18.9  149.570 24.308  93.45  37184 17.7
2010-02-12  02:30:00  15 53 56.7  -14 01 52  +000994.5 +000032.5  22 05 17.5  149.283 24.295  96.04  37178 17.7
2010-02-12  02:40:00  16 04 59.6  -13 55 59  +000994.3 +000038.2  22 04 16.2  148.991 24.296  98.62  37173 17.8
2010-02-12  02:50:00  16 16 02.4  -13 49 09  +000993.9 +000043.7  22 03 15.1  148.693 24.311 101.22  37169 17.9
2010-02-12  03:00:00  16 27 04.8  -13 41 24  +000993.3 +000049.2  22 02 14.3  148.390 24.340 103.81  37165 18.0
2010-02-12  03:10:00  16 38 06.8  -13 32 46  +000992.6 +000054.5  22 01 14.0  148.082 24.382 106.42  37163 18.1
2010-02-12  03:20:00  16 49 08.2  -13 23 14  +000991.7 +000059.7  22 00 14.2  147.770 24.438 109.01  37161 18.2
2010-02-12  03:30:00  17 00 09.0  -13 12 52  +000990.7 +000064.8  21 59 15.0  147.454 24.507 111.62  37161 18.3
2010-02-12  03:40:00  17 11 09.1  -13 01 39  +000989.5 +000069.7  21 58 16.6  147.134 24.589 114.22  37161 18.4
2010-02-12  03:50:00  17 22 08.4  -12 49 39  +000988.2 +000074.4  21 57 18.9  146.812 24.683 116.83  37163 18.6
2010-02-12  04:00:00  17 33 06.7  -12 36 52  +000986.8 +000079.0  21 56 22.2  146.487 24.790 119.42  37165 18.7
2010-02-12  04:10:00  17 44 04.1  -12 23 20  +000985.3 +000083.3  21 55 26.5  146.159 24.909 122.03  37169 18.8

   Date        UTC        RA         DECL      RARate   DeclRate    HourAng      Az     Um    Phase  Range  Mag
2010-02-12  16:20:00  06 12 26.8  -02 11 60  +000890.7 -000085.7  21 39 03.7  136.968 32.350  54.91  38402 16.8
2010-02-12  16:30:00  06 22 20.8  -02 26 33  +000891.2 -000088.9  21 39 11.4  137.136 32.151  52.65  38397 16.8
2010-02-12  16:40:00  06 32 15.1  -02 41 37  +000891.9 -000091.9  21 39 18.7  137.306 31.944  50.41  38392 16.8
2010-02-12  16:50:00  06 42 09.9  -02 57 11  +000892.6 -000094.8  21 39 25.5  137.479 31.728  48.19  38385 16.7
2010-02-12  17:00:00  06 52 05.2  -03 13 13  +000893.4 -000097.5  21 39 31.9  137.652 31.503  46.00  38378 16.7
2010-02-12  17:10:00  07 02 01.1  -03 29 41  +000894.3 -000100.1  21 39 37.6  137.826 31.272  43.83  38370 16.7
2010-02-12  17:20:00  07 11 57.6  -03 46 34  +000895.3 -000102.4  21 39 42.7  138.001 31.032  41.70  38361 16.6
2010-02-12  17:30:00  07 21 54.9  -04 03 49  +000896.4 -000104.6  21 39 47.1  138.174 30.786  39.59  38351 16.6
2010-02-12  17:40:00  07 31 52.9  -04 21 25  +000897.6 -000106.6  21 39 50.7  138.347 30.532  37.55  38340 16.6
2010-02-12  17:50:00  07 41 51.8  -04 39 20  +000899.0 -000108.4  21 39 53.5  138.518 30.272  35.55  38329 16.6
2010-02-12  18:00:00  07 51 51.6  -04 57 32  +000900.4 -000110.0  21 39 55.4  138.686 30.006  33.62  38316 16.5
2010-02-12  18:10:00  08 01 52.3  -05 15 59  +000901.9 -000111.4  21 39 56.3  138.852 29.734  31.75  38303 16.5
2010-02-12  18:20:00  08 11 54.1  -05 34 39  +000903.5 -000112.6  21 39 56.1  139.014 29.456  29.99  38290 16.5
2010-02-12  18:30:00  08 21 57.1  -05 53 31  +000905.3 -000113.6  21 39 54.8  139.172 29.174  28.33  38276 16.5
2010-02-12  18:40:00  08 32 01.2  -06 12 31  +000907.1 -000114.4  21 39 52.3  139.325 28.887  26.81  38261 16.5
2010-02-12  18:50:00  08 42 06.6  -06 31 38  +000909.0 -000115.0  21 39 48.6  139.474 28.596  25.43  38246 16.5
2010-02-12  19:00:00  08 52 13.3  -06 50 49  +000911.1 -000115.3  21 39 43.5  139.616 28.301  24.24  38231 16.5
2010-02-12  19:10:00  09 02 21.4  -07 10 03  +000913.2 -000115.4  21 39 37.1  139.753 28.002  23.26  38215 16.5
2010-02-12  19:20:00  09 12 30.9  -07 29 17  +000915.4 -000115.3  21 39 29.2  139.883 27.701  22.52  38198 16.4
2010-02-12  19:30:00  09 22 41.9  -07 48 29  +000917.7 -000115.0  21 39 19.8  140.005 27.398  22.05  38181 16.4
2010-02-12  19:40:00  09 32 54.5  -08 07 37  +000920.1 -000114.5  21 39 08.8  140.120 27.092  21.87  38164 16.4
2010-02-12  19:50:00  09 43 08.8  -08 26 38  +000922.6 -000113.7  21 38 56.3  140.226 26.786  21.97  38147 16.4
2010-02-12  20:00:00  09 53 24.6  -08 45 30  +000925.1 -000112.7  21 38 42.0  140.324 26.478  22.37  38130 16.4
2010-02-12  20:10:00  10 03 42.2  -09 04 10  +000927.7 -000111.4  21 38 26.1  140.414 26.170  23.05  38112 16.4
2010-02-12  20:20:00  10 14 01.6  -09 22 37  +000930.3 -000109.9  21 38 08.4  140.493 25.862  23.97  38094 16.5
2010-02-12  20:30:00  10 24 22.7  -09 40 49  +000933.0 -000108.2  21 37 48.9  140.563 25.555  25.14  38077 16.5
2010-02-12  20:40:00  10 34 45.6  -09 58 41  +000935.8 -000106.3  21 37 27.6  140.623 25.249  26.49  38059 16.5
2010-02-12  20:50:00  10 45 10.4  -10 16 13  +000938.6 -000104.1  21 37 04.5  140.672 24.945  28.03  38041 16.5
2010-02-12  21:00:00  10 55 37.1  -10 33 22  +000941.4 -000101.7  21 36 39.5  140.711 24.644  29.70  38023 16.5
2010-02-12  21:10:00  11 06 05.6  -10 50 06  +000944.2 -000099.0  21 36 12.6  140.739 24.345  31.51  38005 16.5
2010-02-12  21:20:00  11 16 36.0  -11 06 23  +000947.1 -000096.2  21 35 43.8  140.755 24.050  33.41  37988 16.5
2010-02-12  21:30:00  11 27 08.4  -11 22 09  +000949.9 -000093.1  21 35 13.1  140.761 23.759  35.41  37971 16.5
2010-02-12  21:40:00  11 37 42.6  -11 37 24  +000952.7 -000089.8  21 34 40.5  140.754 23.472  37.48  37953 16.6
2010-02-12  21:50:00  11 48 18.7  -11 52 04  +000955.5 -000086.3  21 34 06.1  140.736 23.190  39.62  37936 16.6
2010-02-12  22:00:00  11 58 56.6  -12 06 09  +000958.3 -000082.5  21 33 29.7  140.706 22.914  41.80  37920 16.6
2010-02-12  22:10:00  12 09 36.4  -12 19 35  +000961.0 -000078.6  21 32 51.6  140.663 22.645  44.05  37904 16.6
2010-02-12  22:20:00  12 20 18.0  -12 32 20  +000963.7 -000074.5  21 32 11.7  140.609 22.382  46.33  37888 16.7
2010-02-12  22:30:00  12 31 01.4  -12 44 24  +000966.4 -000070.2  21 31 29.9  140.543 22.126  48.65  37872 16.7
2010-02-12  22:40:00  12 41 46.5  -12 55 43  +000968.9 -000065.7  21 30 46.5  140.465 21.878  50.99  37857 16.7
2010-02-12  22:50:00  12 52 33.2  -13 06 17  +000971.4 -000061.0  21 30 01.4  140.374 21.638  53.38  37842 16.8
2010-02-12  23:00:00  13 03 21.6  -13 16 04  +000973.7 -000056.2  21 29 14.7  140.271 21.407  55.77  37828 16.8
2010-02-12  23:10:00  13 14 11.5  -13 25 01  +000976.0 -000051.2  21 28 26.4  140.157 21.185  58.21  37814 16.9
2010-02-12  23:20:00  13 25 02.8  -13 33 08  +000978.1 -000046.1  21 27 36.7  140.031 20.973  60.64  37801 16.9
2010-02-12  23:30:00  13 35 55.6  -13 40 23  +000980.1 -000040.9  21 26 45.6  139.893 20.771  63.11  37789 16.9
2010-02-12  23:40:00  13 46 49.7  -13 46 45  +000982.0 -000035.5  21 25 53.1  139.743 20.580  65.58  37777 17.0
2010-02-12  23:50:00  13 57 44.9  -13 52 14  +000983.8 -000030.1  21 24 59.5  139.582 20.399  68.08  37765 17.0
2010-02-13  00:00:00  14 08 41.3  -13 56 47  +000985.4 -000024.5  21 24 04.8  139.410 20.229  70.58  37755 17.1
2010-02-13  00:10:00  14 19 38.7  -14 00 24  +000986.8 -000018.9  21 23 09.0  139.227 20.071  73.11  37745 17.1
2010-02-13  00:20:00  14 30 37.1  -14 03 05  +000988.1 -000013.2  21 22 12.3  139.033 19.925  75.63  37736 17.2
2010-02-13  00:30:00  14 41 36.2  -14 04 49  +000989.2 -000007.5  21 21 14.9  138.829 19.791  78.18  37727 17.3
2010-02-13  00:40:00  14 52 36.0  -14 05 35  +000990.2 -000001.7  21 20 16.7  138.615 19.670  80.72  37719 17.3
2010-02-13  00:50:00  15 03 36.4  -14 05 24  +000991.0 +000004.0  21 19 18.0  138.391 19.561  83.28  37712 17.4
2010-02-13  01:00:00  15 14 37.2  -14 04 15  +000991.6 +000009.8  21 18 18.7  138.158 19.464  85.84  37706 17.5
2010-02-13  01:10:00  15 25 38.4  -14 02 08  +000992.0 +000015.6  21 17 19.2  137.916 19.381  88.42  37701 17.5
2010-02-13  01:20:00  15 36 39.8  -13 59 04  +000992.2 +000021.3  21 16 19.4  137.665 19.310  90.98  37696 17.6
2010-02-13  01:30:00  15 47 41.4  -13 55 03  +000992.3 +000027.0  21 15 19.5  137.405 19.253  93.57  37692 17.7
2010-02-13  01:40:00  15 58 42.9  -13 50 05  +000992.2 +000032.6  21 14 19.6  137.138 19.209  96.15  37689 17.8
2010-02-13  01:50:00  16 09 44.3  -13 44 11  +000992.0 +000038.1  21 13 19.9  136.864 19.178  98.75  37687 17.9
2010-02-13  02:00:00  16 20 45.5  -13 37 22  +000991.6 +000043.6  21 12 20.3  136.583 19.160 101.33  37686 18.0
2010-02-13  02:10:00  16 31 46.3  -13 29 39  +000991.0 +000049.0  21 11 21.1  136.295 19.154 103.94  37686 18.0
2010-02-13  02:20:00  16 42 46.7  -13 21 03  +000990.2 +000054.2  21 10 22.4  136.000 19.162 106.53  37687 18.1
2010-02-13  02:30:00  16 53 46.6  -13 11 36  +000989.3 +000059.3  21 09 24.1  135.701 19.183 109.14  37689 18.3
2010-02-13  02:40:00  17 04 45.8  -13 01 18  +000988.3 +000064.3  21 08 26.5  135.396 19.216 111.73  37691 18.4
2010-02-13  02:50:00  17 15 44.3  -12 50 12  +000987.1 +000069.1  21 07 29.7  135.086 19.262 114.34  37695 18.5
2010-02-13  03:00:00  17 26 42.0  -12 38 18  +000985.8 +000073.7  21 06 33.7  134.772 19.319 116.93  37699 18.6
2010-02-13  03:10:00  17 37 38.7  -12 25 39  +000984.4 +000078.1  21 05 38.6  134.454 19.389 119.54  37704 18.7
2010-02-13  03:20:00  17 48 34.5  -12 12 16  +000982.9 +000082.4  21 04 44.4  134.133 19.470 122.14  37711 18.9
2010-02-13  03:30:00  17 59 29.2  -11 58 12  +000981.3 +000086.4  21 03 51.4  133.809 19.562 124.74  37718 19.0
2010-02-13  03:40:00  18 10 22.8  -11 43 28  +000979.5 +000090.3  21 02 59.4  133.483 19.665 127.34  37727 19.1
2010-02-13  03:50:00  18 21 15.3  -11 28 07  +000977.7 +000093.9  21 02 08.6  133.154 19.779 129.94  37736 19.3
2010-02-13  04:00:00  18 32 06.5  -11 12 11  +000975.8 +000097.3  21 01 19.0  132.825 19.902 132.52  37746 19.5
2010-02-13  04:10:00  18 42 56.4  -10 55 42  +000973.9 +000100.5  21 00 30.8  132.494 20.035 135.11  37757 19.6

   Date        UTC        RA         DECL      RARate   DeclRate    HourAng      Az     Um    Phase  Range  Mag
2010-02-13  16:20:00  07 06 17.1  -03 27 17  +000895.1 -000098.6  20 49 10.0  125.565 24.809  43.60  38948 16.7
2010-02-13  16:30:00  07 16 14.1  -03 43 55  +000896.1 -000100.9  20 49 14.6  125.754 24.590  41.44  38939 16.7
2010-02-13  16:40:00  07 26 11.9  -04 00 55  +000897.2 -000103.1  20 49 18.5  125.943 24.365  39.34  38930 16.6
2010-02-13  16:50:00  07 36 10.4  -04 18 15  +000898.4 -000105.0  20 49 21.6  126.132 24.132  37.26  38919 16.6
2010-02-13  17:00:00  07 46 09.8  -04 35 54  +000899.7 -000106.8  20 49 23.9  126.320 23.893  35.26  38908 16.6
2010-02-13  17:10:00  07 56 10.0  -04 53 50  +000901.1 -000108.3  20 49 25.3  126.507 23.648  33.30  38896 16.6
2010-02-13  17:20:00  08 06 11.2  -05 12 00  +000902.6 -000109.7  20 49 25.7  126.693 23.398  31.43  38884 16.6
2010-02-13  17:30:00  08 16 13.5  -05 30 23  +000904.2 -000110.9  20 49 25.1  126.875 23.141  29.64  38870 16.5
2010-02-13  17:40:00  08 26 16.8  -05 48 57  +000905.9 -000111.9  20 49 23.4  127.055 22.880  27.97  38857 16.5
2010-02-13  17:50:00  08 36 21.3  -06 07 40  +000907.7 -000112.6  20 49 20.6  127.231 22.613  26.42  38843 16.5
2010-02-13  18:00:00  08 46 27.1  -06 26 29  +000909.6 -000113.1  20 49 16.4  127.403 22.342  25.03  38828 16.5
2010-02-13  18:10:00  08 56 34.1  -06 45 22  +000911.6 -000113.5  20 49 11.1  127.570 22.067  23.82  38813 16.5
2010-02-13  18:20:00  09 06 42.5  -07 04 17  +000913.6 -000113.6  20 49 04.3  127.732 21.789  22.83  38797 16.5
2010-02-13  18:30:00  09 16 52.3  -07 23 13  +000915.8 -000113.5  20 48 56.1  127.888 21.507  22.08  38782 16.5
2010-02-13  18:40:00  09 27 03.6  -07 42 06  +000918.0 -000113.1  20 48 46.5  128.038 21.221  21.60  38766 16.5
2010-02-13  18:50:00  09 37 16.4  -08 00 55  +000920.4 -000112.6  20 48 35.3  128.181 20.934  21.41  38749 16.5
2010-02-13  19:00:00  09 47 30.8  -08 19 37  +000922.8 -000111.8  20 48 22.6  128.316 20.644  21.53  38733 16.5
2010-02-13  19:10:00  09 57 46.8  -08 38 09  +000925.2 -000110.7  20 48 08.2  128.443 20.353  21.94  38716 16.5
2010-02-13  19:20:00  10 08 04.4  -08 56 31  +000927.8 -000109.5  20 47 52.2  128.563 20.061  22.63  38700 16.5
2010-02-13  19:30:00  10 18 23.8  -09 14 38  +000930.4 -000108.0  20 47 34.5  128.673 19.768  23.59  38683 16.5
2010-02-13  19:40:00  10 28 44.9  -09 32 30  +000933.0 -000106.3  20 47 15.0  128.774 19.475  24.76  38666 16.5
2010-02-13  19:50:00  10 39 07.8  -09 50 04  +000935.7 -000104.4  20 46 53.8  128.866 19.182  26.15  38649 16.5
2010-02-13  20:00:00  10 49 32.5  -10 07 17  +000938.4 -000102.2  20 46 30.7  128.947 18.890  27.70  38633 16.5
2010-02-13  20:10:00  10 59 59.0  -10 24 07  +000941.1 -000099.8  20 46 05.8  129.018 18.599  29.41  38616 16.5
2010-02-13  20:20:00  11 10 27.3  -10 40 31  +000943.9 -000097.2  20 45 39.2  129.079 18.310  31.23  38600 16.5
2010-02-13  20:30:00  11 20 57.5  -10 56 29  +000946.6 -000094.3  20 45 10.6  129.128 18.023  33.16  38584 16.6
2010-02-13  20:40:00  11 31 29.5  -11 11 57  +000949.4 -000091.3  20 44 40.3  129.167 17.739  35.17  38568 16.6
2010-02-13  20:50:00  11 42 03.3  -11 26 54  +000952.1 -000088.0  20 44 08.1  129.193 17.459  37.26  38552 16.6
2010-02-13  21:00:00  11 52 39.0  -11 41 16  +000954.8 -000084.5  20 43 34.1  129.208 17.182  39.41  38537 16.6
2010-02-13  21:10:00  12 03 16.5  -11 55 03  +000957.5 -000080.8  20 42 58.3  129.211 16.910  41.62  38522 16.6
2010-02-13  21:20:00  12 13 55.7  -12 08 12  +000960.2 -000076.9  20 42 20.7  129.202 16.643  43.86  38508 16.7
2010-02-13  21:30:00  12 24 36.6  -12 20 41  +000962.7 -000072.8  20 41 41.4  129.181 16.381  46.16  38494 16.7
2010-02-13  21:40:00  12 35 19.3  -12 32 28  +000965.3 -000068.6  20 41 00.3  129.148 16.125  48.48  38480 16.7
2010-02-13  21:50:00  12 46 03.6  -12 43 32  +000967.7 -000064.1  20 40 17.7  129.102 15.876  50.85  38467 16.8
2010-02-13  22:00:00  12 56 49.6  -12 53 50  +000970.1 -000059.5  20 39 33.4  129.044 15.634  53.23  38454 16.8
2010-02-13  22:10:00  13 07 37.1  -13 03 22  +000972.3 -000054.8  20 38 47.5  128.973 15.399  55.64  38442 16.8
2010-02-13  22:20:00  13 18 26.0  -13 12 06  +000974.5 -000049.9  20 38 00.2  128.890 15.171  58.07  38431 16.9
2010-02-13  22:30:00  13 29 16.4  -13 19 60  +000976.6 -000044.9  20 37 11.5  128.795 14.953  60.53  38420 16.9
2010-02-13  22:40:00  13 40 08.0  -13 27 03  +000978.5 -000039.7  20 36 21.5  128.687 14.743  62.99  38410 17.0
2010-02-13  22:50:00  13 51 01.0  -13 33 13  +000980.3 -000034.4  20 35 30.2  128.567 14.542  65.48  38400 17.0
2010-02-13  23:00:00  14 01 55.0  -13 38 31  +000981.9 -000029.1  20 34 37.8  128.436 14.351  67.97  38391 17.1
2010-02-13  23:10:00  14 12 50.2  -13 42 54  +000983.5 -000023.6  20 33 44.3  128.292 14.169  70.48  38383 17.1
2010-02-13  23:20:00  14 23 46.3  -13 46 23  +000984.8 -000018.1  20 32 49.8  128.137 13.998  73.00  38376 17.2
2010-02-13  23:30:00  14 34 43.2  -13 48 56  +000986.0 -000012.5  20 31 54.5  127.970 13.838  75.54  38369 17.2
2010-02-13  23:40:00  14 45 40.9  -13 50 33  +000987.1 -000006.9  20 30 58.4  127.792 13.688  78.07  38363 17.3
2010-02-13  23:50:00  14 56 39.3  -13 51 13  +000987.9 -000001.2  20 30 01.8  127.603 13.550  80.63  38358 17.4
2010-02-14  00:00:00  15 07 38.1  -13 50 57  +000988.7 +000004.5  20 29 04.5  127.404 13.424  83.18  38353 17.4
2010-02-14  00:10:00  15 18 37.4  -13 49 44  +000989.2 +000010.1  20 28 06.9  127.195 13.308  85.75  38350 17.5
2010-02-14  00:20:00  15 29 37.0  -13 47 35  +000989.6 +000015.8  20 27 08.9  126.975 13.205  88.31  38347 17.6
2010-02-14  00:30:00  15 40 36.8  -13 44 29  +000989.8 +000021.4  20 26 10.7  126.746 13.114  90.90  38345 17.6
2010-02-14  00:40:00  15 51 36.7  -13 40 27  +000989.8 +000027.0  20 25 12.5  126.508 13.035  93.47  38344 17.7
2010-02-14  00:50:00  16 02 36.6  -13 35 30  +000989.7 +000032.5  20 24 14.3  126.261 12.968  96.06  38344 17.8
2010-02-14  01:00:00  16 13 36.3  -13 29 38  +000989.4 +000037.9  20 23 16.2  126.006 12.913  98.64  38345 17.9
2010-02-14  01:10:00  16 24 35.8  -13 22 53  +000989.0 +000043.2  20 22 18.4  125.743 12.871 101.24  38346 18.0
2010-02-14  01:20:00  16 35 34.9  -13 15 14  +000988.4 +000048.5  20 21 20.9  125.472 12.841 103.83  38349 18.1
2010-02-14  01:30:00  16 46 33.6  -13 06 44  +000987.6 +000053.6  20 20 23.9  125.194 12.823 106.44  38352 18.2
2010-02-14  01:40:00  16 57 31.7  -12 57 23  +000986.7 +000058.6  20 19 27.4  124.910 12.817 109.03  38356 18.3
2010-02-14  01:50:00  17 08 29.2  -12 47 13  +000985.7 +000063.4  20 18 31.6  124.620 12.823 111.63  38361 18.4
2010-02-14  02:00:00  17 19 25.9  -12 36 15  +000984.5 +000068.1  20 17 36.4  124.324 12.841 114.23  38367 18.5
2010-02-14  02:10:00  17 30 21.8  -12 24 32  +000983.3 +000072.6  20 16 42.2  124.023 12.870 116.84  38374 18.6
2010-02-14  02:20:00  17 41 16.9  -12 12 04  +000981.9 +000077.0  20 15 48.8  123.717 12.911 119.43  38382 18.8
2010-02-14  02:30:00  17 52 11.0  -11 58 53  +000980.4 +000081.1  20 14 56.3  123.407 12.963 122.04  38391 18.9
2010-02-14  02:40:00  18 03 04.0  -11 45 02  +000978.8 +000085.1  20 14 04.9  123.094 13.026 124.63  38400 19.0
2010-02-14  02:50:00  18 13 56.0  -11 30 32  +000977.1 +000088.8  20 13 14.6  122.777 13.100 127.23  38411 19.2
2010-02-14  03:00:00  18 24 46.8  -11 15 26  +000975.3 +000092.4  20 12 25.4  122.458 13.184 129.82  38422 19.3
2010-02-14  03:10:00  18 35 36.4  -10 59 46  +000973.5 +000095.7  20 11 37.5  122.137 13.277 132.41  38435 19.5
2010-02-14  03:20:00  18 46 24.7  -10 43 33  +000971.6 +000098.8  20 10 50.8  121.814 13.380 134.99  38448 19.7
2010-02-14  03:30:00  18 57 11.8  -10 26 51  +000969.6 +000101.6  20 10 05.3  121.489 13.492 137.58  38462 19.9
2010-02-14  03:40:00  19 07 57.6  -10 09 42  +000967.6 +000104.2  20 09 21.2  121.164 13.613 140.15  38477 20.1
2010-02-14  03:50:00  19 18 42.0  -09 52 08  +000965.6 +000106.6  20 08 38.4  120.839 13.742 142.72  38492 20.3
2010-02-14  04:00:00  19 29 25.1  -09 34 11  +000963.6 +000108.7  20 07 57.0  120.513 13.878 145.27  38509 20.5

   Date        UTC        RA         DECL      RARate   DeclRate    HourAng      Az     Um    Phase  Range  Mag
2010-02-14  16:20:00  07 59 33.8  -04 49 17  +000901.7 -000106.4  19 59 49.9  115.851 16.398  33.17  39607 16.6
2010-02-14  16:30:00  08 09 35.4  -05 07 07  +000903.1 -000107.7  19 59 49.9  116.044 16.165  31.27  39594 16.6
2010-02-14  16:40:00  08 19 38.0  -05 25 11  +000904.7 -000108.9  19 59 49.0  116.235 15.927  29.46  39581 16.6
2010-02-14  16:50:00  08 29 41.6  -05 43 24  +000906.3 -000109.8  19 59 46.9  116.424 15.684  27.75  39568 16.6
2010-02-14  17:00:00  08 39 46.5  -06 01 46  +000908.1 -000110.5  19 59 43.7  116.611 15.436  26.17  39554 16.5
2010-02-14  17:10:00  08 49 52.5  -06 20 14  +000909.9 -000111.0  19 59 39.4  116.794 15.183  24.75  39540 16.5
2010-02-14  17:20:00  08 59 59.8  -06 38 45  +000911.9 -000111.3  19 59 33.7  116.973 14.926  23.50  39525 16.5
2010-02-14  17:30:00  09 10 08.4  -06 57 19  +000913.9 -000111.4  19 59 26.8  117.147 14.665  22.47  39510 16.5
2010-02-14  17:40:00  09 20 18.3  -07 15 53  +000916.0 -000111.3  19 59 18.4  117.317 14.400  21.69  39495 16.5
2010-02-14  17:50:00  09 30 29.7  -07 34 24  +000918.2 -000110.9  19 59 08.7  117.481 14.133  21.18  39480 16.5
2010-02-14  18:00:00  09 40 42.6  -07 52 51  +000920.5 -000110.4  19 58 57.4  117.639 13.862  20.97  39464 16.5
2010-02-14  18:10:00  09 50 57.1  -08 11 11  +000922.8 -000109.6  19 58 44.6  117.790 13.589  21.06  39448 16.5
2010-02-14  18:20:00  10 01 13.1  -08 29 22  +000925.2 -000108.5  19 58 30.3  117.934 13.314  21.46  39432 16.5
2010-02-14  18:30:00  10 11 30.7  -08 47 21  +000927.7 -000107.3  19 58 14.3  118.070 13.037  22.15  39416 16.5
2010-02-14  18:40:00  10 21 50.0  -09 05 07  +000930.2 -000105.8  19 57 56.7  118.198 12.759  23.09  39400 16.5
2010-02-14  18:50:00  10 32 10.9  -09 22 37  +000932.7 -000104.1  19 57 37.3  118.318 12.480  24.29  39384 16.5
2010-02-14  19:00:00  10 42 33.6  -09 39 48  +000935.3 -000102.2  19 57 16.3  118.429 12.201  25.67  39368 16.5
2010-02-14  19:10:00  10 52 58.1  -09 56 40  +000938.0 -000100.0  19 56 53.5  118.530 11.922  27.24  39353 16.5
2010-02-14  19:20:00  11 03 24.2  -10 13 08  +000940.6 -000097.7  19 56 29.0  118.622 11.644  28.95  39337 16.6
2010-02-14  19:30:00  11 13 52.2  -10 29 12  +000943.3 -000095.1  19 56 02.6  118.703 11.366  30.79  39322 16.6
2010-02-14  19:40:00  11 24 21.9  -10 44 49  +000945.9 -000092.2  19 55 34.6  118.774 11.090  32.72  39307 16.6
2010-02-14  19:50:00  11 34 53.4  -10 59 56  +000948.6 -000089.2  19 55 04.7  118.834 10.816  34.75  39292 16.6
2010-02-14  20:00:00  11 45 26.7  -11 14 33  +000951.2 -000086.0  19 54 33.1  118.882 10.545  36.84  39277 16.6
2010-02-14  20:10:00  11 56 01.8  -11 28 36  +000953.9 -000082.6  19 53 59.7  118.920 10.277  39.01  39263 16.7
2010-02-14  20:20:00  12 06 38.5  -11 42 03  +000956.5 -000078.9  19 53 24.5  118.945 10.011  41.21  39249 16.7
