ЭФЕМЕРИДЫ ПО ОБЪЕКТУ:  90096
Для пункта:  10016 Маяки   46 23'50.68"   30 16'17.74"    14m
C   2010-02-01 12:00
по  2010-02-16 12:00
Шаг  0:10:00
Мин.угол места:          10 град
Макс.угол места Солнца: -10 град
Стандартный блеск :      8.9 (зв.вел.)

ОБОЗНАЧЕНИЯ
RA        прямое восхождение, тек.эпоха
DECL      склонение, тек.эпоха
RARate    скорость по пр.восх., арксек/мин
DeclRate  скорость по склонению, арксек/мин
HourAng   часовой угол
Az        азимут
Um        угол места
Phase     фазовый угол
Range     дальность
Mag       зв.величина (оценка)

   Date        UTC        RA         DECL      RARate   DeclRate    HourAng      Az     Um    Phase  Range  Mag
2010-02-01  16:00:00  00 10 45.3  -02 17 39  +001247.7 +000177.3  02 37 19.8  227.160 30.266 131.06  32172 18.2
2010-02-01  16:10:00  00 24 34.0  -01 48 43  +001238.0 +000169.8  02 33 32.8  226.493 31.159 127.66  32261 18.0
2010-02-01  16:20:00  00 38 15.8  -01 21 05  +001227.5 +000161.7  02 29 52.6  225.828 32.015 124.30  32366 17.8
2010-02-01  16:30:00  00 51 50.5  -00 54 50  +001216.3 +000153.1  02 26 19.6  225.167 32.832 120.95  32485 17.7
2010-02-01  16:40:00  01 05 17.6  -00 30 03  +001204.5 +000144.1  02 22 54.1  224.514 33.609 117.66  32617 17.5
2010-02-01  16:50:00  01 18 36.5  -00 06 48  +001192.1 +000134.8  02 19 36.9  223.869 34.344 114.38  32764 17.4
2010-02-01  17:00:00  01 31 46.9  +00 14 52  +001179.2 +000125.2  02 16 28.0  223.236 35.036 111.16  32922 17.2
2010-02-01  17:10:00  01 44 48.6  +00 34 55  +001165.8 +000115.4  02 13 28.0  222.616 35.683 107.96  33093 17.1
2010-02-01  17:20:00  01 57 41.2  +00 53 19  +001152.0 +000105.5  02 10 37.1  222.013 36.285 104.81  33275 17.0
2010-02-01  17:30:00  02 10 24.5  +01 10 04  +001137.8 +000095.5  02 07 55.4  221.427 36.842 101.70  33467 16.9
2010-02-01  17:40:00  02 22 58.3  +01 25 09  +001123.4 +000085.5  02 05 23.3  220.862 37.354  98.64  33668 16.8
2010-02-01  17:50:00  02 35 22.5  +01 38 35  +001108.9 +000075.6  02 03 00.7  220.320 37.821  95.62  33877 16.7
2010-02-01  18:00:00  02 47 36.8  +01 50 22  +001094.2 +000065.8  02 00 48.0  219.802 38.242  92.65  34094 16.6
2010-02-01  18:10:00  02 59 41.4  +02 00 31  +001079.3 +000056.2  01 58 45.1  219.310 38.619  89.72  34318 16.6
2010-02-01  18:20:00  03 11 36.0  +02 09 06  +001064.5 +000046.7  01 56 52.2  218.846 38.952  86.84  34549 16.5
2010-02-01  18:30:00  03 23 20.7  +02 16 06  +001049.7 +000037.5  01 55 09.1  218.412 39.243  84.00  34784 16.4
2010-02-01  18:40:00  03 34 55.5  +02 21 36  +001034.9 +000028.5  01 53 35.9  218.009 39.491  81.22  35024 16.4
2010-02-01  18:50:00  03 46 20.6  +02 25 38  +001020.2 +000019.8  01 52 12.5  217.637 39.699  78.47  35268 16.3
2010-02-01  19:00:00  03 57 36.0  +02 28 14  +001005.8 +000011.4  01 50 58.7  217.298 39.867  75.78  35514 16.3
2010-02-01  19:10:00  04 08 41.8  +02 29 28  +000991.5 +000003.3  01 49 54.6  216.993 39.997  73.12  35763 16.2
2010-02-01  19:20:00  04 19 38.0  +02 29 22  +000977.4 -000004.5  01 48 59.9  216.722 40.090  70.52  36014 16.2
2010-02-01  19:30:00  04 30 25.0  +02 27 59  +000963.6 -000012.0  01 48 14.6  216.485 40.147  67.96  36266 16.1
2010-02-01  19:40:00  04 41 02.9  +02 25 24  +000950.0 -000019.1  01 47 38.4  216.281 40.169  65.45  36518 16.1
2010-02-01  19:50:00  04 51 31.8  +02 21 38  +000936.8 -000025.9  01 47 11.1  216.112 40.158  62.98  36770 16.1
2010-02-01  20:00:00  05 01 52.0  +02 16 46  +000923.9 -000032.5  01 46 52.5  215.977 40.115  60.56  37021 16.0
2010-02-01  20:10:00  05 12 03.8  +02 10 50  +000911.4 -000038.7  01 46 42.4  215.874 40.042  58.17  37271 16.0
2010-02-01  20:20:00  05 22 07.3  +02 03 54  +000899.2 -000044.6  01 46 40.5  215.804 39.939  55.85  37519 16.0
2010-02-01  20:30:00  05 32 02.8  +01 55 60  +000887.3 -000050.2  01 46 46.7  215.765 39.809  53.55  37765 16.0
2010-02-01  20:40:00  05 41 50.5  +01 47 11  +000875.9 -000055.5  01 47 00.6  215.757 39.651  51.31  38008 16.0
2010-02-01  20:50:00  05 51 30.7  +01 37 31  +000864.8 -000060.5  01 47 22.0  215.779 39.467  49.11  38248 15.9
2010-02-01  21:00:00  06 01 03.7  +01 27 03  +000854.1 -000065.2  01 47 50.7  215.829 39.259  46.97  38484 15.9
2010-02-01  21:10:00  06 10 29.7  +01 15 48  +000843.9 -000069.7  01 48 26.4  215.906 39.028  44.86  38717 15.9
2010-02-01  21:20:00  06 19 49.1  +01 03 50  +000834.1 -000073.9  01 49 08.6  216.009 38.774  42.82  38945 15.9
2010-02-01  21:30:00  06 29 02.0  +00 51 11  +000824.6 -000077.9  01 49 57.4  216.137 38.499  40.82  39169 15.9
2010-02-01  21:40:00  06 38 08.7  +00 37 53  +000815.6 -000081.6  01 50 52.3  216.289 38.203  38.88  39388 15.9
2010-02-01  21:50:00  06 47 09.5  +00 23 59  +000807.0 -000085.1  01 51 53.1  216.462 37.888  36.99  39601 15.9
2010-02-01  22:00:00  06 56 04.8  +00 09 31  +000798.8 -000088.4  01 52 59.5  216.656 37.555  35.17  39809 15.8
2010-02-01  22:10:00  07 04 54.6  -00 05 29  +000791.0 -000091.5  01 54 11.3  216.869 37.204  33.41  40012 15.8
2010-02-01  22:20:00  07 13 39.5  -00 20 59  +000783.6 -000094.4  01 55 28.1  217.099 36.836  31.73  40208 15.8
2010-02-01  22:30:00  07 22 19.6  -00 36 56  +000776.6 -000097.1  01 56 49.6  217.346 36.453  30.12  40398 15.8
2010-02-01  22:40:00  07 30 55.1  -00 53 20  +000770.0 -000099.6  01 58 15.7  217.607 36.054  28.61  40581 15.8
2010-02-01  22:50:00  07 39 26.4  -01 10 08  +000763.8 -000101.9  01 59 46.1  217.882 35.641  27.18  40758 15.8
2010-02-01  23:00:00  07 47 53.6  -01 27 18  +000758.0 -000104.1  02 01 20.5  218.170 35.215  25.88  40928 15.8
2010-02-01  23:10:00  07 56 17.2  -01 44 50  +000752.6 -000106.1  02 02 58.6  218.468 34.776  24.69  41091 15.8
2010-02-01  23:20:00  08 04 37.3  -02 02 41  +000747.6 -000108.0  02 04 40.2  218.776 34.326  23.64  41246 15.8
2010-02-01  23:30:00  08 12 54.1  -02 20 49  +000743.0 -000109.7  02 06 24.9  219.092 33.864  22.73  41394 15.8
2010-02-01  23:40:00  08 21 08.1  -02 39 14  +000738.8 -000111.3  02 08 12.6  219.416 33.392  22.00  41535 15.8
2010-02-01  23:50:00  08 29 19.3  -02 57 55  +000734.9 -000112.8  02 10 03.1  219.745 32.910  21.44  41668 15.8
2010-02-02  00:00:00  08 37 28.0  -03 16 49  +000731.4 -000114.1  02 11 56.0  220.079 32.420  21.07  41793 15.8
2010-02-02  00:10:00  08 45 34.6  -03 35 56  +000728.3 -000115.3  02 13 51.0  220.417 31.921  20.90  41910 15.8
2010-02-02  00:20:00  08 53 39.2  -03 55 14  +000725.6 -000116.3  02 15 48.1  220.758 31.415  20.92  42019 15.8
2010-02-02  00:30:00  09 01 42.1  -04 14 43  +000723.2 -000117.3  02 17 46.8  221.100 30.902  21.14  42119 15.8
2010-02-02  00:40:00  09 09 43.5  -04 34 20  +000721.2 -000118.2  02 19 47.0  221.444 30.383  21.55  42212 15.9
2010-02-02  00:50:00  09 17 43.7  -04 54 05  +000719.5 -000118.9  02 21 48.5  221.786 29.859  22.14  42296 15.9
2010-02-02  01:00:00  09 25 43.0  -05 13 57  +000718.2 -000119.5  02 23 50.9  222.128 29.330  22.88  42371 15.9
2010-02-02  01:10:00  09 33 41.4  -05 33 55  +000717.3 -000120.0  02 25 54.0  222.468 28.798  23.77  42438 15.9
2010-02-02  01:20:00  09 41 39.4  -05 53 58  +000716.7 -000120.5  02 27 57.7  222.804 28.262  24.79  42496 15.9
2010-02-02  01:30:00  09 49 37.2  -06 14 04  +000716.5 -000120.8  02 30 01.6  223.137 27.724  25.92  42545 15.9
2010-02-02  01:40:00  09 57 34.9  -06 34 13  +000716.7 -000121.0  02 32 05.6  223.466 27.184  27.15  42586 15.9
2010-02-02  01:50:00  10 05 32.8  -06 54 24  +000717.1 -000121.1  02 34 09.3  223.789 26.644  28.47  42617 15.9
2010-02-02  02:00:00  10 13 31.1  -07 14 35  +000718.0 -000121.1  02 36 12.6  224.106 26.103  29.86  42640 15.9
2010-02-02  02:10:00  10 21 30.2  -07 34 46  +000719.2 -000121.1  02 38 15.2  224.417 25.563  31.33  42654 16.0
2010-02-02  02:20:00  10 29 30.1  -07 54 56  +000720.8 -000120.9  02 40 16.9  224.720 25.025  32.84  42658 16.0
2010-02-02  02:30:00  10 37 31.3  -08 15 04  +000722.7 -000120.6  02 42 17.4  225.016 24.488  34.42  42654 16.0
2010-02-02  02:40:00  10 45 33.8  -08 35 08  +000725.0 -000120.2  02 44 16.5  225.302 23.955  36.03  42640 16.0
2010-02-02  02:50:00  10 53 38.0  -08 55 08  +000727.6 -000119.8  02 46 13.9  225.579 23.425  37.70  42617 16.0
2010-02-02  03:00:00  11 01 44.1  -09 15 03  +000730.6 -000119.2  02 48 09.5  225.847 22.900  39.39  42585 16.0
2010-02-02  03:10:00  11 09 52.2  -09 34 50  +000734.0 -000118.4  02 50 03.0  226.104 22.380  41.12  42544 16.1
2010-02-02  03:20:00  11 18 02.8  -09 54 31  +000737.7 -000117.6  02 51 54.1  226.350 21.867  42.88  42494 16.1
2010-02-02  03:30:00  11 26 15.9  -10 14 03  +000741.8 -000116.7  02 53 42.6  226.585 21.360  44.68  42434 16.1
2010-02-02  03:40:00  11 34 32.0  -10 33 25  +000746.3 -000115.7  02 55 28.2  226.807 20.862  46.50  42366 16.1
2010-02-02  03:50:00  11 42 51.1  -10 52 36  +000751.2 -000114.5  02 57 10.7  227.017 20.372  48.35  42287 16.1
2010-02-02  04:00:00  11 51 13.6  -11 11 34  +000756.4 -000113.2  02 58 49.8  227.214 19.892  50.22  42200 16.2
2010-02-02  04:10:00  11 59 39.7  -11 30 19  +000762.0 -000111.8  03 00 25.3  227.397 19.423  52.13  42104 16.2
2010-02-02  04:20:00  12 08 09.6  -11 48 48  +000768.0 -000110.2  03 01 57.1  227.567 18.965  54.05  41999 16.2

   Date        UTC        RA         DECL      RARate   DeclRate    HourAng      Az     Um    Phase  Range  Mag
2010-02-02  16:10:00  02 38 36.5  +01 30 52  +001118.6 +000083.1  00 23 26.8  188.276 44.825  95.80  33148 16.7
2010-02-02  16:20:00  02 50 57.2  +01 43 52  +001103.3 +000073.0  00 21 07.8  187.490 45.096  92.80  33376 16.6
2010-02-02  16:30:00  03 03 07.7  +01 55 11  +001088.0 +000063.0  00 18 59.0  186.754 45.329  89.84  33611 16.5
2010-02-02  16:40:00  03 15 07.9  +02 04 52  +001072.7 +000053.2  00 17 00.3  186.070 45.528  86.93  33852 16.5
2010-02-02  16:50:00  03 26 58.0  +02 12 56  +001057.4 +000043.6  00 15 11.9  185.440 45.694  84.06  34097 16.4
2010-02-02  17:00:00  03 38 37.9  +02 19 25  +001042.2 +000034.3  00 13 33.7  184.864 45.827  81.25  34346 16.3
2010-02-02  17:10:00  03 50 07.7  +02 24 23  +001027.2 +000025.3  00 12 05.4  184.344 45.930  78.47  34599 16.3
2010-02-02  17:20:00  04 01 27.5  +02 27 52  +001012.2 +000016.6  00 10 47.3  183.881 46.004  75.75  34854 16.2
2010-02-02  17:30:00  04 12 37.4  +02 29 56  +000997.5 +000008.2  00 09 39.0  183.474 46.051  73.07  35110 16.2
2010-02-02  17:40:00  04 23 37.6  +02 30 37  +000983.0 +000000.1  00 08 40.5  183.124 46.072  70.45  35368 16.1
2010-02-02  17:50:00  04 34 28.2  +02 29 58  +000968.8 -000007.7  00 07 51.6  182.830 46.069  67.86  35626 16.1
2010-02-02  18:00:00  04 45 09.4  +02 28 04  +000954.9 -000015.1  00 07 12.0  182.591 46.042  65.34  35883 16.1
2010-02-02  18:10:00  04 55 41.4  +02 24 57  +000941.2 -000022.2  00 06 41.6  182.407 45.994  62.84  36140 16.0
2010-02-02  18:20:00  05 06 04.6  +02 20 41  +000928.0 -000029.0  00 06 20.1  182.275 45.926  60.40  36396 16.0
2010-02-02  18:30:00  05 16 18.9  +02 15 18  +000915.1 -000035.5  00 06 07.4  182.196 45.837  58.00  36649 16.0
2010-02-02  18:40:00  05 26 24.8  +02 08 53  +000902.5 -000041.6  00 06 03.2  182.167 45.731  55.66  36901 16.0
2010-02-02  18:50:00  05 36 22.4  +02 01 27  +000890.4 -000047.4  00 06 07.2  182.186 45.607  53.34  37149 15.9
2010-02-02  19:00:00  05 46 12.0  +01 53 05  +000878.6 -000053.0  00 06 19.2  182.252 45.466  51.09  37394 15.9
2010-02-02  19:10:00  05 55 53.9  +01 43 49  +000867.2 -000058.2  00 06 39.0  182.363 45.309  48.87  37635 15.9
2010-02-02  19:20:00  06 05 28.4  +01 33 42  +000856.2 -000063.2  00 07 06.1  182.516 45.137  46.72  37872 15.9
2010-02-02  19:30:00  06 14 55.8  +01 22 47  +000845.7 -000067.8  00 07 40.4  182.710 44.951  44.60  38105 15.9
2010-02-02  19:40:00  06 24 16.2  +01 11 06  +000835.6 -000072.3  00 08 21.6  182.943 44.751  42.54  38333 15.8
2010-02-02  19:50:00  06 33 30.0  +00 58 42  +000825.9 -000076.4  00 09 09.5  183.212 44.537  40.52  38556 15.8
2010-02-02  20:00:00  06 42 37.4  +00 45 38  +000816.6 -000080.4  00 10 03.7  183.516 44.310  38.57  38773 15.8
2010-02-02  20:10:00  06 51 38.8  +00 31 55  +000807.7 -000084.1  00 11 03.9  183.851 44.070  36.66  38984 15.8
2010-02-02  20:20:00  07 00 34.4  +00 17 37  +000799.2 -000087.6  00 12 10.0  184.217 43.819  34.83  39190 15.8
2010-02-02  20:30:00  07 09 24.5  +00 02 45  +000791.1 -000090.8  00 13 21.5  184.611 43.556  33.06  39389 15.8
2010-02-02  20:40:00  07 18 09.4  -00 12 39  +000783.5 -000093.9  00 14 38.2  185.030 43.281  31.37  39582 15.8
2010-02-02  20:50:00  07 26 49.4  -00 28 32  +000776.3 -000096.8  00 15 60.0  185.472 42.995  29.74  39768 15.8
2010-02-02  21:00:00  07 35 24.6  -00 44 53  +000769.5 -000099.4  00 17 26.4  185.937 42.699  28.22  39947 15.8
2010-02-02  21:10:00  07 43 55.4  -01 01 41  +000763.0 -000102.0  00 18 57.2  186.421 42.392  26.79  40119 15.8
2010-02-02  21:20:00  07 52 22.1  -01 18 52  +000757.0 -000104.3  00 20 32.2  186.922 42.074  25.47  40284 15.8
2010-02-02  21:30:00  08 00 44.9  -01 36 26  +000751.4 -000106.5  00 22 11.0  187.440 41.747  24.27  40442 15.8
2010-02-02  21:40:00  08 09 04.0  -01 54 21  +000746.2 -000108.5  00 23 53.5  187.971 41.410  23.22  40592 15.8
2010-02-02  21:50:00  08 17 19.9  -02 12 35  +000741.3 -000110.4  00 25 39.3  188.514 41.064  22.31  40734 15.8
2010-02-02  22:00:00  08 25 32.6  -02 31 08  +000736.9 -000112.1  00 27 28.2  189.067 40.709  21.57  40869 15.8
2010-02-02  22:10:00  08 33 42.5  -02 49 57  +000732.8 -000113.7  00 29 20.0  189.629 40.345  21.01  40995 15.8
2010-02-02  22:20:00  08 41 49.8  -03 09 02  +000729.1 -000115.2  00 31 14.3  190.198 39.973  20.65  41114 15.8
2010-02-02  22:30:00  08 49 54.8  -03 28 21  +000725.8 -000116.5  00 33 11.0  190.771 39.592  20.48  41225 15.8
2010-02-02  22:40:00  08 57 57.7  -03 47 53  +000722.9 -000117.8  00 35 09.7  191.349 39.204  20.52  41327 15.8
2010-02-02  22:50:00  09 05 58.7  -04 07 36  +000720.3 -000118.9  00 37 10.3  191.929 38.809  20.76  41421 15.8
2010-02-02  23:00:00  09 13 58.2  -04 27 29  +000718.1 -000119.8  00 39 12.5  192.509 38.407  21.18  41507 15.8
2010-02-02  23:10:00  09 21 56.3  -04 47 32  +000716.3 -000120.7  00 41 16.0  193.089 37.998  21.78  41584 15.8
2010-02-02  23:20:00  09 29 53.3  -05 07 43  +000714.8 -000121.5  00 43 20.6  193.667 37.583  22.54  41653 15.8
2010-02-02  23:30:00  09 37 49.5  -05 28 02  +000713.7 -000122.2  00 45 26.1  194.242 37.162  23.45  41713 15.8
2010-02-02  23:40:00  09 45 45.1  -05 48 26  +000713.0 -000122.7  00 47 32.2  194.812 36.737  24.49  41765 15.9
2010-02-02  23:50:00  09 53 40.3  -06 08 56  +000712.6 -000123.2  00 49 38.6  195.377 36.306  25.64  41807 15.9
2010-02-03  00:00:00  10 01 35.3  -06 29 29  +000712.6 -000123.5  00 51 45.2  195.935 35.871  26.88  41842 15.9
2010-02-03  00:10:00  10 09 30.5  -06 50 05  +000713.0 -000123.8  00 53 51.7  196.485 35.433  28.22  41867 15.9
2010-02-03  00:20:00  10 17 26.0  -07 10 44  +000713.7 -000123.9  00 55 57.8  197.026 34.991  29.62  41884 15.9
2010-02-03  00:30:00  10 25 22.1  -07 31 23  +000714.7 -000124.0  00 58 03.4  197.557 34.547  31.09  41892 15.9
2010-02-03  00:40:00  10 33 19.1  -07 52 02  +000716.2 -000123.9  01 00 08.1  198.077 34.101  32.61  41890 15.9
2010-02-03  00:50:00  10 41 17.1  -08 12 41  +000718.0 -000123.7  01 02 11.7  198.586 33.654  34.20  41881 15.9
2010-02-03  01:00:00  10 49 16.4  -08 33 17  +000720.1 -000123.5  01 04 14.0  199.082 33.206  35.81  41862 16.0
2010-02-03  01:10:00  10 57 17.3  -08 53 50  +000722.7 -000123.1  01 06 14.7  199.564 32.758  37.48  41834 16.0
2010-02-03  01:20:00  11 05 20.0  -09 14 18  +000725.5 -000122.6  01 08 13.7  200.033 32.311  39.17  41797 16.0
2010-02-03  01:30:00  11 13 24.8  -09 34 41  +000728.8 -000122.0  01 10 10.5  200.486 31.865  40.91  41752 16.0
2010-02-03  01:40:00  11 21 31.8  -09 54 58  +000732.5 -000121.3  01 12 05.1  200.923 31.421  42.67  41698 16.0
2010-02-03  01:50:00  11 29 41.5  -10 15 08  +000736.5 -000120.5  01 13 57.1  201.344 30.980  44.47  41634 16.1
2010-02-03  02:00:00  11 37 53.9  -10 35 08  +000740.9 -000119.6  01 15 46.4  201.747 30.542  46.28  41562 16.1
2010-02-03  02:10:00  11 46 09.4  -10 54 58  +000745.7 -000118.5  01 17 32.5  202.133 30.109  48.13  41481 16.1
2010-02-03  02:20:00  11 54 28.2  -11 14 37  +000750.8 -000117.3  01 19 15.4  202.499 29.681  50.00  41392 16.1
2010-02-03  02:30:00  12 02 50.5  -11 34 03  +000756.4 -000115.9  01 20 54.7  202.847 29.260  51.90  41293 16.1
2010-02-03  02:40:00  12 11 16.7  -11 53 15  +000762.3 -000114.5  01 22 30.1  203.174 28.845  53.82  41186 16.2
2010-02-03  02:50:00  12 19 47.0  -12 12 12  +000768.6 -000112.8  01 24 01.5  203.481 28.438  55.77  41070 16.2
2010-02-03  03:00:00  12 28 21.6  -12 30 52  +000775.4 -000111.1  01 25 28.5  203.767 28.039  57.73  40946 16.2
2010-02-03  03:10:00  12 37 00.9  -12 49 13  +000782.5 -000109.1  01 26 50.8  204.031 27.650  59.73  40813 16.2
2010-02-03  03:20:00  12 45 45.1  -13 07 13  +000790.1 -000107.0  01 28 08.3  204.272 27.272  61.74  40672 16.3
2010-02-03  03:30:00  12 54 34.4  -13 24 52  +000798.0 -000104.7  01 29 20.6  204.490 26.905  63.79  40522 16.3
2010-02-03  03:40:00  13 03 29.1  -13 42 06  +000806.4 -000102.2  01 30 27.6  204.685 26.550  65.85  40365 16.3
2010-02-03  03:50:00  13 12 29.6  -13 58 55  +000815.1 -000099.5  01 31 28.7  204.856 26.209  67.95  40199 16.4
2010-02-03  04:00:00  13 21 36.1  -14 15 17  +000824.3 -000096.7  01 32 23.9  205.002 25.882  70.06  40026 16.4
2010-02-03  04:10:00  13 30 48.8  -14 31 08  +000833.9 -000093.6  01 33 12.8  205.122 25.571  72.21  39844 16.4
2010-02-03  04:20:00  13 40 08.1  -14 46 27  +000844.0 -000090.2  01 33 55.2  205.217 25.276  74.37  39655 16.5

   Date        UTC        RA         DECL      RARate   DeclRate    HourAng      Az     Um    Phase  Range  Mag
2010-02-03  16:10:00  04 38 43.4  +02 28 26  +000972.4 -000003.0  22 27 16.5  148.241 41.655  67.74  35730 16.1
2010-02-03  16:20:00  04 49 27.0  +02 27 18  +000958.4 -000010.6  22 26 34.6  148.032 41.574  65.19  35994 16.1
2010-02-03  16:30:00  05 00 01.4  +02 24 57  +000944.8 -000017.8  22 26 01.8  147.882 41.487  62.68  36257 16.0
2010-02-03  16:40:00  05 10 26.8  +02 21 24  +000931.4 -000024.7  22 25 38.0  147.788 41.396  60.22  36518 16.0
2010-02-03  16:50:00  05 20 43.4  +02 16 43  +000918.4 -000031.3  22 25 23.0  147.749 41.300  57.80  36776 16.0
2010-02-03  17:00:00  05 30 51.5  +02 10 59  +000905.8 -000037.6  22 25 16.6  147.763 41.201  55.44  37031 16.0
2010-02-03  17:10:00  05 40 51.3  +02 04 13  +000893.6 -000043.5  22 25 18.5  147.827 41.099  53.11  37283 15.9
2010-02-03  17:20:00  05 50 43.0  +01 56 29  +000881.7 -000049.2  22 25 28.3  147.941 40.994  50.84  37530 15.9
2010-02-03  17:30:00  06 00 27.0  +01 47 50  +000870.3 -000054.6  22 25 46.0  148.101 40.887  48.61  37773 15.9
2010-02-03  17:40:00  06 10 03.6  +01 38 18  +000859.3 -000059.7  22 26 11.1  148.306 40.777  46.43  38012 15.9
2010-02-03  17:50:00  06 19 32.9  +01 27 57  +000848.6 -000064.5  22 26 43.4  148.554 40.665  44.29  38245 15.9
2010-02-03  18:00:00  06 28 55.2  +01 16 49  +000838.4 -000069.1  22 27 22.7  148.843 40.550  42.22  38473 15.9
2010-02-03  18:10:00  06 38 10.9  +01 04 56  +000828.6 -000073.4  22 28 08.7  149.171 40.433  40.18  38695 15.8
2010-02-03  18:20:00  06 47 20.1  +00 52 22  +000819.2 -000077.5  22 29 01.2  149.536 40.314  38.21  38911 15.8
2010-02-03  18:30:00  06 56 23.2  +00 39 08  +000810.2 -000081.3  22 29 59.7  149.936 40.192  36.29  39121 15.8
2010-02-03  18:40:00  07 05 20.5  +00 25 17  +000801.6 -000084.9  22 31 04.1  150.369 40.067  34.44  39324 15.8
2010-02-03  18:50:00  07 14 12.2  +00 10 51  +000793.5 -000088.3  22 32 14.0  150.833 39.940  32.64  39521 15.8
2010-02-03  19:00:00  07 22 58.6  -00 04 08  +000785.7 -000091.5  22 33 29.2  151.327 39.809  30.93  39710 15.8
2010-02-03  19:10:00  07 31 39.9  -00 19 39  +000778.4 -000094.5  22 34 49.5  151.848 39.674  29.29  39892 15.8
2010-02-03  19:20:00  07 40 16.5  -00 35 38  +000771.4 -000097.4  22 36 14.6  152.395 39.536  27.75  40067 15.8
2010-02-03  19:30:00  07 48 48.6  -00 52 05  +000764.9 -000100.0  22 37 44.1  152.966 39.394  26.30  40235 15.8
2010-02-03  19:40:00  07 57 16.5  -01 08 58  +000758.8 -000102.5  22 39 17.9  153.559 39.248  24.97  40394 15.8
2010-02-03  19:50:00  08 05 40.4  -01 26 15  +000753.0 -000104.8  22 40 55.6  154.172 39.097  23.75  40546 15.8
2010-02-03  20:00:00  08 14 00.6  -01 43 54  +000747.7 -000107.0  22 42 37.0  154.804 38.942  22.69  40691 15.8
2010-02-03  20:10:00  08 22 17.4  -02 01 54  +000742.7 -000109.0  22 44 21.9  155.452 38.782  21.77  40827 15.8
2010-02-03  20:20:00  08 30 31.0  -02 20 13  +000738.1 -000110.9  22 46 10.0  156.116 38.616  21.03  40955 15.8
2010-02-03  20:30:00  08 38 41.7  -02 38 51  +000733.9 -000112.6  22 48 00.9  156.793 38.445  20.47  41074 15.8
2010-02-03  20:40:00  08 46 49.6  -02 57 45  +000730.1 -000114.2  22 49 54.6  157.482 38.268  20.12  41186 15.8
2010-02-03  20:50:00  08 54 55.2  -03 16 55  +000726.6 -000115.7  22 51 50.7  158.181 38.086  19.97  41289 15.8
2010-02-03  21:00:00  09 02 58.6  -03 36 20  +000723.6 -000117.1  22 53 48.9  158.889 37.897  20.03  41383 15.8
2010-02-03  21:10:00  09 11 00.1  -03 55 56  +000720.9 -000118.3  22 55 49.1  159.603 37.703  20.29  41470 15.8
2010-02-03  21:20:00  09 18 59.8  -04 15 46  +000718.5 -000119.5  22 57 51.0  160.323 37.502  20.74  41547 15.8
2010-02-03  21:30:00  09 26 58.2  -04 35 45  +000716.5 -000120.5  22 59 54.3  161.047 37.295  21.38  41616 15.8
2010-02-03  21:40:00  09 34 55.3  -04 55 55  +000714.9 -000121.4  23 01 58.8  161.773 37.081  22.17  41676 15.8
2010-02-03  21:50:00  09 42 51.5  -05 16 13  +000713.7 -000122.2  23 04 04.2  162.499 36.861  23.12  41728 15.8
2010-02-03  22:00:00  09 50 47.0  -05 36 38  +000712.8 -000122.9  23 06 10.4  163.225 36.634  24.19  41771 15.9
2010-02-03  22:10:00  09 58 42.0  -05 57 10  +000712.3 -000123.5  23 08 17.0  163.949 36.402  25.37  41805 15.9
2010-02-03  22:20:00  10 06 36.8  -06 17 47  +000712.1 -000124.0  23 10 23.9  164.670 36.163  26.64  41831 15.9
2010-02-03  22:30:00  10 14 31.6  -06 38 29  +000712.3 -000124.3  23 12 30.7  165.385 35.918  28.01  41848 15.9
2010-02-03  22:40:00  10 22 26.6  -06 59 14  +000712.9 -000124.6  23 14 37.3  166.094 35.666  29.43  41856 15.9
2010-02-03  22:50:00  10 30 22.2  -07 20 01  +000713.8 -000124.8  23 16 43.4  166.796 35.410  30.93  41855 15.9
2010-02-03  23:00:00  10 38 18.5  -07 40 50  +000715.1 -000124.9  23 18 48.8  167.488 35.147  32.48  41846 15.9
2010-02-03  23:10:00  10 46 15.7  -08 01 39  +000716.8 -000124.9  23 20 53.1  168.170 34.879  34.08  41828 15.9
2010-02-03  23:20:00  10 54 14.2  -08 22 27  +000718.8 -000124.7  23 22 56.3  168.841 34.606  35.71  41801 16.0
2010-02-03  23:30:00  11 02 14.2  -08 43 13  +000721.2 -000124.5  23 24 58.0  169.499 34.329  37.40  41765 16.0
2010-02-03  23:40:00  11 10 15.9  -09 03 56  +000723.9 -000124.1  23 26 57.9  170.143 34.047  39.11  41721 16.0
2010-02-03  23:50:00  11 18 19.5  -09 24 35  +000727.1 -000123.7  23 28 55.9  170.772 33.762  40.86  41668 16.0
2010-02-04  00:00:00  11 26 25.4  -09 45 09  +000730.6 -000123.1  23 30 51.7  171.384 33.473  42.63  41607 16.0
2010-02-04  00:10:00  11 34 33.7  -10 05 36  +000734.5 -000122.4  23 32 45.0  171.979 33.180  44.44  41537 16.0
2010-02-04  00:20:00  11 42 44.7  -10 25 56  +000738.7 -000121.6  23 34 35.6  172.556 32.886  46.26  41458 16.1
2010-02-04  00:30:00  11 50 58.8  -10 46 07  +000743.4 -000120.6  23 36 23.3  173.113 32.589  48.12  41371 16.1
2010-02-04  00:40:00  11 59 16.0  -11 06 07  +000748.4 -000119.5  23 38 07.7  173.649 32.292  49.99  41276 16.1
2010-02-04  00:50:00  12 07 36.7  -11 25 56  +000753.9 -000118.3  23 39 48.6  174.164 31.993  51.90  41172 16.1
2010-02-04  01:00:00  12 16 01.2  -11 45 32  +000759.7 -000116.9  23 41 25.7  174.656 31.694  53.82  41060 16.2
2010-02-04  01:10:00  12 24 29.7  -12 04 54  +000765.9 -000115.4  23 42 58.9  175.124 31.396  55.78  40940 16.2
2010-02-04  01:20:00  12 33 02.5  -12 23 60  +000772.6 -000113.7  23 44 27.7  175.568 31.099  57.75  40812 16.2
2010-02-04  01:30:00  12 41 39.9  -12 42 48  +000779.6 -000111.9  23 45 52.0  175.986 30.804  59.75  40675 16.2
2010-02-04  01:40:00  12 50 22.1  -13 01 16  +000787.1 -000109.9  23 47 11.4  176.378 30.512  61.76  40531 16.3
2010-02-04  01:50:00  12 59 09.3  -13 19 24  +000794.9 -000107.6  23 48 25.8  176.742 30.223  63.81  40379 16.3
2010-02-04  02:00:00  13 08 02.0  -13 37 08  +000803.2 -000105.2  23 49 34.8  177.078 29.938  65.87  40220 16.3
2010-02-04  02:10:00  13 17 00.3  -13 54 28  +000811.9 -000102.7  23 50 38.1  177.385 29.658  67.97  40052 16.4
2010-02-04  02:20:00  13 26 04.6  -14 11 21  +000821.0 -000099.9  23 51 35.5  177.661 29.384  70.08  39878 16.4
2010-02-04  02:30:00  13 35 15.1  -14 27 45  +000830.5 -000096.8  23 52 26.7  177.906 29.116  72.23  39696 16.4
2010-02-04  02:40:00  13 44 32.0  -14 43 37  +000840.5 -000093.6  23 53 11.3  178.120 28.856  74.40  39508 16.5
2010-02-04  02:50:00  13 53 55.8  -14 58 56  +000850.9 -000090.1  23 53 49.2  178.300 28.605  76.60  39313 16.5
2010-02-04  03:00:00  14 03 26.5  -15 13 37  +000861.6 -000086.3  23 54 20.2  178.447 28.362  78.82  39111 16.6
2010-02-04  03:10:00  14 13 04.6  -15 27 41  +000872.8 -000082.3  23 54 43.7  178.560 28.130  81.08  38903 16.6
2010-02-04  03:20:00  14 22 50.3  -15 41 03  +000884.4 -000078.0  23 54 59.7  178.637 27.908  83.36  38689 16.7
2010-02-04  03:30:00  14 32 43.9  -15 53 40  +000896.4 -000073.4  23 55 07.7  178.677 27.698  85.68  38469 16.7
2010-02-04  03:40:00  14 42 45.6  -16 05 30  +000908.8 -000068.5  23 55 07.7  178.681 27.501  88.02  38243 16.8
2010-02-04  03:50:00  14 52 55.7  -16 16 30  +000921.6 -000063.3  23 54 59.2  178.646 27.317  90.41  38013 16.8
2010-02-04  04:00:00  15 03 14.4  -16 26 36  +000934.7 -000057.8  23 54 42.1  178.572 27.148  92.81  37777 16.9
2010-02-04  04:10:00  15 13 41.9  -16 35 45  +000948.1 -000051.9  23 54 16.3  178.460 26.993  95.27  37537 16.9
2010-02-04  04:20:00  15 24 18.6  -16 43 54  +000962.0 -000045.7  23 53 41.2  178.306 26.855  97.74  37294 17.0

   Date        UTC        RA         DECL      RARate   DeclRate    HourAng      Az     Um    Phase  Range  Mag
2010-02-04  16:10:00  06 22 15.7  +01 31 10  +000853.5 -000060.0  20 47 40.8  122.030 28.672  44.44  39071 15.9
2010-02-04  16:20:00  06 31 41.2  +01 20 47  +000843.3 -000064.6  20 48 16.9  122.284 28.619  42.34  39300 15.9
2010-02-04  16:30:00  06 41 00.1  +01 09 39  +000833.5 -000069.0  20 48 59.6  122.572 28.572  40.28  39523 15.9
2010-02-04  16:40:00  06 50 12.7  +00 57 48  +000824.2 -000073.1  20 49 48.7  122.892 28.530  38.28  39740 15.9
2010-02-04  16:50:00  06 59 19.1  +00 45 17  +000815.2 -000077.1  20 50 43.9  123.243 28.492  36.32  39950 15.9
2010-02-04  17:00:00  07 08 19.8  +00 32 08  +000806.7 -000080.8  20 51 44.9  123.623 28.459  34.44  40153 15.9
2010-02-04  17:10:00  07 17 14.8  +00 18 22  +000798.5 -000084.2  20 52 51.5  124.031 28.430  32.61  40349 15.8
2010-02-04  17:20:00  07 26 04.5  +00 04 03  +000790.7 -000087.5  20 54 03.4  124.466 28.405  30.86  40537 15.8
2010-02-04  17:30:00  07 34 49.2  -00 10 48  +000783.4 -000090.6  20 55 20.4  124.926 28.383  29.18  40717 15.8
2010-02-04  17:40:00  07 43 29.1  -00 26 09  +000776.4 -000093.6  20 56 42.1  125.409 28.364  27.60  40890 15.8
2010-02-04  17:50:00  07 52 04.5  -00 41 58  +000769.8 -000096.3  20 58 08.4  125.915 28.347  26.11  41055 15.8
2010-02-04  18:00:00  08 00 35.6  -00 58 15  +000763.6 -000098.9  20 59 38.9  126.443 28.331  24.73  41212 15.8
2010-02-04  18:10:00  08 09 02.8  -01 14 55  +000757.8 -000101.3  21 01 13.4  126.990 28.317  23.47  41361 15.8
2010-02-04  18:20:00  08 17 26.2  -01 31 60  +000752.4 -000103.6  21 02 51.6  127.556 28.304  22.36  41501 15.8
2010-02-04  18:30:00  08 25 46.1  -01 49 26  +000747.4 -000105.7  21 04 33.3  128.139 28.291  21.40  41633 15.8
2010-02-04  18:40:00  08 34 02.8  -02 07 13  +000742.7 -000107.7  21 06 18.3  128.739 28.278  20.62  41756 15.8
2010-02-04  18:50:00  08 42 16.4  -02 25 20  +000738.4 -000109.5  21 08 06.3  129.354 28.264  20.03  41871 15.8
2010-02-04  19:00:00  08 50 27.4  -02 43 44  +000734.5 -000111.3  21 09 57.0  129.982 28.249  19.64  41977 15.8
2010-02-04  19:10:00  08 58 35.8  -03 02 24  +000730.9 -000112.9  21 11 50.2  130.622 28.233  19.46  42075 15.8
2010-02-04  19:20:00  09 06 42.0  -03 21 20  +000727.7 -000114.3  21 13 45.6  131.274 28.214  19.50  42164 15.8
2010-02-04  19:30:00  09 14 46.2  -03 40 30  +000724.9 -000115.7  21 15 43.1  131.936 28.193  19.76  42244 15.8
2010-02-04  19:40:00  09 22 48.7  -03 59 53  +000722.4 -000116.9  21 17 42.3  132.607 28.169  20.21  42315 15.9
2010-02-04  19:50:00  09 30 49.6  -04 19 28  +000720.3 -000118.1  21 19 43.0  133.285 28.141  20.85  42378 15.9
2010-02-04  20:00:00  09 38 49.2  -04 39 14  +000718.6 -000119.1  21 21 45.0  133.969 28.110  21.65  42431 15.9
2010-02-04  20:10:00  09 46 47.8  -04 59 09  +000717.2 -000120.0  21 23 48.1  134.659 28.075  22.61  42476 15.9
2010-02-04  20:20:00  09 54 45.6  -05 19 14  +000716.2 -000120.8  21 25 51.9  135.352 28.035  23.70  42512 15.9
2010-02-04  20:30:00  10 02 42.8  -05 39 25  +000715.5 -000121.5  21 27 56.3  136.048 27.990  24.90  42539 15.9
2010-02-04  20:40:00  10 10 39.7  -05 59 43  +000715.2 -000122.1  21 30 01.1  136.745 27.940  26.19  42557 15.9
2010-02-04  20:50:00  10 18 36.5  -06 20 07  +000715.3 -000122.6  21 32 05.9  137.443 27.884  27.58  42566 15.9
2010-02-04  21:00:00  10 26 33.5  -06 40 35  +000715.7 -000123.0  21 34 10.6  138.139 27.823  29.03  42566 15.9
2010-02-04  21:10:00  10 34 30.8  -07 01 07  +000716.4 -000123.3  21 36 14.9  138.833 27.756  30.55  42558 15.9
2010-02-04  21:20:00  10 42 28.8  -07 21 41  +000717.6 -000123.5  21 38 18.6  139.524 27.683  32.11  42541 16.0
2010-02-04  21:30:00  10 50 27.6  -07 42 17  +000719.0 -000123.6  21 40 21.4  140.210 27.604  33.74  42515 16.0
2010-02-04  21:40:00  10 58 27.6  -08 02 53  +000720.9 -000123.6  21 42 23.1  140.889 27.518  35.39  42481 16.0
2010-02-04  21:50:00  11 06 28.8  -08 23 28  +000723.1 -000123.5  21 44 23.4  141.561 27.426  37.09  42438 16.0
2010-02-04  22:00:00  11 14 31.7  -08 44 02  +000725.7 -000123.2  21 46 22.2  142.225 27.327  38.82  42386 16.0
2010-02-04  22:10:00  11 22 36.5  -09 04 33  +000728.6 -000122.9  21 48 19.1  142.878 27.222  40.59  42326 16.0
2010-02-04  22:20:00  11 30 43.3  -09 24 59  +000731.9 -000122.4  21 50 13.9  143.520 27.110  42.37  42257 16.1
2010-02-04  22:30:00  11 38 52.4  -09 45 21  +000735.6 -000121.8  21 52 06.4  144.150 26.992  44.20  42180 16.1
2010-02-04  22:40:00  11 47 04.2  -10 05 36  +000739.7 -000121.1  21 53 56.3  144.766 26.867  46.03  42094 16.1
2010-02-04  22:50:00  11 55 18.7  -10 25 43  +000744.1 -000120.3  21 55 43.4  145.368 26.736  47.91  42001 16.1
2010-02-04  23:00:00  12 03 36.4  -10 45 41  +000749.0 -000119.3  21 57 27.4  145.953 26.599  49.79  41899 16.1
2010-02-04  23:10:00  12 11 57.4  -11 05 29  +000754.2 -000118.2  21 59 08.0  146.520 26.456  51.71  41789 16.2
2010-02-04  23:20:00  12 20 22.1  -11 25 05  +000759.8 -000117.0  22 00 45.0  147.069 26.307  53.64  41672 16.2
2010-02-04  23:30:00  12 28 50.6  -11 44 28  +000765.8 -000115.6  22 02 18.1  147.598 26.153  55.61  41546 16.2
2010-02-04  23:40:00  12 37 23.3  -12 03 36  +000772.3 -000114.0  22 03 47.1  148.105 25.993  57.59  41412 16.2
2010-02-04  23:50:00  12 46 00.4  -12 22 27  +000779.1 -000112.3  22 05 11.6  148.590 25.829  59.60  41272 16.3
2010-02-05  00:00:00  12 54 42.1  -12 40 60  +000786.3 -000110.3  22 06 31.6  149.052 25.660  61.62  41123 16.3
2010-02-05  00:10:00  13 03 28.8  -12 59 13  +000793.9 -000108.2  22 07 46.5  149.488 25.487  63.68  40968 16.3
2010-02-05  00:20:00  13 12 20.7  -13 17 04  +000801.9 -000106.0  22 08 56.2  149.898 25.310  65.74  40805 16.4
2010-02-05  00:30:00  13 21 18.1  -13 34 32  +000810.4 -000103.5  22 10 00.5  150.281 25.130  67.85  40635 16.4
2010-02-05  00:40:00  13 30 21.3  -13 51 33  +000819.3 -000100.8  22 10 58.9  150.635 24.947  69.96  40458 16.4
2010-02-05  00:50:00  13 39 30.6  -14 08 07  +000828.6 -000097.9  22 11 51.3  150.960 24.762  72.12  40275 16.5
2010-02-05  01:00:00  13 48 46.1  -14 24 10  +000838.3 -000094.7  22 12 37.4  151.253 24.574  74.29  40085 16.5
2010-02-05  01:10:00  13 58 08.2  -14 39 40  +000848.3 -000091.3  22 13 16.9  151.515 24.386  76.49  39890 16.5
2010-02-05  01:20:00  14 07 37.2  -14 54 36  +000858.8 -000087.7  22 13 49.5  151.743 24.196  78.71  39688 16.6
2010-02-05  01:30:00  14 17 13.4  -15 08 53  +000869.8 -000083.8  22 14 15.0  151.937 24.007  80.98  39481 16.6
2010-02-05  01:40:00  14 26 57.0  -15 22 30  +000881.1 -000079.6  22 14 33.1  152.095 23.817  83.25  39268 16.7
2010-02-05  01:50:00  14 36 48.3  -15 35 24  +000892.8 -000075.1  22 14 43.4  152.216 23.629  85.58  39050 16.7
2010-02-05  02:00:00  14 46 47.5  -15 47 32  +000904.9 -000070.3  22 14 45.9  152.300 23.441  87.91  38827 16.8
2010-02-05  02:10:00  14 56 54.9  -15 58 50  +000917.4 -000065.2  22 14 40.1  152.344 23.256  90.30  38600 16.8
2010-02-05  02:20:00  15 07 10.6  -16 09 15  +000930.2 -000059.8  22 14 26.0  152.350 23.073  92.70  38369 16.9
2010-02-05  02:30:00  15 17 35.1  -16 18 45  +000943.3 -000054.1  22 14 03.2  152.313 22.894  95.15  38134 17.0
2010-02-05  02:40:00  15 28 08.4  -16 27 16  +000956.8 -000048.0  22 13 31.5  152.235 22.718  97.62  37896 17.0
2010-02-05  02:50:00  15 38 50.9  -16 34 44  +000970.6 -000041.6  22 12 50.7  152.114 22.546 100.14  37655 17.1
2010-02-05  03:00:00  15 49 42.6  -16 41 06  +000984.7 -000034.8  22 12 00.6  151.949 22.378 102.68  37411 17.2
2010-02-05  03:10:00  16 00 43.8  -16 46 19  +000999.0 -000027.6  22 11 01.0  151.739 22.216 105.27  37166 17.3
2010-02-05  03:20:00  16 11 54.7  -16 50 18  +001013.5 -000020.1  22 09 51.8  151.484 22.059 107.89  36919 17.4
2010-02-05  03:30:00  16 23 15.1  -16 52 59  +001028.2 -000012.2  22 08 33.0  151.183 21.908 110.55  36671 17.5
2010-02-05  03:40:00  16 34 45.5  -16 54 21  +001043.0 -000004.0  22 07 04.3  150.834 21.763 113.25  36423 17.6
2010-02-05  03:50:00  16 46 25.8  -16 54 18  +001058.0 +000004.6  22 05 25.6  150.438 21.625 115.99  36175 17.7
2010-02-05  04:00:00  16 58 16.1  -16 52 48  +001073.0 +000013.5  22 03 37.0  149.993 21.493 118.77  35928 17.8
2010-02-05  04:10:00  17 10 16.4  -16 49 46  +001087.9 +000022.8  22 01 38.3  149.500 21.368 121.60  35682 17.9
2010-02-05  04:20:00  17 22 26.7  -16 45 11  +001102.9 +000032.4  21 59 29.7  148.958 21.251 124.45  35439 18.0

   Date        UTC        RA         DECL      RARate   DeclRate    HourAng      Az     Um    Phase  Range  Mag
2010-02-05  16:10:00  07 52 13.1  -00 32 01  +000777.2 -000091.5  19 21 39.9  105.450 13.522  26.52  42392 15.9
2010-02-05  16:20:00  08 00 49.2  -00 47 30  +000771.0 -000094.1  19 23 05.4  105.901 13.566  25.06  42550 15.9
2010-02-05  16:30:00  08 09 21.3  -01 03 24  +000765.2 -000096.6  19 24 35.0  106.369 13.615  23.72  42699 15.9
2010-02-05  16:40:00  08 17 49.5  -01 19 42  +000759.7 -000098.9  19 26 08.4  106.854 13.668  22.51  42840 15.9
2010-02-05  16:50:00  08 26 14.3  -01 36 22  +000754.6 -000101.1  19 27 45.3  107.355 13.725  21.45  42972 15.9
2010-02-05  17:00:00  08 34 35.8  -01 53 24  +000749.9 -000103.2  19 29 25.4  107.871 13.786  20.56  43095 15.9
2010-02-05  17:10:00  08 42 54.2  -02 10 45  +000745.5 -000105.1  19 31 08.7  108.400 13.849  19.86  43209 15.9
2010-02-05  17:20:00  08 51 09.8  -02 28 25  +000741.5 -000106.9  19 32 54.7  108.942 13.915  19.36  43315 15.9
2010-02-05  17:30:00  08 59 22.9  -02 46 22  +000737.8 -000108.5  19 34 43.2  109.496 13.983  19.08  43411 15.9
2010-02-05  17:40:00  09 07 33.7  -03 04 34  +000734.5 -000110.0  19 36 34.1  110.061 14.052  19.02  43499 15.9
2010-02-05  17:50:00  09 15 42.3  -03 23 02  +000731.6 -000111.5  19 38 27.1  110.636 14.122  19.18  43577 15.9
2010-02-05  18:00:00  09 23 49.2  -03 41 44  +000729.0 -000112.8  19 40 21.9  111.219 14.192  19.56  43647 15.9
2010-02-05  18:10:00  09 31 54.4  -04 00 37  +000726.7 -000114.0  19 42 18.3  111.811 14.262  20.13  43707 15.9
2010-02-05  18:20:00  09 39 58.2  -04 19 43  +000724.9 -000115.1  19 44 16.1  112.409 14.331  20.89  43758 15.9
2010-02-05  18:30:00  09 48 00.9  -04 38 59  +000723.3 -000116.1  19 46 15.1  113.013 14.399  21.81  43800 15.9
2010-02-05  18:40:00  09 56 02.7  -04 58 24  +000722.1 -000117.0  19 48 14.9  113.622 14.466  22.87  43833 15.9
2010-02-05  18:50:00  10 04 03.8  -05 17 57  +000721.3 -000117.7  19 50 15.4  114.235 14.530  24.06  43857 16.0
2010-02-05  19:00:00  10 12 04.5  -05 37 38  +000720.8 -000118.4  19 52 16.4  114.851 14.592  25.34  43872 16.0
2010-02-05  19:10:00  10 20 05.0  -05 57 26  +000720.7 -000119.0  19 54 17.6  115.469 14.650  26.72  43877 16.0
2010-02-05  19:20:00  10 28 05.5  -06 17 18  +000720.9 -000119.5  19 56 18.7  116.088 14.705  28.17  43874 16.0
2010-02-05  19:30:00  10 36 06.3  -06 37 15  +000721.4 -000119.9  19 58 19.6  116.707 14.755  29.69  43862 16.0
2010-02-05  19:40:00  10 44 07.5  -06 57 16  +000722.4 -000120.2  20 00 20.0  117.326 14.802  31.26  43841 16.0
2010-02-05  19:50:00  10 52 09.5  -07 17 18  +000723.6 -000120.3  20 02 19.7  117.942 14.843  32.89  43811 16.0
2010-02-05  20:00:00  11 00 12.4  -07 37 22  +000725.2 -000120.4  20 04 18.4  118.555 14.879  34.55  43772 16.0
2010-02-05  20:10:00  11 08 16.5  -07 57 26  +000727.2 -000120.4  20 06 15.9  119.163 14.910  36.27  43725 16.1
2010-02-05  20:20:00  11 16 22.1  -08 17 29  +000729.6 -000120.2  20 08 11.9  119.767 14.935  38.00  43669 16.1
2010-02-05  20:30:00  11 24 29.4  -08 37 30  +000732.3 -000120.0  20 10 06.3  120.365 14.953  39.78  43604 16.1
2010-02-05  20:40:00  11 32 38.6  -08 57 29  +000735.3 -000119.6  20 11 58.8  120.955 14.965  41.58  43531 16.1
2010-02-05  20:50:00  11 40 49.9  -09 17 23  +000738.8 -000119.1  20 13 49.1  121.537 14.970  43.41  43449 16.1
2010-02-05  21:00:00  11 49 03.6  -09 37 11  +000742.5 -000118.5  20 15 37.0  122.109 14.968  45.26  43360 16.2
2010-02-05  21:10:00  11 57 20.0  -09 56 53  +000746.7 -000117.8  20 17 22.3  122.671 14.958  47.15  43262 16.2
2010-02-05  21:20:00  12 05 39.3  -10 16 26  +000751.3 -000116.9  20 19 04.6  123.220 14.941  49.04  43156 16.2
2010-02-05  21:30:00  12 14 01.8  -10 35 51  +000756.2 -000115.9  20 20 43.8  123.757 14.917  50.97  43042 16.2
2010-02-05  21:40:00  12 22 27.6  -10 55 05  +000761.5 -000114.8  20 22 19.6  124.280 14.884  52.91  42920 16.2
2010-02-05  21:50:00  12 30 57.2  -11 14 06  +000767.2 -000113.5  20 23 51.7  124.788 14.844  54.89  42790 16.3
2010-02-05  22:00:00  12 39 30.6  -11 32 54  +000773.3 -000112.0  20 25 19.8  125.279 14.795  56.87  42653 16.3
2010-02-05  22:10:00  12 48 08.2  -11 51 26  +000779.7 -000110.4  20 26 43.9  125.753 14.738  58.89  42509 16.3
2010-02-05  22:20:00  12 56 50.3  -12 09 41  +000786.6 -000108.6  20 28 03.5  126.208 14.674  60.92  42357 16.3
2010-02-05  22:30:00  13 05 37.1  -12 27 38  +000793.9 -000106.7  20 29 18.3  126.643 14.600  62.99  42199 16.4
2010-02-05  22:40:00  13 14 28.9  -12 45 14  +000801.5 -000104.5  20 30 28.2  127.056 14.519  65.06  42033 16.4
2010-02-05  22:50:00  13 23 25.9  -13 02 28  +000809.6 -000102.2  20 31 32.8  127.447 14.430  67.17  41861 16.4
2010-02-05  23:00:00  13 32 28.4  -13 19 17  +000818.0 -000099.6  20 32 32.0  127.814 14.332  69.29  41682 16.5
2010-02-05  23:10:00  13 41 36.7  -13 35 40  +000826.9 -000096.8  20 33 25.3  128.157 14.227  71.45  41497 16.5
2010-02-05  23:20:00  13 50 50.9  -13 51 33  +000836.1 -000093.8  20 34 12.7  128.473 14.114  73.61  41307 16.6
2010-02-05  23:30:00  14 00 11.5  -14 06 55  +000845.8 -000090.6  20 34 53.7  128.762 13.993  75.82  41110 16.6
2010-02-05  23:40:00  14 09 38.7  -14 21 44  +000855.8 -000087.1  20 35 28.2  129.022 13.864  78.04  40908 16.6
2010-02-05  23:50:00  14 19 12.7  -14 35 56  +000866.3 -000083.4  20 35 55.8  129.253 13.728  80.31  40700 16.7
2010-02-06  00:00:00  14 28 53.8  -14 49 30  +000877.1 -000079.3  20 36 16.4  129.452 13.586  82.58  40488 16.7
2010-02-06  00:10:00  14 38 42.3  -15 02 23  +000888.3 -000075.1  20 36 29.6  129.619 13.436  84.90  40271 16.8
2010-02-06  00:20:00  14 48 38.3  -15 14 30  +000899.9 -000070.5  20 36 35.2  129.753 13.279  87.23  40050 16.8
2010-02-06  00:30:00  14 58 42.1  -15 25 51  +000911.8 -000065.6  20 36 33.0  129.852 13.117  89.61  39825 16.9
2010-02-06  00:40:00  15 08 54.0  -15 36 21  +000924.0 -000060.4  20 36 22.7  129.915 12.948  92.00  39596 16.9
2010-02-06  00:50:00  15 19 14.2  -15 45 57  +000936.6 -000054.8  20 36 04.2  129.942 12.773  94.45  39364 17.0
2010-02-06  01:00:00  15 29 43.0  -15 54 37  +000949.6 -000049.0  20 35 37.1  129.930 12.593  96.91  39129 17.1
2010-02-06  01:10:00  15 40 20.4  -16 02 16  +000962.8 -000042.8  20 35 01.3  129.879 12.407  99.41  38892 17.2
2010-02-06  01:20:00  15 51 06.7  -16 08 52  +000976.2 -000036.3  20 34 16.7  129.789 12.217 101.94  38653 17.2
2010-02-06  01:30:00  16 02 02.0  -16 14 21  +000989.9 -000029.4  20 33 23.0  129.657 12.022 104.52  38413 17.3
2010-02-06  01:40:00  16 13 06.5  -16 18 39  +001003.8 -000022.2  20 32 20.2  129.484 11.823 107.12  38171 17.4
2010-02-06  01:50:00  16 24 20.3  -16 21 43  +001017.8 -000014.6  20 31 08.0  129.268 11.620 109.77  37930 17.5
2010-02-06  02:00:00  16 35 43.6  -16 23 30  +001032.0 -000006.7  20 29 46.3  129.008 11.414 112.44  37688 17.6
2010-02-06  02:10:00  16 47 16.4  -16 23 56  +001046.3 +000001.6  20 28 15.2  128.705 11.204 115.17  37447 17.7
2010-02-06  02:20:00  16 58 58.7  -16 22 58  +001060.7 +000010.1  20 26 34.5  128.356 10.991 117.92  37208 17.8
2010-02-06  02:30:00  17 10 50.6  -16 20 33  +001075.0 +000019.0  20 24 44.3  127.963 10.775 120.72  36970 17.9
2010-02-06  02:40:00  17 22 52.0  -16 16 37  +001089.3 +000028.2  20 22 44.5  127.524 10.557 123.55  36735 18.1
2010-02-06  02:50:00  17 35 02.8  -16 11 08  +001103.5 +000037.7  20 20 35.3  127.039 10.336 126.43  36504 18.2
2010-02-06  03:00:00  17 47 23.2  -16 04 04  +001117.5 +000047.4  20 18 16.6  126.509 10.114 129.34  36276 18.4

   Date        UTC        RA         DECL      RARate   DeclRate    HourAng      Az     Um    Phase  Range  Mag
2010-02-14  20:40:00  03 12 10.3  +01 56 50  +001082.4 +000035.0  05 07 56.0  261.843 10.361  99.55  36820 17.0
2010-02-14  20:50:00  03 24 07.3  +02 01 56  +001068.2 +000026.3  05 06 00.7  261.545 10.751  96.63  37043 17.0
2010-02-14  21:00:00  03 35 54.7  +02 05 37  +001053.9 +000017.8  05 04 15.0  261.260 11.096  93.76  37273 16.9
2010-02-14  21:10:00  03 47 32.5  +02 07 54  +001039.6 +000009.6  05 02 38.8  260.988 11.397  90.92  37509 16.8
2010-02-14  21:20:00  03 59 00.9  +02 08 51  +001025.4 +000001.8  05 01 12.1  260.729 11.655  88.13  37750 16.7
2010-02-14  21:30:00  04 10 19.7  +02 08 30  +001011.3 -000005.8  04 59 54.8  260.484 11.869  85.38  37996 16.7
2010-02-14  21:40:00  04 21 29.3  +02 06 55  +000997.3 -000013.1  04 58 47.0  260.254 12.042  82.68  38246 16.6
2010-02-14  21:50:00  04 32 29.5  +02 04 08  +000983.5 -000020.1  04 57 48.3  260.039 12.174  80.01  38499 16.6
2010-02-14  22:00:00  04 43 20.7  +02 00 14  +000970.0 -000026.7  04 56 58.7  259.839 12.267  77.39  38754 16.5
2010-02-14  22:10:00  04 54 02.9  +01 55 15  +000956.6 -000033.1  04 56 18.2  259.654 12.321  74.80  39012 16.5
2010-02-14  22:20:00  05 04 36.3  +01 49 14  +000943.6 -000039.0  04 55 46.4  259.485 12.337  72.26  39270 16.4
2010-02-14  22:30:00  05 15 01.1  +01 42 15  +000930.8 -000044.7  04 55 23.3  259.332 12.317  69.75  39530 16.4
2010-02-14  22:40:00  05 25 17.5  +01 34 21  +000918.4 -000050.1  04 55 08.5  259.194 12.261  67.29  39789 16.3
2010-02-14  22:50:00  05 35 25.8  +01 25 34  +000906.3 -000055.1  04 55 01.9  259.072 12.172  64.86  40048 16.3
2010-02-14  23:00:00  05 45 26.1  +01 15 59  +000894.6 -000059.9  04 55 03.3  258.966 12.051  62.48  40306 16.3
2010-02-14  23:10:00  05 55 18.8  +01 05 37  +000883.3 -000064.4  04 55 12.2  258.874 11.899  60.13  40562 16.2
2010-02-14  23:20:00  06 05 03.9  +00 54 32  +000872.3 -000068.6  04 55 28.7  258.798 11.716  57.82  40816 16.2
2010-02-14  23:30:00  06 14 41.9  +00 42 47  +000861.7 -000072.5  04 55 52.3  258.737 11.505  55.55  41068 16.2
2010-02-14  23:40:00  06 24 13.0  +00 30 23  +000851.5 -000076.2  04 56 22.9  258.690 11.267  53.32  41316 16.2
2010-02-14  23:50:00  06 33 37.4  +00 17 24  +000841.7 -000079.6  04 57 00.2  258.658 11.003  51.12  41561 16.1
2010-02-15  00:00:00  06 42 55.4  +00 03 53  +000832.3 -000082.7  04 57 43.8  258.639 10.714  48.97  41803 16.1
2010-02-15  00:10:00  06 52 07.2  -00 10 10  +000823.3 -000085.7  04 58 33.6  258.633 10.401  46.84  42040 16.1
2010-02-15  00:20:00  07 01 13.3  -00 24 40  +000814.8 -000088.4  04 59 29.2  258.640 10.066  44.77  42273 16.1

   Date        UTC        RA         DECL      RARate   DeclRate    HourAng      Az     Um    Phase  Range  Mag
2010-02-15  16:20:00  23 35 01.0  -03 16 40  +001278.6 +000181.7  04 28 19.1  250.757 13.105 153.91  33102 20.3
2010-02-15  16:30:00  23 49 11.8  -02 46 50  +001273.4 +000176.3  04 24 10.1  250.281 14.158 150.43  33109 19.9
2010-02-15  16:40:00  00 03 18.8  -02 17 57  +001267.2 +000170.1  04 20 04.7  249.801 15.186 146.97  33134 19.5
2010-02-15  16:50:00  00 17 21.3  -01 50 10  +001260.0 +000163.2  04 16 03.9  249.317 16.188 143.51  33176 19.2
2010-02-15  17:00:00  00 31 18.6  -01 23 36  +001251.9 +000155.6  04 12 08.2  248.831 17.159 140.07  33235 18.9
2010-02-15  17:10:00  00 45 10.2  -00 58 21  +001242.8 +000147.5  04 08 18.2  248.344 18.097 136.64  33311 18.7
2010-02-15  17:20:00  00 58 55.5  -00 34 29  +001232.9 +000138.8  04 04 34.6  247.858 18.999 133.25  33403 18.4
2010-02-15  17:30:00  01 12 33.9  -00 12 06  +001222.1 +000129.8  04 00 57.8  247.372 19.862 129.88  33511 18.2
2010-02-15  17:40:00  01 26 04.8  +00 08 46  +001210.7 +000120.4  03 57 28.5  246.890 20.685 126.55  33634 18.0
2010-02-15  17:50:00  01 39 28.0  +00 28 02  +001198.5 +000110.8  03 54 07.0  246.411 21.465 123.24  33772 17.9
2010-02-15  18:00:00  01 52 42.8  +00 45 41  +001185.8 +000101.0  03 50 53.8  245.939 22.201 119.98  33923 17.7
2010-02-15  18:10:00  02 05 48.9  +01 01 42  +001172.5 +000091.1  03 47 49.3  245.473 22.892 116.74  34087 17.6
2010-02-15  18:20:00  02 18 46.0  +01 16 03  +001158.7 +000081.2  03 44 53.9  245.016 23.536 113.56  34262 17.4
2010-02-15  18:30:00  02 31 33.8  +01 28 45  +001144.5 +000071.2  03 42 07.7  244.569 24.134 110.41  34450 17.3
2010-02-15  18:40:00  02 44 12.0  +01 39 48  +001130.0 +000061.4  03 39 31.2  244.134 24.683 107.31  34647 17.2
2010-02-15  18:50:00  02 56 40.5  +01 49 13  +001115.3 +000051.7  03 37 04.3  243.713 25.186 104.24  34855 17.1
2010-02-15  19:00:00  03 08 59.1  +01 57 03  +001100.4 +000042.2  03 34 47.3  243.305 25.641 101.23  35071 17.0
2010-02-15  19:10:00  03 21 07.7  +02 03 18  +001085.3 +000032.9  03 32 40.4  242.913 26.048  98.26  35294 16.9
2010-02-15  19:20:00  03 33 06.3  +02 08 02  +001070.2 +000023.9  03 30 43.5  242.539 26.409  95.33  35526 16.8
2010-02-15  19:30:00  03 44 54.7  +02 11 16  +001055.1 +000015.1  03 28 56.7  242.182 26.723  92.44  35763 16.7
2010-02-15  19:40:00  03 56 33.0  +02 13 05  +001040.0 +000006.6  03 27 20.0  241.845 26.993  89.61  36006 16.7
2010-02-15  19:50:00  04 08 01.4  +02 13 30  +001025.0 -000001.5  03 25 53.3  241.528 27.218  86.81  36254 16.6
2010-02-15  20:00:00  04 19 19.8  +02 12 36  +001010.2 -000009.3  03 24 36.6  241.231 27.399  84.07  36505 16.5
2010-02-15  20:10:00  04 30 28.4  +02 10 25  +000995.6 -000016.8  03 23 29.5  240.956 27.539  81.36  36760 16.5
2010-02-15  20:20:00  04 41 27.3  +02 07 01  +000981.2 -000023.9  03 22 32.3  240.703 27.637  78.70  37018 16.4
2010-02-15  20:30:00  04 52 16.7  +02 02 28  +000967.0 -000030.7  03 21 44.6  240.472 27.696  76.08  37277 16.4
2010-02-15  20:40:00  05 02 56.7  +01 56 49  +000953.1 -000037.1  03 21 06.2  240.264 27.717  73.51  37538 16.3
2010-02-15  20:50:00  05 13 27.6  +01 50 07  +000939.6 -000043.2  03 20 36.9  240.078 27.700  70.97  37799 16.3
2010-02-15  21:00:00  05 23 49.6  +01 42 25  +000926.4 -000049.0  03 20 16.6  239.915 27.648  68.48  38060 16.3
2010-02-15  21:10:00  05 34 02.9  +01 33 48  +000913.5 -000054.4  03 20 05.0  239.774 27.562  66.02  38321 16.2
2010-02-15  21:20:00  05 44 07.8  +01 24 19  +000901.1 -000059.5  03 20 01.7  239.655 27.443  63.62  38580 16.2
2010-02-15  21:30:00  05 54 04.5  +01 13 59  +000889.0 -000064.3  03 20 06.6  239.559 27.292  61.24  38838 16.2
2010-02-15  21:40:00  06 03 53.3  +01 02 53  +000877.3 -000068.8  03 20 19.5  239.484 27.111  58.92  39094 16.1
2010-02-15  21:50:00  06 13 34.4  +00 51 04  +000866.1 -000073.0  03 20 40.0  239.430 26.902  56.62  39347 16.1
2010-02-15  22:00:00  06 23 08.1  +00 38 33  +000855.2 -000077.0  03 21 08.0  239.396 26.665  54.37  39597 16.1
2010-02-15  22:10:00  06 32 34.7  +00 25 25  +000844.8 -000080.6  03 21 43.0  239.382 26.403  52.15  39844 16.1
2010-02-15  22:20:00  06 41 54.5  +00 11 42  +000834.8 -000084.1  03 22 24.8  239.387 26.115  49.98  40086 16.0
2010-02-15  22:30:00  06 51 07.9  -00 02 35  +000825.2 -000087.2  03 23 13.0  239.410 25.804  47.84  40325 16.0
2010-02-15  22:40:00  07 00 15.0  -00 17 22  +000816.1 -000090.2  03 24 07.6  239.450 25.471  45.75  40559 16.0
2010-02-15  22:50:00  07 09 16.1  -00 32 37  +000807.3 -000092.9  03 25 08.1  239.508 25.116  43.69  40788 16.0
2010-02-15  23:00:00  07 18 11.5  -00 48 19  +000799.0 -000095.4  03 26 14.4  239.581 24.742  41.68  41011 16.0
2010-02-15  23:10:00  07 27 01.6  -01 04 25  +000791.2 -000097.7  03 27 26.0  239.669 24.349  39.71  41229 16.0
2010-02-15  23:20:00  07 35 46.5  -01 20 53  +000783.7 -000099.8  03 28 42.7  239.771 23.938  37.79  41441 16.0
2010-02-15  23:30:00  07 44 26.6  -01 37 41  +000776.7 -000101.8  03 30 04.2  239.886 23.511  35.91  41647 16.0
2010-02-15  23:40:00  07 53 02.2  -01 54 47  +000770.1 -000103.5  03 31 30.3  240.014 23.068  34.09  41847 15.9
2010-02-15  23:50:00  08 01 33.5  -02 12 10  +000763.8 -000105.1  03 33 00.6  240.153 22.611  32.32  42040 15.9
2010-02-16  00:00:00  08 10 00.8  -02 29 49  +000758.0 -000106.6  03 34 35.0  240.303 22.140  30.62  42226 15.9
2010-02-16  00:10:00  08 18 24.3  -02 47 42  +000752.6 -000107.9  03 36 13.1  240.462 21.657  28.97  42405 15.9
2010-02-16  00:20:00  08 26 44.3  -03 05 46  +000747.6 -000109.0  03 37 54.7  240.630 21.162  27.42  42576 15.9
2010-02-16  00:30:00  08 35 01.2  -03 24 02  +000743.0 -000110.1  03 39 39.5  240.806 20.656  25.93  42740 15.9
2010-02-16  00:40:00  08 43 15.0  -03 42 27  +000738.7 -000111.0  03 41 27.3  240.990 20.141  24.56  42896 15.9
2010-02-16  00:50:00  08 51 26.2  -04 01 00  +000734.9 -000111.7  03 43 17.7  241.179 19.617  23.28  43045 15.9
2010-02-16  01:00:00  08 59 35.0  -04 19 41  +000731.4 -000112.4  03 45 10.6  241.375 19.085  22.14  43185 15.9
2010-02-16  01:10:00  09 07 41.5  -04 38 28  +000728.3 -000112.9  03 47 05.7  241.575 18.546  21.13  43317 15.9
2010-02-16  01:20:00  09 15 46.1  -04 57 19  +000725.6 -000113.4  03 49 02.8  241.779 18.000  20.28  43441 15.9
2010-02-16  01:30:00  09 23 49.0  -05 16 15  +000723.2 -000113.7  03 51 01.5  241.987 17.450  19.61  43556 15.9
2010-02-16  01:40:00  09 31 50.5  -05 35 13  +000721.2 -000113.9  03 53 01.7  242.197 16.894  19.13  43662 15.9
2010-02-16  01:50:00  09 39 50.7  -05 54 13  +000719.6 -000114.1  03 55 03.1  242.409 16.335  18.86  43760 15.9
2010-02-16  02:00:00  09 47 50.0  -06 13 13  +000718.3 -000114.1  03 57 05.5  242.622 15.774  18.80  43849 15.9
2010-02-16  02:10:00  09 55 48.5  -06 32 14  +000717.3 -000114.0  03 59 08.6  242.835 15.210  18.96  43928 15.9
2010-02-16  02:20:00  10 03 46.5  -06 51 13  +000716.8 -000113.9  04 01 12.3  243.049 14.645  19.31  43999 15.9
2010-02-16  02:30:00  10 11 44.2  -07 10 11  +000716.6 -000113.6  04 03 16.2  243.262 14.079  19.87  44060 15.9
2010-02-16  02:40:00  10 19 42.0  -07 29 05  +000716.7 -000113.3  04 05 20.1  243.473 13.514  20.60  44112 15.9
2010-02-16  02:50:00  10 27 39.9  -07 47 56  +000717.2 -000112.9  04 07 23.8  243.682 12.950  21.50  44154 16.0
2010-02-16  03:00:00  10 35 38.3  -08 06 42  +000718.0 -000112.3  04 09 27.1  243.889 12.388  22.53  44187 16.0
2010-02-16  03:10:00  10 43 37.3  -08 25 22  +000719.2 -000111.7  04 11 29.7  244.093 11.829  23.69  44211 16.0
2010-02-16  03:20:00  10 51 37.2  -08 43 56  +000720.7 -000111.0  04 13 31.4  244.293 11.273  24.95  44225 16.0
2010-02-16  03:30:00  10 59 38.3  -09 02 22  +000722.6 -000110.2  04 15 32.0  244.489 10.722  26.32  44229 16.0
2010-02-16  03:40:00  11 07 40.7  -09 20 41  +000724.8 -000109.4  04 17 31.2  244.680 10.176  27.75  44224 16.0
