ЭФЕМЕРИДЫ ПО ОБЪЕКТУ:  90094
Для пункта:  10016 Маяки   46 23'50.68"   30 16'17.74"    14m
C   2010-02-01 12:00
по  2010-02-16 12:00
Шаг  0:10:00
Мин.угол места:          10 град
Макс.угол места Солнца: -10 град
Стандартный блеск :      8.3 (зв.вел.)

ОБОЗНАЧЕНИЯ
RA        прямое восхождение, тек.эпоха
DECL      склонение, тек.эпоха
RARate    скорость по пр.восх., арксек/мин
DeclRate  скорость по склонению, арксек/мин
HourAng   часовой угол
Az        азимут
Um        угол места
Phase     фазовый угол
Range     дальность
Mag       зв.величина (оценка)

   Date        UTC        RA         DECL      RARate   DeclRate    HourAng      Az     Um    Phase  Range  Mag
2010-02-08  16:10:00  08 47 45.1  +06 40 31  +000864.2 -000133.0  18 37 57.6   92.246 11.368  12.99  41714 15.2
2010-02-08  16:20:00  08 57 20.5  +06 17 41  +000862.2 -000141.0  18 38 23.8   92.594 11.169  11.55  41722 15.2
2010-02-08  16:30:00  09 06 54.7  +05 53 32  +000860.3 -000148.7  18 38 51.3   92.962 10.958  10.48  41729 15.2
2010-02-08  16:40:00  09 16 27.6  +05 28 08  +000858.3 -000156.1  18 39 20.0   93.348 10.735   9.89  41737 15.2
2010-02-08  16:50:00  09 25 59.2  +05 01 31     <<SHADOW>>        18 39 50.1   93.752 10.500   9.87  41745 ----
2010-02-08  17:00:00  09 35 29.5  +04 33 43     <<SHADOW>>        18 40 21.4   94.173 10.255  10.43  41752 ----

   Date        UTC        RA         DECL      RARate   DeclRate    HourAng      Az     Um    Phase  Range  Mag
2010-02-09  16:20:00  08 34 56.7  +07 12 36  +000866.3 -000124.1  19 04 44.2   96.804 16.355  15.99  41208 15.2
2010-02-09  16:30:00  08 44 33.6  +06 51 13  +000864.3 -000132.5  19 05 08.9   97.138 16.168  14.13  41216 15.2
2010-02-09  16:40:00  08 54 09.1  +06 28 27  +000862.3 -000140.6  19 05 35.0   97.491 15.967  12.48  41223 15.2
2010-02-09  16:50:00  09 03 43.3  +06 04 22  +000860.3 -000148.5  19 06 02.5   97.864 15.753  11.10  41231 15.2
2010-02-09  17:00:00  09 13 16.2  +05 38 59  +000858.4 -000156.1  19 06 31.2   98.255 15.528  10.13  41238 15.2
2010-02-09  17:10:00  09 22 47.8  +05 12 21  +000856.5 -000163.4  19 07 01.3   98.665 15.290   9.67  41246 15.1
2010-02-09  17:20:00  09 32 18.2  +04 44 32     <<SHADOW>>        19 07 32.5   99.092 15.040   9.80  41254 ----
2010-02-09  17:30:00  09 41 47.3  +04 15 34     <<SHADOW>>        19 08 05.0   99.535 14.780  10.51  41261 ----
2010-02-09  17:40:00  09 51 15.3  +03 45 29     <<SHADOW>>        19 08 38.7   99.994 14.508  11.68  41269 ----
2010-02-09  17:50:00  10 00 42.2  +03 14 22     <<SHADOW>>        19 09 13.4  100.467 14.226  13.20  41277 ----
2010-02-09  18:00:00  10 10 08.2  +02 42 15     <<SHADOW>>        19 09 49.1  100.954 13.934  14.95  41284 ----
2010-02-09  18:10:00  10 19 33.2  +02 09 12  +000846.9 -000201.0  19 10 25.8  101.454 13.631  16.87  41292 15.2
2010-02-09  18:20:00  10 28 57.3  +01 35 15  +000845.7 -000206.2  19 11 03.2  101.965 13.320  18.90  41299 15.2
2010-02-09  18:30:00  10 38 20.8  +01 00 29  +000844.7 -000211.0  19 11 41.4  102.487 12.999  21.03  41307 15.2
2010-02-09  18:40:00  10 47 43.7  +00 24 57  +000843.9 -000215.4  19 12 20.2  103.018 12.669  23.20  41315 15.2
2010-02-09  18:50:00  10 57 06.1  -00 11 18  +000843.3 -000219.5  19 12 59.4  103.557 12.331  25.43  41323 15.2
2010-02-09  19:00:00  11 06 28.1  -00 48 11  +000842.9 -000223.2  19 13 39.0  104.104 11.985  27.69  41331 15.3
2010-02-09  19:10:00  11 15 50.0  -01 25 41  +000842.6 -000226.6  19 14 18.8  104.656 11.631  29.98  41339 15.3
2010-02-09  19:20:00  11 25 11.7  -02 03 41  +000842.6 -000229.5  19 14 58.7  105.214 11.270  32.28  41347 15.3
2010-02-09  19:30:00  11 34 33.5  -02 42 10  +000842.8 -000232.1  19 15 38.6  105.775 10.901  34.61  41355 15.3
2010-02-09  19:40:00  11 43 55.5  -03 21 03  +000843.3 -000234.4  19 16 18.2  106.338 10.526  36.95  41363 15.3
2010-02-09  19:50:00  11 53 17.9  -04 00 16  +000843.9 -000236.2  19 16 57.4  106.902 10.144  39.30  41372 15.4

   Date        UTC        RA         DECL      RARate   DeclRate    HourAng      Az     Um    Phase  Range  Mag
2010-02-10  16:20:00  08 12 06.4  +08 01 19  +000870.4 -000105.5  19 31 31.0  101.315 21.504  21.67  40712 15.2
2010-02-10  16:30:00  08 21 46.0  +07 42 58  +000868.5 -000114.5  19 31 53.0  101.610 21.342  19.52  40720 15.2
2010-02-10  16:40:00  08 31 24.3  +07 23 09  +000866.5 -000123.3  19 32 16.4  101.927 21.166  17.45  40727 15.2
2010-02-10  16:50:00  08 41 01.3  +07 01 54  +000864.5 -000131.8  19 32 41.0  102.265 20.975  15.48  40735 15.1
2010-02-10  17:00:00  08 50 37.0  +06 39 14  +000862.5 -000140.1  19 33 07.0  102.624 20.771  13.66  40742 15.1
2010-02-10  17:10:00  09 00 11.3  +06 15 12  +000860.4 -000148.2  19 33 34.4  103.003 20.553  12.04  40750 15.1
2010-02-10  17:20:00  09 09 44.2  +05 49 52  +000858.5 -000155.9  19 34 03.0  103.401 20.321  10.73  40757 15.1
2010-02-10  17:30:00  09 19 15.9  +05 23 15  +000856.5 -000163.4  19 34 33.0  103.817 20.077   9.84  40765 15.1
2010-02-10  17:40:00  09 28 46.3  +04 55 24     <<SHADOW>>        19 35 04.3  104.251 19.821   9.51  40773 ----
2010-02-10  17:50:00  09 38 15.4  +04 26 23     <<SHADOW>>        19 35 36.8  104.701 19.552   9.78  40780 ----
2010-02-10  18:00:00  09 47 43.4  +03 56 15     <<SHADOW>>        19 36 10.5  105.168 19.272  10.60  40788 ----
2010-02-10  18:10:00  09 57 10.2  +03 25 02     <<SHADOW>>        19 36 45.3  105.649 18.980  11.88  40796 ----
2010-02-10  18:20:00  10 06 36.0  +02 52 48     <<SHADOW>>        19 37 21.1  106.144 18.678  13.46  40804 ----
2010-02-10  18:30:00  10 16 00.9  +02 19 36     <<SHADOW>>        19 37 57.9  106.651 18.364  15.27  40812 ----
2010-02-10  18:40:00  10 25 24.9  +01 45 30  +000845.4 -000207.3  19 38 35.5  107.170 18.041  17.23  40820 15.2
2010-02-10  18:50:00  10 34 48.1  +01 10 32  +000844.3 -000212.2  19 39 14.0  107.700 17.708  19.30  40828 15.2
2010-02-10  19:00:00  10 44 10.7  +00 34 47  +000843.5 -000216.8  19 39 53.0  108.238 17.365  21.44  40836 15.2
2010-02-10  19:10:00  10 53 32.8  -00 01 42  +000842.8 -000221.0  19 40 32.6  108.785 17.013  23.64  40845 15.2
2010-02-10  19:20:00  11 02 54.4  -00 38 51  +000842.3 -000224.8  19 41 12.6  109.339 16.652  25.87  40853 15.2
2010-02-10  19:30:00  11 12 15.8  -01 16 37  +000842.0 -000228.3  19 41 52.8  109.898 16.282  28.15  40862 15.2
2010-02-10  19:40:00  11 21 37.1  -01 54 57  +000841.9 -000231.4  19 42 33.2  110.462 15.904  30.44  40871 15.3
2010-02-10  19:50:00  11 30 58.4  -02 33 45  +000842.0 -000234.1  19 43 13.5  111.029 15.519  32.76  40880 15.3
2010-02-10  20:00:00  11 40 19.9  -03 12 58  +000842.4 -000236.5  19 43 53.7  111.598 15.126  35.09  40889 15.3
2010-02-10  20:10:00  11 49 41.7  -03 52 33  +000843.0 -000238.4  19 44 33.5  112.167 14.726  37.44  40898 15.3
2010-02-10  20:20:00  11 59 03.9  -04 32 25  +000843.8 -000240.0  19 45 12.9  112.736 14.319  39.79  40908 15.4
2010-02-10  20:30:00  12 08 26.8  -05 12 31  +000844.9 -000241.1  19 45 51.6  113.303 13.906  42.17  40918 15.4
2010-02-10  20:40:00  12 17 50.5  -05 52 46  +000846.2 -000241.8  19 46 29.6  113.866 13.488  44.53  40928 15.4
2010-02-10  20:50:00  12 27 15.2  -06 33 06  +000847.8 -000242.1  19 47 06.6  114.425 13.065  46.93  40939 15.4
2010-02-10  21:00:00  12 36 40.9  -07 13 28  +000849.5 -000242.1  19 47 42.5  114.979 12.637  49.31  40950 15.5
2010-02-10  21:10:00  12 46 07.9  -07 53 46  +000851.6 -000241.5  19 48 17.1  115.526 12.205  51.71  40961 15.5
2010-02-10  21:20:00  12 55 36.4  -08 33 57  +000853.8 -000240.6  19 48 50.3  116.064 11.769  54.11  40972 15.6
2010-02-10  21:30:00  13 05 06.4  -09 13 57  +000856.3 -000239.2  19 49 21.9  116.593 11.330  56.52  40984 15.6
2010-02-10  21:40:00  13 14 38.1  -09 53 41  +000859.0 -000237.5  19 49 51.8  117.112 10.890  58.93  40996 15.6
2010-02-10  21:50:00  13 24 11.8  -10 33 04  +000861.9 -000235.2  19 50 19.9  117.620 10.447  61.35  41008 15.7
2010-02-10  22:00:00  13 33 47.4  -11 12 04  +000865.0 -000232.6  19 50 45.9  118.114 10.004  63.76  41021 15.7

   Date        UTC        RA         DECL      RARate   DeclRate    HourAng      Az     Um    Phase  Range  Mag
2010-02-11  16:20:00  07 48 49.8  +08 43 02  +000874.3 -000085.4  19 58 44.2  106.228 26.573  27.90  40242 15.2
2010-02-11  16:30:00  07 58 32.1  +08 28 00  +000872.5 -000095.0  19 59 03.6  106.482 26.440  25.63  40249 15.2
2010-02-11  16:40:00  08 08 13.1  +08 11 23  +000870.6 -000104.3  19 59 24.1  106.759 26.291  23.40  40256 15.2
2010-02-11  16:50:00  08 17 52.9  +07 53 14  +000868.7 -000113.5  19 59 46.0  107.058 26.125  21.21  40263 15.2
2010-02-11  17:00:00  08 27 31.4  +07 33 35  +000866.7 -000122.4  20 00 09.1  107.380 25.944  19.08  40270 15.1
2010-02-11  17:10:00  08 37 08.6  +07 12 28  +000864.7 -000131.1  20 00 33.6  107.724 25.747  17.01  40278 15.1
2010-02-11  17:20:00  08 46 44.4  +06 49 54  +000862.7 -000139.5  20 00 59.5  108.088 25.536  15.06  40285 15.1
2010-02-11  17:30:00  08 56 18.8  +06 25 58  +000860.6 -000147.7  20 01 26.7  108.473 25.310  13.26  40293 15.1
2010-02-11  17:40:00  09 05 51.9  +06 00 41  +000858.6 -000155.7  20 01 55.3  108.878 25.070  11.68  40301 15.1
2010-02-11  17:50:00  09 15 23.6  +05 34 06  +000856.6 -000163.3  20 02 25.1  109.301 24.817  10.43  40309 15.1
2010-02-11  18:00:00  09 24 54.0  +05 06 15  +000854.7 -000170.7  20 02 56.4  109.743 24.550   9.63  40317 15.1
2010-02-11  18:10:00  09 34 23.2  +04 37 13     <<SHADOW>>        20 03 28.8  110.201 24.270   9.40  40325 ----
2010-02-11  18:20:00  09 43 51.2  +04 07 02     <<SHADOW>>        20 04 02.5  110.675 23.978   9.78  40333 ----
2010-02-11  18:30:00  09 53 18.0  +03 35 45     <<SHADOW>>        20 04 37.3  111.164 23.673  10.71  40341 ----
2010-02-11  18:40:00  10 02 43.7  +03 03 25     <<SHADOW>>        20 05 13.2  111.666 23.356  12.06  40349 ----
2010-02-11  18:50:00  10 12 08.5  +02 30 06     <<SHADOW>>        20 05 50.1  112.182 23.028  13.71  40357 ----
2010-02-11  19:00:00  10 21 32.3  +01 55 51     <<SHADOW>>        20 06 27.9  112.708 22.689  15.56  40366 ----
2010-02-11  19:10:00  10 30 55.4  +01 20 43  +000844.0 -000213.3  20 07 06.5  113.245 22.339  17.55  40374 15.1
2010-02-11  19:20:00  10 40 17.7  +00 44 46  +000843.1 -000218.0  20 07 45.8  113.791 21.978  19.64  40383 15.1
2010-02-11  19:30:00  10 49 39.5  +00 08 04  +000842.3 -000222.4  20 08 25.7  114.345 21.608  21.80  40392 15.2
2010-02-11  19:40:00  10 59 00.8  -00 29 20  +000841.7 -000226.3  20 09 06.0  114.905 21.227  24.00  40402 15.2
2010-02-11  19:50:00  11 08 21.8  -01 07 21  +000841.4 -000229.9  20 09 46.6  115.471 20.838  26.26  40411 15.2
2010-02-11  20:00:00  11 17 42.7  -01 45 57  +000841.2 -000233.2  20 10 27.4  116.040 20.439  28.53  40421 15.2
2010-02-11  20:10:00  11 27 03.5  -02 25 04  +000841.3 -000236.0  20 11 08.2  116.612 20.032  30.84  40431 15.2
2010-02-11  20:20:00  11 36 24.5  -03 04 37  +000841.6 -000238.5  20 11 48.9  117.186 19.617  33.16  40441 15.3
2010-02-11  20:30:00  11 45 45.7  -03 44 32  +000842.1 -000240.5  20 12 29.4  117.759 19.195  35.51  40451 15.3
2010-02-11  20:40:00  11 55 07.3  -04 24 46  +000842.9 -000242.2  20 13 09.4  118.331 18.765  37.85  40462 15.3
2010-02-11  20:50:00  12 04 29.5  -05 05 14  +000843.9 -000243.4  20 13 48.8  118.900 18.329  40.22  40473 15.3
2010-02-11  21:00:00  12 13 52.5  -05 45 53  +000845.1 -000244.3  20 14 27.5  119.466 17.886  42.59  40484 15.4
2010-02-11  21:10:00  12 23 16.4  -06 26 38  +000846.6 -000244.7  20 15 05.2  120.026 17.438  44.97  40496 15.4
2010-02-11  21:20:00  12 32 41.3  -07 07 25  +000848.3 -000244.7  20 15 41.9  120.580 16.985  47.35  40508 15.4
2010-02-11  21:30:00  12 42 07.5  -07 48 10  +000850.3 -000244.3  20 16 17.4  121.126 16.528  49.75  40521 15.5
2010-02-11  21:40:00  12 51 35.0  -08 28 49  +000852.4 -000243.4  20 16 51.5  121.664 16.067  52.14  40534 15.5
2010-02-11  21:50:00  13 01 04.1  -09 09 17  +000854.9 -000242.1  20 17 24.1  122.191 15.603  54.56  40547 15.5
2010-02-11  22:00:00  13 10 34.9  -09 49 30  +000857.5 -000240.4  20 17 54.9  122.708 15.137  56.96  40560 15.6
2010-02-11  22:10:00  13 20 07.5  -10 29 24  +000860.4 -000238.3  20 18 23.9  123.212 14.669  59.38  40574 15.6
2010-02-11  22:20:00  13 29 42.1  -11 08 55  +000863.5 -000235.7  20 18 51.0  123.703 14.200  61.79  40588 15.7
2010-02-11  22:30:00  13 39 18.8  -11 47 57  +000866.7 -000232.7  20 19 15.9  124.179 13.731  64.21  40602 15.7
2010-02-11  22:40:00  13 48 57.8  -12 26 28  +000870.2 -000229.3  20 19 38.6  124.641 13.263  66.63  40617 15.8
2010-02-11  22:50:00  13 58 39.1  -13 04 21  +000873.8 -000225.4  20 19 58.9  125.086 12.796  69.06  40632 15.8
2010-02-11  23:00:00  14 08 22.9  -13 41 34  +000877.6 -000221.1  20 20 16.8  125.514 12.332  71.48  40646 15.9
2010-02-11  23:10:00  14 18 09.3  -14 18 02  +000881.5 -000216.4  20 20 32.1  125.924 11.871  73.92  40662 15.9
2010-02-11  23:20:00  14 27 58.3  -14 53 41  +000885.6 -000211.2  20 20 44.7  126.316 11.415  76.34  40677 16.0
2010-02-11  23:30:00  14 37 50.0  -15 28 25  +000889.7 -000205.6  20 20 54.6  126.688 10.964  78.78  40692 16.0
2010-02-11  23:40:00  14 47 44.6  -16 02 12  +000893.9 -000199.6  20 21 01.7  127.041 10.519  81.21  40708 16.1
2010-02-11  23:50:00  14 57 41.9  -16 34 56  +000898.2 -000193.2  20 21 06.0  127.372 10.081  83.66  40723 16.2

   Date        UTC        RA         DECL      RARate   DeclRate    HourAng      Az     Um    Phase  Range  Mag
2010-02-12  16:20:00  07 25 07.8  +09 16 59  +000877.8 -000064.0  20 26 22.8  111.667 31.505  34.43  39802 15.2
2010-02-12  16:30:00  07 34 52.5  +09 05 30  +000876.3 -000074.0  20 26 39.7  111.875 31.404  32.10  39809 15.2
2010-02-12  16:40:00  07 44 36.1  +08 52 21  +000874.6 -000083.8  20 26 57.7  112.108 31.285  29.81  39816 15.2
2010-02-12  16:50:00  07 54 18.6  +08 37 34  +000872.8 -000093.5  20 27 16.9  112.364 31.148  27.52  39823 15.2
2010-02-12  17:00:00  08 03 59.8  +08 21 12  +000870.9 -000103.0  20 27 37.3  112.644 30.993  25.26  39830 15.2
2010-02-12  17:10:00  08 13 39.8  +08 03 15  +000869.0 -000112.3  20 27 58.9  112.948 30.822  23.03  39837 15.1
2010-02-12  17:20:00  08 23 18.5  +07 43 47  +000867.0 -000121.4  20 28 21.9  113.274 30.633  20.85  39845 15.1
2010-02-12  17:30:00  08 32 55.9  +07 22 49  +000865.0 -000130.2  20 28 46.2  113.623 30.428  18.71  39853 15.1
2010-02-12  17:40:00  08 42 31.8  +07 00 23  +000862.9 -000138.8  20 29 11.8  113.993 30.207  16.67  39860 15.1
2010-02-12  17:50:00  08 52 06.4  +06 36 33  +000860.9 -000147.2  20 29 38.9  114.384 29.971  14.72  39868 15.1
2010-02-12  18:00:00  09 01 39.7  +06 11 21  +000858.8 -000155.3  20 30 07.3  114.795 29.719  12.95  39876 15.1
2010-02-12  18:10:00  09 11 11.6  +05 44 49  +000856.8 -000163.1  20 30 37.0  115.225 29.452  11.40  39884 15.1
2010-02-12  18:20:00  09 20 42.1  +05 17 01  +000854.8 -000170.6  20 31 08.1  115.673 29.172  10.20  39892 15.1
2010-02-12  18:30:00  09 30 11.4  +04 47 59  +000852.9 -000177.8  20 31 40.5  116.137 28.877   9.47  39901 15.1
2010-02-12  18:40:00  09 39 39.4  +04 17 46     <<SHADOW>>        20 32 14.1  116.618 28.568   9.34  39909 ----
2010-02-12  18:50:00  09 49 06.2  +03 46 26     <<SHADOW>>        20 32 48.9  117.114 28.246   9.81  39918 ----
2010-02-12  19:00:00  09 58 31.9  +03 14 02     <<SHADOW>>        20 33 24.9  117.623 27.912  10.82  39926 ----
2010-02-12  19:10:00  10 07 56.6  +02 40 37     <<SHADOW>>        20 34 01.8  118.145 27.564  12.24  39935 ----
2010-02-12  19:20:00  10 17 20.4  +02 06 15     <<SHADOW>>        20 34 39.7  118.678 27.205  13.92  39944 ----
2010-02-12  19:30:00  10 26 43.3  +01 30 59     <<SHADOW>>        20 35 18.5  119.221 26.834  15.81  39954 ----
2010-02-12  19:40:00  10 36 05.4  +00 54 52  +000842.8 -000219.1  20 35 58.0  119.772 26.451  17.82  39963 15.1
2010-02-12  19:50:00  10 45 27.0  +00 17 59  +000841.9 -000223.5  20 36 38.1  120.331 26.058  19.93  39973 15.1
2010-02-12  20:00:00  10 54 48.0  -00 19 37  +000841.3 -000227.7  20 37 18.6  120.895 25.654  22.10  39983 15.1
2010-02-12  20:10:00  11 04 08.7  -00 57 53  +000840.8 -000231.4  20 37 59.6  121.465 25.240  24.33  39993 15.2
2010-02-12  20:20:00  11 13 29.2  -01 36 44  +000840.6 -000234.7  20 38 40.8  122.037 24.816  26.58  40004 15.2
2010-02-12  20:30:00  11 22 49.6  -02 16 07  +000840.6 -000237.7  20 39 22.0  122.611 24.383  28.87  40015 15.2
2010-02-12  20:40:00  11 32 10.0  -02 55 57  +000840.8 -000240.3  20 40 03.2  123.186 23.941  31.18  40026 15.2
2010-02-12  20:50:00  11 41 30.7  -03 36 11  +000841.2 -000242.4  20 40 44.2  123.761 23.491  33.51  40038 15.2
2010-02-12  21:00:00  11 50 51.7  -04 16 44  +000841.9 -000244.2  20 41 24.8  124.333 23.034  35.85  40050 15.3
2010-02-12  21:10:00  12 00 13.3  -04 57 33  +000842.8 -000245.6  20 42 04.9  124.901 22.569  38.21  40062 15.3
2010-02-12  21:20:00  12 09 35.6  -05 38 34  +000844.0 -000246.5  20 42 44.2  125.465 22.098  40.57  40075 15.3
2010-02-12  21:30:00  12 18 58.7  -06 19 42  +000845.4 -000247.0  20 43 22.7  126.023 21.622  42.95  40088 15.4
2010-02-12  21:40:00  12 28 22.9  -07 00 53  +000847.1 -000247.1  20 44 00.2  126.573 21.140  45.33  40101 15.4
2010-02-12  21:50:00  12 37 48.2  -07 42 03  +000849.0 -000246.8  20 44 36.6  127.116 20.653  47.72  40115 15.4
2010-02-12  22:00:00  12 47 14.9  -08 23 07  +000851.1 -000246.0  20 45 11.5  127.648 20.163  50.11  40129 15.5
2010-02-12  22:10:00  12 56 43.0  -09 04 02  +000853.5 -000244.8  20 45 45.0  128.170 19.669  52.52  40144 15.5
2010-02-12  22:20:00  13 06 12.8  -09 44 42  +000856.1 -000243.2  20 46 16.8  128.679 19.174  54.92  40159 15.5
2010-02-12  22:30:00  13 15 44.5  -10 25 05  +000858.9 -000241.2  20 46 46.8  129.176 18.677  57.33  40174 15.6
2010-02-12  22:40:00  13 25 18.0  -11 05 05  +000861.9 -000238.7  20 47 14.9  129.659 18.179  59.74  40189 15.6
2010-02-12  22:50:00  13 34 53.7  -11 44 37  +000865.1 -000235.8  20 47 40.9  130.127 17.681  62.16  40205 15.7
2010-02-12  23:00:00  13 44 31.6  -12 23 38  +000868.6 -000232.4  20 48 04.6  130.579 17.185  64.58  40221 15.7
2010-02-12  23:10:00  13 54 11.8  -13 02 04  +000872.2 -000228.6  20 48 26.1  131.014 16.691  67.01  40237 15.8
2010-02-12  23:20:00  14 03 54.5  -13 39 49  +000875.9 -000224.3  20 48 45.0  131.431 16.199  69.43  40254 15.8
2010-02-12  23:30:00  14 13 39.7  -14 16 49  +000879.8 -000219.7  20 49 01.4  131.831 15.712  71.86  40270 15.9
2010-02-12  23:40:00  14 23 27.6  -14 53 01  +000883.9 -000214.6  20 49 15.2  132.211 15.230  74.28  40287 15.9
2010-02-12  23:50:00  14 33 18.3  -15 28 19  +000888.0 -000209.0  20 49 26.2  132.571 14.753  76.72  40303 16.0
2010-02-13  00:00:00  14 43 11.7  -16 02 40  +000892.3 -000203.1  20 49 34.4  132.912 14.284  79.15  40320 16.0
2010-02-13  00:10:00  14 53 07.9  -16 35 60  +000896.6 -000196.7  20 49 39.8  133.231 13.822  81.59  40337 16.1
2010-02-13  00:20:00  15 03 07.1  -17 08 14  +000900.9 -000189.9  20 49 42.3  133.529 13.370  84.02  40353 16.2
2010-02-13  00:30:00  15 13 09.2  -17 39 17  +000905.3 -000182.7  20 49 41.9  133.806 12.928  86.46  40369 16.2
2010-02-13  00:40:00  15 23 14.1  -18 09 07  +000909.6 -000175.2  20 49 38.5  134.060 12.497  88.89  40385 16.3
2010-02-13  00:50:00  15 33 22.0  -18 37 40  +000913.9 -000167.2  20 49 32.3  134.292 12.078  91.34  40401 16.4
2010-02-13  01:00:00  15 43 32.7  -19 04 51  +000918.2 -000158.9  20 49 23.3  134.502 11.672  93.78  40416 16.4
2010-02-13  01:10:00  15 53 46.2  -19 30 37  +000922.3 -000150.2  20 49 11.4  134.690 11.281  96.22  40431 16.5
2010-02-13  01:20:00  16 04 02.4  -19 54 54  +000926.4 -000141.2  20 48 56.8  134.854 10.906  98.66  40445 16.6
2010-02-13  01:30:00  16 14 21.3  -20 17 39  +000930.3 -000131.8  20 48 39.6  134.996 10.547 101.11  40458 16.7
2010-02-13  01:40:00  16 24 42.8  -20 38 50  +000934.0 -000122.2  20 48 19.8  135.116 10.205 103.54  40471 16.8

   Date        UTC        RA         DECL      RARate   DeclRate    HourAng      Az     Um    Phase  Range  Mag
2010-02-13  16:20:00  07 01 02.0  +09 42 28  +000880.7 -000041.3  20 54 25.0  117.779 36.223  41.16  39401 15.3
2010-02-13  16:30:00  07 10 48.8  +09 34 43  +000879.5 -000051.7  20 54 40.0  117.937 36.159  38.80  39407 15.3
2010-02-13  16:40:00  07 20 34.6  +09 25 15  +000878.1 -000061.9  20 54 55.7  118.121 36.075  36.46  39414 15.2
2010-02-13  16:50:00  07 30 19.5  +09 14 04  +000876.5 -000072.1  20 55 12.5  118.330 35.971  34.12  39421 15.2
2010-02-13  17:00:00  07 40 03.3  +09 01 14  +000874.9 -000082.1  20 55 30.3  118.564 35.847  31.81  39428 15.2
2010-02-13  17:10:00  07 49 46.0  +08 46 44  +000873.1 -000091.9  20 55 49.3  118.822 35.704  29.50  39435 15.2
2010-02-13  17:20:00  07 59 27.5  +08 30 37  +000871.3 -000101.5  20 56 09.4  119.105 35.542  27.23  39442 15.2
2010-02-13  17:30:00  08 09 07.8  +08 12 54  +000869.4 -000111.0  20 56 30.8  119.411 35.361  24.96  39450 15.1
2010-02-13  17:40:00  08 18 46.7  +07 53 38  +000867.4 -000120.2  20 56 53.5  119.741 35.162  22.74  39457 15.1
2010-02-13  17:50:00  08 28 24.3  +07 32 51  +000865.3 -000129.2  20 57 17.6  120.093 34.946  20.56  39465 15.1
2010-02-13  18:00:00  08 38 00.5  +07 10 35  +000863.3 -000138.0  20 57 43.0  120.467 34.712  18.44  39473 15.1
2010-02-13  18:10:00  08 47 35.3  +06 46 53  +000861.2 -000146.5  20 58 09.8  120.861 34.462  16.39  39481 15.1
2010-02-13  18:20:00  08 57 08.7  +06 21 47  +000859.1 -000154.7  20 58 38.0  121.276 34.195  14.47  39490 15.1
2010-02-13  18:30:00  09 06 40.8  +05 55 20  +000857.1 -000162.6  20 59 07.6  121.710 33.912  12.70  39498 15.1
2010-02-13  18:40:00  09 16 11.5  +05 27 35  +000855.1 -000170.3  20 59 38.5  122.162 33.613  11.19  39507 15.1
2010-02-13  18:50:00  09 25 40.9  +04 58 35  +000853.1 -000177.6  21 00 10.8  122.631 33.300  10.03  39516 15.1
2010-02-13  19:00:00  09 35 09.1  +04 28 23     <<SHADOW>>        21 00 44.3  123.115 32.971   9.37  39525 ----
2010-02-13  19:10:00  09 44 36.0  +03 57 03     <<SHADOW>>        21 01 19.0  123.615 32.628   9.31  39534 ----
2010-02-13  19:20:00  09 54 01.7  +03 24 36     <<SHADOW>>        21 01 54.9  124.127 32.271   9.86  39543 ----
2010-02-13  19:30:00  10 03 26.4  +02 51 08     <<SHADOW>>        21 02 31.9  124.651 31.900  10.93  39553 ----
2010-02-13  19:40:00  10 12 50.1  +02 16 40     <<SHADOW>>        21 03 09.8  125.187 31.516  12.38  39563 ----
2010-02-13  19:50:00  10 22 13.0  +01 41 18     <<SHADOW>>        21 03 48.6  125.731 31.119  14.12  39573 ----
2010-02-13  20:00:00  10 31 35.0  +01 05 03  +000842.5 -000219.9  21 04 28.2  126.283 30.710  16.02  39583 15.1
2010-02-13  20:10:00  10 40 56.4  +00 28 01  +000841.6 -000224.5  21 05 08.5  126.842 30.289  18.06  39594 15.1
2010-02-13  20:20:00  10 50 17.2  -00 09 46  +000840.9 -000228.7  21 05 49.3  127.407 29.857  20.17  39605 15.1
2010-02-13  20:30:00  10 59 37.6  -00 48 13  +000840.4 -000232.6  21 06 30.6  127.975 29.413  22.36  39616 15.1
2010-02-13  20:40:00  11 08 57.7  -01 27 16  +000840.1 -000236.1  21 07 12.1  128.545 28.960  24.58  39628 15.1
2010-02-13  20:50:00  11 18 17.7  -02 06 53  +000840.0 -000239.2  21 07 53.7  129.116 28.496  26.85  39640 15.2
2010-02-13  21:00:00  11 27 37.7  -02 46 58  +000840.1 -000241.8  21 08 35.3  129.688 28.023  29.14  39652 15.2
2010-02-13  21:10:00  11 36 57.9  -03 27 28  +000840.5 -000244.1  21 09 16.8  130.257 27.542  31.46  39665 15.2
2010-02-13  21:20:00  11 46 18.4  -04 08 19  +000841.1 -000246.0  21 09 58.0  130.823 27.053  33.79  39678 15.2
2010-02-13  21:30:00  11 55 39.4  -04 49 27  +000841.9 -000247.4  21 10 38.6  131.385 26.556  36.14  39692 15.2
2010-02-13  21:40:00  12 05 01.0  -05 30 47  +000843.0 -000248.5  21 11 18.7  131.941 26.052  38.49  39706 15.3
2010-02-13  21:50:00  12 14 23.4  -06 12 15  +000844.3 -000249.1  21 11 57.9  132.490 25.542  40.87  39720 15.3
2010-02-13  22:00:00  12 23 46.8  -06 53 48  +000845.9 -000249.3  21 12 36.1  133.031 25.027  43.24  39735 15.3
2010-02-13  22:10:00  12 33 11.3  -07 35 20  +000847.7 -000249.1  21 13 13.2  133.563 24.508  45.63  39750 15.4
2010-02-13  22:20:00  12 42 37.1  -08 16 48  +000849.8 -000248.4  21 13 49.1  134.084 23.985  48.01  39766 15.4
2010-02-13  22:30:00  12 52 04.4  -08 58 07  +000852.1 -000247.3  21 14 23.4  134.593 23.459  50.42  39782 15.4
2010-02-13  22:40:00  13 01 33.3  -09 39 12  +000854.6 -000245.8  21 14 56.2  135.089 22.930  52.81  39798 15.5
2010-02-13  22:50:00  13 11 03.9  -10 20 01  +000857.4 -000243.8  21 15 27.2  135.572 22.401  55.22  39815 15.5
2010-02-13  23:00:00  13 20 36.5  -11 00 27  +000860.3 -000241.4  21 15 56.3  136.040 21.871  57.63  39832 15.6
2010-02-13  23:10:00  13 30 11.1  -11 40 28  +000863.5 -000238.6  21 16 23.3  136.493 21.343  60.05  39849 15.6
2010-02-13  23:20:00  13 39 47.9  -12 19 57  +000866.9 -000235.3  21 16 48.2  136.929 20.815  62.46  39867 15.6
2010-02-13  23:30:00  13 49 27.0  -12 58 52  +000870.5 -000231.5  21 17 10.7  137.348 20.291  64.89  39884 15.7
2010-02-13  23:40:00  13 59 08.6  -13 37 07  +000874.2 -000227.4  21 17 30.8  137.748 19.770  67.30  39902 15.7
2010-02-13  23:50:00  14 08 52.7  -14 14 38  +000878.1 -000222.8  21 17 48.4  138.130 19.254  69.73  39920 15.8
2010-02-14  00:00:00  14 18 39.4  -14 51 21  +000882.1 -000217.7  21 18 03.3  138.493 18.743  72.15  39938 15.8
2010-02-14  00:10:00  14 28 28.9  -15 27 12  +000886.3 -000212.3  21 18 15.4  138.836 18.240  74.59  39956 15.9
2010-02-14  00:20:00  14 38 21.1  -16 02 05  +000890.5 -000206.4  21 18 24.8  139.158 17.744  77.01  39974 16.0
2010-02-14  00:30:00  14 48 16.3  -16 35 58  +000894.9 -000200.1  21 18 31.3  139.460 17.257  79.45  39991 16.0
2010-02-14  00:40:00  14 58 14.3  -17 08 46  +000899.2 -000193.3  21 18 34.9  139.740 16.781  81.88  40009 16.1
2010-02-14  00:50:00  15 08 15.2  -17 40 24  +000903.6 -000186.2  21 18 35.6  139.999 16.316  84.32  40026 16.2
2010-02-14  01:00:00  15 18 19.1  -18 10 49  +000908.0 -000178.7  21 18 33.4  140.236 15.863  86.75  40043 16.2
2010-02-14  01:10:00  15 28 25.9  -18 39 56  +000912.4 -000170.8  21 18 28.2  140.451 15.423  89.19  40060 16.3
2010-02-14  01:20:00  15 38 35.6  -19 07 43  +000916.7 -000162.5  21 18 20.2  140.644 14.998  91.62  40076 16.4
2010-02-14  01:30:00  15 48 48.2  -19 34 05  +000920.9 -000153.8  21 18 09.3  140.815 14.589  94.07  40091 16.4
2010-02-14  01:40:00  15 59 03.5  -19 58 59  +000925.1 -000144.8  21 17 55.6  140.964 14.196  96.50  40106 16.5
2010-02-14  01:50:00  16 09 21.6  -20 22 21  +000929.1 -000135.5  21 17 39.1  141.091 13.821  98.95  40120 16.6
2010-02-14  02:00:00  16 19 42.2  -20 44 08  +000932.9 -000125.9  21 17 20.1  141.196 13.465 101.38  40134 16.7
2010-02-14  02:10:00  16 30 05.4  -21 04 17  +000936.5 -000115.9  21 16 58.6  141.279 13.128 103.83  40146 16.8
2010-02-14  02:20:00  16 40 30.8  -21 22 46  +000939.9 -000105.7  21 16 34.8  141.341 12.812 106.26  40158 16.9
2010-02-14  02:30:00  16 50 58.5  -21 39 31  +000943.0 -000095.2  21 16 08.8  141.382 12.518 108.71  40168 17.0
2010-02-14  02:40:00  17 01 28.2  -21 54 30  +000945.9 -000084.5  21 15 40.8  141.402 12.247 111.14  40178 17.1
2010-02-14  02:50:00  17 11 59.6  -22 07 41  +000948.5 -000073.6  21 15 10.9  141.402 11.998 113.59  40186 17.2
2010-02-14  03:00:00  17 22 32.7  -22 19 02  +000950.7 -000062.6  21 14 39.5  141.382 11.774 116.03  40194 17.3
2010-02-14  03:10:00  17 33 07.2  -22 28 32  +000952.7 -000051.3  21 14 06.6  141.343 11.576 118.48  40200 17.4
2010-02-14  03:20:00  17 43 42.9  -22 36 08  +000954.2 -000039.9  21 13 32.6  141.285 11.402 120.91  40205 17.5
2010-02-14  03:30:00  17 54 19.5  -22 41 50  +000955.4 -000028.5  21 12 57.7  141.209 11.255 123.36  40208 17.7
2010-02-14  03:40:00  18 04 56.7  -22 45 38  +000956.3 -000016.9  21 12 22.1  141.116 11.135 125.80  40210 17.8
2010-02-14  03:50:00  18 15 34.4  -22 47 29  +000956.7 -000005.4  21 11 46.0  141.006 11.043 128.25  40211 17.9
2010-02-14  04:00:00  18 26 12.3  -22 47 25  +000956.8 +000006.2  21 11 09.8  140.881 10.978 130.68  40210 18.1

   Date        UTC        RA         DECL      RARate   DeclRate    HourAng      Az     Um    Phase  Range  Mag
2010-02-14  16:20:00  06 36 35.1  +09 58 49  +000882.8 -000017.7  21 22 48.5  124.729 40.626  48.03  39044 15.4
2010-02-14  16:30:00  06 46 23.3  +09 54 59  +000881.9 -000028.4  21 23 01.9  124.837 40.606  45.65  39050 15.3
2010-02-14  16:40:00  06 56 11.0  +09 49 22  +000880.9 -000038.9  21 23 16.0  124.969 40.562  43.29  39056 15.3
2010-02-14  16:50:00  07 05 57.8  +09 42 00  +000879.7 -000049.4  21 23 30.7  125.127 40.496  40.92  39062 15.3
2010-02-14  17:00:00  07 15 43.9  +09 32 54  +000878.4 -000059.8  21 23 46.3  125.310 40.408  38.58  39069 15.2
2010-02-14  17:10:00  07 25 29.0  +09 22 05  +000876.9 -000070.1  21 24 02.9  125.519 40.299  36.23  39076 15.2
2010-02-14  17:20:00  07 35 13.0  +09 09 33  +000875.3 -000080.2  21 24 20.5  125.752 40.168  33.91  39083 15.2
2010-02-14  17:30:00  07 44 56.0  +08 55 21  +000873.5 -000090.1  21 24 39.2  126.010 40.016  31.58  39091 15.2
2010-02-14  17:40:00  07 54 37.7  +08 39 31  +000871.7 -000099.9  21 24 59.1  126.292 39.845  29.29  39099 15.1
2010-02-14  17:50:00  08 04 18.2  +08 22 04  +000869.8 -000109.5  21 25 20.2  126.598 39.653  27.00  39106 15.1
2010-02-14  18:00:00  08 13 57.4  +08 03 02  +000867.8 -000118.9  21 25 42.6  126.927 39.441  24.75  39114 15.1
2010-02-14  18:10:00  08 23 35.3  +07 42 27  +000865.8 -000128.0  21 26 06.4  127.279 39.210  22.52  39123 15.1
2010-02-14  18:20:00  08 33 11.8  +07 20 23  +000863.7 -000136.9  21 26 31.6  127.652 38.961  20.35  39131 15.1
2010-02-14  18:30:00  08 42 46.9  +06 56 50  +000861.6 -000145.5  21 26 58.1  128.046 38.693  18.23  39140 15.1
2010-02-14  18:40:00  08 52 20.6  +06 31 53  +000859.5 -000153.9  21 27 26.0  128.460 38.408  16.20  39148 15.1
2010-02-14  18:50:00  09 01 52.9  +06 05 33  +000857.4 -000162.0  21 27 55.4  128.893 38.104  14.27  39157 15.1
2010-02-14  19:00:00  09 11 23.9  +05 37 54  +000855.4 -000169.8  21 28 26.1  129.344 37.784  12.53  39166 15.0
2010-02-14  19:10:00  09 20 53.5  +05 08 58  +000853.4 -000177.3  21 28 58.1  129.810 37.448  11.04  39176 15.0
2010-02-14  19:20:00  09 30 21.8  +04 38 49  +000851.5 -000184.5  21 29 31.4  130.293 37.095   9.93  39185 15.0
2010-02-14  19:30:00  09 39 48.8  +04 07 29     <<SHADOW>>        21 30 06.0  130.789 36.726   9.31  39195 ----
2010-02-14  19:40:00  09 49 14.7  +03 35 03     <<SHADOW>>        21 30 41.8  131.297 36.342   9.31  39205 ----
2010-02-14  19:50:00  09 58 39.5  +03 01 33     <<SHADOW>>        21 31 18.7  131.817 35.944   9.92  39216 ----
2010-02-14  20:00:00  10 08 03.2  +02 27 03     <<SHADOW>>        21 31 56.6  132.347 35.531  11.03  39226 ----
2010-02-14  20:10:00  10 17 26.0  +01 51 37     <<SHADOW>>        21 32 35.4  132.886 35.104  12.53  39237 ----
2010-02-14  20:20:00  10 26 48.0  +01 15 17     <<SHADOW>>        21 33 15.1  133.431 34.664  14.27  39249 ----
2010-02-14  20:30:00  10 36 09.2  +00 38 09  +000841.4 -000225.2  21 33 55.5  133.982 34.211  16.20  39260 15.1
2010-02-14  20:40:00  10 45 29.9  +00 00 14  +000840.6 -000229.6  21 34 36.5  134.537 33.746  18.24  39272 15.1
2010-02-14  20:50:00  10 54 50.1  -00 38 22  +000840.0 -000233.6  21 35 17.9  135.096 33.270  20.37  39285 15.1
2010-02-14  21:00:00  11 04 10.0  -01 17 35  +000839.6 -000237.1  21 35 59.7  135.655 32.782  22.56  39298 15.1
2010-02-14  21:10:00  11 13 29.6  -01 57 23  +000839.4 -000240.3  21 36 41.6  136.214 32.284  24.80  39311 15.1
2010-02-14  21:20:00  11 22 49.3  -02 37 41  +000839.5 -000243.1  21 37 23.6  136.772 31.776  27.06  39325 15.1
2010-02-14  21:30:00  11 32 09.0  -03 18 24  +000839.8 -000245.5  21 38 05.6  137.327 31.259  29.37  39339 15.2
2010-02-14  21:40:00  11 41 29.0  -03 59 30  +000840.3 -000247.5  21 38 47.2  137.878 30.734  31.68  39353 15.2
2010-02-14  21:50:00  11 50 49.4  -04 40 53  +000841.0 -000249.0  21 39 28.4  138.424 30.201  34.02  39368 15.2
2010-02-14  22:00:00  12 00 10.5  -05 22 29  +000842.0 -000250.2  21 40 09.0  138.963 29.661  36.36  39384 15.2
2010-02-14  22:10:00  12 09 32.2  -06 04 15  +000843.3 -000250.9  21 40 48.9  139.494 29.116  38.73  39400 15.3
2010-02-14  22:20:00  12 18 54.9  -06 46 06  +000844.8 -000251.2  21 41 27.9  140.015 28.565  41.09  39416 15.3
2010-02-14  22:30:00  12 28 18.6  -07 27 58  +000846.5 -000251.1  21 42 05.8  140.527 28.009  43.48  39432 15.3
2010-02-14  22:40:00  12 37 43.6  -08 09 46  +000848.5 -000250.5  21 42 42.4  141.027 27.450  45.86  39450 15.4
2010-02-14  22:50:00  12 47 10.0  -08 51 26  +000850.7 -000249.5  21 43 17.7  141.514 26.888  48.25  39467 15.4
2010-02-14  23:00:00  12 56 38.0  -09 32 55  +000853.2 -000248.1  21 43 51.4  141.988 26.325  50.65  39485 15.4
2010-02-14  23:10:00  13 06 07.7  -10 14 06  +000855.9 -000246.2  21 44 23.3  142.448 25.761  53.05  39503 15.5
2010-02-14  23:20:00  13 15 39.2  -10 54 57  +000858.8 -000243.9  21 44 53.4  142.892 25.198  55.45  39521 15.5
2010-02-14  23:30:00  13 25 12.8  -11 35 22  +000861.9 -000241.1  21 45 21.5  143.320 24.635  57.87  39540 15.5
2010-02-14  23:40:00  13 34 48.5  -12 15 17  +000865.3 -000237.9  21 45 47.4  143.732 24.076  60.28  39559 15.6
2010-02-14  23:50:00  13 44 26.5  -12 54 38  +000868.8 -000234.2  21 46 11.1  144.125 23.519  62.70  39578 15.6
2010-02-15  00:00:00  13 54 06.9  -13 33 21  +000872.5 -000230.2  21 46 32.3  144.501 22.967  65.11  39597 15.7
2010-02-15  00:10:00  14 03 49.9  -14 11 20  +000876.4 -000225.6  21 46 51.0  144.858 22.421  67.54  39617 15.7
2010-02-15  00:20:00  14 13 35.4  -14 48 32  +000880.4 -000220.7  21 47 07.1  145.195 21.882  69.96  39636 15.8
2010-02-15  00:30:00  14 23 23.7  -15 24 52  +000884.5 -000215.3  21 47 20.4  145.512 21.350  72.39  39655 15.8
2010-02-15  00:40:00  14 33 14.8  -16 00 16  +000888.8 -000209.5  21 47 31.0  145.809 20.827  74.81  39674 15.9
2010-02-15  00:50:00  14 43 08.7  -16 34 40  +000893.1 -000203.2  21 47 38.7  146.086 20.315  77.25  39693 16.0
2010-02-15  01:00:00  14 53 05.6  -17 07 59  +000897.5 -000196.6  21 47 43.5  146.341 19.814  79.67  39711 16.0
2010-02-15  01:10:00  15 03 05.4  -17 40 10  +000901.9 -000189.5  21 47 45.3  146.576 19.325  82.11  39730 16.1
2010-02-15  01:20:00  15 13 08.1  -18 11 08  +000906.3 -000182.0  21 47 44.2  146.789 18.850  84.54  39748 16.1
2010-02-15  01:30:00  15 23 13.8  -18 40 49  +000910.8 -000174.2  21 47 40.2  146.981 18.389  86.98  39765 16.2
2010-02-15  01:40:00  15 33 22.5  -19 09 10  +000915.1 -000165.9  21 47 33.2  147.151 17.945  89.40  39782 16.3
2010-02-15  01:50:00  15 43 34.0  -19 36 06  +000919.4 -000157.3  21 47 23.3  147.300 17.517  91.85  39798 16.4
2010-02-15  02:00:00  15 53 48.4  -20 01 35  +000923.7 -000148.3  21 47 10.5  147.428 17.107  94.28  39813 16.4
2010-02-15  02:10:00  16 04 05.5  -20 25 32  +000927.7 -000139.1  21 46 55.0  147.535 16.717  96.72  39828 16.5
2010-02-15  02:20:00  16 14 25.3  -20 47 55  +000931.6 -000129.4  21 46 36.9  147.621 16.346  99.15  39842 16.6
2010-02-15  02:30:00  16 24 47.7  -21 08 40  +000935.4 -000119.5  21 46 16.2  147.686 15.996 101.60  39855 16.7
2010-02-15  02:40:00  16 35 12.4  -21 27 45  +000938.9 -000109.3  21 45 53.0  147.731 15.669 104.03  39867 16.8
2010-02-15  02:50:00  16 45 39.5  -21 45 06  +000942.2 -000098.9  21 45 27.7  147.756 15.364 106.47  39877 16.9
2010-02-15  03:00:00  16 56 08.6  -22 00 41  +000945.2 -000088.2  21 45 00.2  147.762 15.084 108.90  39887 17.0
2010-02-15  03:10:00  17 06 39.6  -22 14 29  +000947.9 -000077.2  21 44 30.8  147.748 14.828 111.35  39896 17.1
2010-02-15  03:20:00  17 17 12.4  -22 26 26  +000950.3 -000066.1  21 43 59.7  147.717 14.597 113.78  39903 17.2
2010-02-15  03:30:00  17 27 46.6  -22 36 31  +000952.4 -000054.9  21 43 27.1  147.667 14.393 116.23  39909 17.3
2010-02-15  03:40:00  17 38 22.1  -22 44 43  +000954.1 -000043.5  21 42 53.2  147.600 14.216 118.66  39913 17.4
2010-02-15  03:50:00  17 48 58.7  -22 50 60  +000955.5 -000031.9  21 42 18.3  147.517 14.066 121.11  39916 17.5
2010-02-15  04:00:00  17 59 36.0  -22 55 21  +000956.4 -000020.3  21 41 42.6  147.418 13.944 123.54  39918 17.7

   Date        UTC        RA         DECL      RARate   DeclRate    HourAng      Az     Um    Phase  Range  Mag
2010-02-15  16:20:00  06 11 50.1  +10 05 33  +000884.0 +000006.5  21 51 30.1  132.690 44.581  55.00  38736 15.5
2010-02-15  16:30:00  06 21 39.3  +10 05 44  +000883.5 -000004.3  21 51 42.6  132.749 44.610  52.61  38742 15.4
2010-02-15  16:40:00  06 31 28.1  +10 04 07  +000882.9 -000015.1  21 51 55.4  132.832 44.614  50.24  38748 15.4
2010-02-15  16:50:00  06 41 16.4  +10 00 43  +000882.1 -000025.8  21 52 08.7  132.938 44.594  47.85  38754 15.3
2010-02-15  17:00:00  06 51 04.2  +09 55 32  +000881.1 -000036.5  21 52 22.6  133.069 44.548  45.49  38760 15.3
2010-02-15  17:10:00  07 00 51.2  +09 48 34  +000880.0 -000047.1  21 52 37.2  133.225 44.479  43.12  38767 15.3
2010-02-15  17:20:00  07 10 37.5  +09 39 50  +000878.7 -000057.6  21 52 52.6  133.405 44.386  40.77  38774 15.3
2010-02-15  17:30:00  07 20 22.8  +09 29 23  +000877.2 -000067.9  21 53 08.9  133.609 44.270  38.41  38782 15.2
2010-02-15  17:40:00  07 30 07.1  +09 17 12  +000875.7 -000078.2  21 53 26.2  133.838 44.131  36.08  38789 15.2
2010-02-15  17:50:00  07 39 50.3  +09 03 20  +000874.0 -000088.3  21 53 44.6  134.091 43.969  33.74  38797 15.2
2010-02-15  18:00:00  07 49 32.4  +08 47 47  +000872.2 -000098.2  21 54 04.2  134.367 43.785  31.43  38805 15.2
2010-02-15  18:10:00  07 59 13.2  +08 30 37  +000870.3 -000107.9  21 54 25.1  134.667 43.580  29.13  38813 15.1
2010-02-15  18:20:00  08 08 52.7  +08 11 51  +000868.3 -000117.4  21 54 47.2  134.989 43.353  26.86  38822 15.1
2010-02-15  18:30:00  08 18 30.9  +07 51 31  +000866.3 -000126.6  21 55 10.6  135.333 43.105  24.60  38830 15.1
2010-02-15  18:40:00  08 28 07.7  +07 29 40  +000864.2 -000135.6  21 55 35.4  135.698 42.837  22.38  38839 15.1
2010-02-15  18:50:00  08 37 43.2  +07 06 19  +000862.1 -000144.4  21 56 01.7  136.084 42.549  20.20  38848 15.1
2010-02-15  19:00:00  08 47 17.2  +06 41 32  +000860.0 -000152.9  21 56 29.3  136.488 42.242  18.09  38857 15.1
2010-02-15  19:10:00  08 56 49.8  +06 15 22  +000857.9 -000161.1  21 56 58.3  136.910 41.915  16.06  38867 15.0
2010-02-15  19:20:00  09 06 21.1  +05 47 50  +000855.8 -000169.1  21 57 28.7  137.349 41.570  14.16  38877 15.0
2010-02-15  19:30:00  09 15 50.9  +05 19 01  +000853.8 -000176.7  21 58 00.5  137.803 41.207  12.42  38887 15.0
2010-02-15  19:40:00  09 25 19.5  +04 48 57  +000851.8 -000184.0  21 58 33.6  138.272 40.827  10.96  38897 15.0
2010-02-15  19:50:00  09 34 46.8  +04 17 42  +000850.0 -000191.0  21 59 07.9  138.754 40.429   9.87  38908 15.0
2010-02-15  20:00:00  09 44 12.8  +03 45 19     <<SHADOW>>        21 59 43.5  139.247 40.015   9.30  38919 ----
2010-02-15  20:10:00  09 53 37.7  +03 11 50     <<SHADOW>>        22 00 20.3  139.751 39.585   9.34  38930 ----
2010-02-15  20:20:00  10 03 01.6  +02 37 20     <<SHADOW>>        22 00 58.1  140.263 39.140   9.98  38941 ----
2010-02-15  20:30:00  10 12 24.4  +02 01 53     <<SHADOW>>        22 01 36.8  140.783 38.679  11.13  38953 ----
2010-02-15  20:40:00  10 21 46.4  +01 25 31     <<SHADOW>>        22 02 16.5  141.308 38.205  12.64  38966 ----
2010-02-15  20:50:00  10 31 07.6  +00 48 19     <<SHADOW>>        22 02 56.9  141.839 37.717  14.41  38979 ----
2010-02-15  21:00:00  10 40 28.2  +00 10 20  +000840.4 -000230.1  22 03 38.0  142.372 37.216  16.34  38992 15.1
2010-02-15  21:10:00  10 49 48.3  -00 28 22  +000839.8 -000234.2  22 04 19.6  142.906 36.703  18.40  39005 15.1
2010-02-15  21:20:00  10 59 07.9  -01 07 42  +000839.3 -000237.9  22 05 01.5  143.441 36.178  20.53  39020 15.1
2010-02-15  21:30:00  11 08 27.4  -01 47 38  +000839.0 -000241.2  22 05 43.7  143.975 35.642  22.73  39034 15.1
2010-02-15  21:40:00  11 17 46.7  -02 28 05  +000839.0 -000244.1  22 06 26.1  144.506 35.097  24.96  39049 15.1
2010-02-15  21:50:00  11 27 06.1  -03 08 58  +000839.2 -000246.6  22 07 08.3  145.033 34.541  27.24  39065 15.1
2010-02-15  22:00:00  11 36 25.7  -03 50 15  +000839.6 -000248.7  22 07 50.4  145.555 33.978  29.53  39081 15.2
2010-02-15  22:10:00  11 45 45.6  -04 31 50  +000840.3 -000250.3  22 08 32.1  146.071 33.406  31.86  39097 15.2
2010-02-15  22:20:00  11 55 06.1  -05 13 40  +000841.2 -000251.6  22 09 13.3  146.579 32.828  34.19  39114 15.2
2010-02-15  22:30:00  12 04 27.2  -05 55 40  +000842.3 -000252.4  22 09 53.8  147.078 32.244  36.55  39131 15.2
2010-02-15  22:40:00  12 13 49.2  -06 37 46  +000843.7 -000252.8  22 10 33.4  147.567 31.655  38.90  39149 15.2
2010-02-15  22:50:00  12 23 12.3  -07 19 54  +000845.4 -000252.7  22 11 12.0  148.045 31.062  41.28  39167 15.3
2010-02-15  23:00:00  12 32 36.5  -08 01 59  +000847.3 -000252.3  22 11 49.4  148.511 30.466  43.65  39186 15.3
2010-02-15  23:10:00  12 42 02.1  -08 43 58  +000849.4 -000251.3  22 12 25.5  148.964 29.867  46.04  39205 15.3
2010-02-15  23:20:00  12 51 29.1  -09 25 45  +000851.8 -000250.0  22 13 00.1  149.403 29.268  48.43  39224 15.4
2010-02-15  23:30:00  13 00 57.9  -10 07 16  +000854.5 -000248.2  22 13 32.9  149.828 28.668  50.83  39244 15.4
2010-02-15  23:40:00  13 10 28.4  -10 48 27  +000857.3 -000246.0  22 14 04.0  150.237 28.070  53.23  39264 15.5
2010-02-15  23:50:00  13 20 01.0  -11 29 14  +000860.4 -000243.3  22 14 33.1  150.629 27.474  55.64  39284 15.5
2010-02-16  00:00:00  13 29 35.6  -12 09 32  +000863.6 -000240.2  22 15 00.1  151.005 26.881  58.04  39304 15.5
2010-02-16  00:10:00  13 39 12.6  -12 49 16  +000867.1 -000236.6  22 15 24.8  151.363 26.292  60.46  39325 15.6
2010-02-16  00:20:00  13 48 51.9  -13 28 23  +000870.8 -000232.6  22 15 47.2  151.703 25.709  62.87  39345 15.6
2010-02-16  00:30:00  13 58 33.6  -14 06 48  +000874.6 -000228.2  22 16 07.0  152.024 25.133  65.30  39366 15.7
2010-02-16  00:40:00  14 08 18.0  -14 44 26  +000878.6 -000223.3  22 16 24.3  152.326 24.565  67.71  39386 15.7
2010-02-16  00:50:00  14 18 05.1  -15 21 13  +000882.7 -000218.0  22 16 38.8  152.609 24.005  70.14  39406 15.8
2010-02-16  01:00:00  14 27 55.0  -15 57 04  +000886.9 -000212.3  22 16 50.6  152.871 23.456  72.56  39427 15.8
2010-02-16  01:10:00  14 37 47.7  -16 31 57  +000891.3 -000206.1  22 16 59.5  153.114 22.918  74.99  39446 15.9
2010-02-16  01:20:00  14 47 43.4  -17 05 45  +000895.7 -000199.5  22 17 05.5  153.337 22.393  77.41  39466 15.9
2010-02-16  01:30:00  14 57 42.0  -17 38 26  +000900.1 -000192.5  22 17 08.6  153.539 21.882  79.85  39485 16.0
2010-02-16  01:40:00  15 07 43.6  -18 09 54  +000904.6 -000185.1  22 17 08.6  153.721 21.385  82.27  39504 16.1
2010-02-16  01:50:00  15 17 48.1  -18 40 07  +000909.1 -000177.3  22 17 05.7  153.883 20.905  84.71  39522 16.1
2010-02-16  02:00:00  15 27 55.6  -19 08 60  +000913.5 -000169.1  22 16 59.9  154.024 20.441  87.13  39539 16.2
2010-02-16  02:10:00  15 38 06.0  -19 36 29  +000917.9 -000160.6  22 16 51.1  154.145 19.996  89.57  39556 16.3
2010-02-16  02:20:00  15 48 19.4  -20 02 31  +000922.1 -000151.7  22 16 39.4  154.246 19.570  92.00  39572 16.3
2010-02-16  02:30:00  15 58 35.5  -20 27 02  +000926.3 -000142.4  22 16 24.9  154.327 19.165  94.44  39587 16.4
2010-02-16  02:40:00  16 08 54.4  -20 49 59  +000930.3 -000132.9  22 16 07.6  154.389 18.781  96.87  39601 16.5
2010-02-16  02:50:00  16 19 15.9  -21 11 18  +000934.1 -000123.0  22 15 47.8  154.431 18.419  99.31  39615 16.6
2010-02-16  03:00:00  16 29 39.9  -21 30 58  +000937.8 -000112.8  22 15 25.5  154.455 18.081 101.74  39627 16.7
2010-02-16  03:10:00  16 40 06.2  -21 48 54  +000941.2 -000102.4  22 15 00.8  154.461 17.767 104.18  39637 16.8
2010-02-16  03:20:00  16 50 34.7  -22 05 05  +000944.3 -000091.7  22 14 33.9  154.448 17.479 106.61  39647 16.9
2010-02-16  03:30:00  17 01 05.2  -22 19 27  +000947.2 -000080.8  22 14 05.1  154.418 17.216 109.05  39655 17.0
2010-02-16  03:40:00  17 11 37.5  -22 32 00  +000949.7 -000069.7  22 13 34.4  154.372 16.980 111.48  39662 17.1
2010-02-16  03:50:00  17 22 11.4  -22 42 41  +000951.9 -000058.4  22 13 02.1  154.309 16.772 113.93  39668 17.2
2010-02-16  04:00:00  17 32 46.7  -22 51 28  +000953.8 -000047.0  22 12 28.5  154.232 16.591 116.36  39672 17.3
