ЭФЕМЕРИДЫ ПО ОБЪЕКТУ:  90105
Для пункта:  10016 Маяки   46 23'50.68"   30 16'17.74"    14m
C   2010-02-01 12:00
по  2010-02-16 12:00
Шаг  0:10:00
Мин.угол места:          10 град
Макс.угол места Солнца: -10 град
Стандартный блеск :      9.0 (зв.вел.)

ОБОЗНАЧЕНИЯ
RA        прямое восхождение, тек.эпоха
DECL      склонение, тек.эпоха
RARate    скорость по пр.восх., арксек/мин
DeclRate  скорость по склонению, арксек/мин
HourAng   часовой угол
Az        азимут
Um        угол места
Phase     фазовый угол
Range     дальность
Mag       зв.величина (оценка)

   Date        UTC        RA         DECL      RARate   DeclRate    HourAng      Az     Um    Phase  Range  Mag
2010-02-01  16:00:00  01 21 25.2  -00 30 02  +000943.4 +000037.0  01 26 39.9  208.535 39.389 113.81  36053 17.7
2010-02-01  16:10:00  01 31 53.2  -00 24 19  +000940.5 +000031.5  01 26 13.6  208.441 39.515 111.29  36104 17.5
2010-02-01  16:20:00  01 42 19.2  -00 19 31  +000937.8 +000026.1  01 25 49.2  208.350 39.624 108.80  36151 17.4
2010-02-01  16:30:00  01 52 43.6  -00 15 38  +000935.3 +000020.6  01 25 26.5  208.262 39.716 106.30  36194 17.4
2010-02-01  16:40:00  02 03 06.5  -00 12 39  +000933.2 +000015.1  01 25 05.2  208.174 39.792 103.83  36232 17.3
2010-02-01  16:50:00  02 13 27.9  -00 10 36  +000931.2 +000009.6  01 24 45.4  208.087 39.851 101.35  36267 17.2
2010-02-01  17:00:00  02 23 48.2  -00 09 27  +000929.5 +000004.2  01 24 26.8  208.000 39.894  98.89  36296 17.1
2010-02-01  17:10:00  02 34 07.3  -00 09 12  +000928.0 -000001.3  01 24 09.3  207.911 39.921  96.42  36322 17.0
2010-02-01  17:20:00  02 44 25.5  -00 09 52  +000926.7 -000006.7  01 23 52.8  207.821 39.933  93.97  36343 16.9
2010-02-01  17:30:00  02 54 43.0  -00 11 27  +000925.7 -000012.1  01 23 36.9  207.729 39.930  91.52  36359 16.8
2010-02-01  17:40:00  03 04 59.8  -00 13 55  +000924.9 -000017.5  01 23 21.7  207.633 39.911  89.09  36371 16.8
2010-02-01  17:50:00  03 15 16.4  -00 17 16  +000924.5 -000022.8  01 23 06.8  207.534 39.878  86.65  36377 16.7
2010-02-01  18:00:00  03 25 32.6  -00 21 30  +000924.2 -000028.1  01 22 52.3  207.429 39.830  84.23  36379 16.6
2010-02-01  18:10:00  03 35 48.7  -00 26 37  +000924.2 -000033.3  01 22 37.8  207.320 39.768  81.80  36377 16.6
2010-02-01  18:20:00  03 46 04.8  -00 32 37  +000924.4 -000038.5  01 22 23.3  207.204 39.693  79.39  36370 16.5
2010-02-01  18:30:00  03 56 21.2  -00 39 27  +000924.8 -000043.6  01 22 08.5  207.082 39.604  76.98  36357 16.5
2010-02-01  18:40:00  04 06 38.0  -00 47 09  +000925.6 -000048.7  01 21 53.4  206.952 39.502  74.58  36341 16.4
2010-02-01  18:50:00  04 16 55.4  -00 55 41  +000926.6 -000053.7  01 21 37.7  206.814 39.387  72.18  36319 16.3
2010-02-01  19:00:00  04 27 13.6  -01 05 03  +000927.8 -000058.6  01 21 21.1  206.667 39.260  69.80  36293 16.3
2010-02-01  19:10:00  04 37 32.6  -01 15 14  +000929.3 -000063.5  01 21 03.7  206.510 39.121  67.41  36262 16.2
2010-02-01  19:20:00  04 47 52.7  -01 26 13  +000931.1 -000068.3  01 20 45.3  206.343 38.970  65.04  36226 16.2
2010-02-01  19:30:00  04 58 14.1  -01 37 59  +000933.1 -000073.0  01 20 25.5  206.166 38.809  62.67  36186 16.1
2010-02-01  19:40:00  05 08 36.9  -01 50 32  +000935.4 -000077.6  01 20 04.3  205.977 38.636  60.33  36142 16.1
2010-02-01  19:50:00  05 19 01.4  -02 03 50  +000938.0 -000082.1  01 19 41.5  205.776 38.453  57.98  36093 16.0
2010-02-01  20:00:00  05 29 27.6  -02 17 53  +000940.8 -000086.4  01 19 17.0  205.562 38.261  55.66  36040 16.0
2010-02-01  20:10:00  05 39 55.9  -02 32 39  +000943.9 -000090.7  01 18 50.3  205.334 38.059  53.35  35982 16.0
2010-02-01  20:20:00  05 50 26.3  -02 48 07  +000947.3 -000094.9  01 18 21.5  205.093 37.847  51.07  35921 15.9
2010-02-01  20:30:00  06 00 59.1  -03 04 15  +000951.0 -000098.9  01 17 50.4  204.837 37.628  48.80  35855 15.9
2010-02-01  20:40:00  06 11 34.4  -03 21 04  +000954.9 -000102.8  01 17 16.8  204.566 37.400  46.57  35785 15.9
2010-02-01  20:50:00  06 22 12.4  -03 38 30  +000959.2 -000106.5  01 16 40.4  204.280 37.165  44.36  35712 15.8
2010-02-01  21:00:00  06 32 53.3  -03 56 33  +000963.7 -000110.1  01 16 01.1  203.977 36.922  42.21  35635 15.8
2010-02-01  21:10:00  06 43 37.4  -04 15 11  +000968.5 -000113.5  01 15 18.7  203.657 36.673  40.10  35555 15.8
2010-02-01  21:20:00  06 54 24.8  -04 34 22  +000973.6 -000116.7  01 14 32.9  203.320 36.418  38.06  35472 15.7
2010-02-01  21:30:00  07 05 15.6  -04 54 05  +000979.0 -000119.8  01 13 43.7  202.965 36.158  36.08  35385 15.7
2010-02-01  21:40:00  07 16 10.2  -05 14 17  +000984.6 -000122.6  01 12 50.8  202.592 35.892  34.20  35296 15.7
2010-02-01  21:50:00  07 27 08.5  -05 34 56  +000990.6 -000125.2  01 11 54.1  202.201 35.622  32.43  35203 15.7
2010-02-01  22:00:00  07 38 11.0  -05 56 01  +000996.8 -000127.6  01 10 53.3  201.790 35.348  30.79  35108 15.6
2010-02-01  22:10:00  07 49 17.6  -06 17 28  +001003.3 -000129.8  01 09 48.3  201.359 35.071  29.31  35011 15.6
2010-02-01  22:20:00  08 00 28.7  -06 39 16  +001010.1 -000131.7  01 08 38.8  200.909 34.792  28.02  34912 15.6
2010-02-01  22:30:00  08 11 44.5  -07 01 21  +001017.1 -000133.3  01 07 24.7  200.438 34.510  26.94  34811 15.6
2010-02-01  22:40:00  08 23 05.0  -07 23 41  +001024.4 -000134.7  01 06 05.9  199.946 34.227  26.13  34708 15.6
2010-02-01  22:50:00  08 34 30.4  -07 46 14  +001032.0 -000135.8  01 04 42.1  199.434 33.943  25.59  34604 15.6
2010-02-01  23:00:00  08 46 01.0  -08 08 56  +001039.7 -000136.5  01 03 13.2  198.900 33.658  25.37  34498 15.5
2010-02-01  23:10:00  08 57 36.8  -08 31 44  +001047.8 -000137.0  01 01 39.0  198.344 33.374  25.47  34392 15.5
2010-02-01  23:20:00  09 09 18.0  -08 54 34  +001056.0 -000137.0  00 59 59.4  197.767 33.091  25.89  34285 15.5
2010-02-01  23:30:00  09 21 04.8  -09 17 23  +001064.4 -000136.8  00 58 14.3  197.168 32.810  26.63  34178 15.5
2010-02-01  23:40:00  09 32 57.3  -09 40 07  +001073.0 -000136.1  00 56 23.4  196.547 32.531  27.66  34071 15.5
2010-02-01  23:50:00  09 44 55.5  -10 02 43  +001081.8 -000135.1  00 54 26.8  195.904 32.256  28.97  33964 15.5
2010-02-02  00:00:00  09 56 59.7  -10 25 07  +001090.7 -000133.6  00 52 24.3  195.238 31.983  30.52  33858 15.5
2010-02-02  00:10:00  10 09 09.8  -10 47 15  +001099.7 -000131.8  00 50 15.8  194.551 31.716  32.29  33752 15.6
2010-02-02  00:20:00  10 21 25.9  -11 09 01  +001108.8 -000129.5  00 48 01.3  193.841 31.453  34.23  33647 15.6
2010-02-02  00:30:00  10 33 48.1  -11 30 23  +001117.9 -000126.8  00 45 40.8  193.110 31.196  36.35  33544 15.6
2010-02-02  00:40:00  10 46 16.5  -11 51 16  +001127.1 -000123.6  00 43 14.1  192.356 30.945  38.59  33443 15.6
2010-02-02  00:50:00  10 58 50.8  -12 11 34  +001136.2 -000120.0  00 40 41.4  191.582 30.701  40.96  33343 15.6
2010-02-02  01:00:00  11 11 31.3  -12 31 14  +001145.2 -000115.9  00 38 02.5  190.786 30.465  43.43  33246 15.6
2010-02-02  01:10:00  11 24 17.8  -12 50 11  +001154.2 -000111.4  00 35 17.7  189.969 30.237  46.00  33152 15.7
2010-02-02  01:20:00  11 37 10.2  -13 08 21  +001163.0 -000106.4  00 32 27.0  189.132 30.018  48.64  33060 15.7
2010-02-02  01:30:00  11 50 08.4  -13 25 39  +001171.6 -000101.0  00 29 30.4  188.275 29.808  51.36  32972 15.7
2010-02-02  01:40:00  12 03 12.3  -13 42 00  +001180.0 -000095.1  00 26 28.1  187.398 29.608  54.13  32887 15.8
2010-02-02  01:50:00  12 16 21.7  -13 57 21  +001188.1 -000088.8  00 23 20.3  186.503 29.418  56.98  32807 15.8
2010-02-02  02:00:00  12 29 36.3  -14 11 35  +001195.9 -000082.1  00 20 07.4  185.591 29.240  59.85  32730 15.9
2010-02-02  02:10:00  12 42 56.0  -14 24 41  +001203.3 -000074.9  00 16 49.3  184.661 29.073  62.79  32657 15.9
2010-02-02  02:20:00  12 56 20.6  -14 36 33  +001210.2 -000067.4  00 13 26.4  183.715 28.918  65.75  32590 16.0
2010-02-02  02:30:00  13 09 49.6  -14 47 08  +001216.7 -000059.6  00 09 59.1  182.754 28.776  68.76  32527 16.0
2010-02-02  02:40:00  13 23 22.7  -14 56 24  +001222.7 -000051.4  00 06 27.5  181.778 28.645  71.79  32469 16.1
2010-02-02  02:50:00  13 36 59.7  -15 04 15  +001228.1 -000042.9  00 02 52.2  180.789 28.528  74.87  32416 16.2
2010-02-02  03:00:00  13 50 40.0  -15 10 41  +001232.9 -000034.2  23 59 13.5  179.787 28.424  77.95  32369 16.2
2010-02-02  03:10:00  14 04 23.3  -15 15 37  +001237.0 -000025.2  23 55 31.9  178.776 28.334  81.07  32328 16.3
2010-02-02  03:20:00  14 18 09.1  -15 19 04  +001240.5 -000016.1  23 51 47.7  177.754 28.257  84.20  32292 16.4
2010-02-02  03:30:00  14 31 57.1  -15 20 59  +001243.3 -000006.8  23 48 01.4  176.724 28.194  87.36  32263 16.5
2010-02-02  03:40:00  14 45 46.7  -15 21 21  +001245.4 +000002.5  23 44 13.4  175.686 28.144  90.52  32239 16.6
2010-02-02  03:50:00  14 59 37.5  -15 20 10  +001246.8 +000011.8  23 40 24.3  174.643 28.109  93.71  32222 16.7
2010-02-02  04:00:00  15 13 28.9  -15 17 25  +001247.4 +000021.2  23 36 34.5  173.595 28.087  96.90  32211 16.8
2010-02-02  04:10:00  15 27 20.5  -15 13 07  +001247.3 +000030.4  23 32 44.5  172.544 28.078 100.10  32207 16.9
2010-02-02  04:20:00  15 41 11.7  -15 07 17  +001246.4 +000039.6  23 28 55.0  171.492 28.084 103.30  32208 17.0

   Date        UTC        RA         DECL      RARate   DeclRate    HourAng      Az     Um    Phase  Range  Mag
2010-02-02  16:10:00  05 23 00.4  -01 39 08  +000937.3 -000072.7  21 39 02.9  136.657 32.832  57.65  36634 16.1
2010-02-02  16:20:00  05 33 26.1  -01 51 37  +000939.8 -000077.2  21 38 38.9  136.669 32.601  55.31  36596 16.0
2010-02-02  16:30:00  05 43 53.5  -02 04 51  +000942.6 -000081.6  21 38 13.1  136.681 32.356  52.98  36554 16.0
2010-02-02  16:40:00  05 54 22.9  -02 18 48  +000945.6 -000085.8  21 37 45.3  136.691 32.096  50.68  36508 16.0
2010-02-02  16:50:00  06 04 54.4  -02 33 27  +000949.0 -000089.9  21 37 15.5  136.698 31.822  48.39  36459 15.9
2010-02-02  17:00:00  06 15 28.3  -02 48 46  +000952.5 -000094.0  21 36 43.3  136.701 31.534  46.13  36406 15.9
2010-02-02  17:10:00  06 26 04.6  -03 04 45  +000956.4 -000097.8  21 36 08.6  136.700 31.231  43.90  36350 15.8
2010-02-02  17:20:00  06 36 43.6  -03 21 22  +000960.6 -000101.5  21 35 31.2  136.693 30.914  41.72  36291 15.8
2010-02-02  17:30:00  06 47 25.4  -03 38 35  +000965.0 -000105.1  21 34 51.0  136.680 30.582  39.58  36229 15.8
2010-02-02  17:40:00  06 58 10.3  -03 56 22  +000969.6 -000108.4  21 34 07.8  136.660 30.235  37.50  36164 15.8
2010-02-02  17:50:00  07 08 58.3  -04 14 43  +000974.5 -000111.6  21 33 21.4  136.632 29.875  35.49  36097 15.7
2010-02-02  18:00:00  07 19 49.7  -04 33 35  +000979.7 -000114.7  21 32 31.7  136.594 29.500  33.57  36027 15.7
2010-02-02  18:10:00  07 30 44.7  -04 52 56  +000985.2 -000117.5  21 31 38.3  136.547 29.111  31.75  35955 15.7
2010-02-02  18:20:00  07 41 43.5  -05 12 43  +000991.0 -000120.0  21 30 41.2  136.488 28.708  30.06  35882 15.7
2010-02-02  18:30:00  07 52 46.1  -05 32 55  +000996.9 -000122.4  21 29 40.2  136.418 28.291  28.53  35806 15.7
2010-02-02  18:40:00  08 03 52.8  -05 53 29  +001003.2 -000124.5  21 28 35.2  136.335 27.861  27.18  35729 15.6
2010-02-02  18:50:00  08 15 03.7  -06 14 24  +001009.7 -000126.3  21 27 25.9  136.239 27.418  26.05  35651 15.6
2010-02-02  19:00:00  08 26 19.1  -06 35 35  +001016.4 -000127.9  21 26 12.2  136.129 26.962  25.17  35572 15.6
2010-02-02  19:10:00  08 37 39.0  -06 57 01  +001023.4 -000129.2  21 24 53.9  136.004 26.493  24.59  35492 15.6
2010-02-02  19:20:00  08 49 03.6  -07 18 38  +001030.5 -000130.2  21 23 31.0  135.864 26.011  24.31  35412 15.6
2010-02-02  19:30:00  09 00 33.1  -07 40 23  +001037.9 -000130.9  21 22 03.1  135.706 25.518  24.37  35332 15.6
2010-02-02  19:40:00  09 12 07.6  -08 02 14  +001045.5 -000131.2  21 20 30.3  135.532 25.014  24.76  35251 15.6
2010-02-02  19:50:00  09 23 47.1  -08 24 06  +001053.3 -000131.2  21 18 52.3  135.341 24.498  25.48  35171 15.6
2010-02-02  20:00:00  09 35 31.9  -08 45 57  +001061.2 -000130.9  21 17 09.2  135.131 23.972  26.50  35092 15.6
2010-02-02  20:10:00  09 47 22.1  -09 07 43  +001069.2 -000130.2  21 15 20.7  134.902 23.436  27.80  35014 15.6
2010-02-02  20:20:00  09 59 17.6  -09 29 19  +001077.4 -000129.1  21 13 26.8  134.654 22.891  29.35  34937 15.6
2010-02-02  20:30:00  10 11 18.6  -09 50 43  +001085.7 -000127.6  21 11 27.4  134.387 22.338  31.11  34861 15.6
2010-02-02  20:40:00  10 23 25.2  -10 11 49  +001094.0 -000125.7  21 09 22.5  134.099 21.776  33.05  34788 15.6
2010-02-02  20:50:00  10 35 37.3  -10 32 34  +001102.4 -000123.4  21 07 12.0  133.790 21.208  35.16  34716 15.6
2010-02-02  21:00:00  10 47 55.1  -10 52 55  +001110.8 -000120.6  21 04 55.9  133.461 20.633  37.40  34647 15.7
2010-02-02  21:10:00  11 00 18.4  -11 12 46  +001119.2 -000117.5  21 02 34.2  133.110 20.052  39.77  34581 15.7
2010-02-02  21:20:00  11 12 47.3  -11 32 03  +001127.5 -000113.9  21 00 07.0  132.738 19.467  42.22  34517 15.7
2010-02-02  21:30:00  11 25 21.7  -11 50 42  +001135.7 -000109.9  20 57 34.2  132.345 18.878  44.78  34457 15.7
2010-02-02  21:40:00  11 38 01.5  -12 08 39  +001143.8 -000105.4  20 54 56.1  131.930 18.286  47.40  34401 15.8
2010-02-02  21:50:00  11 50 46.6  -12 25 48  +001151.6 -000100.5  20 52 12.6  131.494 17.692  50.10  34348 15.8
2010-02-02  22:00:00  12 03 36.9  -12 42 08  +001159.3 -000095.2  20 49 23.9  131.036 17.097  52.85  34299 15.9
2010-02-02  22:10:00  12 16 32.3  -12 57 32  +001166.7 -000089.5  20 46 30.2  130.557 16.502  55.66  34254 15.9
2010-02-02  22:20:00  12 29 32.5  -13 11 58  +001173.9 -000083.4  20 43 31.6  130.057 15.909  58.51  34214 15.9
2010-02-02  22:30:00  12 42 37.3  -13 25 20  +001180.6 -000077.0  20 40 28.4  129.536 15.317  61.41  34179 16.0
2010-02-02  22:40:00  12 55 46.6  -13 37 36  +001187.0 -000070.1  20 37 20.8  128.995 14.729  64.34  34149 16.0
2010-02-02  22:50:00  13 08 60.0  -13 48 42  +001193.0 -000063.0  20 34 09.1  128.434 14.145  67.31  34123 16.1
2010-02-02  23:00:00  13 22 17.1  -13 58 34  +001198.5 -000055.5  20 30 53.6  127.853 13.567  70.31  34104 16.2
2010-02-02  23:10:00  13 35 37.7  -14 07 10  +001203.5 -000047.7  20 27 34.6  127.253 12.995  73.34  34089 16.2
2010-02-02  23:20:00  13 49 01.6  -14 14 28  +001207.9 -000039.7  20 24 12.4  126.635 12.431  76.38  34080 16.3
2010-02-02  23:30:00  14 02 28.2  -14 20 24  +001211.9 -000031.5  20 20 47.4  125.999 11.875  79.46  34077 16.4
2010-02-02  23:40:00  14 15 57.2  -14 24 57  +001215.2 -000023.1  20 17 20.0  125.347 11.329  82.54  34079 16.5
2010-02-02  23:50:00  14 29 28.3  -14 28 06  +001217.9 -000014.6  20 13 50.6  124.679 10.794  85.66  34088 16.5
2010-02-03  00:00:00  14 43 00.9  -14 29 49  +001219.9 -000006.0  20 10 19.6  123.996 10.270  88.77  34102 16.6

   Date        UTC        RA         DECL      RARate   DeclRate    HourAng      Az     Um    Phase  Range  Mag
2010-02-07  16:10:00  00 52 27.0  -00 48 14  +000963.8 +000048.3  02 29 19.1  226.005 32.559 126.80  36213 18.3
2010-02-07  16:20:00  01 03 08.5  -00 40 38  +000960.7 +000042.9  02 28 39.2  225.909 32.751 124.23  36262 18.2
2010-02-07  16:30:00  01 13 48.0  -00 33 57  +000957.7 +000037.4  02 28 01.4  225.811 32.926 121.66  36308 18.0
2010-02-07  16:40:00  01 24 25.5  -00 28 10  +000955.0 +000032.0  02 27 25.5  225.713 33.084 119.11  36350 17.9
2010-02-07  16:50:00  01 35 01.3  -00 23 18  +000952.5 +000026.5  02 26 51.3  225.613 33.225 116.55  36390 17.8
2010-02-07  17:00:00  01 45 35.6  -00 19 21  +000950.2 +000021.0  02 26 18.8  225.510 33.349 114.02  36425 17.7
2010-02-07  17:10:00  01 56 08.3  -00 16 18  +000948.1 +000015.5  02 25 47.7  225.405 33.457 111.47  36458 17.6
2010-02-07  17:20:00  02 06 39.8  -00 14 11  +000946.2 +000010.0  02 25 17.8  225.296 33.549 108.95  36486 17.5
2010-02-07  17:30:00  02 17 10.1  -00 12 59  +000944.6 +000004.5  02 24 49.2  225.183 33.625 106.42  36511 17.4
2010-02-07  17:40:00  02 27 39.3  -00 12 42  +000943.1 -000001.0  02 24 21.6  225.065 33.685 103.91  36532 17.3
2010-02-07  17:50:00  02 38 07.6  -00 13 19  +000941.8 -000006.5  02 23 55.0  224.942 33.730 101.39  36550 17.2
2010-02-07  18:00:00  02 48 35.1  -00 14 52  +000940.8 -000011.9  02 23 29.1  224.814 33.760  98.89  36563 17.1
2010-02-07  18:10:00  02 59 02.0  -00 17 18  +000939.9 -000017.3  02 23 03.9  224.680 33.775  96.38  36572 17.0
2010-02-07  18:20:00  03 09 28.4  -00 20 38  +000939.3 -000022.7  02 22 39.1  224.539 33.777  93.89  36578 16.9
2010-02-07  18:30:00  03 19 54.5  -00 24 52  +000938.9 -000028.0  02 22 14.6  224.390 33.764  91.39  36579 16.9
2010-02-07  18:40:00  03 30 20.4  -00 29 59  +000938.8 -000033.3  02 21 50.3  224.234 33.738  88.90  36576 16.8
2010-02-07  18:50:00  03 40 46.3  -00 35 58  +000938.8 -000038.5  02 21 26.1  224.071 33.699  86.41  36569 16.7
2010-02-07  19:00:00  03 51 12.2  -00 42 49  +000939.0 -000043.7  02 21 01.9  223.898 33.648  83.94  36557 16.6
2010-02-07  19:10:00  04 01 38.4  -00 50 32  +000939.5 -000048.8  02 20 37.3  223.717 33.583  81.46  36542 16.6
2010-02-07  19:20:00  04 12 04.9  -00 59 05  +000940.2 -000053.8  02 20 12.4  223.526 33.507  79.00  36523 16.5
2010-02-07  19:30:00  04 22 32.0  -01 08 28  +000941.2 -000058.8  02 19 46.9  223.325 33.420  76.53  36499 16.5
2010-02-07  19:40:00  04 32 60.0  -01 18 39  +000942.4 -000063.6  02 19 20.6  223.113 33.322  74.07  36471 16.4
2010-02-07  19:50:00  04 43 28.7  -01 29 39  +000943.8 -000068.4  02 18 53.6  222.891 33.213  71.61  36439 16.3
2010-02-07  20:00:00  04 53 58.4  -01 41 26  +000945.4 -000073.0  02 18 25.5  222.658 33.095  69.17  36403 16.3
2010-02-07  20:10:00  05 04 29.3  -01 53 60  +000947.3 -000077.6  02 17 56.2  222.413 32.966  66.72  36364 16.2
2010-02-07  20:20:00  05 15 01.5  -02 07 18  +000949.4 -000082.1  02 17 25.6  222.156 32.829  64.29  36320 16.2
2010-02-07  20:30:00  05 25 35.3  -02 21 21  +000951.8 -000086.4  02 16 53.6  221.886 32.683  61.86  36272 16.1
2010-02-07  20:40:00  05 36 10.6  -02 36 06  +000954.4 -000090.6  02 16 19.8  221.604 32.529  59.45  36220 16.1
2010-02-07  20:50:00  05 46 47.9  -02 51 32  +000957.3 -000094.7  02 15 44.2  221.308 32.368  57.04  36165 16.0
2010-02-07  21:00:00  05 57 27.2  -03 07 39  +000960.4 -000098.6  02 15 06.6  220.999 32.200  54.65  36106 16.0
2010-02-07  21:10:00  06 08 08.6  -03 24 24  +000963.8 -000102.4  02 14 26.8  220.676 32.026  52.27  36044 16.0
2010-02-07  21:20:00  06 18 52.3  -03 41 47  +000967.4 -000106.1  02 13 44.8  220.339 31.846  49.93  35978 15.9
2010-02-07  21:30:00  06 29 38.5  -03 59 45  +000971.3 -000109.5  02 13 00.2  219.986 31.660  47.60  35909 15.9
2010-02-07  21:40:00  06 40 27.4  -04 18 17  +000975.4 -000112.8  02 12 12.9  219.619 31.470  45.30  35837 15.8
2010-02-07  21:50:00  06 51 19.1  -04 37 20  +000979.8 -000115.9  02 11 22.9  219.237 31.276  43.04  35761 15.8
2010-02-07  22:00:00  07 02 13.9  -04 56 54  +000984.5 -000118.8  02 10 29.7  218.839 31.079  40.83  35683 15.8
2010-02-07  22:10:00  07 13 11.8  -05 16 55  +000989.4 -000121.5  02 09 33.4  218.425 30.879  38.67  35602 15.7
2010-02-07  22:20:00  07 24 13.1  -05 37 23  +000994.5 -000124.0  02 08 33.8  217.995 30.677  36.58  35518 15.7
2010-02-07  22:30:00  07 35 18.0  -05 58 14  +001000.0 -000126.2  02 07 30.6  217.548 30.474  34.57  35432 15.7
2010-02-07  22:40:00  07 46 26.5  -06 19 26  +001005.6 -000128.2  02 06 23.7  217.084 30.269  32.66  35344 15.7
2010-02-07  22:50:00  07 57 38.8  -06 40 57  +001011.5 -000130.0  02 05 13.0  216.604 30.065  30.88  35253 15.6
2010-02-07  23:00:00  08 08 55.2  -07 02 44  +001017.7 -000131.4  02 03 58.3  216.106 29.862  29.24  35161 15.6
2010-02-07  23:10:00  08 20 15.8  -07 24 44  +001024.1 -000132.6  02 02 39.3  215.591 29.659  27.79  35067 15.6
2010-02-07  23:20:00  08 31 40.7  -07 46 55  +001030.7 -000133.5  02 01 16.1  215.058 29.459  26.55  34971 15.6
2010-02-07  23:30:00  08 43 10.1  -08 09 14  +001037.5 -000134.1  01 59 48.3  214.507 29.262  25.57  34874 15.6
2010-02-07  23:40:00  08 54 44.0  -08 31 36  +001044.5 -000134.4  01 58 16.0  213.939 29.068  24.87  34776 15.6
2010-02-07  23:50:00  09 06 22.8  -08 54 00  +001051.7 -000134.3  01 56 38.9  213.352 28.878  24.49  34677 15.6
2010-02-08  00:00:00  09 18 06.4  -09 16 22  +001059.1 -000133.9  01 54 56.9  212.747 28.694  24.45  34577 15.5
2010-02-08  00:10:00  09 29 55.0  -09 38 38  +001066.7 -000133.2  01 53 10.0  212.125 28.514  24.75  34477 15.5
2010-02-08  00:20:00  09 41 48.7  -10 00 43  +001074.4 -000132.0  01 51 17.9  211.484 28.342  25.40  34377 15.5
2010-02-08  00:30:00  09 53 47.5  -10 22 37  +001082.2 -000130.5  01 49 20.7  210.825 28.176  26.37  34277 15.5
2010-02-08  00:40:00  10 05 51.7  -10 44 13  +001090.2 -000128.6  01 47 18.2  210.149 28.018  27.62  34177 15.5
2010-02-08  00:50:00  10 18 01.1  -11 05 28  +001098.2 -000126.3  01 45 10.4  209.454 27.869  29.14  34078 15.5
2010-02-08  01:00:00  10 30 15.9  -11 26 18  +001106.3 -000123.6  01 42 57.3  208.742 27.729  30.89  33979 15.6
2010-02-08  01:10:00  10 42 36.1  -11 46 39  +001114.3 -000120.5  01 40 38.7  208.012 27.598  32.83  33881 15.6
2010-02-08  01:20:00  10 55 01.7  -12 06 26  +001122.4 -000117.0  01 38 14.8  207.265 27.478  34.94  33785 15.6
2010-02-08  01:30:00  11 07 32.6  -12 25 36  +001130.4 -000113.0  01 35 45.5  206.501 27.370  37.19  33691 15.6
2010-02-08  01:40:00  11 20 08.9  -12 44 04  +001138.4 -000108.6  01 33 10.9  205.721 27.273  39.56  33598 15.6
2010-02-08  01:50:00  11 32 50.4  -13 01 47  +001146.2 -000103.8  01 30 30.9  204.924 27.188  42.05  33507 15.6
2010-02-08  02:00:00  11 45 37.2  -13 18 39  +001153.9 -000098.6  01 27 45.9  204.112 27.116  44.61  33419 15.7
2010-02-08  02:10:00  11 58 29.0  -13 34 37  +001161.5 -000092.9  01 24 55.7  203.284 27.057  47.26  33333 15.7
2010-02-08  02:20:00  12 11 25.7  -13 49 37  +001168.7 -000086.9  01 22 00.6  202.442 27.013  49.97  33250 15.7
2010-02-08  02:30:00  12 24 27.2  -14 03 34  +001175.7 -000080.5  01 19 00.7  201.585 26.982  52.75  33171 15.8
2010-02-08  02:40:00  12 37 33.2  -14 16 25  +001182.4 -000073.7  01 15 56.4  200.716 26.966  55.58  33094 15.8
2010-02-08  02:50:00  12 50 43.6  -14 28 07  +001188.7 -000066.6  01 12 47.6  199.834 26.965  58.46  33021 15.9
2010-02-08  03:00:00  13 03 58.1  -14 38 36  +001194.7 -000059.1  01 09 34.8  198.939 26.980  61.37  32952 15.9
2010-02-08  03:10:00  13 17 16.4  -14 47 49  +001200.2 -000051.4  01 06 18.1  198.034 27.009  64.33  32887 16.0
2010-02-08  03:20:00  13 30 38.3  -14 55 43  +001205.2 -000043.3  01 02 57.9  197.118 27.054  67.31  32826 16.0
2010-02-08  03:30:00  13 44 03.3  -15 02 15  +001209.8 -000035.1  00 59 34.5  196.193 27.115  70.33  32769 16.1
2010-02-08  03:40:00  13 57 31.2  -15 07 23  +001213.8 -000026.6  00 56 08.3  195.260 27.192  73.37  32717 16.1
2010-02-08  03:50:00  14 11 01.5  -15 11 06  +001217.2 -000017.9  00 52 39.6  194.319 27.284  76.44  32670 16.2
2010-02-08  04:00:00  14 24 34.0  -15 13 21  +001220.1 -000009.1  00 49 08.8  193.372 27.392  79.52  32627 16.3
2010-02-08  04:10:00  14 38 08.1  -15 14 08  +001222.4 -000000.3  00 45 36.2  192.419 27.515  82.63  32590 16.4

   Date        UTC        RA         DECL      RARate   DeclRate    HourAng      Az     Um    Phase  Range  Mag
2010-02-08  16:10:00  04 47 20.3  -01 11 26  +000945.4 -000060.3  22 38 22.4  153.292 39.138  71.38  35989 16.3
2010-02-08  16:20:00  04 57 51.0  -01 21 53  +000946.8 -000065.1  22 37 53.3  153.213 38.934  68.92  35969 16.2
2010-02-08  16:30:00  05 08 22.7  -01 33 08  +000948.5 -000069.9  22 37 23.2  153.135 38.717  66.45  35945 16.2
2010-02-08  16:40:00  05 18 55.8  -01 45 11  +000950.4 -000074.6  22 36 51.8  153.056 38.486  64.01  35917 16.1
2010-02-08  16:50:00  05 29 30.1  -01 57 60  +000952.6 -000079.2  22 36 19.1  152.977 38.240  61.56  35886 16.1
2010-02-08  17:00:00  05 40 06.0  -02 11 34  +000955.0 -000083.6  22 35 44.9  152.895 37.981  59.13  35851 16.1
2010-02-08  17:10:00  05 50 43.5  -02 25 52  +000957.6 -000088.0  22 35 09.0  152.811 37.707  56.70  35813 16.0
2010-02-08  17:20:00  06 01 22.9  -02 40 53  +000960.5 -000092.1  22 34 31.3  152.722 37.420  54.30  35772 16.0
2010-02-08  17:30:00  06 12 04.2  -02 56 34  +000963.6 -000096.2  22 33 51.6  152.629 37.120  51.90  35728 15.9
2010-02-08  17:40:00  06 22 47.8  -03 12 56  +000967.0 -000100.1  22 33 09.7  152.531 36.806  49.53  35681 15.9
2010-02-08  17:50:00  06 33 33.7  -03 29 54  +000970.7 -000103.8  22 32 25.4  152.426 36.479  47.18  35631 15.9
2010-02-08  18:00:00  06 44 22.1  -03 47 30  +000974.6 -000107.3  22 31 38.6  152.314 36.139  44.86  35578 15.8
2010-02-08  18:10:00  06 55 13.2  -04 05 40  +000978.7 -000110.7  22 30 49.2  152.194 35.786  42.57  35522 15.8
2010-02-08  18:20:00  07 06 07.1  -04 24 23  +000983.1 -000113.8  22 29 56.9  152.065 35.421  40.33  35465 15.8
2010-02-08  18:30:00  07 17 04.0  -04 43 36  +000987.7 -000116.8  22 29 01.7  151.927 35.043  38.14  35405 15.7
2010-02-08  18:40:00  07 28 04.1  -05 03 18  +000992.6 -000119.5  22 28 03.2  151.778 34.654  36.02  35343 15.7
2010-02-08  18:50:00  07 39 07.5  -05 23 26  +000997.7 -000122.0  22 27 01.5  151.618 34.253  33.97  35279 15.7
2010-02-08  19:00:00  07 50 14.4  -05 43 57  +001003.1 -000124.3  22 25 56.2  151.446 33.841  32.03  35214 15.6
2010-02-08  19:10:00  08 01 25.0  -06 04 50  +001008.6 -000126.3  22 24 47.3  151.262 33.417  30.20  35147 15.6
2010-02-08  19:20:00  08 12 39.3  -06 26 02  +001014.5 -000128.1  22 23 34.5  151.064 32.984  28.53  35080 15.6
2010-02-08  19:30:00  08 23 57.6  -06 47 30  +001020.5 -000129.5  22 22 17.9  150.852 32.540  27.03  35011 15.6
2010-02-08  19:40:00  08 35 20.0  -07 09 12  +001026.8 -000130.7  22 20 57.1  150.625 32.086  25.75  34941 15.6
2010-02-08  19:50:00  08 46 46.7  -07 31 04  +001033.2 -000131.6  22 19 32.1  150.384 31.624  24.72  34871 15.6
2010-02-08  20:00:00  08 58 17.7  -07 53 03  +001039.9 -000132.1  22 18 02.7  150.126 31.152  23.99  34800 15.6
2010-02-08  20:10:00  09 09 53.3  -08 15 05  +001046.7 -000132.3  22 16 28.8  149.852 30.673  23.58  34729 15.5
2010-02-08  20:20:00  09 21 33.4  -08 37 08  +001053.7 -000132.2  22 14 50.3  149.561 30.186  23.52  34659 15.5
2010-02-08  20:30:00  09 33 18.3  -08 59 08  +001060.9 -000131.8  22 13 07.1  149.253 29.692  23.83  34589 15.5
2010-02-08  20:40:00  09 45 07.9  -09 21 02  +001068.2 -000130.9  22 11 19.1  148.927 29.192  24.47  34519 15.5
2010-02-08  20:50:00  09 57 02.5  -09 42 46  +001075.6 -000129.7  22 09 26.1  148.583 28.687  25.46  34451 15.5
2010-02-08  21:00:00  10 09 02.1  -10 04 15  +001083.1 -000128.1  22 07 28.2  148.220 28.176  26.73  34383 15.5
2010-02-08  21:10:00  10 21 06.7  -10 25 27  +001090.7 -000126.1  22 05 25.3  147.839 27.661  28.28  34317 15.6
2010-02-08  21:20:00  10 33 16.3  -10 46 16  +001098.3 -000123.7  22 03 17.3  147.439 27.142  30.04  34252 15.6
2010-02-08  21:30:00  10 45 31.0  -11 06 39  +001105.9 -000120.9  22 01 04.2  147.019 26.621  32.01  34190 15.6
2010-02-08  21:40:00  10 57 50.8  -11 26 33  +001113.5 -000117.7  21 58 46.1  146.580 26.098  34.13  34129 15.6
2010-02-08  21:50:00  11 10 15.7  -11 45 52  +001121.1 -000114.1  21 56 22.8  146.122 25.573  36.41  34071 15.6
2010-02-08  22:00:00  11 22 45.6  -12 04 33  +001128.6 -000110.0  21 53 54.6  145.644 25.048  38.79  34015 15.6
2010-02-08  22:10:00  11 35 20.4  -12 22 31  +001135.9 -000105.6  21 51 21.4  145.146 24.524  41.29  33962 15.7
2010-02-08  22:20:00  11 48 00.1  -12 39 43  +001143.2 -000100.7  21 48 43.3  144.630 24.001  43.86  33912 15.7
2010-02-08  22:30:00  12 00 44.5  -12 56 03  +001150.2 -000095.4  21 46 00.6  144.094 23.480  46.51  33865 15.7
2010-02-08  22:40:00  12 13 33.6  -13 11 29  +001157.0 -000089.8  21 43 13.1  143.539 22.962  49.22  33822 15.8
2010-02-08  22:50:00  12 26 27.1  -13 25 57  +001163.6 -000083.7  21 40 21.2  142.966 22.448  52.00  33782 15.8
2010-02-08  23:00:00  12 39 24.9  -13 39 23  +001169.8 -000077.3  21 37 25.1  142.374 21.939  54.82  33747 15.8
2010-02-08  23:10:00  12 52 26.8  -13 51 43  +001175.8 -000070.6  21 34 24.8  141.764 21.436  57.70  33715 15.9
2010-02-08  23:20:00  13 05 32.5  -14 02 54  +001181.3 -000063.5  21 31 20.8  141.137 20.939  60.60  33687 15.9
2010-02-08  23:30:00  13 18 41.8  -14 12 53  +001186.5 -000056.2  21 28 13.1  140.493 20.450  63.54  33664 16.0
2010-02-08  23:40:00  13 31 54.3  -14 21 36  +001191.1 -000048.5  21 25 02.3  139.833 19.969  66.51  33646 16.1
2010-02-08  23:50:00  13 45 09.8  -14 29 02  +001195.4 -000040.7  21 21 48.4  139.157 19.498  69.52  33631 16.1
2010-02-09  00:00:00  13 58 28.0  -14 35 09  +001199.1 -000032.6  21 18 31.9  138.466 19.036  72.53  33622 16.2
2010-02-09  00:10:00  14 11 48.5  -14 39 54  +001202.3 -000024.4  21 15 13.0  137.760 18.585  75.59  33618 16.3
2010-02-09  00:20:00  14 25 11.0  -14 43 16  +001205.0 -000016.0  21 11 52.2  137.042 18.145  78.64  33618 16.3
2010-02-09  00:30:00  14 38 35.0  -14 45 14  +001207.1 -000007.5  21 08 29.8  136.311 17.717  81.73  33624 16.4
2010-02-09  00:40:00  14 52 00.3  -14 45 46  +001208.6 +000001.0  21 05 06.1  135.569 17.302  84.82  33634 16.5
2010-02-09  00:50:00  15 05 26.4  -14 44 53  +001209.6 +000009.6  21 01 41.7  134.816 16.901  87.93  33649 16.6
2010-02-09  01:00:00  15 18 52.9  -14 42 35  +001209.9 +000018.1  20 58 16.8  134.054 16.514  91.04  33670 16.7
2010-02-09  01:10:00  15 32 19.5  -14 38 53  +001209.7 +000026.5  20 54 51.9  133.283 16.141  94.17  33696 16.8
2010-02-09  01:20:00  15 45 45.7  -14 33 46  +001208.9 +000034.8  20 51 27.3  132.505 15.783  97.29  33727 16.9
2010-02-09  01:30:00  15 59 11.3  -14 27 16  +001207.6 +000043.0  20 48 03.4  131.721 15.440 100.43  33763 17.0
2010-02-09  01:40:00  16 12 35.7  -14 19 26  +001205.6 +000051.0  20 44 40.6  130.931 15.113 103.56  33803 17.1
2010-02-09  01:50:00  16 25 58.7  -14 10 17  +001203.2 +000058.8  20 41 19.3  130.138 14.801 106.71  33849 17.2
2010-02-09  02:00:00  16 39 19.8  -13 59 50  +001200.2 +000066.4  20 37 59.8  129.342 14.506 109.84  33900 17.4
2010-02-09  02:10:00  16 52 38.8  -13 48 11  +001196.7 +000073.6  20 34 42.5  128.544 14.227 112.98  33955 17.5
2010-02-09  02:20:00  17 05 55.3  -13 35 20  +001192.8 +000080.5  20 31 27.6  127.746 13.965 116.10  34015 17.6
2010-02-09  02:30:00  17 19 09.1  -13 21 22  +001188.4 +000087.1  20 28 15.5  126.949 13.718 119.23  34080 17.8
2010-02-09  02:40:00  17 32 19.8  -13 06 19  +001183.7 +000093.3  20 25 06.4  126.153 13.488 122.34  34148 18.0
2010-02-09  02:50:00  17 45 27.2  -12 50 17  +001178.5 +000099.1  20 22 00.6  125.361 13.273 125.45  34222 18.1
2010-02-09  03:00:00  17 58 31.1  -12 33 18  +001173.0 +000104.6  20 18 58.4  124.572 13.075 128.54  34299 18.3
2010-02-09  03:10:00  18 11 31.1  -12 15 27  +001167.2 +000109.6  20 15 59.9  123.789 12.892 131.63  34379 18.5
2010-02-09  03:20:00  18 24 27.3  -11 56 49  +001161.2 +000114.1  20 13 05.4  123.012 12.724 134.69  34464 18.7
2010-02-09  03:30:00  18 37 19.4  -11 37 27  +001154.9 +000118.3  20 10 15.0  122.242 12.572 137.75  34552 18.9
2010-02-09  03:40:00  18 50 07.2  -11 17 25  +001148.5 +000121.9  20 07 28.8  121.481 12.434 140.78  34644 19.2
2010-02-09  03:50:00  19 02 50.7  -10 56 50  +001141.9 +000125.2  20 04 47.0  120.728 12.310 143.79  34738 19.4
2010-02-09  04:00:00  19 15 29.7  -10 35 43  +001135.1 +000128.0  20 02 09.6  119.986 12.199 146.77  34835 19.7
2010-02-09  04:10:00  19 28 04.1  -10 14 12  +001128.2 +000130.3  19 59 36.8  119.254 12.102 149.74  34935 20.0

   Date        UTC        RA         DECL      RARate   DeclRate    HourAng      Az     Um    Phase  Range  Mag
2010-02-13  16:20:00  00 23 32.0  -01 10 14  +000981.6 +000058.7  03 31 55.1  240.588 23.601 139.80  36655 19.2
2010-02-13  16:30:00  00 34 25.4  -01 00 54  +000978.5 +000053.5  03 31 03.4  240.502 23.855 137.18  36696 19.0
2010-02-13  16:40:00  00 45 16.7  -00 52 25  +000975.6 +000048.2  03 30 13.6  240.414 24.092 134.57  36735 18.8
2010-02-13  16:50:00  00 56 06.3  -00 44 49  +000972.9 +000042.9  03 29 25.7  240.322 24.313 131.95  36772 18.7
2010-02-13  17:00:00  01 06 54.1  -00 38 07  +000970.4 +000037.5  03 28 39.6  240.226 24.517 129.35  36806 18.5
2010-02-13  17:10:00  01 17 40.2  -00 32 19  +000968.0 +000032.1  03 27 55.1  240.127 24.706 126.74  36838 18.4
2010-02-13  17:20:00  01 28 24.8  -00 27 25  +000965.8 +000026.7  03 27 12.2  240.022 24.878 124.15  36867 18.2
2010-02-13  17:30:00  01 39 08.0  -00 23 26  +000963.8 +000021.2  03 26 30.6  239.913 25.035 121.55  36894 18.1
2010-02-13  17:40:00  01 49 49.8  -00 20 21  +000961.9 +000015.7  03 25 50.4  239.798 25.176 118.97  36917 17.9
2010-02-13  17:50:00  02 00 30.5  -00 18 11  +000960.2 +000010.2  03 25 11.3  239.678 25.302 116.38  36938 17.8
2010-02-13  18:00:00  02 11 10.2  -00 16 56  +000958.7 +000004.7  03 24 33.3  239.550 25.413 113.81  36955 17.7
2010-02-13  18:10:00  02 21 48.9  -00 16 37  +000957.4 -000000.8  03 23 56.2  239.416 25.509 111.23  36970 17.6
2010-02-13  18:20:00  02 32 26.8  -00 17 11  +000956.2 -000006.2  03 23 20.0  239.275 25.591 108.66  36981 17.5
2010-02-13  18:30:00  02 43 04.0  -00 18 41  +000955.3 -000011.7  03 22 44.5  239.127 25.659 106.09  36989 17.4
2010-02-13  18:40:00  02 53 40.5  -00 21 05  +000954.5 -000017.1  03 22 09.5  238.970 25.712 103.53  36994 17.3
2010-02-13  18:50:00  03 04 16.6  -00 24 23  +000953.9 -000022.5  03 21 35.1  238.806 25.753 100.97  36995 17.2
2010-02-13  19:00:00  03 14 52.4  -00 28 34  +000953.4 -000027.8  03 21 01.0  238.632 25.780  98.42  36992 17.1
2010-02-13  19:10:00  03 25 28.0  -00 33 38  +000953.2 -000033.1  03 20 27.0  238.450 25.795  95.86  36987 17.0
2010-02-13  19:20:00  03 36 03.5  -00 39 35  +000953.2 -000038.3  03 19 53.2  238.259 25.798  93.32  36977 16.9
2010-02-13  19:30:00  03 46 39.0  -00 46 24  +000953.3 -000043.5  03 19 19.3  238.058 25.788  90.77  36965 16.9
2010-02-13  19:40:00  03 57 14.6  -00 54 04  +000953.7 -000048.6  03 18 45.3  237.847 25.767  88.23  36948 16.8
2010-02-13  19:50:00  04 07 50.6  -01 02 35  +000954.2 -000053.6  03 18 11.0  237.626 25.735  85.69  36928 16.7
2010-02-13  20:00:00  04 18 26.9  -01 11 56  +000954.9 -000058.5  03 17 36.3  237.395 25.693  83.16  36905 16.6
2010-02-13  20:10:00  04 29 03.8  -01 22 05  +000955.9 -000063.3  03 17 01.0  237.154 25.640  80.62  36878 16.6
2010-02-13  20:20:00  04 39 41.5  -01 33 02  +000957.0 -000068.1  03 16 25.0  236.901 25.578  78.09  36848 16.5
2010-02-13  20:30:00  04 50 20.0  -01 44 46  +000958.4 -000072.7  03 15 48.2  236.637 25.507  75.56  36814 16.4
2010-02-13  20:40:00  05 00 59.4  -01 57 16  +000959.9 -000077.2  03 15 10.4  236.361 25.427  73.04  36776 16.4
2010-02-13  20:50:00  05 11 39.9  -02 10 31  +000961.7 -000081.6  03 14 31.5  236.074 25.339  70.51  36736 16.3
2010-02-13  21:00:00  05 22 21.7  -02 24 29  +000963.7 -000085.9  03 13 51.4  235.776 25.244  68.01  36691 16.3
2010-02-13  21:10:00  05 33 04.9  -02 39 09  +000965.9 -000090.1  03 13 09.9  235.465 25.141  65.49  36644 16.2
2010-02-13  21:20:00  05 43 49.6  -02 54 29  +000968.3 -000094.1  03 12 26.8  235.142 25.033  63.00  36593 16.2
2010-02-13  21:30:00  05 54 36.0  -03 10 29  +000970.9 -000097.9  03 11 42.0  234.806 24.918  60.50  36540 16.1
2010-02-13  21:40:00  06 05 24.3  -03 27 06  +000973.8 -000101.6  03 10 55.4  234.457 24.799  58.02  36483 16.1
2010-02-13  21:50:00  06 16 14.5  -03 44 20  +000976.9 -000105.1  03 10 06.8  234.096 24.674  55.54  36423 16.0
2010-02-13  22:00:00  06 27 06.8  -04 02 08  +000980.2 -000108.4  03 09 16.1  233.721 24.546  53.09  36360 16.0
2010-02-13  22:10:00  06 38 01.4  -04 20 28  +000983.7 -000111.6  03 08 23.2  233.334 24.414  50.65  36294 15.9
2010-02-13  22:20:00  06 48 58.4  -04 39 19  +000987.4 -000114.5  03 07 27.8  232.933 24.280  48.24  36226 15.9
2010-02-13  22:30:00  06 59 58.0  -04 58 38  +000991.4 -000117.3  03 06 29.8  232.518 24.144  45.84  36155 15.9
2010-02-13  22:40:00  07 11 00.4  -05 18 23  +000995.7 -000119.8  03 05 29.1  232.089 24.006  43.49  36081 15.8
2010-02-13  22:50:00  07 22 05.7  -05 38 33  +001000.1 -000122.1  03 04 25.5  231.647 23.868  41.17  36005 15.8
2010-02-13  23:00:00  07 33 13.9  -05 59 04  +001004.7 -000124.2  03 03 18.9  231.191 23.731  38.91  35927 15.8
2010-02-13  23:10:00  07 44 25.3  -06 19 55  +001009.6 -000126.0  03 02 09.1  230.720 23.594  36.70  35847 15.7
2010-02-13  23:20:00  07 55 40.1  -06 41 03  +001014.7 -000127.5  03 00 56.0  230.236 23.458  34.57  35765 15.7
2010-02-13  23:30:00  08 06 58.3  -07 02 26  +001020.0 -000128.8  02 59 39.4  229.737 23.325  32.53  35681 15.7
2010-02-13  23:40:00  08 18 20.1  -07 23 59  +001025.5 -000129.8  02 58 19.3  229.224 23.195  30.61  35595 15.7
2010-02-13  23:50:00  08 29 45.6  -07 45 41  +001031.2 -000130.5  02 56 55.4  228.697 23.069  28.83  35508 15.6
2010-02-14  00:00:00  08 41 15.0  -08 07 29  +001037.0 -000131.0  02 55 27.6  228.156 22.948  27.23  35420 15.6
2010-02-14  00:10:00  08 52 48.4  -08 29 19  +001043.1 -000131.1  02 53 55.9  227.600 22.831  25.84  35330 15.6
2010-02-14  00:20:00  09 04 25.8  -08 51 09  +001049.3 -000130.8  02 52 20.1  227.030 22.722  24.70  35240 15.6
2010-02-14  00:30:00  09 16 07.5  -09 12 55  +001055.7 -000130.3  02 50 40.1  226.446 22.618  23.86  35148 15.6
2010-02-14  00:40:00  09 27 53.5  -09 34 34  +001062.2 -000129.4  02 48 55.8  225.848 22.523  23.34  35056 15.6
2010-02-14  00:50:00  09 39 43.8  -09 56 02  +001068.9 -000128.1  02 47 07.1  225.237 22.436  23.19  34964 15.6
2010-02-14  01:00:00  09 51 38.6  -10 17 15  +001075.6 -000126.5  02 45 13.9  224.611 22.358  23.40  34872 15.6
2010-02-14  01:10:00  10 03 38.0  -10 38 10  +001082.4 -000124.5  02 43 16.2  223.972 22.291  23.99  34779 15.6
2010-02-14  01:20:00  10 15 41.9  -10 58 44  +001089.3 -000122.1  02 41 13.9  223.319 22.233  24.91  34687 15.6
2010-02-14  01:30:00  10 27 50.4  -11 18 52  +001096.3 -000119.4  02 39 07.0  222.654 22.187  26.16  34595 15.6
2010-02-14  01:40:00  10 40 03.6  -11 38 31  +001103.3 -000116.3  02 36 55.5  221.976 22.153  27.67  34503 15.6
2010-02-14  01:50:00  10 52 21.4  -11 57 36  +001110.2 -000112.8  02 34 39.3  221.285 22.132  29.43  34413 15.6
2010-02-14  02:00:00  11 04 43.8  -12 16 05  +001117.1 -000108.9  02 32 18.5  220.582 22.124  31.39  34323 15.6
2010-02-14  02:10:00  11 17 10.8  -12 33 52  +001124.0 -000104.6  02 29 53.2  219.868 22.130  33.52  34235 15.6
2010-02-14  02:20:00  11 29 42.4  -12 50 55  +001130.7 -000099.9  02 27 23.2  219.142 22.150  35.79  34148 15.6
2010-02-14  02:30:00  11 42 18.5  -13 07 09  +001137.4 -000094.8  02 24 48.8  218.406 22.186  38.19  34063 15.6
2010-02-14  02:40:00  11 54 58.9  -13 22 30  +001143.9 -000089.4  02 22 10.1  217.660 22.237  40.68  33980 15.7
2010-02-14  02:50:00  12 07 43.6  -13 36 56  +001150.1 -000083.6  02 19 27.0  216.903 22.303  43.27  33899 15.7
2010-02-14  03:00:00  12 20 32.4  -13 50 22  +001156.2 -000077.5  02 16 39.9  216.138 22.386  45.92  33819 15.7
2010-02-14  03:10:00  12 33 25.1  -14 02 46  +001162.0 -000071.1  02 13 48.8  215.364 22.485  48.65  33743 15.8
2010-02-14  03:20:00  12 46 21.5  -14 14 02  +001167.5 -000064.3  02 10 54.0  214.583 22.602  51.42  33669 15.8
2010-02-14  03:30:00  12 59 21.6  -14 24 10  +001172.7 -000057.2  02 07 55.6  213.795 22.735  54.25  33598 15.8
2010-02-14  03:40:00  13 12 25.0  -14 33 05  +001177.5 -000049.9  02 04 53.8  212.999 22.886  57.12  33530 15.9
2010-02-14  03:50:00  13 25 31.5  -14 40 46  +001181.9 -000042.3  02 01 49.0  212.199 23.054  60.03  33465 15.9
2010-02-14  04:00:00  13 38 40.8  -14 47 10  +001185.9 -000034.5  01 58 41.3  211.393 23.239  62.96  33404 16.0

   Date        UTC        RA         DECL      RARate   DeclRate    HourAng      Az     Um    Phase  Range  Mag
2010-02-14  16:20:00  04 20 24.4  -00 58 04  +000958.9 -000051.3  23 38 59.3  172.878 42.410  83.42  35508 16.6
2010-02-14  16:30:00  04 31 03.9  -01 07 02  +000959.6 -000056.4  23 38 21.4  172.683 42.247  80.86  35497 16.5
2010-02-14  16:40:00  04 41 43.9  -01 16 52  +000960.6 -000061.5  23 37 43.0  172.488 42.070  78.31  35483 16.4
2010-02-14  16:50:00  04 52 24.7  -01 27 33  +000961.8 -000066.5  23 37 03.9  172.291 41.877  75.76  35465 16.4
2010-02-14  17:00:00  05 03 06.4  -01 39 03  +000963.2 -000071.4  23 36 23.9  172.093 41.671  73.23  35445 16.3
2010-02-14  17:10:00  05 13 49.0  -01 51 21  +000964.8 -000076.2  23 35 42.9  171.892 41.451  70.68  35421 16.3
2010-02-14  17:20:00  05 24 32.9  -02 04 26  +000966.6 -000080.8  23 35 00.6  171.687 41.216  68.15  35394 16.2
2010-02-14  17:30:00  05 35 18.0  -02 18 16  +000968.7 -000085.3  23 34 17.2  171.480 40.968  65.62  35364 16.1
2010-02-14  17:40:00  05 46 04.5  -02 32 51  +000970.9 -000089.7  23 33 32.3  171.267 40.707  63.10  35331 16.1
2010-02-14  17:50:00  05 56 52.6  -02 48 09  +000973.4 -000093.9  23 32 45.8  171.050 40.433  60.58  35295 16.0
2010-02-14  18:00:00  06 07 42.4  -03 04 09  +000976.1 -000097.9  23 31 57.6  170.826 40.147  58.08  35257 16.0
2010-02-14  18:10:00  06 18 34.1  -03 20 48  +000979.0 -000101.8  23 31 07.6  170.597 39.848  55.58  35216 16.0
2010-02-14  18:20:00  06 29 27.9  -03 38 05  +000982.2 -000105.5  23 30 15.5  170.360 39.537  53.11  35173 15.9
2010-02-14  18:30:00  06 40 23.9  -03 55 58  +000985.6 -000109.0  23 29 21.1  170.115 39.214  50.64  35127 15.9
2010-02-14  18:40:00  06 51 22.1  -04 14 25  +000989.2 -000112.4  23 28 24.5  169.861 38.881  48.20  35079 15.8
2010-02-14  18:50:00  07 02 22.9  -04 33 24  +000993.0 -000115.5  23 27 25.4  169.599 38.536  45.78  35029 15.8
2010-02-14  19:00:00  07 13 26.2  -04 52 54  +000997.1 -000118.4  23 26 23.7  169.327 38.182  43.40  34977 15.8
2010-02-14  19:10:00  07 24 32.4  -05 12 51  +001001.4 -000121.0  23 25 19.2  169.045 37.817  41.05  34923 15.7
2010-02-14  19:20:00  07 35 41.4  -05 33 14  +001005.9 -000123.5  23 24 11.8  168.753 37.443  38.75  34868 15.7
2010-02-14  19:30:00  07 46 53.5  -05 53 59  +001010.6 -000125.6  23 23 01.3  168.449 37.060  36.51  34811 15.7
2010-02-14  19:40:00  07 58 09.0  -06 15 05  +001015.5 -000127.5  23 21 47.5  168.132 36.669  34.34  34753 15.6
2010-02-14  19:50:00  08 09 27.7  -06 36 29  +001020.7 -000129.2  23 20 30.4  167.804 36.270  32.26  34694 15.6
2010-02-14  20:00:00  08 20 49.9  -06 58 07  +001026.0 -000130.5  23 19 09.9  167.462 35.864  30.29  34634 15.6
2010-02-14  20:10:00  08 32 15.7  -07 19 58  +001031.5 -000131.5  23 17 45.7  167.107 35.451  28.46  34573 15.6
2010-02-14  20:20:00  08 43 45.3  -07 41 57  +001037.3 -000132.3  23 16 17.7  166.739 35.032  26.81  34512 15.6
2010-02-14  20:30:00  08 55 18.8  -08 04 03  +001043.2 -000132.7  23 14 45.9  166.356 34.607  25.37  34450 15.5
2010-02-14  20:40:00  09 06 56.3  -08 26 10  +001049.2 -000132.8  23 13 10.1  165.958 34.178  24.17  34387 15.5
2010-02-14  20:50:00  09 18 37.8  -08 48 17  +001055.4 -000132.5  23 11 30.2  165.545 33.744  23.28  34325 15.5
2010-02-14  21:00:00  09 30 23.6  -09 10 19  +001061.8 -000131.9  23 09 46.1  165.118 33.307  22.72  34264 15.5
2010-02-14  21:10:00  09 42 13.6  -09 32 13  +001068.3 -000130.9  23 07 57.7  164.674 32.867  22.53  34202 15.5
2010-02-14  21:20:00  09 54 08.0  -09 53 56  +001074.8 -000129.6  23 06 05.0  164.215 32.424  22.72  34141 15.5
2010-02-14  21:30:00  10 06 06.7  -10 15 24  +001081.5 -000127.9  23 04 07.8  163.739 31.980  23.30  34081 15.5
2010-02-14  21:40:00  10 18 10.0  -10 36 32  +001088.2 -000125.8  23 02 06.2  163.248 31.536  24.22  34022 15.5
2010-02-14  21:50:00  10 30 17.7  -10 57 18  +001095.0 -000123.3  23 00 00.1  162.739 31.091  25.48  33963 15.5
2010-02-14  22:00:00  10 42 30.0  -11 17 36  +001101.8 -000120.4  22 57 49.5  162.215 30.648  27.01  33907 15.5
2010-02-14  22:10:00  10 54 46.7  -11 37 23  +001108.5 -000117.1  22 55 34.4  161.674 30.205  28.79  33852 15.5
2010-02-14  22:20:00  11 07 08.0  -11 56 36  +001115.3 -000113.4  22 53 14.8  161.116 29.765  30.76  33799 15.5
2010-02-14  22:30:00  11 19 33.7  -12 15 10  +001121.9 -000109.3  22 50 50.7  160.542 29.328  32.92  33747 15.6
2010-02-14  22:40:00  11 32 03.9  -12 33 01  +001128.5 -000104.8  22 48 22.2  159.952 28.895  35.21  33698 15.6
2010-02-14  22:50:00  11 44 38.4  -12 50 06  +001134.9 -000100.0  22 45 49.3  159.345 28.466  37.63  33651 15.6
2010-02-14  23:00:00  11 57 17.1  -13 06 20  +001141.2 -000094.7  22 43 12.3  158.722 28.043  40.14  33607 15.6
2010-02-14  23:10:00  12 09 59.9  -13 21 39  +001147.3 -000089.1  22 40 31.1  158.084 27.626  42.74  33566 15.7
2010-02-14  23:20:00  12 22 46.7  -13 36 00  +001153.1 -000083.2  22 37 46.0  157.430 27.216  45.41  33527 15.7
2010-02-14  23:30:00  12 35 37.3  -13 49 21  +001158.7 -000076.9  22 34 57.0  156.761 26.813  48.15  33491 15.7
2010-02-14  23:40:00  12 48 31.6  -14 01 37  +001164.0 -000070.2  22 32 04.3  156.077 26.419  50.93  33459 15.8
2010-02-14  23:50:00  13 01 29.3  -14 12 45  +001169.0 -000063.3  22 29 08.3  155.380 26.034  53.77  33430 15.8
2010-02-15  00:00:00  13 14 30.2  -14 22 42  +001173.6 -000056.1  22 26 09.0  154.668 25.658  56.64  33404 15.9
2010-02-15  00:10:00  13 27 34.0  -14 31 27  +001177.9 -000048.7  22 23 06.8  153.943 25.292  59.56  33382 15.9
2010-02-15  00:20:00  13 40 40.5  -14 38 54  +001181.7 -000041.0  22 20 02.0  153.206 24.938  62.50  33364 16.0
2010-02-15  00:30:00  13 53 49.4  -14 45 05  +001185.1 -000033.1  22 16 54.7  152.457 24.595  65.47  33349 16.0
2010-02-15  00:40:00  14 07 00.5  -14 49 55  +001188.0 -000025.0  22 13 45.3  151.697 24.264  68.46  33338 16.1
2010-02-15  00:50:00  14 20 13.4  -14 53 25  +001190.5 -000016.9  22 10 34.1  150.926 23.945  71.48  33331 16.1
2010-02-15  01:00:00  14 33 27.7  -14 55 33  +001192.5 -000008.6  22 07 21.4  150.145 23.640  74.51  33329 16.2
2010-02-15  01:10:00  14 46 43.2  -14 56 18  +001194.0 -000000.3  22 04 07.5  149.356 23.348  77.57  33330 16.3
2010-02-15  01:20:00  14 59 59.5  -14 55 39  +001194.9 +000008.1  22 00 52.8  148.559 23.069  80.62  33336 16.4
2010-02-15  01:30:00  15 13 16.2  -14 53 36  +001195.3 +000016.4  21 57 37.8  147.755 22.805  83.70  33345 16.4
2010-02-15  01:40:00  15 26 33.1  -14 50 11  +001195.3 +000024.7  21 54 22.5  146.945 22.555  86.78  33359 16.5
2010-02-15  01:50:00  15 39 49.8  -14 45 24  +001194.7 +000032.8  21 51 07.4  146.129 22.319  89.88  33377 16.6
2010-02-15  02:00:00  15 53 06.0  -14 39 15  +001193.7 +000040.9  21 47 52.9  145.309 22.098  92.97  33400 16.7
2010-02-15  02:10:00  16 06 21.3  -14 31 47  +001192.1 +000048.8  21 44 39.3  144.486 21.892  96.08  33426 16.8
2010-02-15  02:20:00  16 19 35.4  -14 23 00  +001190.1 +000056.5  21 41 26.8  143.660 21.700  99.18  33457 16.9
2010-02-15  02:30:00  16 32 48.0  -14 12 58  +001187.6 +000063.9  21 38 15.9  142.833 21.523 102.30  33492 17.0
2010-02-15  02:40:00  16 45 58.6  -14 01 42  +001184.6 +000071.2  21 35 06.9  142.007 21.361 105.40  33530 17.1
2010-02-15  02:50:00  16 59 07.3  -13 49 16  +001181.3 +000078.1  21 31 59.9  141.180 21.213 108.51  33573 17.3
2010-02-15  03:00:00  17 12 13.5  -13 35 42  +001177.5 +000084.7  21 28 55.2  140.355 21.080 111.61  33619 17.4
2010-02-15  03:10:00  17 25 17.2  -13 21 04  +001173.4 +000090.9  21 25 53.2  139.533 20.960 114.72  33669 17.5
2010-02-15  03:20:00  17 38 18.0  -13 05 25  +001169.0 +000096.8  21 22 54.0  138.714 20.854 117.81  33723 17.7
2010-02-15  03:30:00  17 51 15.8  -12 48 49  +001164.2 +000102.4  21 19 57.9  137.900 20.762 120.90  33781 17.9
2010-02-15  03:40:00  18 04 10.3  -12 31 19  +001159.2 +000107.5  21 17 05.1  137.091 20.682 123.97  33842 18.0
2010-02-15  03:50:00  18 17 01.3  -12 13 00  +001153.9 +000112.2  21 14 15.7  136.288 20.616 127.05  33906 18.2
2010-02-15  04:00:00  18 29 48.8  -11 53 56  +001148.5 +000116.6  21 11 29.9  135.493 20.561 130.11  33973 18.4

   Date        UTC        RA         DECL      RARate   DeclRate    HourAng      Az     Um    Phase  Range  Mag
2010-02-15  16:20:00  08 19 12.9  -05 56 31  +001013.8 -000119.0  19 44 07.3  113.439 13.065  30.42  36930 15.7
2010-02-15  16:30:00  08 30 30.4  -06 16 28  +001018.6 -000120.3  19 42 51.5  113.407 12.609  28.46  36887 15.7
2010-02-15  16:40:00  08 41 51.2  -06 36 36  +001023.6 -000121.3  19 41 32.3  113.368 12.142  26.66  36845 15.7
2010-02-15  16:50:00  08 53 15.3  -06 56 53  +001028.7 -000122.0  19 40 09.8  113.319 11.664  25.03  36802 15.7
2010-02-15  17:00:00  09 04 42.9  -07 17 16  +001034.0 -000122.5  19 38 43.9  113.261 11.175  23.64  36759 15.7
2010-02-15  17:10:00  09 16 14.0  -07 37 41  +001039.4 -000122.6  19 37 14.4  113.193 10.677  22.52  36716 15.7
2010-02-15  17:20:00  09 27 48.8  -07 58 06  +001044.9 -000122.4  19 35 41.3  113.115 10.170  21.71  36674 15.7
