ЭФЕМЕРИДЫ ПО ОБЪЕКТУ:  90108
Для пункта:  10016 Маяки   46 23'50.68"   30 16'17.74"    14m
C   2010-02-01 12:00
по  2010-02-16 12:00
Шаг  0:10:00
Мин.угол места:          10 град
Макс.угол места Солнца: -10 град
Стандартный блеск :      8.8 (зв.вел.)

ОБОЗНАЧЕНИЯ
RA        прямое восхождение, тек.эпоха
DECL      склонение, тек.эпоха
RARate    скорость по пр.восх., арксек/мин
DeclRate  скорость по склонению, арксек/мин
HourAng   часовой угол
Az        азимут
Um        угол места
Phase     фазовый угол
Range     дальность
Mag       зв.величина (оценка)

   Date        UTC        RA         DECL      RARate   DeclRate    HourAng      Az     Um    Phase  Range  Mag
2010-02-01  16:00:00  01 21 40.1  +00 06 04  +000982.6 +000244.6  01 26 25.1  208.717 39.977 113.56  35657 17.4
2010-02-01  16:10:00  01 32 34.5  +00 46 18  +000980.8 +000238.0  01 25 32.2  208.736 40.682 110.76  35688 17.3
2010-02-01  16:20:00  01 43 27.8  +01 25 22  +000979.0 +000230.7  01 24 40.6  208.754 41.368 107.99  35724 17.2
2010-02-01  16:30:00  01 54 19.8  +02 03 11  +000977.2 +000223.0  01 23 50.2  208.769 42.032 105.21  35764 17.1
2010-02-01  16:40:00  02 05 10.7  +02 39 40  +000975.3 +000214.8  01 23 01.0  208.781 42.674 102.46  35809 17.0
2010-02-01  16:50:00  02 16 00.2  +03 14 46  +000973.4 +000206.2  01 22 13.1  208.789 43.292  99.71  35858 16.9
2010-02-01  17:00:00  02 26 48.6  +03 48 23  +000971.5 +000197.1  01 21 26.4  208.794 43.885  96.98  35912 16.8
2010-02-01  17:10:00  02 37 35.6  +04 20 27  +000969.5 +000187.7  01 20 41.1  208.795 44.452  94.26  35969 16.7
2010-02-01  17:20:00  02 48 21.2  +04 50 55  +000967.4 +000177.9  01 19 57.1  208.790 44.991  91.56  36031 16.6
2010-02-01  17:30:00  02 59 05.4  +05 19 44  +000965.2 +000167.8  01 19 14.5  208.781 45.503  88.86  36095 16.6
2010-02-01  17:40:00  03 09 48.1  +05 46 50  +000962.9 +000157.4  01 18 33.5  208.767 45.986  86.20  36164 16.5
2010-02-01  17:50:00  03 20 29.3  +06 12 12  +000960.5 +000146.8  01 17 53.9  208.748 46.439  83.53  36235 16.4
2010-02-01  18:00:00  03 31 08.7  +06 35 46  +000957.9 +000136.0  01 17 16.1  208.724 46.861  80.89  36309 16.3
2010-02-01  18:10:00  03 41 46.4  +06 57 31  +000955.2 +000125.0  01 16 40.1  208.695 47.253  78.26  36386 16.3
2010-02-01  18:20:00  03 52 22.3  +07 17 25  +000952.3 +000113.8  01 16 05.9  208.661 47.613  75.65  36465 16.2
2010-02-01  18:30:00  04 02 56.2  +07 35 27  +000949.3 +000102.5  01 15 33.6  208.623 47.940  73.05  36546 16.2
2010-02-01  18:40:00  04 13 28.0  +07 51 35  +000946.1 +000091.2  01 15 03.4  208.582 48.235  70.47  36630 16.1
2010-02-01  18:50:00  04 23 57.6  +08 05 50  +000942.8 +000079.8  01 14 35.4  208.537 48.498  67.90  36715 16.1
2010-02-01  19:00:00  04 34 25.0  +08 18 11  +000939.3 +000068.4  01 14 09.7  208.489 48.727  65.37  36802 16.0
2010-02-01  19:10:00  04 44 49.9  +08 28 37  +000935.6 +000056.9  01 13 46.4  208.439 48.923  62.83  36890 16.0
2010-02-01  19:20:00  04 55 12.4  +08 37 10  +000931.7 +000045.6  01 13 25.6  208.388 49.086  60.33  36980 15.9
2010-02-01  19:30:00  05 05 32.2  +08 43 49  +000927.7 +000034.2  01 13 07.4  208.336 49.215  57.83  37070 15.9
2010-02-01  19:40:00  05 15 49.3  +08 48 35  +000923.6 +000023.0  01 12 51.9  208.284 49.311  55.36  37161 15.9
2010-02-01  19:50:00  05 26 03.6  +08 51 29  +000919.3 +000011.9  01 12 39.3  208.233 49.374  52.90  37253 15.8
2010-02-01  20:00:00  05 36 15.0  +08 52 33  +000914.9 +000000.9  01 12 29.5  208.184 49.404  50.48  37345 15.8
2010-02-01  20:10:00  05 46 23.5  +08 51 47  +000910.4 -000010.0  01 12 22.7  208.136 49.402  48.06  37437 15.8
2010-02-01  20:20:00  05 56 28.9  +08 49 14  +000905.7 -000020.7  01 12 19.0  208.093 49.366  45.68  37529 15.7
2010-02-01  20:30:00  06 06 31.1  +08 44 55  +000901.0 -000031.1  01 12 18.4  208.053 49.299  43.30  37621 15.7
2010-02-01  20:40:00  06 16 30.2  +08 38 52  +000896.2 -000041.4  01 12 20.9  208.017 49.200  40.97  37712 15.7
2010-02-01  20:50:00  06 26 26.0  +08 31 07  +000891.3 -000051.5  01 12 26.7  207.987 49.071  38.65  37804 15.7
2010-02-01  21:00:00  06 36 18.6  +08 21 42  +000886.4 -000061.3  01 12 35.8  207.963 48.910  36.37  37894 15.7
2010-02-01  21:10:00  06 46 08.0  +08 10 41  +000881.5 -000070.9  01 12 48.1  207.945 48.720  34.11  37984 15.6
2010-02-01  21:20:00  06 55 54.0  +07 58 05  +000876.6 -000080.3  01 13 03.7  207.933 48.501  31.90  38072 15.6
2010-02-01  21:30:00  07 05 36.8  +07 43 56  +000871.7 -000089.4  01 13 22.6  207.928 48.252  29.72  38160 15.6
2010-02-01  21:40:00  07 15 16.3  +07 28 19  +000866.8 -000098.2  01 13 44.7  207.931 47.976  27.60  38247 15.6
2010-02-01  21:50:00  07 24 52.5  +07 11 14  +000861.9 -000106.7  01 14 10.1  207.940 47.673  25.54  38332 15.6
2010-02-01  22:00:00  07 34 25.5  +06 52 46  +000857.2 -000114.9  01 14 38.7  207.957 47.343  23.55  38415 15.6
2010-02-01  22:10:00  07 43 55.4  +06 32 57  +000852.5 -000122.9  01 15 10.5  207.982 46.988  21.64  38498 15.6
2010-02-01  22:20:00  07 53 22.2  +06 11 49  +000847.9 -000130.6  01 15 45.4  208.014 46.608  19.85  38578 15.6
2010-02-01  22:30:00  08 02 46.0  +05 49 26  +000843.4 -000137.9  01 16 23.2  208.053 46.205  18.19  38657 15.5
2010-02-01  22:40:00  08 12 06.8  +05 25 51  +000839.1 -000145.0  01 17 04.1  208.099 45.778  16.72  38734 15.5
2010-02-01  22:50:00  08 21 24.7  +05 01 07  +000834.9 -000151.8  01 17 47.7  208.151 45.329  15.47  38809 15.5
2010-02-01  23:00:00  08 30 40.0  +04 35 17  +000830.8 -000158.2  01 18 34.2  208.210 44.859  14.50  38882 15.5
2010-02-01  23:10:00  08 39 52.5  +04 08 24     <<SHADOW>>        01 19 23.2  208.274 44.369  13.86  38952 ----
2010-02-01  23:20:00  08 49 02.6  +03 40 30     <<SHADOW>>        01 20 14.8  208.344 43.859  13.61  39021 ----
2010-02-01  23:30:00  08 58 10.3  +03 11 39     <<SHADOW>>        01 21 08.7  208.419 43.332  13.75  39087 ----
2010-02-01  23:40:00  09 07 15.8  +02 41 54  +000816.6 -000181.1  01 22 04.9  208.497 42.786  14.27  39151 15.6
2010-02-01  23:50:00  09 16 19.2  +02 11 18  +000813.6 -000186.1  01 23 03.1  208.580 42.225  15.14  39213 15.6
2010-02-02  00:00:00  09 25 20.7  +01 39 54  +000810.8 -000190.7  01 24 03.3  208.665 41.648  16.29  39272 15.6
2010-02-02  00:10:00  09 34 20.4  +01 07 45  +000808.3 -000195.1  01 25 05.2  208.753 41.057  17.67  39328 15.6
2010-02-02  00:20:00  09 43 18.5  +00 34 54  +000806.0 -000199.1  01 26 08.8  208.842 40.453  19.22  39382 15.6
2010-02-02  00:30:00  09 52 15.2  +00 01 24  +000804.1 -000202.9  01 27 13.7  208.933 39.836  20.92  39433 15.6
2010-02-02  00:40:00  10 01 10.6  -00 32 42  +000802.3 -000206.3  01 28 19.9  209.023 39.208  22.72  39481 15.6
2010-02-02  00:50:00  10 10 05.0  -01 07 22  +000800.9 -000209.5  01 29 27.2  209.114 38.570  24.61  39527 15.6
2010-02-02  01:00:00  10 18 58.6  -01 42 31  +000799.8 -000212.4  01 30 35.3  209.203 37.923  26.55  39569 15.7
2010-02-02  01:10:00  10 27 51.5  -02 18 08  +000798.9 -000214.9  01 31 44.0  209.291 37.268  28.56  39609 15.7
2010-02-02  01:20:00  10 36 43.9  -02 54 09  +000798.4 -000217.2  01 32 53.2  209.376 36.605  30.59  39645 15.7
2010-02-02  01:30:00  10 45 36.1  -03 30 31  +000798.2 -000219.2  01 34 02.7  209.458 35.937  32.68  39679 15.7
2010-02-02  01:40:00  10 54 28.2  -04 07 11  +000798.3 -000220.8  01 35 12.2  209.537 35.264  34.77  39709 15.7
2010-02-02  01:50:00  11 03 20.5  -04 44 07  +000798.7 -000222.2  01 36 21.6  209.611 34.587  36.90  39737 15.8
2010-02-02  02:00:00  11 12 13.2  -05 21 14  +000799.4 -000223.3  01 37 30.5  209.680 33.908  39.04  39761 15.8
2010-02-02  02:10:00  11 21 06.4  -05 58 31  +000800.5 -000224.1  01 38 38.9  209.743 33.227  41.21  39782 15.8
2010-02-02  02:20:00  11 30 00.5  -06 35 55  +000801.9 -000224.5  01 39 46.5  209.800 32.545  43.39  39799 15.8
2010-02-02  02:30:00  11 38 55.7  -07 13 21  +000803.6 -000224.7  01 40 53.0  209.850 31.865  45.59  39814 15.9
2010-02-02  02:40:00  11 47 52.0  -07 50 48  +000805.6 -000224.6  01 41 58.2  209.893 31.186  47.78  39824 15.9
2010-02-02  02:50:00  11 56 49.9  -08 28 12  +000808.0 -000224.1  01 43 02.0  209.928 30.510  50.01  39832 15.9
2010-02-02  03:00:00  12 05 49.4  -09 05 30  +000810.7 -000223.4  01 44 04.1  209.955 29.838  52.23  39836 16.0
2010-02-02  03:10:00  12 14 50.9  -09 42 38  +000813.7 -000222.3  01 45 04.3  209.973 29.172  54.47  39836 16.0
2010-02-02  03:20:00  12 23 54.5  -10 19 35  +000817.1 -000220.9  01 46 02.4  209.982 28.512  56.71  39833 16.0
2010-02-02  03:30:00  12 33 00.4  -10 56 16  +000820.8 -000219.2  01 46 58.0  209.981 27.859  58.97  39827 16.1
2010-02-02  03:40:00  12 42 09.0  -11 32 38  +000824.8 -000217.1  01 47 51.2  209.970 27.216  61.23  39816 16.1
2010-02-02  03:50:00  12 51 20.3  -12 08 38  +000829.2 -000214.8  01 48 41.5  209.949 26.582  63.51  39802 16.2
2010-02-02  04:00:00  13 00 34.6  -12 44 12  +000833.8 -000212.1  01 49 28.8  209.917 25.959  65.79  39785 16.2
2010-02-02  04:10:00  13 09 52.1  -13 19 18  +000838.8 -000209.0  01 50 13.0  209.874 25.349  68.09  39764 16.2
2010-02-02  04:20:00  13 19 13.0  -13 53 50  +000844.0 -000205.6  01 50 53.7  209.820 24.751  70.38  39739 16.3

   Date        UTC        RA         DECL      RARate   DeclRate    HourAng      Az     Um    Phase  Range  Mag
2010-02-02  16:10:00  02 16 58.5  +03 06 05  +000975.0 +000209.7  00 45 04.9  196.198 45.606 100.49  35649 16.9
2010-02-02  16:20:00  02 27 47.8  +03 40 17  +000973.1 +000200.7  00 44 17.1  196.075 46.203  97.76  35703 16.8
2010-02-02  16:30:00  02 38 35.9  +04 12 57  +000971.1 +000191.3  00 43 30.7  195.950 46.774  95.03  35762 16.7
2010-02-02  16:40:00  02 49 22.6  +04 44 02  +000969.0 +000181.5  00 42 45.7  195.825 47.318  92.32  35824 16.6
2010-02-02  16:50:00  03 00 07.9  +05 13 26  +000966.8 +000171.4  00 42 02.0  195.698 47.834  89.61  35890 16.6
2010-02-02  17:00:00  03 10 51.6  +05 41 09  +000964.5 +000161.0  00 41 19.9  195.570 48.320  86.94  35959 16.5
2010-02-02  17:10:00  03 21 33.8  +06 07 06  +000962.0 +000150.4  00 40 39.4  195.441 48.776  84.26  36031 16.4
2010-02-02  17:20:00  03 32 14.3  +06 31 15  +000959.5 +000139.5  00 40 00.5  195.313 49.202  81.62  36107 16.4
2010-02-02  17:30:00  03 42 53.1  +06 53 35  +000956.7 +000128.5  00 39 23.4  195.186 49.596  78.97  36184 16.3
2010-02-02  17:40:00  03 53 29.9  +07 14 04  +000953.8 +000117.3  00 38 48.2  195.060 49.958  76.36  36265 16.2
2010-02-02  17:50:00  04 04 04.8  +07 32 40  +000950.8 +000105.9  00 38 14.9  194.936 50.287  73.74  36348 16.2
2010-02-02  18:00:00  04 14 37.6  +07 49 23  +000947.6 +000094.5  00 37 43.8  194.816 50.584  71.16  36432 16.1
2010-02-02  18:10:00  04 25 08.2  +08 04 11  +000944.2 +000083.1  00 37 14.8  194.699 50.848  68.59  36519 16.1
2010-02-02  18:20:00  04 35 36.5  +08 17 04  +000940.7 +000071.6  00 36 48.1  194.587 51.079  66.04  36607 16.0
2010-02-02  18:30:00  04 46 02.4  +08 28 03  +000936.9 +000060.1  00 36 23.9  194.481 51.277  63.50  36696 16.0
2010-02-02  18:40:00  04 56 25.8  +08 37 06  +000933.1 +000048.6  00 36 02.2  194.382 51.441  60.98  36787 15.9
2010-02-02  18:50:00  05 06 46.5  +08 44 16  +000929.0 +000037.2  00 35 43.1  194.291 51.572  58.48  36878 15.9
2010-02-02  19:00:00  05 17 04.4  +08 49 32  +000924.8 +000025.9  00 35 26.8  194.209 51.670  56.00  36970 15.9
2010-02-02  19:10:00  05 27 19.6  +08 52 55  +000920.5 +000014.7  00 35 13.3  194.136 51.735  53.53  37063 15.8
2010-02-02  19:20:00  05 37 31.8  +08 54 26  +000916.0 +000003.6  00 35 02.8  194.074 51.768  51.10  37156 15.8
2010-02-02  19:30:00  05 47 41.0  +08 54 08  +000911.5 -000007.3  00 34 55.2  194.023 51.768  48.67  37249 15.8
2010-02-02  19:40:00  05 57 47.1  +08 52 01  +000906.8 -000018.1  00 34 50.8  193.984 51.736  46.28  37342 15.7
2010-02-02  19:50:00  06 07 50.0  +08 48 07  +000902.0 -000028.7  00 34 49.5  193.958 51.673  43.89  37434 15.7
2010-02-02  20:00:00  06 17 49.7  +08 42 28  +000897.1 -000039.0  00 34 51.4  193.945 51.579  41.55  37527 15.7
2010-02-02  20:10:00  06 27 46.2  +08 35 07  +000892.2 -000049.2  00 34 56.6  193.946 51.455  39.21  37618 15.7
2010-02-02  20:20:00  06 37 39.3  +08 26 05  +000887.3 -000059.1  00 35 05.1  193.960 51.300  36.92  37709 15.6
2010-02-02  20:30:00  06 47 29.2  +08 15 25  +000882.3 -000068.8  00 35 16.8  193.989 51.117  34.65  37799 15.6
2010-02-02  20:40:00  06 57 15.7  +08 03 10  +000877.3 -000078.3  00 35 31.9  194.032 50.905  32.42  37888 15.6
2010-02-02  20:50:00  07 06 58.9  +07 49 21  +000872.3 -000087.4  00 35 50.4  194.089 50.665  30.22  37976 15.6
2010-02-02  21:00:00  07 16 38.8  +07 34 02  +000867.3 -000096.3  00 36 12.1  194.160 50.398  28.08  38063 15.6
2010-02-02  21:10:00  07 26 15.4  +07 17 15  +000862.4 -000105.0  00 36 37.2  194.245 50.105  25.99  38148 15.6
2010-02-02  21:20:00  07 35 48.8  +06 59 03  +000857.6 -000113.3  00 37 05.5  194.343 49.786  23.97  38231 15.6
2010-02-02  21:30:00  07 45 18.9  +06 39 30  +000852.8 -000121.4  00 37 37.0  194.454 49.443  22.02  38313 15.5
2010-02-02  21:40:00  07 54 45.9  +06 18 37  +000848.2 -000129.2  00 38 11.7  194.578 49.075  20.18  38393 15.5
2010-02-02  21:50:00  08 04 09.8  +05 56 27  +000843.6 -000136.6  00 38 49.4  194.713 48.684  18.46  38471 15.5
2010-02-02  22:00:00  08 13 30.8  +05 33 05  +000839.2 -000143.8  00 39 30.1  194.860 48.271  16.92  38548 15.5
2010-02-02  22:10:00  08 22 48.8  +05 08 32  +000834.9 -000150.7  00 40 13.7  195.017 47.836  15.58  38622 15.5
2010-02-02  22:20:00  08 32 04.0  +04 42 52  +000830.8 -000157.3  00 41 00.1  195.183 47.381  14.50  38694 15.5
2010-02-02  22:30:00  08 41 16.6  +04 16 08     <<SHADOW>>        00 41 49.1  195.359 46.905  13.75  38764 ----
2010-02-02  22:40:00  08 50 26.6  +03 48 23     <<SHADOW>>        00 42 40.8  195.542 46.411  13.37  38831 ----
2010-02-02  22:50:00  08 59 34.2  +03 19 39     <<SHADOW>>        00 43 34.8  195.732 45.899  13.39  38897 ----
2010-02-02  23:00:00  09 08 39.6  +02 50 00     <<SHADOW>>        00 44 31.1  195.928 45.369  13.81  38959 ----
2010-02-02  23:10:00  09 17 42.8  +02 19 29  +000813.3 -000185.6  00 45 29.6  196.129 44.824  14.59  39020 15.5
2010-02-02  23:20:00  09 26 44.0  +01 48 09  +000810.4 -000190.4  00 46 30.0  196.334 44.263  15.68  39077 15.6
2010-02-02  23:30:00  09 35 43.4  +01 16 03  +000807.8 -000194.8  00 47 32.2  196.542 43.687  17.02  39132 15.6
2010-02-02  23:40:00  09 44 41.2  +00 43 13  +000805.5 -000199.0  00 48 36.1  196.752 43.098  18.54  39185 15.6
2010-02-02  23:50:00  09 53 37.5  +00 09 44  +000803.5 -000202.9  00 49 41.4  196.963 42.497  20.21  39234 15.6
2010-02-03  00:00:00  10 02 32.5  -00 24 23  +000801.7 -000206.4  00 50 48.0  197.175 41.884  21.99  39281 15.6
2010-02-03  00:10:00  10 11 26.5  -00 59 04  +000800.2 -000209.7  00 51 55.7  197.386 41.261  23.87  39325 15.6
2010-02-03  00:20:00  10 20 19.5  -01 34 16  +000799.0 -000212.7  00 53 04.3  197.595 40.627  25.81  39366 15.6
2010-02-03  00:30:00  10 29 11.9  -02 09 57  +000798.1 -000215.4  00 54 13.6  197.801 39.985  27.81  39405 15.7
2010-02-03  00:40:00  10 38 03.7  -02 46 02  +000797.5 -000217.7  00 55 23.4  198.004 39.336  29.84  39440 15.7
2010-02-03  00:50:00  10 46 55.3  -03 22 30  +000797.2 -000219.8  00 56 33.5  198.203 38.680  31.92  39472 15.7
2010-02-03  01:00:00  10 55 46.8  -03 59 17  +000797.3 -000221.6  00 57 43.6  198.396 38.018  34.01  39501 15.7
2010-02-03  01:10:00  11 04 38.4  -04 36 21  +000797.6 -000223.1  00 58 53.6  198.584 37.352  36.14  39527 15.7
2010-02-03  01:20:00  11 13 30.4  -05 13 38  +000798.3 -000224.2  01 00 03.3  198.764 36.682  38.28  39550 15.8
2010-02-03  01:30:00  11 22 22.9  -05 51 05  +000799.3 -000225.1  01 01 12.4  198.938 36.009  40.45  39569 15.8
2010-02-03  01:40:00  11 31 16.2  -06 28 40  +000800.7 -000225.7  01 02 20.7  199.103 35.335  42.62  39586 15.8
2010-02-03  01:50:00  11 40 10.5  -07 06 18  +000802.3 -000226.0  01 03 28.1  199.259 34.661  44.82  39599 15.8
2010-02-03  02:00:00  11 49 06.1  -07 43 58  +000804.4 -000225.9  01 04 34.2  199.406 33.987  47.02  39608 15.9
2010-02-03  02:10:00  11 58 03.1  -08 21 36  +000806.7 -000225.6  01 05 38.8  199.543 33.315  49.24  39615 15.9
2010-02-03  02:20:00  12 07 01.8  -08 59 09  +000809.4 -000224.9  01 06 41.8  199.669 32.646  51.46  39618 15.9
2010-02-03  02:30:00  12 16 02.3  -09 36 33  +000812.4 -000223.9  01 07 42.9  199.783 31.981  53.70  39618 16.0
2010-02-03  02:40:00  12 25 05.0  -10 13 47  +000815.7 -000222.6  01 08 41.9  199.887 31.320  55.94  39614 16.0
2010-02-03  02:50:00  12 34 10.0  -10 50 45  +000819.4 -000221.0  01 09 38.5  199.977 30.667  58.21  39607 16.1
2010-02-03  03:00:00  12 43 17.5  -11 27 26  +000823.4 -000219.0  01 10 32.6  200.056 30.020  60.46  39596 16.1
2010-02-03  03:10:00  12 52 27.8  -12 03 45  +000827.7 -000216.8  01 11 23.9  200.121 29.382  62.74  39582 16.1
2010-02-03  03:20:00  13 01 41.1  -12 39 40  +000832.3 -000214.1  01 12 12.3  200.173 28.754  65.02  39564 16.2
2010-02-03  03:30:00  13 10 57.6  -13 15 06  +000837.2 -000211.1  01 12 57.4  200.211 28.136  67.32  39543 16.2
2010-02-03  03:40:00  13 20 17.4  -13 50 01  +000842.4 -000207.8  01 13 39.2  200.235 27.530  69.61  39519 16.3
2010-02-03  03:50:00  13 29 40.9  -14 24 21  +000847.9 -000204.1  01 14 17.4  200.245 26.938  71.92  39490 16.3
2010-02-03  04:00:00  13 39 08.1  -14 58 02  +000853.7 -000200.1  01 14 51.9  200.241 26.359  74.24  39459 16.4
2010-02-03  04:10:00  13 48 39.3  -15 31 01  +000859.8 -000195.6  01 15 22.4  200.222 25.797  76.57  39423 16.4
2010-02-03  04:20:00  13 58 14.5  -16 03 14  +000866.1 -000190.8  01 15 48.7  200.188 25.250  78.90  39385 16.5

   Date        UTC        RA         DECL      RARate   DeclRate    HourAng      Az     Um    Phase  Range  Mag
2010-02-03  16:10:00  03 01 18.4  +05 06 06  +000968.1 +000174.5  00 04 41.5  181.770 48.692  90.34  35787 16.6
2010-02-03  16:20:00  03 12 03.1  +05 34 20  +000965.8 +000164.2  00 03 58.5  181.513 49.166  87.65  35857 16.5
2010-02-03  16:30:00  03 22 46.1  +06 00 48  +000963.4 +000153.5  00 03 17.0  181.260 49.610  84.97  35930 16.4
2010-02-03  16:40:00  03 33 27.5  +06 25 30  +000960.8 +000142.7  00 02 37.3  181.014 50.024  82.31  36007 16.4
2010-02-03  16:50:00  03 44 07.2  +06 48 21  +000958.1 +000131.6  00 01 59.3  180.774 50.406  79.66  36086 16.3
2010-02-03  17:00:00  03 54 44.9  +07 09 22  +000955.2 +000120.4  00 01 23.2  180.544 50.758  77.04  36168 16.2
2010-02-03  17:10:00  04 05 20.7  +07 28 30  +000952.1 +000109.1  00 00 49.1  180.323 51.077  74.42  36251 16.2
2010-02-03  17:20:00  04 15 54.4  +07 45 43  +000948.9 +000097.7  00 00 17.0  180.113 51.365  71.83  36337 16.1
2010-02-03  17:30:00  04 26 25.8  +08 01 03  +000945.5 +000086.2  23 59 47.2  179.915 51.620  69.24  36425 16.1
2010-02-03  17:40:00  04 36 55.0  +08 14 27  +000941.9 +000074.7  23 59 19.7  179.731 51.843  66.69  36514 16.0
2010-02-03  17:50:00  04 47 21.7  +08 25 56  +000938.2 +000063.1  23 58 54.6  179.562 52.034  64.14  36605 16.0
2010-02-03  18:00:00  04 57 45.9  +08 35 30  +000934.3 +000051.6  23 58 32.1  179.409 52.193  61.62  36696 15.9
2010-02-03  18:10:00  05 08 07.4  +08 43 09  +000930.2 +000040.2  23 58 12.2  179.274 52.320  59.10  36789 15.9
2010-02-03  18:20:00  05 18 26.2  +08 48 54  +000926.0 +000028.8  23 57 55.1  179.157 52.415  56.62  36882 15.9
2010-02-03  18:30:00  05 28 42.1  +08 52 46  +000921.7 +000017.6  23 57 40.8  179.059 52.479  54.14  36976 15.8
2010-02-03  18:40:00  05 38 55.0  +08 54 46  +000917.2 +000006.4  23 57 29.5  178.982 52.511  51.70  37069 15.8
2010-02-03  18:50:00  05 49 05.0  +08 54 55  +000912.6 -000004.6  23 57 21.2  178.926 52.514  49.26  37163 15.8
2010-02-03  19:00:00  05 59 11.8  +08 53 15  +000907.8 -000015.4  23 57 16.1  178.892 52.486  46.86  37257 15.7
2010-02-03  19:10:00  06 09 15.4  +08 49 48  +000903.0 -000026.0  23 57 14.1  178.880 52.428  44.46  37351 15.7
2010-02-03  19:20:00  06 19 15.7  +08 44 35  +000898.1 -000036.5  23 57 15.4  178.890 52.341  42.11  37444 15.7
2010-02-03  19:30:00  06 29 12.8  +08 37 39  +000893.1 -000046.7  23 57 19.9  178.923 52.226  39.76  37536 15.7
2010-02-03  19:40:00  06 39 06.6  +08 29 02  +000888.1 -000056.7  23 57 27.8  178.979 52.082  37.46  37627 15.6
2010-02-03  19:50:00  06 48 57.0  +08 18 45  +000883.1 -000066.5  23 57 39.0  179.058 51.912  35.17  37718 15.6
2010-02-03  20:00:00  06 58 44.1  +08 06 53  +000878.1 -000076.0  23 57 53.6  179.158 51.715  32.93  37807 15.6
2010-02-03  20:10:00  07 08 27.8  +07 53 26  +000873.0 -000085.2  23 58 11.5  179.281 51.491  30.71  37895 15.6
2010-02-03  20:20:00  07 18 08.1  +07 38 29  +000868.0 -000094.2  23 58 32.8  179.425 51.243  28.55  37982 15.6
2010-02-03  20:30:00  07 27 45.1  +07 22 03  +000863.0 -000102.9  23 58 57.5  179.590 50.969  26.43  38067 15.6
2010-02-03  20:40:00  07 37 18.9  +07 04 11  +000858.1 -000111.4  23 59 25.4  179.774 50.672  24.38  38150 15.6
2010-02-03  20:50:00  07 46 49.4  +06 44 56  +000853.3 -000119.5  23 59 56.5  179.977 50.352  22.39  38232 15.5
2010-02-03  21:00:00  07 56 16.7  +06 24 22  +000848.6 -000127.4  00 00 30.9  180.199 50.008  20.51  38312 15.5
2010-02-03  21:10:00  08 05 40.9  +06 02 30  +000844.0 -000134.9  00 01 08.3  180.437 49.643  18.74  38389 15.5
2010-02-03  21:20:00  08 15 02.1  +05 39 24  +000839.5 -000142.2  00 01 48.7  180.691 49.257  17.13  38465 15.5
2010-02-03  21:30:00  08 24 20.3  +05 15 07  +000835.2 -000149.2  00 02 32.1  180.959 48.851  15.70  38539 15.5
2010-02-03  21:40:00  08 33 35.7  +04 49 42  +000831.0 -000155.8  00 03 18.4  181.241 48.425  14.53  38610 15.5
2010-02-03  21:50:00  08 42 48.4  +04 23 12  +000827.1 -000162.2  00 04 07.3  181.535 47.980  13.66  38679 15.5
2010-02-03  22:00:00  08 51 58.5  +03 55 39     <<SHADOW>>        00 04 58.9  181.840 47.516  13.16  38745 ----
2010-02-03  22:10:00  09 01 06.2  +03 27 08     <<SHADOW>>        00 05 52.9  182.154 47.036  13.06  38810 ----
2010-02-03  22:20:00  09 10 11.5  +02 57 40     <<SHADOW>>        00 06 49.2  182.476 46.538  13.38  38871 ----
2010-02-03  22:30:00  09 19 14.7  +02 27 19  +000813.2 -000184.7  00 07 47.6  182.804 46.025  14.08  38930 15.5
2010-02-03  22:40:00  09 28 15.8  +01 56 08  +000810.3 -000189.5  00 08 48.1  183.138 45.496  15.09  38987 15.5
2010-02-03  22:50:00  09 37 15.1  +01 24 09  +000807.7 -000194.1  00 09 50.5  183.477 44.954  16.38  39040 15.6
2010-02-03  23:00:00  09 46 12.7  +00 51 27  +000805.3 -000198.3  00 10 54.5  183.818 44.397  17.87  39091 15.6
2010-02-03  23:10:00  09 55 08.9  +00 18 04  +000803.2 -000202.3  00 12 00.0  184.160 43.828  19.53  39139 15.6
2010-02-03  23:20:00  10 04 03.7  -00 15 58  +000801.3 -000206.0  00 13 06.8  184.503 43.248  21.29  39184 15.6
2010-02-03  23:30:00  10 12 57.4  -00 50 35  +000799.8 -000209.4  00 14 14.8  184.845 42.656  23.16  39227 15.6
2010-02-03  23:40:00  10 21 50.1  -01 25 44  +000798.5 -000212.4  00 15 23.7  185.185 42.054  25.08  39266 15.6
2010-02-03  23:50:00  10 30 42.2  -02 01 23  +000797.6 -000215.2  00 16 33.3  185.521 41.442  27.08  39303 15.6
2010-02-04  00:00:00  10 39 33.6  -02 37 28  +000796.9 -000217.7  00 17 43.5  185.854 40.822  29.11  39336 15.7
2010-02-04  00:10:00  10 48 24.8  -03 13 56  +000796.6 -000219.9  00 18 53.9  186.180 40.195  31.18  39367 15.7
2010-02-04  00:20:00  10 57 15.9  -03 50 44  +000796.6 -000221.8  00 20 04.5  186.501 39.561  33.28  39394 15.7
2010-02-04  00:30:00  11 06 07.0  -04 27 50  +000796.9 -000223.3  00 21 15.0  186.814 38.921  35.41  39418 15.7
2010-02-04  00:40:00  11 14 58.5  -05 05 10  +000797.5 -000224.6  00 22 25.2  187.119 38.276  37.55  39440 15.8
2010-02-04  00:50:00  11 23 50.5  -05 42 42  +000798.5 -000225.6  00 23 34.9  187.414 37.628  39.71  39458 15.8
2010-02-04  01:00:00  11 32 43.2  -06 20 22  +000799.8 -000226.3  00 24 43.8  187.700 36.977  41.89  39473 15.8
2010-02-04  01:10:00  11 41 36.9  -06 58 07  +000801.4 -000226.7  00 25 51.7  187.974 36.324  44.09  39484 15.8
2010-02-04  01:20:00  11 50 31.8  -07 35 54  +000803.4 -000226.7  00 26 58.4  188.237 35.670  46.28  39492 15.9
2010-02-04  01:30:00  11 59 28.2  -08 13 40  +000805.7 -000226.5  00 28 03.7  188.488 35.016  48.51  39498 15.9
2010-02-04  01:40:00  12 08 26.1  -08 51 23  +000808.3 -000225.9  00 29 07.4  188.725 34.364  50.73  39499 15.9
2010-02-04  01:50:00  12 17 26.0  -09 28 58  +000811.3 -000225.0  00 30 09.2  188.949 33.714  52.97  39498 16.0
2010-02-04  02:00:00  12 26 27.9  -10 06 22  +000814.6 -000223.8  00 31 08.9  189.159 33.067  55.21  39493 16.0
2010-02-04  02:10:00  12 35 32.1  -10 43 33  +000818.2 -000222.3  00 32 06.3  189.354 32.425  57.47  39485 16.0
2010-02-04  02:20:00  12 44 38.9  -11 20 27  +000822.1 -000220.4  00 33 01.2  189.533 31.788  59.73  39474 16.1
2010-02-04  02:30:00  12 53 48.4  -11 57 01  +000826.4 -000218.2  00 33 53.4  189.697 31.158  62.01  39459 16.1
2010-02-04  02:40:00  13 03 00.8  -12 33 10  +000831.0 -000215.7  00 34 42.5  189.844 30.536  64.28  39441 16.2
2010-02-04  02:50:00  13 12 16.5  -13 08 53  +000835.9 -000212.8  00 35 28.6  189.975 29.922  66.58  39419 16.2
2010-02-04  03:00:00  13 21 35.4  -13 44 04  +000841.1 -000209.5  00 36 11.2  190.089 29.319  68.88  39394 16.2
2010-02-04  03:10:00  13 30 58.0  -14 18 42  +000846.6 -000205.9  00 36 50.3  190.186 28.727  71.19  39366 16.3
2010-02-04  03:20:00  13 40 24.3  -14 52 42  +000852.4 -000201.9  00 37 25.7  190.265 28.147  73.50  39334 16.3
2010-02-04  03:30:00  13 49 54.5  -15 25 60  +000858.4 -000197.6  00 37 57.1  190.327 27.580  75.84  39299 16.4
2010-02-04  03:40:00  13 59 28.9  -15 58 32  +000864.7 -000192.9  00 38 24.4  190.370 27.028  78.17  39261 16.4
2010-02-04  03:50:00  14 09 07.5  -16 30 16  +000871.2 -000187.8  00 38 47.4  190.396 26.492  80.52  39219 16.5
2010-02-04  04:00:00  14 18 50.6  -17 01 07  +000878.0 -000182.3  00 39 05.9  190.403 25.972  82.87  39174 16.6
2010-02-04  04:10:00  14 28 38.2  -17 31 01  +000884.9 -000176.4  00 39 20.0  190.393 25.471  85.24  39126 16.6
2010-02-04  04:20:00  14 38 30.5  -17 59 54  +000892.1 -000170.2  00 39 29.3  190.364 24.989  87.61  39074 16.7

   Date        UTC        RA         DECL      RARate   DeclRate    HourAng      Az     Um    Phase  Range  Mag
2010-02-04  16:10:00  03 45 22.0  +06 41 49  +000959.2 +000134.4  23 24 34.5  166.362 49.573  80.35  36092 16.3
2010-02-04  16:20:00  03 56 00.5  +07 03 18  +000956.3 +000123.2  23 23 57.6  166.037 49.900  77.72  36175 16.3
2010-02-04  16:30:00  04 06 37.0  +07 22 54  +000953.2 +000111.9  23 23 22.7  165.730 50.198  75.10  36260 16.2
2010-02-04  16:40:00  04 17 11.4  +07 40 36  +000950.0 +000100.5  23 22 50.0  165.441 50.465  72.50  36347 16.1
2010-02-04  16:50:00  04 27 43.6  +07 56 24  +000946.6 +000089.1  23 22 19.4  165.172 50.702  69.91  36435 16.1
2010-02-04  17:00:00  04 38 13.6  +08 10 17  +000943.1 +000077.5  23 21 51.1  164.924 50.909  67.34  36526 16.0
2010-02-04  17:10:00  04 48 41.0  +08 22 15  +000939.3 +000066.0  23 21 25.3  164.700 51.085  64.79  36617 16.0
2010-02-04  17:20:00  04 59 06.0  +08 32 18  +000935.4 +000054.5  23 21 02.0  164.500 51.232  62.26  36710 16.0
2010-02-04  17:30:00  05 09 28.2  +08 40 26  +000931.3 +000043.1  23 20 41.4  164.326 51.349  59.74  36804 15.9
2010-02-04  17:40:00  05 19 47.7  +08 46 39  +000927.1 +000031.7  23 20 23.5  164.179 51.437  57.25  36898 15.9
2010-02-04  17:50:00  05 30 04.3  +08 50 60  +000922.7 +000020.4  23 20 08.5  164.060 51.496  54.76  36993 15.8
2010-02-04  18:00:00  05 40 18.0  +08 53 28  +000918.2 +000009.2  23 19 56.5  163.969 51.527  52.31  37088 15.8
2010-02-04  18:10:00  05 50 28.6  +08 54 05  +000913.6 -000001.8  23 19 47.5  163.908 51.530  49.86  37182 15.8
2010-02-04  18:20:00  06 00 36.1  +08 52 53  +000908.8 -000012.6  23 19 41.7  163.876 51.506  47.45  37277 15.8
2010-02-04  18:30:00  06 10 40.4  +08 49 53  +000904.0 -000023.3  23 19 39.0  163.874 51.455  45.05  37371 15.7
2010-02-04  18:40:00  06 20 41.4  +08 45 08  +000899.1 -000033.8  23 19 39.6  163.903 51.378  42.68  37465 15.7
2010-02-04  18:50:00  06 30 39.2  +08 38 38  +000894.1 -000044.1  23 19 43.5  163.961 51.274  40.32  37558 15.7
2010-02-04  19:00:00  06 40 33.6  +08 30 27  +000889.1 -000054.1  23 19 50.8  164.050 51.146  38.00  37650 15.7
2010-02-04  19:10:00  06 50 24.6  +08 20 37  +000884.0 -000063.9  23 20 01.4  164.168 50.994  35.70  37741 15.6
2010-02-04  19:20:00  07 00 12.2  +08 09 10  +000878.9 -000073.5  23 20 15.4  164.315 50.817  33.44  37830 15.6
2010-02-04  19:30:00  07 09 56.5  +07 56 08  +000873.8 -000082.8  23 20 32.8  164.491 50.617  31.21  37919 15.6
2010-02-04  19:40:00  07 19 37.4  +07 41 35  +000868.8 -000091.8  23 20 53.6  164.694 50.395  29.03  38006 15.6
2010-02-04  19:50:00  07 29 14.9  +07 25 33  +000863.8 -000100.6  23 21 17.7  164.923 50.150  26.88  38091 15.6
2010-02-04  20:00:00  07 38 49.1  +07 08 04  +000858.9 -000109.1  23 21 45.1  165.178 49.884  24.81  38174 15.6
2010-02-04  20:10:00  07 48 20.1  +06 49 12  +000854.0 -000117.3  23 22 15.8  165.457 49.597  22.79  38256 15.6
2010-02-04  20:20:00  07 57 47.8  +06 28 59  +000849.2 -000125.2  23 22 49.7  165.759 49.289  20.86  38335 15.5
2010-02-04  20:30:00  08 07 12.4  +06 07 29  +000844.6 -000132.8  23 23 26.7  166.083 48.962  19.04  38413 15.5
2010-02-04  20:40:00  08 16 34.0  +05 44 44  +000840.1 -000140.2  23 24 06.8  166.426 48.615  17.37  38488 15.5
2010-02-04  20:50:00  08 25 52.6  +05 20 47  +000835.7 -000147.2  23 24 49.9  166.789 48.250  15.86  38561 15.5
2010-02-04  21:00:00  08 35 08.3  +04 55 41  +000831.5 -000153.9  23 25 35.8  167.168 47.866  14.59  38631 15.5
2010-02-04  21:10:00  08 44 21.3  +04 29 29  +000827.5 -000160.4  23 26 24.5  167.563 47.465  13.61  38700 15.5
2010-02-04  21:20:00  08 53 31.6  +04 02 14  +000823.6 -000166.5  23 27 15.8  167.971 47.047  12.99  38765 15.5
2010-02-04  21:30:00  09 02 39.5  +03 33 60     <<SHADOW>>        23 28 09.5  168.392 46.613  12.78  38828 ----
2010-02-04  21:40:00  09 11 45.0  +03 04 48     <<SHADOW>>        23 29 05.7  168.824 46.163  12.98  38889 ----
2010-02-04  21:50:00  09 20 48.3  +02 34 42     <<SHADOW>>        23 30 04.0  169.264 45.698  13.58  38947 ----
2010-02-04  22:00:00  09 29 49.6  +02 03 46  +000810.4 -000188.1  23 31 04.4  169.712 45.218  14.53  39002 15.5
2010-02-04  22:10:00  09 38 48.9  +01 32 01  +000807.7 -000192.8  23 32 06.6  170.166 44.724  15.77  39054 15.6
2010-02-04  22:20:00  09 47 46.6  +00 59 31  +000805.3 -000197.1  23 33 10.6  170.625 44.216  17.22  39103 15.6
2010-02-04  22:30:00  09 56 42.8  +00 26 19  +000803.2 -000201.2  23 34 16.1  171.086 43.696  18.84  39150 15.6
2010-02-04  22:40:00  10 05 37.6  -00 07 32  +000801.3 -000205.0  23 35 23.0  171.548 43.164  20.59  39194 15.6
2010-02-04  22:50:00  10 14 31.2  -00 41 59  +000799.7 -000208.4  23 36 31.0  172.010 42.621  22.45  39234 15.6
2010-02-04  23:00:00  10 23 23.9  -01 16 59  +000798.4 -000211.6  23 37 39.9  172.471 42.066  24.37  39272 15.6
2010-02-04  23:10:00  10 32 15.7  -01 52 30  +000797.4 -000214.5  23 38 49.7  172.928 41.502  26.36  39307 15.6
2010-02-04  23:20:00  10 41 07.1  -02 28 28  +000796.7 -000217.1  23 40 00.0  173.382 40.929  28.38  39339 15.7
2010-02-04  23:30:00  10 49 58.0  -03 04 50  +000796.3 -000219.3  23 41 10.7  173.830 40.347  30.46  39367 15.7
2010-02-04  23:40:00  10 58 48.9  -03 41 34  +000796.2 -000221.3  23 42 21.5  174.271 39.758  32.55  39393 15.7
2010-02-04  23:50:00  11 07 39.8  -04 18 36  +000796.5 -000223.0  23 43 32.3  174.704 39.162  34.68  39415 15.7
2010-02-05  00:00:00  11 16 30.9  -04 55 53  +000797.1 -000224.4  23 44 42.7  175.128 38.559  36.82  39435 15.7
2010-02-05  00:10:00  11 25 22.6  -05 33 23  +000798.0 -000225.5  23 45 52.7  175.542 37.952  38.99  39451 15.8
2010-02-05  00:20:00  11 34 15.0  -06 11 02  +000799.2 -000226.3  23 47 02.0  175.945 37.340  41.16  39464 15.8
2010-02-05  00:30:00  11 43 08.3  -06 48 47  +000800.8 -000226.7  23 48 10.3  176.336 36.724  43.36  39474 15.8
2010-02-05  00:40:00  11 52 02.8  -07 26 36  +000802.7 -000226.9  23 49 17.5  176.714 36.106  45.56  39481 15.9
2010-02-05  00:50:00  12 00 58.6  -08 04 25  +000805.0 -000226.8  23 50 23.2  177.077 35.487  47.78  39484 15.9
2010-02-05  01:00:00  12 09 56.1  -08 42 10  +000807.5 -000226.3  23 51 27.4  177.427 34.867  50.00  39484 15.9
2010-02-05  01:10:00  12 18 55.4  -09 19 50  +000810.5 -000225.5  23 52 29.7  177.760 34.247  52.24  39482 15.9
2010-02-05  01:20:00  12 27 56.8  -09 57 20  +000813.7 -000224.4  23 53 30.0  178.078 33.628  54.48  39475 16.0
2010-02-05  01:30:00  12 37 00.4  -10 34 37  +000817.3 -000223.0  23 54 28.0  178.378 33.012  56.75  39466 16.0
2010-02-05  01:40:00  12 46 06.6  -11 11 38  +000821.2 -000221.2  23 55 23.5  178.661 32.399  59.00  39453 16.1
2010-02-05  01:50:00  12 55 15.4  -11 48 20  +000825.4 -000219.1  23 56 16.3  178.927 31.791  61.29  39438 16.1
2010-02-05  02:00:00  13 04 27.2  -12 24 39  +000830.0 -000216.7  23 57 06.1  179.173 31.188  63.56  39419 16.1
2010-02-05  02:10:00  13 13 42.1  -13 00 32  +000834.8 -000213.8  23 57 52.9  179.400 30.592  65.86  39396 16.2
2010-02-05  02:20:00  13 23 00.4  -13 35 55  +000840.0 -000210.7  23 58 36.3  179.608 30.003  68.15  39371 16.2
2010-02-05  02:30:00  13 32 22.2  -14 10 45  +000845.5 -000207.2  23 59 16.1  179.796 29.423  70.47  39342 16.3
2010-02-05  02:40:00  13 41 47.7  -14 44 57  +000851.2 -000203.3  23 59 52.2  179.964 28.853  72.78  39310 16.3
2010-02-05  02:50:00  13 51 17.2  -15 18 29  +000857.2 -000199.0  00 00 24.4  180.111 28.294  75.11  39274 16.4
2010-02-05  03:00:00  14 00 50.7  -15 51 17  +000863.5 -000194.4  00 00 52.5  180.238 27.748  77.44  39236 16.4
2010-02-05  03:10:00  14 10 28.5  -16 23 16  +000870.0 -000189.4  00 01 16.4  180.343 27.214  79.80  39194 16.5
2010-02-05  03:20:00  14 20 10.7  -16 54 24  +000876.7 -000184.0  00 01 35.8  180.428 26.695  82.15  39150 16.5
2010-02-05  03:30:00  14 29 57.4  -17 24 35  +000883.6 -000178.2  00 01 50.7  180.491 26.192  84.52  39102 16.6
2010-02-05  03:40:00  14 39 48.8  -17 53 46  +000890.7 -000172.0  00 02 00.9  180.532 25.705  86.89  39051 16.7
2010-02-05  03:50:00  14 49 45.1  -18 21 54  +000898.0 -000165.4  00 02 06.4  180.552 25.236  89.28  38996 16.7
2010-02-05  04:00:00  14 59 46.2  -18 48 53  +000905.4 -000158.4  00 02 06.9  180.551 24.786  91.67  38939 16.8
2010-02-05  04:10:00  15 09 52.3  -19 14 41  +000912.9 -000151.0  00 02 02.4  180.529 24.356  94.08  38879 16.9
2010-02-05  04:20:00  15 20 03.4  -19 39 13  +000920.5 -000143.3  00 01 52.9  180.485 23.948  96.49  38816 16.9

   Date        UTC        RA         DECL      RARate   DeclRate    HourAng      Az     Um    Phase  Range  Mag
2010-02-05  16:10:00  04 28 54.7  +07 50 19  +000947.6 +000091.7  22 44 58.3  151.439 48.218  70.60  36549 16.1
2010-02-05  16:20:00  04 39 25.3  +08 04 39  +000944.1 +000080.2  22 44 29.4  151.150 48.403  68.03  36640 16.1
2010-02-05  16:30:00  04 49 53.4  +08 17 04  +000940.3 +000068.7  22 44 02.9  150.889 48.561  65.47  36733 16.0
2010-02-05  16:40:00  05 00 19.0  +08 27 33  +000936.4 +000057.3  22 43 38.9  150.659 48.692  62.93  36827 16.0
2010-02-05  16:50:00  05 10 41.9  +08 36 09  +000932.4 +000045.8  22 43 17.6  150.459 48.796  60.40  36921 15.9
2010-02-05  17:00:00  05 21 02.1  +08 42 50  +000928.1 +000034.5  22 42 59.1  150.292 48.875  57.90  37017 15.9
2010-02-05  17:10:00  05 31 19.4  +08 47 39  +000923.8 +000023.2  22 42 43.4  150.158 48.927  55.41  37112 15.9
2010-02-05  17:20:00  05 41 33.8  +08 50 35  +000919.2 +000012.0  22 42 30.7  150.057 48.955  52.95  37208 15.8
2010-02-05  17:30:00  05 51 45.1  +08 51 40  +000914.6 +000001.0  22 42 21.0  149.991 48.958  50.50  37304 15.8
2010-02-05  17:40:00  06 01 53.3  +08 50 56  +000909.9 -000009.8  22 42 14.5  149.959 48.937  48.08  37400 15.8
2010-02-05  17:50:00  06 11 58.2  +08 48 24  +000905.0 -000020.5  22 42 11.2  149.962 48.893  45.66  37495 15.7
2010-02-05  18:00:00  06 21 59.9  +08 44 07  +000900.1 -000031.0  22 42 11.1  149.999 48.826  43.28  37589 15.7
2010-02-05  18:10:00  06 31 58.3  +08 38 05  +000895.1 -000041.3  22 42 14.4  150.072 48.736  40.92  37683 15.7
2010-02-05  18:20:00  06 41 53.4  +08 30 22  +000890.0 -000051.3  22 42 21.0  150.178 48.625  38.59  37775 15.7
2010-02-05  18:30:00  06 51 45.1  +08 20 59  +000885.0 -000061.2  22 42 30.9  150.318 48.493  36.27  37867 15.6
2010-02-05  18:40:00  07 01 33.4  +08 09 59  +000879.9 -000070.8  22 42 44.3  150.491 48.340  34.00  37957 15.6
2010-02-05  18:50:00  07 11 18.2  +07 57 25  +000874.8 -000080.1  22 43 01.0  150.696 48.166  31.75  38046 15.6
2010-02-05  19:00:00  07 20 59.7  +07 43 19  +000869.7 -000089.1  22 43 21.2  150.932 47.973  29.55  38133 15.6
2010-02-05  19:10:00  07 30 37.9  +07 27 43  +000864.7 -000097.9  22 43 44.7  151.199 47.761  27.38  38218 15.6
2010-02-05  19:20:00  07 40 12.7  +07 10 41  +000859.7 -000106.5  22 44 11.5  151.495 47.531  25.28  38302 15.6
2010-02-05  19:30:00  07 49 44.2  +06 52 15  +000854.8 -000114.7  22 44 41.7  151.818 47.282  23.22  38383 15.6
2010-02-05  19:40:00  07 59 12.5  +06 32 27  +000850.0 -000122.7  22 45 15.0  152.168 47.015  21.26  38463 15.6
2010-02-05  19:50:00  08 08 37.6  +06 11 22  +000845.4 -000130.4  22 45 51.5  152.543 46.731  19.39  38540 15.5
2010-02-05  20:00:00  08 17 59.7  +05 49 01  +000840.8 -000137.7  22 46 31.1  152.942 46.430  17.65  38615 15.5
2010-02-05  20:10:00  08 27 18.7  +05 25 28  +000836.4 -000144.8  22 47 13.7  153.362 46.112  16.07  38687 15.5
2010-02-05  20:20:00  08 36 34.9  +05 00 46  +000832.2 -000151.6  22 47 59.1  153.802 45.779  14.72  38757 15.5
2010-02-05  20:30:00  08 45 48.4  +04 34 57  +000828.1 -000158.1  22 48 47.4  154.261 45.429  13.63  38825 15.5
2010-02-05  20:40:00  08 54 59.1  +04 08 05  +000824.2 -000164.3  22 49 38.2  154.737 45.065  12.88  38890 15.5
2010-02-05  20:50:00  09 04 07.4  +03 40 12     <<SHADOW>>        22 50 31.6  155.229 44.685  12.53  38952 ----
2010-02-05  21:00:00  09 13 13.3  +03 11 21     <<SHADOW>>        22 51 27.4  155.733 44.291  12.61  39012 ----
2010-02-05  21:10:00  09 22 16.9  +02 41 35     <<SHADOW>>        22 52 25.4  156.250 43.883  13.11  39068 ----
2010-02-05  21:20:00  09 31 18.5  +02 10 58     <<SHADOW>>        22 53 25.5  156.776 43.461  13.97  39122 ----
2010-02-05  21:30:00  09 40 18.1  +01 39 33  +000808.1 -000190.9  22 54 27.4  157.311 43.026  15.15  39173 15.6
2010-02-05  21:40:00  09 49 16.1  +01 07 21  +000805.7 -000195.4  22 55 31.2  157.853 42.578  16.56  39221 15.6
2010-02-05  21:50:00  09 58 12.4  +00 34 26  +000803.5 -000199.5  22 56 36.4  158.399 42.118  18.16  39266 15.6
2010-02-05  22:00:00  10 07 07.4  +00 00 52  +000801.5 -000203.4  22 57 43.1  158.949 41.646  19.88  39309 15.6
2010-02-05  22:10:00  10 16 01.2  -00 33 20  +000799.9 -000206.9  22 58 51.0  159.500 41.162  21.73  39348 15.6
2010-02-05  22:20:00  10 24 54.0  -01 08 06  +000798.5 -000210.2  22 59 59.8  160.051 40.668  23.64  39384 15.6
2010-02-05  22:30:00  10 33 45.9  -01 43 22  +000797.5 -000213.1  23 01 09.5  160.602 40.164  25.62  39417 15.6
2010-02-05  22:40:00  10 42 37.3  -02 19 07  +000796.7 -000215.8  23 02 19.7  161.149 39.649  27.64  39447 15.7
2010-02-05  22:50:00  10 51 28.3  -02 55 18  +000796.3 -000218.2  23 03 30.4  161.691 39.126  29.72  39474 15.7
2010-02-05  23:00:00  11 00 19.1  -03 31 50  +000796.2 -000220.3  23 04 41.2  162.228 38.594  31.81  39497 15.7
2010-02-05  23:10:00  11 09 09.9  -04 08 42  +000796.4 -000222.1  23 05 52.0  162.758 38.054  33.94  39518 15.7
2010-02-05  23:20:00  11 18 01.0  -04 45 51  +000796.9 -000223.6  23 07 02.6  163.280 37.507  36.07  39535 15.7
2010-02-05  23:30:00  11 26 52.6  -05 23 12  +000797.8 -000224.7  23 08 12.7  163.792 36.954  38.24  39550 15.8
2010-02-05  23:40:00  11 35 44.8  -06 00 44  +000799.0 -000225.6  23 09 22.1  164.292 36.394  40.41  39561 15.8
2010-02-05  23:50:00  11 44 37.9  -06 38 24  +000800.5 -000226.2  23 10 30.7  164.781 35.830  42.61  39569 15.8
2010-02-06  00:00:00  11 53 32.2  -07 16 08  +000802.3 -000226.5  23 11 38.0  165.257 35.262  44.81  39574 15.8
2010-02-06  00:10:00  12 02 27.8  -07 53 52  +000804.5 -000226.4  23 12 44.1  165.719 34.690  47.04  39576 15.9
2010-02-06  00:20:00  12 11 24.9  -08 31 35  +000807.1 -000226.1  23 13 48.5  166.165 34.115  49.26  39574 15.9
2010-02-06  00:30:00  12 20 23.9  -09 09 13  +000809.9 -000225.4  23 14 51.2  166.596 33.539  51.50  39570 15.9
2010-02-06  00:40:00  12 29 24.9  -09 46 42  +000813.1 -000224.4  23 15 51.9  167.009 32.962  53.74  39562 16.0
2010-02-06  00:50:00  12 38 28.1  -10 23 59  +000816.6 -000223.1  23 16 50.3  167.405 32.385  56.01  39551 16.0
2010-02-06  01:00:00  12 47 33.8  -11 01 02  +000820.5 -000221.4  23 17 46.2  167.782 31.809  58.27  39537 16.0
2010-02-06  01:10:00  12 56 42.2  -11 37 46  +000824.7 -000219.4  23 18 39.5  168.140 31.236  60.55  39520 16.1
2010-02-06  01:20:00  13 05 53.5  -12 14 09  +000829.2 -000217.0  23 19 29.9  168.478 30.665  62.82  39500 16.1
2010-02-06  01:30:00  13 15 07.8  -12 50 06  +000834.0 -000214.3  23 20 17.2  168.796 30.098  65.12  39476 16.2
2010-02-06  01:40:00  13 24 25.5  -13 25 34  +000839.1 -000211.3  23 21 01.2  169.092 29.537  67.42  39450 16.2
2010-02-06  01:50:00  13 33 46.6  -14 00 30  +000844.5 -000207.9  23 21 41.6  169.367 28.982  69.73  39420 16.3
2010-02-06  02:00:00  13 43 11.5  -14 34 51  +000850.2 -000204.1  23 22 18.4  169.619 28.433  72.05  39387 16.3
2010-02-06  02:10:00  13 52 40.3  -15 08 31  +000856.1 -000199.9  23 22 51.3  169.849 27.894  74.38  39351 16.4
2010-02-06  02:20:00  14 02 13.1  -15 41 28  +000862.3 -000195.4  23 23 20.1  170.056 27.363  76.71  39312 16.4
2010-02-06  02:30:00  14 11 50.1  -16 13 38  +000868.8 -000190.5  23 23 44.8  170.240 26.843  79.06  39271 16.5
2010-02-06  02:40:00  14 21 31.5  -16 44 56  +000875.5 -000185.2  23 24 05.0  170.400 26.335  81.41  39226 16.5
2010-02-06  02:50:00  14 31 17.4  -17 15 20  +000882.4 -000179.5  23 24 20.7  170.537 25.840  83.79  39178 16.6
2010-02-06  03:00:00  14 41 08.0  -17 44 44  +000889.4 -000173.4  23 24 31.8  170.650 25.358  86.15  39127 16.7
2010-02-06  03:10:00  14 51 03.3  -18 13 06  +000896.7 -000166.9  23 24 38.1  170.738 24.892  88.55  39073 16.7
2010-02-06  03:20:00  15 01 03.5  -18 40 21  +000904.0 -000160.0  23 24 39.5  170.803 24.441  90.94  39017 16.8
2010-02-06  03:30:00  15 11 08.7  -19 06 25  +000911.5 -000152.7  23 24 36.0  170.843 24.008  93.35  38957 16.9
2010-02-06  03:40:00  15 21 18.9  -19 31 13  +000919.1 -000145.0  23 24 27.5  170.859 23.594  95.76  38895 16.9
2010-02-06  03:50:00  15 31 34.1  -19 54 43  +000926.7 -000136.9  23 24 13.9  170.851 23.198  98.20  38831 17.0
2010-02-06  04:00:00  15 41 54.4  -20 16 50  +000934.3 -000128.4  23 23 55.2  170.819 22.824 100.63  38763 17.1
2010-02-06  04:10:00  15 52 19.8  -20 37 29  +000941.9 -000119.5  23 23 31.5  170.763 22.471 103.09  38693 17.2
2010-02-06  04:20:00  16 02 50.3  -20 56 38  +000949.5 -000110.2  23 23 02.6  170.684 22.141 105.54  38621 17.3

   Date        UTC        RA         DECL      RARate   DeclRate    HourAng      Az     Um    Phase  Range  Mag
2010-02-06  16:10:00  05 11 42.0  +08 30 24  +000933.3 +000048.5  22 06 07.6  138.216 44.968  61.13  37137 16.0
2010-02-06  16:20:00  05 22 02.8  +08 37 32  +000929.1 +000037.2  22 05 48.4  138.039 45.036  58.62  37233 15.9
2010-02-06  16:30:00  05 32 20.7  +08 42 48  +000924.7 +000025.9  22 05 32.1  137.897 45.082  56.12  37330 15.9
2010-02-06  16:40:00  05 42 35.7  +08 46 11  +000920.3 +000014.8  22 05 18.7  137.790 45.107  53.65  37427 15.9
2010-02-06  16:50:00  05 52 47.7  +08 47 45  +000915.6 +000003.8  22 05 08.4  137.720 45.109  51.19  37524 15.8
2010-02-06  17:00:00  06 02 56.6  +08 47 29  +000910.9 -000007.0  22 05 01.2  137.685 45.092  48.76  37620 15.8
2010-02-06  17:10:00  06 13 02.3  +08 45 25  +000906.1 -000017.6  22 04 57.2  137.687 45.054  46.34  37716 15.8
2010-02-06  17:20:00  06 23 04.7  +08 41 37  +000901.1 -000028.1  22 04 56.4  137.726 44.996  43.95  37811 15.7
2010-02-06  17:30:00  06 33 03.8  +08 36 04  +000896.1 -000038.4  22 04 58.9  137.800 44.919  41.57  37906 15.7
2010-02-06  17:40:00  06 42 59.5  +08 28 50  +000891.1 -000048.4  22 05 04.8  137.910 44.824  39.23  37999 15.7
2010-02-06  17:50:00  06 52 51.9  +08 19 56  +000886.0 -000058.3  22 05 14.1  138.055 44.711  36.91  38091 15.7
2010-02-06  18:00:00  07 02 40.9  +08 09 26  +000880.9 -000067.8  22 05 26.7  138.234 44.580  34.62  38182 15.6
2010-02-06  18:10:00  07 12 26.5  +07 57 20  +000875.8 -000077.2  22 05 42.8  138.447 44.432  32.35  38271 15.6
2010-02-06  18:20:00  07 22 08.7  +07 43 43  +000870.8 -000086.2  22 06 02.2  138.693 44.267  30.13  38359 15.6
2010-02-06  18:30:00  07 31 47.5  +07 28 36  +000865.7 -000095.1  22 06 25.0  138.971 44.087  27.94  38445 15.6
2010-02-06  18:40:00  07 41 23.0  +07 12 03  +000860.8 -000103.6  22 06 51.2  139.279 43.890  25.81  38528 15.6
2010-02-06  18:50:00  07 50 55.2  +06 54 06  +000855.9 -000111.9  22 07 20.6  139.617 43.678  23.73  38610 15.6
2010-02-06  19:00:00  08 00 24.2  +06 34 47  +000851.0 -000119.8  22 07 53.3  139.983 43.451  21.73  38690 15.6
2010-02-06  19:10:00  08 09 50.0  +06 14 10  +000846.4 -000127.5  22 08 29.1  140.375 43.209  19.81  38767 15.6
2010-02-06  19:20:00  08 19 12.7  +05 52 17  +000841.8 -000135.0  22 09 08.1  140.794 42.953  18.02  38842 15.6
2010-02-06  19:30:00  08 28 32.4  +05 29 12  +000837.4 -000142.1  22 09 50.0  141.236 42.682  16.36  38914 15.5
2010-02-06  19:40:00  08 37 49.2  +05 04 57  +000833.1 -000148.9  22 10 34.8  141.700 42.398  14.91  38984 15.5
2010-02-06  19:50:00  08 47 03.2  +04 39 35  +000829.0 -000155.5  22 11 22.5  142.185 42.100  13.71  39051 15.5
2010-02-06  20:00:00  08 56 14.6  +04 13 09  +000825.1 -000161.7  22 12 12.8  142.690 41.789  12.84  39115 15.5
2010-02-06  20:10:00  09 05 23.4  +03 45 41  +000821.4 -000167.7  22 13 05.6  143.212 41.464  12.35  39177 15.5
2010-02-06  20:20:00  09 14 29.8  +03 17 16     <<SHADOW>>        22 14 00.8  143.750 41.127  12.29  39235 ----
2010-02-06  20:30:00  09 23 34.0  +02 47 56     <<SHADOW>>        22 14 58.3  144.302 40.777  12.66  39291 ----
2010-02-06  20:40:00  09 32 36.0  +02 17 43     <<SHADOW>>        22 15 57.9  144.866 40.415  13.43  39344 ----
2010-02-06  20:50:00  09 41 36.2  +01 46 41     <<SHADOW>>        22 16 59.4  145.442 40.040  14.53  39394 ----
2010-02-06  21:00:00  09 50 34.5  +01 14 52  +000806.3 -000193.1  22 18 02.7  146.026 39.654  15.89  39441 15.6
2010-02-06  21:10:00  09 59 31.3  +00 42 20  +000804.1 -000197.3  22 19 07.5  146.618 39.256  17.45  39485 15.6
2010-02-06  21:20:00  10 08 26.7  +00 09 07  +000802.1 -000201.2  22 20 13.8  147.216 38.847  19.15  39526 15.6
2010-02-06  21:30:00  10 17 20.8  -00 24 43  +000800.4 -000204.8  22 21 21.3  147.818 38.428  20.98  39563 15.6
2010-02-06  21:40:00  10 26 13.9  -00 59 09  +000799.0 -000208.2  22 22 29.9  148.423 37.997  22.88  39598 15.6
2010-02-06  21:50:00  10 35 06.2  -01 34 06  +000797.9 -000211.2  22 23 39.2  149.028 37.557  24.86  39629 15.6
2010-02-06  22:00:00  10 43 57.8  -02 09 32  +000797.1 -000214.0  22 24 49.2  149.633 37.107  26.87  39658 15.7
2010-02-06  22:10:00  10 52 49.0  -02 45 25  +000796.6 -000216.5  22 25 59.7  150.235 36.647  28.94  39683 15.7
2010-02-06  22:20:00  11 01 40.0  -03 21 41  +000796.4 -000218.6  22 27 10.3  150.834 36.178  31.03  39705 15.7
2010-02-06  22:30:00  11 10 31.0  -03 58 17  +000796.6 -000220.5  22 28 21.0  151.427 35.701  33.15  39723 15.7
2010-02-06  22:40:00  11 19 22.2  -04 35 10  +000797.0 -000222.1  22 29 31.4  152.014 35.217  35.29  39739 15.7
2010-02-06  22:50:00  11 28 13.8  -05 12 18  +000797.8 -000223.4  22 30 41.5  152.593 34.724  37.46  39752 15.8
2010-02-06  23:00:00  11 37 06.1  -05 49 37  +000799.0 -000224.4  22 31 50.9  153.163 34.225  39.63  39761 15.8
2010-02-06  23:10:00  11 45 59.2  -06 27 04  +000800.4 -000225.0  22 32 59.4  153.721 33.720  41.83  39767 15.8
2010-02-06  23:20:00  11 54 53.4  -07 04 36  +000802.2 -000225.4  22 34 06.8  154.268 33.208  44.03  39770 15.8
2010-02-06  23:30:00  12 03 48.9  -07 42 11  +000804.4 -000225.5  22 35 12.9  154.802 32.693  46.26  39770 15.9
2010-02-06  23:40:00  12 12 45.9  -08 19 45  +000806.8 -000225.2  22 36 17.5  155.322 32.172  48.48  39767 15.9
2010-02-06  23:50:00  12 21 44.7  -08 57 14  +000809.6 -000224.6  22 37 20.4  155.826 31.649  50.72  39760 15.9
2010-02-07  00:00:00  12 30 45.5  -09 34 36  +000812.8 -000223.7  22 38 21.2  156.314 31.122  52.97  39751 16.0
2010-02-07  00:10:00  12 39 48.5  -10 11 48  +000816.2 -000222.5  22 39 19.9  156.785 30.594  55.23  39738 16.0
2010-02-07  00:20:00  12 48 53.9  -10 48 46  +000820.0 -000221.0  22 40 16.2  157.237 30.065  57.49  39723 16.0
2010-02-07  00:30:00  12 58 01.9  -11 25 26  +000824.1 -000219.1  22 41 09.8  157.670 29.535  59.77  39704 16.1
2010-02-07  00:40:00  13 07 12.8  -12 01 46  +000828.5 -000216.8  22 42 00.6  158.083 29.006  62.05  39682 16.1
2010-02-07  00:50:00  13 16 26.7  -12 37 42  +000833.3 -000214.2  22 42 48.3  158.476 28.479  64.35  39658 16.2
2010-02-07  01:00:00  13 25 43.9  -13 13 10  +000838.3 -000211.3  22 43 32.7  158.846 27.954  66.64  39630 16.2
2010-02-07  01:10:00  13 35 04.5  -13 48 06  +000843.7 -000208.0  22 44 13.7  159.195 27.433  68.96  39599 16.3
2010-02-07  01:20:00  13 44 28.8  -14 22 28  +000849.3 -000204.3  22 44 51.1  159.520 26.917  71.27  39565 16.3
2010-02-07  01:30:00  13 53 56.9  -14 56 11  +000855.2 -000200.3  22 45 24.6  159.823 26.406  73.61  39529 16.4
2010-02-07  01:40:00  14 03 29.1  -15 29 12  +000861.3 -000195.8  22 45 54.1  160.101 25.901  75.94  39489 16.4
2010-02-07  01:50:00  14 13 05.4  -16 01 27  +000867.7 -000191.0  22 46 19.4  160.355 25.404  78.29  39447 16.5
2010-02-07  02:00:00  14 22 46.0  -16 32 52  +000874.3 -000185.8  22 46 40.4  160.584 24.916  80.64  39401 16.5
2010-02-07  02:10:00  14 32 31.2  -17 03 23  +000881.1 -000180.2  22 46 57.0  160.787 24.438  83.02  39353 16.6
2010-02-07  02:20:00  14 42 20.9  -17 32 55  +000888.1 -000174.3  22 47 08.9  160.966 23.971  85.38  39302 16.6
2010-02-07  02:30:00  14 52 15.4  -18 01 26  +000895.3 -000167.9  22 47 16.0  161.118 23.516  87.78  39249 16.7
2010-02-07  02:40:00  15 02 14.7  -18 28 52  +000902.6 -000161.1  22 47 18.4  161.244 23.074  90.17  39192 16.8
2010-02-07  02:50:00  15 12 18.9  -18 55 07  +000910.0 -000153.9  22 47 15.8  161.345 22.646  92.58  39133 16.8
2010-02-07  03:00:00  15 22 28.1  -19 20 08  +000917.5 -000146.3  22 47 08.3  161.419 22.233  94.99  39072 16.9
2010-02-07  03:10:00  15 32 42.3  -19 43 52  +000925.1 -000138.3  22 46 55.7  161.466 21.837  97.43  39008 17.0
2010-02-07  03:20:00  15 43 01.5  -20 06 13  +000932.7 -000129.9  22 46 38.1  161.487 21.459  99.86  38942 17.1
2010-02-07  03:30:00  15 53 25.8  -20 27 08  +000940.3 -000121.1  22 46 15.5  161.482 21.099 102.32  38873 17.2
2010-02-07  03:40:00  16 03 55.2  -20 46 34  +000947.8 -000111.9  22 45 47.7  161.451 20.759 104.77  38802 17.2
2010-02-07  03:50:00  16 14 29.5  -21 04 26  +000955.2 -000102.4  22 45 15.0  161.394 20.440 107.25  38729 17.3
2010-02-07  04:00:00  16 25 08.8  -21 20 40  +000962.6 -000092.4  22 44 37.4  161.311 20.142 109.73  38653 17.4
2010-02-07  04:10:00  16 35 52.9  -21 35 14  +000969.8 -000082.2  22 43 54.9  161.202 19.867 112.24  38576 17.5

   Date        UTC        RA         DECL      RARate   DeclRate    HourAng      Az     Um    Phase  Range  Mag
2010-02-07  16:10:00  05 53 30.6  +08 42 28  +000916.7 +000006.6  21 28 15.6  127.133 40.338  51.97  37833 15.9
2010-02-07  16:20:00  06 03 40.1  +08 42 40  +000912.0 -000004.2  21 28 07.6  127.095 40.323  49.53  37931 15.8
2010-02-07  16:30:00  06 13 46.5  +08 41 06  +000907.1 -000014.8  21 28 02.9  127.093 40.290  47.10  38028 15.8
2010-02-07  16:40:00  06 23 49.6  +08 37 46  +000902.2 -000025.2  21 28 01.4  127.127 40.240  44.70  38124 15.8
2010-02-07  16:50:00  06 33 49.5  +08 32 43  +000897.3 -000035.4  21 28 03.2  127.196 40.175  42.32  38219 15.7
2010-02-07  17:00:00  06 43 46.0  +08 25 58  +000892.2 -000045.4  21 28 08.3  127.301 40.093  39.96  38314 15.7
2010-02-07  17:10:00  06 53 39.1  +08 17 35  +000887.2 -000055.2  21 28 16.8  127.440 39.996  37.62  38406 15.7
2010-02-07  17:20:00  07 03 28.9  +08 07 35  +000882.1 -000064.8  21 28 28.7  127.613 39.884  35.32  38498 15.7
2010-02-07  17:30:00  07 13 15.3  +07 56 00  +000877.0 -000074.1  21 28 43.9  127.820 39.758  33.04  38588 15.7
2010-02-07  17:40:00  07 22 58.3  +07 42 54  +000872.0 -000083.2  21 29 02.6  128.060 39.617  30.80  38676 15.6
2010-02-07  17:50:00  07 32 37.9  +07 28 18  +000866.9 -000092.0  21 29 24.6  128.331 39.463  28.59  38762 15.6
2010-02-07  18:00:00  07 42 14.2  +07 12 16  +000862.0 -000100.5  21 29 49.9  128.633 39.296  26.44  38847 15.6
2010-02-07  18:10:00  07 51 47.2  +06 54 49  +000857.1 -000108.8  21 30 18.6  128.964 39.116  24.32  38929 15.6
2010-02-07  18:20:00  08 01 17.0  +06 36 02  +000852.2 -000116.7  21 30 50.5  129.325 38.923  22.29  39009 15.6
2010-02-07  18:30:00  08 10 43.6  +06 15 55  +000847.5 -000124.4  21 31 25.5  129.712 38.718  20.32  39086 15.6
2010-02-07  18:40:00  08 20 07.1  +05 54 34  +000843.0 -000131.9  21 32 03.6  130.126 38.500  18.47  39161 15.6
2010-02-07  18:50:00  08 29 27.6  +05 31 59  +000838.5 -000139.0  21 32 44.8  130.564 38.271  16.75  39233 15.6
2010-02-07  19:00:00  08 38 45.2  +05 08 14  +000834.2 -000145.9  21 33 28.9  131.026 38.030  15.21  39303 15.6
2010-02-07  19:10:00  08 47 60.0  +04 43 23  +000830.1 -000152.4  21 34 15.7  131.510 37.777  13.89  39370 15.6
2010-02-07  19:20:00  08 57 12.1  +04 17 27  +000826.2 -000158.7  21 35 05.3  132.014 37.513  12.88  39434 15.6
2010-02-07  19:30:00  09 06 21.6  +03 50 29  +000822.5 -000164.7  21 35 57.4  132.537 37.238  12.24  39495 15.6
2010-02-07  19:40:00  09 15 28.7  +03 22 33     <<SHADOW>>        21 36 51.9  133.078 36.951  12.02  39553 ----
2010-02-07  19:50:00  09 24 33.6  +02 53 42     <<SHADOW>>        21 37 48.7  133.635 36.654  12.26  39609 ----
2010-02-07  20:00:00  09 33 36.3  +02 23 58     <<SHADOW>>        21 38 47.6  134.206 36.346  12.90  39661 ----
2010-02-07  20:10:00  09 42 37.1  +01 53 24     <<SHADOW>>        21 39 48.4  134.790 36.027  13.91  39710 ----
2010-02-07  20:20:00  09 51 36.1  +01 22 03  +000807.2 -000190.4  21 40 51.1  135.385 35.698  15.20  39756 15.6
2010-02-07  20:30:00  10 00 33.5  +00 49 58  +000804.9 -000194.6  21 41 55.4  135.990 35.359  16.72  39799 15.6
2010-02-07  20:40:00  10 09 29.4  +00 17 11  +000802.9 -000198.6  21 43 01.1  136.603 35.009  18.39  39838 15.6
2010-02-07  20:50:00  10 18 24.1  -00 16 13  +000801.2 -000202.3  21 44 08.0  137.223 34.649  20.19  39875 15.6
2010-02-07  21:00:00  10 27 17.7  -00 50 14  +000799.7 -000205.7  21 45 16.1  137.847 34.280  22.07  39908 15.6
2010-02-07  21:10:00  10 36 10.4  -01 24 46  +000798.6 -000208.8  21 46 25.0  138.475 33.900  24.04  39938 15.7
2010-02-07  21:20:00  10 45 02.5  -01 59 49  +000797.7 -000211.7  21 47 34.5  139.104 33.512  26.05  39965 15.7
2010-02-07  21:30:00  10 53 54.1  -02 35 19  +000797.2 -000214.2  21 48 44.5  139.734 33.114  28.11  39989 15.7
2010-02-07  21:40:00  11 02 45.5  -03 11 12  +000797.0 -000216.5  21 49 54.8  140.362 32.708  30.19  40009 15.7
2010-02-07  21:50:00  11 11 36.8  -03 47 27  +000797.0 -000218.4  21 51 05.2  140.987 32.293  32.32  40026 15.7
2010-02-07  22:00:00  11 20 28.3  -04 23 59  +000797.5 -000220.1  21 52 15.3  141.608 31.870  34.45  40040 15.8
2010-02-07  22:10:00  11 29 20.1  -05 00 47  +000798.2 -000221.5  21 53 25.1  142.224 31.439  36.62  40051 15.8
2010-02-07  22:20:00  11 38 12.6  -05 37 47  +000799.3 -000222.5  21 54 34.3  142.832 31.000  38.79  40059 15.8
2010-02-07  22:30:00  11 47 05.9  -06 14 57  +000800.7 -000223.3  21 55 42.6  143.432 30.555  40.99  40063 15.8
2010-02-07  22:40:00  11 56 00.2  -06 52 12  +000802.4 -000223.8  21 56 50.0  144.021 30.103  43.19  40064 15.9
2010-02-07  22:50:00  12 04 55.8  -07 29 31  +000804.4 -000223.9  21 57 56.0  144.600 29.645  45.42  40062 15.9
2010-02-07  23:00:00  12 13 52.9  -08 06 50  +000806.8 -000223.8  21 59 00.6  145.166 29.182  47.64  40057 15.9
2010-02-07  23:10:00  12 22 51.6  -08 44 06  +000809.6 -000223.3  22 00 03.5  145.719 28.714  49.89  40049 15.9
2010-02-07  23:20:00  12 31 52.3  -09 21 15  +000812.6 -000222.5  22 01 04.4  146.257 28.242  52.13  40038 16.0
2010-02-07  23:30:00  12 40 55.2  -09 58 15  +000816.0 -000221.4  22 02 03.2  146.779 27.767  54.39  40024 16.0
2010-02-07  23:40:00  12 50 00.4  -10 35 02  +000819.7 -000219.9  22 02 59.6  147.284 27.288  56.65  40006 16.0
2010-02-07  23:50:00  12 59 08.2  -11 11 33  +000823.7 -000218.2  22 03 53.5  147.770 26.808  58.94  39986 16.1
2010-02-08  00:00:00  13 08 18.8  -11 47 44  +000828.1 -000216.0  22 04 44.5  148.238 26.326  61.21  39963 16.1
2010-02-08  00:10:00  13 17 32.4  -12 23 33  +000832.7 -000213.6  22 05 32.6  148.686 25.843  63.51  39936 16.2
2010-02-08  00:20:00  13 26 49.1  -12 58 54  +000837.7 -000210.7  22 06 17.5  149.113 25.361  65.81  39907 16.2
2010-02-08  00:30:00  13 36 09.3  -13 33 46  +000842.9 -000207.5  22 06 58.9  149.518 24.880  68.13  39875 16.3
2010-02-08  00:40:00  13 45 33.1  -14 08 04  +000848.5 -000204.0  22 07 36.8  149.901 24.401  70.44  39840 16.3
2010-02-08  00:50:00  13 55 00.7  -14 41 45  +000854.3 -000200.1  22 08 10.8  150.260 23.926  72.78  39802 16.4
2010-02-08  01:00:00  14 04 32.2  -15 14 44  +000860.3 -000195.8  22 08 41.0  150.595 23.454  75.11  39762 16.4
2010-02-08  01:10:00  14 14 07.9  -15 46 59  +000866.6 -000191.1  22 09 07.0  150.906 22.987  77.46  39719 16.5
2010-02-08  01:20:00  14 23 47.8  -16 18 24  +000873.2 -000186.0  22 09 28.7  151.192 22.526  79.81  39673 16.5
2010-02-08  01:30:00  14 33 32.1  -16 48 57  +000879.9 -000180.5  22 09 46.0  151.452 22.072  82.19  39624 16.6
2010-02-08  01:40:00  14 43 21.0  -17 18 34  +000886.8 -000174.7  22 09 58.8  151.686 21.626  84.56  39573 16.6
2010-02-08  01:50:00  14 53 14.6  -17 47 09  +000893.9 -000168.4  22 10 06.8  151.894 21.189  86.95  39519 16.7
2010-02-08  02:00:00  15 03 12.9  -18 14 41  +000901.1 -000161.7  22 10 10.1  152.074 20.762  89.34  39462 16.8
2010-02-08  02:10:00  15 13 16.1  -18 41 03  +000908.5 -000154.7  22 10 08.6  152.227 20.347  91.75  39404 16.8
2010-02-08  02:20:00  15 23 24.2  -19 06 13  +000915.9 -000147.2  22 10 02.1  152.353 19.943  94.16  39342 16.9
2010-02-08  02:30:00  15 33 37.3  -19 30 06  +000923.4 -000139.3  22 09 50.7  152.451 19.554  96.60  39279 17.0
2010-02-08  02:40:00  15 43 55.4  -19 52 38  +000930.9 -000131.1  22 09 34.2  152.522 19.178  99.03  39213 17.1
2010-02-08  02:50:00  15 54 18.5  -20 13 46  +000938.4 -000122.4  22 09 12.7  152.564 18.818 101.49  39145 17.1
2010-02-08  03:00:00  16 04 46.6  -20 33 25  +000945.9 -000113.3  22 08 46.3  152.579 18.475 103.94  39075 17.2
2010-02-08  03:10:00  16 15 19.7  -20 51 32  +000953.3 -000103.9  22 08 14.9  152.566 18.150 106.42  39003 17.3
2010-02-08  03:20:00  16 25 57.6  -21 08 03  +000960.6 -000094.1  22 07 38.5  152.524 17.843 108.90  38929 17.4
2010-02-08  03:30:00  16 36 40.4  -21 22 53  +000967.7 -000084.0  22 06 57.4  152.456 17.556 111.41  38853 17.5
2010-02-08  03:40:00  16 47 27.9  -21 36 01  +000974.7 -000073.5  22 06 11.6  152.359 17.289 113.91  38775 17.6
2010-02-08  03:50:00  16 58 20.0  -21 47 22  +000981.5 -000062.6  22 05 21.1  152.236 17.044 116.44  38696 17.7
2010-02-08  04:00:00  17 09 16.5  -21 56 52  +000988.0 -000051.5  22 04 26.3  152.085 16.822 118.96  38615 17.8
2010-02-08  04:10:00  17 20 17.2  -22 04 30  +000994.2 -000040.1  22 03 27.2  151.908 16.623 121.52  38533 18.0

   Date        UTC        RA         DECL      RARate   DeclRate    HourAng      Az     Um    Phase  Range  Mag
2010-02-08  16:10:00  06 34 10.4  +08 28 13  +000898.5 -000032.4  20 51 32.2  118.030 34.811  43.16  38613 15.8
2010-02-08  16:20:00  06 44 07.8  +08 21 59  +000893.5 -000042.4  20 51 36.5  118.125 34.740  40.80  38708 15.7
2010-02-08  16:30:00  06 54 01.8  +08 14 06  +000888.5 -000052.1  20 51 44.2  118.253 34.655  38.45  38802 15.7
2010-02-08  16:40:00  07 03 52.4  +08 04 37  +000883.4 -000061.6  20 51 55.2  118.414 34.558  36.13  38895 15.7
2010-02-08  16:50:00  07 13 39.7  +07 53 34  +000878.4 -000070.9  20 52 09.6  118.608 34.449  33.83  38985 15.7
2010-02-08  17:00:00  07 23 23.6  +07 40 60  +000873.3 -000079.9  20 52 27.3  118.833 34.328  31.58  39074 15.7
2010-02-08  17:10:00  07 33 04.1  +07 26 57  +000868.3 -000088.7  20 52 48.4  119.090 34.195  29.35  39161 15.7
2010-02-08  17:20:00  07 42 41.3  +07 11 27  +000863.3 -000097.2  20 53 12.9  119.376 34.051  27.17  39246 15.6
2010-02-08  17:30:00  07 52 15.2  +06 54 33  +000858.4 -000105.5  20 53 40.6  119.691 33.896  25.03  39329 15.6
2010-02-08  17:40:00  08 01 45.9  +06 36 18  +000853.6 -000113.4  20 54 11.5  120.035 33.730  22.96  39409 15.6
2010-02-08  17:50:00  08 11 13.4  +06 16 45  +000848.9 -000121.1  20 54 45.6  120.405 33.554  20.95  39487 15.6
2010-02-08  18:00:00  08 20 37.9  +05 55 57  +000844.3 -000128.6  20 55 22.9  120.802 33.368  19.04  39563 15.6
2010-02-08  18:10:00  08 29 59.3  +05 33 55  +000839.9 -000135.7  20 56 03.1  121.223 33.172  17.25  39635 15.6
2010-02-08  18:20:00  08 39 17.8  +05 10 43  +000835.6 -000142.6  20 56 46.2  121.668 32.966  15.62  39705 15.6
2010-02-08  18:30:00  08 48 33.5  +04 46 25  +000831.5 -000149.1  20 57 32.2  122.135 32.750  14.19  39772 15.6
2010-02-08  18:40:00  08 57 46.5  +04 21 02  +000827.5 -000155.4  20 58 20.8  122.623 32.525  13.04  39836 15.6
2010-02-08  18:50:00  09 06 56.9  +03 54 37  +000823.8 -000161.4  20 59 12.1  123.131 32.290  12.24  39897 15.6
2010-02-08  19:00:00  09 16 04.9  +03 27 14  +000820.2 -000167.2  21 00 05.7  123.658 32.046  11.84  39956 15.6
2010-02-08  19:10:00  09 25 10.6  +02 58 55     <<SHADOW>>        21 01 01.6  124.201 31.793  11.90  40011 ----
2010-02-08  19:20:00  09 34 14.2  +02 29 42     <<SHADOW>>        21 01 59.7  124.760 31.530  12.40  40062 ----
2010-02-08  19:30:00  09 43 15.8  +01 59 40     <<SHADOW>>        21 02 59.7  125.333 31.258  13.29  40111 ----
2010-02-08  19:40:00  09 52 15.6  +01 28 50     <<SHADOW>>        21 04 01.6  125.919 30.977  14.49  40156 ----
2010-02-08  19:50:00  10 01 13.7  +00 57 16  +000806.1 -000191.6  21 05 05.1  126.516 30.687  15.95  40199 15.6
2010-02-08  20:00:00  10 10 10.4  +00 25 00  +000804.0 -000195.6  21 06 10.1  127.123 30.388  17.57  40238 15.6
2010-02-08  20:10:00  10 19 05.7  -00 07 54  +000802.2 -000199.3  21 07 16.3  127.738 30.081  19.35  40273 15.6
2010-02-08  20:20:00  10 28 00.0  -00 41 25  +000800.7 -000202.8  21 08 23.7  128.360 29.764  21.21  40306 15.7
2010-02-08  20:30:00  10 36 53.4  -01 15 29  +000799.5 -000206.0  21 09 31.9  128.987 29.439  23.16  40335 15.7
2010-02-08  20:40:00  10 45 46.1  -01 50 04  +000798.6 -000208.9  21 10 40.9  129.618 29.105  25.16  40360 15.7
2010-02-08  20:50:00  10 54 38.3  -02 25 06  +000798.0 -000211.5  21 11 50.4  130.251 28.762  27.21  40383 15.7
2010-02-08  21:00:00  11 03 30.2  -03 00 32  +000797.7 -000213.8  21 13 00.1  130.886 28.412  29.29  40402 15.7
2010-02-08  21:10:00  11 12 22.0  -03 36 21  +000797.8 -000215.8  21 14 09.9  131.519 28.053  31.41  40418 15.7
2010-02-08  21:20:00  11 21 13.9  -04 12 28  +000798.1 -000217.6  21 15 19.7  132.151 27.686  33.54  40430 15.8
2010-02-08  21:30:00  11 30 06.2  -04 48 51  +000798.8 -000219.0  21 16 29.0  132.779 27.312  35.71  40439 15.8
2010-02-08  21:40:00  11 38 59.0  -05 25 28  +000799.8 -000220.2  21 17 37.9  133.403 26.930  37.88  40445 15.8
2010-02-08  21:50:00  11 47 52.6  -06 02 14  +000801.1 -000221.1  21 18 45.9  134.020 26.541  40.08  40448 15.8
2010-02-08  22:00:00  11 56 47.2  -06 39 08  +000802.7 -000221.6  21 19 53.0  134.630 26.145  42.28  40448 15.9
2010-02-08  22:10:00  12 05 43.0  -07 16 05  +000804.7 -000221.9  21 20 58.8  135.230 25.742  44.50  40444 15.9
2010-02-08  22:20:00  12 14 40.2  -07 53 04  +000807.0 -000221.8  21 22 03.2  135.821 25.334  46.72  40438 15.9
2010-02-08  22:30:00  12 23 39.1  -08 30 00  +000809.7 -000221.4  21 23 06.0  136.400 24.920  48.97  40428 16.0
2010-02-08  22:40:00  12 32 39.8  -09 06 52  +000812.6 -000220.8  21 24 06.9  136.966 24.501  51.21  40415 16.0
2010-02-08  22:50:00  12 41 42.6  -09 43 34  +000815.9 -000219.7  21 25 05.7  137.518 24.077  53.48  40399 16.0
2010-02-08  23:00:00  12 50 47.8  -10 20 06  +000819.5 -000218.4  21 26 02.3  138.055 23.649  55.74  40380 16.1
2010-02-08  23:10:00  12 59 55.4  -10 56 22  +000823.5 -000216.7  21 26 56.2  138.575 23.217  58.02  40358 16.1
2010-02-08  23:20:00  13 09 05.8  -11 32 19  +000827.7 -000214.7  21 27 47.5  139.078 22.783  60.30  40333 16.1
2010-02-08  23:30:00  13 18 19.1  -12 07 55  +000832.3 -000212.4  21 28 35.8  139.563 22.347  62.60  40305 16.2
2010-02-08  23:40:00  13 27 35.6  -12 43 05  +000837.1 -000209.7  21 29 21.0  140.028 21.909  64.90  40275 16.2
2010-02-08  23:50:00  13 36 55.4  -13 17 47  +000842.3 -000206.6  21 30 02.9  140.473 21.470  67.22  40241 16.3
2010-02-09  00:00:00  13 46 18.7  -13 51 56  +000847.7 -000203.2  21 30 41.2  140.896 21.031  69.53  40205 16.3
2010-02-09  00:10:00  13 55 45.7  -14 25 29  +000853.4 -000199.4  21 31 15.8  141.297 20.593  71.86  40166 16.4
2010-02-09  00:20:00  14 05 16.6  -14 58 22  +000859.4 -000195.2  21 31 46.5  141.675 20.157  74.20  40124 16.4
2010-02-09  00:30:00  14 14 51.6  -15 30 32  +000865.6 -000190.6  21 32 13.2  142.029 19.724  76.55  40080 16.5
2010-02-09  00:40:00  14 24 30.8  -16 01 54  +000872.0 -000185.7  21 32 35.7  142.359 19.294  78.90  40033 16.5
2010-02-09  00:50:00  14 34 14.3  -16 32 24  +000878.6 -000180.4  21 32 53.8  142.663 18.868  81.27  39984 16.6
2010-02-09  01:00:00  14 44 02.3  -17 01 60  +000885.5 -000174.6  21 33 07.4  142.941 18.448  83.64  39932 16.6
2010-02-09  01:10:00  14 53 54.9  -17 30 36  +000892.4 -000168.5  21 33 16.4  143.193 18.034  86.04  39877 16.7
2010-02-09  01:20:00  15 03 52.3  -17 58 09  +000899.6 -000162.0  21 33 20.7  143.418 17.627  88.43  39821 16.8
2010-02-09  01:30:00  15 13 54.4  -18 24 34  +000906.8 -000155.1  21 33 20.3  143.615 17.229  90.84  39762 16.8
2010-02-09  01:40:00  15 24 01.4  -18 49 49  +000914.2 -000147.7  21 33 14.9  143.785 16.840  93.25  39700 16.9
2010-02-09  01:50:00  15 34 13.3  -19 13 48  +000921.5 -000140.0  21 33 04.7  143.927 16.462  95.69  39637 17.0
2010-02-09  02:00:00  15 44 30.1  -19 36 28  +000929.0 -000131.9  21 32 49.5  144.040 16.096  98.12  39571 17.0
2010-02-09  02:10:00  15 54 51.9  -19 57 45  +000936.4 -000123.4  21 32 29.3  144.124 15.741 100.57  39504 17.1
2010-02-09  02:20:00  16 05 18.6  -20 17 34  +000943.8 -000114.5  21 32 04.3  144.180 15.401 103.03  39434 17.2
2010-02-09  02:30:00  16 15 50.3  -20 35 53  +000951.1 -000105.2  21 31 34.3  144.206 15.075 105.51  39363 17.3
2010-02-09  02:40:00  16 26 26.7  -20 52 37  +000958.3 -000095.5  21 30 59.4  144.204 14.765 107.99  39289 17.4
2010-02-09  02:50:00  16 37 08.0  -21 07 43  +000965.4 -000085.5  21 30 19.8  144.173 14.471 110.49  39214 17.5
2010-02-09  03:00:00  16 47 53.9  -21 21 07  +000972.4 -000075.2  21 29 35.5  144.113 14.195 112.99  39138 17.6
2010-02-09  03:10:00  16 58 44.4  -21 32 46  +000979.1 -000064.5  21 28 46.7  144.024 13.938 115.52  39060 17.7
2010-02-09  03:20:00  17 09 39.3  -21 42 37  +000985.5 -000053.5  21 27 53.4  143.907 13.701 118.04  38981 17.8
2010-02-09  03:30:00  17 20 38.4  -21 50 36  +000991.7 -000042.2  21 26 56.0  143.761 13.483 120.60  38900 17.9
2010-02-09  03:40:00  17 31 41.5  -21 56 41  +000997.6 -000030.7  21 25 54.5  143.588 13.288 123.15  38819 18.1
2010-02-09  03:50:00  17 42 48.5  -22 00 49  +001003.2 -000018.9  21 24 49.1  143.386 13.114 125.72  38736 18.2
2010-02-09  04:00:00  17 53 59.1  -22 02 59  +001008.4 -000006.9  21 23 40.2  143.158 12.963 128.30  38652 18.4
2010-02-09  04:10:00  18 05 13.0  -22 03 08  +001013.3 +000005.2  21 22 27.9  142.903 12.836 130.90  38568 18.5

   Date        UTC        RA         DECL      RARate   DeclRate    HourAng      Az     Um    Phase  Range  Mag
2010-02-09  16:20:00  07 23 20.5  +07 38 12  +000874.8 -000076.6  20 16 20.4  110.724 28.640  32.47  39542 15.7
2010-02-09  16:30:00  07 33 02.0  +07 24 42  +000869.8 -000085.4  20 16 40.5  110.963 28.523  30.22  39630 15.7
2010-02-09  16:40:00  07 42 40.2  +07 09 46  +000864.9 -000093.8  20 17 03.9  111.230 28.396  28.02  39716 15.7
2010-02-09  16:50:00  07 52 15.2  +06 53 26  +000860.0 -000102.1  20 17 30.6  111.526 28.260  25.85  39799 15.7
2010-02-09  17:00:00  08 01 46.9  +06 35 46  +000855.2 -000110.0  20 18 00.5  111.849 28.115  23.75  39880 15.6
2010-02-09  17:10:00  08 11 15.5  +06 16 47  +000850.5 -000117.7  20 18 33.6  112.198 27.961  21.70  39959 15.6
2010-02-09  17:20:00  08 20 41.0  +05 56 33  +000845.9 -000125.1  20 19 09.8  112.573 27.798  19.74  40035 15.6
2010-02-09  17:30:00  08 30 03.4  +05 35 06  +000841.5 -000132.2  20 19 48.9  112.972 27.627  17.88  40108 15.6
2010-02-09  17:40:00  08 39 23.0  +05 12 30  +000837.2 -000139.1  20 20 31.0  113.394 27.448  16.16  40179 15.6
2010-02-09  17:50:00  08 48 39.7  +04 48 46  +000833.0 -000145.6  20 21 15.9  113.839 27.260  14.63  40246 15.6
2010-02-09  18:00:00  08 57 53.7  +04 23 58  +000829.1 -000151.9  20 22 03.6  114.305 27.065  13.34  40311 15.6
2010-02-09  18:10:00  09 07 05.2  +03 58 08  +000825.3 -000158.0  20 22 53.7  114.791 26.861  12.36  40372 15.6
2010-02-09  18:20:00  09 16 14.2  +03 31 20  +000821.8 -000163.7  20 23 46.4  115.295 26.650  11.77  40430 15.6
2010-02-09  18:30:00  09 25 20.9  +03 03 36  +000818.4 -000169.1  20 24 41.3  115.817 26.431  11.63  40486 15.6
2010-02-09  18:40:00  09 34 25.5  +02 34 58     <<SHADOW>>        20 25 38.4  116.355 26.204  11.94  40537 ----
2010-02-09  18:50:00  09 43 28.0  +02 05 30     <<SHADOW>>        20 26 37.5  116.908 25.969  12.69  40586 ----
2010-02-09  19:00:00  09 52 28.8  +01 35 15     <<SHADOW>>        20 27 38.4  117.474 25.727  13.77  40631 ----
2010-02-09  19:10:00  10 01 27.8  +01 04 14     <<SHADOW>>        20 28 41.0  118.053 25.476  15.15  40673 ----
2010-02-09  19:20:00  10 10 25.4  +00 32 32  +000805.3 -000192.2  20 29 45.1  118.643 25.219  16.71  40712 15.6
2010-02-09  19:30:00  10 19 21.6  +00 00 10  +000803.5 -000196.0  20 30 50.5  119.242 24.953  18.44  40747 15.7
2010-02-09  19:40:00  10 28 16.7  -00 32 48  +000801.9 -000199.5  20 31 57.0  119.850 24.680  20.28  40779 15.7
2010-02-09  19:50:00  10 37 10.9  -01 06 19  +000800.7 -000202.8  20 33 04.5  120.464 24.399  22.21  40807 15.7
2010-02-09  20:00:00  10 46 04.3  -01 40 22  +000799.7 -000205.7  20 34 12.7  121.084 24.110  24.19  40832 15.7
2010-02-09  20:10:00  10 54 57.2  -02 14 53  +000799.0 -000208.4  20 35 21.4  121.708 23.814  26.23  40854 15.7
2010-02-09  20:20:00  11 03 49.8  -02 49 49  +000798.7 -000210.8  20 36 30.5  122.334 23.510  28.30  40872 15.7
2010-02-09  20:30:00  11 12 42.2  -03 25 07  +000798.6 -000212.9  20 37 39.7  122.962 23.199  30.42  40887 15.8
2010-02-09  20:40:00  11 21 34.7  -04 00 45  +000798.9 -000214.7  20 38 48.9  123.590 22.881  32.55  40898 15.8
2010-02-09  20:50:00  11 30 27.5  -04 36 39  +000799.5 -000216.2  20 39 57.7  124.216 22.555  34.71  40906 15.8
2010-02-09  21:00:00  11 39 20.8  -05 12 48  +000800.4 -000217.4  20 41 06.1  124.840 22.222  36.88  40911 15.8
2010-02-09  21:10:00  11 48 14.8  -05 49 07  +000801.7 -000218.4  20 42 13.7  125.459 21.882  39.08  40912 15.8
2010-02-09  21:20:00  11 57 09.7  -06 25 34  +000803.2 -000219.0  20 43 20.4  126.073 21.535  41.27  40911 15.9
2010-02-09  21:30:00  12 06 05.9  -07 02 07  +000805.1 -000219.4  20 44 25.9  126.680 21.182  43.50  40906 15.9
2010-02-09  21:40:00  12 15 03.3  -07 38 41  +000807.4 -000219.4  20 45 30.1  127.279 20.822  45.72  40898 15.9
2010-02-09  21:50:00  12 24 02.4  -08 15 13  +000809.9 -000219.1  20 46 32.7  127.869 20.457  47.96  40886 16.0
2010-02-09  22:00:00  12 33 03.2  -08 51 42  +000812.8 -000218.5  20 47 33.5  128.447 20.086  50.20  40872 16.0
2010-02-09  22:10:00  12 42 06.1  -09 28 03  +000816.0 -000217.6  20 48 32.2  129.014 19.710  52.47  40855 16.0
2010-02-09  22:20:00  12 51 11.3  -10 04 14  +000819.5 -000216.4  20 49 28.7  129.567 19.328  54.73  40834 16.1
2010-02-09  22:30:00  13 00 18.8  -10 40 10  +000823.3 -000214.8  20 50 22.8  130.106 18.943  57.01  40811 16.1
2010-02-09  22:40:00  13 09 29.1  -11 15 50  +000827.5 -000213.0  20 51 14.2  130.630 18.553  59.29  40784 16.1
2010-02-09  22:50:00  13 18 42.2  -11 51 09  +000831.9 -000210.7  20 52 02.8  131.137 18.161  61.59  40755 16.2
2010-02-09  23:00:00  13 27 58.3  -12 26 03  +000836.6 -000208.1  20 52 48.3  131.626 17.765  63.89  40723 16.2
2010-02-09  23:10:00  13 37 17.7  -13 00 30  +000841.7 -000205.2  20 53 30.5  132.096 17.367  66.21  40688 16.3
2010-02-09  23:20:00  13 46 40.6  -13 34 26  +000847.0 -000201.9  20 54 09.2  132.546 16.968  68.52  40650 16.3
2010-02-09  23:30:00  13 56 07.1  -14 07 46  +000852.6 -000198.2  20 54 44.4  132.975 16.568  70.86  40610 16.4
2010-02-09  23:40:00  14 05 37.4  -14 40 29  +000858.4 -000194.2  20 55 15.7  133.383 16.168  73.19  40567 16.4
2010-02-09  23:50:00  14 15 11.7  -15 12 29  +000864.5 -000189.8  20 55 43.0  133.768 15.768  75.54  40522 16.5
2010-02-10  00:00:00  14 24 50.2  -15 43 43  +000870.8 -000185.0  20 56 06.3  134.129 15.370  77.89  40474 16.5
2010-02-10  00:10:00  14 34 32.8  -16 14 07  +000877.3 -000179.8  20 56 25.2  134.466 14.974  80.27  40423 16.6
2010-02-10  00:20:00  14 44 19.9  -16 43 37  +000884.0 -000174.2  20 56 39.8  134.778 14.581  82.63  40371 16.6
2010-02-10  00:30:00  14 54 11.6  -17 12 10  +000890.9 -000168.2  20 56 49.8  135.064 14.193  85.03  40316 16.7
2010-02-10  00:40:00  15 04 07.8  -17 39 41  +000897.9 -000161.9  20 56 55.2  135.324 13.809  87.42  40258 16.7
2010-02-10  00:50:00  15 14 08.8  -18 06 06  +000905.0 -000155.1  20 56 55.8  135.557 13.431  89.83  40199 16.8
2010-02-10  01:00:00  15 24 14.6  -18 31 22  +000912.3 -000147.9  20 56 51.7  135.762 13.060  92.24  40137 16.9
2010-02-10  01:10:00  15 34 25.1  -18 55 24  +000919.5 -000140.4  20 56 42.8  135.939 12.697  94.67  40073 17.0
2010-02-10  01:20:00  15 44 40.6  -19 18 08  +000926.9 -000132.4  20 56 29.0  136.088 12.343  97.11  40008 17.0
2010-02-10  01:30:00  15 55 00.9  -19 39 31  +000934.2 -000124.1  20 56 10.3  136.208 11.998  99.56  39940 17.1
2010-02-10  01:40:00  16 05 26.2  -19 59 29  +000941.5 -000115.3  20 55 46.7  136.299 11.665 102.02  39871 17.2
2010-02-10  01:50:00  16 15 56.2  -20 17 57  +000948.7 -000106.2  20 55 18.3  136.360 11.343 104.49  39800 17.3
2010-02-10  02:00:00  16 26 31.1  -20 34 53  +000955.9 -000096.8  20 54 45.0  136.393 11.034 106.97  39727 17.4
2010-02-10  02:10:00  16 37 10.7  -20 50 12  +000962.9 -000086.9  20 54 07.1  136.395 10.739 109.47  39653 17.5
2010-02-10  02:20:00  16 47 54.9  -21 03 50  +000969.7 -000076.8  20 53 24.5  136.368 10.459 111.97  39577 17.6
2010-02-10  02:30:00  16 58 43.6  -21 15 46  +000976.4 -000066.2  20 52 37.4  136.311 10.195 114.50  39500 17.7

   Date        UTC        RA         DECL      RARate   DeclRate    HourAng      Az     Um    Phase  Range  Mag
2010-02-10  16:20:00  08 01 17.1  +06 34 34  +000856.9 -000106.5  19 42 20.3  104.497 22.259  24.68  40408 15.7
2010-02-10  16:30:00  08 10 46.8  +06 16 10  +000852.2 -000114.1  19 42 52.2  104.825 22.120  22.59  40487 15.7
2010-02-10  16:40:00  08 20 13.5  +05 56 32  +000847.7 -000121.5  19 43 27.2  105.178 21.975  20.58  40564 15.7
2010-02-10  16:50:00  08 29 37.1  +05 35 41  +000843.2 -000128.6  19 44 05.2  105.555 21.822  18.65  40639 15.7
2010-02-10  17:00:00  08 38 57.8  +05 13 41  +000838.9 -000135.5  19 44 46.2  105.954 21.661  16.86  40710 15.7
2010-02-10  17:10:00  08 48 15.7  +04 50 33  +000834.8 -000142.0  19 45 29.9  106.376 21.494  15.21  40778 15.6
2010-02-10  17:20:00  08 57 30.9  +04 26 21  +000830.8 -000148.3  19 46 16.4  106.818 21.320  13.78  40843 15.6
2010-02-10  17:30:00  09 06 43.5  +04 01 08  +000827.0 -000154.3  19 47 05.4  107.280 21.140  12.63  40906 15.6
2010-02-10  17:40:00  09 15 53.7  +03 34 56  +000823.4 -000160.0  19 47 56.9  107.761 20.952  11.84  40965 15.6
2010-02-10  17:50:00  09 25 01.5  +03 07 48  +000820.1 -000165.5  19 48 50.7  108.259 20.758  11.47  41020 15.6
2010-02-10  18:00:00  09 34 07.2  +02 39 47     <<SHADOW>>        19 49 46.7  108.774 20.558  11.57  41073 ----
2010-02-10  18:10:00  09 43 10.8  +02 10 55     <<SHADOW>>        19 50 44.7  109.305 20.351  12.12  41122 ----
2010-02-10  18:20:00  09 52 12.6  +01 41 16     <<SHADOW>>        19 51 44.5  109.849 20.138  13.06  41167 ----
2010-02-10  18:30:00  10 01 12.7  +01 10 52     <<SHADOW>>        19 52 46.1  110.406 19.918  14.32  41209 ----
2010-02-10  18:40:00  10 10 11.2  +00 39 45     <<SHADOW>>        19 53 49.2  110.975 19.691  15.81  41248 ----
2010-02-10  18:50:00  10 19 08.4  +00 07 59  +000804.9 -000192.5  19 54 53.6  111.555 19.458  17.48  41283 15.7
2010-02-10  19:00:00  10 28 04.5  -00 24 24  +000803.3 -000196.0  19 55 59.2  112.143 19.218  19.28  41315 15.7
2010-02-10  19:10:00  10 36 59.6  -00 57 21  +000802.0 -000199.3  19 57 05.8  112.740 18.972  21.18  41343 15.7
2010-02-10  19:20:00  10 45 53.9  -01 30 49  +000801.0 -000202.3  19 58 13.1  113.343 18.719  23.14  41368 15.7
2010-02-10  19:30:00  10 54 47.6  -02 04 46  +000800.2 -000205.0  19 59 21.0  113.952 18.459  25.17  41389 15.7
2010-02-10  19:40:00  11 03 40.9  -02 39 08  +000799.8 -000207.4  20 00 29.3  114.564 18.193  27.23  41406 15.8
2010-02-10  19:50:00  11 12 34.1  -03 13 53  +000799.7 -000209.6  20 01 37.8  115.180 17.920  29.33  41421 15.8
2010-02-10  20:00:00  11 21 27.2  -03 48 59  +000799.9 -000211.5  20 02 46.3  115.796 17.641  31.45  41431 15.8
2010-02-10  20:10:00  11 30 20.7  -04 24 21  +000800.4 -000213.0  20 03 54.5  116.413 17.355  33.61  41439 15.8
2010-02-10  20:20:00  11 39 14.5  -04 59 59  +000801.2 -000214.4  20 05 02.3  117.029 17.062  35.78  41443 15.8
2010-02-10  20:30:00  11 48 09.0  -05 35 48  +000802.4 -000215.4  20 06 09.4  117.642 16.763  37.97  41443 15.9
2010-02-10  20:40:00  11 57 04.4  -06 11 45  +000803.9 -000216.1  20 07 15.7  118.252 16.457  40.17  41441 15.9
2010-02-10  20:50:00  12 06 00.9  -06 47 48  +000805.7 -000216.5  20 08 20.8  118.856 16.145  42.39  41435 15.9
2010-02-10  21:00:00  12 14 58.7  -07 23 55  +000807.8 -000216.6  20 09 24.7  119.455 15.827  44.61  41425 15.9
2010-02-10  21:10:00  12 23 58.0  -08 00 00  +000810.2 -000216.5  20 10 27.0  120.045 15.503  46.85  41413 16.0
2010-02-10  21:20:00  12 32 59.1  -08 36 03  +000813.0 -000216.0  20 11 27.6  120.627 15.174  49.09  41397 16.0
2010-02-10  21:30:00  12 42 02.1  -09 11 58  +000816.1 -000215.2  20 12 26.3  121.198 14.839  51.36  41379 16.0
2010-02-10  21:40:00  12 51 07.2  -09 47 45  +000819.5 -000214.0  20 13 22.7  121.758 14.499  53.61  41357 16.1
2010-02-10  21:50:00  13 00 14.8  -10 23 18  +000823.2 -000212.6  20 14 16.8  122.306 14.153  55.90  41332 16.1
2010-02-10  22:00:00  13 09 24.9  -10 58 36  +000827.2 -000210.8  20 15 08.4  122.839 13.804  58.17  41304 16.1
2010-02-10  22:10:00  13 18 37.8  -11 33 33  +000831.6 -000208.7  20 15 57.1  123.358 13.450  60.48  41274 16.2
2010-02-10  22:20:00  13 27 53.7  -12 08 08  +000836.2 -000206.2  20 16 42.9  123.861 13.093  62.77  41240 16.2
2010-02-10  22:30:00  13 37 12.7  -12 42 17  +000841.1 -000203.4  20 17 25.5  124.347 12.733  65.09  41204 16.3
2010-02-10  22:40:00  13 46 35.2  -13 15 55  +000846.3 -000200.2  20 18 04.7  124.814 12.370  67.40  41165 16.3
2010-02-10  22:50:00  13 56 01.2  -13 49 00  +000851.7 -000196.7  20 18 40.3  125.262 12.005  69.74  41124 16.4
2010-02-10  23:00:00  14 05 30.9  -14 21 28  +000857.4 -000192.8  20 19 12.3  125.690 11.639  72.07  41080 16.4
2010-02-10  23:10:00  14 15 04.5  -14 53 16  +000863.4 -000188.5  20 19 40.3  126.096 11.271  74.42  41033 16.5
2010-02-10  23:20:00  14 24 42.1  -15 24 18  +000869.6 -000183.9  20 20 04.3  126.480 10.904  76.77  40984 16.5
2010-02-10  23:30:00  14 34 23.9  -15 54 32  +000875.9 -000178.9  20 20 24.2  126.841 10.537  79.15  40932 16.6
2010-02-10  23:40:00  14 44 10.0  -16 23 54  +000882.5 -000173.4  20 20 39.7  127.178 10.172  81.51  40879 16.6

   Date        UTC        RA         DECL      RARate   DeclRate    HourAng      Az     Um    Phase  Range  Mag
2010-02-11  16:20:00  08 38 00.5  +05 14 24  +000840.8 -000131.8  19 09 33.5   99.119 15.747  17.71  41284 15.7
2010-02-11  16:30:00  08 47 19.7  +04 51 53  +000836.7 -000138.3  19 10 16.0   99.519 15.593  15.96  41354 15.7
2010-02-11  16:40:00  08 56 36.1  +04 28 18  +000832.7 -000144.6  19 11 01.1   99.939 15.434  14.40  41420 15.7
2010-02-11  16:50:00  09 05 50.0  +04 03 42  +000828.9 -000150.6  19 11 48.9  100.379 15.269  13.08  41483 15.7
2010-02-11  17:00:00  09 15 01.4  +03 38 08  +000825.3 -000156.3  19 12 39.2  100.838 15.098  12.08  41544 15.7
2010-02-11  17:10:00  09 24 10.4  +03 11 37  +000821.9 -000161.8  19 13 31.7  101.315 14.921  11.46  41600 15.7
2010-02-11  17:20:00  09 33 17.3  +02 44 13  +000818.7 -000167.0  19 14 26.5  101.808 14.739  11.31  41653 15.7
2010-02-11  17:30:00  09 42 22.1  +02 15 59     <<SHADOW>>        19 15 23.3  102.317 14.552  11.63  41703 ----
2010-02-11  17:40:00  09 51 25.1  +01 46 57     <<SHADOW>>        19 16 22.0  102.840 14.358  12.37  41749 ----
2010-02-11  17:50:00  10 00 26.3  +01 17 09     <<SHADOW>>        19 17 22.5  103.377 14.160  13.49  41792 ----
2010-02-11  18:00:00  10 09 26.0  +00 46 40     <<SHADOW>>        19 18 24.4  103.925 13.956  14.87  41831 ----
2010-02-11  18:10:00  10 18 24.2  +00 15 31  +000806.5 -000188.8  19 19 27.8  104.485 13.746  16.47  41867 15.7
2010-02-11  18:20:00  10 27 21.3  -00 16 15  +000804.8 -000192.4  19 20 32.4  105.055 13.531  18.21  41899 15.7
2010-02-11  18:30:00  10 36 17.4  -00 48 36  +000803.4 -000195.7  19 21 37.9  105.633 13.310  20.07  41928 15.7
2010-02-11  18:40:00  10 45 12.6  -01 21 28  +000802.3 -000198.7  19 22 44.3  106.219 13.084  22.00  41952 15.7
2010-02-11  18:50:00  10 54 07.3  -01 54 49  +000801.6 -000201.4  19 23 51.4  106.811 12.852  24.01  41974 15.8
2010-02-11  19:00:00  11 03 01.4  -02 28 36  +000801.1 -000203.9  19 24 58.8  107.408 12.614  26.05  41991 15.8
2010-02-11  19:10:00  11 11 55.4  -03 02 46  +000800.9 -000206.1  19 26 06.5  108.009 12.370  28.15  42005 15.8
2010-02-11  19:20:00  11 20 49.3  -03 37 17  +000801.0 -000208.0  19 27 14.2  108.613 12.120  30.26  42016 15.8
2010-02-11  19:30:00  11 29 43.4  -04 12 06  +000801.4 -000209.7  19 28 21.8  109.218 11.865  32.41  42023 15.8
2010-02-11  19:40:00  11 38 37.9  -04 47 10  +000802.1 -000211.0  19 29 28.9  109.823 11.604  34.57  42027 15.9
2010-02-11  19:50:00  11 47 33.0  -05 22 26  +000803.2 -000212.1  19 30 35.5  110.427 11.337  36.76  42027 15.9
2010-02-11  20:00:00  11 56 28.9  -05 57 51  +000804.6 -000212.9  19 31 41.2  111.029 11.064  38.95  42024 15.9
2010-02-11  20:10:00  12 05 25.8  -06 33 23  +000806.3 -000213.4  19 32 45.9  111.627 10.785  41.17  42017 15.9
2010-02-11  20:20:00  12 14 24.0  -07 08 59  +000808.3 -000213.6  19 33 49.4  112.220 10.501  43.39  42007 16.0
2010-02-11  20:30:00  12 23 23.6  -07 44 35  +000810.6 -000213.5  19 34 51.5  112.807 10.211  45.63  41994 16.0
