ЭФЕМЕРИДЫ ПО ОБЪЕКТУ:  90104
Для пункта:  10016 Маяки   46 23'50.68"   30 16'17.74"    14m
C   2010-02-01 12:00
по  2010-02-16 12:00
Шаг  0:10:00
Мин.угол места:          10 град
Макс.угол места Солнца: -10 град
Стандартный блеск :      8.0 (зв.вел.)

ОБОЗНАЧЕНИЯ
RA        прямое восхождение, тек.эпоха
DECL      склонение, тек.эпоха
RARate    скорость по пр.восх., арксек/мин
DeclRate  скорость по склонению, арксек/мин
HourAng   часовой угол
Az        азимут
Um        угол места
Phase     фазовый угол
Range     дальность
Mag       зв.величина (оценка)

   Date        UTC        RA         DECL      RARate   DeclRate    HourAng      Az     Um    Phase  Range  Mag
2010-02-04  16:10:00  22 32 47.5  -02 59 28  +000885.7 +000108.7  04 37 09.0  252.654 11.876 156.35  40516 20.1
2010-02-04  16:20:00  22 42 38.0  -02 41 34  +000885.9 +000106.2  04 37 20.1  252.891 12.070 154.15  40502 19.8
2010-02-04  16:30:00  22 52 28.6  -02 24 05  +000886.1 +000103.6  04 37 31.1  253.123 12.259 151.91  40488 19.6
2010-02-04  16:40:00  23 02 19.5  -02 07 03  +000886.5 +000100.7  04 37 41.9  253.350 12.442 149.65  40473 19.3
2010-02-04  16:50:00  23 12 10.6  -01 50 31  +000886.9 +000097.6  04 37 52.4  253.570 12.620 147.35  40457 19.1
2010-02-04  17:00:00  23 22 02.1  -01 34 31  +000887.4 +000094.4  04 38 02.6  253.784 12.791 145.05  40441 18.9
2010-02-04  17:10:00  23 31 53.9  -01 19 03  +000888.0 +000091.0  04 38 12.4  253.990 12.957 142.72  40424 18.7
2010-02-04  17:20:00  23 41 46.1  -01 04 11  +000888.7 +000087.5  04 38 21.9  254.189 13.117 140.39  40406 18.5
2010-02-04  17:30:00  23 51 38.8  -00 49 55  +000889.4 +000083.7  04 38 30.8  254.380 13.270 138.04  40388 18.3
2010-02-04  17:40:00  00 01 31.9  -00 36 17  +000890.2 +000079.8  04 38 39.3  254.562 13.416 135.69  40369 18.1
2010-02-04  17:50:00  00 11 25.7  -00 23 18  +000891.0 +000075.8  04 38 47.2  254.736 13.555 133.32  40350 18.0
2010-02-04  18:00:00  00 21 20.0  -00 11 01  +000891.9 +000071.6  04 38 54.6  254.899 13.688 130.96  40330 17.8
2010-02-04  18:10:00  00 31 14.9  +00 00 33  +000892.9 +000067.3  04 39 01.3  255.053 13.813 128.57  40309 17.7
2010-02-04  18:20:00  00 41 10.4  +00 11 24  +000893.8 +000062.8  04 39 07.4  255.197 13.931 126.20  40288 17.5
2010-02-04  18:30:00  00 51 06.7  +00 21 29  +000894.8 +000058.2  04 39 12.8  255.330 14.041 123.81  40266 17.4
2010-02-04  18:40:00  01 01 03.6  +00 30 48  +000895.9 +000053.5  04 39 17.5  255.452 14.144 121.43  40244 17.3
2010-02-04  18:50:00  01 11 01.2  +00 39 19  +000897.0 +000048.7  04 39 21.5  255.562 14.238 119.03  40222 17.1
2010-02-04  19:00:00  01 20 59.5  +00 47 01  +000898.0 +000043.8  04 39 24.9  255.661 14.324 116.64  40199 17.0
2010-02-04  19:10:00  01 30 58.6  +00 53 53  +000899.2 +000038.7  04 39 27.4  255.749 14.402 114.23  40176 16.9
2010-02-04  19:20:00  01 40 58.4  +00 59 55  +000900.3 +000033.6  04 39 29.3  255.824 14.472 111.84  40153 16.8
2010-02-04  19:30:00  01 50 58.9  +01 05 05  +000901.4 +000028.4  04 39 30.4  255.887 14.533 109.43  40129 16.7
2010-02-04  19:40:00  02 01 00.2  +01 09 24  +000902.5 +000023.2  04 39 30.7  255.938 14.585 107.03  40105 16.6
2010-02-04  19:50:00  02 11 02.2  +01 12 49  +000903.6 +000017.8  04 39 30.3  255.976 14.629 104.61  40081 16.5
2010-02-04  20:00:00  02 21 05.0  +01 15 20  +000904.7 +000012.5  04 39 29.2  256.001 14.663 102.21  40057 16.4
2010-02-04  20:10:00  02 31 08.5  +01 16 58  +000905.8 +000007.1  04 39 27.3  256.014 14.689  99.80  40033 16.3
2010-02-04  20:20:00  02 41 12.8  +01 17 41  +000906.9 +000001.6  04 39 24.8  256.014 14.705  97.39  40009 16.2
2010-02-04  20:30:00  02 51 17.7  +01 17 30  +000907.9 -000003.9  04 39 21.5  256.001 14.712  94.98  39985 16.2
2010-02-04  20:40:00  03 01 23.3  +01 16 24  +000909.0 -000009.3  04 39 17.5  255.976 14.709  92.57  39961 16.1
2010-02-04  20:50:00  03 11 29.7  +01 14 23  +000910.0 -000014.8  04 39 12.8  255.938 14.697  90.15  39937 16.0
2010-02-04  21:00:00  03 21 36.7  +01 11 28  +000911.0 -000020.3  04 39 07.4  255.887 14.676  87.75  39914 15.9
2010-02-04  21:10:00  03 31 44.3  +01 07 38  +000912.0 -000025.7  04 39 01.4  255.823 14.645  85.34  39891 15.9
2010-02-04  21:20:00  03 41 52.6  +01 02 53  +000912.9 -000031.2  04 38 54.8  255.748 14.605  82.94  39868 15.8
2010-02-04  21:30:00  03 52 01.5  +00 57 15  +000913.8 -000036.5  04 38 47.5  255.659 14.555  80.52  39845 15.7
2010-02-04  21:40:00  04 02 11.0  +00 50 42  +000914.7 -000041.9  04 38 39.6  255.559 14.496  78.13  39823 15.7
2010-02-04  21:50:00  04 12 21.1  +00 43 17  +000915.6 -000047.1  04 38 31.2  255.447 14.428  75.72  39801 15.6
2010-02-04  22:00:00  04 22 31.8  +00 35 00  +000916.4 -000052.3  04 38 22.2  255.323 14.350  73.34  39780 15.6
2010-02-04  22:10:00  04 32 43.0  +00 25 51  +000917.2 -000057.4  04 38 12.6  255.187 14.263  70.94  39759 15.5
2010-02-04  22:20:00  04 42 54.7  +00 15 52  +000918.0 -000062.4  04 38 02.5  255.040 14.167  68.57  39739 15.5
2010-02-04  22:30:00  04 53 06.9  +00 05 04  +000918.7 -000067.3  04 37 51.9  254.883 14.062  66.18  39719 15.4
2010-02-04  22:40:00  05 03 19.7  -00 06 34  +000919.5 -000072.1  04 37 40.9  254.714 13.948  63.82  39701 15.4
2010-02-04  22:50:00  05 13 32.9  -00 18 58  +000920.2 -000076.7  04 37 29.3  254.536 13.826  61.46  39682 15.3
2010-02-04  23:00:00  05 23 46.6  -00 32 08  +000920.9 -000081.2  04 37 17.2  254.347 13.695  59.12  39665 15.3
2010-02-04  23:10:00  05 34 00.7  -00 46 02  +000921.6 -000085.6  04 37 04.7  254.148 13.556  56.79  39649 15.2
2010-02-04  23:20:00  05 44 15.3  -01 00 39  +000922.3 -000089.8  04 36 51.7  253.941 13.410  54.48  39633 15.2
2010-02-04  23:30:00  05 54 30.4  -01 15 58  +000922.9 -000093.8  04 36 38.3  253.724 13.256  52.18  39618 15.2
2010-02-04  23:40:00  06 04 45.9  -01 31 55  +000923.6 -000097.7  04 36 24.5  253.499 13.094  49.92  39604 15.1
2010-02-04  23:50:00  06 15 01.9  -01 48 31  +000924.3 -000101.3  04 36 10.1  253.265 12.926  47.67  39591 15.1
2010-02-05  00:00:00  06 25 18.3  -02 05 42  +000924.9 -000104.8  04 35 55.4  253.024 12.752  45.46  39579 15.1
2010-02-05  00:10:00  06 35 35.1  -02 23 26  +000925.6 -000108.1  04 35 40.2  252.775 12.571  43.27  39568 15.0
2010-02-05  00:20:00  06 45 52.4  -02 41 43  +000926.3 -000111.1  04 35 24.5  252.519 12.385  41.14  39558 15.0
2010-02-05  00:30:00  06 56 10.1  -03 00 28  +000927.0 -000114.0  04 35 08.4  252.257 12.194  39.05  39549 15.0
2010-02-05  00:40:00  07 06 28.3  -03 19 41  +000927.7 -000116.6  04 34 51.9  251.989 11.998  37.03  39541 15.0
2010-02-05  00:50:00  07 16 47.0  -03 39 19  +000928.4 -000119.0  04 34 34.8  251.715 11.798  35.07  39534 14.9
2010-02-05  01:00:00  07 27 06.2  -03 59 20  +000929.1 -000121.1  04 34 17.3  251.435 11.594  33.20  39528 14.9
2010-02-05  01:10:00  07 37 25.9  -04 19 40  +000929.9 -000123.0  04 33 59.3  251.151 11.386  31.42  39524 14.9
2010-02-05  01:20:00  07 47 46.1  -04 40 18  +000930.7 -000124.6  04 33 40.7  250.862 11.177  29.77  39520 14.9
2010-02-05  01:30:00  07 58 06.8  -05 01 12  +000931.5 -000126.0  04 33 21.7  250.569 10.965  28.24  39517 14.9
2010-02-05  01:40:00  08 08 28.0  -05 22 18  +000932.3 -000127.1  04 33 02.1  250.273 10.751  26.88  39515 14.9
2010-02-05  01:50:00  08 18 49.8  -05 43 34  +000933.2 -000128.0  04 32 41.9  249.973 10.537  25.71  39514 14.8
2010-02-05  02:00:00  08 29 12.2  -06 04 57  +000934.0 -000128.6  04 32 21.1  249.671 10.322  24.75  39515 14.8
2010-02-05  02:10:00  08 39 35.2  -06 26 25  +000934.9 -000128.9  04 31 59.8  249.366 10.108  24.04  39516 14.8

   Date        UTC        RA         DECL      RARate   DeclRate    HourAng      Az     Um    Phase  Range  Mag
2010-02-05  16:10:00  23 04 40.1  -02 06 39  +000886.3 +000101.5  04 09 12.9  247.764 17.077 150.11  39993 19.4
2010-02-05  16:20:00  23 14 31.2  -01 49 60  +000886.8 +000098.4  04 09 23.5  247.985 17.262 147.82  39977 19.1
2010-02-05  16:30:00  23 24 22.5  -01 33 51  +000887.3 +000095.2  04 09 33.7  248.200 17.441 145.50  39960 18.9
2010-02-05  16:40:00  23 34 14.3  -01 18 17  +000887.9 +000091.7  04 09 43.6  248.407 17.614 143.18  39943 18.7
2010-02-05  16:50:00  23 44 06.5  -01 03 18  +000888.6 +000088.1  04 09 53.1  248.607 17.780 140.84  39925 18.5
2010-02-05  17:00:00  23 53 59.1  -00 48 56  +000889.4 +000084.3  04 10 02.1  248.799 17.940 138.49  39907 18.3
2010-02-05  17:10:00  00 03 52.3  -00 35 13  +000890.2 +000080.3  04 10 10.5  248.982 18.092 136.13  39887 18.1
2010-02-05  17:20:00  00 13 46.1  -00 22 10  +000891.0 +000076.2  04 10 18.4  249.156 18.237 133.77  39868 18.0
2010-02-05  17:30:00  00 23 40.4  -00 09 49  +000892.0 +000072.0  04 10 25.7  249.320 18.375 131.39  39847 17.8
2010-02-05  17:40:00  00 33 35.4  +00 01 49  +000892.9 +000067.6  04 10 32.4  249.475 18.505 129.02  39826 17.7
2010-02-05  17:50:00  00 43 31.0  +00 12 42  +000893.9 +000063.0  04 10 38.5  249.619 18.627 126.63  39805 17.5
2010-02-05  18:00:00  00 53 27.3  +00 22 49  +000895.0 +000058.4  04 10 43.8  249.752 18.741 124.24  39783 17.4
2010-02-05  18:10:00  01 03 24.2  +00 32 09  +000896.0 +000053.6  04 10 48.5  249.874 18.847 121.84  39761 17.3
2010-02-05  18:20:00  01 13 21.9  +00 40 40  +000897.1 +000048.7  04 10 52.4  249.984 18.945 119.46  39739 17.1
2010-02-05  18:30:00  01 23 20.4  +00 48 23  +000898.2 +000043.7  04 10 55.6  250.083 19.034 117.05  39716 17.0
2010-02-05  18:40:00  01 33 19.6  +00 55 14  +000899.3 +000038.6  04 10 58.1  250.170 19.114 114.65  39693 16.9
2010-02-05  18:50:00  01 43 19.5  +01 01 14  +000900.5 +000033.4  04 10 59.8  250.244 19.186 112.24  39669 16.8
2010-02-05  19:00:00  01 53 20.2  +01 06 22  +000901.6 +000028.2  04 11 00.7  250.306 19.248 109.84  39646 16.7
2010-02-05  19:10:00  02 03 21.6  +01 10 38  +000902.7 +000022.8  04 11 00.9  250.356 19.302 107.43  39622 16.6
2010-02-05  19:20:00  02 13 23.8  +01 13 59  +000903.9 +000017.4  04 11 00.4  250.392 19.346 105.02  39598 16.5
2010-02-05  19:30:00  02 23 26.8  +01 16 26  +000905.0 +000012.0  04 10 59.1  250.416 19.380 102.60  39574 16.4
2010-02-05  19:40:00  02 33 30.5  +01 17 59  +000906.1 +000006.5  04 10 57.0  250.427 19.405 100.20  39550 16.3
2010-02-05  19:50:00  02 43 34.9  +01 18 36  +000907.2 +000001.0  04 10 54.3  250.425 19.421  97.78  39526 16.2
2010-02-05  20:00:00  02 53 40.0  +01 18 19  +000908.2 -000004.5  04 10 50.8  250.410 19.427  95.37  39502 16.2
2010-02-05  20:10:00  03 03 45.9  +01 17 06  +000909.3 -000010.1  04 10 46.6  250.382 19.422  92.95  39478 16.1
2010-02-05  20:20:00  03 13 52.4  +01 14 57  +000910.3 -000015.6  04 10 41.7  250.341 19.409  90.54  39454 16.0
2010-02-05  20:30:00  03 23 59.6  +01 11 53  +000911.3 -000021.2  04 10 36.1  250.287 19.385  88.12  39430 15.9
2010-02-05  20:40:00  03 34 07.5  +01 07 54  +000912.3 -000026.7  04 10 29.9  250.220 19.351  85.71  39407 15.9
2010-02-05  20:50:00  03 44 16.0  +01 02 59  +000913.3 -000032.2  04 10 23.0  250.141 19.307  83.30  39384 15.8
2010-02-05  21:00:00  03 54 25.1  +00 57 10  +000914.2 -000037.6  04 10 15.5  250.049 19.254  80.89  39362 15.7
2010-02-05  21:10:00  04 04 34.9  +00 50 27  +000915.1 -000043.0  04 10 07.4  249.945 19.191  78.48  39340 15.7
2010-02-05  21:20:00  04 14 45.2  +00 42 51  +000915.9 -000048.3  04 09 58.7  249.829 19.117  76.08  39318 15.6
2010-02-05  21:30:00  04 24 56.1  +00 34 21  +000916.8 -000053.5  04 09 49.5  249.701 19.034  73.68  39297 15.5
2010-02-05  21:40:00  04 35 07.6  +00 25 00  +000917.6 -000058.7  04 09 39.6  249.561 18.942  71.29  39277 15.5
2010-02-05  21:50:00  04 45 19.5  +00 14 48  +000918.4 -000063.8  04 09 29.3  249.410 18.840  68.90  39257 15.4
2010-02-05  22:00:00  04 55 32.0  +00 03 46  +000919.1 -000068.7  04 09 18.5  249.248 18.729  66.52  39237 15.4
2010-02-05  22:10:00  05 05 45.0  -00 08 06  +000919.9 -000073.5  04 09 07.1  249.076 18.608  64.14  39219 15.3
2010-02-05  22:20:00  05 15 58.5  -00 20 44  +000920.6 -000078.2  04 08 55.3  248.893 18.478  61.79  39201 15.3
2010-02-05  22:30:00  05 26 12.5  -00 34 09  +000921.3 -000082.7  04 08 42.9  248.700 18.340  59.43  39184 15.3
2010-02-05  22:40:00  05 36 26.9  -00 48 19  +000922.0 -000087.1  04 08 30.1  248.497 18.194  57.10  39168 15.2
2010-02-05  22:50:00  05 46 41.8  -01 03 11  +000922.7 -000091.4  04 08 16.9  248.285 18.039  54.77  39153 15.2
2010-02-05  23:00:00  05 56 57.2  -01 18 46  +000923.4 -000095.4  04 08 03.2  248.065 17.876  52.48  39138 15.1
2010-02-05  23:10:00  06 07 13.0  -01 34 59  +000924.0 -000099.3  04 07 49.0  247.835 17.706  50.19  39125 15.1
2010-02-05  23:20:00  06 17 29.2  -01 51 51  +000924.7 -000103.0  04 07 34.4  247.598 17.528  47.94  39112 15.1
2010-02-05  23:30:00  06 27 45.9  -02 09 19  +000925.4 -000106.5  04 07 19.4  247.353 17.344  45.71  39101 15.0
2010-02-05  23:40:00  06 38 03.0  -02 27 20  +000926.1 -000109.8  04 07 03.9  247.101 17.153  43.53  39090 15.0
2010-02-05  23:50:00  06 48 20.6  -02 45 53  +000926.7 -000112.8  04 06 47.9  246.842 16.957  41.38  39081 15.0
2010-02-06  00:00:00  06 58 38.7  -03 04 56  +000927.4 -000115.7  04 06 31.5  246.576 16.755  39.28  39072 14.9
2010-02-06  00:10:00  07 08 57.2  -03 24 26  +000928.2 -000118.3  04 06 14.6  246.305 16.548  37.24  39065 14.9
2010-02-06  00:20:00  07 19 16.3  -03 44 20  +000928.9 -000120.6  04 05 57.2  246.028 16.336  35.27  39058 14.9
2010-02-06  00:30:00  07 29 35.8  -04 04 38  +000929.6 -000122.8  04 05 39.4  245.745 16.121  33.37  39053 14.9
2010-02-06  00:40:00  07 39 55.8  -04 25 15  +000930.4 -000124.7  04 05 21.0  245.458 15.902  31.58  39049 14.9
2010-02-06  00:50:00  07 50 16.3  -04 46 10  +000931.2 -000126.3  04 05 02.1  245.167 15.680  29.89  39046 14.9
2010-02-06  01:00:00  08 00 37.4  -05 07 20  +000932.0 -000127.6  04 04 42.7  244.872 15.456  28.34  39044 14.8
2010-02-06  01:10:00  08 10 59.0  -05 28 42  +000932.9 -000128.8  04 04 22.7  244.574 15.230  26.95  39043 14.8
2010-02-06  01:20:00  08 21 21.2  -05 50 14  +000933.7 -000129.6  04 04 02.2  244.273 15.003  25.75  39043 14.8
2010-02-06  01:30:00  08 31 43.9  -06 11 53  +000934.6 -000130.2  04 03 41.1  243.969 14.776  24.75  39044 14.8
2010-02-06  01:40:00  08 42 07.3  -06 33 36  +000935.5 -000130.5  04 03 19.3  243.663 14.549  24.00  39046 14.8
2010-02-06  01:50:00  08 52 31.3  -06 55 21  +000936.5 -000130.5  04 02 57.0  243.356 14.322  23.51  39049 14.8
2010-02-06  02:00:00  09 02 55.9  -07 17 05  +000937.4 -000130.2  04 02 34.0  243.047 14.097  23.29  39053 14.8
2010-02-06  02:10:00  09 13 21.2  -07 38 45  +000938.4 -000129.7  04 02 10.3  242.738 13.874  23.37  39058 14.8
2010-02-06  02:20:00  09 23 47.2  -08 00 19  +000939.4 -000128.9  04 01 46.0  242.428 13.653  23.72  39064 14.8
2010-02-06  02:30:00  09 34 13.8  -08 21 43  +000940.4 -000127.9  04 01 21.1  242.118 13.436  24.36  39071 14.8
2010-02-06  02:40:00  09 44 41.1  -08 42 55  +000941.5 -000126.5  04 00 55.4  241.809 13.223  25.24  39079 14.8
2010-02-06  02:50:00  09 55 09.1  -09 03 53  +000942.5 -000124.9  04 00 29.1  241.501 13.014  26.35  39087 14.8
2010-02-06  03:00:00  10 05 37.8  -09 24 33  +000943.6 -000123.0  04 00 02.0  241.194 12.810  27.65  39097 14.8
2010-02-06  03:10:00  10 16 07.2  -09 44 53  +000944.6 -000120.9  03 59 34.2  240.889 12.612  29.13  39107 14.8
2010-02-06  03:20:00  10 26 37.3  -10 04 50  +000945.7 -000118.5  03 59 05.8  240.586 12.420  30.75  39118 14.9
2010-02-06  03:30:00  10 37 08.0  -10 24 22  +000946.7 -000115.8  03 58 36.7  240.286 12.234  32.51  39129 14.9
2010-02-06  03:40:00  10 47 39.5  -10 43 26  +000947.7 -000112.9  03 58 06.8  239.989 12.056  34.36  39142 14.9
2010-02-06  03:50:00  10 58 11.6  -11 02 00  +000948.7 -000109.8  03 57 36.3  239.696 11.886  36.31  39154 14.9
2010-02-06  04:00:00  11 08 44.4  -11 20 02  +000949.7 -000106.4  03 57 05.2  239.406 11.725  38.33  39168 14.9
2010-02-06  04:10:00  11 19 17.9  -11 37 28  +000950.6 -000102.8  03 56 33.4  239.121 11.572  40.42  39181 15.0
2010-02-06  04:20:00  11 29 51.9  -11 54 17  +000951.5 -000099.0  03 56 01.0  238.841 11.428  42.55  39196 15.0

   Date        UTC        RA         DECL      RARate   DeclRate    HourAng      Az     Um    Phase  Range  Mag
2010-02-06  16:10:00  23 36 55.7  -01 17 28  +000887.9 +000092.3  03 40 53.8  242.446 22.144 143.55  39492 18.7
2010-02-06  16:20:00  23 46 47.9  -01 02 23  +000888.6 +000088.6  03 41 03.3  242.646 22.319 141.22  39474 18.5
2010-02-06  16:30:00  23 56 40.6  -00 47 56  +000889.4 +000084.8  03 41 12.3  242.838 22.486 138.85  39455 18.3
2010-02-06  16:40:00  00 06 33.8  -00 34 08  +000890.2 +000080.8  03 41 20.7  243.021 22.646 136.50  39436 18.1
2010-02-06  16:50:00  00 16 27.5  -00 21 02  +000891.1 +000076.6  03 41 28.6  243.195 22.798 134.12  39416 18.0
2010-02-06  17:00:00  00 26 21.9  -00 08 37  +000892.0 +000072.3  03 41 35.9  243.359 22.942 131.75  39395 17.8
2010-02-06  17:10:00  00 36 16.9  +00 03 04  +000893.0 +000067.8  03 41 42.5  243.513 23.078 129.36  39374 17.7
2010-02-06  17:20:00  00 46 12.6  +00 13 59  +000894.0 +000063.2  03 41 48.5  243.656 23.206 126.98  39353 17.5
2010-02-06  17:30:00  00 56 09.0  +00 24 07  +000895.1 +000058.5  03 41 53.7  243.789 23.326 124.58  39331 17.4
2010-02-06  17:40:00  01 06 06.1  +00 33 28  +000896.2 +000053.6  03 41 58.3  243.910 23.436 122.19  39308 17.2
2010-02-06  17:50:00  01 16 03.9  +00 41 60  +000897.3 +000048.7  03 42 02.1  244.020 23.538 119.79  39286 17.1
2010-02-06  18:00:00  01 26 02.4  +00 49 42  +000898.4 +000043.6  03 42 05.2  244.118 23.630 117.39  39263 17.0
2010-02-06  18:10:00  01 36 01.8  +00 56 32  +000899.5 +000038.5  03 42 07.5  244.203 23.714 114.98  39239 16.9
2010-02-06  18:20:00  01 46 01.8  +01 02 30  +000900.7 +000033.2  03 42 09.1  244.276 23.788 112.58  39216 16.8
2010-02-06  18:30:00  01 56 02.7  +01 07 36  +000901.8 +000027.9  03 42 09.9  244.337 23.852 110.16  39192 16.7
2010-02-06  18:40:00  02 06 04.3  +01 11 48  +000903.0 +000022.5  03 42 09.9  244.385 23.907 107.75  39168 16.6
2010-02-06  18:50:00  02 16 06.6  +01 15 05  +000904.1 +000017.0  03 42 09.2  244.419 23.952 105.33  39144 16.5
2010-02-06  19:00:00  02 26 09.8  +01 17 28  +000905.3 +000011.5  03 42 07.7  244.441 23.987 102.92  39120 16.4
2010-02-06  19:10:00  02 36 13.6  +01 18 55  +000906.4 +000006.0  03 42 05.5  244.450 24.011 100.50  39096 16.3
2010-02-06  19:20:00  02 46 18.3  +01 19 27  +000907.5 +000000.4  03 42 02.5  244.445 24.026  98.09  39072 16.2
2010-02-06  19:30:00  02 56 23.6  +01 19 03  +000908.6 -000005.2  03 41 58.8  244.427 24.030  95.66  39048 16.1
2010-02-06  19:40:00  03 06 29.7  +01 17 42  +000909.6 -000010.8  03 41 54.4  244.396 24.024  93.25  39024 16.1
2010-02-06  19:50:00  03 16 36.4  +01 15 26  +000910.7 -000016.5  03 41 49.3  244.352 24.008  90.83  39001 16.0
2010-02-06  20:00:00  03 26 43.9  +01 12 13  +000911.7 -000022.0  03 41 43.5  244.295 23.981  88.42  38977 15.9
2010-02-06  20:10:00  03 36 52.0  +01 08 05  +000912.6 -000027.6  03 41 37.0  244.225 23.944  85.99  38954 15.8
2010-02-06  20:20:00  03 47 00.7  +01 03 01  +000913.6 -000033.2  03 41 29.9  244.142 23.896  83.58  38932 15.8
2010-02-06  20:30:00  03 57 10.1  +00 57 02  +000914.5 -000038.7  03 41 22.2  244.047 23.838  81.16  38909 15.7
2010-02-06  20:40:00  04 07 20.1  +00 50 08  +000915.4 -000044.1  03 41 13.8  243.939 23.769  78.76  38887 15.6
2010-02-06  20:50:00  04 17 30.7  +00 42 20  +000916.3 -000049.5  03 41 04.9  243.819 23.690  76.34  38866 15.6
2010-02-06  21:00:00  04 27 41.8  +00 33 39  +000917.1 -000054.8  03 40 55.4  243.688 23.601  73.95  38845 15.5
2010-02-06  21:10:00  04 37 53.5  +00 24 05  +000918.0 -000060.0  03 40 45.3  243.544 23.501  71.54  38825 15.5
2010-02-06  21:20:00  04 48 05.8  +00 13 40  +000918.8 -000065.1  03 40 34.7  243.390 23.392  69.15  38805 15.4
2010-02-06  21:30:00  04 58 18.5  +00 02 24  +000919.5 -000070.0  03 40 23.6  243.224 23.273  66.76  38786 15.4
2010-02-06  21:40:00  05 08 31.8  -00 09 40  +000920.3 -000074.9  03 40 12.0  243.048 23.144  64.39  38768 15.3
2010-02-06  21:50:00  05 18 45.5  -00 22 33  +000921.0 -000079.6  03 39 59.9  242.861 23.005  62.02  38750 15.3
2010-02-06  22:00:00  05 28 59.8  -00 36 13  +000921.7 -000084.2  03 39 47.3  242.665 22.858  59.67  38734 15.2
2010-02-06  22:10:00  05 39 14.5  -00 50 37  +000922.4 -000088.6  03 39 34.2  242.458 22.701  57.32  38718 15.2
2010-02-06  22:20:00  05 49 29.7  -01 05 45  +000923.1 -000092.9  03 39 20.7  242.243 22.536  54.99  38703 15.1
2010-02-06  22:30:00  05 59 45.3  -01 21 34  +000923.8 -000097.0  03 39 06.7  242.019 22.362  52.68  38689 15.1
2010-02-06  22:40:00  06 10 01.4  -01 38 04  +000924.5 -000100.9  03 38 52.2  241.787 22.181  50.40  38676 15.1
2010-02-06  22:50:00  06 20 18.0  -01 55 11  +000925.2 -000104.6  03 38 37.3  241.546 21.992  48.13  38664 15.0
2010-02-06  23:00:00  06 30 35.0  -02 12 55  +000925.8 -000108.1  03 38 22.0  241.299 21.796  45.90  38653 15.0
2010-02-06  23:10:00  06 40 52.4  -02 31 12  +000926.5 -000111.4  03 38 06.1  241.044 21.593  43.69  38643 15.0
2010-02-06  23:20:00  06 51 10.3  -02 50 01  +000927.2 -000114.4  03 37 49.9  240.782 21.383  41.54  38634 15.0
2010-02-06  23:30:00  07 01 28.7  -03 09 20  +000927.9 -000117.3  03 37 33.1  240.515 21.168  39.42  38626 14.9
2010-02-06  23:40:00  07 11 47.6  -03 29 06  +000928.7 -000119.9  03 37 15.9  240.241 20.948  37.37  38620 14.9
2010-02-06  23:50:00  07 22 06.9  -03 49 17  +000929.4 -000122.3  03 36 58.2  239.963 20.723  35.38  38614 14.9
2010-02-07  00:00:00  07 32 26.8  -04 09 51  +000930.2 -000124.4  03 36 40.0  239.679 20.493  33.47  38609 14.9
2010-02-07  00:10:00  07 42 47.1  -04 30 44  +000930.9 -000126.2  03 36 21.3  239.391 20.260  31.65  38606 14.8
2010-02-07  00:20:00  07 53 08.0  -04 51 55  +000931.7 -000127.9  03 36 02.0  239.099 20.024  29.95  38604 14.8
2010-02-07  00:30:00  08 03 29.4  -05 13 20  +000932.6 -000129.2  03 35 42.2  238.804 19.785  28.38  38602 14.8
2010-02-07  00:40:00  08 13 51.4  -05 34 58  +000933.4 -000130.3  03 35 21.9  238.505 19.544  26.96  38602 14.8
2010-02-07  00:50:00  08 24 14.0  -05 56 45  +000934.3 -000131.1  03 35 01.0  238.203 19.302  25.73  38603 14.8
2010-02-07  01:00:00  08 34 37.2  -06 18 39  +000935.2 -000131.6  03 34 39.5  237.900 19.060  24.71  38605 14.8
2010-02-07  01:10:00  08 45 00.9  -06 40 37  +000936.1 -000131.9  03 34 17.3  237.594 18.817  23.92  38608 14.8
2010-02-07  01:20:00  08 55 25.3  -07 02 36  +000937.1 -000131.9  03 33 54.6  237.287 18.575  23.40  38612 14.8
2010-02-07  01:30:00  09 05 50.4  -07 24 34  +000938.1 -000131.6  03 33 31.2  236.979 18.334  23.16  38617 14.8
2010-02-07  01:40:00  09 16 16.1  -07 46 28  +000939.1 -000131.0  03 33 07.1  236.670 18.096  23.21  38623 14.8
2010-02-07  01:50:00  09 26 42.5  -08 08 14  +000940.1 -000130.2  03 32 42.4  236.361 17.859  23.54  38630 14.8
2010-02-07  02:00:00  09 37 09.5  -08 29 51  +000941.1 -000129.1  03 32 16.9  236.052 17.627  24.15  38638 14.8
2010-02-07  02:10:00  09 47 37.3  -08 51 15  +000942.2 -000127.7  03 31 50.8  235.744 17.398  25.02  38647 14.8
2010-02-07  02:20:00  09 58 05.7  -09 12 24  +000943.2 -000126.0  03 31 24.0  235.437 17.173  26.11  38657 14.8
2010-02-07  02:30:00  10 08 34.9  -09 33 15  +000944.3 -000124.1  03 30 56.5  235.131 16.954  27.41  38667 14.8
2010-02-07  02:40:00  10 19 04.7  -09 53 45  +000945.3 -000121.9  03 30 28.3  234.828 16.740  28.88  38679 14.8
2010-02-07  02:50:00  10 29 35.3  -10 13 52  +000946.4 -000119.4  03 29 59.4  234.526 16.533  30.51  38691 14.8
2010-02-07  03:00:00  10 40 06.6  -10 33 33  +000947.4 -000116.7  03 29 29.8  234.227 16.332  32.25  38704 14.9
2010-02-07  03:10:00  10 50 38.5  -10 52 45  +000948.4 -000113.7  03 28 59.5  233.931 16.139  34.11  38717 14.9
2010-02-07  03:20:00  11 01 11.1  -11 11 27  +000949.4 -000110.5  03 28 28.5  233.639 15.955  36.05  38731 14.9
2010-02-07  03:30:00  11 11 44.4  -11 29 35  +000950.4 -000107.1  03 27 56.8  233.351 15.778  38.07  38745 14.9
2010-02-07  03:40:00  11 22 18.3  -11 47 07  +000951.3 -000103.4  03 27 24.6  233.066 15.611  40.15  38761 14.9
2010-02-07  03:50:00  11 32 52.8  -12 04 02  +000952.2 -000099.5  03 26 51.7  232.787 15.454  42.30  38776 15.0
2010-02-07  04:00:00  11 43 27.9  -12 20 16  +000953.0 -000095.3  03 26 18.3  232.512 15.306  44.47  38792 15.0
2010-02-07  04:10:00  11 54 03.5  -12 35 48  +000953.8 -000091.0  03 25 44.3  232.244 15.169  46.70  38808 15.0

   Date        UTC        RA         DECL      RARate   DeclRate    HourAng      Az     Um    Phase  Range  Mag
2010-02-07  16:10:00  00 09 35.4  -00 33 03  +000890.3 +000081.1  03 12 10.7  236.579 27.006 136.77  39022 18.1
2010-02-07  16:20:00  00 19 29.2  -00 19 53  +000891.2 +000076.9  03 12 18.5  236.751 27.167 134.41  39001 18.0
2010-02-07  16:30:00  00 29 23.7  -00 07 25  +000892.1 +000072.5  03 12 25.7  236.913 27.319 132.02  38981 17.8
2010-02-07  16:40:00  00 39 18.8  +00 04 17  +000893.1 +000068.0  03 12 32.3  237.065 27.462 129.64  38959 17.7
2010-02-07  16:50:00  00 49 14.5  +00 15 14  +000894.2 +000063.3  03 12 38.1  237.207 27.597 127.24  38938 17.5
2010-02-07  17:00:00  00 59 11.0  +00 25 24  +000895.3 +000058.6  03 12 43.3  237.338 27.722 124.85  38916 17.4
2010-02-07  17:10:00  01 09 08.2  +00 34 45  +000896.4 +000053.6  03 12 47.8  237.457 27.838 122.44  38893 17.2
2010-02-07  17:20:00  01 19 06.2  +00 43 16  +000897.5 +000048.6  03 12 51.4  237.565 27.945 120.05  38870 17.1
2010-02-07  17:30:00  01 29 04.9  +00 50 57  +000898.6 +000043.5  03 12 54.4  237.660 28.042 117.63  38847 17.0
2010-02-07  17:40:00  01 39 04.3  +00 57 46  +000899.8 +000038.3  03 12 56.6  237.744 28.129 115.23  38824 16.9
2010-02-07  17:50:00  01 49 04.6  +01 03 42  +000900.9 +000032.9  03 12 58.0  237.815 28.206 112.81  38800 16.8
2010-02-07  18:00:00  01 59 05.6  +01 08 44  +000902.1 +000027.6  03 12 58.6  237.873 28.272 110.40  38776 16.7
2010-02-07  18:10:00  02 09 07.3  +01 12 53  +000903.3 +000022.1  03 12 58.5  237.918 28.329 107.98  38753 16.6
2010-02-07  18:20:00  02 19 09.9  +01 16 06  +000904.4 +000016.6  03 12 57.6  237.950 28.375 105.57  38729 16.5
2010-02-07  18:30:00  02 29 13.2  +01 18 24  +000905.6 +000011.0  03 12 55.9  237.969 28.410 103.14  38704 16.4
2010-02-07  18:40:00  02 39 17.3  +01 19 46  +000906.7 +000005.4  03 12 53.5  237.975 28.434 100.73  38680 16.3
2010-02-07  18:50:00  02 49 22.1  +01 20 11  +000907.8 -000000.3  03 12 50.3  237.967 28.448  98.30  38656 16.2
2010-02-07  19:00:00  02 59 27.7  +01 19 40  +000908.9 -000005.9  03 12 46.4  237.947 28.450  95.89  38633 16.1
2010-02-07  19:10:00  03 09 34.0  +01 18 13  +000910.0 -000011.6  03 12 41.7  237.913 28.442  93.46  38609 16.0
2010-02-07  19:20:00  03 19 40.9  +01 15 49  +000911.0 -000017.3  03 12 36.4  237.865 28.422  91.04  38585 16.0
2010-02-07  19:30:00  03 29 48.6  +01 12 28  +000912.0 -000022.9  03 12 30.4  237.805 28.392  88.61  38562 15.9
2010-02-07  19:40:00  03 39 57.0  +01 08 10  +000913.0 -000028.6  03 12 23.7  237.732 28.350  86.20  38539 15.8
2010-02-07  19:50:00  03 50 05.9  +01 02 57  +000914.0 -000034.1  03 12 16.3  237.646 28.297  83.77  38517 15.8
2010-02-07  20:00:00  04 00 15.6  +00 56 47  +000914.9 -000039.7  03 12 08.3  237.548 28.233  81.36  38494 15.7
2010-02-07  20:10:00  04 10 25.8  +00 49 43  +000915.8 -000045.2  03 11 59.7  237.437 28.158  78.94  38473 15.6
2010-02-07  20:20:00  04 20 36.6  +00 41 44  +000916.7 -000050.6  03 11 50.5  237.314 28.072  76.53  38452 15.6
2010-02-07  20:30:00  04 30 48.0  +00 32 51  +000917.5 -000055.9  03 11 40.8  237.179 27.975  74.12  38431 15.5
2010-02-07  20:40:00  04 40 60.0  +00 23 05  +000918.4 -000061.2  03 11 30.5  237.033 27.867  71.72  38411 15.5
2010-02-07  20:50:00  04 51 12.5  +00 12 28  +000919.2 -000066.3  03 11 19.6  236.875 27.749  69.32  38392 15.4
2010-02-07  21:00:00  05 01 25.5  +00 00 59  +000919.9 -000071.3  03 11 08.2  236.707 27.620  66.93  38373 15.3
2010-02-07  21:10:00  05 11 39.1  -00 11 19  +000920.7 -000076.2  03 10 56.3  236.528 27.481  64.54  38355 15.3
2010-02-07  21:20:00  05 21 53.1  -00 24 25  +000921.4 -000081.0  03 10 43.9  236.339 27.332  62.17  38338 15.3
2010-02-07  21:30:00  05 32 07.6  -00 38 18  +000922.1 -000085.6  03 10 31.1  236.140 27.173  59.80  38322 15.2
2010-02-07  21:40:00  05 42 22.6  -00 52 57  +000922.8 -000090.1  03 10 17.7  235.932 27.004  57.46  38307 15.2
2010-02-07  21:50:00  05 52 38.1  -01 08 19  +000923.5 -000094.3  03 10 03.9  235.715 26.827  55.12  38292 15.1
2010-02-07  22:00:00  06 02 54.0  -01 24 23  +000924.2 -000098.5  03 09 49.6  235.490 26.641  52.81  38279 15.1
2010-02-07  22:10:00  06 13 10.4  -01 41 07  +000924.9 -000102.4  03 09 34.9  235.256 26.446  50.50  38266 15.1
2010-02-07  22:20:00  06 23 27.2  -01 58 30  +000925.6 -000106.1  03 09 19.7  235.015 26.243  48.24  38255 15.0
2010-02-07  22:30:00  06 33 44.5  -02 16 28  +000926.3 -000109.6  03 09 04.0  234.767 26.032  45.99  38244 15.0
2010-02-07  22:40:00  06 44 02.3  -02 35 01  +000927.0 -000112.9  03 08 47.9  234.512 25.815  43.79  38235 15.0
2010-02-07  22:50:00  06 54 20.5  -02 54 06  +000927.7 -000116.0  03 08 31.3  234.250 25.590  41.61  38227 14.9
2010-02-07  23:00:00  07 04 39.2  -03 13 40  +000928.4 -000118.8  03 08 14.2  233.983 25.360  39.49  38219 14.9
2010-02-07  23:10:00  07 14 58.4  -03 33 41  +000929.2 -000121.4  03 07 56.7  233.710 25.124  37.42  38213 14.9
2010-02-07  23:20:00  07 25 18.1  -03 54 07  +000929.9 -000123.8  03 07 38.6  233.432 24.882  35.42  38208 14.9
2010-02-07  23:30:00  07 35 38.3  -04 14 56  +000930.7 -000125.9  03 07 20.1  233.150 24.636  33.49  38205 14.8
2010-02-07  23:40:00  07 45 59.0  -04 36 04  +000931.5 -000127.7  03 07 01.0  232.863 24.386  31.67  38202 14.8
2010-02-07  23:50:00  07 56 20.3  -04 57 30  +000932.3 -000129.3  03 06 41.4  232.573 24.133  29.94  38201 14.8
2010-02-08  00:00:00  08 06 42.1  -05 19 10  +000933.1 -000130.7  03 06 21.3  232.280 23.877  28.35  38200 14.8
2010-02-08  00:10:00  08 17 04.4  -05 41 02  +000934.0 -000131.7  03 06 00.5  231.983 23.619  26.92  38201 14.8
2010-02-08  00:20:00  08 27 27.4  -06 03 03  +000934.9 -000132.5  03 05 39.2  231.684 23.360  25.66  38203 14.8
2010-02-08  00:30:00  08 37 50.9  -06 25 11  +000935.8 -000133.0  03 05 17.3  231.384 23.099  24.62  38206 14.8
2010-02-08  00:40:00  08 48 15.1  -06 47 22  +000936.7 -000133.2  03 04 54.8  231.081 22.839  23.81  38210 14.8
2010-02-08  00:50:00  08 58 39.9  -07 09 34  +000937.7 -000133.2  03 04 31.6  230.777 22.579  23.27  38215 14.8
2010-02-08  01:00:00  09 09 05.4  -07 31 45  +000938.7 -000132.8  03 04 07.8  230.472 22.320  23.01  38221 14.8
2010-02-08  01:10:00  09 19 31.5  -07 53 51  +000939.7 -000132.2  03 03 43.3  230.167 22.063  23.04  38228 14.8
2010-02-08  01:20:00  09 29 58.3  -08 15 49  +000940.7 -000131.3  03 03 18.1  229.862 21.809  23.35  38236 14.8
2010-02-08  01:30:00  09 40 25.8  -08 37 37  +000941.8 -000130.2  03 02 52.3  229.557 21.558  23.96  38245 14.8
2010-02-08  01:40:00  09 50 54.0  -08 59 11  +000942.8 -000128.7  03 02 25.7  229.252 21.311  24.81  38256 14.8
2010-02-08  01:50:00  10 01 23.0  -09 20 30  +000943.9 -000127.0  03 01 58.4  228.949 21.069  25.90  38266 14.8
2010-02-08  02:00:00  10 11 52.6  -09 41 31  +000945.0 -000125.0  03 01 30.5  228.647 20.831  27.19  38278 14.8
2010-02-08  02:10:00  10 22 22.9  -10 02 10  +000946.0 -000122.7  03 01 01.8  228.347 20.600  28.67  38291 14.8
2010-02-08  02:20:00  10 32 53.9  -10 22 25  +000947.1 -000120.2  03 00 32.4  228.049 20.375  30.28  38304 14.8
2010-02-08  02:30:00  10 43 25.7  -10 42 13  +000948.1 -000117.4  03 00 02.3  227.754 20.157  32.04  38318 14.8
2010-02-08  02:40:00  10 53 58.1  -11 01 32  +000949.1 -000114.4  02 59 31.5  227.461 19.947  33.89  38333 14.8
2010-02-08  02:50:00  11 04 31.2  -11 20 20  +000950.1 -000111.1  02 59 00.1  227.172 19.746  35.84  38348 14.9
2010-02-08  03:00:00  11 15 04.9  -11 38 34  +000951.1 -000107.6  02 58 28.0  226.887 19.553  37.86  38364 14.9
2010-02-08  03:10:00  11 25 39.3  -11 56 11  +000952.0 -000103.8  02 57 55.2  226.605 19.369  39.95  38380 14.9
2010-02-08  03:20:00  11 36 14.3  -12 13 10  +000952.9 -000099.8  02 57 21.9  226.328 19.195  42.09  38397 14.9
2010-02-08  03:30:00  11 46 49.8  -12 29 28  +000953.7 -000095.6  02 56 48.0  226.056 19.032  44.28  38414 15.0
2010-02-08  03:40:00  11 57 25.9  -12 45 02  +000954.5 -000091.2  02 56 13.5  225.789 18.879  46.50  38432 15.0
2010-02-08  03:50:00  12 08 02.5  -12 59 52  +000955.2 -000086.6  02 55 38.6  225.528 18.738  48.77  38450 15.0
2010-02-08  04:00:00  12 18 39.5  -13 13 55  +000955.8 -000081.9  02 55 03.2  225.272 18.608  51.05  38468 15.1
2010-02-08  04:10:00  12 29 16.9  -13 27 09  +000956.4 -000076.9  02 54 27.5  225.023 18.490  53.37  38487 15.1

   Date        UTC        RA         DECL      RARate   DeclRate    HourAng      Az     Um    Phase  Range  Mag
2010-02-08  16:10:00  00 42 39.6  +00 05 30  +000893.3 +000068.1  02 43 03.1  230.026 31.568 129.82  38589 17.6
2010-02-08  16:20:00  00 52 35.5  +00 16 28  +000894.4 +000063.4  02 43 08.8  230.163 31.711 127.44  38568 17.5
2010-02-08  16:30:00  01 02 32.1  +00 26 37  +000895.4 +000058.5  02 43 13.9  230.290 31.843 125.03  38545 17.4
2010-02-08  16:40:00  01 12 29.4  +00 35 58  +000896.6 +000053.6  02 43 18.2  230.405 31.965 122.63  38523 17.2
2010-02-08  16:50:00  01 22 27.5  +00 44 28  +000897.7 +000048.5  02 43 21.7  230.509 32.078 120.22  38500 17.1
2010-02-08  17:00:00  01 32 26.3  +00 52 07  +000898.9 +000043.3  02 43 24.5  230.601 32.179 117.81  38476 17.0
2010-02-08  17:10:00  01 42 26.0  +00 58 54  +000900.0 +000038.0  02 43 26.5  230.680 32.270 115.39  38453 16.9
2010-02-08  17:20:00  01 52 26.4  +01 04 48  +000901.2 +000032.6  02 43 27.8  230.747 32.351 112.98  38429 16.8
2010-02-08  17:30:00  02 02 27.6  +01 09 47  +000902.4 +000027.2  02 43 28.2  230.802 32.420 110.56  38405 16.7
2010-02-08  17:40:00  02 12 29.5  +01 13 51  +000903.5 +000021.7  02 43 27.9  230.843 32.478 108.15  38382 16.6
2010-02-08  17:50:00  02 22 32.3  +01 16 60  +000904.7 +000016.1  02 43 26.8  230.872 32.525 105.72  38357 16.5
2010-02-08  18:00:00  02 32 35.8  +01 19 13  +000905.9 +000010.5  02 43 24.9  230.888 32.560 103.30  38333 16.4
2010-02-08  18:10:00  02 42 40.1  +01 20 29  +000907.0 +000004.8  02 43 22.3  230.890 32.584 100.87  38309 16.3
2010-02-08  18:20:00  02 52 45.2  +01 20 48  +000908.1 -000000.9  02 43 18.9  230.879 32.596  98.45  38286 16.2
2010-02-08  18:30:00  03 02 50.9  +01 20 11  +000909.2 -000006.6  02 43 14.7  230.855 32.596  96.02  38262 16.1
2010-02-08  18:40:00  03 12 57.4  +01 18 36  +000910.3 -000012.4  02 43 09.9  230.818 32.585  93.60  38238 16.0
2010-02-08  18:50:00  03 23 04.6  +01 16 03  +000911.3 -000018.1  02 43 04.3  230.768 32.562  91.16  38215 15.9
2010-02-08  19:00:00  03 33 12.6  +01 12 34  +000912.4 -000023.8  02 42 58.0  230.705 32.526  88.75  38192 15.9
2010-02-08  19:10:00  03 43 21.1  +01 08 08  +000913.4 -000029.5  02 42 51.1  230.629 32.479  86.31  38169 15.8
2010-02-08  19:20:00  03 53 30.4  +01 02 45  +000914.3 -000035.1  02 42 43.5  230.541 32.420  83.90  38147 15.7
2010-02-08  19:30:00  04 03 40.2  +00 56 26  +000915.3 -000040.7  02 42 35.3  230.440 32.349  81.47  38125 15.7
2010-02-08  19:40:00  04 13 50.7  +00 49 11  +000916.2 -000046.2  02 42 26.4  230.327 32.267  79.05  38103 15.6
2010-02-08  19:50:00  04 24 01.8  +00 41 01  +000917.1 -000051.7  02 42 17.0  230.203 32.172  76.63  38082 15.5
2010-02-08  20:00:00  04 34 13.4  +00 31 57  +000917.9 -000057.1  02 42 07.0  230.067 32.066  74.22  38062 15.5
2010-02-08  20:10:00  04 44 25.7  +00 22 00  +000918.7 -000062.4  02 41 56.4  229.919 31.948  71.81  38042 15.4
2010-02-08  20:20:00  04 54 38.4  +00 11 11  +000919.5 -000067.5  02 41 45.3  229.761 31.820  69.41  38023 15.4
2010-02-08  20:30:00  05 04 51.7  -00 00 30  +000920.3 -000072.6  02 41 33.6  229.592 31.680  67.01  38005 15.3
2010-02-08  20:40:00  05 15 05.5  -00 13 01  +000921.1 -000077.5  02 41 21.5  229.413 31.529  64.62  37988 15.3
2010-02-08  20:50:00  05 25 19.8  -00 26 20  +000921.8 -000082.3  02 41 08.8  229.224 31.367  62.24  37971 15.2
2010-02-08  21:00:00  05 35 34.6  -00 40 26  +000922.5 -000086.9  02 40 55.7  229.026 31.195  59.87  37955 15.2
2010-02-08  21:10:00  05 45 49.9  -00 55 18  +000923.3 -000091.4  02 40 42.1  228.819 31.013  57.51  37941 15.1
2010-02-08  21:20:00  05 56 05.6  -01 10 54  +000924.0 -000095.7  02 40 28.0  228.603 30.821  55.18  37927 15.1
2010-02-08  21:30:00  06 06 21.8  -01 27 12  +000924.7 -000099.8  02 40 13.4  228.380 30.620  52.85  37914 15.1
2010-02-08  21:40:00  06 16 38.5  -01 44 10  +000925.4 -000103.8  02 39 58.4  228.148 30.409  50.55  37902 15.0
2010-02-08  21:50:00  06 26 55.6  -02 01 46  +000926.1 -000107.5  02 39 42.9  227.910 30.191  48.26  37891 15.0
2010-02-08  22:00:00  06 37 13.2  -02 19 59  +000926.8 -000111.0  02 39 26.9  227.665 29.964  46.02  37881 15.0
2010-02-08  22:10:00  06 47 31.3  -02 38 46  +000927.5 -000114.3  02 39 10.5  227.413 29.729  43.79  37873 14.9
2010-02-08  22:20:00  06 57 49.8  -02 58 04  +000928.2 -000117.4  02 38 53.6  227.155 29.488  41.62  37865 14.9
2010-02-08  22:30:00  07 08 08.9  -03 17 52  +000928.9 -000120.2  02 38 36.2  226.892 29.239  39.48  37858 14.9
2010-02-08  22:40:00  07 18 28.4  -03 38 07  +000929.6 -000122.8  02 38 18.3  226.624 28.985  37.41  37853 14.9
2010-02-08  22:50:00  07 28 48.4  -03 58 47  +000930.4 -000125.2  02 37 60.0  226.352 28.725  35.39  37849 14.8
2010-02-08  23:00:00  07 39 08.9  -04 19 50  +000931.2 -000127.2  02 37 41.1  226.075 28.461  33.45  37846 14.8
2010-02-08  23:10:00  07 49 30.0  -04 41 12  +000932.0 -000129.1  02 37 21.7  225.794 28.192  31.60  37844 14.8
2010-02-08  23:20:00  07 59 51.6  -05 02 51  +000932.8 -000130.7  02 37 01.7  225.511 27.919  29.87  37844 14.8
2010-02-08  23:30:00  08 10 13.8  -05 24 44  +000933.7 -000132.0  02 36 41.2  225.224 27.644  28.26  37844 14.8
2010-02-08  23:40:00  08 20 36.5  -05 46 49  +000934.6 -000133.0  02 36 20.1  224.934 27.366  26.82  37846 14.8
2010-02-08  23:50:00  08 30 59.8  -06 09 03  +000935.5 -000133.7  02 35 58.4  224.642 27.087  25.54  37849 14.7
2010-02-09  00:00:00  08 41 23.8  -06 31 22  +000936.4 -000134.2  02 35 36.1  224.349 26.806  24.48  37853 14.7
2010-02-09  00:10:00  08 51 48.4  -06 53 46  +000937.3 -000134.4  02 35 13.2  224.054 26.526  23.66  37858 14.7
2010-02-09  00:20:00  09 02 13.6  -07 16 09  +000938.3 -000134.3  02 34 49.6  223.757 26.246  23.10  37864 14.7
2010-02-09  00:30:00  09 12 39.5  -07 38 31  +000939.3 -000133.9  02 34 25.3  223.461 25.967  22.83  37871 14.7
2010-02-09  00:40:00  09 23 06.0  -08 00 47  +000940.4 -000133.3  02 34 00.4  223.163 25.690  22.85  37880 14.7
2010-02-09  00:50:00  09 33 33.3  -08 22 55  +000941.4 -000132.3  02 33 34.8  222.866 25.415  23.16  37889 14.7
2010-02-09  01:00:00  09 44 01.2  -08 44 53  +000942.4 -000131.1  02 33 08.5  222.569 25.144  23.75  37899 14.7
2010-02-09  01:10:00  09 54 29.8  -09 06 36  +000943.5 -000129.6  02 32 41.5  222.272 24.877  24.61  37911 14.7
2010-02-09  01:20:00  10 04 59.2  -09 28 04  +000944.6 -000127.8  02 32 13.8  221.977 24.615  25.70  37923 14.8
2010-02-09  01:30:00  10 15 29.3  -09 49 12  +000945.6 -000125.8  02 31 45.4  221.683 24.358  27.00  37936 14.8
2010-02-09  01:40:00  10 26 00.1  -10 09 58  +000946.7 -000123.4  02 31 16.2  221.391 24.107  28.47  37950 14.8
2010-02-09  01:50:00  10 36 31.6  -10 30 20  +000947.8 -000120.9  02 30 46.4  221.100 23.862  30.11  37964 14.8
2010-02-09  02:00:00  10 47 03.7  -10 50 15  +000948.8 -000118.0  02 30 15.8  220.812 23.625  31.86  37980 14.8
2010-02-09  02:10:00  10 57 36.6  -11 09 39  +000949.8 -000114.9  02 29 44.6  220.527 23.396  33.72  37996 14.8
2010-02-09  02:20:00  11 08 10.2  -11 28 32  +000950.8 -000111.5  02 29 12.7  220.244 23.175  35.67  38013 14.8
2010-02-09  02:30:00  11 18 44.4  -11 46 49  +000951.8 -000107.9  02 28 40.1  219.965 22.964  37.71  38030 14.9
2010-02-09  02:40:00  11 29 19.2  -12 04 30  +000952.7 -000104.1  02 28 06.9  219.690 22.762  39.79  38048 14.9
2010-02-09  02:50:00  11 39 54.7  -12 21 31  +000953.6 -000100.1  02 27 33.1  219.418 22.570  41.95  38066 14.9
2010-02-09  03:00:00  11 50 30.7  -12 37 51  +000954.4 -000095.8  02 26 58.8  219.151 22.390  44.14  38085 15.0
2010-02-09  03:10:00  12 01 07.2  -12 53 27  +000955.1 -000091.3  02 26 23.9  218.889 22.220  46.37  38104 15.0
2010-02-09  03:20:00  12 11 44.2  -13 08 17  +000955.8 -000086.7  02 25 48.6  218.632 22.062  48.63  38123 15.0
2010-02-09  03:30:00  12 22 21.6  -13 22 20  +000956.4 -000081.8  02 25 12.8  218.380 21.916  50.93  38142 15.1
2010-02-09  03:40:00  12 32 59.4  -13 35 33  +000957.0 -000076.8  02 24 36.6  218.134 21.782  53.24  38162 15.1
2010-02-09  03:50:00  12 43 37.5  -13 47 56  +000957.4 -000071.6  02 24 00.2  217.894 21.661  55.59  38182 15.1
2010-02-09  04:00:00  12 54 15.9  -13 59 25  +000957.7 -000066.3  02 23 23.4  217.661 21.553  57.94  38202 15.2
2010-02-09  04:10:00  13 04 54.4  -14 10 01  +000957.9 -000060.8  02 22 46.5  217.434 21.459  60.32  38222 15.2

   Date        UTC        RA         DECL      RARate   DeclRate    HourAng      Az     Um    Phase  Range  Mag
2010-02-09  16:20:00  01 26 06.1  +00 45 37  +000898.0 +000048.3  02 13 34.8  222.750 35.827 120.33  38180 17.1
2010-02-09  16:30:00  01 36 05.1  +00 53 13  +000899.1 +000043.0  02 13 37.4  222.835 35.934 117.91  38157 17.0
2010-02-09  16:40:00  01 46 04.9  +00 59 57  +000900.3 +000037.7  02 13 39.2  222.908 36.030 115.50  38133 16.9
2010-02-09  16:50:00  01 56 05.5  +01 05 47  +000901.5 +000032.3  02 13 40.3  222.970 36.114 113.07  38110 16.7
2010-02-09  17:00:00  02 06 06.9  +01 10 43  +000902.7 +000026.8  02 13 40.5  223.019 36.186 110.66  38086 16.6
2010-02-09  17:10:00  02 16 09.1  +01 14 42  +000903.9 +000021.2  02 13 40.0  223.055 36.245 108.22  38062 16.5
2010-02-09  17:20:00  02 26 12.0  +01 17 46  +000905.0 +000015.6  02 13 38.7  223.079 36.293 105.81  38038 16.4
2010-02-09  17:30:00  02 36 15.8  +01 19 54  +000906.2 +000009.9  02 13 36.6  223.090 36.328 103.37  38014 16.3
2010-02-09  17:40:00  02 46 20.3  +01 21 04  +000907.3 +000004.2  02 13 33.7  223.088 36.351 100.95  37990 16.3
2010-02-09  17:50:00  02 56 25.6  +01 21 17  +000908.5 -000001.6  02 13 30.1  223.074 36.361  98.51  37966 16.2
2010-02-09  18:00:00  03 06 31.6  +01 20 32  +000909.6 -000007.3  02 13 25.7  223.047 36.359  96.09  37943 16.1
2010-02-09  18:10:00  03 16 38.3  +01 18 50  +000910.6 -000013.1  02 13 20.6  223.007 36.344  93.65  37919 16.0
2010-02-09  18:20:00  03 26 45.7  +01 16 10  +000911.7 -000018.9  02 13 14.8  222.954 36.316  91.23  37896 15.9
2010-02-09  18:30:00  03 36 53.9  +01 12 32  +000912.7 -000024.6  02 13 08.3  222.890 36.275  88.79  37873 15.9
2010-02-09  18:40:00  03 47 02.7  +01 07 57  +000913.7 -000030.4  02 13 01.2  222.812 36.222  86.37  37850 15.8
2010-02-09  18:50:00  03 57 12.2  +01 02 25  +000914.7 -000036.0  02 12 53.3  222.723 36.156  83.93  37828 15.7
2010-02-09  19:00:00  04 07 22.3  +00 55 56  +000915.6 -000041.7  02 12 44.9  222.622 36.077  81.51  37807 15.7
2010-02-09  19:10:00  04 17 33.0  +00 48 32  +000916.5 -000047.2  02 12 35.8  222.509 35.985  79.08  37786 15.6
2010-02-09  19:20:00  04 27 44.3  +00 40 12  +000917.4 -000052.7  02 12 26.1  222.386 35.881  76.67  37765 15.5
2010-02-09  19:30:00  04 37 56.2  +00 30 57  +000918.3 -000058.2  02 12 15.8  222.251 35.764  74.24  37745 15.5
2010-02-09  19:40:00  04 48 08.7  +00 20 49  +000919.1 -000063.5  02 12 05.0  222.105 35.636  71.83  37726 15.4
2010-02-09  19:50:00  04 58 21.7  +00 09 48  +000919.9 -000068.7  02 11 53.6  221.949 35.495  69.42  37707 15.4
2010-02-09  20:00:00  05 08 35.3  -00 02 04  +000920.7 -000073.7  02 11 41.7  221.783 35.342  67.02  37689 15.3
2010-02-09  20:10:00  05 18 49.3  -00 14 46  +000921.5 -000078.7  02 11 29.3  221.608 35.177  64.62  37672 15.3
2010-02-09  20:20:00  05 29 03.9  -00 28 17  +000922.2 -000083.5  02 11 16.4  221.424 35.002  62.24  37656 15.2
2010-02-09  20:30:00  05 39 18.9  -00 42 36  +000922.9 -000088.2  02 11 03.0  221.231 34.815  59.86  37641 15.2
2010-02-09  20:40:00  05 49 34.4  -00 57 40  +000923.7 -000092.6  02 10 49.1  221.029 34.617  57.51  37627 15.1
2010-02-09  20:50:00  05 59 50.5  -01 13 28  +000924.4 -000097.0  02 10 34.8  220.820 34.409  55.15  37613 15.1
2010-02-09  21:00:00  06 10 06.9  -01 29 59  +000925.1 -000101.1  02 10 19.9  220.604 34.191  52.83  37601 15.1
2010-02-09  21:10:00  06 20 23.9  -01 47 09  +000925.8 -000105.0  02 10 04.6  220.380 33.964  50.51  37590 15.0
2010-02-09  21:20:00  06 30 41.3  -02 04 58  +000926.5 -000108.8  02 09 48.9  220.150 33.728  48.23  37580 15.0
2010-02-09  21:30:00  06 40 59.2  -02 23 24  +000927.2 -000112.3  02 09 32.6  219.913 33.482  45.96  37571 14.9
2010-02-09  21:40:00  06 51 17.5  -02 42 23  +000927.9 -000115.6  02 09 15.9  219.671 33.229  43.74  37563 14.9
2010-02-09  21:50:00  07 01 36.4  -03 01 54  +000928.6 -000118.6  02 08 58.7  219.424 32.969  41.55  37556 14.9
2010-02-09  22:00:00  07 11 55.7  -03 21 55  +000929.4 -000121.5  02 08 41.0  219.171 32.701  39.41  37550 14.9
2010-02-09  22:10:00  07 22 15.5  -03 42 22  +000930.1 -000124.0  02 08 22.8  218.914 32.427  37.32  37546 14.8
2010-02-09  22:20:00  07 32 35.9  -04 03 15  +000930.9 -000126.4  02 08 04.1  218.653 32.147  35.30  37542 14.8
2010-02-09  22:30:00  07 42 56.7  -04 24 29  +000931.7 -000128.4  02 07 44.9  218.389 31.862  33.34  37540 14.8
2010-02-09  22:40:00  07 53 18.1  -04 46 03  +000932.5 -000130.3  02 07 25.2  218.121 31.572  31.49  37539 14.8
2010-02-09  22:50:00  08 03 40.0  -05 07 53  +000933.3 -000131.8  02 07 04.9  217.849 31.279  29.74  37540 14.8
2010-02-09  23:00:00  08 14 02.6  -05 29 58  +000934.2 -000133.1  02 06 44.0  217.576 30.982  28.12  37541 14.8
2010-02-09  23:10:00  08 24 25.7  -05 52 14  +000935.1 -000134.1  02 06 22.5  217.300 30.683  26.66  37544 14.7
2010-02-09  23:20:00  08 34 49.4  -06 14 39  +000936.0 -000134.8  02 06 00.5  217.022 30.382  25.38  37548 14.7
2010-02-09  23:30:00  08 45 13.7  -06 37 09  +000937.0 -000135.2  02 05 37.8  216.742 30.080  24.30  37553 14.7
2010-02-09  23:40:00  08 55 38.7  -06 59 42  +000937.9 -000135.4  02 05 14.5  216.461 29.778  23.47  37559 14.7
2010-02-09  23:50:00  09 06 04.3  -07 22 15  +000938.9 -000135.2  02 04 50.5  216.179 29.476  22.90  37566 14.7
2010-02-10  00:00:00  09 16 30.5  -07 44 46  +000939.9 -000134.8  02 04 25.9  215.897 29.176  22.62  37575 14.7
2010-02-10  00:10:00  09 26 57.5  -08 07 11  +000941.0 -000134.1  02 04 00.6  215.614 28.877  22.64  37584 14.7
2010-02-10  00:20:00  09 37 25.2  -08 29 27  +000942.0 -000133.1  02 03 34.6  215.330 28.581  22.95  37595 14.7
2010-02-10  00:30:00  09 47 53.5  -08 51 32  +000943.1 -000131.8  02 03 07.8  215.048 28.288  23.55  37606 14.7
2010-02-10  00:40:00  09 58 22.6  -09 13 23  +000944.1 -000130.3  02 02 40.4  214.765 27.999  24.41  37619 14.7
2010-02-10  00:50:00  10 08 52.4  -09 34 57  +000945.2 -000128.4  02 02 12.3  214.484 27.715  25.52  37632 14.7
2010-02-10  01:00:00  10 19 22.9  -09 56 11  +000946.3 -000126.3  02 01 43.4  214.203 27.437  26.82  37647 14.7
2010-02-10  01:10:00  10 29 54.1  -10 17 03  +000947.4 -000124.0  02 01 13.8  213.924 27.165  28.31  37662 14.8
2010-02-10  01:20:00  10 40 26.0  -10 37 30  +000948.4 -000121.3  02 00 43.5  213.647 26.899  29.94  37678 14.8
2010-02-10  01:30:00  10 50 58.7  -10 57 28  +000949.5 -000118.4  02 00 12.6  213.371 26.642  31.71  37695 14.8
2010-02-10  01:40:00  11 01 32.0  -11 16 57  +000950.5 -000115.2  01 59 40.9  213.098 26.392  33.58  37712 14.8
2010-02-10  01:50:00  11 12 06.0  -11 35 52  +000951.5 -000111.8  01 59 08.5  212.827 26.151  35.55  37730 14.8
2010-02-10  02:00:00  11 22 40.6  -11 54 12  +000952.4 -000108.1  01 58 35.5  212.559 25.920  37.58  37749 14.9
2010-02-10  02:10:00  11 33 15.9  -12 11 54  +000953.3 -000104.3  01 58 01.9  212.294 25.698  39.69  37768 14.9
2010-02-10  02:20:00  11 43 51.7  -12 28 56  +000954.2 -000100.1  01 57 27.7  212.033 25.488  41.84  37788 14.9
2010-02-10  02:30:00  11 54 28.1  -12 45 16  +000955.0 -000095.8  01 56 52.9  211.775 25.288  44.04  37808 14.9
2010-02-10  02:40:00  12 05 05.0  -13 00 52  +000955.7 -000091.3  01 56 17.7  211.522 25.100  46.28  37829 15.0
2010-02-10  02:50:00  12 15 42.4  -13 15 41  +000956.4 -000086.5  01 55 41.9  211.272 24.924  48.55  37850 15.0
2010-02-10  03:00:00  12 26 20.2  -13 29 43  +000957.0 -000081.6  01 55 05.8  211.028 24.760  50.85  37871 15.0
2010-02-10  03:10:00  12 36 58.4  -13 42 54  +000957.5 -000076.6  01 54 29.2  210.788 24.609  53.18  37892 15.1
2010-02-10  03:20:00  12 47 36.9  -13 55 13  +000957.9 -000071.3  01 53 52.4  210.553 24.472  55.51  37913 15.1
2010-02-10  03:30:00  12 58 15.6  -14 06 40  +000958.2 -000065.9  01 53 15.4  210.325 24.348  57.88  37935 15.2
2010-02-10  03:40:00  13 08 54.4  -14 17 11  +000958.4 -000060.4  01 52 38.1  210.102 24.238  60.25  37956 15.2
2010-02-10  03:50:00  13 19 33.4  -14 26 47  +000958.5 -000054.7  01 52 00.8  209.885 24.142  62.64  37978 15.2
2010-02-10  04:00:00  13 30 12.4  -14 35 26  +000958.5 -000049.0  01 51 23.5  209.675 24.061  65.04  37999 15.3
2010-02-10  04:10:00  13 40 51.3  -14 43 07  +000958.3 -000043.1  01 50 46.2  209.471 23.994  67.45  38020 15.3

   Date        UTC        RA         DECL      RARate   DeclRate    HourAng      Az     Um    Phase  Range  Mag
2010-02-10  16:20:00  01 59 59.7  +01 06 41  +000901.8 +000031.9  01 43 37.7  214.405 39.366 113.11  37847 16.7
2010-02-10  16:30:00  02 10 01.3  +01 11 31  +000903.0 +000026.3  01 43 37.8  214.446 39.440 110.68  37823 16.6
2010-02-10  16:40:00  02 20 03.7  +01 15 26  +000904.2 +000020.7  01 43 37.0  214.475 39.502 108.25  37799 16.5
2010-02-10  16:50:00  02 30 06.9  +01 18 25  +000905.4 +000015.0  01 43 35.5  214.492 39.550 105.82  37775 16.4
2010-02-10  17:00:00  02 40 10.8  +01 20 26  +000906.5 +000009.3  01 43 33.2  214.498 39.585 103.39  37751 16.3
2010-02-10  17:10:00  02 50 15.5  +01 21 30  +000907.7 +000003.5  01 43 30.1  214.492 39.606 100.95  37728 16.2
2010-02-10  17:20:00  03 00 21.0  +01 21 37  +000908.8 -000002.3  01 43 26.2  214.473 39.614  98.53  37704 16.2
2010-02-10  17:30:00  03 10 27.3  +01 20 45  +000909.9 -000008.1  01 43 21.7  214.443 39.608  96.09  37680 16.1
2010-02-10  17:40:00  03 20 34.2  +01 18 55  +000911.0 -000013.9  01 43 16.3  214.401 39.589  93.66  37657 16.0
2010-02-10  17:50:00  03 30 41.9  +01 16 07  +000912.0 -000019.7  01 43 10.3  214.348 39.555  91.22  37634 15.9
2010-02-10  18:00:00  03 40 50.3  +01 12 21  +000913.1 -000025.5  01 43 03.6  214.282 39.509  88.79  37612 15.8
2010-02-10  18:10:00  03 50 59.3  +01 07 38  +000914.1 -000031.2  01 42 56.1  214.206 39.448  86.35  37589 15.8
2010-02-10  18:20:00  04 01 09.0  +01 01 57  +000915.0 -000036.9  01 42 48.1  214.118 39.374  83.92  37568 15.7
2010-02-10  18:30:00  04 11 19.4  +00 55 19  +000916.0 -000042.6  01 42 39.4  214.020 39.286  81.48  37546 15.6
2010-02-10  18:40:00  04 21 30.3  +00 47 45  +000916.9 -000048.2  01 42 30.1  213.911 39.184  79.06  37526 15.6
2010-02-10  18:50:00  04 31 41.9  +00 39 15  +000917.8 -000053.7  01 42 20.1  213.792 39.069  76.63  37505 15.5
2010-02-10  19:00:00  04 41 54.0  +00 29 51  +000918.6 -000059.2  01 42 09.7  213.662 38.941  74.21  37486 15.5
2010-02-10  19:10:00  04 52 06.7  +00 19 32  +000919.5 -000064.5  01 41 58.6  213.524 38.800  71.79  37467 15.4
2010-02-10  19:20:00  05 02 20.0  +00 08 21  +000920.3 -000069.7  01 41 47.0  213.375 38.646  69.38  37449 15.3
2010-02-10  19:30:00  05 12 33.8  -00 03 42  +000921.1 -000074.8  01 41 34.9  213.218 38.479  66.97  37431 15.3
2010-02-10  19:40:00  05 22 48.1  -00 16 35  +000921.8 -000079.8  01 41 22.2  213.053 38.300  64.57  37415 15.2
2010-02-10  19:50:00  05 33 02.8  -00 30 17  +000922.6 -000084.6  01 41 09.1  212.879 38.109  62.17  37399 15.2
2010-02-10  20:00:00  05 43 18.2  -00 44 46  +000923.3 -000089.3  01 40 55.4  212.698 37.907  59.80  37385 15.2
2010-02-10  20:10:00  05 53 33.9  -01 00 01  +000924.0 -000093.8  01 40 41.3  212.509 37.692  57.43  37371 15.1
2010-02-10  20:20:00  06 03 50.2  -01 16 01  +000924.7 -000098.1  01 40 26.7  212.313 37.467  55.08  37358 15.1
2010-02-10  20:30:00  06 14 06.9  -01 32 42  +000925.4 -000102.2  01 40 11.6  212.111 37.232  52.73  37347 15.0
2010-02-10  20:40:00  06 24 24.1  -01 50 04  +000926.2 -000106.1  01 39 56.0  211.903 36.986  50.42  37336 15.0
2010-02-10  20:50:00  06 34 41.8  -02 08 04  +000926.9 -000109.9  01 39 40.0  211.689 36.731  48.12  37326 15.0
2010-02-10  21:00:00  06 44 59.9  -02 26 41  +000927.6 -000113.4  01 39 23.5  211.469 36.466  45.86  37318 14.9
2010-02-10  21:10:00  06 55 18.6  -02 45 51  +000928.3 -000116.7  01 39 06.5  211.245 36.194  43.62  37311 14.9
2010-02-10  21:20:00  07 05 37.7  -03 05 33  +000929.0 -000119.7  01 38 49.0  211.016 35.913  41.43  37305 14.9
2010-02-10  21:30:00  07 15 57.3  -03 25 44  +000929.8 -000122.5  01 38 31.1  210.783 35.625  39.27  37300 14.8
2010-02-10  21:40:00  07 26 17.4  -03 46 23  +000930.6 -000125.1  01 38 12.6  210.545 35.330  37.18  37296 14.8
2010-02-10  21:50:00  07 36 38.0  -04 07 25  +000931.3 -000127.4  01 37 53.6  210.305 35.029  35.14  37294 14.8
2010-02-10  22:00:00  07 46 59.2  -04 28 50  +000932.1 -000129.5  01 37 34.1  210.061 34.723  33.18  37293 14.8
2010-02-10  22:10:00  07 57 20.9  -04 50 34  +000933.0 -000131.2  01 37 14.0  209.814 34.412  31.31  37293 14.8
2010-02-10  22:20:00  08 07 43.2  -05 12 34  +000933.8 -000132.8  01 36 53.4  209.565 34.096  29.56  37294 14.7
2010-02-10  22:30:00  08 18 06.0  -05 34 48  +000934.7 -000134.0  01 36 32.2  209.313 33.778  27.92  37296 14.7
2010-02-10  22:40:00  08 28 29.4  -05 57 13  +000935.6 -000135.0  01 36 10.4  209.059 33.457  26.45  37300 14.7
2010-02-10  22:50:00  08 38 53.5  -06 19 46  +000936.5 -000135.6  01 35 48.0  208.804 33.134  25.16  37305 14.7
2010-02-10  23:00:00  08 49 18.1  -06 42 25  +000937.5 -000136.0  01 35 25.0  208.547 32.810  24.08  37311 14.7
2010-02-10  23:10:00  08 59 43.5  -07 05 06  +000938.5 -000136.1  01 35 01.3  208.288 32.485  23.24  37319 14.7
2010-02-10  23:20:00  09 10 09.4  -07 27 47  +000939.5 -000136.0  01 34 37.0  208.029 32.161  22.67  37327 14.7
2010-02-10  23:30:00  09 20 36.1  -07 50 24  +000940.5 -000135.5  01 34 12.0  207.769 31.838  22.39  37337 14.7
2010-02-10  23:40:00  09 31 03.4  -08 12 55  +000941.5 -000134.7  01 33 46.3  207.509 31.517  22.41  37347 14.7
2010-02-10  23:50:00  09 41 31.5  -08 35 18  +000942.6 -000133.7  01 33 19.9  207.248 31.199  22.74  37359 14.7
2010-02-11  00:00:00  09 52 00.2  -08 57 29  +000943.7 -000132.4  01 32 52.7  206.987 30.884  23.34  37372 14.7
2010-02-11  00:10:00  10 02 29.7  -09 19 24  +000944.7 -000130.8  01 32 24.9  206.727 30.573  24.22  37386 14.7
2010-02-11  00:20:00  10 12 59.9  -09 41 03  +000945.8 -000128.9  01 31 56.4  206.467 30.268  25.33  37401 14.7
2010-02-11  00:30:00  10 23 30.8  -10 02 21  +000946.9 -000126.7  01 31 27.1  206.207 29.967  26.66  37417 14.7
2010-02-11  00:40:00  10 34 02.4  -10 23 16  +000948.0 -000124.3  01 30 57.1  205.949 29.674  28.15  37433 14.7
2010-02-11  00:50:00  10 44 34.8  -10 43 45  +000949.0 -000121.5  01 30 26.4  205.691 29.387  29.81  37451 14.8
2010-02-11  01:00:00  10 55 07.8  -11 03 46  +000950.1 -000118.6  01 29 55.1  205.435 29.108  31.58  37469 14.8
2010-02-11  01:10:00  11 05 41.5  -11 23 16  +000951.1 -000115.3  01 29 23.0  205.181 28.837  33.47  37488 14.8
2010-02-11  01:20:00  11 16 15.9  -11 42 12  +000952.1 -000111.9  01 28 50.2  204.928 28.576  35.44  37507 14.8
2010-02-11  01:30:00  11 26 50.9  -12 00 33  +000953.0 -000108.2  01 28 16.8  204.677 28.324  37.49  37527 14.8
2010-02-11  01:40:00  11 37 26.6  -12 18 15  +000953.9 -000104.2  01 27 42.8  204.429 28.083  39.60  37548 14.9
2010-02-11  01:50:00  11 48 02.8  -12 35 16  +000954.8 -000100.0  01 27 08.2  204.183 27.852  41.77  37569 14.9
2010-02-11  02:00:00  11 58 39.6  -12 51 35  +000955.5 -000095.6  01 26 33.1  203.940 27.633  43.97  37591 14.9
2010-02-11  02:10:00  12 09 16.9  -13 07 08  +000956.3 -000091.0  01 25 57.5  203.700 27.426  46.23  37613 15.0
2010-02-11  02:20:00  12 19 54.6  -13 21 55  +000956.9 -000086.3  01 25 21.4  203.463 27.231  48.50  37635 15.0
2010-02-11  02:30:00  12 30 32.7  -13 35 53  +000957.5 -000081.3  01 24 44.9  203.230 27.049  50.81  37658 15.0
2010-02-11  02:40:00  12 41 11.2  -13 49 01  +000957.9 -000076.2  01 24 08.1  203.001 26.881  53.13  37681 15.1
2010-02-11  02:50:00  12 51 49.9  -14 01 16  +000958.3 -000070.9  01 23 31.0  202.776 26.726  55.49  37704 15.1
2010-02-11  03:00:00  13 02 28.9  -14 12 38  +000958.6 -000065.4  01 22 53.6  202.556 26.585  57.85  37726 15.1
2010-02-11  03:10:00  13 13 08.0  -14 23 04  +000958.8 -000059.8  01 22 16.2  202.341 26.459  60.23  37749 15.2
2010-02-11  03:20:00  13 23 47.2  -14 32 34  +000958.8 -000054.1  01 21 38.6  202.130 26.347  62.62  37772 15.2
2010-02-11  03:30:00  13 34 26.4  -14 41 07  +000958.8 -000048.3  01 21 01.1  201.925 26.250  65.03  37795 15.3
2010-02-11  03:40:00  13 45 05.5  -14 48 41  +000958.6 -000042.4  01 20 23.6  201.725 26.169  67.44  37818 15.3
2010-02-11  03:50:00  13 55 44.5  -14 55 15  +000958.3 -000036.5  01 19 46.3  201.532 26.103  69.86  37840 15.4
2010-02-11  04:00:00  14 06 23.2  -15 00 50  +000957.8 -000030.4  01 19 09.2  201.344 26.052  72.28  37863 15.4
2010-02-11  04:10:00  14 17 01.6  -15 05 24  +000957.3 -000024.3  01 18 32.5  201.163 26.017  74.72  37884 15.5

   Date        UTC        RA         DECL      RARate   DeclRate    HourAng      Az     Um    Phase  Range  Mag
2010-02-11  16:20:00  02 34 14.0  +01 18 55  +000905.7 +000014.4  01 13 20.0  205.098 42.152 105.79  37575 16.4
2010-02-11  16:30:00  02 44 18.2  +01 20 50  +000906.9 +000008.6  01 13 17.5  205.097 42.185 103.35  37551 16.3
2010-02-11  16:40:00  02 54 23.1  +01 21 48  +000908.0 +000002.9  01 13 14.2  205.085 42.205 100.92  37527 16.2
2010-02-11  16:50:00  03 04 28.8  +01 21 47  +000909.1 -000003.0  01 13 10.1  205.063 42.210  98.48  37504 16.1
2010-02-11  17:00:00  03 14 35.3  +01 20 48  +000910.2 -000008.8  01 13 05.2  205.031 42.200  96.04  37481 16.1
2010-02-11  17:10:00  03 24 42.5  +01 18 51  +000911.3 -000014.6  01 12 59.7  204.988 42.175  93.60  37458 16.0
2010-02-11  17:20:00  03 34 50.4  +01 15 55  +000912.4 -000020.5  01 12 53.4  204.935 42.136  91.17  37435 15.9
2010-02-11  17:30:00  03 44 59.0  +01 12 01  +000913.4 -000026.3  01 12 46.5  204.873 42.083  88.72  37412 15.8
2010-02-11  17:40:00  03 55 08.3  +01 07 10  +000914.4 -000032.1  01 12 38.9  204.800 42.014  86.29  37391 15.8
2010-02-11  17:50:00  04 05 18.2  +01 01 20  +000915.4 -000037.8  01 12 30.6  204.718 41.931  83.85  37369 15.7
2010-02-11  18:00:00  04 15 28.7  +00 54 34  +000916.3 -000043.5  01 12 21.6  204.626 41.834  81.42  37348 15.6
2010-02-11  18:10:00  04 25 39.9  +00 46 51  +000917.2 -000049.1  01 12 12.1  204.526 41.722  78.98  37328 15.6
2010-02-11  18:20:00  04 35 51.7  +00 38 12  +000918.1 -000054.6  01 12 02.0  204.416 41.596  76.55  37308 15.5
2010-02-11  18:30:00  04 46 04.1  +00 28 38  +000919.0 -000060.1  01 11 51.2  204.299 41.456  74.12  37289 15.4
2010-02-11  18:40:00  04 56 17.0  +00 18 10  +000919.8 -000065.4  01 11 40.0  204.173 41.302  71.70  37270 15.4
2010-02-11  18:50:00  05 06 30.5  +00 06 50  +000920.6 -000070.7  01 11 28.2  204.039 41.134  69.27  37253 15.3
2010-02-11  19:00:00  05 16 44.4  -00 05 22  +000921.4 -000075.8  01 11 15.8  203.898 40.954  66.87  37236 15.3
2010-02-11  19:10:00  05 26 59.0  -00 18 25  +000922.1 -000080.7  01 11 02.9  203.750 40.760  64.46  37220 15.2
2010-02-11  19:20:00  05 37 14.0  -00 32 17  +000922.9 -000085.6  01 10 49.6  203.595 40.553  62.07  37205 15.2
2010-02-11  19:30:00  05 47 29.5  -00 46 56  +000923.6 -000090.2  01 10 35.7  203.434 40.334  59.67  37191 15.1
2010-02-11  19:40:00  05 57 45.5  -01 02 21  +000924.4 -000094.7  01 10 21.3  203.267 40.103  57.31  37178 15.1
2010-02-11  19:50:00  06 08 02.0  -01 18 30  +000925.1 -000099.0  01 10 06.5  203.094 39.861  54.94  37166 15.1
2010-02-11  20:00:00  06 18 18.9  -01 35 21  +000925.8 -000103.2  01 09 51.2  202.915 39.608  52.60  37155 15.0
2010-02-11  20:10:00  06 28 36.3  -01 52 52  +000926.5 -000107.1  01 09 35.4  202.732 39.344  50.27  37145 15.0
2010-02-11  20:20:00  06 38 54.2  -02 11 02  +000927.2 -000110.8  01 09 19.2  202.544 39.070  47.98  37136 15.0
2010-02-11  20:30:00  06 49 12.6  -02 29 48  +000927.9 -000114.3  01 09 02.4  202.352 38.787  45.70  37128 14.9
2010-02-11  20:40:00  06 59 31.5  -02 49 07  +000928.7 -000117.6  01 08 45.2  202.155 38.495  43.46  37122 14.9
2010-02-11  20:50:00  07 09 50.9  -03 08 58  +000929.4 -000120.6  01 08 27.5  201.955 38.194  41.25  37117 14.9
2010-02-11  21:00:00  07 20 10.7  -03 29 19  +000930.2 -000123.4  01 08 09.2  201.751 37.886  39.09  37113 14.8
2010-02-11  21:10:00  07 30 31.1  -03 50 05  +000930.9 -000125.9  01 07 50.5  201.544 37.571  36.98  37110 14.8
2010-02-11  21:20:00  07 40 52.0  -04 11 16  +000931.7 -000128.2  01 07 31.3  201.335 37.250  34.94  37108 14.8
2010-02-11  21:30:00  07 51 13.4  -04 32 49  +000932.6 -000130.2  01 07 11.5  201.122 36.923  32.97  37108 14.8
2010-02-11  21:40:00  08 01 35.4  -04 54 40  +000933.4 -000132.0  01 06 51.1  200.907 36.591  31.10  37109 14.8
2010-02-11  21:50:00  08 11 58.0  -05 16 48  +000934.3 -000133.5  01 06 30.2  200.690 36.255  29.32  37111 14.7
2010-02-11  22:00:00  08 22 21.1  -05 39 09  +000935.2 -000134.7  01 06 08.7  200.471 35.915  27.69  37115 14.7
2010-02-11  22:10:00  08 32 44.8  -06 01 41  +000936.1 -000135.6  01 05 46.6  200.250 35.573  26.20  37120 14.7
2010-02-11  22:20:00  08 43 09.2  -06 24 21  +000937.0 -000136.3  01 05 23.9  200.027 35.229  24.91  37126 14.7
2010-02-11  22:30:00  08 53 34.2  -06 47 05  +000938.0 -000136.6  01 05 00.6  199.803 34.883  23.82  37133 14.7
2010-02-11  22:40:00  09 03 59.8  -07 09 52  +000939.0 -000136.7  01 04 36.6  199.577 34.537  22.98  37141 14.7
2010-02-11  22:50:00  09 14 26.1  -07 32 38  +000940.0 -000136.4  01 04 11.9  199.351 34.192  22.41  37151 14.7
2010-02-11  23:00:00  09 24 53.1  -07 55 20  +000941.0 -000135.9  01 03 46.6  199.123 33.848  22.14  37162 14.7
2010-02-11  23:10:00  09 35 20.8  -08 17 55  +000942.1 -000135.1  01 03 20.5  198.895 33.505  22.17  37174 14.7
2010-02-11  23:20:00  09 45 49.2  -08 40 21  +000943.1 -000134.0  01 02 53.8  198.665 33.166  22.50  37187 14.7
2010-02-11  23:30:00  09 56 18.3  -09 02 35  +000944.2 -000132.7  01 02 26.3  198.436 32.830  23.13  37201 14.7
2010-02-11  23:40:00  10 06 48.1  -09 24 34  +000945.3 -000131.0  01 01 58.1  198.206 32.498  24.02  37216 14.7
2010-02-11  23:50:00  10 17 18.7  -09 46 14  +000946.4 -000129.1  01 01 29.2  197.976 32.171  25.15  37232 14.7
2010-02-12  00:00:00  10 27 49.9  -10 07 34  +000947.4 -000126.8  01 00 59.6  197.746 31.850  26.49  37249 14.7
2010-02-12  00:10:00  10 38 21.9  -10 28 30  +000948.5 -000124.3  01 00 29.2  197.516 31.535  28.01  37267 14.7
2010-02-12  00:20:00  10 48 54.6  -10 48 60  +000949.6 -000121.6  00 59 58.2  197.286 31.228  29.67  37286 14.7
2010-02-12  00:30:00  10 59 28.0  -11 09 01  +000950.6 -000118.5  00 59 26.4  197.057 30.928  31.47  37306 14.8
2010-02-12  00:40:00  11 10 02.1  -11 28 30  +000951.6 -000115.3  00 58 54.0  196.829 30.638  33.37  37326 14.8
2010-02-12  00:50:00  11 20 36.8  -11 47 25  +000952.6 -000111.7  00 58 20.9  196.601 30.356  35.36  37347 14.8
2010-02-12  01:00:00  11 31 12.2  -12 05 44  +000953.5 -000108.0  00 57 47.2  196.375 30.085  37.42  37369 14.8
2010-02-12  01:10:00  11 41 48.2  -12 23 24  +000954.4 -000104.0  00 57 12.8  196.149 29.824  39.55  37391 14.9
2010-02-12  01:20:00  11 52 24.7  -12 40 23  +000955.2 -000099.7  00 56 37.9  195.925 29.574  41.71  37414 14.9
2010-02-12  01:30:00  12 03 01.8  -12 56 38  +000956.0 -000095.3  00 56 02.5  195.703 29.336  43.94  37437 14.9
2010-02-12  01:40:00  12 13 39.4  -13 12 08  +000956.7 -000090.6  00 55 26.6  195.483 29.110  46.19  37460 14.9
2010-02-12  01:50:00  12 24 17.4  -13 26 51  +000957.3 -000085.8  00 54 50.2  195.265 28.897  48.48  37484 15.0
2010-02-12  02:00:00  12 34 55.8  -13 40 44  +000957.9 -000080.8  00 54 13.4  195.049 28.697  50.79  37508 15.0
2010-02-12  02:10:00  12 45 34.5  -13 53 46  +000958.3 -000075.6  00 53 36.4  194.835 28.511  53.13  37532 15.1
2010-02-12  02:20:00  12 56 13.5  -14 05 56  +000958.6 -000070.3  00 52 59.0  194.625 28.339  55.48  37557 15.1
2010-02-12  02:30:00  13 06 52.7  -14 17 11  +000958.9 -000064.8  00 52 21.5  194.417 28.181  57.86  37581 15.1
2010-02-12  02:40:00  13 17 32.0  -14 27 31  +000959.0 -000059.2  00 51 43.8  194.213 28.039  60.24  37606 15.2
2010-02-12  02:50:00  13 28 11.4  -14 36 54  +000959.0 -000053.4  00 51 06.1  194.013 27.911  62.64  37630 15.2
2010-02-12  03:00:00  13 38 50.7  -14 45 19  +000958.9 -000047.6  00 50 28.4  193.816 27.799  65.04  37654 15.3
2010-02-12  03:10:00  13 49 29.9  -14 52 46  +000958.7 -000041.7  00 49 50.8  193.624 27.702  67.47  37678 15.3
2010-02-12  03:20:00  14 00 09.0  -14 59 13  +000958.4 -000035.7  00 49 13.4  193.436 27.621  69.88  37702 15.4
2010-02-12  03:30:00  14 10 47.8  -15 04 39  +000957.9 -000029.6  00 48 36.3  193.253 27.557  72.32  37726 15.4
2010-02-12  03:40:00  14 21 26.2  -15 09 04  +000957.3 -000023.5  00 47 59.5  193.075 27.508  74.75  37749 15.5
2010-02-12  03:50:00  14 32 04.2  -15 12 29  +000956.6 -000017.3  00 47 23.2  192.902 27.475  77.20  37772 15.5
2010-02-12  04:00:00  14 42 41.6  -15 14 51  +000955.8 -000011.2  00 46 47.3  192.735 27.459  79.64  37794 15.6
2010-02-12  04:10:00  14 53 18.5  -15 16 12  +000954.8 -000005.0  00 46 12.1  192.573 27.459  82.09  37816 15.7

   Date        UTC        RA         DECL      RARate   DeclRate    HourAng      Az     Um    Phase  Range  Mag
2010-02-12  16:20:00  03 08 45.8  +01 21 48  +000909.5 -000003.7  00 42 44.7  194.936 44.006  98.40  37370 16.1
2010-02-12  16:30:00  03 18 52.5  +01 20 42  +000910.6 -000009.5  00 42 39.7  194.902 43.991  95.95  37347 16.0
2010-02-12  16:40:00  03 28 59.9  +01 18 37  +000911.7 -000015.4  00 42 33.9  194.861 43.961  93.51  37324 16.0
2010-02-12  16:50:00  03 39 08.0  +01 15 34  +000912.7 -000021.2  00 42 27.5  194.812 43.916  91.06  37301 15.9
2010-02-12  17:00:00  03 49 16.8  +01 11 33  +000913.7 -000027.1  00 42 20.3  194.754 43.855  88.63  37279 15.8
2010-02-12  17:10:00  03 59 26.3  +01 06 33  +000914.7 -000032.9  00 42 12.4  194.690 43.779  86.18  37258 15.7
2010-02-12  17:20:00  04 09 36.4  +01 00 36  +000915.7 -000038.6  00 42 03.9  194.617 43.688  83.74  37237 15.7
2010-02-12  17:30:00  04 19 47.2  +00 53 41  +000916.6 -000044.3  00 41 54.8  194.538 43.581  81.30  37216 15.6
2010-02-12  17:40:00  04 29 58.6  +00 45 50  +000917.5 -000049.9  00 41 45.1  194.452 43.459  78.86  37196 15.5
2010-02-12  17:50:00  04 40 10.6  +00 37 03  +000918.4 -000055.5  00 41 34.7  194.359 43.322  76.42  37177 15.5
2010-02-12  18:00:00  04 50 23.1  +00 27 20  +000919.3 -000060.9  00 41 23.8  194.259 43.170  74.00  37158 15.4
2010-02-12  18:10:00  05 00 36.3  +00 16 44  +000920.1 -000066.3  00 41 12.3  194.154 43.004  71.56  37140 15.4
2010-02-12  18:20:00  05 10 49.9  +00 05 15  +000920.9 -000071.5  00 41 00.3  194.043 42.824  69.14  37123 15.3
2010-02-12  18:30:00  05 21 04.1  -00 07 05  +000921.7 -000076.6  00 40 47.8  193.926 42.630  66.72  37107 15.3
2010-02-12  18:40:00  05 31 18.8  -00 20 17  +000922.4 -000081.6  00 40 34.7  193.804 42.422  64.32  37092 15.2
2010-02-12  18:50:00  05 41 34.0  -00 34 17  +000923.2 -000086.4  00 40 21.2  193.677 42.201  61.91  37077 15.2
2010-02-12  19:00:00  05 51 49.7  -00 49 04  +000923.9 -000091.1  00 40 07.1  193.545 41.968  59.52  37064 15.1
2010-02-12  19:10:00  06 02 05.9  -01 04 37  +000924.6 -000095.5  00 39 52.6  193.409 41.721  57.14  37051 15.1
2010-02-12  19:20:00  06 12 22.6  -01 20 54  +000925.4 -000099.8  00 39 37.5  193.268 41.463  54.77  37040 15.0
2010-02-12  19:30:00  06 22 39.7  -01 37 53  +000926.1 -000103.9  00 39 22.0  193.124 41.194  52.42  37030 15.0
2010-02-12  19:40:00  06 32 57.3  -01 55 32  +000926.8 -000107.9  00 39 06.1  192.976 40.914  50.09  37020 15.0
2010-02-12  19:50:00  06 43 15.5  -02 13 49  +000927.5 -000111.5  00 38 49.6  192.825 40.623  47.78  37012 14.9
2010-02-12  20:00:00  06 53 34.0  -02 32 42  +000928.2 -000115.0  00 38 32.6  192.670 40.323  45.50  37006 14.9
2010-02-12  20:10:00  07 03 53.1  -02 52 09  +000929.0 -000118.3  00 38 15.2  192.512 40.013  43.25  37000 14.9
2010-02-12  20:20:00  07 14 12.7  -03 12 07  +000929.7 -000121.3  00 37 57.3  192.352 39.695  41.04  36995 14.9
2010-02-12  20:30:00  07 24 32.8  -03 32 34  +000930.5 -000124.0  00 37 38.8  192.188 39.370  38.87  36992 14.8
2010-02-12  20:40:00  07 34 53.4  -03 53 27  +000931.3 -000126.6  00 37 19.9  192.023 39.037  36.76  36990 14.8
2010-02-12  20:50:00  07 45 14.5  -04 14 44  +000932.1 -000128.8  00 37 00.4  191.855 38.697  34.70  36990 14.8
2010-02-12  21:00:00  07 55 36.2  -04 36 23  +000932.9 -000130.8  00 36 40.4  191.684 38.352  32.72  36990 14.8
2010-02-12  21:10:00  08 05 58.4  -04 58 20  +000933.8 -000132.5  00 36 19.8  191.512 38.001  30.83  36992 14.7
2010-02-12  21:20:00  08 16 21.2  -05 20 32  +000934.6 -000134.0  00 35 58.6  191.338 37.647  29.06  36996 14.7
2010-02-12  21:30:00  08 26 44.6  -05 42 58  +000935.5 -000135.1  00 35 36.9  191.161 37.289  27.41  37000 14.7
2010-02-12  21:40:00  08 37 08.6  -06 05 34  +000936.5 -000136.0  00 35 14.5  190.983 36.928  25.92  37006 14.7
2010-02-12  21:50:00  08 47 33.2  -06 28 18  +000937.4 -000136.6  00 34 51.6  190.804 36.565  24.62  37013 14.7
2010-02-12  22:00:00  08 57 58.4  -06 51 06  +000938.4 -000136.9  00 34 27.9  190.622 36.200  23.53  37021 14.7
2010-02-12  22:10:00  09 08 24.4  -07 13 55  +000939.4 -000137.0  00 34 03.6  190.439 35.836  22.69  37031 14.7
2010-02-12  22:20:00  09 18 51.0  -07 36 44  +000940.4 -000136.7  00 33 38.7  190.255 35.471  22.12  37042 14.7
2010-02-12  22:30:00  09 29 18.3  -07 59 28  +000941.4 -000136.1  00 33 13.0  190.069 35.108  21.86  37054 14.7
2010-02-12  22:40:00  09 39 46.2  -08 22 06  +000942.5 -000135.3  00 32 46.7  189.882 34.747  21.90  37067 14.7
2010-02-12  22:50:00  09 50 14.9  -08 44 33  +000943.6 -000134.1  00 32 19.7  189.694 34.389  22.25  37081 14.7
2010-02-12  23:00:00  10 00 44.3  -09 06 47  +000944.7 -000132.7  00 31 51.9  189.504 34.034  22.89  37097 14.7
2010-02-12  23:10:00  10 11 14.5  -09 28 46  +000945.7 -000131.0  00 31 23.4  189.314 33.683  23.81  37113 14.7
2010-02-12  23:20:00  10 21 45.3  -09 50 26  +000946.8 -000129.0  00 30 54.2  189.122 33.338  24.96  37130 14.7
2010-02-12  23:30:00  10 32 16.9  -10 11 45  +000947.9 -000126.7  00 30 24.3  188.930 32.998  26.33  37149 14.7
2010-02-12  23:40:00  10 42 49.2  -10 32 40  +000949.0 -000124.2  00 29 53.6  188.737 32.665  27.86  37168 14.7
2010-02-12  23:50:00  10 53 22.2  -10 53 08  +000950.0 -000121.4  00 29 22.3  188.543 32.340  29.55  37188 14.7
2010-02-13  00:00:00  11 03 55.9  -11 13 07  +000951.1 -000118.3  00 28 50.2  188.348 32.022  31.36  37209 14.8
2010-02-13  00:10:00  11 14 30.3  -11 32 34  +000952.1 -000115.0  00 28 17.5  188.153 31.713  33.28  37231 14.8
2010-02-13  00:20:00  11 25 05.3  -11 51 26  +000953.0 -000111.4  00 27 44.1  187.957 31.413  35.28  37254 14.8
2010-02-13  00:30:00  11 35 40.9  -12 09 40  +000953.9 -000107.6  00 27 10.1  187.762 31.124  37.36  37277 14.8
2010-02-13  00:40:00  11 46 17.2  -12 27 16  +000954.8 -000103.5  00 26 35.5  187.566 30.845  39.49  37300 14.9
2010-02-13  00:50:00  11 56 54.0  -12 44 10  +000955.6 -000099.2  00 26 00.3  187.370 30.578  41.68  37324 14.9
2010-02-13  01:00:00  12 07 31.3  -13 00 20  +000956.4 -000094.8  00 25 24.6  187.175 30.323  43.91  37349 14.9
2010-02-13  01:10:00  12 18 09.1  -13 15 45  +000957.0 -000090.1  00 24 48.4  186.980 30.080  46.18  37374 14.9
2010-02-13  01:20:00  12 28 47.4  -13 30 21  +000957.6 -000085.2  00 24 11.9  186.785 29.850  48.47  37399 15.0
2010-02-13  01:30:00  12 39 26.0  -13 44 08  +000958.1 -000080.1  00 23 34.9  186.591 29.633  50.79  37425 15.0
2010-02-13  01:40:00  12 50 04.9  -13 57 04  +000958.6 -000074.9  00 22 57.7  186.399 29.431  53.13  37450 15.0
2010-02-13  01:50:00  13 00 44.0  -14 09 06  +000958.9 -000069.5  00 22 20.2  186.208 29.242  55.50  37476 15.1
2010-02-13  02:00:00  13 11 23.3  -14 20 14  +000959.1 -000064.0  00 21 42.5  186.018 29.069  57.87  37502 15.1
2010-02-13  02:10:00  13 22 02.7  -14 30 26  +000959.2 -000058.4  00 21 04.7  185.830 28.910  60.27  37528 15.2
2010-02-13  02:20:00  13 32 42.2  -14 39 42  +000959.2 -000052.6  00 20 26.9  185.644 28.767  62.66  37554 15.2
2010-02-13  02:30:00  13 43 21.6  -14 47 58  +000959.0 -000046.7  00 19 49.1  185.460 28.640  65.08  37580 15.3
2010-02-13  02:40:00  13 54 00.9  -14 55 16  +000958.8 -000040.8  00 19 11.5  185.278 28.529  67.50  37605 15.3
2010-02-13  02:50:00  14 04 39.9  -15 01 34  +000958.4 -000034.8  00 18 34.1  185.100 28.434  69.93  37630 15.4
2010-02-13  03:00:00  14 15 18.7  -15 06 52  +000957.9 -000028.7  00 17 57.0  184.924 28.355  72.36  37655 15.4
2010-02-13  03:10:00  14 25 57.1  -15 11 08  +000957.2 -000022.6  00 17 20.2  184.751 28.293  74.81  37680 15.5
2010-02-13  03:20:00  14 36 35.0  -15 14 23  +000956.5 -000016.4  00 16 44.0  184.582 28.247  77.25  37704 15.5
2010-02-13  03:30:00  14 47 12.4  -15 16 36  +000955.6 -000010.2  00 16 08.2  184.417 28.219  79.70  37728 15.6
2010-02-13  03:40:00  14 57 49.1  -15 17 48  +000954.6 -000004.1  00 15 33.1  184.256 28.206  82.14  37751 15.7
2010-02-13  03:50:00  15 08 25.1  -15 17 58  +000953.4 +000002.1  00 14 58.8  184.100 28.211  84.60  37774 15.7
2010-02-13  04:00:00  15 19 00.3  -15 17 06  +000952.2 +000008.2  00 14 25.2  183.948 28.232  87.05  37795 15.8
2010-02-13  04:10:00  15 29 34.6  -15 15 13  +000950.8 +000014.3  00 13 52.5  183.800 28.270  89.51  37817 15.9

   Date        UTC        RA         DECL      RARate   DeclRate    HourAng      Az     Um    Phase  Range  Mag
2010-02-13  16:20:00  03 43 31.3  +01 15 04  +000913.0 -000022.0  00 11 55.8  184.203 44.778  90.95  37237 15.9
2010-02-13  16:30:00  03 53 40.3  +01 10 55  +000914.0 -000027.8  00 11 48.4  184.155 44.711  88.49  37215 15.8
2010-02-13  16:40:00  04 03 50.0  +01 05 48  +000915.0 -000033.6  00 11 40.4  184.102 44.627  86.05  37194 15.7
2010-02-13  16:50:00  04 14 00.3  +00 59 43  +000916.0 -000039.4  00 11 31.7  184.044 44.528  83.60  37173 15.7
2010-02-13  17:00:00  04 24 11.3  +00 52 41  +000916.9 -000045.1  00 11 22.4  183.981 44.413  81.16  37153 15.6
2010-02-13  17:10:00  04 34 22.8  +00 44 42  +000917.8 -000050.7  00 11 12.5  183.915 44.282  78.71  37133 15.5
2010-02-13  17:20:00  04 44 35.0  +00 35 48  +000918.7 -000056.2  00 11 01.9  183.844 44.135  76.28  37115 15.5
2010-02-13  17:30:00  04 54 47.7  +00 25 58  +000919.5 -000061.7  00 10 50.8  183.769 43.974  73.84  37096 15.4
2010-02-13  17:40:00  05 05 01.0  +00 15 15  +000920.3 -000067.0  00 10 39.2  183.691 43.798  71.41  37079 15.4
2010-02-13  17:50:00  05 15 14.8  +00 03 39  +000921.1 -000072.2  00 10 27.0  183.609 43.607  68.97  37063 15.3
2010-02-13  18:00:00  05 25 29.2  -00 08 49  +000921.9 -000077.3  00 10 14.3  183.524 43.401  66.56  37047 15.3
2010-02-13  18:10:00  05 35 44.1  -00 22 07  +000922.7 -000082.3  00 10 01.1  183.436 43.182  64.14  37032 15.2
2010-02-13  18:20:00  05 45 59.4  -00 36 14  +000923.4 -000087.1  00 09 47.4  183.344 42.949  61.74  37018 15.2
2010-02-13  18:30:00  05 56 15.3  -00 51 08  +000924.2 -000091.7  00 09 33.1  183.250 42.704  59.33  37006 15.1
2010-02-13  18:40:00  06 06 31.6  -01 06 48  +000924.9 -000096.2  00 09 18.4  183.153 42.445  56.95  36994 15.1
2010-02-13  18:50:00  06 16 48.5  -01 23 11  +000925.6 -000100.5  00 09 03.3  183.054 42.175  54.57  36983 15.0
2010-02-13  19:00:00  06 27 05.8  -01 40 16  +000926.3 -000104.5  00 08 47.6  182.952 41.892  52.22  36974 15.0
2010-02-13  19:10:00  06 37 23.6  -01 58 01  +000927.0 -000108.4  00 08 31.4  182.848 41.599  49.88  36965 15.0
2010-02-13  19:20:00  06 47 41.8  -02 16 24  +000927.8 -000112.1  00 08 14.8  182.742 41.295  47.57  36958 14.9
2010-02-13  19:30:00  06 58 00.6  -02 35 23  +000928.5 -000115.5  00 07 57.7  182.634 40.981  45.28  36952 14.9
2010-02-13  19:40:00  07 08 19.8  -02 54 54  +000929.2 -000118.8  00 07 40.1  182.524 40.658  43.02  36947 14.9
2010-02-13  19:50:00  07 18 39.6  -03 14 57  +000930.0 -000121.7  00 07 22.0  182.412 40.327  40.80  36943 14.8
2010-02-13  20:00:00  07 28 59.8  -03 35 28  +000930.8 -000124.5  00 07 03.4  182.298 39.987  38.62  36941 14.8
2010-02-13  20:10:00  07 39 20.6  -03 56 26  +000931.5 -000126.9  00 06 44.3  182.183 39.640  36.50  36940 14.8
2010-02-13  20:20:00  07 49 41.9  -04 17 46  +000932.4 -000129.2  00 06 24.6  182.065 39.286  34.44  36940 14.8
2010-02-13  20:30:00  08 00 03.8  -04 39 28  +000933.2 -000131.1  00 06 04.4  181.945 38.927  32.45  36942 14.8
2010-02-13  20:40:00  08 10 26.2  -05 01 28  +000934.1 -000132.8  00 05 43.6  181.824 38.562  30.56  36945 14.7
2010-02-13  20:50:00  08 20 49.2  -05 23 43  +000934.9 -000134.2  00 05 22.2  181.701 38.193  28.77  36949 14.7
2010-02-13  21:00:00  08 31 12.8  -05 46 11  +000935.8 -000135.3  00 05 00.3  181.576 37.821  27.11  36955 14.7
2010-02-13  21:10:00  08 41 37.0  -06 08 49  +000936.8 -000136.2  00 04 37.7  181.449 37.445  25.61  36961 14.7
2010-02-13  21:20:00  08 52 01.8  -06 31 34  +000937.7 -000136.7  00 04 14.5  181.321 37.068  24.30  36969 14.7
2010-02-13  21:30:00  09 02 27.3  -06 54 23  +000938.7 -000137.0  00 03 50.7  181.190 36.689  23.21  36979 14.7
2010-02-13  21:40:00  09 12 53.5  -07 17 13  +000939.7 -000137.0  00 03 26.2  181.057 36.310  22.37  36990 14.7
2010-02-13  21:50:00  09 23 20.3  -07 40 02  +000940.8 -000136.7  00 03 01.0  180.923 35.931  21.81  37001 14.7
2010-02-13  22:00:00  09 33 47.8  -08 02 46  +000941.8 -000136.1  00 02 35.1  180.787 35.553  21.56  37015 14.7
2010-02-13  22:10:00  09 44 16.1  -08 25 22  +000942.9 -000135.2  00 02 08.5  180.648 35.178  21.62  37029 14.7
2010-02-13  22:20:00  09 54 45.0  -08 47 48  +000943.9 -000134.0  00 01 41.2  180.508 34.805  21.98  37044 14.7
2010-02-13  22:30:00  10 05 14.6  -09 10 01  +000945.0 -000132.5  00 01 13.2  180.365 34.435  22.65  37061 14.7
2010-02-13  22:40:00  10 15 45.0  -09 31 58  +000946.1 -000130.7  00 00 44.5  180.221 34.070  23.59  37079 14.7
2010-02-13  22:50:00  10 26 16.1  -09 53 35  +000947.2 -000128.7  00 00 15.0  180.074 33.709  24.77  37097 14.7
2010-02-13  23:00:00  10 36 47.9  -10 14 51  +000948.3 -000126.4  23 59 44.8  179.926 33.355  26.15  37117 14.7
2010-02-13  23:10:00  10 47 20.5  -10 35 42  +000949.3 -000123.8  23 59 14.0  179.775 33.007  27.71  37138 14.7
2010-02-13  23:20:00  10 57 53.7  -10 56 06  +000950.4 -000120.9  23 58 42.4  179.623 32.667  29.42  37159 14.7
2010-02-13  23:30:00  11 08 27.6  -11 16 00  +000951.4 -000117.8  23 58 10.1  179.468 32.334  31.26  37181 14.8
2010-02-13  23:40:00  11 19 02.2  -11 35 22  +000952.4 -000114.4  23 57 37.1  179.312 32.011  33.18  37204 14.8
2010-02-13  23:50:00  11 29 37.5  -11 54 09  +000953.3 -000110.8  23 57 03.5  179.154 31.696  35.21  37228 14.8
2010-02-14  00:00:00  11 40 13.4  -12 12 18  +000954.2 -000107.0  23 56 29.3  178.995 31.392  37.29  37253 14.8
2010-02-14  00:10:00  11 50 49.8  -12 29 47  +000955.1 -000102.9  23 55 54.5  178.834 31.099  39.45  37278 14.8
2010-02-14  00:20:00  12 01 26.8  -12 46 35  +000955.9 -000098.6  23 55 19.1  178.671 30.817  41.64  37303 14.9
2010-02-14  00:30:00  12 12 04.3  -13 02 38  +000956.6 -000094.0  23 54 43.3  178.507 30.547  43.88  37329 14.9
2010-02-14  00:40:00  12 22 42.3  -13 17 55  +000957.3 -000089.3  23 54 06.9  178.342 30.289  46.15  37356 14.9
2010-02-14  00:50:00  12 33 20.6  -13 32 24  +000957.8 -000084.4  23 53 30.2  178.176 30.045  48.46  37382 15.0
2010-02-14  01:00:00  12 43 59.3  -13 46 03  +000958.3 -000079.3  23 52 53.2  178.009 29.814  50.79  37409 15.0
2010-02-14  01:10:00  12 54 38.4  -13 58 50  +000958.7 -000074.1  23 52 15.8  177.841 29.597  53.14  37436 15.0
2010-02-14  01:20:00  13 05 17.6  -14 10 44  +000959.0 -000068.7  23 51 38.2  177.673 29.394  55.51  37464 15.1
2010-02-14  01:30:00  13 15 57.0  -14 21 44  +000959.1 -000063.1  23 51 00.5  177.505 29.207  57.90  37491 15.1
2010-02-14  01:40:00  13 26 36.4  -14 31 47  +000959.2 -000057.5  23 50 22.7  177.336 29.034  60.29  37518 15.2
2010-02-14  01:50:00  13 37 15.9  -14 40 53  +000959.2 -000051.7  23 49 44.8  177.168 28.878  62.70  37546 15.2
2010-02-14  02:00:00  13 47 55.3  -14 49 01  +000959.0 -000045.8  23 49 07.1  177.000 28.737  65.11  37573 15.3
2010-02-14  02:10:00  13 58 34.5  -14 56 09  +000958.7 -000039.8  23 48 29.5  176.833 28.612  67.55  37599 15.3
2010-02-14  02:20:00  14 09 13.5  -15 02 17  +000958.3 -000033.8  23 47 52.2  176.667 28.504  69.97  37626 15.4
2010-02-14  02:30:00  14 19 52.2  -15 07 25  +000957.7 -000027.7  23 47 15.1  176.502 28.412  72.42  37652 15.4
2010-02-14  02:40:00  14 30 30.4  -15 11 32  +000957.1 -000021.6  23 46 38.5  176.338 28.337  74.86  37678 15.5
2010-02-14  02:50:00  14 41 08.2  -15 14 37  +000956.2 -000015.4  23 46 02.4  176.176 28.279  77.31  37704 15.5
2010-02-14  03:00:00  14 51 45.4  -15 16 41  +000955.3 -000009.3  23 45 26.8  176.016 28.237  79.75  37729 15.6
2010-02-14  03:10:00  15 02 21.9  -15 17 43  +000954.3 -000003.1  23 44 51.9  175.858 28.213  82.21  37753 15.7
2010-02-14  03:20:00  15 12 57.7  -15 17 43  +000953.1 +000003.1  23 44 17.8  175.702 28.206  84.66  37777 15.7
2010-02-14  03:30:00  15 23 32.7  -15 16 42  +000951.8 +000009.2  23 43 44.5  175.549 28.215  87.13  37800 15.8
2010-02-14  03:40:00  15 34 06.7  -15 14 40  +000950.4 +000015.3  23 43 12.1  175.400 28.242  89.58  37823 15.9
2010-02-14  03:50:00  15 44 39.8  -15 11 37  +000948.8 +000021.3  23 42 40.6  175.253 28.285  92.04  37844 16.0
2010-02-14  04:00:00  15 55 11.8  -15 07 35  +000947.2 +000027.3  23 42 10.2  175.110 28.345  94.49  37865 16.0

   Date        UTC        RA         DECL      RARate   DeclRate    HourAng      Az     Um    Phase  Range  Mag
2010-02-14  16:20:00  04 18 26.1  +00 58 44  +000916.2 -000040.1  23 40 57.5  173.332 44.391  83.46  37179 15.7
2010-02-14  16:30:00  04 28 37.2  +00 51 35  +000917.2 -000045.7  23 40 48.1  173.290 44.269  81.01  37159 15.6
2010-02-14  16:40:00  04 38 49.0  +00 43 30  +000918.0 -000051.3  23 40 38.0  173.247 44.131  78.57  37140 15.5
2010-02-14  16:50:00  04 49 01.3  +00 34 29  +000918.9 -000056.9  23 40 27.3  173.203 43.977  76.11  37122 15.5
2010-02-14  17:00:00  04 59 14.1  +00 24 33  +000919.7 -000062.3  23 40 16.1  173.157 43.809  73.68  37105 15.4
2010-02-14  17:10:00  05 09 27.6  +00 13 43  +000920.5 -000067.6  23 40 04.3  173.109 43.625  71.24  37088 15.4
2010-02-14  17:20:00  05 19 41.6  +00 02 01  +000921.3 -000072.8  23 39 51.9  173.061 43.426  68.81  37072 15.3
2010-02-14  17:30:00  05 29 56.0  -00 10 33  +000922.1 -000077.9  23 39 39.1  173.012 43.213  66.37  37057 15.3
2010-02-14  17:40:00  05 40 11.0  -00 23 56  +000922.9 -000082.8  23 39 25.7  172.962 42.986  63.96  37043 15.2
2010-02-14  17:50:00  05 50 26.5  -00 38 09  +000923.6 -000087.6  23 39 11.9  172.911 42.745  61.54  37030 15.2
2010-02-14  18:00:00  06 00 42.5  -00 53 08  +000924.3 -000092.2  23 38 57.5  172.859 42.491  59.14  37017 15.1
2010-02-14  18:10:00  06 10 59.0  -01 08 52  +000925.1 -000096.6  23 38 42.7  172.806 42.224  56.75  37006 15.1
2010-02-14  18:20:00  06 21 15.9  -01 25 20  +000925.8 -000100.9  23 38 27.4  172.753 41.945  54.37  36996 15.0
2010-02-14  18:30:00  06 31 33.4  -01 42 29  +000926.5 -000104.9  23 38 11.6  172.698 41.655  52.00  36988 15.0
2010-02-14  18:40:00  06 41 51.3  -02 00 18  +000927.2 -000108.8  23 37 55.4  172.643 41.353  49.67  36980 15.0
2010-02-14  18:50:00  06 52 09.7  -02 18 45  +000927.9 -000112.4  23 37 38.6  172.587 41.041  47.34  36973 14.9
2010-02-14  19:00:00  07 02 28.5  -02 37 46  +000928.7 -000115.8  23 37 21.4  172.530 40.719  45.05  36968 14.9
2010-02-14  19:10:00  07 12 47.9  -02 57 21  +000929.4 -000119.0  23 37 03.7  172.472 40.387  42.78  36964 14.9
2010-02-14  19:20:00  07 23 07.8  -03 17 26  +000930.2 -000122.0  23 36 45.4  172.413 40.047  40.55  36961 14.8
2010-02-14  19:30:00  07 33 28.2  -03 37 60  +000931.0 -000124.7  23 36 26.7  172.353 39.698  38.36  36960 14.8
2010-02-14  19:40:00  07 43 49.1  -03 58 59  +000931.8 -000127.1  23 36 07.4  172.291 39.343  36.23  36960 14.8
2010-02-14  19:50:00  07 54 10.5  -04 20 21  +000932.6 -000129.3  23 35 47.6  172.228 38.980  34.16  36961 14.8
2010-02-14  20:00:00  08 04 32.5  -04 42 03  +000933.4 -000131.2  23 35 27.3  172.164 38.612  32.17  36963 14.8
2010-02-14  20:10:00  08 14 55.1  -05 04 04  +000934.3 -000132.8  23 35 06.3  172.098 38.239  30.26  36967 14.7
2010-02-14  20:20:00  08 25 18.2  -05 26 19  +000935.2 -000134.2  23 34 44.8  172.030 37.861  28.46  36972 14.7
2010-02-14  20:30:00  08 35 42.0  -05 48 47  +000936.1 -000135.3  23 34 22.7  171.960 37.480  26.80  36979 14.7
2010-02-14  20:40:00  08 46 06.3  -06 11 24  +000937.0 -000136.1  23 34 00.0  171.889 37.095  25.29  36987 14.7
2010-02-14  20:50:00  08 56 31.4  -06 34 08  +000938.0 -000136.6  23 33 36.6  171.815 36.709  23.97  36996 14.7
2010-02-14  21:00:00  09 06 57.0  -06 56 55  +000939.0 -000136.8  23 33 12.6  171.739 36.321  22.88  37006 14.7
2010-02-14  21:10:00  09 17 23.3  -07 19 43  +000940.0 -000136.8  23 32 47.9  171.660 35.933  22.04  37018 14.7
2010-02-14  21:20:00  09 27 50.3  -07 42 29  +000941.0 -000136.4  23 32 22.6  171.579 35.545  21.48  37031 14.7
2010-02-14  21:30:00  09 38 18.0  -08 05 10  +000942.1 -000135.7  23 31 56.5  171.496 35.157  21.24  37045 14.7
2010-02-14  21:40:00  09 48 46.4  -08 27 43  +000943.1 -000134.8  23 31 29.8  171.409 34.772  21.31  37061 14.7
2010-02-14  21:50:00  09 59 15.6  -08 50 06  +000944.2 -000133.6  23 31 02.3  171.320 34.390  21.70  37077 14.7
2010-02-14  22:00:00  10 09 45.4  -09 12 14  +000945.3 -000132.1  23 30 34.1  171.228 34.010  22.39  37095 14.7
2010-02-14  22:10:00  10 20 16.0  -09 34 06  +000946.4 -000130.3  23 30 05.2  171.133 33.635  23.35  37114 14.7
2010-02-14  22:20:00  10 30 47.2  -09 55 38  +000947.5 -000128.2  23 29 35.5  171.034 33.265  24.55  37134 14.7
2010-02-14  22:30:00  10 41 19.2  -10 16 49  +000948.5 -000125.8  23 29 05.2  170.933 32.901  25.97  37154 14.7
2010-02-14  22:40:00  10 51 51.9  -10 37 34  +000949.6 -000123.2  23 28 34.1  170.828 32.543  27.54  37176 14.7
2010-02-14  22:50:00  11 02 25.3  -10 57 52  +000950.6 -000120.3  23 28 02.4  170.720 32.192  29.28  37199 14.7
2010-02-14  23:00:00  11 12 59.4  -11 17 39  +000951.6 -000117.1  23 27 29.9  170.609 31.849  31.12  37222 14.8
2010-02-14  23:10:00  11 23 34.2  -11 36 53  +000952.6 -000113.7  23 26 56.8  170.495 31.515  33.08  37247 14.8
2010-02-14  23:20:00  11 34 09.6  -11 55 33  +000953.5 -000110.1  23 26 23.1  170.377 31.190  35.11  37272 14.8
2010-02-14  23:30:00  11 44 45.6  -12 13 34  +000954.4 -000106.2  23 25 48.7  170.257 30.875  37.22  37298 14.8
2010-02-14  23:40:00  11 55 22.1  -12 30 55  +000955.3 -000102.1  23 25 13.8  170.133 30.571  39.38  37324 14.9
2010-02-14  23:50:00  12 05 59.2  -12 47 35  +000956.0 -000097.7  23 24 38.3  170.006 30.278  41.59  37351 14.9
2010-02-15  00:00:00  12 16 36.8  -13 03 29  +000956.7 -000093.2  23 24 02.4  169.877 29.997  43.84  37378 14.9
2010-02-15  00:10:00  12 27 14.9  -13 18 37  +000957.4 -000088.4  23 23 26.0  169.744 29.728  46.13  37406 14.9
2010-02-15  00:20:00  12 37 53.3  -13 32 57  +000957.9 -000083.5  23 22 49.2  169.609 29.472  48.44  37434 15.0
2010-02-15  00:30:00  12 48 32.0  -13 46 27  +000958.3 -000078.4  23 22 12.1  169.471 29.230  50.78  37462 15.0
2010-02-15  00:40:00  12 59 11.1  -13 59 04  +000958.7 -000073.1  23 21 34.7  169.331 29.002  53.13  37491 15.0
2010-02-15  00:50:00  13 09 50.3  -14 10 49  +000959.0 -000067.7  23 20 57.1  169.189 28.788  55.51  37519 15.1
2010-02-15  01:00:00  13 20 29.6  -14 21 38  +000959.1 -000062.1  23 20 19.4  169.045 28.588  57.90  37548 15.1
2010-02-15  01:10:00  13 31 09.1  -14 31 31  +000959.1 -000056.5  23 19 41.6  168.898 28.404  60.31  37577 15.2
2010-02-15  01:20:00  13 41 48.5  -14 40 27  +000959.0 -000050.7  23 19 03.9  168.750 28.236  62.72  37605 15.2
2010-02-15  01:30:00  13 52 27.7  -14 48 25  +000958.8 -000044.8  23 18 26.2  168.601 28.083  65.15  37633 15.3
2010-02-15  01:40:00  14 03 06.9  -14 55 23  +000958.5 -000038.8  23 17 48.8  168.451 27.947  67.57  37662 15.3
2010-02-15  01:50:00  14 13 45.7  -15 01 22  +000958.0 -000032.8  23 17 11.6  168.299 27.827  70.01  37690 15.4
2010-02-15  02:00:00  14 24 24.2  -15 06 19  +000957.5 -000026.7  23 16 34.7  168.147 27.723  72.45  37717 15.4
2010-02-15  02:10:00  14 35 02.3  -15 10 16  +000956.7 -000020.6  23 15 58.3  167.994 27.637  74.90  37744 15.5
2010-02-15  02:20:00  14 45 39.8  -15 13 12  +000955.9 -000014.5  23 15 22.4  167.841 27.567  77.35  37771 15.5
2010-02-15  02:30:00  14 56 16.8  -15 15 06  +000954.9 -000008.3  23 14 47.1  167.688 27.514  79.81  37797 15.6
2010-02-15  02:40:00  15 06 53.1  -15 15 58  +000953.8 -000002.2  23 14 12.4  167.536 27.478  82.26  37823 15.7
2010-02-15  02:50:00  15 17 28.5  -15 15 49  +000952.6 +000004.0  23 13 38.6  167.384 27.460  84.72  37848 15.7
2010-02-15  03:00:00  15 28 03.2  -15 14 39  +000951.3 +000010.1  23 13 05.6  167.233 27.458  87.18  37872 15.8
2010-02-15  03:10:00  15 38 36.9  -15 12 27  +000949.9 +000016.1  23 12 33.5  167.083 27.474  89.64  37896 15.9
2010-02-15  03:20:00  15 49 09.6  -15 09 16  +000948.3 +000022.1  23 12 02.4  166.934 27.506  92.10  37919 16.0
2010-02-15  03:30:00  15 59 41.3  -15 05 05  +000946.6 +000028.1  23 11 32.4  166.787 27.555  94.56  37941 16.0
2010-02-15  03:40:00  16 10 11.8  -14 59 55  +000944.9 +000033.9  23 11 03.5  166.642 27.621  97.02  37962 16.1
2010-02-15  03:50:00  16 20 41.1  -14 53 47  +000943.0 +000039.7  23 10 35.9  166.499 27.703  99.48  37982 16.2
2010-02-15  04:00:00  16 31 09.2  -14 46 42  +000941.1 +000045.3  23 10 09.5  166.358 27.802 101.94  38001 16.3

   Date        UTC        RA         DECL      RARate   DeclRate    HourAng      Az     Um    Phase  Range  Mag
2010-02-15  16:20:00  04 53 25.6  +00 33 06  +000919.1 -000057.4  23 09 54.6  162.796 42.858  75.97  37200 15.5
2010-02-15  16:30:00  05 03 38.6  +00 23 05  +000919.9 -000062.8  23 09 43.2  162.779 42.685  73.51  37183 15.4
2010-02-15  16:40:00  05 13 52.2  +00 12 10  +000920.7 -000068.1  23 09 31.3  162.764 42.497  71.08  37166 15.4
2010-02-15  16:50:00  05 24 06.2  +00 00 23  +000921.5 -000073.3  23 09 18.9  162.749 42.294  68.63  37151 15.3
2010-02-15  17:00:00  05 34 20.8  -00 12 15  +000922.3 -000078.3  23 09 05.9  162.736 42.077  66.21  37137 15.3
2010-02-15  17:10:00  05 44 35.9  -00 25 43  +000923.0 -000083.2  23 08 52.5  162.724 41.846  63.78  37123 15.2
2010-02-15  17:20:00  05 54 51.5  -00 39 59  +000923.7 -000088.0  23 08 38.5  162.713 41.601  61.36  37111 15.2
2010-02-15  17:30:00  06 05 07.6  -00 55 01  +000924.5 -000092.5  23 08 24.1  162.703 41.344  58.95  37099 15.1
2010-02-15  17:40:00  06 15 24.2  -01 10 49  +000925.2 -000096.9  23 08 09.2  162.694 41.073  56.56  37089 15.1
2010-02-15  17:50:00  06 25 41.2  -01 27 19  +000925.9 -000101.1  23 07 53.8  162.686 40.791  54.17  37080 15.0
2010-02-15  18:00:00  06 35 58.7  -01 44 31  +000926.6 -000105.2  23 07 37.9  162.678 40.497  51.80  37071 15.0
2010-02-15  18:10:00  06 46 16.7  -02 02 22  +000927.3 -000109.0  23 07 21.6  162.671 40.192  49.45  37064 15.0
2010-02-15  18:20:00  06 56 35.2  -02 20 50  +000928.1 -000112.6  23 07 04.7  162.664 39.876  47.12  37059 14.9
2010-02-15  18:30:00  07 06 54.1  -02 39 52  +000928.8 -000115.9  23 06 47.4  162.657 39.551  44.81  37054 14.9
2010-02-15  18:40:00  07 17 13.6  -02 59 28  +000929.5 -000119.1  23 06 29.6  162.651 39.216  42.55  37051 14.9
2010-02-15  18:50:00  07 27 33.5  -03 19 33  +000930.3 -000122.0  23 06 11.3  162.643 38.872  40.30  37049 14.8
2010-02-15  19:00:00  07 37 54.0  -03 40 06  +000931.1 -000124.6  23 05 52.5  162.636 38.521  38.11  37049 14.8
2010-02-15  19:10:00  07 48 15.0  -04 01 05  +000931.9 -000127.0  23 05 33.1  162.627 38.162  35.96  37049 14.8
2010-02-15  19:20:00  07 58 36.5  -04 22 26  +000932.7 -000129.2  23 05 13.2  162.618 37.797  33.89  37051 14.8
2010-02-15  19:30:00  08 08 58.6  -04 44 07  +000933.6 -000131.0  23 04 52.8  162.607 37.426  31.88  37055 14.8
2010-02-15  19:40:00  08 19 21.3  -05 06 06  +000934.4 -000132.6  23 04 31.8  162.595 37.050  29.96  37059 14.7
2010-02-15  19:50:00  08 29 44.5  -05 28 19  +000935.3 -000133.9  23 04 10.2  162.582 36.669  28.15  37065 14.7
2010-02-15  20:00:00  08 40 08.4  -05 50 43  +000936.2 -000135.0  23 03 48.0  162.566 36.284  26.48  37073 14.7
2010-02-15  20:10:00  08 50 32.9  -06 13 17  +000937.2 -000135.7  23 03 25.1  162.548 35.897  24.96  37082 14.7
2010-02-15  20:20:00  09 00 58.0  -06 35 57  +000938.1 -000136.2  23 03 01.7  162.528 35.507  23.64  37092 14.7
2010-02-15  20:30:00  09 11 23.7  -06 58 41  +000939.1 -000136.4  23 02 37.5  162.505 35.116  22.54  37103 14.7
2010-02-15  20:40:00  09 21 50.2  -07 21 24  +000940.2 -000136.3  23 02 12.8  162.480 34.724  21.69  37116 14.7
2010-02-15  20:50:00  09 32 17.3  -07 44 05  +000941.2 -000135.9  23 01 47.3  162.451 34.332  21.14  37130 14.7
2010-02-15  21:00:00  09 42 45.1  -08 06 41  +000942.2 -000135.2  23 01 21.1  162.419 33.941  20.90  37145 14.7
2010-02-15  21:10:00  09 53 13.6  -08 29 08  +000943.3 -000134.2  23 00 54.3  162.384 33.552  20.99  37161 14.7
2010-02-15  21:20:00  10 03 42.8  -08 51 24  +000944.4 -000132.9  23 00 26.7  162.345 33.166  21.40  37179 14.7
2010-02-15  21:30:00  10 14 12.8  -09 13 26  +000945.5 -000131.4  22 59 58.4  162.302 32.782  22.11  37198 14.7
2010-02-15  21:40:00  10 24 43.4  -09 35 10  +000946.5 -000129.5  22 59 29.3  162.255 32.403  23.09  37218 14.7
2010-02-15  21:50:00  10 35 14.8  -09 56 36  +000947.6 -000127.4  22 58 59.6  162.204 32.028  24.32  37239 14.7
2010-02-15  22:00:00  10 45 46.9  -10 17 38  +000948.7 -000125.0  22 58 29.1  162.149 31.658  25.75  37261 14.7
2010-02-15  22:10:00  10 56 19.7  -10 38 15  +000949.7 -000122.4  22 57 58.0  162.090 31.295  27.36  37283 14.7
2010-02-15  22:20:00  11 06 53.2  -10 58 24  +000950.7 -000119.4  22 57 26.1  162.026 30.939  29.11  37307 14.7
2010-02-15  22:30:00  11 17 27.4  -11 18 03  +000951.7 -000116.2  22 56 53.6  161.958 30.591  30.98  37332 14.8
2010-02-15  22:40:00  11 28 02.2  -11 37 08  +000952.7 -000112.8  22 56 20.4  161.885 30.251  32.95  37358 14.8
2010-02-15  22:50:00  11 38 37.6  -11 55 38  +000953.6 -000109.1  22 55 46.6  161.807 29.920  35.00  37384 14.8
2010-02-15  23:00:00  11 49 13.7  -12 13 30  +000954.5 -000105.2  22 55 12.2  161.726 29.598  37.12  37411 14.8
2010-02-15  23:10:00  11 59 50.3  -12 30 42  +000955.3 -000101.1  22 54 37.3  161.639 29.287  39.30  37438 14.9
2010-02-15  23:20:00  12 10 27.4  -12 47 11  +000956.1 -000096.7  22 54 01.8  161.549 28.987  41.51  37466 14.9
2010-02-15  23:30:00  12 21 05.0  -13 02 55  +000956.7 -000092.1  22 53 25.8  161.453 28.699  43.78  37495 14.9
2010-02-15  23:40:00  12 31 43.0  -13 17 53  +000957.3 -000087.4  22 52 49.4  161.354 28.423  46.07  37524 14.9
2010-02-15  23:50:00  12 42 21.4  -13 32 02  +000957.8 -000082.4  22 52 12.7  161.250 28.159  48.40  37553 15.0
2010-02-16  00:00:00  12 53 00.2  -13 45 21  +000958.3 -000077.3  22 51 35.6  161.142 27.909  50.74  37582 15.0
2010-02-16  00:10:00  13 03 39.1  -13 57 48  +000958.6 -000072.0  22 50 58.3  161.030 27.672  53.11  37612 15.1
2010-02-16  00:20:00  13 14 18.3  -14 09 21  +000958.8 -000066.6  22 50 20.8  160.914 27.450  55.48  37642 15.1
2010-02-16  00:30:00  13 24 57.5  -14 19 60  +000958.9 -000061.1  22 49 43.2  160.794 27.242  57.89  37672 15.1
2010-02-16  00:40:00  13 35 36.8  -14 29 42  +000958.9 -000055.4  22 49 05.5  160.671 27.049  60.29  37702 15.2
2010-02-16  00:50:00  13 46 16.0  -14 38 27  +000958.8 -000049.6  22 48 28.0  160.544 26.871  62.72  37732 15.2
2010-02-16  01:00:00  13 56 55.1  -14 46 14  +000958.5 -000043.7  22 47 50.5  160.415 26.709  65.14  37761 15.3
2010-02-16  01:10:00  14 07 34.0  -14 53 02  +000958.2 -000037.8  22 47 13.2  160.282 26.563  67.58  37791 15.3
2010-02-16  01:20:00  14 18 12.7  -14 58 50  +000957.7 -000031.8  22 46 36.2  160.147 26.433  70.02  37820 15.4
2010-02-16  01:30:00  14 28 50.9  -15 03 37  +000957.1 -000025.7  22 45 59.6  160.009 26.320  72.47  37849 15.4
2010-02-16  01:40:00  14 39 28.7  -15 07 24  +000956.3 -000019.6  22 45 23.4  159.869 26.223  74.91  37877 15.5
2010-02-16  01:50:00  14 50 06.0  -15 10 09  +000955.4 -000013.5  22 44 47.8  159.727 26.144  77.38  37905 15.6
2010-02-16  02:00:00  15 00 42.6  -15 11 53  +000954.4 -000007.3  22 44 12.8  159.583 26.081  79.83  37932 15.6
2010-02-16  02:10:00  15 11 18.6  -15 12 36  +000953.3 -000001.2  22 43 38.5  159.438 26.035  82.29  37959 15.7
2010-02-16  02:20:00  15 21 53.7  -15 12 18  +000952.1 +000004.9  22 43 05.0  159.291 26.006  84.75  37985 15.7
2010-02-16  02:30:00  15 32 28.0  -15 10 59  +000950.7 +000011.0  22 42 32.4  159.144 25.994  87.22  38011 15.8
2010-02-16  02:40:00  15 43 01.3  -15 08 39  +000949.2 +000017.0  22 42 00.7  158.996 25.999  89.67  38035 15.9
2010-02-16  02:50:00  15 53 33.6  -15 05 19  +000947.7 +000022.9  22 41 30.1  158.847 26.021  92.14  38059 16.0
2010-02-16  03:00:00  16 04 04.9  -15 01 00  +000946.0 +000028.8  22 41 00.5  158.698 26.059  94.60  38082 16.0
2010-02-16  03:10:00  16 14 34.9  -14 55 43  +000944.2 +000034.6  22 40 32.0  158.550 26.115  97.07  38104 16.1
2010-02-16  03:20:00  16 25 03.8  -14 49 28  +000942.3 +000040.4  22 40 04.8  158.402 26.186  99.52  38125 16.2
2010-02-16  03:30:00  16 35 31.4  -14 42 16  +000940.4 +000046.0  22 39 38.9  158.254 26.275 101.99  38146 16.3
2010-02-16  03:40:00  16 45 57.7  -14 34 09  +000938.4 +000051.5  22 39 14.2  158.107 26.379 104.44  38165 16.4
2010-02-16  03:50:00  16 56 22.6  -14 25 08  +000936.3 +000056.8  22 38 51.0  157.961 26.499 106.91  38183 16.5
2010-02-16  04:00:00  17 06 46.1  -14 15 14  +000934.2 +000062.0  22 38 29.1  157.817 26.634 109.36  38201 16.6
