ЭФЕМЕРИДЫ ПО ОБЪЕКТУ:  90110
Для пункта:  10016 Маяки   46 23'50.68"   30 16'17.74"    14m
C   2010-02-01 12:00
по  2010-02-16 12:00
Шаг  0:10:00
Мин.угол места:          10 град
Макс.угол места Солнца: -10 град
Стандартный блеск :      9.3 (зв.вел.)

ОБОЗНАЧЕНИЯ
RA        прямое восхождение, тек.эпоха
DECL      склонение, тек.эпоха
RARate    скорость по пр.восх., арксек/мин
DeclRate  скорость по склонению, арксек/мин
HourAng   часовой угол
Az        азимут
Um        угол места
Phase     фазовый угол
Range     дальность
Mag       зв.величина (оценка)

   Date        UTC        RA         DECL      RARate   DeclRate    HourAng      Az     Um    Phase  Range  Mag
2010-02-01  16:00:00  03 25 43.4  +05 04 00  +000934.3 +000134.9  23 22 21.8  165.949 47.874  82.53  36613 16.9
2010-02-01  16:10:00  03 36 08.2  +05 25 47  +000940.1 +000126.5  23 21 58.6  165.716 48.215  79.94  36522 16.8
2010-02-01  16:20:00  03 46 36.9  +05 46 09  +000945.9 +000117.7  23 21 31.5  165.461 48.530  77.36  36432 16.8
2010-02-01  16:30:00  03 57 09.4  +06 05 01  +000951.6 +000108.6  23 21 00.7  165.187 48.817  74.75  36345 16.7
2010-02-01  16:40:00  04 07 45.6  +06 22 19  +000957.2 +000099.1  23 20 26.1  164.893 49.075  72.15  36260 16.6
2010-02-01  16:50:00  04 18 25.6  +06 38 01  +000962.6 +000089.2  23 19 47.8  164.582 49.303  69.53  36177 16.6
2010-02-01  17:00:00  04 29 09.1  +06 52 02  +000967.9 +000079.0  23 19 05.9  164.253 49.501  66.92  36097 16.5
2010-02-01  17:10:00  04 39 56.0  +07 04 19  +000973.0 +000068.4  23 18 20.6  163.909 49.666  64.29  36020 16.5
2010-02-01  17:20:00  04 50 46.3  +07 14 50  +000977.8 +000057.6  23 17 32.0  163.552 49.799  61.66  35946 16.4
2010-02-01  17:30:00  05 01 39.7  +07 23 31  +000982.4 +000046.5  23 16 40.2  163.182 49.898  59.02  35875 16.4
2010-02-01  17:40:00  05 12 36.1  +07 30 20  +000986.7 +000035.2  23 15 45.5  162.802 49.963  56.39  35807 16.3
2010-02-01  17:50:00  05 23 35.3  +07 35 14  +000990.7 +000023.7  23 14 47.9  162.414 49.994  53.74  35743 16.3
2010-02-01  18:00:00  05 34 37.0  +07 38 13  +000994.4 +000012.0  23 13 47.9  162.020 49.990  51.11  35682 16.2
2010-02-01  18:10:00  05 45 41.1  +07 39 14  +000997.8 +000000.1  23 12 45.4  161.623 49.950  48.47  35625 16.2
2010-02-01  18:20:00  05 56 47.3  +07 38 16  +001000.8 -000011.8  23 11 40.8  161.225 49.875  45.84  35573 16.1
2010-02-01  18:30:00  06 07 55.4  +07 35 17  +001003.4 -000023.8  23 10 34.4  160.828 49.765  43.21  35524 16.1
2010-02-01  18:40:00  06 19 05.1  +07 30 19  +001005.7 -000035.9  23 09 26.3  160.435 49.619  40.60  35480 16.1
2010-02-01  18:50:00  06 30 16.2  +07 23 20  +001007.6 -000047.9  23 08 16.9  160.047 49.439  38.00  35439 16.0
2010-02-01  19:00:00  06 41 28.4  +07 14 20  +001009.1 -000059.9  23 07 06.3  159.668 49.223  35.43  35404 16.0
2010-02-01  19:10:00  06 52 41.6  +07 03 21  +001010.2 -000071.9  23 05 54.8  159.298 48.974  32.87  35373 16.0
2010-02-01  19:20:00  07 03 55.3  +06 50 23  +001010.9 -000083.6  23 04 42.7  158.941 48.691  30.37  35346 15.9
2010-02-01  19:30:00  07 15 09.4  +06 35 29  +001011.3 -000095.3  23 03 30.3  158.597 48.375  27.90  35325 15.9
2010-02-01  19:40:00  07 26 23.6  +06 18 39  +001011.3 -000106.7  23 02 17.7  158.268 48.027  25.51  35308 15.9
2010-02-01  19:50:00  07 37 37.7  +05 59 57  +001011.0 -000117.8  23 01 05.2  157.956 47.648  23.20  35296 15.9
2010-02-01  20:00:00  07 48 51.5  +05 39 24  +001010.3 -000128.7  22 59 53.1  157.662 47.239  21.02  35290 15.9
2010-02-01  20:10:00  08 00 04.8  +05 17 04  +001009.4 -000139.2  22 58 41.4  157.386 46.802  18.99  35288 15.9
2010-02-01  20:20:00  08 11 17.3  +04 53 01  +001008.1 -000149.4  22 57 30.6  157.130 46.337  17.20  35292 15.8
2010-02-01  20:30:00  08 22 28.9  +04 27 17  +001006.6 -000159.2  22 56 20.6  156.894 45.845  15.71  35300 15.8
2010-02-01  20:40:00  08 33 39.4  +03 59 58  +001004.8 -000168.6  22 55 11.8  156.678 45.329  14.63  35314 15.8
2010-02-01  20:50:00  08 44 48.6  +03 31 07  +001002.9 -000177.5  22 54 04.2  156.482 44.790  14.03  35333 15.8
2010-02-01  21:00:00  08 55 56.5  +03 00 50     <<SHADOW>>        22 52 57.9  156.307 44.228  13.99  35358 ----
2010-02-01  21:10:00  09 07 02.9  +02 29 10     <<SHADOW>>        22 51 53.2  156.151 43.647  14.52  35387 ----
2010-02-01  21:20:00  09 18 07.7  +01 56 13     <<SHADOW>>        22 50 50.0  156.015 43.046  15.54  35422 ----
2010-02-01  21:30:00  09 29 10.9  +01 22 05  +000993.5 -000208.2  22 49 48.5  155.898 42.428  16.99  35461 15.9
2010-02-01  21:40:00  09 40 12.3  +00 46 51  +000990.8 -000214.5  22 48 48.7  155.800 41.794  18.74  35506 15.9
2010-02-01  21:50:00  09 51 12.0  +00 10 37  +000988.1 -000220.3  22 47 50.6  155.718 41.146  20.74  35555 15.9
2010-02-01  22:00:00  10 02 09.9  -00 26 32  +000985.4 -000225.4  22 46 54.4  155.654 40.486  22.89  35610 15.9
2010-02-01  22:10:00  10 13 05.9  -01 04 29  +000982.7 -000230.0  22 46 00.0  155.605 39.815  25.19  35669 15.9
2010-02-01  22:20:00  10 24 00.1  -01 43 10  +000980.0 -000234.0  22 45 07.4  155.571 39.135  27.56  35732 15.9
2010-02-01  22:30:00  10 34 52.6  -02 22 27  +000977.3 -000237.3  22 44 16.6  155.551 38.447  30.02  35801 16.0
2010-02-01  22:40:00  10 45 43.3  -03 02 15  +000974.7 -000240.1  22 43 27.5  155.543 37.753  32.51  35873 16.0
2010-02-01  22:50:00  10 56 32.3  -03 42 27  +000972.2 -000242.3  22 42 40.2  155.547 37.055  35.05  35950 16.0
2010-02-01  23:00:00  11 07 19.5  -04 22 59  +000969.7 -000243.9  22 41 54.6  155.561 36.353  37.61  36030 16.1
2010-02-01  23:10:00  11 18 05.2  -05 03 43  +000967.3 -000244.9  22 41 10.6  155.585 35.650  40.20  36115 16.1
2010-02-01  23:20:00  11 28 49.3  -05 44 34  +000965.0 -000245.3  22 40 28.1  155.617 34.948  42.80  36203 16.1
2010-02-01  23:30:00  11 39 31.9  -06 25 26  +000962.8 -000245.1  22 39 47.2  155.656 34.246  45.42  36295 16.2
2010-02-01  23:40:00  11 50 13.1  -07 06 14  +000960.8 -000244.3  22 39 07.6  155.702 33.548  48.03  36390 16.2
2010-02-01  23:50:00  12 00 52.9  -07 46 51  +000958.8 -000243.0  22 38 29.4  155.752 32.854  50.66  36487 16.3
2010-02-02  00:00:00  12 11 31.5  -08 27 12  +000957.0 -000241.2  22 37 52.5  155.807 32.166  53.27  36588 16.3
2010-02-02  00:10:00  12 22 08.9  -09 07 13  +000955.3 -000238.8  22 37 16.7  155.865 31.485  55.90  36691 16.3
2010-02-02  00:20:00  12 32 45.3  -09 46 47  +000953.7 -000235.9  22 36 42.0  155.925 30.812  58.51  36797 16.4
2010-02-02  00:30:00  12 43 20.5  -10 25 50  +000952.2 -000232.5  22 36 08.4  155.987 30.149  61.14  36904 16.5
2010-02-02  00:40:00  12 53 54.9  -11 04 16  +000950.8 -000228.7  22 35 35.7  156.050 29.497  63.74  37013 16.5
2010-02-02  00:50:00  13 04 28.3  -11 42 01  +000949.6 -000224.3  22 35 03.9  156.113 28.857  66.35  37124 16.6
2010-02-02  01:00:00  13 15 01.0  -12 19 01  +000948.4 -000219.5  22 34 32.9  156.176 28.230  68.94  37236 16.6
2010-02-02  01:10:00  13 25 32.8  -12 55 11  +000947.3 -000214.3  22 34 02.6  156.237 27.617  71.54  37350 16.7
2010-02-02  01:20:00  13 36 04.0  -13 30 26  +000946.3 -000208.7  22 33 33.1  156.296 27.020  74.12  37464 16.8
2010-02-02  01:30:00  13 46 34.5  -14 04 44  +000945.3 -000202.7  22 33 04.2  156.353 26.439  76.70  37578 16.8
2010-02-02  01:40:00  13 57 04.4  -14 37 60  +000944.4 -000196.3  22 32 36.0  156.407 25.875  79.26  37693 16.9
2010-02-02  01:50:00  14 07 33.8  -15 10 10  +000943.5 -000189.6  22 32 08.3  156.459 25.329  81.82  37807 17.0
2010-02-02  02:00:00  14 18 02.5  -15 41 11  +000942.7 -000182.5  22 31 41.2  156.507 24.803  84.35  37922 17.0
2010-02-02  02:10:00  14 28 30.6  -16 10 60  +000941.8 -000175.2  22 31 14.7  156.551 24.296  86.90  38036 17.1
2010-02-02  02:20:00  14 38 58.3  -16 39 34  +000941.0 -000167.5  22 30 48.7  156.591 23.810  89.41  38149 17.2
2010-02-02  02:30:00  14 49 25.3  -17 06 50  +000940.1 -000159.6  22 30 23.3  156.627 23.346  91.93  38261 17.3
2010-02-02  02:40:00  14 59 51.8  -17 32 45  +000939.3 -000151.5  22 29 58.5  156.658 22.903  94.43  38372 17.4
2010-02-02  02:50:00  15 10 17.6  -17 57 18  +000938.3 -000143.1  22 29 34.3  156.686 22.484  96.93  38481 17.4
2010-02-02  03:00:00  15 20 42.9  -18 20 26  +000937.3 -000134.5  22 29 10.7  156.709 22.088  99.41  38589 17.5
2010-02-02  03:10:00  15 31 07.4  -18 42 07  +000936.2 -000125.7  22 28 47.8  156.728 21.716 101.89  38694 17.6
2010-02-02  03:20:00  15 41 31.1  -19 02 20  +000935.1 -000116.8  22 28 25.7  156.742 21.368 104.34  38798 17.7
2010-02-02  03:30:00  15 51 54.1  -19 21 02  +000933.9 -000107.7  22 28 04.3  156.752 21.045 106.80  38899 17.8
2010-02-02  03:40:00  16 02 16.3  -19 38 13  +000932.5 -000098.5  22 27 43.9  156.758 20.748 109.24  38997 17.9
2010-02-02  03:50:00  16 12 37.5  -19 53 52  +000931.0 -000089.2  22 27 24.3  156.760 20.476 111.68  39093 18.0
2010-02-02  04:00:00  16 22 57.6  -20 07 57  +000929.5 -000079.8  22 27 05.8  156.759 20.230 114.09  39185 18.1
2010-02-02  04:10:00  16 33 16.7  -20 20 28  +000927.8 -000070.3  22 26 48.3  156.754 20.011 116.52  39275 18.3
2010-02-02  04:20:00  16 43 34.6  -20 31 24  +000925.9 -000060.8  22 26 32.1  156.745 19.818 118.91  39361 18.4

   Date        UTC        RA         DECL      RARate   DeclRate    HourAng      Az     Um    Phase  Range  Mag
2010-02-02  16:10:00  04 15 04.3  +06 26 36  +000960.3 +000095.1  22 46 59.0  152.813 47.061  71.34  36358 16.6
2010-02-02  16:20:00  04 25 46.3  +06 41 38  +000965.6 +000085.1  22 46 18.7  152.462 47.245  68.72  36278 16.6
2010-02-02  16:30:00  04 36 31.8  +06 54 57  +000970.8 +000074.8  22 45 34.8  152.103 47.396  66.09  36201 16.5
2010-02-02  16:40:00  04 47 20.6  +07 06 33  +000975.7 +000064.2  22 44 47.6  151.737 47.515  63.46  36127 16.4
2010-02-02  16:50:00  04 58 12.7  +07 16 20  +000980.4 +000053.3  22 43 57.2  151.366 47.600  60.82  36056 16.4
2010-02-02  17:00:00  05 09 07.7  +07 24 18  +000984.8 +000042.1  22 43 03.8  150.991 47.651  58.18  35989 16.3
2010-02-02  17:10:00  05 20 05.6  +07 30 22  +000988.9 +000030.8  22 42 07.5  150.615 47.667  55.53  35925 16.3
2010-02-02  17:20:00  05 31 06.2  +07 34 32  +000992.7 +000019.2  22 41 08.6  150.241 47.649  52.89  35864 16.2
2010-02-02  17:30:00  05 42 09.2  +07 36 46  +000996.2 +000007.5  22 40 07.3  149.869 47.596  50.24  35808 16.2
2010-02-02  17:40:00  05 53 14.4  +07 37 01  +000999.3 -000004.4  22 39 03.7  149.503 47.508  47.61  35756 16.2
2010-02-02  17:50:00  06 04 21.5  +07 35 18  +001002.1 -000016.3  22 37 58.2  149.144 47.385  44.97  35707 16.1
2010-02-02  18:00:00  06 15 30.4  +07 31 35  +001004.5 -000028.3  22 36 51.0  148.794 47.227  42.35  35663 16.1
2010-02-02  18:10:00  06 26 40.8  +07 25 52  +001006.5 -000040.3  22 35 42.3  148.456 47.036  39.72  35623 16.1
2010-02-02  18:20:00  06 37 52.4  +07 18 09  +001008.2 -000052.3  22 34 32.3  148.131 46.810  37.13  35588 16.0
2010-02-02  18:30:00  06 49 04.9  +07 08 26  +001009.4 -000064.2  22 33 21.4  147.821 46.552  34.55  35557 16.0
2010-02-02  18:40:00  07 00 18.2  +06 56 45  +001010.3 -000076.0  22 32 09.8  147.527 46.261  32.01  35531 16.0
2010-02-02  18:50:00  07 11 31.9  +06 43 06  +001010.8 -000087.7  22 30 57.7  147.251 45.938  29.49  35510 15.9
2010-02-02  19:00:00  07 22 45.8  +06 27 32  +001010.9 -000099.1  22 29 45.4  146.994 45.585  27.05  35494 15.9
2010-02-02  19:10:00  07 33 59.7  +06 10 04  +001010.7 -000110.4  22 28 33.2  146.757 45.202  24.66  35482 15.9
2010-02-02  19:20:00  07 45 13.4  +05 50 45  +001010.2 -000121.4  22 27 21.1  146.540 44.791  22.38  35476 15.9
2010-02-02  19:30:00  07 56 26.6  +05 29 38  +001009.4 -000132.0  22 26 09.6  146.345 44.352  20.22  35475 15.9
2010-02-02  19:40:00  08 07 39.2  +05 06 46  +001008.2 -000142.4  22 24 58.7  146.171 43.887  18.25  35478 15.9
2010-02-02  19:50:00  08 18 50.8  +04 42 12  +001006.8 -000152.3  22 23 48.6  146.018 43.397  16.52  35487 15.9
2010-02-02  20:00:00  08 30 01.5  +04 16 01  +001005.1 -000161.9  22 22 39.6  145.888 42.884  15.13  35501 15.8
2010-02-02  20:10:00  08 41 11.0  +03 48 16  +001003.2 -000171.0  22 21 31.8  145.779 42.348  14.16  35520 15.8
2010-02-02  20:20:00  08 52 19.1  +03 19 02  +001001.1 -000179.7  22 20 25.3  145.691 41.792  13.72  35544 15.8
2010-02-02  20:30:00  09 03 25.8  +02 48 24     <<SHADOW>>        22 19 20.3  145.624 41.216  13.86  35573 ----
2010-02-02  20:40:00  09 14 30.9  +02 16 26     <<SHADOW>>        22 18 16.8  145.577 40.622  14.55  35608 ----
2010-02-02  20:50:00  09 25 34.4  +01 43 14     <<SHADOW>>        22 17 14.9  145.549 40.013  15.73  35647 ----
2010-02-02  21:00:00  09 36 36.2  +01 08 54  +000991.4 -000209.3  22 16 14.7  145.539 39.388  17.29  35691 15.9
2010-02-02  21:10:00  09 47 36.3  +00 33 30  +000988.7 -000215.3  22 15 16.4  145.547 38.750  19.14  35740 15.9
2010-02-02  21:20:00  09 58 34.5  -00 02 51  +000986.0 -000220.8  22 14 19.8  145.572 38.100  21.19  35794 15.9
2010-02-02  21:30:00  10 09 30.9  -00 40 04  +000983.3 -000225.7  22 13 25.0  145.612 37.440  23.41  35853 15.9
2010-02-02  21:40:00  10 20 25.5  -01 18 03  +000980.5 -000230.0  22 12 32.0  145.666 36.771  25.73  35916 15.9
2010-02-02  21:50:00  10 31 18.3  -01 56 42  +000977.9 -000233.7  22 11 40.8  145.733 36.094  28.15  35984 16.0
2010-02-02  22:00:00  10 42 09.4  -02 35 55  +000975.2 -000236.8  22 10 51.5  145.812 35.412  30.61  36056 16.0
2010-02-02  22:10:00  10 52 58.6  -03 15 37  +000972.6 -000239.3  22 10 03.8  145.903 34.725  33.13  36132 16.0
2010-02-02  22:20:00  11 03 46.2  -03 55 40  +000970.1 -000241.3  22 09 17.9  146.002 34.036  35.67  36212 16.0
2010-02-02  22:30:00  11 14 32.1  -04 36 00  +000967.6 -000242.6  22 08 33.7  146.110 33.345  38.25  36296 16.1
2010-02-02  22:40:00  11 25 16.4  -05 16 31  +000965.3 -000243.4  22 07 51.0  146.226 32.654  40.84  36383 16.1
2010-02-02  22:50:00  11 35 59.2  -05 57 06  +000963.1 -000243.5  22 07 09.9  146.347 31.964  43.45  36474 16.2
2010-02-02  23:00:00  11 46 40.5  -06 37 40  +000960.9 -000243.1  22 06 30.2  146.474 31.276  46.06  36569 16.2
2010-02-02  23:10:00  11 57 20.5  -07 18 07  +000958.9 -000242.2  22 05 51.9  146.604 30.593  48.68  36666 16.2
2010-02-02  23:20:00  12 07 59.1  -07 58 22  +000957.0 -000240.7  22 05 14.8  146.738 29.914  51.30  36766 16.3
2010-02-02  23:30:00  12 18 36.6  -08 38 19  +000955.3 -000238.7  22 04 39.0  146.873 29.243  53.93  36869 16.3
2010-02-02  23:40:00  12 29 12.9  -09 17 54  +000953.6 -000236.1  22 04 04.4  147.009 28.578  56.54  36974 16.4
2010-02-02  23:50:00  12 39 48.1  -09 57 01  +000952.1 -000233.1  22 03 30.8  147.146 27.923  59.16  37081 16.4
2010-02-03  00:00:00  12 50 22.4  -10 35 34  +000950.7 -000229.5  22 02 58.2  147.281 27.278  61.77  37190 16.5
2010-02-03  00:10:00  13 00 55.7  -11 13 30  +000949.3 -000225.5  22 02 26.5  147.415 26.644  64.38  37301 16.5
2010-02-03  00:20:00  13 11 28.2  -11 50 43  +000948.1 -000221.1  22 01 55.7  147.547 26.022  66.98  37413 16.6
2010-02-03  00:30:00  13 21 59.9  -12 27 10  +000947.0 -000216.2  22 01 25.6  147.676 25.413  69.58  37526 16.7
2010-02-03  00:40:00  13 32 30.9  -13 02 46  +000945.9 -000210.9  22 00 56.3  147.802 24.819  72.16  37640 16.7
2010-02-03  00:50:00  13 43 01.2  -13 37 26  +000945.0 -000205.1  22 00 27.6  147.923 24.240  74.74  37755 16.8
2010-02-03  01:00:00  13 53 30.8  -14 11 07  +000944.0 -000199.0  21 59 59.6  148.039 23.677  77.30  37870 16.9
2010-02-03  01:10:00  14 03 59.9  -14 43 46  +000943.2 -000192.6  21 59 32.1  148.151 23.131  79.87  37985 16.9
2010-02-03  01:20:00  14 14 28.3  -15 15 18  +000942.3 -000185.8  21 59 05.3  148.257 22.603  82.41  38100 17.0
2010-02-03  01:30:00  14 24 56.3  -15 45 41  +000941.5 -000178.7  21 58 39.1  148.357 22.095  84.96  38215 17.1
2010-02-03  01:40:00  14 35 23.6  -16 14 51  +000940.6 -000171.3  21 58 13.3  148.451 21.605  87.48  38329 17.1
2010-02-03  01:50:00  14 45 50.4  -16 42 46  +000939.8 -000163.6  21 57 48.2  148.539 21.136  90.01  38442 17.2
2010-02-03  02:00:00  14 56 16.7  -17 09 23  +000938.9 -000155.7  21 57 23.6  148.620 20.689  92.51  38554 17.3
2010-02-03  02:10:00  15 06 42.3  -17 34 39  +000938.0 -000147.5  21 56 59.6  148.694 20.263  95.02  38664 17.4
2010-02-03  02:20:00  15 17 07.4  -17 58 32  +000937.1 -000139.1  21 56 36.2  148.762 19.859  97.50  38773 17.5
2010-02-03  02:30:00  15 27 31.7  -18 20 60  +000936.0 -000130.5  21 56 13.5  148.823 19.478  99.99  38880 17.6
2010-02-03  02:40:00  15 37 55.4  -18 42 01  +000934.9 -000121.7  21 55 51.5  148.878 19.121 102.45  38985 17.7
2010-02-03  02:50:00  15 48 18.3  -19 01 34  +000933.8 -000112.8  21 55 30.2  148.925 18.787 104.92  39088 17.8
2010-02-03  03:00:00  15 58 40.4  -19 19 37  +000932.5 -000103.7  21 55 09.7  148.966 18.478 107.36  39188 17.9
2010-02-03  03:10:00  16 09 01.6  -19 36 09  +000931.1 -000094.6  21 54 50.2  149.000 18.194 109.80  39286 18.0
2010-02-03  03:20:00  16 19 21.8  -19 51 08  +000929.6 -000085.3  21 54 31.6  149.029 17.935 112.23  39381 18.1
2010-02-03  03:30:00  16 29 41.0  -20 04 35  +000928.0 -000076.0  21 54 14.0  149.050 17.702 114.65  39472 18.2
2010-02-03  03:40:00  16 39 59.1  -20 16 28  +000926.2 -000066.6  21 53 57.6  149.067 17.494 117.06  39561 18.3
2010-02-03  03:50:00  16 50 15.9  -20 26 47  +000924.3 -000057.2  21 53 42.4  149.077 17.313 119.47  39646 18.4
2010-02-03  04:00:00  17 00 31.5  -20 35 31  +000922.3 -000047.7  21 53 28.5  149.082 17.157 121.85  39727 18.6
2010-02-03  04:10:00  17 10 45.7  -20 42 41  +000920.2 -000038.2  21 53 15.9  149.082 17.028 124.25  39805 18.7
2010-02-03  04:20:00  17 20 58.4  -20 48 16  +000917.9 -000028.8  21 53 04.9  149.077 16.926 126.62  39879 18.8

   Date        UTC        RA         DECL      RARate   DeclRate    HourAng      Az     Um    Phase  Range  Mag
2010-02-03  16:10:00  04 54 35.2  +07 07 37  +000978.1 +000059.8  22 11 24.7  140.734 44.329  62.67  36313 16.4
2010-02-03  16:20:00  05 05 28.8  +07 16 40  +000982.6 +000048.8  22 10 32.7  140.371 44.370  60.03  36245 16.4
2010-02-03  16:30:00  05 16 25.3  +07 23 53  +000986.9 +000037.6  22 09 37.8  140.012 44.376  57.37  36181 16.3
2010-02-03  16:40:00  05 27 24.6  +07 29 12  +000990.8 +000026.2  22 08 40.2  139.659 44.349  54.73  36121 16.3
2010-02-03  16:50:00  05 38 26.3  +07 32 37  +000994.4 +000014.7  22 07 40.2  139.314 44.287  52.07  36065 16.2
2010-02-03  17:00:00  05 49 30.3  +07 34 05  +000997.6 +000003.0  22 06 37.8  138.978 44.192  49.43  36013 16.2
2010-02-03  17:10:00  06 00 36.4  +07 33 36  +001000.5 -000008.9  22 05 33.4  138.654 44.063  46.78  35965 16.2
2010-02-03  17:20:00  06 11 44.2  +07 31 08  +001003.0 -000020.8  22 04 27.1  138.343 43.900  44.15  35921 16.1
2010-02-03  17:30:00  06 22 53.7  +07 26 41  +001005.2 -000032.7  22 03 19.3  138.047 43.705  41.51  35881 16.1
2010-02-03  17:40:00  06 34 04.4  +07 20 14  +001007.0 -000044.6  22 02 10.2  137.767 43.477  38.90  35846 16.1
2010-02-03  17:50:00  06 45 16.3  +07 11 48  +001008.4 -000056.5  22 01 00.1  137.505 43.217  36.30  35816 16.0
2010-02-03  18:00:00  06 56 28.9  +07 01 25  +001009.4 -000068.3  21 59 49.1  137.262 42.926  33.73  35790 16.0
2010-02-03  18:10:00  07 07 42.0  +06 49 03  +001010.0 -000079.9  21 58 37.6  137.039 42.604  31.18  35769 16.0
2010-02-03  18:20:00  07 18 55.5  +06 34 46  +001010.3 -000091.4  21 57 25.7  136.838 42.254  28.68  35753 15.9
2010-02-03  18:30:00  07 30 09.1  +06 18 35  +001010.3 -000102.7  21 56 13.8  136.658 41.875  26.23  35742 15.9
2010-02-03  18:40:00  07 41 22.4  +06 00 33  +001009.8 -000113.8  21 55 02.1  136.500 41.469  23.87  35735 15.9
2010-02-03  18:50:00  07 52 35.5  +05 40 41  +001009.1 -000124.5  21 53 50.7  136.365 41.037  21.60  35734 15.9
2010-02-03  19:00:00  08 03 47.9  +05 19 03  +001008.1 -000135.0  21 52 39.9  136.252 40.580  19.48  35738 15.9
2010-02-03  19:10:00  08 14 59.5  +04 55 42  +001006.8 -000145.1  21 51 30.0  136.162 40.099  17.55  35746 15.9
2010-02-03  19:20:00  08 26 10.2  +04 30 42  +001005.2 -000154.8  21 50 20.9  136.095 39.596  15.90  35760 15.9
2010-02-03  19:30:00  08 37 19.7  +04 04 07  +001003.4 -000164.1  21 49 13.0  136.050 39.072  14.60  35779 15.9
2010-02-03  19:40:00  08 48 28.0  +03 36 01  +001001.4 -000173.0  21 48 06.4  136.026 38.528  13.76  35803 15.9
2010-02-03  19:50:00  08 59 34.8  +03 06 29     <<SHADOW>>        21 47 01.2  136.024 37.966  13.48  35832 ----
2010-02-03  20:00:00  09 10 40.2  +02 35 35     <<SHADOW>>        21 45 57.5  136.042 37.387  13.78  35866 ----
2010-02-03  20:10:00  09 21 43.9  +02 03 25     <<SHADOW>>        21 44 55.4  136.079 36.792  14.63  35905 ----
2010-02-03  20:20:00  09 32 46.0  +01 30 03     <<SHADOW>>        21 43 55.0  136.135 36.184  15.93  35949 ----
2010-02-03  20:30:00  09 43 46.3  +00 55 36  +000989.1 -000209.9  21 42 56.3  136.209 35.563  17.60  35998 15.9
2010-02-03  20:40:00  09 54 44.8  +00 20 08  +000986.4 -000215.6  21 41 59.4  136.299 34.930  19.52  36051 15.9
2010-02-03  20:50:00  10 05 41.5  -00 16 15  +000983.7 -000220.8  21 41 04.4  136.405 34.288  21.64  36109 15.9
2010-02-03  21:00:00  10 16 36.4  -00 53 26  +000981.0 -000225.4  21 40 11.1  136.524 33.637  23.89  36172 15.9
2010-02-03  21:10:00  10 27 29.5  -01 31 22  +000978.3 -000229.5  21 39 19.7  136.657 32.979  26.26  36239 16.0
2010-02-03  21:20:00  10 38 20.8  -02 09 54  +000975.6 -000232.9  21 38 30.0  136.801 32.315  28.68  36310 16.0
2010-02-03  21:30:00  10 49 10.3  -02 48 58  +000972.9 -000235.8  21 37 42.2  136.957 31.647  31.17  36386 16.0
2010-02-03  21:40:00  10 59 58.1  -03 28 27  +000970.4 -000238.0  21 36 56.0  137.121 30.976  33.69  36465 16.0
2010-02-03  21:50:00  11 10 44.2  -04 08 17  +000967.9 -000239.7  21 36 11.6  137.293 30.303  36.26  36549 16.1
2010-02-03  22:00:00  11 21 28.6  -04 48 20  +000965.5 -000240.8  21 35 28.7  137.473 29.630  38.83  36635 16.1
2010-02-03  22:10:00  11 32 11.6  -05 28 31  +000963.2 -000241.4  21 34 47.5  137.658 28.958  41.43  36726 16.1
2010-02-03  22:20:00  11 42 53.0  -06 08 45  +000961.1 -000241.3  21 34 07.7  137.848 28.288  44.03  36819 16.2
2010-02-03  22:30:00  11 53 33.0  -06 48 56  +000959.0 -000240.7  21 33 29.3  138.041 27.621  46.65  36916 16.2
2010-02-03  22:40:00  12 04 11.7  -07 28 58  +000957.0 -000239.6  21 32 52.3  138.237 26.959  49.26  37016 16.3
2010-02-03  22:50:00  12 14 49.1  -08 08 46  +000955.2 -000237.9  21 32 16.5  138.434 26.302  51.89  37118 16.3
2010-02-03  23:00:00  12 25 25.3  -08 48 15  +000953.5 -000235.7  21 31 41.9  138.631 25.653  54.50  37222 16.4
2010-02-03  23:10:00  12 36 00.5  -09 27 19  +000951.9 -000233.0  21 31 08.4  138.828 25.011  57.12  37329 16.4
2010-02-03  23:20:00  12 46 34.6  -10 05 53  +000950.5 -000229.8  21 30 35.9  139.023 24.379  59.73  37437 16.5
2010-02-03  23:30:00  12 57 07.8  -10 43 54  +000949.1 -000226.1  21 30 04.4  139.215 23.757  62.35  37548 16.5
2010-02-03  23:40:00  13 07 40.1  -11 21 15  +000947.8 -000222.0  21 29 33.8  139.405 23.146  64.94  37660 16.6
2010-02-03  23:50:00  13 18 11.5  -11 57 53  +000946.6 -000217.4  21 29 03.9  139.590 22.548  67.55  37773 16.6
2010-02-04  00:00:00  13 28 42.3  -12 33 43  +000945.6 -000212.4  21 28 34.8  139.771 21.962  70.13  37887 16.7
2010-02-04  00:10:00  13 39 12.3  -13 08 40  +000944.5 -000207.0  21 28 06.4  139.947 21.391  72.72  38001 16.8
2010-02-04  00:20:00  13 49 41.7  -13 42 42  +000943.6 -000201.2  21 27 38.7  140.116 20.835  75.28  38116 16.8
2010-02-04  00:30:00  14 00 10.5  -14 15 44  +000942.7 -000195.1  21 27 11.6  140.280 20.295  77.86  38232 16.9
2010-02-04  00:40:00  14 10 38.6  -14 47 43  +000941.8 -000188.6  21 26 45.1  140.436 19.771  80.40  38347 17.0
2010-02-04  00:50:00  14 21 06.2  -15 18 35  +000941.0 -000181.7  21 26 19.1  140.585 19.266  82.96  38462 17.0
2010-02-04  01:00:00  14 31 33.3  -15 48 17  +000940.2 -000174.6  21 25 53.7  140.727 18.778  85.48  38576 17.1
2010-02-04  01:10:00  14 41 59.8  -16 16 46  +000939.3 -000167.2  21 25 28.8  140.860 18.310  88.02  38690 17.2
2010-02-04  01:20:00  14 52 25.7  -16 43 60  +000938.5 -000159.5  21 25 04.5  140.985 17.862  90.52  38803 17.3
2010-02-04  01:30:00  15 02 51.1  -17 09 55  +000937.6 -000151.5  21 24 40.8  141.102 17.434  93.04  38914 17.3
2010-02-04  01:40:00  15 13 15.9  -17 34 29  +000936.7 -000143.3  21 24 17.6  141.211 17.027  95.53  39024 17.4
2010-02-04  01:50:00  15 23 40.0  -17 57 41  +000935.7 -000134.9  21 23 55.1  141.311 16.642  98.02  39132 17.5
2010-02-04  02:00:00  15 34 03.5  -18 19 27  +000934.7 -000126.4  21 23 33.3  141.402 16.279 100.49  39239 17.6
2010-02-04  02:10:00  15 44 26.3  -18 39 48  +000933.6 -000117.6  21 23 12.2  141.484 15.939 102.96  39343 17.7
2010-02-04  02:20:00  15 54 48.3  -18 58 40  +000932.4 -000108.7  21 22 51.8  141.558 15.622 105.41  39445 17.8
2010-02-04  02:30:00  16 05 09.4  -19 16 02  +000931.1 -000099.7  21 22 32.3  141.623 15.329 107.86  39544 17.9
2010-02-04  02:40:00  16 15 29.7  -19 31 54  +000929.6 -000090.6  21 22 13.7  141.680 15.061 110.29  39640 18.0
2010-02-04  02:50:00  16 25 49.0  -19 46 14  +000928.1 -000081.4  21 21 56.1  141.729 14.816 112.72  39734 18.1
2010-02-04  03:00:00  16 36 07.1  -19 59 02  +000926.4 -000072.1  21 21 39.5  141.769 14.597 115.13  39824 18.2
2010-02-04  03:10:00  16 46 24.2  -20 10 17  +000924.7 -000062.8  21 21 24.1  141.802 14.402 117.55  39911 18.3
2010-02-04  03:20:00  16 56 40.0  -20 19 59  +000922.8 -000053.5  21 21 10.0  141.826 14.233 119.94  39995 18.5
2010-02-04  03:30:00  17 06 54.5  -20 28 06  +000920.7 -000044.1  21 20 57.1  141.844 14.090 122.34  40075 18.6
2010-02-04  03:40:00  17 17 07.6  -20 34 41  +000918.5 -000034.7  21 20 45.7  141.854 13.972 124.71  40151 18.7
2010-02-04  03:50:00  17 27 19.2  -20 39 41  +000916.2 -000025.4  21 20 35.7  141.858 13.880 127.09  40224 18.9
2010-02-04  04:00:00  17 37 29.2  -20 43 09  +000913.8 -000016.1  21 20 27.3  141.855 13.814 129.45  40292 19.0
2010-02-04  04:10:00  17 47 37.5  -20 45 03  +000911.2 -000006.8  21 20 20.6  141.846 13.774 131.82  40356 19.2
2010-02-04  04:20:00  17 57 44.1  -20 45 26  +000908.6 +000002.4  21 20 15.7  141.831 13.759 134.17  40416 19.3

   Date        UTC        RA         DECL      RARate   DeclRate    HourAng      Az     Um    Phase  Range  Mag
2010-02-04  16:10:00  05 34 28.1  +07 26 54  +000992.3 +000021.7  21 35 28.3  129.996 40.254  53.98  36392 16.3
2010-02-04  16:20:00  05 45 30.8  +07 29 33  +000995.7 +000010.2  21 34 27.3  129.686 40.157  51.33  36340 16.3
2010-02-04  16:30:00  05 56 35.6  +07 30 17  +000998.7 -000001.5  21 33 24.1  129.389 40.027  48.67  36291 16.2
2010-02-04  16:40:00  06 07 42.3  +07 29 03  +001001.3 -000013.3  21 32 19.1  129.108 39.865  46.03  36248 16.2
2010-02-04  16:50:00  06 18 50.7  +07 25 51  +001003.6 -000025.1  21 31 12.4  128.844 39.671  43.38  36208 16.1
2010-02-04  17:00:00  06 30 00.4  +07 20 41  +001005.6 -000036.9  21 30 04.2  128.598 39.446  40.76  36173 16.1
2010-02-04  17:10:00  06 41 11.3  +07 13 33  +001007.1 -000048.7  21 28 55.0  128.371 39.190  38.13  36142 16.1
2010-02-04  17:20:00  06 52 23.1  +07 04 27  +001008.3 -000060.5  21 27 44.8  128.165 38.905  35.54  36117 16.0
2010-02-04  17:30:00  07 03 35.6  +06 53 24  +001009.1 -000072.1  21 26 34.0  127.980 38.591  32.96  36096 16.0
2010-02-04  17:40:00  07 14 48.5  +06 40 25  +001009.5 -000083.6  21 25 22.7  127.816 38.248  30.43  36079 16.0
2010-02-04  17:50:00  07 26 01.5  +06 25 32  +001009.5 -000094.9  21 24 11.4  127.676 37.879  27.93  36068 16.0
2010-02-04  18:00:00  07 37 14.5  +06 08 47  +001009.3 -000106.0  21 23 00.0  127.558 37.483  25.50  36062 15.9
2010-02-04  18:10:00  07 48 27.1  +05 50 13  +001008.7 -000116.8  21 21 49.0  127.463 37.063  23.14  36060 15.9
2010-02-04  18:20:00  07 59 39.3  +05 29 52  +001007.8 -000127.4  21 20 38.5  127.391 36.618  20.90  36064 15.9
2010-02-04  18:30:00  08 10 50.8  +05 07 47  +001006.5 -000137.6  21 19 28.7  127.342 36.152  18.81  36073 15.9
2010-02-04  18:40:00  08 22 01.3  +04 44 01  +001005.1 -000147.4  21 18 19.8  127.316 35.664  16.93  36086 15.9
2010-02-04  18:50:00  08 33 10.8  +04 18 39  +001003.4 -000156.9  21 17 11.9  127.313 35.156  15.34  36105 15.9
2010-02-04  19:00:00  08 44 19.1  +03 51 45  +001001.4 -000165.9  21 16 05.3  127.332 34.629  14.14  36129 15.9
2010-02-04  19:10:00  08 55 26.0  +03 23 23  +000999.3 -000174.5  21 14 60.0  127.372 34.085  13.43  36158 15.9
2010-02-04  19:20:00  09 06 31.5  +02 53 37     <<SHADOW>>        21 13 56.2  127.432 33.524  13.29  36191 ----
2010-02-04  19:30:00  09 17 35.4  +02 22 32     <<SHADOW>>        21 12 53.9  127.512 32.949  13.74  36230 ----
2010-02-04  19:40:00  09 28 37.6  +01 50 14     <<SHADOW>>        21 11 53.3  127.611 32.360  14.72  36273 ----
2010-02-04  19:50:00  09 39 38.2  +01 16 47     <<SHADOW>>        21 10 54.4  127.728 31.759  16.14  36322 ----
2010-02-04  20:00:00  09 50 36.9  +00 42 17  +000986.8 -000209.9  21 09 57.3  127.861 31.148  17.89  36374 15.9
2010-02-04  20:10:00  10 01 33.9  +00 06 50  +000984.1 -000215.4  21 09 02.0  128.010 30.526  19.88  36432 15.9
2010-02-04  20:20:00  10 12 29.0  -00 29 29  +000981.3 -000220.3  21 08 08.5  128.174 29.897  22.04  36494 15.9
2010-02-04  20:30:00  10 23 22.3  -01 06 35  +000978.6 -000224.7  21 07 16.8  128.351 29.261  24.34  36560 16.0
2010-02-04  20:40:00  10 34 13.8  -01 44 21  +000975.9 -000228.4  21 06 27.0  128.540 28.619  26.72  36631 16.0
2010-02-04  20:50:00  10 45 03.5  -02 22 42  +000973.2 -000231.6  21 05 38.9  128.740 27.972  29.17  36706 16.0
2010-02-04  21:00:00  10 55 51.5  -03 01 32  +000970.7 -000234.2  21 04 52.6  128.949 27.323  31.66  36784 16.0
2010-02-04  21:10:00  11 06 37.8  -03 40 44  +000968.1 -000236.3  21 04 08.0  129.167 26.672  34.21  36867 16.1
2010-02-04  21:20:00  11 17 22.4  -04 20 15  +000965.7 -000237.7  21 03 25.0  129.392 26.020  36.76  36953 16.1
2010-02-04  21:30:00  11 28 05.4  -04 59 57  +000963.4 -000238.6  21 02 43.6  129.622 25.369  39.35  37042 16.1
2010-02-04  21:40:00  11 38 46.9  -05 39 45  +000961.1 -000238.9  21 02 03.7  129.858 24.720  41.94  37135 16.2
2010-02-04  21:50:00  11 49 27.0  -06 19 33  +000959.0 -000238.7  21 01 25.3  130.097 24.073  44.55  37231 16.2
2010-02-04  22:00:00  12 00 05.6  -06 59 16  +000957.0 -000237.9  21 00 48.3  130.338 23.430  47.16  37329 16.3
2010-02-04  22:10:00  12 10 43.0  -07 38 49  +000955.1 -000236.6  21 00 12.6  130.581 22.793  49.78  37431 16.3
2010-02-04  22:20:00  12 21 19.2  -08 18 06  +000953.4 -000234.7  20 59 38.1  130.824 22.162  52.39  37535 16.3
2010-02-04  22:30:00  12 31 54.2  -08 57 02  +000951.7 -000232.4  20 59 04.7  131.067 21.538  55.01  37641 16.4
2010-02-04  22:40:00  12 42 28.2  -09 35 32  +000950.2 -000229.5  20 58 32.3  131.307 20.922  57.62  37749 16.4
2010-02-04  22:50:00  12 53 01.2  -10 13 31  +000948.8 -000226.2  20 58 01.0  131.546 20.316  60.24  37858 16.5
2010-02-04  23:00:00  13 03 33.2  -10 50 55  +000947.5 -000222.4  20 57 30.6  131.780 19.720  62.83  37969 16.5
2010-02-04  23:10:00  13 14 04.5  -11 27 38  +000946.3 -000218.2  20 57 01.0  132.010 19.135  65.44  38082 16.6
2010-02-04  23:20:00  13 24 34.9  -12 03 37  +000945.1 -000213.5  20 56 32.2  132.236 18.562  68.02  38196 16.7
2010-02-04  23:30:00  13 35 04.7  -12 38 47  +000944.1 -000208.4  20 56 04.1  132.455 18.002  70.61  38310 16.7
2010-02-04  23:40:00  13 45 33.7  -13 13 04  +000943.1 -000203.0  20 55 36.6  132.668 17.456  73.18  38425 16.8
2010-02-04  23:50:00  13 56 02.2  -13 46 25  +000942.2 -000197.1  20 55 09.9  132.874 16.926  75.76  38540 16.9
2010-02-05  00:00:00  14 06 30.0  -14 18 45  +000941.3 -000190.9  20 54 43.7  133.072 16.410  78.31  38655 16.9
2010-02-05  00:10:00  14 16 57.2  -14 50 02  +000940.5 -000184.3  20 54 18.1  133.262 15.911  80.87  38770 17.0
2010-02-05  00:20:00  14 27 24.0  -15 20 11  +000939.7 -000177.5  20 53 53.0  133.444 15.429  83.40  38885 17.1
2010-02-05  00:30:00  14 37 50.1  -15 49 11  +000938.8 -000170.3  20 53 28.5  133.617 14.965  85.94  38999 17.1
2010-02-05  00:40:00  14 48 15.7  -16 16 57  +000938.0 -000162.9  20 53 04.5  133.780 14.520  88.45  39112 17.2
2010-02-05  00:50:00  14 58 40.8  -16 43 27  +000937.2 -000155.2  20 52 41.1  133.934 14.093  90.97  39224 17.3
2010-02-05  01:00:00  15 09 05.3  -17 08 39  +000936.3 -000147.2  20 52 18.2  134.078 13.687  93.46  39335 17.4
2010-02-05  01:10:00  15 19 29.2  -17 32 31  +000935.4 -000139.1  20 51 56.0  134.212 13.301  95.96  39444 17.5
2010-02-05  01:20:00  15 29 52.4  -17 54 60  +000934.4 -000130.7  20 51 34.4  134.336 12.936  98.44  39551 17.6
2010-02-05  01:30:00  15 40 15.0  -18 16 04  +000933.3 -000122.2  20 51 13.4  134.450 12.593 100.92  39657 17.6
2010-02-05  01:40:00  15 50 36.8  -18 35 43  +000932.2 -000113.5  20 50 53.2  134.554 12.272 103.37  39760 17.7
2010-02-05  01:50:00  16 00 57.9  -18 53 53  +000930.9 -000104.6  20 50 33.8  134.648 11.973 105.83  39860 17.8
2010-02-05  02:00:00  16 11 18.1  -19 10 35  +000929.6 -000095.7  20 50 15.3  134.732 11.697 108.26  39958 17.9
2010-02-05  02:10:00  16 21 37.4  -19 25 47  +000928.2 -000086.6  20 49 57.6  134.805 11.445 110.70  40054 18.0
2010-02-05  02:20:00  16 31 55.6  -19 39 27  +000926.6 -000077.5  20 49 41.1  134.869 11.216 113.12  40146 18.2
2010-02-05  02:30:00  16 42 12.8  -19 51 36  +000924.9 -000068.3  20 49 25.5  134.923 11.011 115.54  40235 18.3
2010-02-05  02:40:00  16 52 28.8  -20 02 13  +000923.1 -000059.0  20 49 11.2  134.968 10.831 117.94  40320 18.4
2010-02-05  02:50:00  17 02 43.5  -20 11 17  +000921.2 -000049.8  20 48 58.0  135.003 10.675 120.34  40402 18.5
2010-02-05  03:00:00  17 12 57.0  -20 18 49  +000919.1 -000040.5  20 48 46.3  135.029 10.544 122.73  40481 18.6
2010-02-05  03:10:00  17 23 09.0  -20 24 48  +000916.9 -000031.3  20 48 35.9  135.047 10.438 125.11  40556 18.8
2010-02-05  03:20:00  17 33 19.5  -20 29 14  +000914.6 -000022.0  20 48 27.0  135.056 10.357 127.48  40626 18.9
2010-02-05  03:30:00  17 43 28.3  -20 32 09  +000912.1 -000012.8  20 48 19.8  135.057 10.301 129.85  40693 19.1
2010-02-05  03:40:00  17 53 35.6  -20 33 31  +000909.5 -000003.7  20 48 14.2  135.050 10.270 132.21  40756 19.2
2010-02-05  03:50:00  18 03 41.1  -20 33 23  +000906.9 +000005.4  20 48 10.4  135.036 10.264 134.56  40814 19.4
2010-02-05  04:00:00  18 13 44.7  -20 31 44  +000904.1 +000014.4  20 48 08.4  135.015 10.283 136.90  40868 19.5
2010-02-05  04:10:00  18 23 46.5  -20 28 36  +000901.2 +000023.2  20 48 08.2  134.987 10.327 139.25  40917 19.7
2010-02-05  04:20:00  18 33 46.3  -20 23 60  +000898.2 +000032.0  20 48 10.0  134.952 10.397 141.58  40962 19.9

   Date        UTC        RA         DECL      RARate   DeclRate    HourAng      Az     Um    Phase  Range  Mag
2010-02-05  16:10:00  06 14 28.1  +07 23 30  +001001.9 -000017.6  20 59 24.9  120.721 35.137  45.35  36597 16.2
2010-02-05  16:20:00  06 25 36.7  +07 19 36  +001003.9 -000029.3  20 58 18.0  120.498 34.919  42.71  36562 16.1
2010-02-05  16:30:00  06 36 46.6  +07 13 44  +001005.6 -000041.0  20 57 09.7  120.294 34.672  40.07  36531 16.1
2010-02-05  16:40:00  06 47 57.4  +07 05 56  +001006.9 -000052.7  20 56 00.5  120.111 34.396  37.46  36505 16.1
2010-02-05  16:50:00  06 59 09.0  +06 56 12  +001007.9 -000064.2  20 54 50.5  119.950 34.092  34.85  36484 16.1
2010-02-05  17:00:00  07 10 21.2  +06 44 32  +001008.4 -000075.7  20 53 40.1  119.810 33.762  32.29  36467 16.0
2010-02-05  17:10:00  07 21 33.5  +06 30 58  +001008.6 -000087.0  20 52 29.3  119.694 33.405  29.75  36455 16.0
2010-02-05  17:20:00  07 32 45.9  +06 15 33  +001008.5 -000098.1  20 51 18.6  119.600 33.023  27.27  36449 16.0
2010-02-05  17:30:00  07 43 58.1  +05 58 17  +001008.0 -000109.0  20 50 08.0  119.529 32.617  24.84  36447 16.0
2010-02-05  17:40:00  07 55 09.9  +05 39 14  +001007.3 -000119.6  20 48 57.8  119.481 32.189  22.50  36450 15.9
2010-02-05  17:50:00  08 06 21.1  +05 18 27  +001006.2 -000129.9  20 47 48.3  119.456 31.738  20.28  36459 15.9
2010-02-05  18:00:00  08 17 31.5  +04 55 59  +001004.8 -000139.8  20 46 39.6  119.454 31.267  18.22  36472 15.9
2010-02-05  18:10:00  08 28 40.8  +04 31 52  +001003.2 -000149.4  20 45 31.9  119.475 30.777  16.38  36490 15.9
2010-02-05  18:20:00  08 39 49.0  +04 06 12  +001001.4 -000158.6  20 44 25.3  119.517 30.269  14.86  36514 15.9
2010-02-05  18:30:00  08 50 56.0  +03 39 03  +000999.4 -000167.3  20 43 20.0  119.581 29.744  13.75  36542 15.9
2010-02-05  18:40:00  09 02 01.5  +03 10 28  +000997.2 -000175.6  20 42 16.1  119.666 29.204  13.15  36575 15.9
2010-02-05  18:50:00  09 13 05.5  +02 40 32     <<SHADOW>>        20 41 13.8  119.770 28.649  13.15  36613 ----
2010-02-05  19:00:00  09 24 07.9  +02 09 21     <<SHADOW>>        20 40 13.1  119.894 28.082  13.72  36656 ----
2010-02-05  19:10:00  09 35 08.6  +01 36 59     <<SHADOW>>        20 39 14.0  120.036 27.502  14.83  36704 ----
2010-02-05  19:20:00  09 46 07.5  +01 03 31     <<SHADOW>>        20 38 16.7  120.194 26.912  16.33  36756 ----
2010-02-05  19:30:00  09 57 04.7  +00 29 04  +000984.4 -000209.6  20 37 21.2  120.369 26.313  18.16  36813 15.9
2010-02-05  19:40:00  10 08 00.0  -00 06 19  +000981.7 -000214.8  20 36 27.5  120.559 25.706  20.20  36874 16.0
2010-02-05  19:50:00  10 18 53.5  -00 42 30  +000978.9 -000219.4  20 35 35.6  120.762 25.092  22.40  36939 16.0
2010-02-05  20:00:00  10 29 45.2  -01 19 25  +000976.2 -000223.5  20 34 45.5  120.978 24.473  24.71  37009 16.0
2010-02-05  20:10:00  10 40 35.2  -01 56 58  +000973.5 -000227.0  20 33 57.3  121.206 23.849  27.12  37083 16.0
2010-02-05  20:20:00  10 51 23.3  -02 35 04  +000970.9 -000229.9  20 33 10.7  121.444 23.222  29.58  37161 16.0
2010-02-05  20:30:00  11 02 09.7  -03 13 35  +000968.4 -000232.3  20 32 26.0  121.690 22.593  32.09  37242 16.1
2010-02-05  20:40:00  11 12 54.5  -03 52 27  +000965.9 -000234.1  20 31 42.9  121.944 21.964  34.63  37327 16.1
2010-02-05  20:50:00  11 23 37.6  -04 31 35  +000963.5 -000235.3  20 31 01.4  122.205 21.334  37.20  37416 16.1
2010-02-05  21:00:00  11 34 19.2  -05 10 52  +000961.2 -000236.0  20 30 21.4  122.471 20.706  39.78  37508 16.2
2010-02-05  21:10:00  11 44 59.3  -05 50 13  +000959.1 -000236.1  20 29 43.0  122.741 20.081  42.38  37602 16.2
2010-02-05  21:20:00  11 55 38.0  -06 29 32  +000957.0 -000235.7  20 29 05.9  123.015 19.459  44.98  37700 16.2
2010-02-05  21:30:00  12 06 15.3  -07 08 44  +000955.1 -000234.7  20 28 30.2  123.290 18.841  47.59  37801 16.3
2010-02-05  21:40:00  12 16 51.4  -07 47 44  +000953.2 -000233.2  20 27 55.8  123.565 18.229  50.20  37903 16.3
2010-02-05  21:50:00  12 27 26.4  -08 26 27  +000951.5 -000231.2  20 27 22.5  123.841 17.624  52.82  38008 16.4
2010-02-05  22:00:00  12 38 00.2  -09 04 47  +000950.0 -000228.7  20 26 50.3  124.115 17.026  55.42  38116 16.4
2010-02-05  22:10:00  12 48 33.0  -09 42 40  +000948.5 -000225.8  20 26 19.1  124.387 16.437  58.04  38224 16.5
2010-02-05  22:20:00  12 59 04.9  -10 20 01  +000947.1 -000222.3  20 25 48.9  124.655 15.857  60.64  38335 16.5
2010-02-05  22:30:00  13 09 35.8  -10 56 45  +000945.9 -000218.4  20 25 19.6  124.919 15.287  63.24  38447 16.6
2010-02-05  22:40:00  13 20 06.0  -11 32 48  +000944.7 -000214.1  20 24 51.0  125.179 14.729  65.83  38560 16.6
2010-02-05  22:50:00  13 30 35.5  -12 08 06  +000943.6 -000209.3  20 24 23.3  125.432 14.182  68.42  38674 16.7
2010-02-05  23:00:00  13 41 04.2  -12 42 34  +000942.6 -000204.2  20 23 56.2  125.679 13.649  70.99  38788 16.8
2010-02-05  23:10:00  13 51 32.3  -13 16 08  +000941.7 -000198.7  20 23 29.7  125.919 13.129  73.57  38903 16.8
2010-02-05  23:20:00  14 01 59.8  -13 48 46  +000940.8 -000192.8  20 23 03.9  126.151 12.623  76.13  39018 16.9
2010-02-05  23:30:00  14 12 26.6  -14 20 23  +000939.9 -000186.5  20 22 38.6  126.375 12.133  78.69  39133 17.0
2010-02-05  23:40:00  14 22 53.0  -14 50 55  +000939.1 -000179.9  20 22 13.9  126.590 11.659  81.23  39247 17.0
2010-02-05  23:50:00  14 33 18.8  -15 20 21  +000938.3 -000173.1  20 21 49.8  126.795 11.201  83.77  39362 17.1
2010-02-06  00:00:00  14 43 44.0  -15 48 36  +000937.5 -000165.9  20 21 26.2  126.990 10.761  86.29  39475 17.2
2010-02-06  00:10:00  14 54 08.8  -16 15 38  +000936.7 -000158.4  20 21 03.1  127.176 10.339  88.81  39587 17.3

   Date        UTC        RA         DECL      RARate   DeclRate    HourAng      Az     Um    Phase  Range  Mag
2010-02-06  16:10:00  06 54 19.5  +06 57 34  +001006.5 -000056.4  20 23 30.1  112.774 29.269  36.86  36925 16.1
2010-02-06  16:20:00  07 05 30.7  +06 47 14  +001007.2 -000067.8  20 22 20.5  112.647 28.953  34.27  36908 16.1
2010-02-06  16:30:00  07 16 42.3  +06 34 59  +001007.6 -000079.0  20 21 10.5  112.543 28.611  31.70  36896 16.0
2010-02-06  16:40:00  07 27 54.0  +06 20 54  +001007.6 -000090.1  20 20 00.4  112.461 28.244  29.17  36888 16.0
2010-02-06  16:50:00  07 39 05.7  +06 04 58  +001007.3 -000101.0  20 18 50.4  112.402 27.854  26.69  36886 16.0
2010-02-06  17:00:00  07 50 17.0  +05 47 14  +001006.6 -000111.6  20 17 40.8  112.365 27.443  24.28  36889 16.0
2010-02-06  17:10:00  08 01 27.8  +05 27 46  +001005.7 -000122.0  20 16 31.6  112.352 27.010  21.95  36896 16.0
2010-02-06  17:20:00  08 12 37.8  +05 06 36  +001004.5 -000132.0  20 15 23.2  112.361 26.557  19.75  36909 16.0
2010-02-06  17:30:00  08 23 47.0  +04 43 47  +001003.0 -000141.7  20 14 15.7  112.392 26.086  17.71  36927 15.9
2010-02-06  17:40:00  08 34 55.1  +04 19 24  +001001.2 -000151.0  20 13 09.2  112.445 25.597  15.92  36949 15.9
2010-02-06  17:50:00  08 46 02.0  +03 53 29  +000999.3 -000159.9  20 12 04.0  112.520 25.091  14.45  36977 15.9
2010-02-06  18:00:00  08 57 07.5  +03 26 08  +000997.2 -000168.3  20 11 00.1  112.615 24.571  13.42  37009 15.9
2010-02-06  18:10:00  09 08 11.5  +02 57 24  +000994.9 -000176.3  20 09 57.7  112.730 24.036  12.93  37047 15.9
2010-02-06  18:20:00  09 19 14.0  +02 27 23     <<SHADOW>>        20 08 56.9  112.865 23.489  13.03  37089 ----
2010-02-06  18:30:00  09 30 14.8  +01 56 08     <<SHADOW>>        20 07 57.7  113.018 22.930  13.72  37135 ----
2010-02-06  18:40:00  09 41 13.9  +01 23 46     <<SHADOW>>        20 07 00.2  113.188 22.362  14.91  37187 ----
2010-02-06  18:50:00  09 52 11.3  +00 50 22     <<SHADOW>>        20 06 04.5  113.376 21.784  16.50  37243 ----
2010-02-06  19:00:00  10 03 06.9  +00 15 59  +000982.0 -000208.9  20 05 10.6  113.578 21.198  18.37  37303 16.0
2010-02-06  19:10:00  10 14 00.6  -00 19 15  +000979.3 -000213.8  20 04 18.5  113.795 20.606  20.46  37367 16.0
2010-02-06  19:20:00  10 24 52.5  -00 55 15  +000976.5 -000218.2  20 03 28.2  114.025 20.008  22.69  37436 16.0
2010-02-06  19:30:00  10 35 42.7  -01 31 56  +000973.9 -000222.0  20 02 39.7  114.267 19.406  25.03  37509 16.0
2010-02-06  19:40:00  10 46 31.0  -02 09 13  +000971.2 -000225.2  20 01 53.0  114.520 18.800  27.44  37586 16.0
2010-02-06  19:50:00  10 57 17.6  -02 46 59  +000968.6 -000227.9  20 01 08.1  114.783 18.192  29.92  37666 16.1
2010-02-06  20:00:00  11 08 02.6  -03 25 09  +000966.1 -000230.0  20 00 24.8  115.054 17.584  32.43  37750 16.1
2010-02-06  20:10:00  11 18 45.8  -04 03 37  +000963.7 -000231.6  19 59 43.2  115.332 16.975  34.98  37838 16.1
2010-02-06  20:20:00  11 29 27.5  -04 42 19  +000961.4 -000232.6  19 59 03.1  115.617 16.368  37.54  37928 16.2
2010-02-06  20:30:00  11 40 07.7  -05 21 08  +000959.1 -000233.1  19 58 24.6  115.907 15.762  40.13  38022 16.2
2010-02-06  20:40:00  11 50 46.4  -05 59 58  +000957.0 -000233.0  19 57 47.5  116.200 15.160  42.71  38119 16.2
2010-02-06  20:50:00  12 01 23.8  -06 38 46  +000955.0 -000232.4  19 57 11.8  116.496 14.561  45.32  38218 16.3
2010-02-06  21:00:00  12 11 59.8  -07 17 24  +000953.2 -000231.3  19 56 37.4  116.794 13.968  47.92  38320 16.3
2010-02-06  21:10:00  12 22 34.7  -07 55 49  +000951.4 -000229.6  19 56 04.2  117.092 13.381  50.54  38424 16.4
2010-02-06  21:20:00  12 33 08.4  -08 33 55  +000949.8 -000227.5  19 55 32.1  117.389 12.801  53.14  38530 16.4
2010-02-06  21:30:00  12 43 41.0  -09 11 37  +000948.2 -000224.9  19 55 01.1  117.685 12.228  55.75  38638 16.5
2010-02-06  21:40:00  12 54 12.7  -09 48 51  +000946.8 -000221.8  19 54 31.1  117.978 11.664  58.35  38747 16.5
2010-02-06  21:50:00  13 04 43.5  -10 25 32  +000945.5 -000218.2  19 54 01.9  118.267 11.110  60.95  38858 16.6
2010-02-06  22:00:00  13 15 13.4  -11 01 34  +000944.3 -000214.2  19 53 33.7  118.552 10.566  63.54  38970 16.6
2010-02-06  22:10:00  13 25 42.5  -11 36 55  +000943.2 -000209.8  19 53 06.2  118.832 10.033  66.13  39083 16.7

   Date        UTC        RA         DECL      RARate   DeclRate    HourAng      Az     Um    Phase  Range  Mag
2010-02-07  16:10:00  07 33 47.7  +06 10 20  +001006.3 -000093.0  19 47 58.4  105.916 22.896  28.69  37369 16.0
2010-02-07  16:20:00  07 44 58.5  +05 53 57  +001005.9 -000103.6  19 46 49.3  105.882 22.502  26.22  37371 16.0
2010-02-07  16:30:00  07 56 08.8  +05 35 48  +001005.1 -000114.0  19 45 40.6  105.871 22.087  23.80  37377 16.0
2010-02-07  16:40:00  08 07 18.5  +05 15 58  +001004.0 -000124.1  19 44 32.5  105.881 21.652  21.49  37389 16.0
2010-02-07  16:50:00  08 18 27.4  +04 54 28  +001002.6 -000133.9  19 43 25.3  105.914 21.199  19.30  37406 16.0
2010-02-07  17:00:00  08 29 35.3  +04 31 22  +001001.0 -000143.3  19 42 19.0  105.968 20.728  17.30  37427 16.0
2010-02-07  17:10:00  08 40 42.1  +04 06 44  +000999.2 -000152.3  19 41 13.9  106.044 20.242  15.53  37454 16.0
2010-02-07  17:20:00  08 51 47.5  +03 40 38  +000997.2 -000160.9  19 40 10.1  106.140 19.740  14.12  37485 16.0
2010-02-07  17:30:00  09 02 51.6  +03 13 08  +000995.0 -000169.1  19 39 07.6  106.257 19.225  13.15  37521 16.0
2010-02-07  17:40:00  09 13 54.2  +02 44 18  +000992.6 -000176.8  19 38 06.7  106.393 18.697  12.74  37562 16.0
2010-02-07  17:50:00  09 24 55.1  +02 14 14     <<SHADOW>>        19 37 07.4  106.548 18.158  12.94  37608 ----
2010-02-07  18:00:00  09 35 54.4  +01 42 60     <<SHADOW>>        19 36 09.8  106.720 17.609  13.71  37658 ----
2010-02-07  18:10:00  09 46 51.9  +01 10 40     <<SHADOW>>        19 35 13.9  106.909 17.051  14.98  37713 ----
2010-02-07  18:20:00  09 57 47.7  +00 37 21     <<SHADOW>>        19 34 19.7  107.115 16.485  16.62  37772 ----
2010-02-07  18:30:00  10 08 41.7  +00 03 08  +000979.6 -000207.9  19 33 27.4  107.335 15.912  18.54  37836 16.0
2010-02-07  18:40:00  10 19 33.9  -00 31 55  +000976.9 -000212.5  19 32 36.9  107.570 15.333  20.65  37903 16.0
2010-02-07  18:50:00  10 30 24.2  -01 07 41  +000974.2 -000216.6  19 31 48.1  107.817 14.751  22.91  37975 16.0
2010-02-07  19:00:00  10 41 12.8  -01 44 06  +000971.6 -000220.2  19 31 01.2  108.076 14.164  25.25  38050 16.1
2010-02-07  19:10:00  10 51 59.7  -02 21 03  +000969.0 -000223.2  19 30 16.0  108.345 13.576  27.68  38129 16.1
2010-02-07  19:20:00  11 02 44.8  -02 58 27  +000966.4 -000225.6  19 29 32.5  108.624 12.986  30.16  38212 16.1
2010-02-07  19:30:00  11 13 28.3  -03 36 14  +000964.0 -000227.5  19 28 50.7  108.911 12.396  32.68  38298 16.1
2010-02-07  19:40:00  11 24 10.1  -04 14 16  +000961.6 -000228.9  19 28 10.5  109.206 11.807  35.22  38388 16.2
2010-02-07  19:50:00  11 34 50.4  -04 52 29  +000959.3 -000229.7  19 27 31.9  109.506 11.220  37.79  38480 16.2
2010-02-07  20:00:00  11 45 29.2  -05 30 48  +000957.1 -000229.9  19 26 54.7  109.811 10.635  40.36  38576 16.2
2010-02-07  20:10:00  11 56 06.6  -06 09 07  +000955.1 -000229.7  19 26 18.9  110.120 10.054  42.96  38674 16.3

   Date        UTC        RA         DECL      RARate   DeclRate    HourAng      Az     Um    Phase  Range  Mag
2010-02-08  16:10:00  08 12 40.8  +05 03 57  +001002.2 -000126.0  19 13 01.9   99.899 16.210  21.13  37918 16.0
2010-02-08  16:20:00  08 23 48.5  +04 42 10  +001000.7 -000135.5  19 11 55.8   99.948 15.758  18.96  37938 16.0
2010-02-08  16:30:00  08 34 55.1  +04 18 49  +000999.0 -000144.6  19 10 50.9  100.018 15.289  16.96  37963 16.0
2010-02-08  16:40:00  08 46 00.5  +03 53 59  +000997.1 -000153.3  19 09 47.1  100.109 14.805  15.23  37993 16.0
2010-02-08  16:50:00  08 57 04.6  +03 27 44  +000995.0 -000161.6  19 08 44.7  100.220 14.308  13.84  38028 16.0
2010-02-08  17:00:00  09 08 07.2  +03 00 08  +000992.8 -000169.5  19 07 43.7  100.351 13.798  12.93  38068 16.0
2010-02-08  17:10:00  09 19 08.3  +02 31 15  +000990.4 -000177.0  19 06 44.3  100.500 13.277  12.58  38112 16.0
2010-02-08  17:20:00  09 30 07.7  +02 01 11     <<SHADOW>>        19 05 46.4  100.668 12.745  12.85  38161 ----
2010-02-08  17:30:00  09 41 05.5  +01 29 59     <<SHADOW>>        19 04 50.3  100.853 12.205  13.69  38214 ----
2010-02-08  17:40:00  09 52 01.5  +00 57 45     <<SHADOW>>        19 03 56.0  101.054 11.656  15.01  38272 ----
2010-02-08  17:50:00  10 02 55.7  +00 24 34     <<SHADOW>>        19 03 03.4  101.271 11.101  16.69  38334 ----
2010-02-08  18:00:00  10 13 48.2  -00 09 28  +000977.3 -000206.7  19 02 12.6  101.503 10.539  18.64  38400 16.0
