ЭФЕМЕРИДЫ ПО ОБЪЕКТУ:  90124
Для пункта:  10016 Маяки   46 23'50.68"   30 16'17.74"    14m
C   2010-02-01 12:00
по  2010-02-16 12:00
Шаг  0:10:00
Мин.угол места:          10 град
Макс.угол места Солнца: -10 град
Стандартный блеск :      8.8 (зв.вел.)

ОБОЗНАЧЕНИЯ
RA        прямое восхождение, тек.эпоха
DECL      склонение, тек.эпоха
RARate    скорость по пр.восх., арксек/мин
DeclRate  скорость по склонению, арксек/мин
HourAng   часовой угол
Az        азимут
Um        угол места
Phase     фазовый угол
Range     дальность
Mag       зв.величина (оценка)

   Date        UTC        RA         DECL      RARate   DeclRate    HourAng      Az     Um    Phase  Range  Mag
2010-02-07  18:50:00  00 57 35.8  +01 04 35  +001008.7 +000104.5  05 04 36.6  260.622 10.290 125.08  38047 18.1
2010-02-07  19:00:00  01 08 45.9  +01 21 23  +001001.6 +000097.1  05 03 28.1  260.603 10.690 122.37  38171 18.0
2010-02-07  19:10:00  01 19 51.2  +01 36 57  +000994.4 +000089.6  05 02 24.4  260.585 11.060 119.66  38298 17.9
2010-02-07  19:20:00  01 30 51.8  +01 51 16  +000987.2 +000082.1  05 01 25.5  260.567 11.402 116.98  38428 17.7
2010-02-07  19:30:00  01 41 47.5  +02 04 19  +000980.0 +000074.6  05 00 31.4  260.550 11.715 114.32  38561 17.6
2010-02-07  19:40:00  01 52 38.5  +02 16 07  +000972.8 +000067.0  04 59 42.1  260.533 11.998 111.69  38697 17.5
2010-02-07  19:50:00  02 03 24.7  +02 26 39  +000965.7 +000059.4  04 58 57.6  260.516 12.253 109.07  38835 17.4
2010-02-07  20:00:00  02 14 06.1  +02 35 56  +000958.5 +000051.9  04 58 17.8  260.500 12.479 106.48  38974 17.3
2010-02-07  20:10:00  02 24 42.7  +02 43 57  +000951.4 +000044.4  04 57 42.8  260.484 12.676 103.90  39115 17.2
2010-02-07  20:20:00  02 35 14.7  +02 50 44  +000944.4 +000037.0  04 57 12.5  260.468 12.845 101.36  39257 17.1
2010-02-07  20:30:00  02 45 41.9  +02 56 18  +000937.4 +000029.7  04 56 46.9  260.453 12.985  98.82  39400 17.1
2010-02-07  20:40:00  02 56 04.6  +03 00 38  +000930.5 +000022.4  04 56 25.9  260.438 13.098  96.32  39543 17.0
2010-02-07  20:50:00  03 06 22.7  +03 03 47  +000923.7 +000015.3  04 56 09.4  260.423 13.183  93.83  39686 16.9
2010-02-07  21:00:00  03 16 36.3  +03 05 45  +000917.0 +000008.3  04 55 57.5  260.409 13.241  91.37  39829 16.8
2010-02-07  21:10:00  03 26 45.4  +03 06 34  +000910.4 +000001.4  04 55 50.0  260.395 13.272  88.92  39971 16.8
2010-02-07  21:20:00  03 36 50.2  +03 06 14  +000904.0 -000005.3  04 55 46.8  260.381 13.277  86.51  40112 16.7
2010-02-07  21:30:00  03 46 50.7  +03 04 48  +000897.6 -000011.9  04 55 48.0  260.368 13.256  84.10  40253 16.7
2010-02-07  21:40:00  03 56 47.0  +03 02 17  +000891.4 -000018.3  04 55 53.3  260.355 13.210  81.72  40391 16.6
2010-02-07  21:50:00  04 06 39.3  +02 58 42  +000885.3 -000024.6  04 56 02.7  260.343 13.140  79.36  40528 16.5
2010-02-07  22:00:00  04 16 27.6  +02 54 05  +000879.5 -000030.7  04 56 16.0  260.331 13.046  77.02  40663 16.5
2010-02-07  22:10:00  04 26 12.0  +02 48 28  +000873.7 -000036.7  04 56 33.3  260.319 12.929  74.70  40796 16.5
2010-02-07  22:20:00  04 35 52.6  +02 41 53  +000868.2 -000042.4  04 56 54.3  260.308 12.789  72.41  40927 16.4
2010-02-07  22:30:00  04 45 29.6  +02 34 20  +000862.8 -000048.0  04 57 19.0  260.298 12.627  70.12  41054 16.4
2010-02-07  22:40:00  04 55 03.0  +02 25 53  +000857.6 -000053.5  04 57 47.1  260.288 12.443  67.87  41179 16.3
2010-02-07  22:50:00  05 04 33.1  +02 16 32  +000852.6 -000058.7  04 58 18.7  260.278 12.240  65.62  41300 16.3
2010-02-07  23:00:00  05 13 59.9  +02 06 19  +000847.9 -000063.8  04 58 53.5  260.268 12.016  63.41  41418 16.2
2010-02-07  23:10:00  05 23 23.7  +01 55 16  +000843.3 -000068.7  04 59 31.4  260.258 11.774  61.20  41533 16.2
2010-02-07  23:20:00  05 32 44.4  +01 43 25  +000839.0 -000073.4  05 00 12.3  260.249 11.514  59.03  41644 16.2
2010-02-07  23:30:00  05 42 02.3  +01 30 48  +000834.8 -000078.0  05 00 56.1  260.239 11.235  56.87  41751 16.1
2010-02-07  23:40:00  05 51 17.6  +01 17 26  +000830.9 -000082.4  05 01 42.4  260.229 10.941  54.74  41853 16.1
2010-02-07  23:50:00  06 00 30.3  +01 03 21  +000827.3 -000086.6  05 02 31.4  260.219 10.630  52.62  41952 16.1
2010-02-08  00:00:00  06 09 40.7  +00 48 34  +000823.9 -000090.7  05 03 22.6  260.208 10.304  50.54  42045 16.1

   Date        UTC        RA         DECL      RARate   DeclRate    HourAng      Az     Um    Phase  Range  Mag
2010-02-08  16:10:00  23 46 32.0  -01 18 16  +001060.3 +000155.1  03 39 10.7  242.070 22.396 143.40  35758 19.3
2010-02-08  16:20:00  23 58 16.5  -00 52 56  +001053.2 +000148.8  03 37 27.8  241.980 22.992 140.54  35853 19.0
2010-02-08  16:30:00  00 09 56.2  -00 28 41  +001046.1 +000142.2  03 35 49.7  241.895 23.561 137.69  35954 18.8
2010-02-08  16:40:00  00 21 31.2  -00 05 34  +001038.8 +000135.2  03 34 16.4  241.814 24.104 134.87  36061 18.6
2010-02-08  16:50:00  00 33 01.3  +00 16 23  +001031.5 +000128.1  03 32 47.9  241.736 24.618 132.05  36173 18.4
2010-02-08  17:00:00  00 44 26.5  +00 37 07  +001024.1 +000120.7  03 31 24.4  241.663 25.104 129.27  36289 18.3
2010-02-08  17:10:00  00 55 46.7  +00 56 37  +001016.6 +000113.2  03 30 05.8  241.593 25.561 126.49  36410 18.1
2010-02-08  17:20:00  01 07 02.0  +01 14 51  +001009.1 +000105.5  03 28 52.2  241.527 25.989 123.75  36535 18.0
2010-02-08  17:30:00  01 18 12.2  +01 31 47  +001001.6 +000097.8  03 27 43.6  241.464 26.386 121.01  36664 17.8
2010-02-08  17:40:00  01 29 17.4  +01 47 26  +000994.0 +000089.9  03 26 40.0  241.406 26.754 118.31  36796 17.7
2010-02-08  17:50:00  01 40 17.6  +02 01 45  +000986.5 +000082.0  03 25 41.5  241.350 27.092 115.62  36931 17.6
2010-02-08  18:00:00  01 51 12.7  +02 14 46  +000978.9 +000074.1  03 24 48.0  241.299 27.399 112.97  37068 17.5
2010-02-08  18:10:00  02 02 02.9  +02 26 27  +000971.4 +000066.2  03 23 59.5  241.250 27.676 110.32  37208 17.4
2010-02-08  18:20:00  02 12 48.0  +02 36 50  +000963.9 +000058.3  03 23 16.0  241.206 27.924 107.71  37349 17.3
2010-02-08  18:30:00  02 23 28.1  +02 45 53  +000956.5 +000050.5  03 22 37.6  241.165 28.141 105.11  37491 17.2
2010-02-08  18:40:00  02 34 03.3  +02 53 39  +000949.1 +000042.7  03 22 04.0  241.127 28.328 102.55  37635 17.1
2010-02-08  18:50:00  02 44 33.6  +03 00 08  +000941.8 +000035.0  03 21 35.4  241.094 28.486 100.00  37779 17.0
2010-02-08  19:00:00  02 54 59.0  +03 05 20  +000934.6 +000027.4  03 21 11.5  241.063 28.615  97.48  37923 16.9
2010-02-08  19:10:00  03 05 19.7  +03 09 16  +000927.4 +000019.9  03 20 52.5  241.037 28.715  94.97  38067 16.9
2010-02-08  19:20:00  03 15 35.6  +03 11 58  +000920.4 +000012.6  03 20 38.3  241.014 28.787  92.50  38211 16.8
2010-02-08  19:30:00  03 25 46.9  +03 13 28  +000913.4 +000005.3  03 20 28.6  240.995 28.831  90.04  38355 16.7
2010-02-08  19:40:00  03 35 53.6  +03 13 46  +000906.6 -000001.7  03 20 23.6  240.979 28.848  87.61  38497 16.7
2010-02-08  19:50:00  03 45 55.8  +03 12 54  +000900.0 -000008.7  03 20 23.0  240.967 28.838  85.19  38638 16.6
2010-02-08  20:00:00  03 55 53.6  +03 10 53  +000893.4 -000015.4  03 20 26.9  240.958 28.801  82.80  38777 16.5
2010-02-08  20:10:00  04 05 47.1  +03 07 46  +000887.1 -000022.0  03 20 35.0  240.953 28.739  80.43  38915 16.5
2010-02-08  20:20:00  04 15 36.4  +03 03 33  +000880.9 -000028.5  03 20 47.3  240.951 28.652  78.08  39050 16.4
2010-02-08  20:30:00  04 25 21.7  +02 58 17  +000874.9 -000034.7  03 21 03.7  240.953 28.541  75.75  39184 16.4
2010-02-08  20:40:00  04 35 02.9  +02 51 59  +000869.0 -000040.8  03 21 24.1  240.958 28.406  73.45  39314 16.3
2010-02-08  20:50:00  04 44 40.4  +02 44 41  +000863.4 -000046.7  03 21 48.3  240.965 28.249  71.15  39442 16.3
2010-02-08  21:00:00  04 54 14.1  +02 36 25  +000857.9 -000052.5  03 22 16.2  240.976 28.069  68.89  39567 16.3
2010-02-08  21:10:00  05 03 44.3  +02 27 12  +000852.6 -000058.0  03 22 47.6  240.990 27.867  66.64  39688 16.2
2010-02-08  21:20:00  05 13 11.1  +02 17 05  +000847.6 -000063.4  03 23 22.5  241.005 27.645  64.42  39806 16.2
2010-02-08  21:30:00  05 22 34.5  +02 06 05  +000842.8 -000068.6  03 24 00.7  241.023 27.403  62.21  39921 16.1
2010-02-08  21:40:00  05 31 54.8  +01 54 14  +000838.2 -000073.6  03 24 42.0  241.044 27.142  60.03  40031 16.1
2010-02-08  21:50:00  05 41 12.2  +01 41 34  +000833.8 -000078.4  03 25 26.4  241.066 26.862  57.86  40138 16.1
2010-02-08  22:00:00  05 50 26.6  +01 28 07  +000829.7 -000083.0  03 26 13.5  241.089 26.565  55.73  40240 16.0
2010-02-08  22:10:00  05 59 38.5  +01 13 54  +000825.8 -000087.5  03 27 03.3  241.114 26.250  53.60  40339 16.0
2010-02-08  22:20:00  06 08 47.8  +00 58 57  +000822.2 -000091.8  03 27 55.7  241.140 25.920  51.51  40432 16.0
2010-02-08  22:30:00  06 17 54.7  +00 43 18  +000818.8 -000095.9  03 28 50.4  241.167 25.575  49.44  40521 16.0
2010-02-08  22:40:00  06 26 59.5  +00 26 59  +000815.6 -000099.9  03 29 47.2  241.194 25.215  47.40  40606 15.9
2010-02-08  22:50:00  06 36 02.3  +00 10 01  +000812.8 -000103.7  03 30 46.1  241.221 24.841  45.38  40685 15.9
2010-02-08  23:00:00  06 45 03.3  -00 07 34  +000810.2 -000107.3  03 31 46.8  241.248 24.455  43.40  40760 15.9
2010-02-08  23:10:00  06 54 02.6  -00 25 44  +000807.8 -000110.7  03 32 49.1  241.274 24.057  41.44  40829 15.9
2010-02-08  23:20:00  07 03 00.4  -00 44 27  +000805.7 -000114.0  03 33 52.9  241.299 23.647  39.53  40893 15.9
2010-02-08  23:30:00  07 11 56.9  -01 03 43  +000804.0 -000117.1  03 34 58.0  241.322 23.228  37.64  40952 15.8
2010-02-08  23:40:00  07 20 52.4  -01 23 29  +000802.4 -000120.0  03 36 04.2  241.344 22.799  35.82  41005 15.8
2010-02-08  23:50:00  07 29 46.9  -01 43 43  +000801.2 -000122.8  03 37 11.3  241.364 22.361  34.04  41053 15.8
2010-02-09  00:00:00  07 38 40.8  -02 04 25  +000800.3 -000125.5  03 38 19.1  241.381 21.916  32.32  41095 15.8
2010-02-09  00:10:00  07 47 34.0  -02 25 32  +000799.6 -000127.9  03 39 27.5  241.395 21.463  30.67  41132 15.8
2010-02-09  00:20:00  07 56 27.0  -02 47 02  +000799.3 -000130.2  03 40 36.2  241.406 21.005  29.10  41163 15.8
2010-02-09  00:30:00  08 05 19.8  -03 08 55  +000799.2 -000132.3  03 41 45.0  241.413 20.541  27.62  41188 15.7
2010-02-09  00:40:00  08 14 12.7  -03 31 09  +000799.4 -000134.3  03 42 53.8  241.416 20.073  26.25  41207 15.7
2010-02-09  00:50:00  08 23 05.8  -03 53 41  +000800.0 -000136.1  03 44 02.3  241.414 19.601  25.00  41221 15.7
2010-02-09  01:00:00  08 31 59.4  -04 16 31  +000800.8 -000137.8  03 45 10.3  241.408 19.127  23.90  41228 15.7
2010-02-09  01:10:00  08 40 53.6  -04 39 37  +000802.0 -000139.3  03 46 17.7  241.396 18.652  22.96  41230 15.7
2010-02-09  01:20:00  08 49 48.8  -05 02 56  +000803.4 -000140.6  03 47 24.3  241.378 18.175  22.21  41225 15.7
2010-02-09  01:30:00  08 58 44.9  -05 26 28  +000805.2 -000141.8  03 48 29.7  241.354 17.698  21.66  41214 15.7
2010-02-09  01:40:00  09 07 42.4  -05 50 11  +000807.3 -000142.8  03 49 33.9  241.323 17.223  21.34  41198 15.7
2010-02-09  01:50:00  09 16 41.4  -06 14 03  +000809.7 -000143.6  03 50 36.6  241.286 16.749  21.26  41175 15.7
2010-02-09  02:00:00  09 25 42.1  -06 38 02  +000812.4 -000144.2  03 51 37.5  241.241 16.278  21.41  41146 15.7
2010-02-09  02:10:00  09 34 44.6  -07 02 07  +000815.4 -000144.7  03 52 36.6  241.189 15.811  21.81  41111 15.7
2010-02-09  02:20:00  09 43 49.4  -07 26 15  +000818.8 -000145.0  03 53 33.5  241.128 15.349  22.42  41070 15.7
2010-02-09  02:30:00  09 52 56.4  -07 50 25  +000822.5 -000145.1  03 54 28.1  241.059 14.892  23.26  41023 15.7
2010-02-09  02:40:00  10 02 06.0  -08 14 36  +000826.5 -000145.0  03 55 20.1  240.981 14.442  24.27  40970 15.7
2010-02-09  02:50:00  10 11 18.4  -08 38 44  +000830.8 -000144.7  03 56 09.4  240.894 13.999  25.47  40911 15.7
2010-02-09  03:00:00  10 20 33.8  -09 02 49  +000835.4 -000144.2  03 56 55.7  240.798 13.565  26.81  40846 15.7
2010-02-09  03:10:00  10 29 52.3  -09 26 47  +000840.4 -000143.5  03 57 38.7  240.692 13.140  28.29  40775 15.7
2010-02-09  03:20:00  10 39 14.3  -09 50 38  +000845.7 -000142.6  03 58 18.4  240.576 12.726  29.88  40698 15.7
2010-02-09  03:30:00  10 48 39.9  -10 14 18  +000851.3 -000141.4  03 58 54.4  240.450 12.323  31.57  40616 15.8
2010-02-09  03:40:00  10 58 09.4  -10 37 46  +000857.2 -000140.1  03 59 26.6  240.313 11.933  33.35  40527 15.8
2010-02-09  03:50:00  11 07 42.9  -11 00 59  +000863.4 -000138.5  03 59 54.7  240.165 11.556  35.21  40433 15.8
2010-02-09  04:00:00  11 17 20.7  -11 23 54  +000870.0 -000136.6  04 00 18.6  240.006 11.193  37.13  40334 15.8
2010-02-09  04:10:00  11 27 02.9  -11 46 31  +000876.8 -000134.5  04 00 38.0  239.837 10.846  39.13  40229 15.8

   Date        UTC        RA         DECL      RARate   DeclRate    HourAng      Az     Um    Phase  Range  Mag
2010-02-09  16:20:00  01 53 28.1  +02 11 10  +000983.3 +000080.8  01 46 12.8  215.729 40.097 113.37  35894 17.4
2010-02-09  16:30:00  02 04 21.0  +02 23 57  +000975.5 +000072.6  01 45 21.5  215.586 40.378 110.71  36037 17.3
2010-02-09  16:40:00  02 15 08.7  +02 35 22  +000967.7 +000064.4  01 44 35.4  215.455 40.629 108.08  36182 17.2
2010-02-09  16:50:00  02 25 51.3  +02 45 26  +000960.0 +000056.3  01 43 54.5  215.338 40.851 105.47  36328 17.1
2010-02-09  17:00:00  02 36 28.7  +02 54 09  +000952.3 +000048.3  01 43 18.7  215.233 41.044 102.89  36474 17.0
2010-02-09  17:10:00  02 47 01.1  +03 01 32  +000944.7 +000040.3  01 42 48.0  215.143 41.207 100.32  36621 17.0
2010-02-09  17:20:00  02 57 28.4  +03 07 35  +000937.2 +000032.4  01 42 22.3  215.066 41.342  97.79  36768 16.9
2010-02-09  17:30:00  03 07 50.7  +03 12 21  +000929.8 +000024.7  01 42 01.6  215.002 41.449  95.27  36915 16.8
2010-02-09  17:40:00  03 18 08.2  +03 15 49  +000922.5 +000017.0  01 41 45.8  214.952 41.528  92.78  37061 16.7
2010-02-09  17:50:00  03 28 20.8  +03 18 02  +000915.3 +000009.5  01 41 34.8  214.916 41.580  90.31  37205 16.7
2010-02-09  18:00:00  03 38 28.7  +03 19 00  +000908.3 +000002.2  01 41 28.6  214.892 41.605  87.87  37349 16.6
2010-02-09  18:10:00  03 48 31.9  +03 18 46  +000901.4 -000005.0  01 41 27.0  214.882 41.604  85.44  37491 16.5
2010-02-09  18:20:00  03 58 30.6  +03 17 20  +000894.6 -000012.1  01 41 30.0  214.885 41.578  83.05  37631 16.5
2010-02-09  18:30:00  04 08 24.8  +03 14 45  +000888.0 -000018.9  01 41 37.4  214.900 41.526  80.66  37769 16.4
2010-02-09  18:40:00  04 18 14.7  +03 11 02  +000881.6 -000025.6  01 41 49.2  214.927 41.450  78.31  37905 16.4
2010-02-09  18:50:00  04 28 00.3  +03 06 13  +000875.4 -000032.2  01 42 05.2  214.966 41.350  75.97  38038 16.3
2010-02-09  19:00:00  04 37 41.9  +03 00 19  +000869.3 -000038.5  01 42 25.3  215.017 41.226  73.66  38168 16.3
2010-02-09  19:10:00  04 47 19.4  +02 53 23  +000863.4 -000044.7  01 42 49.4  215.078 41.080  71.36  38296 16.2
2010-02-09  19:20:00  04 56 53.1  +02 45 27  +000857.8 -000050.7  01 43 17.3  215.150 40.913  69.09  38419 16.2
2010-02-09  19:30:00  05 06 23.2  +02 36 31  +000852.3 -000056.4  01 43 48.9  215.231 40.724  66.83  38540 16.2
2010-02-09  19:40:00  05 15 49.6  +02 26 38  +000847.1 -000062.1  01 44 24.1  215.322 40.515  64.61  38657 16.1
2010-02-09  19:50:00  05 25 12.6  +02 15 50  +000842.1 -000067.5  01 45 02.7  215.421 40.285  62.39  38769 16.1
2010-02-09  20:00:00  05 34 32.4  +02 04 09  +000837.3 -000072.7  01 45 44.6  215.528 40.037  60.21  38878 16.0
2010-02-09  20:10:00  05 43 49.1  +01 51 36  +000832.7 -000077.8  01 46 29.6  215.642 39.770  58.04  38983 16.0
2010-02-09  20:20:00  05 53 02.8  +01 38 14  +000828.4 -000082.7  01 47 17.5  215.763 39.486  55.90  39083 16.0
2010-02-09  20:30:00  06 02 13.7  +01 24 03  +000824.4 -000087.4  01 48 08.2  215.889 39.184  53.77  39179 16.0
2010-02-09  20:40:00  06 11 22.0  +01 09 07  +000820.6 -000091.9  01 49 01.6  216.021 38.867  51.67  39271 15.9
2010-02-09  20:50:00  06 20 27.9  +00 53 26  +000817.0 -000096.3  01 49 57.4  216.157 38.533  49.59  39357 15.9
2010-02-09  21:00:00  06 29 31.4  +00 37 02  +000813.7 -000100.4  01 50 55.4  216.296 38.185  47.55  39439 15.9
2010-02-09  21:10:00  06 38 32.9  +00 19 57  +000810.7 -000104.4  01 51 55.6  216.439 37.823  45.52  39516 15.9
2010-02-09  21:20:00  06 47 32.5  +00 02 14  +000808.0 -000108.3  01 52 57.7  216.584 37.447  43.53  39587 15.8
2010-02-09  21:30:00  06 56 30.3  -00 16 07  +000805.5 -000111.9  01 54 01.5  216.730 37.059  41.57  39654 15.8
2010-02-09  21:40:00  07 05 26.5  -00 35 04  +000803.3 -000115.4  01 55 06.9  216.877 36.659  39.65  39715 15.8
2010-02-09  21:50:00  07 14 21.4  -00 54 35  +000801.4 -000118.7  01 56 13.6  217.024 36.248  37.76  39771 15.8
2010-02-09  22:00:00  07 23 15.2  -01 14 38  +000799.8 -000121.9  01 57 21.5  217.170 35.826  35.92  39822 15.8
2010-02-09  22:10:00  07 32 07.9  -01 35 12  +000798.5 -000124.9  01 58 30.5  217.315 35.395  34.13  39867 15.7
2010-02-09  22:20:00  07 40 59.8  -01 56 14  +000797.4 -000127.7  01 59 40.2  217.458 34.955  32.40  39907 15.7
2010-02-09  22:30:00  07 49 51.2  -02 17 45  +000796.7 -000130.3  02 00 50.5  217.598 34.507  30.73  39941 15.7
2010-02-09  22:40:00  07 58 42.1  -02 39 41  +000796.2 -000132.8  02 02 01.1  217.734 34.051  29.14  39969 15.7
2010-02-09  22:50:00  08 07 32.9  -03 02 01  +000796.1 -000135.2  02 03 12.0  217.866 33.589  27.64  39992 15.7
2010-02-09  23:00:00  08 16 23.7  -03 24 44  +000796.3 -000137.3  02 04 22.9  217.993 33.121  26.24  40009 15.7
2010-02-09  23:10:00  08 25 14.6  -03 47 47  +000796.7 -000139.3  02 05 33.6  218.115 32.648  24.96  40020 15.7
2010-02-09  23:20:00  08 34 06.0  -04 11 10  +000797.5 -000141.2  02 06 43.8  218.230 32.171  23.83  40025 15.7
2010-02-09  23:30:00  08 42 58.1  -04 34 50  +000798.6 -000142.8  02 07 53.4  218.339 31.691  22.86  40025 15.6
2010-02-09  23:40:00  08 51 50.9  -04 58 46  +000800.0 -000144.3  02 09 02.2  218.440 31.208  22.07  40019 15.6
2010-02-09  23:50:00  09 00 44.8  -05 22 56  +000801.8 -000145.7  02 10 09.9  218.534 30.723  21.49  40007 15.6
2010-02-10  00:00:00  09 09 40.0  -05 47 19  +000803.8 -000146.8  02 11 16.4  218.618 30.238  21.13  39989 15.6
2010-02-10  00:10:00  09 18 36.7  -06 11 52  +000806.2 -000147.8  02 12 21.4  218.694 29.752  21.00  39965 15.6
2010-02-10  00:20:00  09 27 35.0  -06 36 34  +000808.9 -000148.6  02 13 24.7  218.760 29.267  21.12  39936 15.6
2010-02-10  00:30:00  09 36 35.3  -07 01 24  +000811.9 -000149.2  02 14 26.1  218.816 28.784  21.48  39900 15.6
2010-02-10  00:40:00  09 45 37.6  -07 26 18  +000815.3 -000149.7  02 15 25.4  218.861 28.304  22.06  39859 15.6
2010-02-10  00:50:00  09 54 42.4  -07 51 16  +000819.0 -000149.9  02 16 22.3  218.894 27.827  22.87  39812 15.6
2010-02-10  01:00:00  10 03 49.7  -08 16 16  +000823.0 -000150.0  02 17 16.6  218.916 27.354  23.86  39759 15.6
2010-02-10  01:10:00  10 12 59.8  -08 41 15  +000827.4 -000149.8  02 18 08.1  218.925 26.887  25.04  39701 15.6
2010-02-10  01:20:00  10 22 12.9  -09 06 11  +000832.1 -000149.4  02 18 56.6  218.922 26.426  26.36  39637 15.7
2010-02-10  01:30:00  10 31 29.3  -09 31 03  +000837.1 -000148.9  02 19 41.9  218.906 25.972  27.83  39567 15.7
2010-02-10  01:40:00  10 40 49.1  -09 55 48  +000842.5 -000148.1  02 20 23.7  218.876 25.526  29.41  39492 15.7
2010-02-10  01:50:00  10 50 12.6  -10 20 24  +000848.1 -000147.1  02 21 01.9  218.832 25.089  31.10  39412 15.7
2010-02-10  02:00:00  10 59 40.0  -10 44 48  +000854.2 -000145.8  02 21 36.1  218.774 24.662  32.86  39326 15.7
2010-02-10  02:10:00  11 09 11.6  -11 08 59  +000860.5 -000144.3  02 22 06.2  218.701 24.246  34.72  39234 15.7
2010-02-10  02:20:00  11 18 47.5  -11 32 54  +000867.2 -000142.6  02 22 32.0  218.613 23.842  36.64  39138 15.7
2010-02-10  02:30:00  11 28 27.9  -11 56 29  +000874.2 -000140.5  02 22 53.2  218.509 23.450  38.63  39036 15.7
2010-02-10  02:40:00  11 38 13.1  -12 19 44  +000881.5 -000138.3  02 23 09.7  218.390 23.073  40.66  38930 15.8
2010-02-10  02:50:00  11 48 03.2  -12 42 34  +000889.1 -000135.7  02 23 21.1  218.254 22.710  42.76  38818 15.8
2010-02-10  03:00:00  11 57 58.5  -13 04 57  +000897.0 -000132.9  02 23 27.5  218.103 22.363  44.90  38702 15.8
2010-02-10  03:10:00  12 07 59.2  -13 26 51  +000905.2 -000129.8  02 23 28.4  217.934 22.033  47.09  38582 15.8
2010-02-10  03:20:00  12 18 05.5  -13 48 12  +000913.6 -000126.3  02 23 23.8  217.749 21.721  49.31  38457 15.8
2010-02-10  03:30:00  12 28 17.5  -14 08 57  +000922.4 -000122.6  02 23 13.4  217.547 21.428  51.58  38328 15.9
2010-02-10  03:40:00  12 38 35.4  -14 29 02  +000931.4 -000118.5  02 22 57.2  217.329 21.154  53.87  38194 15.9
2010-02-10  03:50:00  12 48 59.3  -14 48 26  +000940.6 -000114.1  02 22 34.9  217.092 20.901  56.22  38057 15.9
2010-02-10  04:00:00  12 59 29.5  -15 07 03  +000950.0 -000109.4  02 22 06.4  216.839 20.670  58.58  37917 16.0
2010-02-10  04:10:00  13 10 06.0  -15 24 52  +000959.6 -000104.3  02 21 31.5  216.568 20.462  60.99  37773 16.0

   Date        UTC        RA         DECL      RARate   DeclRate    HourAng      Az     Um    Phase  Range  Mag
2010-02-10  16:20:00  03 43 12.8  +03 20 24  +000909.2 +000006.3  00 00 24.7  180.150 46.943  87.62  36877 16.6
2010-02-10  16:30:00  03 53 16.6  +03 20 50  +000902.2 -000001.0  00 00 22.5  180.137 46.950  85.19  37021 16.5
2010-02-10  16:40:00  04 03 15.7  +03 20 04  +000895.3 -000008.2  00 00 25.0  180.152 46.937  82.78  37162 16.4
2010-02-10  16:50:00  04 13 10.3  +03 18 06  +000888.6 -000015.3  00 00 32.0  180.195 46.904  80.39  37300 16.4
2010-02-10  17:00:00  04 23 00.5  +03 14 59  +000882.1 -000022.1  00 00 43.4  180.264 46.852  78.03  37436 16.3
2010-02-10  17:10:00  04 32 46.5  +03 10 45  +000875.7 -000028.8  00 00 59.2  180.359 46.781  75.68  37569 16.3
2010-02-10  17:20:00  04 42 28.2  +03 05 24  +000869.5 -000035.3  00 01 19.1  180.480 46.692  73.37  37699 16.2
2010-02-10  17:30:00  04 52 05.9  +02 58 60  +000863.6 -000041.6  00 01 43.0  180.624 46.584  71.06  37825 16.2
2010-02-10  17:40:00  05 01 39.7  +02 51 33  +000857.8 -000047.7  00 02 10.8  180.790 46.459  68.79  37948 16.2
2010-02-10  17:50:00  05 11 09.8  +02 43 05  +000852.3 -000053.7  00 02 42.4  180.979 46.317  66.52  38067 16.1
2010-02-10  18:00:00  05 20 36.2  +02 33 39  +000847.0 -000059.5  00 03 17.7  181.188 46.158  64.29  38181 16.1
2010-02-10  18:10:00  05 29 59.1  +02 23 16  +000841.9 -000065.1  00 03 56.4  181.416 45.982  62.07  38292 16.0
2010-02-10  18:20:00  05 39 18.7  +02 11 59  +000837.0 -000070.5  00 04 38.4  181.663 45.791  59.88  38398 16.0
2010-02-10  18:30:00  05 48 35.2  +01 59 47  +000832.4 -000075.7  00 05 23.6  181.926 45.583  57.70  38500 16.0
2010-02-10  18:40:00  05 57 48.6  +01 46 45  +000828.0 -000080.8  00 06 11.8  182.204 45.361  55.56  38597 16.0
2010-02-10  18:50:00  06 06 59.2  +01 32 53  +000823.8 -000085.6  00 07 02.9  182.497 45.124  53.42  38690 15.9
2010-02-10  19:00:00  06 16 07.1  +01 18 12  +000820.0 -000090.3  00 07 56.6  182.802 44.873  51.32  38778 15.9
2010-02-10  19:10:00  06 25 12.5  +01 02 46  +000816.3 -000094.9  00 08 52.8  183.118 44.607  49.23  38860 15.9
2010-02-10  19:20:00  06 34 15.6  +00 46 36  +000813.0 -000099.2  00 09 51.4  183.445 44.328  47.18  38938 15.8
2010-02-10  19:30:00  06 43 16.6  +00 29 43  +000809.9 -000103.4  00 10 52.1  183.780 44.036  45.14  39011 15.8
2010-02-10  19:40:00  06 52 15.5  +00 12 09  +000807.1 -000107.4  00 11 54.7  184.123 43.731  43.15  39078 15.8
2010-02-10  19:50:00  07 01 12.7  -00 06 04  +000804.5 -000111.2  00 12 59.2  184.472 43.414  41.18  39140 15.8
2010-02-10  20:00:00  07 10 08.3  -00 24 55  +000802.3 -000114.9  00 14 05.2  184.825 43.085  39.25  39197 15.8
2010-02-10  20:10:00  07 19 02.5  -00 44 21  +000800.3 -000118.4  00 15 12.7  185.181 42.745  37.35  39248 15.7
2010-02-10  20:20:00  07 27 55.5  -01 04 22  +000798.6 -000121.7  00 16 21.4  185.540 42.393  35.51  39294 15.7
2010-02-10  20:30:00  07 36 47.4  -01 24 55  +000797.2 -000124.9  00 17 31.1  185.899 42.032  33.70  39334 15.7
2010-02-10  20:40:00  07 45 38.5  -01 45 59  +000796.1 -000127.9  00 18 41.6  186.258 41.660  31.96  39369 15.7
2010-02-10  20:50:00  07 54 29.0  -02 07 32  +000795.3 -000130.7  00 19 52.8  186.615 41.279  30.28  39398 15.7
2010-02-10  21:00:00  08 03 19.0  -02 29 33  +000794.8 -000133.4  00 21 04.4  186.970 40.889  28.68  39422 15.7
2010-02-10  21:10:00  08 12 08.8  -02 51 59  +000794.7 -000135.9  00 22 16.2  187.320 40.491  27.17  39440 15.7
2010-02-10  21:20:00  08 20 58.6  -03 14 50  +000794.8 -000138.2  00 23 28.1  187.665 40.085  25.77  39452 15.6
2010-02-10  21:30:00  08 29 48.6  -03 38 03  +000795.2 -000140.4  00 24 39.7  188.005 39.671  24.48  39459 15.6
2010-02-10  21:40:00  08 38 39.0  -04 01 38  +000796.0 -000142.4  00 25 51.0  188.337 39.251  23.34  39459 15.6
2010-02-10  21:50:00  08 47 29.9  -04 25 31  +000797.0 -000144.3  00 27 01.7  188.660 38.825  22.36  39455 15.6
2010-02-10  22:00:00  08 56 21.7  -04 49 43  +000798.4 -000145.9  00 28 11.5  188.975 38.393  21.58  39444 15.6
2010-02-10  22:10:00  09 05 14.5  -05 14 10  +000800.1 -000147.4  00 29 20.4  189.279 37.957  21.00  39428 15.6
2010-02-10  22:20:00  09 14 08.6  -05 38 51  +000802.1 -000148.8  00 30 27.9  189.572 37.517  20.65  39406 15.6
2010-02-10  22:30:00  09 23 04.2  -06 03 44  +000804.5 -000149.9  00 31 34.0  189.853 37.072  20.54  39379 15.6
2010-02-10  22:40:00  09 32 01.4  -06 28 48  +000807.2 -000150.9  00 32 38.5  190.121 36.626  20.67  39346 15.6
2010-02-10  22:50:00  09 41 00.5  -06 54 01  +000810.2 -000151.6  00 33 41.0  190.376 36.177  21.06  39308 15.6
2010-02-10  23:00:00  09 50 01.8  -07 19 21  +000813.6 -000152.2  00 34 41.4  190.616 35.726  21.67  39264 15.6
2010-02-10  23:10:00  09 59 05.4  -07 44 45  +000817.3 -000152.6  00 35 39.4  190.840 35.275  22.51  39214 15.6
2010-02-10  23:20:00  10 08 11.6  -08 10 13  +000821.3 -000152.8  00 36 34.8  191.049 34.825  23.53  39159 15.6
2010-02-10  23:30:00  10 17 20.6  -08 35 41  +000825.7 -000152.8  00 37 27.5  191.241 34.375  24.74  39099 15.6
2010-02-10  23:40:00  10 26 32.6  -09 01 08  +000830.4 -000152.6  00 38 17.1  191.415 33.926  26.09  39033 15.6
2010-02-10  23:50:00  10 35 47.9  -09 26 32  +000835.5 -000152.2  00 39 03.4  191.571 33.481  27.59  38963 15.6
2010-02-11  00:00:00  10 45 06.7  -09 51 50  +000840.9 -000151.5  00 39 46.3  191.708 33.038  29.19  38887 15.6
2010-02-11  00:10:00  10 54 29.2  -10 17 01  +000846.6 -000150.6  00 40 25.5  191.826 32.600  30.90  38806 15.6
2010-02-11  00:20:00  11 03 55.6  -10 42 02  +000852.7 -000149.4  00 41 00.7  191.924 32.167  32.69  38720 15.7
2010-02-11  00:30:00  11 13 26.2  -11 06 49  +000859.1 -000148.1  00 41 31.7  192.001 31.739  34.57  38630 15.7
2010-02-11  00:40:00  11 23 01.1  -11 31 22  +000865.8 -000146.4  00 41 58.4  192.057 31.319  36.51  38534 15.7
2010-02-11  00:50:00  11 32 40.7  -11 55 37  +000872.9 -000144.5  00 42 20.5  192.092 30.906  38.51  38434 15.7
2010-02-11  01:00:00  11 42 25.0  -12 19 31  +000880.3 -000142.3  00 42 37.8  192.104 30.501  40.57  38330 15.7
2010-02-11  01:10:00  11 52 14.4  -12 43 02  +000888.0 -000139.8  00 42 50.0  192.094 30.106  42.68  38221 15.7
2010-02-11  01:20:00  12 02 09.1  -13 06 07  +000896.0 -000137.1  00 42 57.1  192.061 29.722  44.83  38108 15.8
2010-02-11  01:30:00  12 12 09.1  -13 28 43  +000904.3 -000134.0  00 42 58.6  192.004 29.348  47.03  37991 15.8
2010-02-11  01:40:00  12 22 14.8  -13 50 46  +000912.8 -000130.6  00 42 54.6  191.924 28.987  49.26  37870 15.8
2010-02-11  01:50:00  12 32 26.3  -14 12 14  +000921.7 -000126.9  00 42 44.8  191.819 28.639  51.55  37745 15.8
2010-02-11  02:00:00  12 42 43.8  -14 33 04  +000930.8 -000122.9  00 42 28.9  191.690 28.305  53.85  37617 15.9
2010-02-11  02:10:00  12 53 07.4  -14 53 11  +000940.1 -000118.5  00 42 07.0  191.536 27.986  56.20  37486 15.9
2010-02-11  02:20:00  13 03 37.3  -15 12 33  +000949.7 -000113.8  00 41 38.7  191.357 27.682  58.58  37352 15.9
2010-02-11  02:30:00  13 14 13.7  -15 31 05  +000959.4 -000108.7  00 41 04.0  191.153 27.396  61.00  37214 16.0
2010-02-11  02:40:00  13 24 56.6  -15 48 46  +000969.4 -000103.2  00 40 22.7  190.923 27.127  63.44  37074 16.0
2010-02-11  02:50:00  13 35 46.2  -16 05 29  +000979.5 -000097.4  00 39 34.7  190.667 26.876  65.92  36932 16.0
2010-02-11  03:00:00  13 46 42.5  -16 21 13  +000989.6 -000091.2  00 38 40.0  190.385 26.645  68.42  36788 16.1
2010-02-11  03:10:00  13 57 45.7  -16 35 53  +000999.9 -000084.7  00 37 38.5  190.078 26.434  70.96  36642 16.1
2010-02-11  03:20:00  14 08 55.8  -16 49 26  +001010.3 -000077.7  00 36 30.1  189.744 26.244  73.52  36494 16.2
2010-02-11  03:30:00  14 20 12.7  -17 01 47  +001020.6 -000070.4  00 35 14.8  189.385 26.075  76.12  36345 16.2
2010-02-11  03:40:00  14 31 36.6  -17 12 53  +001031.0 -000062.7  00 33 52.5  188.999 25.929  78.74  36195 16.3
2010-02-11  03:50:00  14 43 07.4  -17 22 41  +001041.3 -000054.7  00 32 23.4  188.588 25.806  81.40  36045 16.3
2010-02-11  04:00:00  14 54 44.9  -17 31 06  +001051.5 -000046.3  00 30 47.5  188.150 25.707  84.08  35895 16.4
2010-02-11  04:10:00  15 06 29.3  -17 38 05  +001061.6 -000037.5  00 29 04.8  187.687 25.632  86.80  35744 16.5

   Date        UTC        RA         DECL      RARate   DeclRate    HourAng      Az     Um    Phase  Range  Mag
2010-02-11  16:20:00  05 25 28.2  +02 37 20  +000848.0 -000055.6  22 22 05.8  146.564 41.311  63.97  38465 16.1
2010-02-11  16:30:00  05 34 51.8  +02 27 35  +000842.9 -000061.3  22 22 43.8  146.841 41.221  61.74  38573 16.1
2010-02-11  16:40:00  05 44 12.1  +02 16 55  +000838.0 -000066.7  22 23 25.1  147.142 41.121  59.54  38677 16.0
2010-02-11  16:50:00  05 53 29.3  +02 05 21  +000833.4 -000072.1  22 24 09.6  147.465 41.011  57.35  38777 16.0
2010-02-11  17:00:00  06 02 43.5  +01 52 54  +000829.0 -000077.2  22 24 57.1  147.809 40.891  55.19  38871 16.0
2010-02-11  17:10:00  06 11 54.8  +01 39 38  +000824.9 -000082.1  22 25 47.4  148.174 40.762  53.04  38960 15.9
2010-02-11  17:20:00  06 21 03.4  +01 25 32  +000821.0 -000086.9  22 26 40.4  148.558 40.623  50.93  39045 15.9
2010-02-11  17:30:00  06 30 09.5  +01 10 40  +000817.4 -000091.5  22 27 36.0  148.959 40.474  48.83  39124 15.9
2010-02-11  17:40:00  06 39 13.3  +00 55 02  +000814.0 -000096.0  22 28 33.8  149.376 40.316  46.76  39198 15.9
2010-02-11  17:50:00  06 48 14.9  +00 38 41  +000810.9 -000100.2  22 29 33.8  149.807 40.148  44.72  39266 15.8
2010-02-11  18:00:00  06 57 14.6  +00 21 38  +000808.1 -000104.4  22 30 35.8  150.252 39.970  42.71  39329 15.8
2010-02-11  18:10:00  07 06 12.4  +00 03 54  +000805.5 -000108.3  22 31 39.6  150.708 39.782  40.72  39386 15.8
2010-02-11  18:20:00  07 15 08.7  -00 14 28  +000803.2 -000112.1  22 32 45.0  151.175 39.585  38.78  39438 15.8
2010-02-11  18:30:00  07 24 03.5  -00 33 26  +000801.2 -000115.7  22 33 51.8  151.651 39.378  36.86  39485 15.7
2010-02-11  18:40:00  07 32 57.1  -00 53 01  +000799.5 -000119.1  22 34 59.9  152.135 39.162  35.00  39526 15.7
2010-02-11  18:50:00  07 41 49.6  -01 13 09  +000798.1 -000122.4  22 36 09.0  152.624 38.936  33.18  39561 15.7
2010-02-11  19:00:00  07 50 41.3  -01 33 49  +000797.0 -000125.6  22 37 19.0  153.118 38.701  31.42  39590 15.7
2010-02-11  19:10:00  07 59 32.3  -01 54 59  +000796.1 -000128.5  22 38 29.6  153.616 38.456  29.72  39614 15.7
2010-02-11  19:20:00  08 08 22.9  -02 16 39  +000795.6 -000131.3  22 39 40.7  154.115 38.202  28.11  39632 15.7
2010-02-11  19:30:00  08 17 13.2  -02 38 45  +000795.4 -000134.0  22 40 52.0  154.615 37.939  26.57  39645 15.7
2010-02-11  19:40:00  08 26 03.4  -03 01 17  +000795.5 -000136.4  22 42 03.4  155.113 37.667  25.15  39652 15.6
2010-02-11  19:50:00  08 34 53.9  -03 24 14  +000795.9 -000138.8  22 43 14.6  155.610 37.387  23.85  39653 15.6
2010-02-11  20:00:00  08 43 44.7  -03 47 32  +000796.6 -000140.9  22 44 25.5  156.103 37.097  22.70  39648 15.6
2010-02-11  20:10:00  08 52 36.0  -04 11 11  +000797.6 -000142.9  22 45 35.7  156.591 36.800  21.71  39638 15.6
2010-02-11  20:20:00  09 01 28.2  -04 35 10  +000798.9 -000144.7  22 46 45.2  157.073 36.494  20.93  39622 15.6
2010-02-11  20:30:00  09 10 21.3  -04 59 25  +000800.6 -000146.3  22 47 53.7  157.547 36.180  20.35  39601 15.6
2010-02-11  20:40:00  09 19 15.7  -05 23 56  +000802.6 -000147.8  22 49 01.0  158.012 35.859  20.01  39574 15.6
2010-02-11  20:50:00  09 28 11.5  -05 48 41  +000804.9 -000149.1  22 50 06.8  158.468 35.530  19.93  39542 15.6
2010-02-11  21:00:00  09 37 09.0  -06 13 37  +000807.5 -000150.2  22 51 11.0  158.912 35.195  20.09  39504 15.6
2010-02-11  21:10:00  09 46 08.3  -06 38 44  +000810.5 -000151.1  22 52 13.3  159.343 34.853  20.52  39462 15.6
2010-02-11  21:20:00  09 55 09.7  -07 03 59  +000813.8 -000151.9  22 53 13.5  159.761 34.505  21.17  39413 15.6
2010-02-11  21:30:00  10 04 13.5  -07 29 21  +000817.5 -000152.4  22 54 11.4  160.165 34.152  22.05  39360 15.6
2010-02-11  21:40:00  10 13 19.8  -07 54 46  +000821.5 -000152.7  22 55 06.8  160.552 33.793  23.12  39301 15.6
2010-02-11  21:50:00  10 22 28.8  -08 20 14  +000825.8 -000152.8  22 55 59.3  160.923 33.430  24.38  39238 15.6
2010-02-11  22:00:00  10 31 40.9  -08 45 42  +000830.5 -000152.8  22 56 48.9  161.275 33.063  25.77  39169 15.6
2010-02-11  22:10:00  10 40 56.2  -09 11 09  +000835.5 -000152.4  22 57 35.3  161.609 32.692  27.31  39096 15.6
2010-02-11  22:20:00  10 50 14.9  -09 36 31  +000840.8 -000151.9  22 58 18.2  161.923 32.318  28.95  39018 15.6
2010-02-11  22:30:00  10 59 37.4  -10 01 46  +000846.5 -000151.1  22 58 57.4  162.215 31.941  30.69  38935 15.7
2010-02-11  22:40:00  11 09 03.7  -10 26 53  +000852.5 -000150.1  22 59 32.7  162.486 31.563  32.52  38848 15.7
2010-02-11  22:50:00  11 18 34.1  -10 51 48  +000858.9 -000148.8  23 00 03.9  162.735 31.184  34.42  38756 15.7
2010-02-11  23:00:00  11 28 08.9  -11 16 29  +000865.5 -000147.3  23 00 30.8  162.960 30.804  36.39  38660 15.7
2010-02-11  23:10:00  11 37 48.2  -11 40 53  +000872.6 -000145.5  23 00 53.1  163.160 30.425  38.42  38560 15.7
2010-02-11  23:20:00  11 47 32.4  -12 04 58  +000879.9 -000143.4  23 01 10.6  163.335 30.046  40.50  38456 15.7
2010-02-11  23:30:00  11 57 21.5  -12 28 41  +000887.5 -000141.1  23 01 23.1  163.485 29.670  42.63  38348 15.7
2010-02-11  23:40:00  12 07 15.8  -12 51 59  +000895.4 -000138.4  23 01 30.5  163.608 29.295  44.80  38237 15.8
2010-02-11  23:50:00  12 17 15.5  -13 14 48  +000903.7 -000135.4  23 01 32.4  163.703 28.924  47.02  38122 15.8
2010-02-12  00:00:00  12 27 20.7  -13 37 06  +000912.2 -000132.1  23 01 28.8  163.771 28.557  49.27  38003 15.8
2010-02-12  00:10:00  12 37 31.7  -13 58 50  +000921.0 -000128.5  23 01 19.5  163.811 28.194  51.57  37882 15.8
2010-02-12  00:20:00  12 47 48.7  -14 19 55  +000930.0 -000124.5  23 01 04.1  163.821 27.838  53.89  37758 15.9
2010-02-12  00:30:00  12 58 11.8  -14 40 20  +000939.3 -000120.2  23 00 42.7  163.801 27.487  56.25  37631 15.9
2010-02-12  00:40:00  13 08 41.1  -14 59 59  +000948.7 -000115.6  23 00 15.0  163.752 27.144  58.64  37501 15.9
2010-02-12  00:50:00  13 19 16.8  -15 18 50  +000958.4 -000110.6  22 59 41.0  163.672 26.808  61.07  37370 16.0
2010-02-12  01:00:00  13 29 59.0  -15 36 50  +000968.2 -000105.2  22 59 00.4  163.561 26.482  63.52  37236 16.0
2010-02-12  01:10:00  13 40 47.8  -15 53 53  +000978.2 -000099.4  22 58 13.3  163.419 26.165  66.01  37101 16.1
2010-02-12  01:20:00  13 51 43.3  -16 09 57  +000988.3 -000093.3  22 57 19.4  163.246 25.859  68.52  36964 16.1
2010-02-12  01:30:00  14 02 45.5  -16 24 58  +000998.5 -000086.8  22 56 18.8  163.041 25.563  71.07  36826 16.1
2010-02-12  01:40:00  14 13 54.6  -16 38 52  +001008.7 -000079.9  22 55 11.4  162.803 25.280  73.64  36687 16.2
2010-02-12  01:50:00  14 25 10.5  -16 51 35  +001019.0 -000072.6  22 53 57.1  162.534 25.009  76.25  36548 16.2
2010-02-12  02:00:00  14 36 33.2  -17 03 04  +001029.2 -000065.0  22 52 36.0  162.232 24.752  78.87  36408 16.3
2010-02-12  02:10:00  14 48 02.8  -17 13 14  +001039.4 -000057.0  22 51 08.1  161.898 24.509  81.54  36268 16.4
2010-02-12  02:20:00  14 59 39.0  -17 22 03  +001049.4 -000048.6  22 49 33.5  161.532 24.281  84.22  36129 16.4
2010-02-12  02:30:00  15 11 22.0  -17 29 26  +001059.4 -000039.9  22 47 52.2  161.134 24.068  86.94  35990 16.5
2010-02-12  02:40:00  15 23 11.5  -17 35 21  +001069.1 -000030.9  22 46 04.4  160.704 23.871  89.67  35853 16.6
2010-02-12  02:50:00  15 35 07.4  -17 39 43  +001078.6 -000021.6  22 44 10.1  160.242 23.690  92.45  35716 16.6
2010-02-12  03:00:00  15 47 09.6  -17 42 31  +001087.9 -000011.9  22 42 09.6  159.749 23.527  95.23  35582 16.7
2010-02-12  03:10:00  15 59 17.8  -17 43 41  +001096.8 -000002.0  22 40 03.0  159.224 23.380  98.06  35449 16.8
2010-02-12  03:20:00  16 11 31.8  -17 43 11  +001105.3 +000008.1  22 37 50.6  158.669 23.252 100.90  35320 16.9
2010-02-12  03:30:00  16 23 51.5  -17 40 59  +001113.5 +000018.4  22 35 32.6  158.084 23.141 103.78  35192 17.0
2010-02-12  03:40:00  16 36 16.4  -17 37 03  +001121.2 +000028.9  22 33 09.3  157.470 23.048 106.67  35069 17.1
2010-02-12  03:50:00  16 48 46.4  -17 31 21  +001128.5 +000039.5  22 30 41.0  156.827 22.974 109.59  34949 17.2
2010-02-12  04:00:00  17 01 21.0  -17 23 52  +001135.3 +000050.2  22 28 08.0  156.155 22.918 112.53  34832 17.3
2010-02-12  04:10:00  17 13 59.9  -17 14 37  +001141.5 +000060.9  22 25 30.7  155.457 22.880 115.50  34721 17.5

   Date        UTC        RA         DECL      RARate   DeclRate    HourAng      Az     Um    Phase  Range  Mag
2010-02-12  16:20:00  07 00 25.5  +00 30 12  +000811.0 -000099.5  20 51 05.0  123.490 28.338  42.69  40279 15.9
2010-02-12  16:30:00  07 09 25.3  +00 13 17  +000808.5 -000103.5  20 52 06.9  123.913 28.254  40.68  40333 15.8
2010-02-12  16:40:00  07 18 23.5  -00 04 17  +000806.2 -000107.3  20 53 10.3  124.349 28.165  38.71  40382 15.8
2010-02-12  16:50:00  07 27 20.3  -00 22 29  +000804.2 -000111.0  20 54 15.2  124.797 28.069  36.77  40425 15.8
2010-02-12  17:00:00  07 36 15.8  -00 41 17  +000802.4 -000114.5  20 55 21.3  125.254 27.966  34.88  40462 15.8
2010-02-12  17:10:00  07 45 10.3  -01 00 38  +000801.0 -000117.8  20 56 28.5  125.722 27.856  33.02  40494 15.8
2010-02-12  17:20:00  07 54 03.9  -01 20 33  +000799.8 -000121.0  20 57 36.5  126.197 27.739  31.23  40520 15.7
2010-02-12  17:30:00  08 02 56.8  -01 40 58  +000798.9 -000124.0  20 58 45.2  126.679 27.615  29.50  40540 15.7
2010-02-12  17:40:00  08 11 49.2  -02 01 53  +000798.4 -000126.9  20 59 54.5  127.167 27.483  27.84  40554 15.7
2010-02-12  17:50:00  08 20 41.3  -02 23 16  +000798.1 -000129.6  21 01 04.0  127.660 27.344  26.27  40562 15.7
2010-02-12  18:00:00  08 29 33.4  -02 45 05  +000798.1 -000132.2  21 02 13.6  128.156 27.196  24.80  40565 15.7
2010-02-12  18:10:00  08 38 25.5  -03 07 19  +000798.4 -000134.6  21 03 23.1  128.655 27.041  23.45  40561 15.7
2010-02-12  18:20:00  08 47 18.0  -03 29 56  +000799.0 -000136.8  21 04 32.2  129.154 26.878  22.26  40553 15.7
2010-02-12  18:30:00  08 56 11.0  -03 52 55  +000800.0 -000138.9  21 05 40.9  129.654 26.707  21.22  40538 15.7
2010-02-12  18:40:00  09 05 04.7  -04 16 13  +000801.2 -000140.8  21 06 48.8  130.152 26.527  20.38  40518 15.7
2010-02-12  18:50:00  09 13 59.4  -04 39 50  +000802.8 -000142.5  21 07 55.8  130.647 26.339  19.77  40493 15.7
2010-02-12  19:00:00  09 22 55.2  -05 03 43  +000804.7 -000144.1  21 09 01.6  131.139 26.143  19.39  40462 15.7
2010-02-12  19:10:00  09 31 52.4  -05 27 51  +000806.9 -000145.5  21 10 06.0  131.626 25.938  19.28  40425 15.6
2010-02-12  19:20:00  09 40 51.2  -05 52 12  +000809.4 -000146.7  21 11 08.9  132.107 25.725  19.43  40383 15.6
2010-02-12  19:30:00  09 49 51.7  -06 16 45  +000812.3 -000147.7  21 12 10.0  132.580 25.504  19.84  40336 15.6
2010-02-12  19:40:00  09 58 54.3  -06 41 26  +000815.5 -000148.6  21 13 09.1  133.045 25.274  20.50  40284 15.6
2010-02-12  19:50:00  10 07 59.1  -07 06 15  +000819.0 -000149.2  21 14 05.9  133.500 25.036  21.39  40227 15.7
2010-02-12  20:00:00  10 17 06.4  -07 31 10  +000822.9 -000149.7  21 15 00.3  133.945 24.790  22.47  40165 15.7
2010-02-12  20:10:00  10 26 16.3  -07 56 08  +000827.0 -000149.9  21 15 52.0  134.377 24.536  23.75  40098 15.7
2010-02-12  20:20:00  10 35 29.2  -08 21 07  +000831.5 -000149.9  21 16 40.8  134.796 24.275  25.16  40026 15.7
2010-02-12  20:30:00  10 44 45.1  -08 46 05  +000836.4 -000149.7  21 17 26.5  135.200 24.005  26.72  39950 15.7
2010-02-12  20:40:00  10 54 04.4  -09 11 01  +000841.6 -000149.3  21 18 08.8  135.589 23.729  28.38  39869 15.7
2010-02-12  20:50:00  11 03 27.3  -09 35 51  +000847.1 -000148.7  21 18 47.6  135.961 23.445  30.15  39784 15.7
2010-02-12  21:00:00  11 12 53.9  -10 00 33  +000852.9 -000147.8  21 19 22.6  136.315 23.155  32.00  39694 15.7
2010-02-12  21:10:00  11 22 24.6  -10 25 06  +000859.1 -000146.6  21 19 53.6  136.651 22.858  33.93  39601 15.7
2010-02-12  21:20:00  11 31 59.4  -10 49 25  +000865.5 -000145.2  21 20 20.4  136.966 22.555  35.91  39504 15.7
2010-02-12  21:30:00  11 41 38.7  -11 13 30  +000872.3 -000143.6  21 20 42.8  137.260 22.246  37.96  39403 15.8
2010-02-12  21:40:00  11 51 22.6  -11 37 16  +000879.4 -000141.6  21 21 00.5  137.533 21.932  40.05  39298 15.8
2010-02-12  21:50:00  12 01 11.3  -12 00 41  +000886.8 -000139.4  21 21 13.4  137.782 21.614  42.21  39190 15.8
2010-02-12  22:00:00  12 11 05.1  -12 23 43  +000894.6 -000136.9  21 21 21.3  138.008 21.291  44.39  39079 15.8
2010-02-12  22:10:00  12 21 04.1  -12 46 18  +000902.5 -000134.0  21 21 23.9  138.208 20.964  46.62  38964 15.8
2010-02-12  22:20:00  12 31 08.5  -13 08 22  +000910.8 -000130.9  21 21 21.1  138.383 20.634  48.88  38847 15.9
2010-02-12  22:30:00  12 41 18.5  -13 29 54  +000919.3 -000127.4  21 21 12.8  138.531 20.301  51.19  38727 15.9
2010-02-12  22:40:00  12 51 34.3  -13 50 49  +000928.1 -000123.6  21 20 58.7  138.651 19.967  53.52  38605 15.9
2010-02-12  22:50:00  13 01 56.0  -14 11 05  +000937.0 -000119.4  21 20 38.6  138.744 19.630  55.90  38481 16.0
2010-02-12  23:00:00  13 12 23.7  -14 30 37  +000946.2 -000115.0  21 20 12.5  138.807 19.293  58.29  38355 16.0
2010-02-12  23:10:00  13 22 57.6  -14 49 23  +000955.6 -000110.1  21 19 40.2  138.841 18.956  60.73  38227 16.0
2010-02-12  23:20:00  13 33 37.9  -15 07 18  +000965.1 -000104.9  21 19 01.7  138.844 18.620  63.18  38098 16.1
2010-02-12  23:30:00  13 44 24.5  -15 24 19  +000974.8 -000099.3  21 18 16.7  138.817 18.284  65.68  37967 16.1
2010-02-12  23:40:00  13 55 17.6  -15 40 23  +000984.6 -000093.4  21 17 25.2  138.758 17.951  68.19  37836 16.1
2010-02-12  23:50:00  14 06 17.2  -15 55 25  +000994.4 -000087.0  21 16 27.2  138.667 17.620  70.74  37704 16.2
2010-02-13  00:00:00  14 17 23.5  -16 09 23  +001004.3 -000080.3  21 15 22.6  138.544 17.292  73.31  37571 16.2
2010-02-13  00:10:00  14 28 36.3  -16 22 11  +001014.2 -000073.3  21 14 11.4  138.389 16.969  75.92  37439 16.3
2010-02-13  00:20:00  14 39 55.7  -16 33 47  +001024.1 -000065.9  21 12 53.6  138.200 16.651  78.55  37307 16.3
2010-02-13  00:30:00  14 51 21.7  -16 44 07  +001033.9 -000058.1  21 11 29.3  137.979 16.338  81.21  37175 16.4
2010-02-13  00:40:00  15 02 54.2  -16 53 08  +001043.6 -000049.9  21 09 58.4  137.724 16.031  83.89  37044 16.5
2010-02-13  00:50:00  15 14 33.2  -17 00 45  +001053.2 -000041.5  21 08 21.1  137.436 15.731  86.60  36915 16.5
2010-02-13  01:00:00  15 26 18.5  -17 06 57  +001062.6 -000032.7  21 06 37.5  137.115 15.439  89.33  36787 16.6
2010-02-13  01:10:00  15 38 09.9  -17 11 39  +001071.7 -000023.6  21 04 47.7  136.760 15.156  92.10  36660 16.7
2010-02-13  01:20:00  15 50 07.4  -17 14 48  +001080.6 -000014.3  21 02 51.8  136.373 14.881  94.88  36537 16.8
2010-02-13  01:30:00  16 02 10.7  -17 16 23  +001089.2 -000004.6  21 00 50.2  135.953 14.616  97.70  36415 16.9
2010-02-13  01:40:00  16 14 19.6  -17 16 21  +001097.5 +000005.2  20 58 42.9  135.501 14.362 100.53  36297 16.9
2010-02-13  01:50:00  16 26 33.9  -17 14 39  +001105.3 +000015.2  20 56 30.2  135.017 14.118 103.40  36181 17.0
2010-02-13  02:00:00  16 38 53.3  -17 11 16  +001112.8 +000025.4  20 54 12.5  134.502 13.885 106.27  36070 17.1
2010-02-13  02:10:00  16 51 17.5  -17 06 10  +001119.8 +000035.7  20 51 49.9  133.957 13.664 109.19  35962 17.3
2010-02-13  02:20:00  17 03 46.2  -16 59 22  +001126.3 +000046.1  20 49 22.9  133.382 13.455 112.11  35859 17.4
2010-02-13  02:30:00  17 16 19.1  -16 50 49  +001132.2 +000056.5  20 46 51.6  132.778 13.259 115.06  35760 17.5
2010-02-13  02:40:00  17 28 55.8  -16 40 32  +001137.7 +000066.9  20 44 16.6  132.146 13.075 118.03  35666 17.6
2010-02-13  02:50:00  17 41 35.9  -16 28 32  +001142.6 +000077.2  20 41 38.1  131.488 12.905 121.02  35578 17.8
2010-02-13  03:00:00  17 54 19.1  -16 14 48  +001146.9 +000087.4  20 38 56.6  130.804 12.748 124.02  35495 17.9
2010-02-13  03:10:00  18 07 05.0  -15 59 24  +001150.6 +000097.4  20 36 12.4  130.096 12.604 127.05  35418 18.1
2010-02-13  03:20:00  18 19 53.1  -15 42 21  +001153.7 +000107.3  20 33 25.9  129.365 12.473 130.08  35347 18.3
2010-02-13  03:30:00  18 32 43.1  -15 23 40  +001156.3 +000116.8  20 30 37.5  128.613 12.355 133.14  35283 18.5
2010-02-13  03:40:00  18 45 34.6  -15 03 26  +001158.2 +000126.0  20 27 47.6  127.840 12.251 136.20  35226 18.7
2010-02-13  03:50:00  18 58 27.2  -14 41 41  +001159.5 +000134.9  20 24 56.6  127.050 12.160 139.28  35176 18.9
2010-02-13  04:00:00  19 11 20.6  -14 18 30  +001160.3 +000143.3  20 22 05.0  126.243 12.081 142.35  35133 19.1
2010-02-13  04:10:00  19 24 14.2  -13 53 56  +001160.5 +000151.3  20 19 13.0  125.421 12.015 145.45  35098 19.4

   Date        UTC        RA         DECL      RARate   DeclRate    HourAng      Az     Um    Phase  Range  Mag
2010-02-13  16:20:00  08 29 55.8  -02 27 51  +000801.9 -000126.4  19 25 31.2  107.504 12.712  25.04  42007 15.8
2010-02-13  16:30:00  08 38 50.5  -02 49 06  +000802.1 -000128.8  19 26 38.2  107.958 12.628  23.60  42002 15.8
2010-02-13  16:40:00  08 47 45.4  -03 10 46  +000802.6 -000131.1  19 27 45.0  108.415 12.538  22.31  41992 15.8
2010-02-13  16:50:00  08 56 40.7  -03 32 47  +000803.4 -000133.2  19 28 51.3  108.875 12.441  21.16  41976 15.7
2010-02-13  17:00:00  09 05 36.7  -03 55 08  +000804.5 -000135.1  19 29 57.0  109.336 12.337  20.21  41954 15.7
2010-02-13  17:10:00  09 14 33.5  -04 17 48  +000805.9 -000136.9  19 31 01.8  109.797 12.226  19.46  41926 15.7
2010-02-13  17:20:00  09 23 31.4  -04 40 46  +000807.7 -000138.5  19 32 05.6  110.257 12.108  18.96  41893 15.7
2010-02-13  17:30:00  09 32 30.5  -05 03 58  +000809.7 -000140.0  19 33 08.1  110.716 11.982  18.73  41855 15.7
2010-02-13  17:40:00  09 41 31.1  -05 27 24  +000812.1 -000141.2  19 34 09.2  111.171 11.848  18.76  41811 15.7
2010-02-13  17:50:00  09 50 33.3  -05 51 02  +000814.7 -000142.3  19 35 08.6  111.623 11.706  19.07  41762 15.7
2010-02-13  18:00:00  09 59 37.4  -06 14 50  +000817.7 -000143.2  19 36 06.1  112.070 11.556  19.64  41708 15.7
2010-02-13  18:10:00  10 08 43.7  -06 38 46  +000821.0 -000144.0  19 37 01.5  112.511 11.397  20.46  41648 15.7
2010-02-13  18:20:00  10 17 52.2  -07 02 49  +000824.6 -000144.5  19 37 54.6  112.945 11.230  21.49  41584 15.7
2010-02-13  18:30:00  10 27 03.2  -07 26 56  +000828.6 -000144.8  19 38 45.2  113.370 11.055  22.72  41515 15.7
2010-02-13  18:40:00  10 36 17.0  -07 51 05  +000832.8 -000145.0  19 39 33.0  113.787 10.871  24.11  41441 15.7
2010-02-13  18:50:00  10 45 33.8  -08 15 14  +000837.4 -000144.9  19 40 18.0  114.193 10.678  25.65  41363 15.7
2010-02-13  19:00:00  10 54 53.7  -08 39 22  +000842.3 -000144.6  19 40 59.7  114.588 10.477  27.29  41280 15.8
2010-02-13  19:10:00  11 04 16.9  -09 03 25  +000847.5 -000144.0  19 41 38.1  114.971 10.267  29.06  41193 15.8
2010-02-13  19:20:00  11 13 43.8  -09 27 22  +000853.1 -000143.3  19 42 12.9  115.340 10.048  30.89  41102 15.8
