ЭФЕМЕРИДЫ ПО ОБЪЕКТУ:  90139
Для пункта:  10016 Маяки   46 23'50.68"   30 16'17.74"    14m
C   2010-02-01 12:00
по  2010-02-16 12:00
Шаг  0:10:00
Мин.угол места:          10 град
Макс.угол места Солнца: -10 град
Стандартный блеск :      9.0 (зв.вел.)

ОБОЗНАЧЕНИЯ
RA        прямое восхождение, тек.эпоха
DECL      склонение, тек.эпоха
RARate    скорость по пр.восх., арксек/мин
DeclRate  скорость по склонению, арксек/мин
HourAng   часовой угол
Az        азимут
Um        угол места
Phase     фазовый угол
Range     дальность
Mag       зв.величина (оценка)

   Date        UTC        RA         DECL      RARate   DeclRate    HourAng      Az     Um    Phase  Range  Mag
2010-02-07  16:10:00  08 45 38.3  +08 34 25  +000825.6 -000125.6  18 36 07.8   90.563 12.416  11.64  42905 15.9
2010-02-07  16:20:00  08 54 47.8  +08 12 47  +000823.0 -000133.8  18 36 59.9   90.978 12.308  10.14  42915 15.9
2010-02-07  16:30:00  09 03 55.6  +07 49 49  +000820.4 -000141.8  18 37 53.8   91.414 12.188   8.97  42924 15.9
2010-02-07  16:40:00  09 13 01.7  +07 25 32  +000817.9 -000149.6  18 38 49.3   91.871 12.056   8.29  42933 15.9
2010-02-07  16:50:00  09 22 06.2  +06 59 58     <<SHADOW>>        18 39 46.5   92.347 11.914   8.22  42940 ----
2010-02-07  17:00:00  09 31 09.0  +06 33 11     <<SHADOW>>        18 40 45.3   92.843 11.762   8.76  42946 ----
2010-02-07  17:10:00  09 40 10.2  +06 05 13     <<SHADOW>>        18 41 45.7   93.357 11.599   9.83  42952 ----
2010-02-07  17:20:00  09 49 10.0  +05 36 05     <<SHADOW>>        18 42 47.6   93.888 11.426  11.26  42956 ----
2010-02-07  17:30:00  09 58 08.3  +05 05 52     <<SHADOW>>        18 43 50.9   94.437 11.243  12.95  42958 ----
2010-02-07  17:40:00  10 07 05.4  +04 34 35     <<SHADOW>>        18 44 55.5   95.001 11.051  14.80  42960 ----
2010-02-07  17:50:00  10 16 01.1  +04 02 18  +000802.8 -000196.6  18 46 01.4   95.581 10.849  16.76  42961 16.0
2010-02-07  18:00:00  10 24 55.8  +03 29 04  +000801.2 -000202.2  18 47 08.4   96.175 10.638  18.79  42960 16.0
2010-02-07  18:10:00  10 33 49.4  +02 54 54  +000799.7 -000207.6  18 48 16.4   96.781 10.418  20.89  42959 16.0
2010-02-07  18:20:00  10 42 42.1  +02 19 53  +000798.5 -000212.6  18 49 25.4   97.400 10.190  23.01  42957 16.0

   Date        UTC        RA         DECL      RARate   DeclRate    HourAng      Az     Um    Phase  Range  Mag
2010-02-08  16:10:00  07 50 05.2  +10 28 09  +000838.6 -000076.0  19 35 37.5  100.292 23.979  24.46  41698 16.0
2010-02-08  16:20:00  07 59 23.5  +10 14 41  +000836.2 -000085.6  19 36 20.8  100.603 23.939  22.30  41713 15.9
2010-02-08  16:30:00  08 08 40.1  +09 59 38  +000833.7 -000095.0  19 37 05.9  100.938 23.884  20.17  41729 15.9
2010-02-08  16:40:00  08 17 55.0  +09 43 01  +000831.1 -000104.3  19 37 52.6  101.298 23.815  18.08  41743 15.9
2010-02-08  16:50:00  08 27 08.2  +09 24 53  +000828.4 -000113.3  19 38 41.0  101.683 23.731  16.05  41756 15.9
2010-02-08  17:00:00  08 36 19.6  +09 05 15  +000825.8 -000122.2  19 39 31.3  102.092 23.633  14.10  41769 15.9
2010-02-08  17:10:00  08 45 29.3  +08 44 10  +000823.1 -000130.8  19 40 23.3  102.524 23.522  12.27  41780 15.9
2010-02-08  17:20:00  08 54 37.1  +08 21 40  +000820.5 -000139.2  19 41 17.0  102.979 23.398  10.64  41791 15.9
2010-02-08  17:30:00  09 03 43.3  +07 57 48  +000817.9 -000147.3  19 42 12.5  103.457 23.261   9.27  41800 15.9
2010-02-08  17:40:00  09 12 47.6  +07 32 35  +000815.3 -000155.2  19 43 09.8  103.955 23.111   8.33  41809 15.9
2010-02-08  17:50:00  09 21 50.3  +07 06 04     <<SHADOW>>        19 44 08.8  104.474 22.949   7.96  41817 ----
2010-02-08  18:00:00  09 30 51.4  +06 38 18     <<SHADOW>>        19 45 09.4  105.013 22.775   8.23  41823 ----
2010-02-08  18:10:00  09 39 50.8  +06 09 19     <<SHADOW>>        19 46 11.6  105.571 22.588   9.09  41829 ----
2010-02-08  18:20:00  09 48 48.7  +05 39 10     <<SHADOW>>        19 47 15.3  106.147 22.390  10.38  41833 ----
2010-02-08  18:30:00  09 57 45.2  +05 07 55     <<SHADOW>>        19 48 20.5  106.739 22.180  11.99  41837 ----
2010-02-08  18:40:00  10 06 40.3  +04 35 35     <<SHADOW>>        19 49 27.0  107.347 21.959  13.78  41840 ----
2010-02-08  18:50:00  10 15 34.2  +04 02 13     <<SHADOW>>        19 50 34.8  107.970 21.727  15.71  41841 ----
2010-02-08  19:00:00  10 24 26.9  +03 27 53  +000798.2 -000208.8  19 51 43.7  108.607 21.483  17.72  41842 15.9
2010-02-08  19:10:00  10 33 18.5  +02 52 38  +000796.8 -000214.2  19 52 53.7  109.256 21.228  19.80  41842 15.9
2010-02-08  19:20:00  10 42 09.3  +02 16 30  +000795.5 -000219.3  19 54 04.6  109.916 20.963  21.91  41841 15.9
2010-02-08  19:30:00  10 50 59.3  +01 39 34  +000794.4 -000224.0  19 55 16.3  110.586 20.687  24.07  41839 16.0
2010-02-08  19:40:00  10 59 48.6  +01 01 51  +000793.6 -000228.5  19 56 28.6  111.264 20.400  26.24  41836 16.0
2010-02-08  19:50:00  11 08 37.4  +00 23 25  +000793.0 -000232.6  19 57 41.4  111.950 20.103  28.45  41832 16.0
2010-02-08  20:00:00  11 17 26.0  -00 15 41  +000792.6 -000236.4  19 58 54.5  112.642 19.796  30.66  41828 16.0
2010-02-08  20:10:00  11 26 14.3  -00 55 22  +000792.5 -000239.9  20 00 07.8  113.338 19.479  32.89  41823 16.0
2010-02-08  20:20:00  11 35 02.6  -01 35 37  +000792.6 -000243.0  20 01 21.1  114.038 19.152  35.13  41818 16.1
2010-02-08  20:30:00  11 43 51.1  -02 16 21  +000793.0 -000245.8  20 02 34.2  114.740 18.815  37.38  41811 16.1
2010-02-08  20:40:00  11 52 40.0  -02 57 31  +000793.6 -000248.2  20 03 47.0  115.442 18.469  39.64  41805 16.1
2010-02-08  20:50:00  12 01 29.3  -03 39 04  +000794.5 -000250.3  20 04 59.3  116.144 18.114  41.91  41797 16.1
2010-02-08  21:00:00  12 10 19.4  -04 20 55  +000795.7 -000252.0  20 06 10.9  116.843 17.750  44.18  41790 16.2
2010-02-08  21:10:00  12 19 10.3  -05 03 02  +000797.1 -000253.3  20 07 21.6  117.539 17.377  46.47  41781 16.2
2010-02-08  21:20:00  12 28 02.3  -05 45 20  +000798.9 -000254.3  20 08 31.3  118.230 16.997  48.75  41773 16.2
2010-02-08  21:30:00  12 36 55.6  -06 27 46  +000800.9 -000254.9  20 09 39.7  118.915 16.609  51.05  41764 16.3
2010-02-08  21:40:00  12 45 50.2  -07 10 16  +000803.2 -000255.1  20 10 46.6  119.592 16.213  53.34  41755 16.3
2010-02-08  21:50:00  12 54 46.6  -07 52 46  +000805.8 -000254.9  20 11 51.9  120.260 15.811  55.65  41745 16.3
2010-02-08  22:00:00  13 03 44.7  -08 35 12  +000808.7 -000254.3  20 12 55.5  120.918 15.402  57.95  41735 16.4
2010-02-08  22:10:00  13 12 44.8  -09 17 30  +000811.8 -000253.3  20 13 57.0  121.565 14.987  60.27  41725 16.4
2010-02-08  22:20:00  13 21 47.2  -09 59 37  +000815.2 -000251.9  20 14 56.3  122.199 14.567  62.58  41715 16.4
2010-02-08  22:30:00  13 30 51.8  -10 41 28  +000818.9 -000250.1  20 15 53.3  122.819 14.143  64.91  41705 16.5
2010-02-08  22:40:00  13 39 59.0  -11 22 58  +000822.8 -000247.9  20 16 47.7  123.424 13.715  67.23  41694 16.5
2010-02-08  22:50:00  13 49 08.9  -12 04 04  +000827.0 -000245.3  20 17 39.4  124.012 13.283  69.57  41684 16.6
2010-02-08  23:00:00  13 58 21.7  -12 44 42  +000831.4 -000242.2  20 18 28.3  124.584 12.849  71.90  41673 16.6
2010-02-08  23:10:00  14 07 37.4  -13 24 47  +000836.0 -000238.7  20 19 14.2  125.137 12.414  74.25  41663 16.7
2010-02-08  23:20:00  14 16 56.4  -14 04 15  +000840.8 -000234.8  20 19 56.9  125.671 11.977  76.59  41652 16.7
2010-02-08  23:30:00  14 26 18.6  -14 43 01  +000845.8 -000230.4  20 20 36.4  126.184 11.541  78.94  41641 16.8
2010-02-08  23:40:00  14 35 44.2  -15 21 02  +000851.1 -000225.6  20 21 12.4  126.676 11.106  81.29  41630 16.9
2010-02-08  23:50:00  14 45 13.3  -15 58 12  +000856.4 -000220.4  20 21 44.9  127.146 10.673  83.65  41619 16.9
2010-02-09  00:00:00  14 54 46.1  -16 34 28  +000861.9 -000214.7  20 22 13.8  127.594 10.242  86.00  41608 17.0

   Date        UTC        RA         DECL      RARate   DeclRate    HourAng      Az     Um    Phase  Range  Mag
2010-02-09  16:20:00  07 01 28.5  +11 26 38  +000847.8 -000028.8  20 38 12.4  112.635 35.036  36.96  40614 16.0
2010-02-09  16:30:00  07 10 53.0  +11 20 58  +000845.9 -000039.3  20 38 49.5  112.850 35.063  34.70  40634 16.0
2010-02-09  16:40:00  07 20 16.3  +11 13 33  +000843.8 -000049.7  20 39 27.8  113.094 35.070  32.46  40653 16.0
2010-02-09  16:50:00  07 29 38.2  +11 04 24  +000841.7 -000059.9  20 40 07.6  113.366 35.059  30.22  40672 15.9
2010-02-09  17:00:00  07 38 58.5  +10 53 34  +000839.3 -000070.1  20 40 48.9  113.666 35.030  28.01  40691 15.9
2010-02-09  17:10:00  07 48 17.3  +10 41 04  +000836.9 -000080.0  20 41 31.8  113.994 34.982  25.81  40708 15.9
2010-02-09  17:20:00  07 57 34.4  +10 26 55  +000834.4 -000089.8  20 42 16.3  114.349 34.918  23.63  40725 15.9
2010-02-09  17:30:00  08 06 49.8  +10 11 08  +000831.8 -000099.4  20 43 02.5  114.731 34.836  21.48  40742 15.9
2010-02-09  17:40:00  08 16 03.5  +09 53 47  +000829.2 -000108.9  20 43 50.5  115.140 34.738  19.37  40757 15.9
2010-02-09  17:50:00  08 25 15.4  +09 34 52  +000826.5 -000118.1  20 44 40.2  115.575 34.623  17.29  40772 15.9
2010-02-09  18:00:00  08 34 25.5  +09 14 26  +000823.8 -000127.1  20 45 31.8  116.035 34.491  15.29  40785 15.8
2010-02-09  18:10:00  08 43 33.8  +08 52 31  +000821.1 -000135.9  20 46 25.1  116.519 34.344  13.38  40798 15.8
2010-02-09  18:20:00  08 52 40.3  +08 29 10  +000818.4 -000144.4  20 47 20.3  117.028 34.181  11.61  40810 15.8
2010-02-09  18:30:00  09 01 45.0  +08 04 24  +000815.7 -000152.7  20 48 17.2  117.559 34.002  10.04  40822 15.8
2010-02-09  18:40:00  09 10 48.0  +07 38 17  +000813.1 -000160.7  20 49 15.9  118.112 33.809   8.81  40832 15.8
2010-02-09  18:50:00  09 19 49.2  +07 10 51     <<SHADOW>>        20 50 16.3  118.686 33.600   8.05  40841 ----
2010-02-09  19:00:00  09 28 48.7  +06 42 08     <<SHADOW>>        20 51 18.5  119.279 33.376   7.89  40850 ----
2010-02-09  19:10:00  09 37 46.6  +06 12 12     <<SHADOW>>        20 52 22.2  119.891 33.137   8.39  40857 ----
2010-02-09  19:20:00  09 46 42.9  +05 41 05     <<SHADOW>>        20 53 27.5  120.520 32.884   9.42  40864 ----
2010-02-09  19:30:00  09 55 37.8  +05 08 50     <<SHADOW>>        20 54 34.3  121.165 32.617  10.86  40870 ----
2010-02-09  19:40:00  10 04 31.2  +04 35 30     <<SHADOW>>        20 55 42.5  121.824 32.336  12.54  40875 ----
2010-02-09  19:50:00  10 13 23.4  +04 01 09     <<SHADOW>>        20 56 51.9  122.497 32.040  14.40  40879 ----
2010-02-09  20:00:00  10 22 14.4  +03 25 48  +000795.7 -000214.9  20 58 02.6  123.181 31.731  16.35  40883 15.9
2010-02-09  20:10:00  10 31 04.4  +02 49 31  +000794.2 -000220.3  20 59 14.2  123.876 31.408  18.40  40886 15.9
2010-02-09  20:20:00  10 39 53.4  +02 12 22  +000792.9 -000225.4  21 00 26.8  124.580 31.073  20.49  40888 15.9
2010-02-09  20:30:00  10 48 41.7  +01 34 24  +000791.8 -000230.2  21 01 40.2  125.291 30.724  22.63  40889 15.9
2010-02-09  20:40:00  10 57 29.3  +00 55 39  +000791.0 -000234.7  21 02 54.3  126.007 30.362  24.79  40890 15.9
2010-02-09  20:50:00  11 06 16.4  +00 16 12  +000790.3 -000238.8  21 04 08.8  126.729 29.987  26.98  40890 15.9
2010-02-09  21:00:00  11 15 03.1  -00 23 55  +000790.0 -000242.5  21 05 23.7  127.453 29.601  29.18  40890 15.9
2010-02-09  21:10:00  11 23 49.7  -01 04 38  +000789.8 -000246.0  21 06 38.8  128.178 29.202  31.41  40889 16.0
2010-02-09  21:20:00  11 32 36.3  -01 45 53  +000789.9 -000249.0  21 07 53.9  128.903 28.792  33.63  40887 16.0
2010-02-09  21:30:00  11 41 23.0  -02 27 37  +000790.3 -000251.7  21 09 08.8  129.627 28.371  35.89  40885 16.0
2010-02-09  21:40:00  11 50 10.1  -03 09 47  +000791.0 -000254.1  21 10 23.3  130.347 27.939  38.13  40883 16.0
2010-02-09  21:50:00  11 58 57.7  -03 52 18  +000791.9 -000256.1  21 11 37.4  131.063 27.496  40.40  40880 16.1
2010-02-09  22:00:00  12 07 46.0  -04 35 07  +000793.1 -000257.7  21 12 50.7  131.772 27.044  42.66  40878 16.1
2010-02-09  22:10:00  12 16 35.2  -05 18 11  +000794.6 -000259.0  21 14 03.1  132.474 26.582  44.95  40874 16.1
2010-02-09  22:20:00  12 25 25.5  -06 01 25  +000796.3 -000259.8  21 15 14.5  133.167 26.112  47.22  40871 16.1
2010-02-09  22:30:00  12 34 17.1  -06 44 46  +000798.4 -000260.3  21 16 24.6  133.850 25.634  49.52  40867 16.2
2010-02-09  22:40:00  12 43 10.1  -07 28 09  +000800.7 -000260.4  21 17 33.2  134.521 25.148  51.81  40863 16.2
2010-02-09  22:50:00  12 52 04.8  -08 11 32  +000803.4 -000260.0  21 18 40.1  135.180 24.656  54.11  40858 16.3
2010-02-09  23:00:00  13 01 01.3  -08 54 49  +000806.3 -000259.3  21 19 45.2  135.824 24.158  56.41  40854 16.3
2010-02-09  23:10:00  13 09 59.9  -09 37 57  +000809.5 -000258.2  21 20 48.3  136.453 23.654  58.73  40849 16.3
2010-02-09  23:20:00  13 19 00.7  -10 20 52  +000812.9 -000256.7  21 21 49.2  137.065 23.147  61.04  40844 16.4
2010-02-09  23:30:00  13 28 03.9  -11 03 29  +000816.7 -000254.7  21 22 47.6  137.660 22.636  63.36  40839 16.4
2010-02-09  23:40:00  13 37 09.7  -11 45 44  +000820.7 -000252.3  21 23 43.5  138.237 22.122  65.68  40834 16.5
2010-02-09  23:50:00  13 46 18.2  -12 27 34  +000824.9 -000249.5  21 24 36.6  138.794 21.607  68.01  40829 16.5
2010-02-10  00:00:00  13 55 29.6  -13 08 53  +000829.4 -000246.3  21 25 26.8  139.331 21.091  70.33  40823 16.6
2010-02-10  00:10:00  14 04 44.1  -13 49 37  +000834.1 -000242.6  21 26 14.0  139.847 20.576  72.68  40818 16.6
2010-02-10  00:20:00  14 14 01.8  -14 29 43  +000839.0 -000238.5  21 26 57.9  140.340 20.062  75.01  40812 16.7
2010-02-10  00:30:00  14 23 22.9  -15 09 06  +000844.2 -000233.9  21 27 38.5  140.811 19.551  77.36  40806 16.7
2010-02-10  00:40:00  14 32 47.4  -15 47 40  +000849.5 -000228.9  21 28 15.6  141.259 19.044  79.70  40799 16.8
2010-02-10  00:50:00  14 42 15.5  -16 25 23  +000854.9 -000223.5  21 28 49.1  141.682 18.542  82.05  40793 16.8
2010-02-10  01:00:00  14 51 47.3  -17 02 09  +000860.6 -000217.6  21 29 18.9  142.081 18.046  84.40  40786 16.9
2010-02-10  01:10:00  15 01 23.0  -17 37 54  +000866.3 -000211.3  21 29 45.0  142.456 17.557  86.77  40779 17.0
2010-02-10  01:20:00  15 11 02.4  -18 12 33  +000872.1 -000204.5  21 30 07.2  142.804 17.077  89.12  40771 17.0
2010-02-10  01:30:00  15 20 45.8  -18 46 03  +000878.0 -000197.4  21 30 25.5  143.128 16.607  91.49  40763 17.1
2010-02-10  01:40:00  15 30 33.0  -19 18 19  +000883.9 -000189.7  21 30 39.8  143.425 16.148  93.85  40755 17.2
2010-02-10  01:50:00  15 40 24.3  -19 49 17  +000889.8 -000181.7  21 30 50.2  143.697 15.701  96.23  40746 17.2
2010-02-10  02:00:00  15 50 19.4  -20 18 52  +000895.7 -000173.2  21 30 56.7  143.943 15.267  98.59  40737 17.3
2010-02-10  02:10:00  16 00 18.5  -20 47 00  +000901.5 -000164.4  21 30 59.3  144.162 14.849 100.98  40727 17.4
2010-02-10  02:20:00  16 10 21.4  -21 13 38  +000907.2 -000155.1  21 30 58.1  144.355 14.446 103.35  40717 17.5
2010-02-10  02:30:00  16 20 28.0  -21 38 41  +000912.8 -000145.5  21 30 53.0  144.523 14.061 105.74  40706 17.6
2010-02-10  02:40:00  16 30 38.4  -22 02 06  +000918.2 -000135.4  21 30 44.3  144.665 13.695 108.12  40694 17.7
2010-02-10  02:50:00  16 40 52.3  -22 23 49  +000923.4 -000125.1  21 30 32.1  144.781 13.347 110.51  40682 17.8
2010-02-10  03:00:00  16 51 09.6  -22 43 47  +000928.4 -000114.4  21 30 16.4  144.872 13.021 112.90  40668 17.9
2010-02-10  03:10:00  17 01 30.1  -23 01 56  +000933.1 -000103.4  21 29 57.5  144.938 12.717 115.30  40654 18.0
2010-02-10  03:20:00  17 11 53.7  -23 18 14  +000937.6 -000092.1  21 29 35.6  144.980 12.436 117.69  40640 18.1
2010-02-10  03:30:00  17 22 20.1  -23 32 37  +000941.6 -000080.5  21 29 10.8  144.999 12.178 120.09  40624 18.2
2010-02-10  03:40:00  17 32 49.2  -23 45 03  +000945.3 -000068.7  21 28 43.4  144.994 11.946 122.49  40607 18.3
2010-02-10  03:50:00  17 43 20.5  -23 55 30  +000948.7 -000056.7  21 28 13.7  144.967 11.740 124.90  40590 18.5
2010-02-10  04:00:00  17 53 54.0  -24 03 57  +000951.6 -000044.5  21 27 41.9  144.918 11.561 127.30  40571 18.6
2010-02-10  04:10:00  18 04 29.2  -24 10 20  +000954.0 -000032.1  21 27 08.3  144.847 11.410 129.71  40552 18.7

   Date        UTC        RA         DECL      RARate   DeclRate    HourAng      Az     Um    Phase  Range  Mag
2010-02-10  16:20:00  06 01 22.6  +11 38 25  +000854.9 +000033.7  21 42 14.8  128.828 44.684  52.44  39696 16.2
2010-02-10  16:30:00  06 10 52.3  +11 43 08  +000854.0 +000022.7  21 42 46.8  128.922 44.821  50.13  39720 16.1
2010-02-10  16:40:00  06 20 21.3  +11 45 60  +000852.9 +000011.7  21 43 19.4  129.042 44.934  47.84  39744 16.1
2010-02-10  16:50:00  06 29 49.4  +11 47 03  +000851.6 +000000.8  21 43 52.9  129.190 45.023  45.55  39767 16.1
2010-02-10  17:00:00  06 39 16.7  +11 46 16  +000850.2 -000010.1  21 44 27.3  129.367 45.088  43.28  39790 16.0
2010-02-10  17:10:00  06 48 43.0  +11 43 40  +000848.5 -000021.0  21 45 02.7  129.572 45.131  41.00  39813 16.0
2010-02-10  17:20:00  06 58 08.1  +11 39 16  +000846.8 -000031.8  21 45 39.2  129.805 45.150  38.74  39836 16.0
2010-02-10  17:30:00  07 07 31.9  +11 33 05  +000844.8 -000042.4  21 46 17.0  130.068 45.146  36.47  39858 16.0
2010-02-10  17:40:00  07 16 54.5  +11 25 08  +000842.7 -000053.0  21 46 56.1  130.360 45.120  34.24  39879 15.9
2010-02-10  17:50:00  07 26 15.6  +11 15 26  +000840.5 -000063.4  21 47 36.6  130.681 45.072  31.99  39900 15.9
2010-02-10  18:00:00  07 35 35.1  +11 04 00  +000838.2 -000073.7  21 48 18.7  131.030 45.002  29.78  39921 15.9
2010-02-10  18:10:00  07 44 53.1  +10 50 52  +000835.7 -000083.8  21 49 02.4  131.408 44.911  27.56  39941 15.9
2010-02-10  18:20:00  07 54 09.4  +10 36 04  +000833.2 -000093.8  21 49 47.7  131.814 44.798  25.38  39960 15.9
2010-02-10  18:30:00  08 03 24.0  +10 19 37  +000830.6 -000103.6  21 50 34.8  132.246 44.665  23.21  39978 15.8
2010-02-10  18:40:00  08 12 36.8  +10 01 34  +000827.9 -000113.1  21 51 23.6  132.706 44.511  21.08  39996 15.8
2010-02-10  18:50:00  08 21 47.8  +09 41 56  +000825.2 -000122.5  21 52 14.2  133.190 44.336  18.97  40013 15.8
2010-02-10  19:00:00  08 30 57.0  +09 20 45  +000822.4 -000131.6  21 53 06.7  133.699 44.142  16.92  40029 15.8
2010-02-10  19:10:00  08 40 04.4  +08 58 05  +000819.7 -000140.4  21 54 01.0  134.232 43.927  14.94  40045 15.8
2010-02-10  19:20:00  08 49 09.9  +08 33 57  +000816.9 -000149.1  21 54 57.1  134.787 43.693  13.06  40060 15.8
2010-02-10  19:30:00  08 58 13.6  +08 08 24  +000814.2 -000157.5  21 55 55.0  135.363 43.440  11.33  40074 15.8
2010-02-10  19:40:00  09 07 15.5  +07 41 29  +000811.5 -000165.6  21 56 54.7  135.959 43.168   9.83  40087 15.8
2010-02-10  19:50:00  09 16 15.7  +07 13 14     <<SHADOW>>        21 57 56.2  136.574 42.878   8.68  40099 ----
2010-02-10  20:00:00  09 25 14.1  +06 43 42     <<SHADOW>>        21 58 59.4  137.205 42.568   8.03  40111 ----
2010-02-10  20:10:00  09 34 10.9  +06 12 56     <<SHADOW>>        22 00 04.3  137.852 42.241   8.00  40122 ----
2010-02-10  20:20:00  09 43 06.1  +05 40 59     <<SHADOW>>        22 01 10.7  138.512 41.896   8.61  40133 ----
2010-02-10  20:30:00  09 51 59.8  +05 07 53     <<SHADOW>>        22 02 18.7  139.185 41.534   9.73  40142 ----
2010-02-10  20:40:00  10 00 52.1  +04 33 42     <<SHADOW>>        22 03 28.0  139.869 41.154  11.20  40151 ----
2010-02-10  20:50:00  10 09 43.1  +03 58 30     <<SHADOW>>        22 04 38.7  140.561 40.758  12.92  40160 ----
2010-02-10  21:00:00  10 18 32.9  +03 22 18  +000793.8 -000220.0  22 05 50.5  141.261 40.345  14.79  40168 15.8
2010-02-10  21:10:00  10 27 21.6  +02 45 11  +000792.3 -000225.4  22 07 03.5  141.967 39.916  16.78  40175 15.8
2010-02-10  21:20:00  10 36 09.3  +02 07 11  +000791.0 -000230.5  22 08 17.4  142.676 39.472  18.82  40182 15.8
2010-02-10  21:30:00  10 44 56.3  +01 28 23  +000789.9 -000235.2  22 09 32.0  143.388 39.013  20.92  40188 15.8
2010-02-10  21:40:00  10 53 42.6  +00 48 48  +000789.0 -000239.6  22 10 47.4  144.101 38.539  23.06  40194 15.9
2010-02-10  21:50:00  11 02 28.4  +00 08 32  +000788.4 -000243.6  22 12 03.3  144.813 38.050  25.23  40199 15.9
2010-02-10  22:00:00  11 11 13.8  -00 32 23  +000787.9 -000247.3  22 13 19.5  145.522 37.549  27.41  40204 15.9
2010-02-10  22:10:00  11 19 59.0  -01 13 54  +000787.8 -000250.7  22 14 35.9  146.228 37.034  29.63  40209 15.9
2010-02-10  22:20:00  11 28 44.2  -01 55 56  +000787.9 -000253.7  22 15 52.3  146.928 36.507  31.84  40213 15.9
2010-02-10  22:30:00  11 37 29.6  -02 38 26  +000788.3 -000256.3  22 17 08.6  147.621 35.968  34.09  40217 16.0
2010-02-10  22:40:00  11 46 15.3  -03 21 20  +000788.9 -000258.5  22 18 24.5  148.305 35.418  36.32  40220 16.0
2010-02-10  22:50:00  11 55 01.5  -04 04 35  +000789.8 -000260.4  22 19 40.0  148.980 34.859  38.59  40223 16.0
2010-02-10  23:00:00  12 03 48.4  -04 48 07  +000791.0 -000261.9  22 20 54.7  149.644 34.289  40.84  40226 16.0
2010-02-10  23:10:00  12 12 36.3  -05 31 52  +000792.5 -000263.0  22 22 08.5  150.295 33.712  43.12  40229 16.1
2010-02-10  23:20:00  12 21 25.2  -06 15 47  +000794.3 -000263.8  22 23 21.2  150.933 33.126  45.39  40232 16.1
2010-02-10  23:30:00  12 30 15.3  -06 59 46  +000796.3 -000264.1  22 24 32.7  151.556 32.534  47.68  40234 16.1
2010-02-10  23:40:00  12 39 07.0  -07 43 47  +000798.7 -000264.0  22 25 42.7  152.164 31.936  49.96  40236 16.2
2010-02-10  23:50:00  12 48 00.3  -08 27 46  +000801.3 -000263.6  22 26 51.0  152.755 31.332  52.26  40238 16.2
2010-02-11  00:00:00  12 56 55.5  -09 11 37  +000804.3 -000262.7  22 27 57.5  153.327 30.726  54.55  40239 16.2
2010-02-11  00:10:00  13 05 52.7  -09 55 18  +000807.5 -000261.4  22 29 01.9  153.882 30.116  56.86  40240 16.3
2010-02-11  00:20:00  13 14 52.2  -10 38 44  +000811.0 -000259.7  22 30 04.1  154.416 29.505  59.17  40241 16.3
2010-02-11  00:30:00  13 23 54.0  -11 21 51  +000814.7 -000257.6  22 31 03.9  154.931 28.893  61.48  40242 16.3
2010-02-11  00:40:00  13 32 58.5  -12 04 34  +000818.7 -000255.0  22 32 01.1  155.424 28.281  63.79  40243 16.4
2010-02-11  00:50:00  13 42 05.7  -12 46 50  +000823.0 -000252.1  22 32 55.5  155.896 27.672  66.12  40243 16.4
2010-02-11  01:00:00  13 51 15.9  -13 28 35  +000827.6 -000248.7  22 33 46.9  156.346 27.065  68.44  40243 16.5
2010-02-11  01:10:00  14 00 29.2  -14 09 42  +000832.3 -000244.8  22 34 35.3  156.773 26.463  70.77  40242 16.5
2010-02-11  01:20:00  14 09 45.7  -14 50 10  +000837.3 -000240.6  22 35 20.4  157.178 25.866  73.10  40241 16.6
2010-02-11  01:30:00  14 19 05.6  -15 29 52  +000842.5 -000235.8  22 36 02.1  157.558 25.276  75.44  40240 16.6
2010-02-11  01:40:00  14 28 29.1  -16 08 45  +000847.9 -000230.7  22 36 40.3  157.915 24.694  77.77  40238 16.7
2010-02-11  01:50:00  14 37 56.1  -16 46 45  +000853.4 -000225.1  22 37 14.9  158.248 24.121  80.12  40235 16.8
2010-02-11  02:00:00  14 47 26.9  -17 23 46  +000859.1 -000219.1  22 37 45.8  158.556 23.559  82.46  40232 16.8
2010-02-11  02:10:00  14 57 01.6  -17 59 45  +000864.9 -000212.6  22 38 12.8  158.841 23.009  84.82  40229 16.9
2010-02-11  02:20:00  15 06 40.1  -18 34 37  +000870.8 -000205.7  22 38 35.9  159.101 22.471  87.17  40225 16.9
2010-02-11  02:30:00  15 16 22.6  -19 08 17  +000876.7 -000198.3  22 38 55.0  159.336 21.949  89.53  40220 17.0
2010-02-11  02:40:00  15 26 09.1  -19 40 42  +000882.7 -000190.6  22 39 10.2  159.547 21.442  91.88  40214 17.1
2010-02-11  02:50:00  15 35 59.6  -20 11 48  +000888.7 -000182.4  22 39 21.3  159.735 20.952  94.25  40208 17.2
2010-02-11  03:00:00  15 45 54.1  -20 41 29  +000894.7 -000173.8  22 39 28.5  159.898 20.481  96.61  40201 17.2
2010-02-11  03:10:00  15 55 52.5  -21 09 42  +000900.6 -000164.8  22 39 31.7  160.037 20.029  98.99  40193 17.3
2010-02-11  03:20:00  16 05 54.9  -21 36 23  +000906.5 -000155.4  22 39 30.9  160.154 19.598 101.35  40183 17.4
2010-02-11  03:30:00  16 16 01.1  -22 01 28  +000912.2 -000145.6  22 39 26.4  160.247 19.189 103.73  40173 17.5
2010-02-11  03:40:00  16 26 11.1  -22 24 53  +000917.7 -000135.4  22 39 18.0  160.318 18.803 106.10  40162 17.6
2010-02-11  03:50:00  16 36 24.7  -22 46 35  +000923.1 -000124.9  22 39 06.1  160.367 18.441 108.49  40150 17.7
2010-02-11  04:00:00  16 46 41.8  -23 06 30  +000928.2 -000114.1  22 38 50.6  160.394 18.105 110.87  40137 17.8
2010-02-11  04:10:00  16 57 02.2  -23 24 35  +000933.0 -000102.9  22 38 31.9  160.401 17.795 113.26  40123 17.9

   Date        UTC        RA         DECL      RARate   DeclRate    HourAng      Az     Um    Phase  Range  Mag
2010-02-11  16:20:00  04 59 48.0  +10 43 51  +000855.9 +000097.5  22 47 46.0  150.937 51.173  68.45  39034 16.4
2010-02-11  16:30:00  05 09 18.7  +10 59 12  +000856.0 +000086.8  22 48 17.0  150.988 51.457  66.11  39060 16.4
2010-02-11  16:40:00  05 18 49.4  +11 12 46  +000856.0 +000075.9  22 48 47.9  151.055 51.713  63.79  39085 16.3
2010-02-11  16:50:00  05 28 20.0  +11 24 30  +000855.9 +000064.9  22 49 18.9  151.140 51.940  61.46  39112 16.3
2010-02-11  17:00:00  05 37 50.5  +11 34 24  +000855.5 +000053.9  22 49 50.0  151.244 52.138  59.15  39138 16.2
2010-02-11  17:10:00  05 47 20.7  +11 42 27  +000855.0 +000042.8  22 50 21.5  151.367 52.308  56.83  39165 16.2
2010-02-11  17:20:00  05 56 50.5  +11 48 40  +000854.3 +000031.7  22 50 53.4  151.510 52.449  54.53  39191 16.2
2010-02-11  17:30:00  06 06 19.7  +11 53 01  +000853.4 +000020.5  22 51 25.7  151.675 52.562  52.22  39217 16.1
2010-02-11  17:40:00  06 15 48.3  +11 55 30  +000852.3 +000009.4  22 51 58.8  151.861 52.646  49.94  39244 16.1
2010-02-11  17:50:00  06 25 16.1  +11 56 09  +000851.1 -000001.7  22 52 32.6  152.070 52.701  47.64  39270 16.1
2010-02-11  18:00:00  06 34 43.0  +11 54 57  +000849.6 -000012.8  22 53 07.4  152.302 52.729  45.37  39296 16.0
2010-02-11  18:10:00  06 44 08.9  +11 51 54  +000848.0 -000023.7  22 53 43.1  152.557 52.729  43.09  39321 16.0
2010-02-11  18:20:00  06 53 33.7  +11 47 02  +000846.2 -000034.6  22 54 20.0  152.835 52.701  40.83  39346 16.0
2010-02-11  18:30:00  07 02 57.2  +11 40 22  +000844.3 -000045.4  22 54 58.1  153.137 52.645  38.57  39371 16.0
2010-02-11  18:40:00  07 12 19.4  +11 31 54  +000842.2 -000056.1  22 55 37.6  153.462 52.562  36.33  39395 15.9
2010-02-11  18:50:00  07 21 40.1  +11 21 40  +000840.0 -000066.6  22 56 18.5  153.810 52.452  34.08  39419 15.9
2010-02-11  19:00:00  07 30 59.3  +11 09 42  +000837.6 -000077.0  22 57 00.9  154.181 52.316  31.86  39443 15.9
2010-02-11  19:10:00  07 40 16.9  +10 56 01  +000835.2 -000087.2  22 57 45.0  154.574 52.153  29.64  39465 15.9
2010-02-11  19:20:00  07 49 32.9  +10 40 38  +000832.6 -000097.3  22 58 30.7  154.989 51.965  27.45  39488 15.9
2010-02-11  19:30:00  07 58 47.1  +10 23 36  +000830.0 -000107.1  22 59 18.1  155.425 51.751  25.26  39509 15.8
2010-02-11  19:40:00  08 07 59.5  +10 04 57  +000827.3 -000116.7  23 00 07.3  155.881 51.511  23.11  39530 15.8
2010-02-11  19:50:00  08 17 10.2  +09 44 43  +000824.6 -000126.1  23 00 58.3  156.356 51.247  20.98  39551 15.8
2010-02-11  20:00:00  08 26 18.9  +09 22 56  +000821.8 -000135.3  23 01 51.2  156.849 50.959  18.90  39570 15.8
2010-02-11  20:10:00  08 35 25.9  +08 59 39  +000819.0 -000144.2  23 02 45.9  157.358 50.646  16.86  39590 15.8
2010-02-11  20:20:00  08 44 31.0  +08 34 53  +000816.3 -000152.8  23 03 42.4  157.883 50.311  14.90  39608 15.8
2010-02-11  20:30:00  08 53 34.2  +08 08 43  +000813.5 -000161.2  23 04 40.8  158.422 49.952  13.04  39626 15.8
2010-02-11  20:40:00  09 02 35.7  +07 41 09  +000810.8 -000169.4  23 05 41.0  158.974 49.570  11.35  39644 15.8
2010-02-11  20:50:00  09 11 35.4  +07 12 17  +000808.2 -000177.2  23 06 43.0  159.537 49.167   9.89  39661 15.8
2010-02-11  21:00:00  09 20 33.3  +06 42 07     <<SHADOW>>        23 07 46.7  160.110 48.742   8.80  39677 ----
2010-02-11  21:10:00  09 29 29.6  +06 10 43     <<SHADOW>>        23 08 52.0  160.692 48.296   8.21  39693 ----
2010-02-11  21:20:00  09 38 24.3  +05 38 08     <<SHADOW>>        23 09 59.0  161.280 47.830   8.23  39708 ----
2010-02-11  21:30:00  09 47 17.4  +05 04 26     <<SHADOW>>        23 11 07.5  161.873 47.344   8.87  39723 ----
2010-02-11  21:40:00  09 56 09.1  +04 29 38     <<SHADOW>>        23 12 17.4  162.470 46.838  10.00  39737 ----
2010-02-11  21:50:00  10 04 59.5  +03 53 49     <<SHADOW>>        23 13 28.6  163.070 46.315  11.49  39751 ----
2010-02-11  22:00:00  10 13 48.7  +03 17 02  +000792.9 -000223.5  23 14 41.1  163.670 45.773  13.19  39764 15.8
2010-02-11  22:10:00  10 22 36.8  +02 39 20  +000791.4 -000228.8  23 15 54.6  164.269 45.215  15.07  39777 15.8
2010-02-11  22:20:00  10 31 23.9  +02 00 47  +000790.0 -000233.8  23 17 09.2  164.867 44.640  17.03  39790 15.8
2010-02-11  22:30:00  10 40 10.2  +01 21 25  +000788.9 -000238.5  23 18 24.5  165.461 44.050  19.08  39802 15.8
2010-02-11  22:40:00  10 48 55.9  +00 41 19  +000788.0 -000242.7  23 19 40.5  166.050 43.445  21.18  39814 15.8
2010-02-11  22:50:00  10 57 40.9  +00 00 32  +000787.3 -000246.7  23 20 57.1  166.633 42.826  23.32  39825 15.8
2010-02-11  23:00:00  11 06 25.6  -00 40 54  +000786.9 -000250.3  23 22 14.1  167.209 42.194  25.47  39837 15.9
2010-02-11  23:10:00  11 15 10.1  -01 22 53  +000786.7 -000253.5  23 23 31.2  167.776 41.551  27.67  39848 15.9
2010-02-11  23:20:00  11 23 54.6  -02 05 22  +000786.7 -000256.3  23 24 48.4  168.333 40.895  29.87  39858 15.9
2010-02-11  23:30:00  11 32 39.2  -02 48 18  +000787.1 -000258.8  23 26 05.4  168.880 40.230  32.10  39869 15.9
2010-02-11  23:40:00  11 41 24.1  -03 31 38  +000787.7 -000260.9  23 27 22.2  169.415 39.556  34.32  39879 15.9
2010-02-11  23:50:00  11 50 09.5  -04 15 16  +000788.6 -000262.7  23 28 38.4  169.937 38.873  36.57  39889 16.0
2010-02-12  00:00:00  11 58 55.6  -04 59 10  +000789.8 -000264.0  23 29 54.0  170.446 38.184  38.82  39898 16.0
2010-02-12  00:10:00  12 07 42.6  -05 43 15  +000791.2 -000265.0  23 31 08.6  170.940 37.488  41.09  39907 16.0
2010-02-12  00:20:00  12 16 30.6  -06 27 29  +000793.0 -000265.6  23 32 22.2  171.418 36.788  43.35  39916 16.0
2010-02-12  00:30:00  12 25 19.9  -07 11 46  +000795.0 -000265.8  23 33 34.5  171.881 36.084  45.63  39925 16.1
2010-02-12  00:40:00  12 34 10.7  -07 56 03  +000797.4 -000265.5  23 34 45.4  172.327 35.377  47.90  39933 16.1
2010-02-12  00:50:00  12 43 03.1  -08 40 15  +000800.0 -000264.9  23 35 54.6  172.755 34.669  50.20  39941 16.1
2010-02-12  01:00:00  12 51 57.4  -09 24 20  +000802.9 -000263.9  23 37 02.0  173.166 33.961  52.48  39949 16.2
2010-02-12  01:10:00  13 00 53.7  -10 08 12  +000806.1 -000262.5  23 38 07.4  173.558 33.254  54.79  39956 16.2
2010-02-12  01:20:00  13 09 52.2  -10 51 48  +000809.6 -000260.6  23 39 10.5  173.931 32.549  57.08  39963 16.3
2010-02-12  01:30:00  13 18 53.2  -11 35 03  +000813.3 -000258.3  23 40 11.2  174.285 31.848  59.39  39969 16.3
2010-02-12  01:40:00  13 27 56.7  -12 17 53  +000817.3 -000255.7  23 41 09.3  174.619 31.152  61.70  39975 16.3
2010-02-12  01:50:00  13 37 03.0  -13 00 15  +000821.6 -000252.5  23 42 04.6  174.934 30.462  64.02  39981 16.4
2010-02-12  02:00:00  13 46 12.2  -13 42 03  +000826.1 -000249.0  23 42 57.0  175.228 29.779  66.33  39985 16.4
2010-02-12  02:10:00  13 55 24.5  -14 23 14  +000830.9 -000245.0  23 43 46.4  175.502 29.106  68.65  39990 16.5
2010-02-12  02:20:00  14 04 40.1  -15 03 43  +000835.9 -000240.6  23 44 32.4  175.755 28.442  70.97  39993 16.5
2010-02-12  02:30:00  14 13 59.1  -15 43 25  +000841.1 -000235.8  23 45 15.1  175.988 27.790  73.31  39996 16.6
2010-02-12  02:40:00  14 23 21.6  -16 22 17  +000846.5 -000230.5  23 45 54.2  176.200 27.150  75.63  39998 16.6
2010-02-12  02:50:00  14 32 47.7  -17 00 15  +000852.0 -000224.8  23 46 29.7  176.391 26.525  77.98  39999 16.7
2010-02-12  03:00:00  14 42 17.6  -17 37 13  +000857.7 -000218.7  23 47 01.5  176.562 25.915  80.31  39999 16.7
2010-02-12  03:10:00  14 51 51.4  -18 13 08  +000863.5 -000212.1  23 47 29.4  176.713 25.322  82.66  39999 16.8
2010-02-12  03:20:00  15 01 29.0  -18 47 54  +000869.5 -000205.1  23 47 53.4  176.844 24.747  84.99  39997 16.9
2010-02-12  03:30:00  15 11 10.7  -19 21 29  +000875.5 -000197.7  23 48 13.4  176.955 24.191  87.35  39994 16.9
2010-02-12  03:40:00  15 20 56.3  -19 53 47  +000881.5 -000189.9  23 48 29.4  177.046 23.655  89.70  39990 17.0
2010-02-12  03:50:00  15 30 46.0  -20 24 45  +000887.6 -000181.6  23 48 41.3  177.118 23.141  92.06  39985 17.1
2010-02-12  04:00:00  15 40 39.7  -20 54 18  +000893.6 -000172.9  23 48 49.2  177.171 22.650  94.41  39979 17.1
2010-02-12  04:10:00  15 50 37.4  -21 22 22  +000899.6 -000163.8  23 48 53.2  177.206 22.183  96.78  39972 17.2

   Date        UTC        RA         DECL      RARate   DeclRate    HourAng      Az     Um    Phase  Range  Mag
2010-02-12  16:20:00  03 57 39.2  +08 43 10  +000851.9 +000157.3  23 53 51.3  177.516 52.299  84.84  38687 16.8
2010-02-12  16:30:00  04 07 07.4  +09 08 34  +000852.7 +000147.5  23 54 24.8  177.722 52.726  82.46  38712 16.7
2010-02-12  16:40:00  04 16 36.2  +09 32 19  +000853.5 +000137.5  23 54 57.7  177.929 53.126  80.11  38737 16.7
2010-02-12  16:50:00  04 26 05.4  +09 54 24  +000854.2 +000127.3  23 55 30.0  178.137 53.497  77.75  38764 16.6
2010-02-12  17:00:00  04 35 35.1  +10 14 45  +000854.8 +000116.9  23 56 02.0  178.346 53.839  75.40  38791 16.6
2010-02-12  17:10:00  04 45 05.1  +10 33 21  +000855.3 +000106.3  23 56 33.6  178.556 54.151  73.05  38819 16.5
2010-02-12  17:20:00  04 54 35.4  +10 50 11  +000855.6 +000095.6  23 57 05.0  178.768 54.434  70.72  38847 16.5
2010-02-12  17:30:00  05 04 05.9  +11 05 13  +000855.8 +000084.8  23 57 36.1  178.982 54.686  68.38  38875 16.4
2010-02-12  17:40:00  05 13 36.5  +11 18 26  +000855.8 +000073.8  23 58 07.2  179.198 54.908  66.06  38904 16.4
2010-02-12  17:50:00  05 23 07.0  +11 29 49  +000855.7 +000062.8  23 58 38.3  179.417 55.098  63.73  38933 16.3
2010-02-12  18:00:00  05 32 37.3  +11 39 21  +000855.4 +000051.6  23 59 09.6  179.639 55.258  61.42  38962 16.3
2010-02-12  18:10:00  05 42 07.4  +11 47 02  +000854.9 +000040.5  23 59 41.2  179.865 55.386  59.10  38992 16.2
2010-02-12  18:20:00  05 51 37.1  +11 52 51  +000854.2 +000029.3  00 00 13.1  180.094 55.483  56.80  39021 16.2
2010-02-12  18:30:00  06 01 06.3  +11 56 48  +000853.3 +000018.1  00 00 45.5  180.328 55.549  54.50  39050 16.2
2010-02-12  18:40:00  06 10 34.9  +11 58 53  +000852.3 +000006.9  00 01 18.6  180.567 55.583  52.21  39079 16.1
2010-02-12  18:50:00  06 20 02.7  +11 59 06  +000851.1 -000004.2  00 01 52.4  180.811 55.585  49.92  39108 16.1
2010-02-12  19:00:00  06 29 29.7  +11 57 28  +000849.7 -000015.3  00 02 27.2  181.061 55.556  47.65  39137 16.1
2010-02-12  19:10:00  06 38 55.6  +11 53 60  +000848.1 -000026.4  00 03 02.9  181.316 55.496  45.37  39165 16.0
2010-02-12  19:20:00  06 48 20.4  +11 48 42  +000846.3 -000037.3  00 03 39.7  181.578 55.405  43.11  39194 16.0
2010-02-12  19:30:00  06 57 44.0  +11 41 35  +000844.4 -000048.1  00 04 17.8  181.847 55.284  40.84  39221 16.0
2010-02-12  19:40:00  07 07 06.2  +11 32 40  +000842.3 -000058.8  00 04 57.2  182.122 55.131  38.60  39249 16.0
2010-02-12  19:50:00  07 16 27.1  +11 21 59  +000840.1 -000069.3  00 05 38.0  182.404 54.949  36.35  39276 15.9
2010-02-12  20:00:00  07 25 46.4  +11 09 34  +000837.8 -000079.7  00 06 20.3  182.693 54.736  34.12  39303 15.9
2010-02-12  20:10:00  07 35 04.1  +10 55 26  +000835.4 -000089.9  00 07 04.2  182.989 54.495  31.90  39329 15.9
2010-02-12  20:20:00  07 44 20.2  +10 39 36  +000832.8 -000100.0  00 07 49.8  183.292 54.224  29.69  39355 15.9
2010-02-12  20:30:00  07 53 34.5  +10 22 07  +000830.2 -000109.8  00 08 37.1  183.601 53.925  27.50  39380 15.8
2010-02-12  20:40:00  08 02 47.1  +10 03 01  +000827.5 -000119.4  00 09 26.1  183.916 53.597  25.33  39405 15.8
2010-02-12  20:50:00  08 11 57.9  +09 42 21  +000824.8 -000128.7  00 10 17.0  184.237 53.243  23.18  39430 15.8
2010-02-12  21:00:00  08 21 06.9  +09 20 07  +000822.0 -000137.9  00 11 09.7  184.563 52.861  21.07  39454 15.8
2010-02-12  21:10:00  08 30 14.0  +08 56 24  +000819.3 -000146.7  00 12 04.2  184.895 52.454  18.99  39478 15.8
2010-02-12  21:20:00  08 39 19.2  +08 31 14  +000816.5 -000155.3  00 13 00.6  185.231 52.021  16.98  39501 15.8
2010-02-12  21:30:00  08 48 22.7  +08 04 38  +000813.8 -000163.7  00 13 58.8  185.572 51.563  15.03  39524 15.8
2010-02-12  21:40:00  08 57 24.3  +07 36 41  +000811.1 -000171.7  00 14 58.8  185.915 51.081  13.21  39546 15.8
2010-02-12  21:50:00  09 06 24.1  +07 07 25  +000808.4 -000179.5  00 16 00.6  186.261 50.575  11.54  39568 15.8
2010-02-12  22:00:00  09 15 22.2  +06 36 53     <<SHADOW>>        00 17 04.2  186.610 50.047  10.13  39590 ----
2010-02-12  22:10:00  09 24 18.6  +06 05 07     <<SHADOW>>        00 18 09.4  186.959 49.498   9.07  39611 ----
2010-02-12  22:20:00  09 33 13.5  +05 32 12     <<SHADOW>>        00 19 16.2  187.309 48.927   8.52  39632 ----
2010-02-12  22:30:00  09 42 06.8  +04 58 09     <<SHADOW>>        00 20 24.5  187.659 48.337   8.56  39652 ----
2010-02-12  22:40:00  09 50 58.6  +04 23 03     <<SHADOW>>        00 21 34.3  188.008 47.727   9.19  39673 ----
2010-02-12  22:50:00  09 59 49.2  +03 46 57     <<SHADOW>>        00 22 45.4  188.355 47.099  10.31  39692 ----
2010-02-12  23:00:00  10 08 38.4  +03 09 54     <<SHADOW>>        00 23 57.8  188.700 46.454  11.76  39712 ----
2010-02-12  23:10:00  10 17 26.6  +02 31 57  +000791.5 -000230.3  00 25 11.2  189.041 45.792  13.46  39731 15.8
2010-02-12  23:20:00  10 26 13.8  +01 53 09  +000790.1 -000235.1  00 26 25.7  189.379 45.116  15.30  39750 15.8
2010-02-12  23:30:00  10 35 00.2  +01 13 36  +000789.0 -000239.6  00 27 41.0  189.711 44.425  17.27  39769 15.8
2010-02-12  23:40:00  10 43 45.9  +00 33 18  +000788.0 -000243.8  00 28 57.0  190.038 43.721  19.29  39788 15.8
2010-02-12  23:50:00  10 52 31.0  -00 07 38  +000787.3 -000247.5  00 30 13.5  190.359 43.004  21.39  39806 15.8
2010-02-13  00:00:00  11 01 15.7  -00 49 11  +000786.9 -000251.0  00 31 30.4  190.673 42.277  23.51  39824 15.8
2010-02-13  00:10:00  11 10 00.2  -01 31 17  +000786.6 -000254.0  00 32 47.6  190.979 41.540  25.67  39841 15.9
2010-02-13  00:20:00  11 18 44.6  -02 13 51  +000786.7 -000256.7  00 34 04.8  191.277 40.794  27.85  39859 15.9
2010-02-13  00:30:00  11 27 29.1  -02 56 50  +000787.0 -000259.1  00 35 21.9  191.566 40.040  30.05  39876 15.9
2010-02-13  00:40:00  11 36 14.0  -03 40 11  +000787.6 -000261.0  00 36 38.7  191.845 39.280  32.26  39892 15.9
2010-02-13  00:50:00  11 44 59.3  -04 23 49  +000788.4 -000262.6  00 37 55.0  192.114 38.515  34.50  39909 15.9
2010-02-13  01:00:00  11 53 45.3  -05 07 41  +000789.6 -000263.8  00 39 10.7  192.373 37.745  36.73  39925 16.0
2010-02-13  01:10:00  12 02 32.1  -05 51 44  +000791.0 -000264.6  00 40 25.5  192.620 36.973  38.99  39940 16.0
2010-02-13  01:20:00  12 11 20.0  -06 35 52  +000792.7 -000265.0  00 41 39.2  192.856 36.199  41.24  39956 16.0
2010-02-13  01:30:00  12 20 09.1  -07 20 02  +000794.7 -000265.0  00 42 51.8  193.080 35.425  43.51  39970 16.1
2010-02-13  01:40:00  12 28 59.6  -08 04 11  +000797.0 -000264.7  00 44 02.9  193.291 34.652  45.78  39985 16.1
2010-02-13  01:50:00  12 37 51.8  -08 48 14  +000799.6 -000263.9  00 45 12.4  193.490 33.882  48.06  39998 16.1
2010-02-13  02:00:00  12 46 45.8  -09 32 08  +000802.4 -000262.7  00 46 20.0  193.675 33.114  50.34  40012 16.1
2010-02-13  02:10:00  12 55 41.8  -10 15 48  +000805.6 -000261.2  00 47 25.7  193.847 32.352  52.64  40024 16.2
2010-02-13  02:20:00  13 04 40.0  -10 59 10  +000809.0 -000259.2  00 48 29.1  194.005 31.595  54.92  40036 16.2
2010-02-13  02:30:00  13 13 40.5  -11 42 11  +000812.7 -000256.8  00 49 30.2  194.149 30.847  57.23  40048 16.3
2010-02-13  02:40:00  13 22 43.7  -12 24 45  +000816.7 -000254.0  00 50 28.7  194.279 30.106  59.52  40058 16.3
2010-02-13  02:50:00  13 31 49.5  -13 06 49  +000820.9 -000250.8  00 51 24.5  194.395 29.376  61.84  40068 16.3
2010-02-13  03:00:00  13 40 58.3  -13 48 19  +000825.4 -000247.1  00 52 17.4  194.496 28.658  64.14  40077 16.4
2010-02-13  03:10:00  13 50 10.1  -14 29 11  +000830.2 -000243.1  00 53 07.2  194.583 27.952  66.46  40085 16.4
2010-02-13  03:20:00  13 59 25.2  -15 09 20  +000835.1 -000238.6  00 53 53.7  194.655 27.260  68.77  40092 16.5
2010-02-13  03:30:00  14 08 43.7  -15 48 42  +000840.3 -000233.7  00 54 36.9  194.713 26.583  71.10  40097 16.5
2010-02-13  03:40:00  14 18 05.6  -16 27 13  +000845.6 -000228.4  00 55 16.6  194.756 25.923  73.42  40102 16.6
2010-02-13  03:50:00  14 27 31.1  -17 04 48  +000851.1 -000222.6  00 55 52.7  194.786 25.281  75.75  40106 16.6
2010-02-13  04:00:00  14 37 00.4  -17 41 24  +000856.8 -000216.4  00 56 25.1  194.801 24.657  78.08  40108 16.7
2010-02-13  04:10:00  14 46 33.5  -18 16 56  +000862.6 -000209.8  00 56 53.6  194.803 24.055  80.42  40109 16.8

   Date        UTC        RA         DECL      RARate   DeclRate    HourAng      Az     Um    Phase  Range  Mag
2010-02-13  16:20:00  02 55 48.2  +05 44 14  +000846.2 +000207.8  00 59 38.8  202.204 47.348 101.43  38691 17.3
2010-02-13  16:30:00  03 05 12.6  +06 18 11  +000847.1 +000199.6  01 00 16.1  202.646 47.853  99.03  38712 17.2
2010-02-13  16:40:00  03 14 37.7  +06 50 46  +000848.1 +000191.2  01 00 52.7  203.084 48.335  96.64  38735 17.1
2010-02-13  16:50:00  03 24 03.4  +07 21 55  +000849.1 +000182.5  01 01 28.6  203.515 48.793  94.25  38759 17.1
2010-02-13  17:00:00  03 33 29.8  +07 51 34  +000850.1 +000173.4  01 02 03.9  203.939 49.227  91.87  38784 17.0
2010-02-13  17:10:00  03 42 56.8  +08 19 43  +000851.0 +000164.1  01 02 38.5  204.355 49.635  89.49  38810 16.9
2010-02-13  17:20:00  03 52 24.5  +08 46 16  +000852.0 +000154.6  01 03 12.4  204.762 50.019  87.12  38837 16.9
2010-02-13  17:30:00  04 01 52.8  +09 11 13  +000852.8 +000144.8  01 03 45.8  205.158 50.376  84.75  38865 16.8
2010-02-13  17:40:00  04 11 21.6  +09 34 31  +000853.7 +000134.8  01 04 18.6  205.544 50.706  82.40  38893 16.7
2010-02-13  17:50:00  04 20 51.0  +09 56 08  +000854.4 +000124.5  01 04 50.9  205.917 51.009  80.03  38922 16.7
2010-02-13  18:00:00  04 30 20.8  +10 16 01  +000855.0 +000114.1  01 05 22.8  206.278 51.284  77.69  38952 16.6
2010-02-13  18:10:00  04 39 50.9  +10 34 10  +000855.5 +000103.5  01 05 54.2  206.626 51.531  75.34  38982 16.6
2010-02-13  18:20:00  04 49 21.4  +10 50 32  +000855.8 +000092.8  01 06 25.4  206.960 51.749  73.01  39013 16.5
2010-02-13  18:30:00  04 58 52.0  +11 05 06  +000856.1 +000082.0  01 06 56.4  207.281 51.938  70.67  39044 16.5
2010-02-13  18:40:00  05 08 22.7  +11 17 52  +000856.1 +000071.1  01 07 27.3  207.587 52.099  68.35  39076 16.4
2010-02-13  18:50:00  05 17 53.5  +11 28 47  +000856.0 +000060.0  01 07 58.3  207.878 52.229  66.02  39107 16.4
2010-02-13  19:00:00  05 27 24.1  +11 37 52  +000855.7 +000048.9  01 08 29.3  208.156 52.330  63.71  39139 16.3
2010-02-13  19:10:00  05 36 54.4  +11 45 06  +000855.3 +000037.8  01 09 00.6  208.419 52.401  61.39  39171 16.3
2010-02-13  19:20:00  05 46 24.4  +11 50 28  +000854.6 +000026.7  01 09 32.2  208.667 52.442  59.09  39203 16.2
2010-02-13  19:30:00  05 55 53.9  +11 53 59  +000853.8 +000015.5  01 10 04.4  208.902 52.453  56.79  39235 16.2
2010-02-13  19:40:00  06 05 22.8  +11 55 39  +000852.8 +000004.4  01 10 37.1  209.124 52.433  54.50  39266 16.2
2010-02-13  19:50:00  06 14 51.0  +11 55 27  +000851.6 -000006.7  01 11 10.6  209.332 52.383  52.21  39298 16.1
2010-02-13  20:00:00  06 24 18.3  +11 53 25  +000850.2 -000017.7  01 11 45.0  209.528 52.303  49.93  39330 16.1
2010-02-13  20:10:00  06 33 44.6  +11 49 33  +000848.7 -000028.7  01 12 20.3  209.712 52.192  47.65  39361 16.1
2010-02-13  20:20:00  06 43 09.8  +11 43 51  +000847.0 -000039.6  01 12 56.7  209.884 52.051  45.38  39393 16.0
2010-02-13  20:30:00  06 52 33.9  +11 36 22  +000845.1 -000050.3  01 13 34.3  210.046 51.881  43.12  39424 16.0
2010-02-13  20:40:00  07 01 56.6  +11 27 05  +000843.1 -000060.9  01 14 13.2  210.198 51.680  40.87  39455 16.0
2010-02-13  20:50:00  07 11 18.0  +11 16 04  +000840.9 -000071.4  01 14 53.4  210.340 51.450  38.61  39485 16.0
2010-02-13  21:00:00  07 20 37.9  +11 03 18  +000838.6 -000081.7  01 15 35.2  210.475 51.190  36.38  39516 15.9
2010-02-13  21:10:00  07 29 56.2  +10 48 51  +000836.2 -000091.8  01 16 18.6  210.601 50.902  34.15  39546 15.9
2010-02-13  21:20:00  07 39 12.8  +10 32 43  +000833.7 -000101.7  01 17 03.6  210.721 50.585  31.94  39575 15.9
2010-02-13  21:30:00  07 48 27.8  +10 14 57  +000831.2 -000111.4  01 17 50.2  210.834 50.240  29.73  39605 15.9
2010-02-13  21:40:00  07 57 41.0  +09 55 35  +000828.5 -000120.9  01 18 38.6  210.942 49.867  27.55  39634 15.9
2010-02-13  21:50:00  08 06 52.5  +09 34 39  +000825.8 -000130.2  01 19 28.8  211.045 49.468  25.38  39663 15.8
2010-02-13  22:00:00  08 16 02.1  +09 12 12  +000823.1 -000139.2  01 20 20.8  211.144 49.041  23.25  39692 15.8
2010-02-13  22:10:00  08 25 09.9  +08 48 16  +000820.3 -000147.9  01 21 14.7  211.238 48.589  21.14  39720 15.8
2010-02-13  22:20:00  08 34 15.9  +08 22 54  +000817.6 -000156.4  01 22 10.3  211.330 48.112  19.09  39749 15.8
2010-02-13  22:30:00  08 43 20.0  +07 56 09  +000814.9 -000164.6  01 23 07.8  211.418 47.611  17.09  39776 15.8
2010-02-13  22:40:00  08 52 22.4  +07 28 03  +000812.2 -000172.5  01 24 07.1  211.503 47.086  15.18  39804 15.8
2010-02-13  22:50:00  09 01 23.0  +06 58 40  +000809.6 -000180.1  01 25 08.1  211.586 46.537  13.37  39832 15.8
2010-02-13  23:00:00  09 10 21.9  +06 28 02     <<SHADOW>>        01 26 10.9  211.667 45.967  11.76  39859 ----
2010-02-13  23:10:00  09 19 19.1  +05 56 12     <<SHADOW>>        01 27 15.3  211.746 45.376  10.38  39886 ----
2010-02-13  23:20:00  09 28 14.7  +05 23 14     <<SHADOW>>        01 28 21.4  211.823 44.765   9.39  39912 ----
2010-02-13  23:30:00  09 37 08.8  +04 49 10     <<SHADOW>>        01 29 28.9  211.898 44.134   8.88  39939 ----
2010-02-13  23:40:00  09 46 01.4  +04 14 05     <<SHADOW>>        01 30 37.9  211.971 43.485   8.94  39965 ----
2010-02-13  23:50:00  09 54 52.8  +03 38 01     <<SHADOW>>        01 31 48.3  212.042 42.818   9.58  39991 ----
2010-02-14  00:00:00  10 03 42.8  +03 01 01     <<SHADOW>>        01 32 59.8  212.111 42.135  10.67  40017 ----
2010-02-14  00:10:00  10 12 31.8  +02 23 10  +000792.7 -000229.6  01 34 12.5  212.177 41.438  12.12  40042 15.8
2010-02-14  00:20:00  10 21 19.8  +01 44 31  +000791.3 -000234.3  01 35 26.1  212.241 40.726  13.78  40068 15.8
2010-02-14  00:30:00  10 30 06.9  +01 05 06  +000790.1 -000238.6  01 36 40.6  212.302 40.001  15.62  40093 15.8
2010-02-14  00:40:00  10 38 53.4  +00 24 60  +000789.2 -000242.6  01 37 55.9  212.361 39.264  17.56  40118 15.8
2010-02-14  00:50:00  10 47 39.2  -00 15 44  +000788.4 -000246.2  01 39 11.6  212.415 38.516  19.58  40142 15.8
2010-02-14  01:00:00  10 56 24.7  -00 57 03  +000788.0 -000249.4  01 40 27.8  212.466 37.759  21.65  40166 15.8
2010-02-14  01:10:00  11 05 09.9  -01 38 52  +000787.7 -000252.3  01 41 44.3  212.514 36.994  23.78  40190 15.9
2010-02-14  01:20:00  11 13 55.0  -02 21 08  +000787.7 -000254.8  01 43 00.8  212.556 36.221  25.92  40214 15.9
2010-02-14  01:30:00  11 22 40.2  -03 03 47  +000788.0 -000257.0  01 44 17.2  212.595 35.443  28.10  40237 15.9
2010-02-14  01:40:00  11 31 25.7  -03 46 46  +000788.5 -000258.8  01 45 33.3  212.628 34.660  30.29  40260 15.9
2010-02-14  01:50:00  11 40 11.7  -04 30 02  +000789.4 -000260.2  01 46 49.0  212.656 33.874  32.51  40282 15.9
2010-02-14  02:00:00  11 48 58.3  -05 13 29  +000790.5 -000261.2  01 48 04.1  212.678 33.086  34.73  40304 16.0
2010-02-14  02:10:00  11 57 45.7  -05 57 05  +000791.8 -000261.9  01 49 18.3  212.694 32.297  36.97  40325 16.0
2010-02-14  02:20:00  12 06 34.1  -06 40 45  +000793.5 -000262.1  01 50 31.5  212.704 31.508  39.21  40345 16.0
2010-02-14  02:30:00  12 15 23.7  -07 24 26  +000795.5 -000262.0  01 51 43.5  212.707 30.722  41.47  40365 16.0
2010-02-14  02:40:00  12 24 14.8  -08 08 05  +000797.7 -000261.5  01 52 54.2  212.703 29.938  43.73  40385 16.1
2010-02-14  02:50:00  12 33 07.4  -08 51 36  +000800.2 -000260.6  01 54 03.2  212.692 29.159  46.00  40403 16.1
2010-02-14  03:00:00  12 42 01.8  -09 34 56  +000803.0 -000259.4  01 55 10.4  212.673 28.386  48.27  40421 16.1
2010-02-14  03:10:00  12 50 58.1  -10 18 02  +000806.1 -000257.7  01 56 15.7  212.646 27.620  50.56  40438 16.2
2010-02-14  03:20:00  12 59 56.6  -11 00 49  +000809.5 -000255.6  01 57 18.9  212.612 26.862  52.84  40454 16.2
2010-02-14  03:30:00  13 08 57.5  -11 43 13  +000813.1 -000253.1  01 58 19.7  212.570 26.114  55.14  40469 16.2
2010-02-14  03:40:00  13 18 00.8  -12 25 10  +000817.0 -000250.2  01 59 17.9  212.519 25.377  57.43  40483 16.3
2010-02-14  03:50:00  13 27 06.9  -13 06 36  +000821.2 -000247.0  02 00 13.5  212.460 24.652  59.73  40495 16.3
2010-02-14  04:00:00  13 36 15.8  -13 47 28  +000825.6 -000243.3  02 01 06.3  212.393 23.941  62.03  40507 16.4

   Date        UTC        RA         DECL      RARate   DeclRate    HourAng      Az     Um    Phase  Range  Mag
2010-02-14  16:20:00  01 54 50.7  +02 01 33  +000843.1 +000244.7  02 04 32.9  220.973 37.990 118.07  39051 18.0
2010-02-14  16:30:00  02 04 12.8  +02 41 51  +000843.4 +000238.8  02 05 12.4  221.548 38.513 115.63  39067 17.9
2010-02-14  16:40:00  02 13 35.3  +03 21 07  +000843.9 +000232.5  02 05 51.7  222.121 39.019 113.22  39083 17.8
2010-02-14  16:50:00  02 22 58.0  +03 59 19  +000844.5 +000225.8  02 06 30.5  222.689 39.507 110.79  39102 17.7
2010-02-14  17:00:00  02 32 21.2  +04 36 22  +000845.2 +000218.7  02 07 09.0  223.250 39.976 108.39  39122 17.6
2010-02-14  17:10:00  02 41 44.9  +05 12 13  +000846.0 +000211.3  02 07 46.9  223.805 40.426 105.97  39144 17.5
2010-02-14  17:20:00  02 51 09.2  +05 46 47  +000846.8 +000203.6  02 08 24.3  224.350 40.857 103.58  39166 17.4
2010-02-14  17:30:00  03 00 34.1  +06 20 03  +000847.8 +000195.5  02 09 01.1  224.884 41.266 101.17  39190 17.3
2010-02-14  17:40:00  03 09 59.6  +06 51 56  +000848.7 +000187.0  02 09 37.2  225.407 41.655  98.79  39216 17.2
2010-02-14  17:50:00  03 19 25.7  +07 22 23  +000849.7 +000178.3  02 10 12.7  225.916 42.023  96.39  39242 17.2
2010-02-14  18:00:00  03 28 52.5  +07 51 21  +000850.7 +000169.4  02 10 47.5  226.412 42.368  94.02  39270 17.1
2010-02-14  18:10:00  03 38 20.0  +08 18 49  +000851.7 +000160.1  02 11 21.7  226.891 42.691  91.63  39298 17.0
2010-02-14  18:20:00  03 47 48.1  +08 44 43  +000852.6 +000150.6  02 11 55.3  227.354 42.992  89.27  39327 17.0
2010-02-14  18:30:00  03 57 16.8  +09 09 00  +000853.5 +000140.9  02 12 28.2  227.799 43.269  86.90  39357 16.9
2010-02-14  18:40:00  04 06 46.1  +09 31 39  +000854.3 +000130.9  02 13 00.6  228.225 43.522  84.54  39388 16.8
2010-02-14  18:50:00  04 16 15.9  +09 52 38  +000855.0 +000120.8  02 13 32.4  228.632 43.752  82.18  39419 16.8
2010-02-14  19:00:00  04 25 46.1  +10 11 54  +000855.7 +000110.4  02 14 03.8  229.019 43.957  79.84  39451 16.7
2010-02-14  19:10:00  04 35 16.7  +10 29 26  +000856.2 +000100.0  02 14 34.9  229.385 44.137  77.49  39484 16.6
2010-02-14  19:20:00  04 44 47.6  +10 45 13  +000856.5 +000089.4  02 15 05.6  229.729 44.292  75.16  39516 16.6
2010-02-14  19:30:00  04 54 18.7  +10 59 13  +000856.8 +000078.6  02 15 36.1  230.052 44.422  72.82  39550 16.5
2010-02-14  19:40:00  05 03 50.0  +11 11 25  +000856.9 +000067.8  02 16 06.5  230.352 44.526  70.49  39583 16.5
2010-02-14  19:50:00  05 13 21.2  +11 21 49  +000856.8 +000056.9  02 16 36.9  230.631 44.604  68.16  39617 16.4
2010-02-14  20:00:00  05 22 52.3  +11 30 23  +000856.5 +000045.9  02 17 07.4  230.887 44.656  65.85  39651 16.4
2010-02-14  20:10:00  05 32 23.2  +11 37 07  +000856.1 +000034.9  02 17 38.2  231.121 44.681  63.53  39685 16.4
2010-02-14  20:20:00  05 41 53.8  +11 42 02  +000855.5 +000023.9  02 18 09.3  231.333 44.680  61.23  39719 16.3
2010-02-14  20:30:00  05 51 23.9  +11 45 06  +000854.7 +000012.9  02 18 40.8  231.524 44.652  58.92  39753 16.3
2010-02-14  20:40:00  06 00 53.4  +11 46 20  +000853.8 +000001.9  02 19 13.0  231.694 44.596  56.63  39787 16.2
2010-02-14  20:50:00  06 10 22.2  +11 45 44  +000852.6 -000009.0  02 19 45.8  231.842 44.514  54.33  39822 16.2
2010-02-14  21:00:00  06 19 50.2  +11 43 20  +000851.3 -000019.9  02 20 19.4  231.971 44.405  52.05  39856 16.2
2010-02-14  21:10:00  06 29 17.2  +11 39 06  +000849.8 -000030.7  02 20 54.1  232.081 44.268  49.77  39890 16.1
2010-02-14  21:20:00  06 38 43.2  +11 33 06  +000848.1 -000041.4  02 21 29.7  232.172 44.103  47.50  39925 16.1
2010-02-14  21:30:00  06 48 08.0  +11 25 19  +000846.3 -000052.0  02 22 06.5  232.245 43.912  45.22  39959 16.1
2010-02-14  21:40:00  06 57 31.6  +11 15 46  +000844.3 -000062.4  02 22 44.6  232.302 43.693  42.97  39993 16.0
2010-02-14  21:50:00  07 06 53.7  +11 04 30  +000842.2 -000072.7  02 23 24.1  232.343 43.448  40.71  40027 16.0
2010-02-14  22:00:00  07 16 14.5  +10 51 32  +000840.0 -000082.9  02 24 05.0  232.369 43.175  38.47  40061 16.0
2010-02-14  22:10:00  07 25 33.7  +10 36 53  +000837.6 -000092.8  02 24 47.4  232.381 42.875  36.23  40094 16.0
2010-02-14  22:20:00  07 34 51.3  +10 20 37  +000835.2 -000102.6  02 25 31.5  232.380 42.550  34.01  40128 16.0
2010-02-14  22:30:00  07 44 07.2  +10 02 43  +000832.6 -000112.1  02 26 17.2  232.367 42.197  31.80  40162 15.9
2010-02-14  22:40:00  07 53 21.5  +09 43 16  +000830.0 -000121.4  02 27 04.6  232.343 41.820  29.61  40195 15.9
2010-02-14  22:50:00  08 02 33.9  +09 22 16  +000827.4 -000130.4  02 27 53.8  232.309 41.417  27.42  40228 15.9
2010-02-14  23:00:00  08 11 44.6  +08 59 48  +000824.7 -000139.3  02 28 44.7  232.266 40.988  25.28  40261 15.9
2010-02-14  23:10:00  08 20 53.5  +08 35 52  +000822.0 -000147.8  02 29 37.4  232.214 40.536  23.14  40295 15.9
2010-02-14  23:20:00  08 30 00.7  +08 10 32  +000819.3 -000156.1  02 30 32.0  232.156 40.060  21.06  40327 15.9
2010-02-14  23:30:00  08 39 06.0  +07 43 51  +000816.6 -000164.1  02 31 28.3  232.090 39.561  19.01  40360 15.8
2010-02-14  23:40:00  08 48 09.5  +07 15 51  +000814.0 -000171.8  02 32 26.4  232.019 39.039  17.04  40393 15.8
2010-02-14  23:50:00  08 57 11.3  +06 46 36  +000811.4 -000179.2  02 33 26.3  231.942 38.495  15.16  40425 15.8
2010-02-15  00:00:00  09 06 11.4  +06 16 08     <<SHADOW>>        02 34 27.8  231.861 37.931  13.41  40458 ----
2010-02-15  00:10:00  09 15 09.9  +05 44 30     <<SHADOW>>        02 35 31.0  231.775 37.346  11.84  40490 ----
2010-02-15  00:20:00  09 24 06.7  +05 11 46     <<SHADOW>>        02 36 35.7  231.685 36.742  10.54  40522 ----
2010-02-15  00:30:00  09 33 02.1  +04 37 59     <<SHADOW>>        02 37 42.0  231.593 36.120   9.63  40554 ----
2010-02-15  00:40:00  09 41 56.1  +04 03 12     <<SHADOW>>        02 38 49.7  231.497 35.480   9.21  40586 ----
2010-02-15  00:50:00  09 50 48.7  +03 27 28     <<SHADOW>>        02 39 58.7  231.399 34.824   9.35  40618 ----
2010-02-15  01:00:00  09 59 40.1  +02 50 51     <<SHADOW>>        02 41 09.0  231.298 34.153  10.03  40649 ----
2010-02-15  01:10:00  10 08 30.4  +02 13 24  +000794.7 -000227.1  02 42 20.3  231.195 33.467  11.15  40680 15.8
2010-02-15  01:20:00  10 17 19.7  +01 35 11  +000793.3 -000231.5  02 43 32.6  231.089 32.768  12.59  40711 15.8
2010-02-15  01:30:00  10 26 08.2  +00 56 14  +000792.1 -000235.7  02 44 45.8  230.982 32.056  14.26  40742 15.8
2010-02-15  01:40:00  10 34 56.0  +00 16 38  +000791.2 -000239.4  02 45 59.7  230.872 31.334  16.08  40772 15.8
2010-02-15  01:50:00  10 43 43.2  -00 23 34  +000790.5 -000242.9  02 47 14.1  230.760 30.602  18.03  40802 15.9
2010-02-15  02:00:00  10 52 29.9  -01 04 18  +000790.0 -000245.9  02 48 29.0  230.646 29.861  20.03  40831 15.9
2010-02-15  02:10:00  11 01 16.5  -01 45 31  +000789.7 -000248.6  02 49 44.1  230.529 29.113  22.11  40861 15.9
2010-02-15  02:20:00  11 10 02.9  -02 27 10  +000789.7 -000251.0  02 50 59.3  230.410 28.359  24.22  40889 15.9
2010-02-15  02:30:00  11 18 49.5  -03 09 10  +000789.9 -000253.0  02 52 14.4  230.288 27.600  26.37  40917 15.9
2010-02-15  02:40:00  11 27 36.2  -03 51 28  +000790.5 -000254.6  02 53 29.3  230.164 26.837  28.53  40945 15.9
2010-02-15  02:50:00  11 36 23.5  -04 34 01  +000791.2 -000255.9  02 54 43.7  230.037 26.072  30.73  40972 16.0
2010-02-15  03:00:00  11 45 11.3  -05 16 44  +000792.3 -000256.8  02 55 57.5  229.906 25.306  32.93  40998 16.0
2010-02-15  03:10:00  11 53 59.9  -05 59 35  +000793.6 -000257.3  02 57 10.5  229.772 24.540  35.16  41023 16.0
2010-02-15  03:20:00  12 02 49.5  -06 42 29  +000795.3 -000257.4  02 58 22.5  229.635 23.776  37.39  41048 16.0
2010-02-15  03:30:00  12 11 40.3  -07 25 22  +000797.2 -000257.2  02 59 33.4  229.494 23.014  39.64  41072 16.1
2010-02-15  03:40:00  12 20 32.5  -08 08 11  +000799.3 -000256.6  03 00 42.9  229.349 22.257  41.88  41094 16.1
2010-02-15  03:50:00  12 29 26.2  -08 50 52  +000801.8 -000255.6  03 01 50.8  229.200 21.505  44.15  41116 16.1
2010-02-15  04:00:00  12 38 21.6  -09 33 22  +000804.6 -000254.2  03 02 57.0  229.047 20.759  46.41  41137 16.2

   Date        UTC        RA         DECL      RARate   DeclRate    HourAng      Az     Um    Phase  Range  Mag
2010-02-15  16:20:00  00 55 00.2  -02 06 24  +000846.0 +000265.5  03 08 20.0  234.704 26.275 134.58  39742 19.0
2010-02-15  16:30:00  01 04 24.0  -01 22 25  +000845.3 +000262.2  03 08 57.9  235.312 26.790 132.12  39749 18.9
2010-02-15  16:40:00  01 13 47.2  -00 39 01  +000844.7 +000258.4  03 09 36.2  235.922 27.294 129.68  39758 18.7
2010-02-15  16:50:00  01 23 10.2  +00 03 42  +000844.3 +000254.2  03 10 14.9  236.531 27.785 127.23  39769 18.6
2010-02-15  17:00:00  01 32 33.0  +00 45 40  +000844.1 +000249.5  03 10 53.7  237.138 28.262 124.80  39781 18.4
2010-02-15  17:10:00  01 41 55.8  +01 26 50  +000844.1 +000244.4  03 11 32.6  237.742 28.726 122.35  39796 18.3
2010-02-15  17:20:00  01 51 18.6  +02 07 07  +000844.3 +000238.9  03 12 11.5  238.341 29.176 119.93  39812 18.2
2010-02-15  17:30:00  02 00 41.5  +02 46 27  +000844.6 +000233.0  03 12 50.1  238.934 29.611 117.50  39830 18.0
2010-02-15  17:40:00  02 10 04.8  +03 24 46  +000845.1 +000226.7  03 13 28.6  239.519 30.030 115.08  39849 17.9
2010-02-15  17:50:00  02 19 28.3  +04 01 60  +000845.7 +000220.1  03 14 06.6  240.095 30.433 112.66  39870 17.8
2010-02-15  18:00:00  02 28 52.3  +04 38 06  +000846.4 +000213.0  03 14 44.3  240.661 30.820 110.25  39892 17.7
2010-02-15  18:10:00  02 38 16.8  +05 12 60  +000847.1 +000205.7  03 15 21.4  241.214 31.190 107.84  39916 17.6
2010-02-15  18:20:00  02 47 41.9  +05 46 38  +000848.0 +000198.0  03 15 58.0  241.755 31.542 105.44  39940 17.5
2010-02-15  18:30:00  02 57 07.5  +06 18 59  +000848.9 +000190.0  03 16 34.0  242.282 31.877 103.04  39966 17.4
2010-02-15  18:40:00  03 06 33.8  +06 49 57  +000849.9 +000181.7  03 17 09.4  242.793 32.193 100.65  39993 17.4
2010-02-15  18:50:00  03 16 00.7  +07 19 31  +000850.8 +000173.1  03 17 44.2  243.288 32.491  98.26  40022 17.3
2010-02-15  19:00:00  03 25 28.2  +07 47 37  +000851.8 +000164.2  03 18 18.3  243.765 32.770  95.89  40050 17.2
2010-02-15  19:10:00  03 34 56.4  +08 14 14  +000852.8 +000155.1  03 18 51.7  244.224 33.029  93.50  40080 17.1
2010-02-15  19:20:00  03 44 25.2  +08 39 18  +000853.7 +000145.7  03 19 24.5  244.663 33.269  91.14  40111 17.1
2010-02-15  19:30:00  03 53 54.6  +09 02 47  +000854.6 +000136.1  03 19 56.8  245.083 33.488  88.76  40142 17.0
2010-02-15  19:40:00  04 03 24.6  +09 24 39  +000855.4 +000126.3  03 20 28.4  245.481 33.687  86.41  40175 16.9
2010-02-15  19:50:00  04 12 55.1  +09 44 52  +000856.1 +000116.3  03 20 59.6  245.858 33.866  84.05  40207 16.9
2010-02-15  20:00:00  04 22 26.1  +10 03 25  +000856.7 +000106.2  03 21 30.3  246.213 34.022  81.70  40241 16.8
2010-02-15  20:10:00  04 31 57.4  +10 20 15  +000857.2 +000095.8  03 22 00.6  246.546 34.158  79.35  40274 16.7
2010-02-15  20:20:00  04 41 29.0  +10 35 21  +000857.6 +000085.4  03 22 30.6  246.856 34.271  77.02  40308 16.7
2010-02-15  20:30:00  04 51 00.8  +10 48 43  +000857.9 +000074.9  03 23 00.4  247.143 34.362  74.67  40343 16.6
2010-02-15  20:40:00  05 00 32.8  +11 00 18  +000858.0 +000064.2  03 23 30.1  247.407 34.431  72.35  40378 16.6
2010-02-15  20:50:00  05 10 04.7  +11 10 07  +000857.9 +000053.5  03 23 59.8  247.647 34.476  70.01  40413 16.5
2010-02-15  21:00:00  05 19 36.6  +11 18 09  +000857.7 +000042.8  03 24 29.6  247.865 34.499  67.70  40449 16.5
2010-02-15  21:10:00  05 29 08.2  +11 24 22  +000857.3 +000032.0  03 24 59.6  248.060 34.497  65.38  40484 16.4
2010-02-15  21:20:00  05 38 39.6  +11 28 48  +000856.7 +000021.2  03 25 29.9  248.232 34.472  63.07  40520 16.4
2010-02-15  21:30:00  05 48 10.5  +11 31 26  +000855.9 +000010.4  03 26 00.7  248.382 34.423  60.76  40556 16.3
2010-02-15  21:40:00  05 57 40.8  +11 32 16  +000855.0 -000000.4  03 26 32.0  248.510 34.350  58.46  40593 16.3
2010-02-15  21:50:00  06 07 10.4  +11 31 18  +000853.9 -000011.1  03 27 04.0  248.617 34.252  56.16  40629 16.3
2010-02-15  22:00:00  06 16 39.2  +11 28 34  +000852.6 -000021.8  03 27 36.8  248.703 34.130  53.87  40666 16.2
2010-02-15  22:10:00  06 26 07.1  +11 24 03  +000851.1 -000032.4  03 28 10.5  248.769 33.983  51.58  40702 16.2
2010-02-15  22:20:00  06 35 34.0  +11 17 47  +000849.5 -000042.8  03 28 45.3  248.816 33.811  49.31  40739 16.2
2010-02-15  22:30:00  06 44 59.8  +11 09 47  +000847.7 -000053.2  03 29 21.2  248.844 33.614  47.03  40776 16.1
2010-02-15  22:40:00  06 54 24.3  +11 00 04  +000845.8 -000063.4  03 29 58.3  248.854 33.392  44.77  40813 16.1
2010-02-15  22:50:00  07 03 47.5  +10 48 40  +000843.7 -000073.4  03 30 36.8  248.847 33.146  42.50  40849 16.1
2010-02-15  23:00:00  07 13 09.3  +10 35 36  +000841.6 -000083.3  03 31 16.6  248.824 32.874  40.26  40886 16.1
2010-02-15  23:10:00  07 22 29.6  +10 20 54  +000839.3 -000093.0  03 31 58.0  248.786 32.578  38.01  40923 16.0
2010-02-15  23:20:00  07 31 48.3  +10 04 35  +000836.9 -000102.5  03 32 40.9  248.734 32.257  35.78  40960 16.0
2010-02-15  23:30:00  07 41 05.3  +09 46 43  +000834.4 -000111.8  03 33 25.5  248.669 31.912  33.55  40998 16.0
2010-02-15  23:40:00  07 50 20.8  +09 27 20  +000831.8 -000120.9  03 34 11.7  248.590 31.543  31.35  41035 16.0
2010-02-15  23:50:00  07 59 34.5  +09 06 26  +000829.3 -000129.7  03 34 59.6  248.501 31.151  29.16  41072 16.0
2010-02-16  00:00:00  08 08 46.4  +08 44 06  +000826.6 -000138.3  03 35 49.3  248.400 30.735  26.99  41109 15.9
2010-02-16  00:10:00  08 17 56.6  +08 20 21  +000824.0 -000146.6  03 36 40.8  248.290 30.296  24.84  41146 15.9
2010-02-16  00:20:00  08 27 05.1  +07 55 15  +000821.3 -000154.6  03 37 34.0  248.170 29.835  22.74  41183 15.9
2010-02-16  00:30:00  08 36 11.8  +07 28 49  +000818.7 -000162.4  03 38 28.9  248.042 29.352  20.66  41220 15.9
2010-02-16  00:40:00  08 45 16.7  +07 01 08  +000816.1 -000169.9  03 39 25.6  247.907 28.848  18.65  41257 15.9
2010-02-16  00:50:00  08 54 20.0  +06 32 12  +000813.6 -000177.1  03 40 24.0  247.765 28.324  16.70  41294 15.9
2010-02-16  01:00:00  09 03 21.6  +06 02 07  +000811.1 -000183.9  03 41 24.1  247.616 27.780  14.87  41331 15.9
2010-02-16  01:10:00  09 12 21.5  +05 30 55     <<SHADOW>>        03 42 25.7  247.462 27.216  13.17  41368 ----
2010-02-16  01:20:00  09 21 19.9  +04 58 38     <<SHADOW>>        03 43 29.0  247.302 26.635  11.69  41404 ----
2010-02-16  01:30:00  09 30 16.9  +04 25 21     <<SHADOW>>        03 44 33.7  247.138 26.036  10.51  41441 ----
2010-02-16  01:40:00  09 39 12.4  +03 51 05     <<SHADOW>>        03 45 39.8  246.970 25.421   9.73  41477 ----
2010-02-16  01:50:00  09 48 06.7  +03 15 56     <<SHADOW>>        03 46 47.2  246.797 24.791   9.47  41513 ----
2010-02-16  02:00:00  09 56 59.7  +02 39 55     <<SHADOW>>        03 47 55.7  246.621 24.146   9.75  41549 ----
2010-02-16  02:10:00  10 05 51.7  +02 03 06     <<SHADOW>>        03 49 05.4  246.442 23.487  10.54  41584 ----
2010-02-16  02:20:00  10 14 42.7  +01 25 34  +000795.8 -000227.4  03 50 16.1  246.260 22.816  11.74  41620 15.9
2010-02-16  02:30:00  10 23 32.9  +00 47 20  +000794.7 -000231.3  03 51 27.5  246.075 22.134  13.23  41655 15.9
2010-02-16  02:40:00  10 32 22.3  +00 08 28  +000793.8 -000234.9  03 52 39.7  245.887 21.442  14.92  41689 15.9
2010-02-16  02:50:00  10 41 11.2  -00 30 58  +000793.0 -000238.2  03 53 52.4  245.697 20.740  16.77  41723 15.9
2010-02-16  03:00:00  10 49 59.8  -01 10 54  +000792.5 -000241.0  03 55 05.6  245.503 20.031  18.71  41756 15.9
2010-02-16  03:10:00  10 58 48.0  -01 51 18  +000792.3 -000243.6  03 56 19.0  245.308 19.315  20.74  41789 15.9
2010-02-16  03:20:00  11 07 36.2  -02 32 05  +000792.3 -000245.8  03 57 32.4  245.110 18.593  22.81  41821 15.9
2010-02-16  03:30:00  11 16 24.4  -03 13 12  +000792.5 -000247.6  03 58 45.8  244.909 17.868  24.93  41853 16.0
2010-02-16  03:40:00  11 25 12.9  -03 54 36  +000793.0 -000249.1  03 59 59.0  244.705 17.139  27.07  41884 16.0
2010-02-16  03:50:00  11 34 01.9  -04 36 13  +000793.8 -000250.2  04 01 11.7  244.499 16.409  29.25  41913 16.0
2010-02-16  04:00:00  11 42 51.4  -05 17 59  +000794.8 -000251.0  04 02 23.8  244.290 15.678  31.43  41942 16.0
