ЭФЕМЕРИДЫ ПО ОБЪЕКТУ:  90148
Для пункта:  10016 Маяки   46 23'50.68"   30 16'17.74"    14m
C   2010-02-01 12:00
по  2010-02-16 12:00
Шаг  0:10:00
Мин.угол места:          10 град
Макс.угол места Солнца: -10 град
Стандартный блеск :      9.9 (зв.вел.)

ОБОЗНАЧЕНИЯ
RA        прямое восхождение, тек.эпоха
DECL      склонение, тек.эпоха
RARate    скорость по пр.восх., арксек/мин
DeclRate  скорость по склонению, арксек/мин
HourAng   часовой угол
Az        азимут
Um        угол места
Phase     фазовый угол
Range     дальность
Mag       зв.величина (оценка)

   Date        UTC        RA         DECL      RARate   DeclRate    HourAng      Az     Um    Phase  Range  Mag
2010-02-04  03:40:00  10 26 50.0  -10 28 36  +001318.8 -000126.6  04 11 03.2  242.698 10.294  32.71  32626 16.4
2010-02-04  03:50:00  10 41 31.3  -10 49 22  +001324.8 -000122.4  04 06 23.6  241.567 10.732  35.20  32538 16.4
2010-02-04  04:00:00  10 56 16.2  -11 09 23  +001329.7 -000117.6  04 01 40.3  240.427 11.181  37.86  32465 16.4
2010-02-04  04:10:00  11 11 03.9  -11 28 31  +001333.4 -000112.1  03 56 54.2  239.282 11.639  40.68  32407 16.5
2010-02-04  04:20:00  11 25 53.7  -11 46 42  +001335.8 -000106.0  03 52 06.1  238.136 12.104  43.61  32363 16.5

   Date        UTC        RA         DECL      RARate   DeclRate    HourAng      Az     Um    Phase  Range  Mag
2010-02-04  16:10:00  00 27 57.8  -01 57 05  +000784.0 +000045.0  02 41 58.6  228.516 29.967 129.94  40424 19.6
2010-02-04  16:20:00  00 36 41.4  -01 49 49  +000786.8 +000042.2  02 43 16.7  228.909 29.902 127.85  40356 19.5
2010-02-04  16:30:00  00 45 27.0  -01 43 02  +000790.0 +000039.3  02 44 32.7  229.289 29.833 125.74  40280 19.4
2010-02-04  16:40:00  00 54 14.8  -01 36 44  +000793.6 +000036.3  02 45 46.5  229.654 29.761 123.64  40195 19.3
2010-02-04  16:50:00  01 03 05.2  -01 30 56  +000797.5 +000033.2  02 46 57.8  230.004 29.687 121.51  40101 19.2
2010-02-04  17:00:00  01 11 58.3  -01 25 39  +000801.8 +000030.1  02 48 06.3  230.336 29.610 119.38  39999 19.0
2010-02-04  17:10:00  01 20 54.4  -01 20 54  +000806.5 +000026.9  02 49 11.9  230.650 29.532 117.23  39888 18.9
2010-02-04  17:20:00  01 29 53.7  -01 16 42  +000811.5 +000023.6  02 50 14.3  230.945 29.452 115.08  39769 18.8
2010-02-04  17:30:00  01 38 56.4  -01 13 03  +000816.9 +000020.2  02 51 13.1  231.220 29.372 112.90  39642 18.7
2010-02-04  17:40:00  01 48 02.9  -01 09 59  +000822.6 +000016.7  02 52 08.3  231.474 29.291 110.72  39507 18.6
2010-02-04  17:50:00  01 57 13.4  -01 07 30  +000828.8 +000013.1  02 52 59.5  231.705 29.211 108.51  39363 18.5
2010-02-04  18:00:00  02 06 28.0  -01 05 38  +000835.3 +000009.4  02 53 46.5  231.913 29.131 106.30  39212 18.4
2010-02-04  18:10:00  02 15 47.2  -01 04 22  +000842.2 +000005.6  02 54 28.9  232.096 29.052 104.06  39053 18.3
2010-02-04  18:20:00  02 25 11.1  -01 03 45  +000849.5 +000001.7  02 55 06.7  232.253 28.975 101.82  38887 18.2
2010-02-04  18:30:00  02 34 39.9  -01 03 48  +000857.1 -000002.3  02 55 39.5  232.383 28.900  99.54  38713 18.1
2010-02-04  18:40:00  02 44 14.0  -01 04 31  +000865.2 -000006.4  02 56 07.1  232.486 28.827  97.26  38533 18.1
2010-02-04  18:50:00  02 53 53.6  -01 05 56  +000873.6 -000010.6  02 56 29.2  232.559 28.757  94.95  38345 18.0
2010-02-04  19:00:00  03 03 38.9  -01 08 03  +000882.4 -000014.9  02 56 45.5  232.602 28.690  92.63  38151 17.9
2010-02-04  19:10:00  03 13 30.2  -01 10 54  +000891.7 -000019.3  02 56 55.8  232.613 28.627  90.27  37951 17.8
2010-02-04  19:20:00  03 23 27.9  -01 14 29  +000901.3 -000023.8  02 56 59.8  232.591 28.568  87.91  37744 17.7
2010-02-04  19:30:00  03 33 32.1  -01 18 50  +000911.3 -000028.4  02 56 57.2  232.536 28.513  85.52  37532 17.6
2010-02-04  19:40:00  03 43 43.0  -01 23 58  +000921.7 -000033.2  02 56 47.9  232.446 28.463  83.11  37314 17.6
2010-02-04  19:50:00  03 54 01.1  -01 29 54  +000932.5 -000038.0  02 56 31.5  232.320 28.417  80.67  37092 17.5
2010-02-04  20:00:00  04 04 26.4  -01 36 38  +000943.7 -000042.9  02 56 07.8  232.156 28.377  78.22  36865 17.4
2010-02-04  20:10:00  04 14 59.3  -01 44 13  +000955.2 -000047.9  02 55 36.5  231.953 28.342  75.73  36633 17.3
2010-02-04  20:20:00  04 25 40.1  -01 52 38  +000967.2 -000053.0  02 54 57.4  231.711 28.313  73.24  36398 17.3
2010-02-04  20:30:00  04 36 29.1  -02 01 54  +000979.5 -000058.2  02 54 10.1  231.428 28.289  70.71  36160 17.2
2010-02-04  20:40:00  04 47 26.3  -02 12 02  +000992.2 -000063.5  02 53 14.5  231.104 28.271  68.17  35918 17.1
2010-02-04  20:50:00  04 58 32.1  -02 23 03  +001005.3 -000068.7  02 52 10.4  230.736 28.259  65.60  35675 17.1
2010-02-04  21:00:00  05 09 46.7  -02 34 57  +001018.6 -000074.1  02 50 57.4  230.324 28.253  63.03  35430 17.0
2010-02-04  21:10:00  05 21 10.3  -02 47 45  +001032.3 -000079.4  02 49 35.4  229.867 28.253  60.43  35183 16.9
2010-02-04  21:20:00  05 32 43.2  -03 01 26  +001046.4 -000084.8  02 48 04.2  229.365 28.259  57.82  34936 16.9
2010-02-04  21:30:00  05 44 25.5  -03 16 00  +001060.7 -000090.1  02 46 23.5  228.815 28.270  55.19  34689 16.8
2010-02-04  21:40:00  05 56 17.5  -03 31 28  +001075.2 -000095.4  02 44 33.2  228.218 28.288  52.57  34443 16.8
2010-02-04  21:50:00  06 08 19.2  -03 47 48  +001090.0 -000100.6  02 42 33.1  227.572 28.310  49.94  34199 16.7
2010-02-04  22:00:00  06 20 30.9  -04 04 60  +001105.0 -000105.7  02 40 23.1  226.878 28.337  47.33  33956 16.6
2010-02-04  22:10:00  06 32 52.6  -04 23 02  +001120.2 -000110.7  02 38 03.0  226.135 28.369  44.73  33717 16.6
2010-02-04  22:20:00  06 45 24.4  -04 41 53  +001135.4 -000115.5  02 35 32.8  225.342 28.405  42.16  33481 16.5
2010-02-04  22:30:00  06 58 06.5  -05 01 31  +001150.8 -000120.1  02 32 52.4  224.499 28.445  39.64  33250 16.5
2010-02-04  22:40:00  07 10 58.7  -05 21 54  +001166.1 -000124.4  02 30 01.8  223.607 28.488  37.18  33024 16.5
2010-02-04  22:50:00  07 24 01.3  -05 42 58  +001181.4 -000128.4  02 27 00.9  222.666 28.535  34.82  32804 16.4
2010-02-04  23:00:00  07 37 14.0  -06 04 41  +001196.6 -000132.1  02 23 49.8  221.676 28.583  32.58  32591 16.4
2010-02-04  23:10:00  07 50 36.7  -06 26 59  +001211.7 -000135.4  02 20 28.7  220.639 28.632  30.51  32385 16.4
2010-02-04  23:20:00  08 04 09.4  -06 49 47  +001226.5 -000138.2  02 16 57.6  219.555 28.683  28.66  32188 16.3
2010-02-04  23:30:00  08 17 51.9  -07 13 02  +001240.9 -000140.6  02 13 16.8  218.425 28.734  27.08  32001 16.3
2010-02-04  23:40:00  08 31 43.9  -07 36 38  +001255.0 -000142.4  02 09 26.5  217.252 28.784  25.85  31823 16.3
2010-02-04  23:50:00  08 45 45.1  -08 00 29  +001268.5 -000143.7  02 05 26.9  216.037 28.834  25.03  31657 16.3
2010-02-05  00:00:00  08 59 55.1  -08 24 29  +001281.5 -000144.3  02 01 18.5  214.782 28.881  24.68  31502 16.2
2010-02-05  00:10:00  09 14 13.6  -08 48 32  +001293.8 -000144.2  01 57 01.7  213.491 28.927  24.83  31360 16.2
2010-02-05  00:20:00  09 28 40.1  -09 12 31  +001305.4 -000143.5  01 52 36.8  212.165 28.969  25.48  31230 16.2
2010-02-05  00:30:00  09 43 14.0  -09 36 19  +001316.1 -000142.0  01 48 04.6  210.809 29.008  26.61  31114 16.2
2010-02-05  00:40:00  09 57 54.6  -09 59 50  +001325.8 -000139.9  01 43 25.6  209.425 29.044  28.16  31012 16.2
2010-02-05  00:50:00  10 12 41.5  -10 22 54  +001334.5 -000137.0  01 38 40.4  208.017 29.075  30.10  30925 16.2
2010-02-05  01:00:00  10 27 33.7  -10 45 26  +001342.1 -000133.3  01 33 49.8  206.589 29.103  32.33  30853 16.3
2010-02-05  01:10:00  10 42 30.6  -11 07 18  +001348.4 -000128.9  01 28 54.6  205.145 29.126  34.82  30796 16.3
2010-02-05  01:20:00  10 57 31.3  -11 28 22  +001353.5 -000123.8  01 23 55.5  203.689 29.145  37.50  30755 16.3
2010-02-05  01:30:00  11 12 35.0  -11 48 32  +001357.3 -000118.0  01 18 53.4  202.226 29.161  40.36  30730 16.3
2010-02-05  01:40:00  11 27 40.7  -12 07 41  +001359.7 -000111.6  01 13 49.3  200.761 29.173  43.33  30721 16.4
2010-02-05  01:50:00  11 42 47.6  -12 25 43  +001360.7 -000104.7  01 08 44.1  199.296 29.181  46.41  30728 16.4
2010-02-05  02:00:00  11 57 54.7  -12 42 33  +001360.3 -000097.2  01 03 38.7  197.838 29.188  49.57  30750 16.5
2010-02-05  02:10:00  12 13 01.0  -12 58 05  +001358.4 -000089.2  00 58 34.0  196.389 29.192  52.79  30788 16.5
2010-02-05  02:20:00  12 28 05.5  -13 12 15  +001355.1 -000080.8  00 53 31.1  194.956 29.195  56.05  30842 16.6
2010-02-05  02:30:00  12 43 07.4  -13 25 00  +001350.4 -000072.1  00 48 30.9  193.540 29.198  59.35  30911 16.6
2010-02-05  02:40:00  12 58 05.7  -13 36 17  +001344.3 -000063.2  00 43 34.2  192.146 29.202  62.66  30994 16.7
2010-02-05  02:50:00  13 12 59.5  -13 46 04  +001336.9 -000054.1  00 38 42.0  190.778 29.207  65.99  31091 16.8
2010-02-05  03:00:00  13 27 48.0  -13 54 20  +001328.3 -000045.0  00 33 55.2  189.440 29.216  69.31  31202 16.8
2010-02-05  03:10:00  13 42 30.3  -14 01 03  +001318.4 -000035.8  00 29 14.6  188.133 29.227  72.65  31326 16.9
2010-02-05  03:20:00  13 57 05.7  -14 06 15  +001307.5 -000026.6  00 24 40.8  186.861 29.244  75.96  31463 17.0
2010-02-05  03:30:00  14 11 33.4  -14 09 56  +001295.6 -000017.6  00 20 14.8  185.627 29.266  79.27  31611 17.1
2010-02-05  03:40:00  14 25 52.9  -14 12 08  +001282.7 -000008.8  00 15 56.9  184.433 29.294  82.55  31770 17.2
2010-02-05  03:50:00  14 40 03.5  -14 12 53  +001269.1 -000000.2  00 11 47.9  183.280 29.330  85.82  31939 17.3
2010-02-05  04:00:00  14 54 04.9  -14 12 13  +001254.7 +000008.1  00 07 48.2  182.170 29.373  89.05  32117 17.4
2010-02-05  04:10:00  15 07 56.4  -14 10 12  +001239.8 +000016.1  00 03 58.3  181.105 29.426  92.26  32304 17.5
2010-02-05  04:20:00  15 21 37.8  -14 06 52  +001224.3 +000023.8  00 00 18.5  180.086 29.488  95.43  32499 17.6

   Date        UTC        RA         DECL      RARate   DeclRate    HourAng      Az     Um    Phase  Range  Mag
2010-02-05  16:10:00  02 59 44.0  -01 06 44  +000872.6 -000006.7  00 14 09.0  184.791 42.388  94.41  37380 17.9
2010-02-05  16:20:00  03 09 28.8  -01 08 13  +000881.6 -000011.1  00 14 25.8  184.884 42.360  92.08  37189 17.8
2010-02-05  16:30:00  03 19 19.7  -01 10 25  +000891.1 -000015.5  00 14 36.6  184.942 42.320  89.73  36992 17.7
2010-02-05  16:40:00  03 29 17.0  -01 13 23  +000900.9 -000020.1  00 14 41.0  184.962 42.270  87.36  36790 17.7
2010-02-05  16:50:00  03 39 20.9  -01 17 07  +000911.1 -000024.7  00 14 38.6  184.944 42.208  84.96  36583 17.6
2010-02-05  17:00:00  03 49 31.8  -01 21 38  +000921.7 -000029.5  00 14 29.4  184.886 42.135  82.55  36372 17.5
2010-02-05  17:10:00  03 59 50.0  -01 26 58  +000932.8 -000034.4  00 14 12.9  184.787 42.051  80.10  36157 17.4
2010-02-05  17:20:00  04 10 15.6  -01 33 07  +000944.2 -000039.4  00 13 48.9  184.645 41.954  77.64  35939 17.3
2010-02-05  17:30:00  04 20 49.0  -01 40 06  +000956.1 -000044.5  00 13 17.1  184.458 41.845  75.15  35717 17.3
2010-02-05  17:40:00  04 31 30.5  -01 47 56  +000968.3 -000049.6  00 12 37.3  184.227 41.723  72.64  35493 17.2
2010-02-05  17:50:00  04 42 20.1  -01 56 38  +000980.9 -000054.9  00 11 49.3  183.950 41.588  70.10  35266 17.1
2010-02-05  18:00:00  04 53 18.3  -02 06 13  +000993.8 -000060.2  00 10 52.7  183.627 41.439  67.56  35038 17.1
2010-02-05  18:10:00  05 04 25.3  -02 16 42  +001007.1 -000065.5  00 09 47.4  183.255 41.276  64.98  34809 17.0
2010-02-05  18:20:00  05 15 41.3  -02 28 04  +001020.8 -000070.9  00 08 33.1  182.835 41.098  62.39  34579 16.9
2010-02-05  18:30:00  05 27 06.4  -02 40 20  +001034.8 -000076.3  00 07 09.6  182.366 40.905  59.77  34349 16.9
2010-02-05  18:40:00  05 38 41.1  -02 53 31  +001049.1 -000081.8  00 05 36.5  181.847 40.695  57.15  34120 16.8
2010-02-05  18:50:00  05 50 25.3  -03 07 35  +001063.7 -000087.2  00 03 54.0  181.279 40.469  54.51  33893 16.8
2010-02-05  19:00:00  06 02 19.3  -03 22 34  +001078.5 -000092.5  00 02 01.6  180.662 40.225  51.87  33667 16.7
2010-02-05  19:10:00  06 14 23.3  -03 38 25  +001093.5 -000097.8  23 59 59.3  179.996 39.962  49.22  33445 16.6
2010-02-05  19:20:00  06 26 37.4  -03 55 09  +001108.7 -000102.9  23 57 46.9  179.281 39.681  46.59  33225 16.6
2010-02-05  19:30:00  06 39 01.6  -04 12 43  +001124.0 -000108.0  23 55 24.3  178.518 39.380  43.97  33011 16.5
2010-02-05  19:40:00  06 51 36.0  -04 31 07  +001139.4 -000112.8  23 52 51.5  177.707 39.059  41.39  32801 16.5
2010-02-05  19:50:00  07 04 20.9  -04 50 18  +001154.9 -000117.4  23 50 08.3  176.851 38.718  38.84  32597 16.5
2010-02-05  20:00:00  07 17 15.9  -05 10 14  +001170.3 -000121.7  23 47 14.9  175.950 38.354  36.38  32400 16.4
2010-02-05  20:10:00  07 30 21.3  -05 30 52  +001185.7 -000125.8  23 44 11.2  175.006 37.969  34.00  32210 16.4
2010-02-05  20:20:00  07 43 36.8  -05 52 08  +001200.9 -000129.4  23 40 57.3  174.021 37.562  31.75  32028 16.3
2010-02-05  20:30:00  07 57 02.4  -06 13 59  +001215.8 -000132.7  23 37 33.3  172.997 37.133  29.68  31856 16.3
2010-02-05  20:40:00  08 10 37.8  -06 36 21  +001230.5 -000135.5  23 33 59.5  171.937 36.681  27.84  31693 16.3
2010-02-05  20:50:00  08 24 22.9  -06 59 09  +001244.8 -000137.9  23 30 16.0  170.843 36.207  26.28  31541 16.3
2010-02-05  21:00:00  08 38 17.5  -07 22 17  +001258.6 -000139.6  23 26 23.2  169.718 35.711  25.09  31400 16.2
2010-02-05  21:10:00  08 52 21.0  -07 45 39  +001271.9 -000140.8  23 22 21.3  168.564 35.194  24.33  31272 16.2
2010-02-05  21:20:00  09 06 33.2  -08 09 11  +001284.5 -000141.4  23 18 10.8  167.386 34.656  24.06  31156 16.2
2010-02-05  21:30:00  09 20 53.5  -08 32 46  +001296.4 -000141.3  23 13 52.1  166.187 34.098  24.31  31054 16.2
2010-02-05  21:40:00  09 35 21.4  -08 56 15  +001307.4 -000140.5  23 09 25.8  164.969 33.522  25.06  30966 16.2
2010-02-05  21:50:00  09 49 56.5  -09 19 34  +001317.5 -000139.1  23 04 52.4  163.736 32.929  26.31  30892 16.2
2010-02-05  22:00:00  10 04 37.9  -09 42 34  +001326.6 -000136.9  23 00 12.6  162.491 32.320  27.96  30833 16.2
2010-02-05  22:10:00  10 19 25.1  -10 05 08  +001334.7 -000133.9  22 55 27.0  161.239 31.697  29.99  30790 16.2
2010-02-05  22:20:00  10 34 17.2  -10 27 10  +001341.5 -000130.3  22 50 36.6  159.982 31.063  32.31  30762 16.3
2010-02-05  22:30:00  10 49 13.5  -10 48 32  +001347.2 -000125.9  22 45 41.9  158.725 30.419  34.87  30750 16.3
2010-02-05  22:40:00  11 04 13.2  -11 09 07  +001351.5 -000120.9  22 40 43.9  157.469 29.769  37.61  30755 16.3
2010-02-05  22:50:00  11 19 15.3  -11 28 48  +001354.5 -000115.2  22 35 43.4  156.218 29.114  40.52  30775 16.3
2010-02-05  23:00:00  11 34 18.9  -11 47 29  +001356.2 -000109.0  22 30 41.4  154.976 28.458  43.53  30812 16.4
2010-02-05  23:10:00  11 49 23.2  -12 05 06  +001356.4 -000102.1  22 25 38.8  153.746 27.802  46.65  30864 16.4
2010-02-05  23:20:00  12 04 27.2  -12 21 31  +001355.3 -000094.8  22 20 36.5  152.529 27.150  49.83  30932 16.5
2010-02-05  23:30:00  12 19 29.9  -12 36 41  +001352.7 -000087.1  22 15 35.4  151.328 26.504  53.07  31016 16.5
2010-02-05  23:40:00  12 34 30.5  -12 50 32  +001348.8 -000079.0  22 10 36.4  150.147 25.868  56.34  31114 16.6
2010-02-05  23:50:00  12 49 28.0  -13 03 00  +001343.5 -000070.6  22 05 40.6  148.986 25.243  59.65  31227 16.7
2010-02-06  00:00:00  13 04 21.6  -13 14 04  +001337.0 -000062.1  22 00 48.6  147.848 24.632  62.97  31354 16.7
2010-02-06  00:10:00  13 19 10.3  -13 23 42  +001329.1 -000053.4  21 56 01.5  146.735 24.038  66.31  31495 16.8
2010-02-06  00:20:00  13 33 53.5  -13 31 52  +001320.2 -000044.6  21 51 20.0  145.649 23.463  69.63  31648 16.9
2010-02-06  00:30:00  13 48 30.3  -13 38 33  +001310.0 -000035.8  21 46 44.9  144.590 22.909  72.96  31814 17.0
2010-02-06  00:40:00  14 02 60.0  -13 43 47  +001299.0 -000027.0  21 42 16.8  143.560 22.378  76.27  31991 17.1
2010-02-06  00:50:00  14 17 22.0  -13 47 35  +001286.9 -000018.5  21 37 56.4  142.561 21.871  79.58  32178 17.2
2010-02-06  01:00:00  14 31 35.7  -13 49 57  +001274.1 -000010.0  21 33 44.3  141.592 21.390  82.85  32375 17.3
2010-02-06  01:10:00  14 45 40.7  -13 50 56  +001260.5 -000001.8  21 29 41.0  140.655 20.937  86.11  32582 17.4
2010-02-06  01:20:00  14 59 36.3  -13 50 35  +001246.3 +000006.1  21 25 47.0  139.751 20.512  89.33  32796 17.5
2010-02-06  01:30:00  15 13 22.3  -13 48 56  +001231.6 +000013.7  21 22 02.7  138.879 20.116  92.54  33018 17.6
2010-02-06  01:40:00  15 26 58.3  -13 46 02  +001216.4 +000021.0  21 18 28.4  138.041 19.750  95.70  33246 17.7
2010-02-06  01:50:00  15 40 24.0  -13 41 57  +001200.8 +000028.0  21 15 04.3  137.237 19.415  98.84  33480 17.8
2010-02-06  02:00:00  15 53 39.3  -13 36 44  +001185.1 +000034.5  21 11 50.6  136.466 19.110 101.93  33719 17.9
2010-02-06  02:10:00  16 06 44.1  -13 30 28  +001169.1 +000040.7  21 08 47.5  135.729 18.836 105.00  33961 18.1
2010-02-06  02:20:00  16 19 38.1  -13 23 11  +001153.0 +000046.5  21 05 55.1  135.025 18.593 108.02  34207 18.2
2010-02-06  02:30:00  16 32 21.5  -13 14 58  +001137.0 +000052.0  21 03 13.4  134.355 18.381 111.02  34456 18.3
2010-02-06  02:40:00  16 44 54.1  -13 05 53  +001120.9 +000057.0  21 00 42.4  133.719 18.199 113.96  34706 18.5
2010-02-06  02:50:00  16 57 16.0  -12 55 60  +001105.0 +000061.6  20 58 22.1  133.116 18.048 116.88  34957 18.6
2010-02-06  03:00:00  17 09 27.4  -12 45 22  +001089.2 +000065.9  20 56 12.3  132.545 17.926 119.75  35209 18.8
2010-02-06  03:10:00  17 21 28.4  -12 34 03  +001073.7 +000069.8  20 54 13.0  132.007 17.833 122.59  35460 18.9
2010-02-06  03:20:00  17 33 19.1  -12 22 07  +001058.3 +000073.4  20 52 24.0  131.501 17.769 125.38  35710 19.1
2010-02-06  03:30:00  17 44 59.6  -12 09 36  +001043.3 +000076.6  20 50 45.1  131.027 17.732 128.15  35959 19.3
2010-02-06  03:40:00  17 56 30.2  -11 56 36  +001028.6 +000079.5  20 49 16.1  130.583 17.721 130.86  36206 19.5
2010-02-06  03:50:00  18 07 51.2  -11 43 08  +001014.3 +000082.1  20 47 56.8  130.170 17.737 133.55  36450 19.7
2010-02-06  04:00:00  18 19 02.7  -11 29 15  +001000.3 +000084.4  20 46 47.0  129.787 17.778 136.19  36690 19.9
2010-02-06  04:10:00  18 30 05.0  -11 15 01  +000986.7 +000086.4  20 45 46.3  129.433 17.843 138.80  36927 20.1
2010-02-06  04:20:00  18 40 58.4  -11 00 29  +000973.5 +000088.1  20 44 54.6  129.108 17.931 141.36  37160 20.3

   Date        UTC        RA         DECL      RARate   DeclRate    HourAng      Az     Um    Phase  Range  Mag
2010-02-06  16:10:00  05 56 34.3  -02 49 41  +001057.1 -000079.1  21 21 15.2  132.800 29.627  53.72  35002 16.8
2010-02-06  16:20:00  06 08 23.7  -03 03 17  +001071.2 -000084.2  21 19 27.4  132.488 29.204  51.09  34795 16.8
2010-02-06  16:30:00  06 20 22.6  -03 17 44  +001085.4 -000089.2  21 17 30.2  132.150 28.747  48.44  34593 16.7
2010-02-06  16:40:00  06 32 31.0  -03 33 01  +001099.8 -000094.1  21 15 23.5  131.784 28.258  45.81  34395 16.7
2010-02-06  16:50:00  06 44 49.0  -03 49 05  +001114.2 -000098.8  21 13 07.1  131.391 27.736  43.19  34202 16.6
2010-02-06  17:00:00  06 57 16.6  -04 05 56  +001128.7 -000103.4  21 10 41.1  130.972 27.180  40.60  34015 16.6
2010-02-06  17:10:00  07 09 53.9  -04 23 31  +001143.2 -000107.7  21 08 05.5  130.526 26.592  38.05  33836 16.5
2010-02-06  17:20:00  07 22 40.8  -04 41 49  +001157.6 -000111.8  21 05 20.2  130.055 25.970  35.58  33663 16.5
2010-02-06  17:30:00  07 35 37.3  -05 00 47  +001171.9 -000115.7  21 02 25.4  129.560 25.317  33.19  33500 16.5
2010-02-06  17:40:00  07 48 43.2  -05 20 22  +001185.9 -000119.2  20 59 21.1  129.040 24.632  30.93  33345 16.4
2010-02-06  17:50:00  08 01 58.5  -05 40 29  +001199.8 -000122.3  20 56 07.5  128.498 23.916  28.84  33200 16.4
2010-02-06  18:00:00  08 15 22.9  -06 01 06  +001213.3 -000125.0  20 52 44.7  127.933 23.170  26.97  33065 16.4
2010-02-06  18:10:00  08 28 56.2  -06 22 07  +001226.4 -000127.2  20 49 13.1  127.347 22.395  25.39  32942 16.3
2010-02-06  18:20:00  08 42 38.0  -06 43 28  +001239.1 -000129.0  20 45 32.9  126.742 21.594  24.17  32831 16.3
2010-02-06  18:30:00  08 56 28.1  -07 05 05  +001251.1 -000130.2  20 41 44.4  126.117 20.767  23.38  32732 16.3
2010-02-06  18:40:00  09 10 26.1  -07 26 51  +001262.6 -000130.9  20 37 48.1  125.475 19.917  23.08  32646 16.3
2010-02-06  18:50:00  09 24 31.4  -07 48 40  +001273.3 -000130.9  20 33 44.4  124.817 19.045  23.30  32574 16.3
2010-02-06  19:00:00  09 38 43.7  -08 10 27  +001283.3 -000130.4  20 29 33.8  124.143 18.154  24.03  32516 16.3
2010-02-06  19:10:00  09 53 02.3  -08 32 06  +001292.4 -000129.2  20 25 16.8  123.456 17.247  25.26  32472 16.3
2010-02-06  19:20:00  10 07 26.7  -08 53 29  +001300.5 -000127.4  20 20 54.1  122.757 16.325  26.90  32444 16.3
2010-02-06  19:30:00  10 21 56.1  -09 14 31  +001307.7 -000124.9  20 16 26.3  122.046 15.392  28.90  32430 16.3
2010-02-06  19:40:00  10 36 30.0  -09 35 06  +001313.8 -000121.8  20 11 54.0  121.326 14.451  31.19  32432 16.4
2010-02-06  19:50:00  10 51 07.6  -09 55 06  +001318.7 -000118.1  20 07 18.1  120.598 13.504  33.73  32450 16.4
2010-02-06  20:00:00  11 05 48.1  -10 14 25  +001322.6 -000113.7  20 02 39.3  119.864 12.555  36.43  32483 16.4
2010-02-06  20:10:00  11 20 30.7  -10 32 59  +001325.2 -000108.8  19 57 58.3  119.124 11.607  39.30  32531 16.5
2010-02-06  20:20:00  11 35 14.7  -10 50 40  +001326.5 -000103.4  19 53 16.0  118.380 10.664  42.27  32596 16.5

   Date        UTC        RA         DECL      RARate   DeclRate    HourAng      Az     Um    Phase  Range  Mag
2010-02-12  16:20:00  23 10 10.5  -03 05 38  +000785.5 +000062.6  04 41 20.0  253.385 11.109 156.43  42387 22.1
2010-02-12  16:30:00  23 18 54.2  -02 55 23  +000785.7 +000060.4  04 42 37.9  253.748 11.022 154.40  42387 21.9
2010-02-12  16:40:00  23 27 38.2  -02 45 30  +000786.3 +000058.2  04 43 55.6  254.106 10.931 152.38  42378 21.6
2010-02-12  16:50:00  23 36 22.7  -02 35 60  +000787.2 +000055.9  04 45 12.7  254.457 10.836 150.31  42360 21.4
2010-02-12  17:00:00  23 45 08.0  -02 26 53  +000788.5 +000053.5  04 46 29.1  254.802 10.738 148.25  42333 21.2
2010-02-12  17:10:00  23 53 54.2  -02 18 10  +000790.1 +000051.0  04 47 44.6  255.139 10.637 146.16  42298 21.0
2010-02-12  17:20:00  00 02 41.5  -02 09 53  +000792.1 +000048.5  04 48 58.8  255.467 10.533 144.07  42254 20.8
2010-02-12  17:30:00  00 11 30.4  -02 01 60  +000794.4 +000046.0  04 50 11.7  255.785 10.428 141.96  42200 20.6
2010-02-12  17:40:00  00 20 20.8  -01 54 34  +000797.0 +000043.3  04 51 22.9  256.094 10.322 139.85  42139 20.4
2010-02-12  17:50:00  00 29 13.1  -01 47 34  +000800.0 +000040.6  04 52 32.2  256.391 10.215 137.71  42068 20.3
2010-02-12  18:00:00  00 38 07.5  -01 41 02  +000803.3 +000037.8  04 53 39.5  256.676 10.107 135.57  41989 20.1
2010-02-12  18:10:00  00 47 04.2  -01 34 59  +000806.9 +000034.9  04 54 44.4  256.948 10.001 133.41  41901 20.0

   Date        UTC        RA         DECL      RARate   DeclRate    HourAng      Az     Um    Phase  Range  Mag
2010-02-12  23:50:00  06 41 36.6  -04 35 42  +001131.4 -000111.1  04 41 07.8  252.338 10.016  49.16  35101 16.7
2010-02-13  00:00:00  06 54 15.5  -04 54 35  +001145.3 -000115.4  04 38 30.6  251.628 10.208  46.39  34866 16.7
2010-02-13  00:10:00  07 07 03.7  -05 14 09  +001159.2 -000119.4  04 35 44.1  250.881 10.415  43.64  34636 16.6
2010-02-13  00:20:00  07 20 01.0  -05 34 22  +001172.9 -000123.2  04 32 48.4  250.095 10.636  40.92  34412 16.6
2010-02-13  00:30:00  07 33 07.6  -05 55 11  +001186.5 -000126.6  04 29 43.5  249.273 10.870  38.25  34193 16.5
2010-02-13  00:40:00  07 46 23.1  -06 16 32  +001199.9 -000129.6  04 26 29.6  248.414 11.119  35.66  33982 16.5
2010-02-13  00:50:00  07 59 47.4  -06 38 22  +001213.1 -000132.2  04 23 06.9  247.521 11.380  33.16  33779 16.5
2010-02-13  01:00:00  08 13 20.4  -07 00 35  +001225.9 -000134.4  04 19 35.6  246.593 11.655  30.80  33585 16.4
2010-02-13  01:10:00  08 27 01.8  -07 23 08  +001238.3 -000136.0  04 15 55.8  245.633 11.942  28.62  33399 16.4
2010-02-13  01:20:00  08 40 51.3  -07 45 54  +001250.2 -000137.2  04 12 08.0  244.641 12.241  26.69  33224 16.4
2010-02-13  01:30:00  08 54 48.5  -08 08 49  +001261.5 -000137.7  04 08 12.4  243.620 12.553  25.07  33059 16.4
2010-02-13  01:40:00  09 08 53.1  -08 31 46  +001272.2 -000137.7  04 04 09.4  242.572 12.876  23.84  32906 16.3
2010-02-13  01:50:00  09 23 04.6  -08 54 40  +001282.2 -000137.0  03 59 59.5  241.499 13.209  23.08  32765 16.3
2010-02-13  02:00:00  09 37 22.5  -09 17 24  +001291.4 -000135.6  03 55 43.3  240.403 13.553  22.83  32636 16.3
2010-02-13  02:10:00  09 51 46.3  -09 39 51  +001299.8 -000133.6  03 51 21.2  239.287 13.906  23.14  32520 16.3
2010-02-13  02:20:00  10 06 15.3  -10 01 55  +001307.2 -000131.0  03 46 53.8  238.153 14.268  23.98  32418 16.3
2010-02-13  02:30:00  10 20 48.9  -10 23 29  +001313.6 -000127.6  03 42 21.8  237.005 14.638  25.31  32329 16.3
2010-02-13  02:40:00  10 35 26.5  -10 44 26  +001318.9 -000123.6  03 37 45.9  235.845 15.016  27.06  32255 16.3
2010-02-13  02:50:00  10 50 07.2  -11 04 39  +001323.1 -000119.0  03 33 06.8  234.677 15.399  29.16  32195 16.3
2010-02-13  03:00:00  11 04 50.3  -11 24 03  +001326.1 -000113.7  03 28 25.3  233.504 15.789  31.53  32150 16.3
2010-02-13  03:10:00  11 19 35.1  -11 42 32  +001328.0 -000107.9  03 23 42.2  232.330 16.183  34.14  32119 16.4
2010-02-13  03:20:00  11 34 20.7  -11 59 60  +001328.6 -000101.5  03 18 58.3  231.156 16.581  36.89  32103 16.4
2010-02-13  03:30:00  11 49 06.3  -12 16 21  +001327.9 -000094.6  03 14 14.3  229.988 16.983  39.80  32102 16.4
2010-02-13  03:40:00  12 03 51.0  -12 31 31  +001326.0 -000087.3  03 09 31.3  228.829 17.387  42.79  32116 16.5
2010-02-13  03:50:00  12 18 34.0  -12 45 27  +001322.8 -000079.7  03 04 49.9  227.681 17.793  45.87  32144 16.5
2010-02-13  04:00:00  12 33 14.4  -12 58 03  +001318.4 -000071.6  03 00 11.1  226.548 18.200  49.00  32186 16.6
2010-02-13  04:10:00  12 47 51.6  -13 09 19  +001312.8 -000063.4  02 55 35.6  225.433 18.608  52.17  32241 16.6

   Date        UTC        RA         DECL      RARate   DeclRate    HourAng      Az     Um    Phase  Range  Mag
2010-02-13  16:20:00  01 32 17.6  -01 20 29  +000824.3 +000023.6  02 23 09.5  224.096 32.842 123.41  39163 19.2
2010-02-13  16:30:00  01 41 29.1  -01 16 50  +000830.2 +000020.2  02 23 59.6  224.349 32.795 121.17  39027 19.1
2010-02-13  16:40:00  01 50 44.6  -01 13 46  +000836.4 +000016.6  02 24 45.8  224.579 32.746 118.93  38882 19.0
2010-02-13  16:50:00  02 00 04.4  -01 11 19  +000843.1 +000012.9  02 25 27.6  224.783 32.698 116.66  38731 18.8
2010-02-13  17:00:00  02 09 28.8  -01 09 30  +000850.1 +000009.1  02 26 04.9  224.962 32.649 114.39  38572 18.7
2010-02-13  17:10:00  02 18 57.9  -01 08 18  +000857.4 +000005.2  02 26 37.4  225.114 32.600 112.08  38406 18.6
2010-02-13  17:20:00  02 28 32.1  -01 07 47  +000865.2 +000001.1  02 27 04.8  225.237 32.552 109.77  38233 18.5
2010-02-13  17:30:00  02 38 11.6  -01 07 56  +000873.3 -000003.0  02 27 27.0  225.331 32.504 107.43  38053 18.4
2010-02-13  17:40:00  02 47 56.6  -01 08 47  +000881.8 -000007.2  02 27 43.6  225.395 32.458 105.07  37867 18.3
2010-02-13  17:50:00  02 57 47.5  -01 10 21  +000890.7 -000011.6  02 27 54.4  225.426 32.413 102.68  37675 18.2
2010-02-13  18:00:00  03 07 44.4  -01 12 39  +000900.1 -000016.0  02 27 59.1  225.424 32.370 100.28  37478 18.1
2010-02-13  18:10:00  03 17 47.7  -01 15 42  +000909.7 -000020.6  02 27 57.5  225.387 32.329  97.85  37274 18.0
2010-02-13  18:20:00  03 27 57.5  -01 19 31  +000919.8 -000025.3  02 27 49.3  225.315 32.290  95.40  37066 17.9
2010-02-13  18:30:00  03 38 14.1  -01 24 08  +000930.2 -000030.1  02 27 34.3  225.206 32.254  92.92  36852 17.8
2010-02-13  18:40:00  03 48 37.8  -01 29 33  +000941.0 -000035.0  02 27 12.3  225.059 32.220  90.42  36634 17.7
2010-02-13  18:50:00  03 59 08.9  -01 35 48  +000952.2 -000040.0  02 26 42.9  224.873 32.189  87.89  36412 17.6
2010-02-13  19:00:00  04 09 47.5  -01 42 53  +000963.8 -000045.1  02 26 05.9  224.646 32.160  85.34  36187 17.6
2010-02-13  19:10:00  04 20 34.0  -01 50 49  +000975.7 -000050.2  02 25 21.0  224.377 32.135  82.75  35958 17.5
2010-02-13  19:20:00  04 31 28.6  -01 59 38  +000988.0 -000055.5  02 24 28.1  224.066 32.112  80.15  35726 17.4
2010-02-13  19:30:00  04 42 31.4  -02 09 19  +001000.6 -000060.8  02 23 26.9  223.710 32.092  77.51  35492 17.3
2010-02-13  19:40:00  04 53 42.7  -02 19 54  +001013.5 -000066.2  02 22 17.2  223.310 32.075  74.86  35257 17.2
2010-02-13  19:50:00  05 05 02.8  -02 31 22  +001026.7 -000071.6  02 20 58.8  222.864 32.060  72.16  35020 17.2
2010-02-13  20:00:00  05 16 31.8  -02 43 45  +001040.3 -000077.0  02 19 31.5  222.371 32.048  69.46  34783 17.1
2010-02-13  20:10:00  05 28 09.9  -02 57 02  +001054.1 -000082.4  02 17 55.0  221.830 32.037  66.72  34546 17.0
2010-02-13  20:20:00  05 39 57.3  -03 11 13  +001068.2 -000087.8  02 16 09.2  221.241 32.029  63.97  34310 16.9
2010-02-13  20:30:00  05 51 54.2  -03 26 18  +001082.5 -000093.2  02 14 13.9  220.603 32.022  61.18  34075 16.9
2010-02-13  20:40:00  06 04 00.6  -03 42 17  +001096.9 -000098.5  02 12 09.1  219.915 32.015  58.39  33842 16.8
2010-02-13  20:50:00  06 16 16.8  -03 59 07  +001111.5 -000103.6  02 09 54.7  219.177 32.009  55.58  33612 16.8
2010-02-13  21:00:00  06 28 42.7  -04 16 49  +001126.3 -000108.7  02 07 30.4  218.389 32.003  52.77  33385 16.7
2010-02-13  21:10:00  06 41 18.5  -04 35 20  +001141.1 -000113.5  02 04 56.3  217.551 31.996  49.94  33163 16.6
2010-02-13  21:20:00  06 54 04.1  -04 54 39  +001155.9 -000118.2  02 02 12.3  216.663 31.988  47.13  32946 16.6
2010-02-13  21:30:00  07 06 59.7  -05 14 42  +001170.7 -000122.5  01 59 18.3  215.725 31.978  44.33  32735 16.5
2010-02-13  21:40:00  07 20 05.0  -05 35 28  +001185.4 -000126.6  01 56 14.6  214.739 31.965  41.56  32530 16.5
2010-02-13  21:50:00  07 33 20.1  -05 56 53  +001199.9 -000130.3  01 53 01.2  213.704 31.949  38.83  32332 16.4
2010-02-13  22:00:00  07 46 44.8  -06 18 54  +001214.2 -000133.7  01 49 38.1  212.623 31.929  36.17  32143 16.4
2010-02-13  22:10:00  08 00 18.9  -06 41 25  +001228.2 -000136.5  01 46 05.7  211.497 31.904  33.60  31963 16.4
2010-02-13  22:20:00  08 14 02.3  -07 04 23  +001241.8 -000138.9  01 42 23.9  210.327 31.874  31.17  31792 16.3
2010-02-13  22:30:00  08 27 54.6  -07 27 42  +001255.0 -000140.8  01 38 33.3  209.115 31.838  28.91  31632 16.3
2010-02-13  22:40:00  08 41 55.5  -07 51 17  +001267.7 -000142.1  01 34 34.0  207.865 31.795  26.90  31483 16.3
2010-02-13  22:50:00  08 56 04.7  -08 15 02  +001279.7 -000142.8  01 30 26.5  206.578 31.745  25.19  31346 16.2
2010-02-13  23:00:00  09 10 21.6  -08 38 50  +001291.0 -000142.8  01 26 11.2  205.258 31.688  23.87  31222 16.2
2010-02-13  23:10:00  09 24 45.9  -09 02 35  +001301.6 -000142.1  01 21 48.6  203.907 31.623  23.03  31110 16.2
2010-02-13  23:20:00  09 39 16.8  -09 26 11  +001311.2 -000140.8  01 17 19.2  202.530 31.550  22.72  31012 16.2
2010-02-13  23:30:00  09 53 53.9  -09 49 29  +001319.9 -000138.7  01 12 43.8  201.130 31.469  22.98  30928 16.2
2010-02-13  23:40:00  10 08 36.5  -10 12 23  +001327.6 -000136.0  01 08 02.9  199.711 31.381  23.80  30859 16.2
2010-02-13  23:50:00  10 23 23.8  -10 34 46  +001334.1 -000132.5  01 03 17.2  198.277 31.285  25.13  30805 16.2
2010-02-14  00:00:00  10 38 15.1  -10 56 30  +001339.5 -000128.3  00 58 27.6  196.832 31.182  26.90  30765 16.2
2010-02-14  00:10:00  10 53 09.5  -11 17 30  +001343.7 -000123.4  00 53 34.7  195.381 31.072  29.03  30741 16.2
2010-02-14  00:20:00  11 08 06.4  -11 37 37  +001346.6 -000117.9  00 48 39.6  193.927 30.957  31.44  30733 16.2
2010-02-14  00:30:00  11 23 04.7  -11 56 46  +001348.2 -000111.8  00 43 42.9  192.475 30.836  34.09  30739 16.3
2010-02-14  00:40:00  11 38 03.6  -12 14 51  +001348.4 -000105.1  00 38 45.6  191.030 30.712  36.90  30761 16.3
2010-02-14  00:50:00  11 53 02.3  -12 31 47  +001347.3 -000097.9  00 33 48.6  189.595 30.585  39.86  30799 16.3
2010-02-14  01:00:00  12 07 59.7  -12 47 28  +001344.8 -000090.3  00 28 52.9  188.174 30.456  42.90  30851 16.4
2010-02-14  01:10:00  12 22 55.0  -13 01 51  +001341.0 -000082.3  00 23 59.1  186.772 30.327  46.04  30918 16.4
2010-02-14  01:20:00  12 37 47.4  -13 14 53  +001335.9 -000074.0  00 19 08.4  185.391 30.199  49.21  30999 16.5
2010-02-14  01:30:00  12 52 36.0  -13 26 30  +001329.6 -000065.4  00 14 21.5  184.035 30.074  52.44  31094 16.5
2010-02-14  01:40:00  13 07 19.9  -13 36 41  +001322.0 -000056.7  00 09 39.2  182.707 29.952  55.68  31203 16.6
2010-02-14  01:50:00  13 21 58.4  -13 45 25  +001313.3 -000047.9  00 05 02.3  181.411 29.835  58.94  31324 16.7
2010-02-14  02:00:00  13 36 30.7  -13 52 40  +001303.5 -000039.1  00 00 31.7  180.147 29.725  62.20  31457 16.7
2010-02-14  02:10:00  13 50 56.1  -13 58 27  +001292.6 -000030.3  23 56 07.9  178.921 29.622  65.47  31602 16.8
2010-02-14  02:20:00  14 05 14.0  -14 02 47  +001280.9 -000021.6  23 51 51.7  177.731 29.528  68.72  31757 16.9
2010-02-14  02:30:00  14 19 23.8  -14 05 40  +001268.4 -000013.1  23 47 43.5  176.582 29.445  71.97  31923 17.0
2010-02-14  02:40:00  14 33 25.0  -14 07 10  +001255.1 -000004.8  23 43 43.9  175.473 29.372  75.19  32097 17.0
2010-02-14  02:50:00  14 47 17.1  -14 07 17  +001241.2 +000003.3  23 39 53.4  174.407 29.312  78.40  32281 17.1
2010-02-14  03:00:00  15 00 59.8  -14 06 05  +001226.7 +000011.1  23 36 12.4  173.384 29.264  81.57  32472 17.2
2010-02-14  03:10:00  15 14 32.7  -14 03 37  +001211.8 +000018.6  23 32 41.2  172.405 29.230  84.73  32670 17.3
2010-02-14  03:20:00  15 27 55.4  -13 59 55  +001196.5 +000025.7  23 29 20.1  171.471 29.211  87.84  32874 17.4
2010-02-14  03:30:00  15 41 08.0  -13 55 04  +001181.0 +000032.5  23 26 09.2  170.582 29.206  90.93  33084 17.5
2010-02-14  03:40:00  15 54 10.1  -13 49 06  +001165.3 +000038.9  23 23 08.7  169.738 29.215  93.98  33298 17.6
2010-02-14  03:50:00  16 07 01.6  -13 42 07  +001149.4 +000044.9  23 20 18.8  168.940 29.240  97.01  33516 17.7
2010-02-14  04:00:00  16 19 42.7  -13 34 09  +001133.6 +000050.6  23 17 39.4  168.186 29.281  99.99  33737 17.9

   Date        UTC        RA         DECL      RARate   DeclRate    HourAng      Az     Um    Phase  Range  Mag
2010-02-14  16:20:00  04 16 20.4  -01 38 25  +000964.6 -000041.0  23 43 03.2  174.313 41.817  84.56  35605 17.5
2010-02-14  16:30:00  04 27 07.5  -01 45 41  +000976.7 -000046.1  23 42 17.8  174.072 41.683  81.96  35387 17.4
2010-02-14  16:40:00  04 38 02.8  -01 53 49  +000989.1 -000051.4  23 41 24.1  173.787 41.532  79.35  35168 17.3
2010-02-14  16:50:00  04 49 06.4  -02 02 49  +001001.9 -000056.7  23 40 22.1  173.459 41.362  76.70  34948 17.3
2010-02-14  17:00:00  05 00 18.7  -02 12 43  +001015.0 -000062.1  23 39 11.5  173.087 41.174  74.04  34728 17.2
2010-02-14  17:10:00  05 11 39.8  -02 23 31  +001028.4 -000067.5  23 37 52.0  172.670 40.967  71.33  34507 17.1
2010-02-14  17:20:00  05 23 10.0  -02 35 13  +001042.1 -000072.9  23 36 23.5  172.208 40.739  68.62  34288 17.0
2010-02-14  17:30:00  05 34 49.4  -02 47 50  +001056.0 -000078.4  23 34 45.8  171.702 40.490  65.86  34069 17.0
2010-02-14  17:40:00  05 46 38.1  -03 01 20  +001070.2 -000083.8  23 32 58.7  171.150 40.221  63.10  33853 16.9
2010-02-14  17:50:00  05 58 36.3  -03 15 44  +001084.5 -000089.1  23 31 02.1  170.555 39.929  60.30  33639 16.8
2010-02-14  18:00:00  06 10 44.1  -03 31 02  +001099.0 -000094.4  23 28 55.9  169.916 39.614  57.50  33429 16.8
2010-02-14  18:10:00  06 23 01.7  -03 47 12  +001113.7 -000099.5  23 26 40.0  169.233 39.276  54.67  33223 16.7
2010-02-14  18:20:00  06 35 29.0  -04 04 12  +001128.4 -000104.5  23 24 14.3  168.508 38.914  51.84  33022 16.7
2010-02-14  18:30:00  06 48 06.3  -04 22 02  +001143.2 -000109.4  23 21 38.7  167.742 38.528  49.00  32826 16.6
2010-02-14  18:40:00  07 00 53.3  -04 40 38  +001157.9 -000114.0  23 18 53.3  166.937 38.118  46.17  32637 16.5
2010-02-14  18:50:00  07 13 50.1  -04 59 60  +001172.6 -000118.3  23 15 58.1  166.093 37.682  43.35  32455 16.5
2010-02-14  19:00:00  07 26 56.7  -05 20 03  +001187.1 -000122.3  23 12 53.2  165.213 37.221  40.57  32281 16.5
2010-02-14  19:10:00  07 40 12.8  -05 40 45  +001201.4 -000126.0  23 09 38.7  164.299 36.735  37.82  32115 16.4
2010-02-14  19:20:00  07 53 38.4  -06 02 02  +001215.4 -000129.3  23 06 14.8  163.352 36.223  35.15  31959 16.4
2010-02-14  19:30:00  08 07 13.2  -06 23 49  +001229.0 -000132.1  23 02 41.6  162.376 35.687  32.57  31813 16.3
2010-02-14  19:40:00  08 20 57.1  -06 46 02  +001242.3 -000134.4  22 58 59.4  161.373 35.127  30.13  31678 16.3
2010-02-14  19:50:00  08 34 49.6  -07 08 36  +001255.0 -000136.2  22 55 08.6  160.344 34.544  27.88  31555 16.3
2010-02-14  20:00:00  08 48 50.3  -07 31 25  +001267.2 -000137.5  22 51 09.4  159.294 33.937  25.88  31444 16.2
2010-02-14  20:10:00  09 02 59.0  -07 54 24  +001278.6 -000138.1  22 47 02.5  158.225 33.310  24.20  31346 16.2
2010-02-14  20:20:00  09 17 15.0  -08 17 26  +001289.3 -000138.1  22 42 48.1  157.140 32.662  22.93  31261 16.2
2010-02-14  20:30:00  09 31 37.9  -08 40 25  +001299.2 -000137.5  22 38 26.8  156.041 31.995  22.17  31190 16.2
2010-02-14  20:40:00  09 46 07.1  -09 03 13  +001308.2 -000136.2  22 33 59.3  154.932 31.313  21.96  31133 16.2
2010-02-14  20:50:00  10 00 41.9  -09 25 45  +001316.2 -000134.1  22 29 26.0  153.815 30.615  22.34  31091 16.2
2010-02-14  21:00:00  10 15 21.7  -09 47 53  +001323.1 -000131.4  22 24 47.9  152.694 29.905  23.28  31065 16.2
2010-02-14  21:10:00  10 30 05.8  -10 09 31  +001328.9 -000128.0  22 20 05.5  151.571 29.185  24.74  31053 16.2
2010-02-14  21:20:00  10 44 53.3  -10 30 32  +001333.5 -000124.0  22 15 19.6  150.448 28.458  26.61  31057 16.2
2010-02-14  21:30:00  10 59 43.5  -10 50 49  +001336.9 -000119.3  22 10 31.1  149.330 27.725  28.84  31077 16.2
2010-02-14  21:40:00  11 14 35.6  -11 10 16  +001339.0 -000114.0  22 05 40.6  148.217 26.991  31.33  31112 16.3
2010-02-14  21:50:00  11 29 28.6  -11 28 47  +001339.9 -000108.1  22 00 49.2  147.113 26.257  34.04  31162 16.3
2010-02-14  22:00:00  11 44 21.8  -11 46 17  +001339.4 -000101.7  21 55 57.7  146.020 25.527  36.90  31227 16.3
2010-02-14  22:10:00  11 59 14.2  -12 02 40  +001337.7 -000094.9  21 51 06.9  144.940 24.802  39.90  31308 16.4
2010-02-14  22:20:00  12 14 05.1  -12 17 53  +001334.7 -000087.6  21 46 17.6  143.874 24.087  42.97  31403 16.4
2010-02-14  22:30:00  12 28 53.6  -12 31 52  +001330.4 -000080.0  21 41 30.8  142.825 23.384  46.12  31512 16.5
2010-02-14  22:40:00  12 43 38.8  -12 44 33  +001324.9 -000072.2  21 36 47.3  141.795 22.695  49.31  31635 16.5
2010-02-14  22:50:00  12 58 19.9  -12 55 55  +001318.3 -000064.1  21 32 07.8  140.784 22.023  52.54  31771 16.6
2010-02-14  23:00:00  13 12 56.2  -13 05 54  +001310.4 -000055.8  21 27 33.1  139.795 21.370  55.78  31920 16.6
2010-02-14  23:10:00  13 27 26.9  -13 14 31  +001301.5 -000047.5  21 23 04.1  138.828 20.739  59.05  32081 16.7
2010-02-14  23:20:00  13 41 51.4  -13 21 45  +001291.7 -000039.2  21 18 41.3  137.886 20.131  62.30  32253 16.8
2010-02-14  23:30:00  13 56 09.0  -13 27 36  +001280.9 -000030.9  21 14 25.3  136.968 19.548  65.57  32435 16.9
2010-02-14  23:40:00  14 10 19.1  -13 32 04  +001269.3 -000022.7  21 10 16.8  136.075 18.992  68.81  32627 16.9
2010-02-14  23:50:00  14 24 21.2  -13 35 11  +001257.0 -000014.7  21 06 16.3  135.209 18.463  72.05  32828 17.0
2010-02-15  00:00:00  14 38 14.9  -13 36 59  +001244.0 -000006.8  21 02 24.3  134.371 17.964  75.26  33037 17.1
2010-02-15  00:10:00  14 51 59.7  -13 37 29  +001230.4 +000000.8  20 58 41.1  133.559 17.495  78.45  33254 17.2
2010-02-15  00:20:00  15 05 35.3  -13 36 44  +001216.3 +000008.1  20 55 07.2  132.776 17.058  81.61  33477 17.3
2010-02-15  00:30:00  15 19 01.3  -13 34 47  +001201.9 +000015.2  20 51 42.8  132.022 16.652  84.76  33706 17.4
2010-02-15  00:40:00  15 32 17.7  -13 31 41  +001187.1 +000022.0  20 48 28.1  131.296 16.277  87.86  33940 17.5
2010-02-15  00:50:00  15 45 24.1  -13 27 29  +001172.1 +000028.4  20 45 23.3  130.599 15.935  90.95  34178 17.6
2010-02-15  01:00:00  15 58 20.5  -13 22 15  +001157.0 +000034.5  20 42 28.6  129.931 15.626  93.98  34420 17.7
2010-02-15  01:10:00  16 11 06.7  -13 16 01  +001141.7 +000040.2  20 39 44.0  129.292 15.348  97.00  34664 17.8
2010-02-15  01:20:00  16 23 42.8  -13 08 52  +001126.5 +000045.6  20 37 09.6  128.682 15.103  99.97  34910 17.9
2010-02-15  01:30:00  16 36 08.6  -13 00 50  +001111.2 +000050.7  20 34 45.4  128.101 14.890 102.92  35158 18.1
2010-02-15  01:40:00  16 48 24.4  -12 51 60  +001096.1 +000055.3  20 32 31.2  127.549 14.707 105.83  35406 18.2
2010-02-15  01:50:00  17 00 30.1  -12 42 25  +001081.1 +000059.7  20 30 27.1  127.025 14.556 108.71  35654 18.3
2010-02-15  02:00:00  17 12 26.0  -12 32 08  +001066.3 +000063.7  20 28 33.0  126.529 14.434 111.54  35901 18.4
2010-02-15  02:10:00  17 24 12.0  -12 21 12  +001051.8 +000067.3  20 26 48.6  126.062 14.342 114.35  36147 18.6
2010-02-15  02:20:00  17 35 48.4  -12 09 42  +001037.5 +000070.7  20 25 13.8  125.622 14.278 117.12  36391 18.7
2010-02-15  02:30:00  17 47 15.4  -11 57 40  +001023.5 +000073.7  20 23 48.4  125.209 14.243 119.86  36633 18.9
2010-02-15  02:40:00  17 58 33.2  -11 45 08  +001009.8 +000076.5  20 22 32.3  124.824 14.234 122.55  36871 19.0
2010-02-15  02:50:00  18 09 42.0  -11 32 11  +000996.5 +000079.0  20 21 25.2  124.464 14.251 125.23  37107 19.2
2010-02-15  03:00:00  18 20 42.0  -11 18 50  +000983.6 +000081.2  20 20 26.8  124.130 14.294 127.86  37338 19.4
2010-02-15  03:10:00  18 31 33.5  -11 05 09  +000971.0 +000083.1  20 19 36.9  123.822 14.360 130.47  37565 19.5
2010-02-15  03:20:00  18 42 16.8  -10 51 09  +000958.8 +000084.8  20 18 55.3  123.539 14.450 133.04  37788 19.7
2010-02-15  03:30:00  18 52 52.1  -10 36 53  +000947.1 +000086.3  20 18 21.6  123.280 14.562 135.59  38005 19.9
2010-02-15  03:40:00  19 03 19.7  -10 22 24  +000935.7 +000087.5  20 17 55.7  123.044 14.695 138.09  38217 20.1
2010-02-15  03:50:00  19 13 39.8  -10 07 43  +000924.8 +000088.6  20 17 37.2  122.832 14.848 140.58  38423 20.3
2010-02-15  04:00:00  19 23 52.8  -09 52 53  +000914.3 +000089.4  20 17 25.8  122.642 15.021 143.02  38623 20.5

   Date        UTC        RA         DECL      RARate   DeclRate    HourAng      Az     Um    Phase  Range  Mag
2010-02-15  16:20:00  07 30 47.7  -04 48 12  +001170.2 -000111.4  20 32 32.5  122.709 21.330  40.12  33878 16.5
2010-02-15  16:30:00  07 43 52.2  -05 07 04  +001183.4 -000114.9  20 29 29.6  122.245 20.632  37.37  33737 16.5
2010-02-15  16:40:00  07 57 05.5  -05 26 30  +001196.3 -000118.1  20 26 18.0  121.762 19.903  34.69  33605 16.5
2010-02-15  16:50:00  08 10 27.2  -05 46 24  +001208.8 -000120.8  20 22 57.9  121.260 19.145  32.08  33483 16.4
2010-02-15  17:00:00  08 23 57.2  -06 06 44  +001220.9 -000123.1  20 19 29.6  120.739 18.359  29.61  33373 16.4
2010-02-15  17:10:00  08 37 35.0  -06 27 25  +001232.5 -000124.9  20 15 53.4  120.202 17.547  27.30  33275 16.4
2010-02-15  17:20:00  08 51 20.3  -06 48 22  +001243.5 -000126.3  20 12 09.7  119.648 16.712  25.23  33189 16.4
2010-02-15  17:30:00  09 05 12.9  -07 09 29  +001253.9 -000127.1  20 08 18.8  119.078 15.853  23.47  33116 16.3
2010-02-15  17:40:00  09 19 12.1  -07 30 41  +001263.6 -000127.3  20 04 21.3  118.494 14.975  22.09  33056 16.3
2010-02-15  17:50:00  09 33 17.5  -07 51 52  +001272.6 -000126.9  20 00 17.4  117.896 14.078  21.20  33011 16.3
2010-02-15  18:00:00  09 47 28.7  -08 12 57  +001280.6 -000126.0  19 56 08.0  117.286 13.166  20.87  32979 16.3
2010-02-15  18:10:00  10 01 44.9  -08 33 50  +001287.8 -000124.4  19 51 53.4  116.665 12.242  21.13  32962 16.3
2010-02-15  18:20:00  10 16 05.5  -08 54 24  +001294.0 -000122.2  19 47 34.4  116.033 11.307  21.96  32960 16.3
2010-02-15  18:30:00  10 30 30.0  -09 14 33  +001299.3 -000119.4  19 43 11.5  115.393 10.366  23.33  32972 16.3
