ЭФЕМЕРИДЫ ПО ОБЪЕКТУ:  90140
Для пункта:  10016 Маяки   46 23'50.68"   30 16'17.74"    14m
C   2010-02-01 12:00
по  2010-02-16 12:00
Шаг  0:10:00
Мин.угол места:          10 град
Макс.угол места Солнца: -10 град
Стандартный блеск :      9.3 (зв.вел.)

ОБОЗНАЧЕНИЯ
RA        прямое восхождение, тек.эпоха
DECL      склонение, тек.эпоха
RARate    скорость по пр.восх., арксек/мин
DeclRate  скорость по склонению, арксек/мин
HourAng   часовой угол
Az        азимут
Um        угол места
Phase     фазовый угол
Range     дальность
Mag       зв.величина (оценка)

   Date        UTC        RA         DECL      RARate   DeclRate    HourAng      Az     Um    Phase  Range  Mag
2010-02-07  20:40:00  02 33 25.8  +04 17 58  +000969.8 +000138.1  05 19 04.7  265.540 10.162 101.40  38946 17.6
2010-02-07  20:50:00  02 44 11.8  +04 40 14  +000968.1 +000129.1  05 18 20.3  265.664 10.558  98.72  38988 17.5
2010-02-07  21:00:00  02 54 56.6  +05 00 59  +000966.4 +000119.8  05 17 37.1  265.775 10.932  96.06  39034 17.4
2010-02-07  21:10:00  03 05 40.2  +05 20 11  +000964.5 +000110.4  05 16 55.2  265.872 11.283  93.41  39082 17.4
2010-02-07  21:20:00  03 16 22.6  +05 37 47  +000962.6 +000100.8  05 16 14.4  265.954 11.612  90.77  39132 17.3
2010-02-07  21:30:00  03 27 03.6  +05 53 46  +000960.5 +000091.0  05 15 35.1  266.022 11.917  88.14  39184 17.2
2010-02-07  21:40:00  03 37 43.2  +06 08 06  +000958.3 +000081.1  05 14 57.1  266.075 12.199  85.53  39238 17.1
2010-02-07  21:50:00  03 48 21.3  +06 20 48  +000956.0 +000071.2  05 14 20.6  266.113 12.456  82.92  39294 17.1
2010-02-07  22:00:00  03 58 57.9  +06 31 49  +000953.6 +000061.1  05 13 45.7  266.137 12.689  80.33  39351 17.0
2010-02-07  22:10:00  04 09 32.8  +06 41 10  +000951.0 +000051.0  05 13 12.5  266.146 12.896  77.75  39410 16.9
2010-02-07  22:20:00  04 20 05.9  +06 48 50  +000948.4 +000041.0  05 12 41.0  266.140 13.079  75.19  39471 16.9
2010-02-07  22:30:00  04 30 37.2  +06 54 49  +000945.5 +000030.9  05 12 11.3  266.120 13.236  72.63  39533 16.8
2010-02-07  22:40:00  04 41 06.6  +06 59 08  +000942.6 +000020.8  05 11 43.6  266.086 13.367  70.10  39596 16.8
2010-02-07  22:50:00  04 51 34.0  +07 01 46  +000939.6 +000010.8  05 11 17.8  266.039 13.473  67.56  39660 16.7
2010-02-07  23:00:00  05 01 59.3  +07 02 45  +000936.4 +000000.9  05 10 54.1  265.978 13.552  65.06  39725 16.7
2010-02-07  23:10:00  05 12 22.5  +07 02 05  +000933.1 -000008.9  05 10 32.6  265.904 13.606  62.55  39791 16.6
2010-02-07  23:20:00  05 22 43.5  +06 59 47  +000929.8 -000018.6  05 10 13.3  265.817 13.634  60.08  39857 16.6
2010-02-07  23:30:00  05 33 02.2  +06 55 54  +000926.3 -000028.2  05 09 56.2  265.719 13.636  57.60  39924 16.6
2010-02-07  23:40:00  05 43 18.5  +06 50 25  +000922.8 -000037.6  05 09 41.5  265.608 13.612  55.16  39991 16.5
2010-02-07  23:50:00  05 53 32.5  +06 43 23  +000919.2 -000046.8  05 09 29.2  265.487 13.563  52.72  40058 16.5
2010-02-08  00:00:00  06 03 44.1  +06 34 50  +000915.5 -000055.9  05 09 19.2  265.355 13.489  50.31  40125 16.5
2010-02-08  00:10:00  06 13 53.2  +06 24 47  +000911.8 -000064.7  05 09 11.8  265.213 13.389  47.91  40193 16.4
2010-02-08  00:20:00  06 23 59.9  +06 13 16  +000908.1 -000073.4  05 09 06.8  265.061 13.265  45.54  40260 16.4
2010-02-08  00:30:00  06 34 04.0  +06 00 20  +000904.4 -000081.8  05 09 04.2  264.900 13.116  43.19  40326 16.4
2010-02-08  00:40:00  06 44 05.7  +05 46 01  +000900.7 -000090.0  05 09 04.2  264.731 12.944  40.87  40393 16.3
2010-02-08  00:50:00  06 54 04.9  +05 30 21  +000897.0 -000097.9  05 09 06.6  264.554 12.748  38.57  40459 16.3
2010-02-08  01:00:00  07 04 01.7  +05 13 23  +000893.3 -000105.6  05 09 11.5  264.369 12.529  36.31  40524 16.3
2010-02-08  01:10:00  07 13 56.0  +04 55 09  +000889.7 -000113.1  05 09 18.8  264.177 12.288  34.08  40588 16.3
2010-02-08  01:20:00  07 23 48.0  +04 35 43  +000886.2 -000120.2  05 09 28.5  263.979 12.025  31.90  40652 16.3
2010-02-08  01:30:00  07 33 37.6  +04 15 05  +000882.7 -000127.1  05 09 40.5  263.774 11.741  29.77  40714 16.2
2010-02-08  01:40:00  07 43 25.0  +03 53 21  +000879.4 -000133.7  05 09 54.8  263.564 11.437  27.71  40775 16.2
2010-02-08  01:50:00  07 53 10.2  +03 30 31  +000876.2 -000140.1  05 10 11.2  263.349 11.114  25.71  40835 16.2
2010-02-08  02:00:00  08 02 53.2  +03 06 40  +000873.1 -000146.1  05 10 29.8  263.128 10.771  23.81  40894 16.2
2010-02-08  02:10:00  08 12 34.3  +02 41 50  +000870.1 -000151.9  05 10 50.4  262.903 10.411  22.02  40951 16.2
2010-02-08  02:20:00  08 22 13.4  +02 16 03  +000867.3 -000157.3  05 11 12.9  262.673 10.034  20.37  41007 16.2

   Date        UTC        RA         DECL      RARate   DeclRate    HourAng      Az     Um    Phase  Range  Mag
2010-02-08  16:10:00  23 00 49.4  -06 56 01  +001006.0 +000243.5  04 24 53.3  247.672 10.872 156.08  37490 21.2
2010-02-08  16:20:00  23 11 59.3  -06 15 26  +001003.8 +000243.4  04 23 45.0  247.895 11.572 153.26  37462 20.9
2010-02-08  16:30:00  23 23 07.7  -05 34 55  +001001.6 +000242.7  04 22 38.2  248.122 12.267 150.43  37438 20.5
2010-02-08  16:40:00  23 34 14.7  -04 54 33  +000999.5 +000241.4  04 21 32.9  248.352 12.956 147.62  37419 20.3
2010-02-08  16:50:00  23 45 20.3  -04 14 29  +000997.4 +000239.5  04 20 28.9  248.585 13.638 144.79  37404 20.0
2010-02-08  17:00:00  23 56 24.6  -03 34 46  +000995.5 +000236.9  04 19 26.3  248.819 14.312 141.98  37393 19.7
2010-02-08  17:10:00  00 07 27.7  -02 55 32  +000993.6 +000233.8  04 18 24.9  249.053 14.977 139.16  37386 19.5
2010-02-08  17:20:00  00 18 29.5  -02 16 52  +000991.9 +000230.1  04 17 24.7  249.285 15.631 136.37  37384 19.3
2010-02-08  17:30:00  00 29 30.1  -01 38 52  +000990.1 +000225.9  04 16 25.7  249.516 16.273 133.56  37386 19.1
2010-02-08  17:40:00  00 40 29.7  -01 01 37  +000988.5 +000221.1  04 15 27.8  249.743 16.903 130.77  37392 18.9
2010-02-08  17:50:00  00 51 28.2  -00 25 13  +000986.9 +000215.7  04 14 30.9  249.965 17.519 127.98  37401 18.8
2010-02-08  18:00:00  01 02 25.6  +00 10 16  +000985.4 +000209.9  04 13 35.1  250.182 18.119 125.21  37415 18.6
2010-02-08  18:10:00  01 13 22.0  +00 44 44  +000983.9 +000203.6  04 12 40.4  250.392 18.705 122.43  37432 18.5
2010-02-08  18:20:00  01 24 17.4  +01 18 08  +000982.4 +000196.9  04 11 46.6  250.595 19.273 119.68  37454 18.3
2010-02-08  18:30:00  01 35 11.9  +01 50 21  +000980.9 +000189.7  04 10 53.8  250.789 19.824 116.92  37478 18.2
2010-02-08  18:40:00  01 46 05.3  +02 21 21  +000979.4 +000182.1  04 10 02.0  250.973 20.356 114.18  37506 18.1
2010-02-08  18:50:00  01 56 57.8  +02 51 03  +000977.9 +000174.2  04 09 11.2  251.148 20.869 111.44  37538 17.9
2010-02-08  19:00:00  02 07 49.3  +03 19 23  +000976.4 +000165.9  04 08 21.3  251.311 21.362 108.73  37572 17.8
2010-02-08  19:10:00  02 18 39.7  +03 46 19  +000974.8 +000157.2  04 07 32.6  251.462 21.834 106.01  37610 17.7
2010-02-08  19:20:00  02 29 29.0  +04 11 47  +000973.2 +000148.3  04 06 44.8  251.600 22.285 103.31  37650 17.6
2010-02-08  19:30:00  02 40 17.3  +04 35 44  +000971.5 +000139.1  04 05 58.2  251.726 22.713 100.61  37694 17.5
2010-02-08  19:40:00  02 51 04.4  +04 58 07  +000969.7 +000129.6  04 05 12.8  251.838 23.118  97.94  37740 17.4
2010-02-08  19:50:00  03 01 50.2  +05 18 55  +000967.9 +000119.9  04 04 28.6  251.936 23.500  95.27  37788 17.4
2010-02-08  20:00:00  03 12 34.8  +05 38 05  +000965.9 +000110.1  04 03 45.6  252.020 23.857  92.62  37839 17.3
2010-02-08  20:10:00  03 23 18.0  +05 55 36  +000963.8 +000100.0  04 03 04.0  252.088 24.191  89.97  37891 17.2
2010-02-08  20:20:00  03 33 59.8  +06 11 25  +000961.6 +000089.9  04 02 23.9  252.142 24.499  87.34  37946 17.1
2010-02-08  20:30:00  03 44 40.1  +06 25 33  +000959.3 +000079.6  04 01 45.2  252.181 24.781  84.72  38003 17.0
2010-02-08  20:40:00  03 55 18.8  +06 37 57  +000956.8 +000069.3  04 01 08.2  252.205 25.038  82.12  38061 17.0
2010-02-08  20:50:00  04 05 55.8  +06 48 38  +000954.2 +000058.9  04 00 32.8  252.213 25.268  79.52  38121 16.9
2010-02-08  21:00:00  04 16 31.1  +06 57 34  +000951.5 +000048.4  03 59 59.2  252.207 25.471  76.94  38182 16.9
2010-02-08  21:10:00  04 27 04.5  +07 04 47  +000948.6 +000038.0  03 59 27.5  252.186 25.648  74.37  38245 16.8
2010-02-08  21:20:00  04 37 35.9  +07 10 15  +000945.7 +000027.6  03 58 57.7  252.150 25.798  71.82  38309 16.7
2010-02-08  21:30:00  04 48 05.3  +07 13 59  +000942.5 +000017.2  03 58 29.9  252.101 25.921  69.27  38373 16.7
2010-02-08  21:40:00  04 58 32.6  +07 15 60  +000939.3 +000007.0  03 58 04.3  252.037 26.016  66.75  38439 16.6
2010-02-08  21:50:00  05 08 57.7  +07 16 18  +000936.0 -000003.2  03 57 40.8  251.960 26.084  64.23  38505 16.6
2010-02-08  22:00:00  05 19 20.5  +07 14 56  +000932.5 -000013.3  03 57 19.6  251.870 26.125  61.74  38571 16.6
2010-02-08  22:10:00  05 29 41.0  +07 11 53  +000929.0 -000023.3  03 57 00.8  251.767 26.138  59.26  38639 16.5
2010-02-08  22:20:00  05 39 59.2  +07 07 11  +000925.3 -000033.1  03 56 44.3  251.652 26.124  56.80  38706 16.5
2010-02-08  22:30:00  05 50 14.8  +07 00 52  +000921.7 -000042.7  03 56 30.2  251.527 26.083  54.34  38773 16.4
2010-02-08  22:40:00  06 00 28.0  +06 52 57  +000917.9 -000052.2  03 56 18.7  251.390 26.016  51.92  38841 16.4
2010-02-08  22:50:00  06 10 38.7  +06 43 29  +000914.1 -000061.4  03 56 09.7  251.243 25.921  49.50  38908 16.4
2010-02-08  23:00:00  06 20 46.8  +06 32 29  +000910.2 -000070.5  03 56 03.2  251.087 25.801  47.11  38976 16.3
2010-02-08  23:10:00  06 30 52.3  +06 20 00  +000906.4 -000079.3  03 55 59.3  250.922 25.654  44.74  39042 16.3
2010-02-08  23:20:00  06 40 55.3  +06 06 04  +000902.5 -000087.9  03 55 58.0  250.749 25.483  42.40  39109 16.3
2010-02-08  23:30:00  06 50 55.7  +05 50 43  +000898.7 -000096.2  03 55 59.2  250.568 25.286  40.07  39174 16.3
2010-02-08  23:40:00  07 00 53.6  +05 34 01  +000894.9 -000104.3  03 56 03.0  250.380 25.065  37.78  39240 16.2
2010-02-08  23:50:00  07 10 48.9  +05 15 58  +000891.1 -000112.1  03 56 09.3  250.185 24.820  35.52  39304 16.2
2010-02-09  00:00:00  07 20 41.8  +04 56 39  +000887.4 -000119.7  03 56 18.1  249.985 24.551  33.31  39367 16.2
2010-02-09  00:10:00  07 30 32.2  +04 36 06  +000883.8 -000126.9  03 56 29.3  249.779 24.261  31.13  39429 16.2
2010-02-09  00:20:00  07 40 20.2  +04 14 21  +000880.3 -000133.9  03 56 42.9  249.569 23.948  29.01  39490 16.2
2010-02-09  00:30:00  07 50 06.0  +03 51 28  +000876.9 -000140.6  03 56 58.8  249.354 23.615  26.95  39550 16.2
2010-02-09  00:40:00  07 59 49.5  +03 27 29  +000873.6 -000147.0  03 57 17.0  249.136 23.261  24.98  39609 16.1
2010-02-09  00:50:00  08 09 30.8  +03 02 28  +000870.5 -000153.1  03 57 37.2  248.913 22.888  23.09  39666 16.1
2010-02-09  01:00:00  08 19 10.2  +02 36 28  +000867.5 -000159.0  03 57 59.5  248.688 22.497  21.34  39721 16.1
2010-02-09  01:10:00  08 28 47.6  +02 09 30  +000864.7 -000164.5  03 58 23.8  248.459 22.088  19.72  39775 16.1
2010-02-09  01:20:00  08 38 23.2  +01 41 39  +000862.1 -000169.7  03 58 49.8  248.228 21.662  18.31  39827 16.1
2010-02-09  01:30:00  08 47 57.1  +01 12 58  +000859.7 -000174.6  03 59 17.5  247.995 21.221  17.12  39878 16.1
2010-02-09  01:40:00  08 57 29.5  +00 43 29     <<SHADOW>>        03 59 46.8  247.759 20.765  16.21  39926 ----
2010-02-09  01:50:00  09 07 00.5  +00 13 16     <<SHADOW>>        04 00 17.5  247.521 20.295  15.64  39972 ----
2010-02-09  02:00:00  09 16 30.2  -00 17 38  +000853.7 -000187.4  04 00 49.4  247.281 19.814  15.43  40016 16.1
2010-02-09  02:10:00  09 25 58.8  -00 49 10  +000852.2 -000191.0  04 01 22.4  247.039 19.320  15.61  40058 16.1
2010-02-09  02:20:00  09 35 26.5  -01 21 17  +000850.9 -000194.4  04 01 56.4  246.795 18.817  16.14  40098 16.1
2010-02-09  02:30:00  09 44 53.5  -01 53 57  +000849.9 -000197.4  04 02 31.1  246.550 18.304  17.02  40135 16.1
2010-02-09  02:40:00  09 54 19.8  -02 27 05  +000849.2 -000200.1  04 03 06.3  246.302 17.784  18.17  40170 16.1
2010-02-09  02:50:00  10 03 45.8  -03 00 38  +000848.7 -000202.5  04 03 42.0  246.052 17.256  19.56  40202 16.1
2010-02-09  03:00:00  10 13 11.5  -03 34 34  +000848.5 -000204.6  04 04 17.9  245.800 16.723  21.13  40231 16.1
2010-02-09  03:10:00  10 22 37.2  -04 08 49  +000848.6 -000206.4  04 04 53.9  245.547 16.185  22.86  40258 16.2
2010-02-09  03:20:00  10 32 03.1  -04 43 21  +000849.0 -000207.8  04 05 29.7  245.290 15.645  24.69  40282 16.2
2010-02-09  03:30:00  10 41 29.3  -05 18 05  +000849.7 -000209.0  04 06 05.1  245.032 15.102  26.63  40303 16.2
2010-02-09  03:40:00  10 50 56.1  -05 52 59  +000850.7 -000209.8  04 06 39.9  244.770 14.558  28.63  40321 16.2
2010-02-09  03:50:00  11 00 23.7  -06 27 60  +000852.0 -000210.3  04 07 14.0  244.507 14.015  30.71  40336 16.2
2010-02-09  04:00:00  11 09 52.2  -07 03 04  +000853.6 -000210.5  04 07 47.1  244.240 13.474  32.82  40348 16.3
2010-02-09  04:10:00  11 19 21.9  -07 38 08  +000855.5 -000210.3  04 08 19.1  243.970 12.935  34.99  40357 16.3

   Date        UTC        RA         DECL      RARate   DeclRate    HourAng      Az     Um    Phase  Range  Mag
2010-02-09  16:20:00  00 38 34.4  -01 26 57  +000992.2 +000230.9  03 01 06.5  233.435 27.828 132.31  36288 19.0
2010-02-09  16:30:00  00 49 35.3  -00 48 54  +000990.5 +000225.7  03 00 07.2  233.601 28.493 129.50  36298 18.8
2010-02-09  16:40:00  01 00 35.1  -00 11 45  +000988.9 +000220.0  02 59 09.1  233.764 29.142 126.71  36313 18.6
2010-02-09  16:50:00  01 11 33.8  +00 24 25  +000987.3 +000213.8  02 58 12.0  233.922 29.775 123.91  36331 18.5
2010-02-09  17:00:00  01 22 31.5  +00 59 29  +000985.8 +000207.1  02 57 16.0  234.075 30.391 121.14  36353 18.3
2010-02-09  17:10:00  01 33 28.2  +01 33 24  +000984.2 +000199.9  02 56 20.9  234.222 30.988 118.36  36379 18.2
2010-02-09  17:20:00  01 44 23.8  +02 06 06  +000982.7 +000192.3  02 55 26.9  234.361 31.565 115.61  36408 18.1
2010-02-09  17:30:00  01 55 18.4  +02 37 29  +000981.2 +000184.3  02 54 33.9  234.492 32.122 112.85  36441 17.9
2010-02-09  17:40:00  02 06 12.0  +03 07 30  +000979.6 +000175.9  02 53 42.0  234.613 32.657 110.11  36477 17.8
2010-02-09  17:50:00  02 17 04.5  +03 36 06  +000978.0 +000167.2  02 52 51.1  234.725 33.170 107.38  36516 17.7
2010-02-09  18:00:00  02 27 56.0  +04 03 13  +000976.3 +000158.1  02 52 01.3  234.826 33.660 104.66  36558 17.6
2010-02-09  18:10:00  02 38 46.3  +04 28 47  +000974.6 +000148.8  02 51 12.7  234.916 34.126 101.95  36603 17.5
2010-02-09  18:20:00  02 49 35.4  +04 52 47  +000972.8 +000139.1  02 50 25.2  234.993 34.567  99.26  36651 17.4
2010-02-09  18:30:00  03 00 23.3  +05 15 09  +000970.9 +000129.3  02 49 38.9  235.058 34.983  96.57  36701 17.3
2010-02-09  18:40:00  03 11 09.9  +05 35 52  +000968.8 +000119.2  02 48 54.0  235.110 35.373  93.90  36753 17.2
2010-02-09  18:50:00  03 21 55.1  +05 54 53  +000966.7 +000109.0  02 48 10.4  235.149 35.736  91.24  36808 17.2
2010-02-09  19:00:00  03 32 38.8  +06 12 11  +000964.5 +000098.6  02 47 28.4  235.175 36.073  88.60  36865 17.1
2010-02-09  19:10:00  03 43 21.0  +06 27 44  +000962.1 +000088.0  02 46 47.8  235.187 36.381  85.96  36923 17.0
2010-02-09  19:20:00  03 54 01.6  +06 41 31  +000959.6 +000077.4  02 46 08.8  235.185 36.662  83.34  36983 17.0
2010-02-09  19:30:00  04 04 40.5  +06 53 32  +000957.0 +000066.8  02 45 31.6  235.170 36.914  80.73  37045 16.9
2010-02-09  19:40:00  04 15 17.6  +07 03 46  +000954.2 +000056.0  02 44 56.2  235.141 37.138  78.14  37108 16.8
2010-02-09  19:50:00  04 25 52.8  +07 12 13  +000951.3 +000045.3  02 44 22.6  235.098 37.333  75.55  37172 16.8
2010-02-09  20:00:00  04 36 26.0  +07 18 53  +000948.3 +000034.6  02 43 51.0  235.043 37.498  72.99  37237 16.7
2010-02-09  20:10:00  04 46 57.1  +07 23 46  +000945.1 +000023.9  02 43 21.5  234.975 37.635  70.43  37304 16.7
2010-02-09  20:20:00  04 57 26.1  +07 26 52  +000941.8 +000013.3  02 42 54.2  234.895 37.742  67.90  37370 16.6
2010-02-09  20:30:00  05 07 52.8  +07 28 12  +000938.4 +000002.8  02 42 29.1  234.803 37.819  65.37  37438 16.6
2010-02-09  20:40:00  05 18 17.3  +07 27 48  +000934.9 -000007.6  02 42 06.3  234.700 37.867  62.86  37506 16.5
2010-02-09  20:50:00  05 28 39.3  +07 25 40  +000931.3 -000017.9  02 41 45.9  234.587 37.885  60.36  37574 16.5
2010-02-09  21:00:00  05 38 58.9  +07 21 50  +000927.5 -000028.1  02 41 27.9  234.463 37.875  57.89  37642 16.4
2010-02-09  21:10:00  05 49 16.0  +07 16 19  +000923.7 -000038.1  02 41 12.5  234.331 37.835  55.42  37711 16.4
2010-02-09  21:20:00  05 59 30.6  +07 09 09  +000919.9 -000047.9  02 40 59.6  234.190 37.767  52.98  37779 16.4
2010-02-09  21:30:00  06 09 42.5  +07 00 22  +000916.0 -000057.5  02 40 49.3  234.041 37.670  50.55  37847 16.3
2010-02-09  21:40:00  06 19 51.8  +06 49 59  +000912.0 -000066.9  02 40 41.6  233.885 37.544  48.15  37914 16.3
2010-02-09  21:50:00  06 29 58.6  +06 38 04  +000908.0 -000076.1  02 40 36.5  233.723 37.392  45.75  37982 16.3
2010-02-09  22:00:00  06 40 02.6  +06 24 38  +000904.1 -000085.0  02 40 34.1  233.555 37.211  43.39  38048 16.2
2010-02-09  22:10:00  06 50 04.0  +06 09 44  +000900.1 -000093.7  02 40 34.4  233.383 37.005  41.05  38114 16.2
2010-02-09  22:20:00  07 00 02.7  +05 53 24  +000896.2 -000102.2  02 40 37.3  233.206 36.772  38.74  38179 16.2
2010-02-09  22:30:00  07 09 58.9  +05 35 41  +000892.3 -000110.4  02 40 42.8  233.026 36.513  36.45  38243 16.2
2010-02-09  22:40:00  07 19 52.4  +05 16 38  +000888.4 -000118.3  02 40 50.8  232.842 36.230  34.21  38306 16.2
2010-02-09  22:50:00  07 29 43.5  +04 56 17  +000884.7 -000125.9  02 41 01.4  232.656 35.923  32.00  38368 16.1
2010-02-09  23:00:00  07 39 32.1  +04 34 41  +000881.0 -000133.2  02 41 14.5  232.469 35.592  29.84  38429 16.1
2010-02-09  23:10:00  07 49 18.2  +04 11 53  +000877.5 -000140.3  02 41 30.0  232.279 35.239  27.74  38488 16.1
2010-02-09  23:20:00  07 59 02.1  +03 47 57  +000874.1 -000147.0  02 41 47.8  232.089 34.865  25.71  38546 16.1
2010-02-09  23:30:00  08 08 43.7  +03 22 54  +000870.8 -000153.5  02 42 07.8  231.897 34.469  23.76  38603 16.1
2010-02-09  23:40:00  08 18 23.1  +02 56 48  +000867.7 -000159.6  02 42 30.0  231.705 34.054  21.92  38658 16.1
2010-02-09  23:50:00  08 28 00.6  +02 29 43  +000864.7 -000165.4  02 42 54.2  231.513 33.620  20.21  38711 16.1
2010-02-10  00:00:00  08 37 36.1  +02 01 40  +000861.9 -000171.0  02 43 20.3  231.321 33.168  18.68  38763 16.1
2010-02-10  00:10:00  08 47 09.9  +01 32 44  +000859.4 -000176.2  02 43 48.2  231.128 32.699  17.35  38812 16.0
2010-02-10  00:20:00  08 56 42.0  +01 02 58  +000857.0 -000181.1  02 44 17.7  230.936 32.214  16.28  38860 16.0
2010-02-10  00:30:00  09 06 12.6  +00 32 23     <<SHADOW>>        02 44 48.7  230.743 31.714  15.53  38906 ----
2010-02-10  00:40:00  09 15 41.9  +00 01 05     <<SHADOW>>        02 45 21.1  230.551 31.201  15.13  38949 ----
2010-02-10  00:50:00  09 25 10.0  -00 30 54  +000851.3 -000193.9  02 45 54.6  230.358 30.675  15.12  38991 16.0
2010-02-10  01:00:00  09 34 37.1  -01 03 32  +000849.9 -000197.5  02 46 29.2  230.166 30.138  15.50  39030 16.1
2010-02-10  01:10:00  09 44 03.3  -01 36 44  +000848.8 -000200.8  02 47 04.6  229.972 29.590  16.23  39067 16.1
2010-02-10  01:20:00  09 53 28.8  -02 10 27  +000847.9 -000203.8  02 47 40.7  229.779 29.033  17.27  39102 16.1
2010-02-10  01:30:00  10 02 53.9  -02 44 39  +000847.3 -000206.5  02 48 17.3  229.584 28.468  18.58  39134 16.1
2010-02-10  01:40:00  10 12 18.7  -03 19 16  +000847.0 -000208.9  02 48 54.2  229.389 27.897  20.09  39164 16.1
2010-02-10  01:50:00  10 21 43.3  -03 54 15  +000847.0 -000210.9  02 49 31.2  229.192 27.320  21.77  39191 16.1
2010-02-10  02:00:00  10 31 08.1  -04 29 33  +000847.3 -000212.6  02 50 08.0  228.993 26.738  23.57  39215 16.1
2010-02-10  02:10:00  10 40 33.1  -05 05 06  +000847.9 -000214.0  02 50 44.6  228.793 26.153  25.48  39237 16.1
2010-02-10  02:20:00  10 49 58.7  -05 40 51  +000848.8 -000215.0  02 51 20.7  228.591 25.566  27.47  39256 16.1
2010-02-10  02:30:00  10 59 24.9  -06 16 45  +000850.0 -000215.7  02 51 56.2  228.386 24.979  29.53  39272 16.2
2010-02-10  02:40:00  11 08 52.1  -06 52 44  +000851.5 -000216.1  02 52 30.7  228.178 24.392  31.63  39286 16.2
2010-02-10  02:50:00  11 18 20.3  -07 28 46  +000853.3 -000216.2  02 53 04.0  227.967 23.807  33.79  39296 16.2
2010-02-10  03:00:00  11 27 49.9  -08 04 46  +000855.5 -000215.9  02 53 36.1  227.753 23.224  35.98  39303 16.2
2010-02-10  03:10:00  11 37 21.0  -08 40 42  +000857.9 -000215.2  02 54 06.6  227.535 22.646  38.21  39308 16.3
2010-02-10  03:20:00  11 46 53.9  -09 16 30  +000860.7 -000214.3  02 54 35.4  227.314 22.073  40.45  39309 16.3
2010-02-10  03:30:00  11 56 28.7  -09 52 07  +000863.8 -000213.0  02 55 02.2  227.087 21.508  42.73  39307 16.3
2010-02-10  03:40:00  12 06 05.6  -10 27 28  +000867.2 -000211.3  02 55 26.9  226.857 20.949  45.01  39302 16.3
2010-02-10  03:50:00  12 15 44.9  -11 02 31  +000870.8 -000209.3  02 55 49.3  226.622 20.401  47.33  39294 16.4
2010-02-10  04:00:00  12 25 26.8  -11 37 12  +000874.8 -000206.9  02 56 09.0  226.382 19.862  49.65  39283 16.4
2010-02-10  04:10:00  12 35 11.4  -12 11 28  +000879.1 -000204.2  02 56 26.1  226.136 19.336  52.00  39268 16.4

   Date        UTC        RA         DECL      RARate   DeclRate    HourAng      Az     Um    Phase  Range  Mag
2010-02-10  16:20:00  02 06 36.8  +02 52 48  +000982.1 +000184.8  01 37 00.6  213.291 41.634 111.03  35701 17.8
2010-02-10  16:30:00  02 17 31.0  +03 22 52  +000980.5 +000176.0  01 36 08.1  213.274 42.181 108.27  35742 17.7
2010-02-10  16:40:00  02 28 24.1  +03 51 26  +000978.8 +000166.9  01 35 16.6  213.251 42.703 105.55  35787 17.6
2010-02-10  16:50:00  02 39 16.0  +04 18 29  +000977.0 +000157.5  01 34 26.4  213.220 43.199 102.82  35835 17.5
2010-02-10  17:00:00  02 50 06.7  +04 43 55  +000975.1 +000147.8  01 33 37.3  213.181 43.669 100.11  35885 17.4
2010-02-10  17:10:00  03 00 56.1  +05 07 44  +000973.2 +000137.8  01 32 49.5  213.135 44.111  97.41  35938 17.3
2010-02-10  17:20:00  03 11 44.3  +05 29 51  +000971.2 +000127.6  01 32 03.0  213.080 44.525  94.73  35993 17.2
2010-02-10  17:30:00  03 22 31.0  +05 50 16  +000969.0 +000117.3  01 31 17.9  213.018 44.911  92.05  36051 17.1
2010-02-10  17:40:00  03 33 16.3  +06 08 56  +000966.7 +000106.7  01 30 34.3  212.947 45.267  89.39  36110 17.1
2010-02-10  17:50:00  03 43 60.0  +06 25 50  +000964.3 +000096.0  01 29 52.2  212.868 45.594  86.74  36171 17.0
2010-02-10  18:00:00  03 54 42.0  +06 40 56  +000961.8 +000085.3  01 29 11.8  212.782 45.890  84.11  36234 16.9
2010-02-10  18:10:00  04 05 22.4  +06 54 15  +000959.2 +000074.4  01 28 33.1  212.688 46.156  81.48  36298 16.9
2010-02-10  18:20:00  04 16 00.9  +07 05 44  +000956.3 +000063.5  01 27 56.2  212.588 46.390  78.88  36364 16.8
2010-02-10  18:30:00  04 26 37.5  +07 15 25  +000953.4 +000052.5  01 27 21.3  212.481 46.594  76.28  36431 16.7
2010-02-10  18:40:00  04 37 12.1  +07 23 15  +000950.3 +000041.6  01 26 48.4  212.367 46.766  73.71  36498 16.7
2010-02-10  18:50:00  04 47 44.6  +07 29 17  +000947.1 +000030.7  01 26 17.5  212.249 46.907  71.14  36567 16.6
2010-02-10  19:00:00  04 58 14.9  +07 33 30  +000943.8 +000019.9  01 25 48.8  212.126 47.016  68.59  36636 16.6
2010-02-10  19:10:00  05 08 42.9  +07 35 54  +000940.3 +000009.1  01 25 22.4  211.999 47.093  66.05  36705 16.5
2010-02-10  19:20:00  05 19 08.6  +07 36 32  +000936.7 -000001.6  01 24 58.4  211.869 47.140  63.54  36775 16.5
2010-02-10  19:30:00  05 29 31.8  +07 35 23  +000933.0 -000012.1  01 24 36.8  211.737 47.155  61.02  36845 16.4
2010-02-10  19:40:00  05 39 52.6  +07 32 29  +000929.2 -000022.6  01 24 17.7  211.603 47.139  58.54  36915 16.4
2010-02-10  19:50:00  05 50 10.8  +07 27 52  +000925.4 -000032.8  01 24 01.1  211.468 47.092  56.06  36985 16.4
2010-02-10  20:00:00  06 00 26.4  +07 21 33  +000921.4 -000042.9  01 23 47.1  211.333 47.015  53.61  37054 16.3
2010-02-10  20:10:00  06 10 39.4  +07 13 35  +000917.5 -000052.8  01 23 35.8  211.199 46.907  51.16  37123 16.3
2010-02-10  20:20:00  06 20 49.7  +07 03 58  +000913.4 -000062.5  01 23 27.1  211.066 46.771  48.74  37192 16.3
2010-02-10  20:30:00  06 30 57.3  +06 52 46  +000909.4 -000072.0  01 23 21.2  210.935 46.605  46.34  37260 16.2
2010-02-10  20:40:00  06 41 02.2  +06 39 60  +000905.3 -000081.2  01 23 17.9  210.806 46.411  43.96  37327 16.2
2010-02-10  20:50:00  06 51 04.4  +06 25 42  +000901.2 -000090.2  01 23 17.4  210.681 46.189  41.60  37393 16.2
2010-02-10  21:00:00  07 01 03.8  +06 09 57  +000897.2 -000098.9  01 23 19.6  210.559 45.940  39.27  37458 16.2
2010-02-10  21:10:00  07 11 00.7  +05 52 45  +000893.2 -000107.4  01 23 24.4  210.441 45.665  36.96  37522 16.1
2010-02-10  21:20:00  07 20 54.8  +05 34 09  +000889.3 -000115.6  01 23 31.9  210.328 45.364  34.70  37585 16.1
2010-02-10  21:30:00  07 30 46.4  +05 14 13  +000885.4 -000123.5  01 23 42.0  210.219 45.038  32.46  37647 16.1
2010-02-10  21:40:00  07 40 35.4  +04 52 60  +000881.6 -000131.2  01 23 54.6  210.114 44.688  30.28  37707 16.1
2010-02-10  21:50:00  07 50 21.9  +04 30 31  +000878.0 -000138.5  01 24 09.7  210.015 44.315  28.14  37766 16.1
2010-02-10  22:00:00  08 00 06.1  +04 06 51  +000874.5 -000145.6  01 24 27.2  209.920 43.920  26.07  37824 16.1
2010-02-10  22:10:00  08 09 47.9  +03 42 01  +000871.1 -000152.3  01 24 47.0  209.830 43.503  24.07  37879 16.0
2010-02-10  22:20:00  08 19 27.6  +03 16 06  +000867.8 -000158.7  01 25 09.0  209.744 43.066  22.17  37933 16.0
2010-02-10  22:30:00  08 29 05.1  +02 49 07  +000864.8 -000164.9  01 25 33.1  209.663 42.609  20.39  37986 16.0
2010-02-10  22:40:00  08 38 40.6  +02 21 09  +000861.9 -000170.7  01 25 59.2  209.586 42.134  18.77  38036 16.0
2010-02-10  22:50:00  08 48 14.3  +01 52 14  +000859.2 -000176.2  01 26 27.2  209.512 41.641  17.34  38085 16.0
2010-02-10  23:00:00  08 57 46.3  +01 22 26  +000856.8 -000181.4  01 26 56.8  209.443 41.132  16.16  38131 16.0
2010-02-10  23:10:00  09 07 16.7  +00 51 47  +000854.5 -000186.3  01 27 28.0  209.376 40.607  15.28  38176 16.0
2010-02-10  23:20:00  09 16 45.7  +00 20 22     <<SHADOW>>        01 28 00.7  209.311 40.068  14.76  38218 ----
2010-02-10  23:30:00  09 26 13.4  -00 11 48     <<SHADOW>>        01 28 34.6  209.249 39.516  14.62  38259 ----
2010-02-10  23:40:00  09 35 40.1  -00 44 39  +000849.2 -000199.0  01 29 09.6  209.189 38.951  14.89  38297 16.0
2010-02-10  23:50:00  09 45 05.8  -01 18 07  +000848.0 -000202.6  01 29 45.5  209.129 38.376  15.53  38332 16.0
2010-02-11  00:00:00  09 54 30.8  -01 52 09  +000847.0 -000205.8  01 30 22.2  209.070 37.790  16.51  38366 16.0
2010-02-11  00:10:00  10 03 55.2  -02 26 43  +000846.3 -000208.8  01 30 59.4  209.011 37.195  17.77  38397 16.0
2010-02-11  00:20:00  10 13 19.3  -03 01 44  +000845.9 -000211.4  01 31 37.0  208.951 36.593  19.24  38426 16.0
2010-02-11  00:30:00  10 22 43.2  -03 37 10  +000845.8 -000213.7  01 32 14.7  208.890 35.984  20.91  38452 16.0
2010-02-11  00:40:00  10 32 07.2  -04 12 56  +000846.0 -000215.6  01 32 52.4  208.826 35.370  22.70  38476 16.1
2010-02-11  00:50:00  10 41 31.3  -04 49 01  +000846.6 -000217.3  01 33 29.8  208.761 34.751  24.61  38497 16.1
2010-02-11  01:00:00  10 50 56.0  -05 25 21  +000847.4 -000218.6  01 34 06.9  208.692 34.129  26.59  38516 16.1
2010-02-11  01:10:00  11 00 21.2  -06 01 51  +000848.5 -000219.5  01 34 43.2  208.620 33.505  28.65  38532 16.1
2010-02-11  01:20:00  11 09 47.4  -06 38 30  +000850.0 -000220.1  01 35 18.7  208.543 32.880  30.76  38545 16.1
2010-02-11  01:30:00  11 19 14.6  -07 15 13  +000851.7 -000220.4  01 35 53.2  208.462 32.255  32.92  38556 16.2
2010-02-11  01:40:00  11 28 43.1  -07 51 57  +000853.8 -000220.3  01 36 26.3  208.376 31.632  35.11  38564 16.2
2010-02-11  01:50:00  11 38 13.1  -08 28 38  +000856.2 -000219.9  01 36 58.0  208.283 31.012  37.34  38569 16.2
2010-02-11  02:00:00  11 47 44.8  -09 05 14  +000858.9 -000219.1  01 37 27.9  208.184 30.396  39.59  38571 16.2
2010-02-11  02:10:00  11 57 18.4  -09 41 40  +000862.0 -000218.0  01 37 55.9  208.079 29.784  41.87  38570 16.3
2010-02-11  02:20:00  12 06 54.1  -10 17 53  +000865.3 -000216.6  01 38 21.8  207.966 29.179  44.16  38567 16.3
2010-02-11  02:30:00  12 16 32.2  -10 53 50  +000869.0 -000214.7  01 38 45.4  207.845 28.582  46.48  38560 16.3
2010-02-11  02:40:00  12 26 12.9  -11 29 27  +000873.0 -000212.5  01 39 06.4  207.716 27.993  48.81  38551 16.3
2010-02-11  02:50:00  12 35 56.3  -12 04 39  +000877.2 -000209.9  01 39 24.6  207.579 27.414  51.16  38538 16.4
2010-02-11  03:00:00  12 45 42.6  -12 39 24  +000881.8 -000207.0  01 39 40.0  207.433 26.846  53.52  38523 16.4
2010-02-11  03:10:00  12 55 32.1  -13 13 38  +000886.6 -000203.7  01 39 52.1  207.278 26.291  55.90  38504 16.5
2010-02-11  03:20:00  13 05 24.8  -13 47 16  +000891.7 -000199.9  01 40 01.0  207.114 25.749  58.28  38483 16.5
2010-02-11  03:30:00  13 15 21.1  -14 20 15  +000897.1 -000195.8  01 40 06.4  206.940 25.221  60.68  38459 16.5
2010-02-11  03:40:00  13 25 21.0  -14 52 32  +000902.7 -000191.4  01 40 08.1  206.756 24.710  63.09  38431 16.6
2010-02-11  03:50:00  13 35 24.7  -15 24 01  +000908.5 -000186.5  01 40 06.1  206.563 24.215  65.52  38401 16.6
2010-02-11  04:00:00  13 45 32.4  -15 54 40  +000914.5 -000181.2  01 40 00.0  206.359 23.739  67.95  38367 16.7
2010-02-11  04:10:00  13 55 44.1  -16 24 24  +000920.7 -000175.5  01 39 50.0  206.146 23.282  70.40  38331 16.7

   Date        UTC        RA         DECL      RARate   DeclRate    HourAng      Az     Um    Phase  Range  Mag
2010-02-11  16:20:00  03 35 06.4  +06 00 40  +000968.2 +000113.8  00 12 27.6  184.776 49.524  89.92  35769 17.1
2010-02-11  16:30:00  03 45 51.0  +06 18 45  +000965.7 +000103.1  00 11 44.6  184.527 49.835  87.25  35833 17.0
2010-02-11  16:40:00  03 56 34.0  +06 35 02  +000963.2 +000092.3  00 11 03.3  184.284 50.115  84.61  35899 16.9
2010-02-11  16:50:00  04 07 15.3  +06 49 31  +000960.5 +000081.4  00 10 23.6  184.047 50.365  81.98  35966 16.9
2010-02-11  17:00:00  04 17 54.7  +07 02 10  +000957.7 +000070.4  00 09 45.8  183.817 50.583  79.36  36035 16.8
2010-02-11  17:10:00  04 28 32.2  +07 12 59  +000954.8 +000059.4  00 09 10.0  183.596 50.769  76.75  36105 16.7
2010-02-11  17:20:00  04 39 07.7  +07 21 57  +000951.7 +000048.4  00 08 36.1  183.385 50.925  74.17  36175 16.7
2010-02-11  17:30:00  04 49 41.1  +07 29 06  +000948.4 +000037.4  00 08 04.4  183.184 51.049  71.59  36246 16.6
2010-02-11  17:40:00  05 00 12.3  +07 34 25  +000945.1 +000026.4  00 07 34.8  182.995 51.142  69.03  36318 16.6
2010-02-11  17:50:00  05 10 41.2  +07 37 54  +000941.6 +000015.5  00 07 07.6  182.819 51.204  66.48  36390 16.5
2010-02-11  18:00:00  05 21 07.7  +07 39 35  +000938.0 +000004.7  00 06 42.7  182.656 51.235  63.96  36462 16.5
2010-02-11  18:10:00  05 31 31.9  +07 39 28  +000934.3 -000006.0  00 06 20.2  182.508 51.237  61.43  36534 16.4
2010-02-11  18:20:00  05 41 53.5  +07 37 35  +000930.5 -000016.6  00 06 00.2  182.375 51.208  58.94  36606 16.4
2010-02-11  18:30:00  05 52 12.5  +07 33 57  +000926.6 -000027.0  00 05 42.8  182.258 51.149  56.45  36678 16.4
2010-02-11  18:40:00  06 02 28.9  +07 28 36  +000922.6 -000037.2  00 05 28.1  182.157 51.062  53.99  36749 16.3
2010-02-11  18:50:00  06 12 42.6  +07 21 33  +000918.6 -000047.3  00 05 16.0  182.073 50.945  51.53  36820 16.3
2010-02-11  19:00:00  06 22 53.7  +07 12 51  +000914.5 -000057.2  00 05 06.6  182.005 50.801  49.10  36889 16.3
2010-02-11  19:10:00  06 33 02.0  +07 02 31  +000910.4 -000066.8  00 04 59.9  181.955 50.630  46.68  36959 16.2
2010-02-11  19:20:00  06 43 07.6  +06 50 36  +000906.3 -000076.2  00 04 55.9  181.922 50.432  44.29  37027 16.2
2010-02-11  19:30:00  06 53 10.4  +06 37 07  +000902.2 -000085.4  00 04 54.8  181.906 50.207  41.91  37094 16.2
2010-02-11  19:40:00  07 03 10.5  +06 22 08  +000898.1 -000094.4  00 04 56.3  181.907 49.957  39.57  37160 16.1
2010-02-11  19:50:00  07 13 07.9  +06 05 41  +000894.1 -000103.0  00 05 00.5  181.925 49.683  37.24  37224 16.1
2010-02-11  20:00:00  07 23 02.7  +05 47 48  +000890.1 -000111.4  00 05 07.5  181.958 49.384  34.96  37287 16.1
2010-02-11  20:10:00  07 32 54.7  +05 28 33  +000886.2 -000119.6  00 05 17.0  182.007 49.063  32.70  37349 16.1
2010-02-11  20:20:00  07 42 44.2  +05 07 58  +000882.3 -000127.4  00 05 29.2  182.071 48.718  30.49  37409 16.1
2010-02-11  20:30:00  07 52 31.2  +04 46 05  +000878.6 -000135.0  00 05 43.8  182.148 48.352  28.32  37468 16.0
2010-02-11  20:40:00  08 02 15.8  +04 22 59  +000875.0 -000142.3  00 06 00.9  182.240 47.965  26.21  37525 16.0
2010-02-11  20:50:00  08 11 58.0  +03 58 41  +000871.6 -000149.3  00 06 20.4  182.343 47.558  24.17  37580 16.0
2010-02-11  21:00:00  08 21 37.9  +03 33 15  +000868.3 -000155.9  00 06 42.1  182.458 47.132  22.23  37633 16.0
2010-02-11  21:10:00  08 31 15.7  +03 06 43  +000865.1 -000162.3  00 07 05.9  182.584 46.687  20.39  37684 16.0
2010-02-11  21:20:00  08 40 51.4  +02 39 10  +000862.2 -000168.4  00 07 31.8  182.719 46.224  18.70  37733 16.0
2010-02-11  21:30:00  08 50 25.3  +02 10 37  +000859.4 -000174.1  00 07 59.6  182.862 45.745  17.19  37780 16.0
2010-02-11  21:40:00  08 59 57.4  +01 41 08  +000856.9 -000179.6  00 08 29.1  183.013 45.250  15.92  37826 16.0
2010-02-11  21:50:00  09 09 27.9  +01 10 47  +000854.6 -000184.7  00 09 00.3  183.170 44.739  14.94  37869 16.0
2010-02-11  22:00:00  09 18 56.9  +00 39 36  +000852.5 -000189.5  00 09 32.9  183.331 44.215  14.31  37910 16.0
2010-02-11  22:10:00  09 28 24.6  +00 07 38     <<SHADOW>>        00 10 06.9  183.497 43.677  14.08  37948 ----
2010-02-11  22:20:00  09 37 51.1  -00 25 03     <<SHADOW>>        00 10 42.0  183.666 43.126  14.27  37985 ----
2010-02-11  22:30:00  09 47 16.7  -00 58 24  +000847.7 -000202.0  00 11 18.0  183.837 42.564  14.86  38019 16.0
2010-02-11  22:40:00  09 56 41.5  -01 32 21  +000846.7 -000205.5  00 11 54.9  184.008 41.991  15.79  38050 16.0
2010-02-11  22:50:00  10 06 05.7  -02 06 53  +000845.9 -000208.7  00 12 32.3  184.178 41.409  17.03  38080 16.0
2010-02-11  23:00:00  10 15 29.5  -02 41 54  +000845.5 -000211.6  00 13 10.2  184.347 40.818  18.50  38107 16.0
2010-02-11  23:10:00  10 24 53.1  -03 17 23  +000845.3 -000214.1  00 13 48.2  184.514 40.219  20.16  38132 16.0
2010-02-11  23:20:00  10 34 16.7  -03 53 16  +000845.4 -000216.3  00 14 26.3  184.677 39.613  21.95  38154 16.0
2010-02-11  23:30:00  10 43 40.4  -04 29 29  +000845.9 -000218.2  00 15 04.2  184.835 39.002  23.87  38173 16.1
2010-02-11  23:40:00  10 53 04.6  -05 05 58  +000846.6 -000219.7  00 15 41.7  184.988 38.385  25.86  38191 16.1
2010-02-11  23:50:00  11 02 29.3  -05 42 42  +000847.7 -000220.9  00 16 18.6  185.135 37.765  27.93  38205 16.1
2010-02-12  00:00:00  11 11 54.9  -06 19 36  +000849.1 -000221.8  00 16 54.7  185.274 37.142  30.05  38217 16.1
2010-02-12  00:10:00  11 21 21.5  -06 56 36  +000850.8 -000222.3  00 17 29.7  185.405 36.517  32.22  38227 16.1
2010-02-12  00:20:00  11 30 49.3  -07 33 41  +000852.8 -000222.5  00 18 03.5  185.527 35.891  34.42  38234 16.1
2010-02-12  00:30:00  11 40 18.6  -08 10 45  +000855.2 -000222.3  00 18 35.9  185.639 35.266  36.66  38238 16.2
2010-02-12  00:40:00  11 49 49.6  -08 47 45  +000857.8 -000221.7  00 19 06.5  185.741 34.642  38.91  38240 16.2
2010-02-12  00:50:00  11 59 22.5  -09 24 38  +000860.8 -000220.8  00 19 35.3  185.832 34.020  41.20  38239 16.2
2010-02-12  01:00:00  12 08 57.4  -10 01 20  +000864.1 -000219.6  00 20 02.0  185.910 33.402  43.50  38236 16.3
2010-02-12  01:10:00  12 18 34.7  -10 37 48  +000867.8 -000217.9  00 20 26.3  185.977 32.789  45.83  38230 16.3
2010-02-12  01:20:00  12 28 14.5  -11 13 57  +000871.7 -000215.9  00 20 48.2  186.030 32.181  48.16  38221 16.3
2010-02-12  01:30:00  12 37 57.0  -11 49 45  +000875.9 -000213.5  00 21 07.3  186.069 31.581  50.53  38209 16.4
2010-02-12  01:40:00  12 47 42.5  -12 25 07  +000880.4 -000210.8  00 21 23.5  186.095 30.988  52.89  38195 16.4
2010-02-12  01:50:00  12 57 31.0  -12 59 59  +000885.3 -000207.6  00 21 36.6  186.106 30.404  55.28  38178 16.4
2010-02-12  02:00:00  13 07 22.9  -13 34 19  +000890.3 -000204.1  00 21 46.4  186.102 29.831  57.66  38159 16.5
2010-02-12  02:10:00  13 17 18.2  -14 08 00  +000895.7 -000200.2  00 21 52.7  186.083 29.269  60.07  38136 16.5
2010-02-12  02:20:00  13 27 17.1  -14 41 00  +000901.3 -000195.8  00 21 55.4  186.048 28.720  62.48  38112 16.5
2010-02-12  02:30:00  13 37 19.9  -15 13 16  +000907.1 -000191.1  00 21 54.3  185.997 28.184  64.92  38084 16.6
2010-02-12  02:40:00  13 47 26.6  -15 44 41  +000913.1 -000186.0  00 21 49.2  185.930 27.663  67.35  38054 16.6
2010-02-12  02:50:00  13 57 37.4  -16 15 14  +000919.3 -000180.4  00 21 40.1  185.846 27.158  69.81  38021 16.7
2010-02-12  03:00:00  14 07 52.4  -16 44 49  +000925.7 -000174.5  00 21 26.7  185.746 26.670  72.26  37985 16.7
2010-02-12  03:10:00  14 18 11.7  -17 13 22  +000932.3 -000168.1  00 21 09.0  185.630 26.201  74.74  37947 16.8
2010-02-12  03:20:00  14 28 35.4  -17 40 50  +000938.9 -000161.4  00 20 46.9  185.497 25.750  77.22  37907 16.9
2010-02-12  03:30:00  14 39 03.6  -18 07 08  +000945.7 -000154.2  00 20 20.4  185.347 25.320  79.72  37863 16.9
2010-02-12  03:40:00  14 49 36.4  -18 32 12  +000952.5 -000146.6  00 19 49.3  185.181 24.911  82.21  37818 17.0
2010-02-12  03:50:00  15 00 13.7  -18 55 59  +000959.4 -000138.6  00 19 13.6  184.998 24.525  84.73  37770 17.0
2010-02-12  04:00:00  15 10 55.6  -19 18 23  +000966.3 -000130.2  00 18 33.3  184.799 24.162  87.25  37719 17.1
2010-02-12  04:10:00  15 21 42.1  -19 39 22  +000973.2 -000121.4  00 17 48.5  184.583 23.824  89.79  37666 17.2

   Date        UTC        RA         DECL      RARate   DeclRate    HourAng      Az     Um    Phase  Range  Mag
2010-02-12  16:20:00  05 02 16.5  +07 29 01  +000945.8 +000032.7  22 49 14.0  153.111 48.224  69.47  36451 16.6
2010-02-12  16:30:00  05 12 45.9  +07 33 33  +000942.4 +000021.8  22 48 46.2  152.912 48.259  66.91  36525 16.5
2010-02-12  16:40:00  05 23 13.0  +07 36 17  +000938.8 +000011.0  22 48 20.8  152.741 48.269  64.37  36600 16.5
2010-02-12  16:50:00  05 33 37.7  +07 37 14  +000935.1 +000000.3  22 47 57.8  152.598 48.254  61.84  36675 16.5
2010-02-12  17:00:00  05 43 59.8  +07 36 24  +000931.3 -000010.3  22 47 37.3  152.484 48.213  59.34  36749 16.4
2010-02-12  17:10:00  05 54 19.5  +07 33 49  +000927.5 -000020.7  22 47 19.3  152.399 48.149  56.84  36823 16.4
2010-02-12  17:20:00  06 04 36.5  +07 29 30  +000923.5 -000031.0  22 47 03.9  152.344 48.060  54.36  36896 16.3
2010-02-12  17:30:00  06 14 50.8  +07 23 30  +000919.5 -000041.1  22 46 51.2  152.318 47.949  51.90  36968 16.3
2010-02-12  17:40:00  06 25 02.5  +07 15 49  +000915.5 -000051.0  22 46 41.2  152.321 47.814  49.46  37040 16.3
2010-02-12  17:50:00  06 35 11.5  +07 06 31  +000911.4 -000060.7  22 46 33.9  152.353 47.657  47.03  37111 16.2
2010-02-12  18:00:00  06 45 17.7  +06 55 36  +000907.3 -000070.2  22 46 29.3  152.413 47.479  44.63  37180 16.2
2010-02-12  18:10:00  06 55 21.2  +06 43 07  +000903.2 -000079.5  22 46 27.4  152.501 47.280  42.23  37248 16.2
2010-02-12  18:20:00  07 05 21.9  +06 29 07  +000899.1 -000088.5  22 46 28.3  152.616 47.060  39.88  37315 16.2
2010-02-12  18:30:00  07 15 20.0  +06 13 38  +000895.0 -000097.3  22 46 31.9  152.757 46.820  37.53  37381 16.1
2010-02-12  18:40:00  07 25 15.4  +05 56 43  +000891.1 -000105.8  22 46 38.2  152.923 46.561  35.23  37444 16.1
2010-02-12  18:50:00  07 35 08.1  +05 38 23  +000887.1 -000114.0  22 46 47.1  153.113 46.282  32.95  37507 16.1
2010-02-12  19:00:00  07 44 58.2  +05 18 43  +000883.3 -000122.0  22 46 58.6  153.327 45.986  30.71  37567 16.1
2010-02-12  19:10:00  07 54 45.8  +04 57 44  +000879.5 -000129.7  22 47 12.6  153.561 45.671  28.51  37626 16.1
2010-02-12  19:20:00  08 04 31.0  +04 35 29  +000875.9 -000137.1  22 47 29.1  153.817 45.339  26.37  37682 16.0
2010-02-12  19:30:00  08 14 13.8  +04 12 02  +000872.4 -000144.3  22 47 48.0  154.091 44.991  24.29  37737 16.0
2010-02-12  19:40:00  08 23 54.3  +03 47 25  +000869.1 -000151.1  22 48 09.1  154.383 44.626  22.30  37790 16.0
2010-02-12  19:50:00  08 33 32.6  +03 21 41  +000866.0 -000157.6  22 48 32.4  154.691 44.245  20.41  37840 16.0
2010-02-12  20:00:00  08 43 08.9  +02 54 54  +000863.0 -000163.9  22 48 57.7  155.013 43.849  18.65  37889 16.0
2010-02-12  20:10:00  08 52 43.3  +02 27 05  +000860.2 -000169.8  22 49 25.0  155.349 43.438  17.06  37935 16.0
2010-02-12  20:20:00  09 02 15.9  +01 58 19  +000857.6 -000175.4  22 49 54.1  155.696 43.014  15.70  37979 16.0
2010-02-12  20:30:00  09 11 46.8  +01 28 38  +000855.2 -000180.7  22 50 24.8  156.054 42.575  14.62  38020 16.0
2010-02-12  20:40:00  09 21 16.2  +00 58 05  +000853.1 -000185.7  22 50 57.0  156.420 42.123  13.89  38060 16.0
2010-02-12  20:50:00  09 30 44.3  +00 26 44  +000851.2 -000190.4  22 51 30.6  156.792 41.659  13.56  38097 16.0
2010-02-12  21:00:00  09 40 11.2  -00 05 22     <<SHADOW>>        22 52 05.3  157.171 41.183  13.66  38132 ----
2010-02-12  21:10:00  09 49 37.1  -00 38 10     <<SHADOW>>        22 52 41.0  157.553 40.695  14.18  38164 ----
2010-02-12  21:20:00  09 59 02.2  -01 11 38     <<SHADOW>>        22 53 17.6  157.938 40.197  15.07  38194 ----
2010-02-12  21:30:00  10 08 26.6  -01 45 41  +000846.3 -000206.0  22 53 54.8  158.323 39.688  16.29  38221 16.0
2010-02-12  21:40:00  10 17 50.6  -02 20 17  +000845.7 -000209.1  22 54 32.5  158.708 39.170  17.74  38246 16.0
2010-02-12  21:50:00  10 27 14.3  -02 55 22  +000845.5 -000211.8  22 55 10.4  159.092 38.643  19.41  38269 16.0
2010-02-12  22:00:00  10 36 38.0  -03 30 53  +000845.5 -000214.3  22 55 48.4  159.471 38.107  21.20  38289 16.0
2010-02-12  22:10:00  10 46 01.8  -04 06 46  +000845.9 -000216.4  22 56 26.2  159.847 37.564  23.13  38307 16.1
2010-02-12  22:20:00  10 55 25.9  -04 42 59  +000846.6 -000218.2  22 57 03.7  160.216 37.015  25.13  38322 16.1
2010-02-12  22:30:00  11 04 50.6  -05 19 28  +000847.6 -000219.6  22 57 40.7  160.579 36.459  27.21  38334 16.1
2010-02-12  22:40:00  11 14 16.1  -05 56 10  +000848.9 -000220.7  22 58 16.8  160.933 35.898  29.33  38345 16.1
2010-02-12  22:50:00  11 23 42.6  -06 33 01  +000850.5 -000221.4  22 58 52.0  161.277 35.332  31.51  38353 16.1
2010-02-12  23:00:00  11 33 10.2  -07 09 58  +000852.5 -000221.8  22 59 26.0  161.611 34.763  33.72  38358 16.1
2010-02-12  23:10:00  11 42 39.3  -07 46 56  +000854.7 -000221.9  22 59 58.6  161.933 34.190  35.97  38361 16.2
2010-02-12  23:20:00  11 52 09.9  -08 23 54  +000857.3 -000221.6  23 00 29.6  162.242 33.616  38.23  38361 16.2
2010-02-12  23:30:00  12 01 42.4  -09 00 47  +000860.2 -000220.9  23 00 58.8  162.538 33.041  40.53  38359 16.2
2010-02-12  23:40:00  12 11 16.9  -09 37 31  +000863.5 -000219.9  23 01 25.9  162.819 32.465  42.84  38354 16.3
2010-02-12  23:50:00  12 20 53.7  -10 14 03  +000867.0 -000218.5  23 01 50.7  163.085 31.890  45.18  38347 16.3
2010-02-13  00:00:00  12 30 33.0  -10 50 19  +000870.8 -000216.7  23 02 13.1  163.334 31.316  47.52  38338 16.3
2010-02-13  00:10:00  12 40 14.9  -11 26 16  +000875.0 -000214.5  23 02 32.8  163.566 30.746  49.88  38326 16.3
2010-02-13  00:20:00  12 49 59.7  -12 01 49  +000879.4 -000212.0  23 02 49.7  163.780 30.179  52.25  38312 16.4
2010-02-13  00:30:00  12 59 47.6  -12 36 54  +000884.2 -000209.1  23 03 03.5  163.976 29.616  54.65  38295 16.4
2010-02-13  00:40:00  13 09 38.6  -13 11 29  +000889.2 -000205.8  23 03 14.0  164.153 29.059  57.04  38276 16.5
2010-02-13  00:50:00  13 19 33.1  -13 45 28  +000894.4 -000202.0  23 03 21.2  164.310 28.509  59.46  38255 16.5
2010-02-13  01:00:00  13 29 31.2  -14 18 49  +000899.9 -000197.9  23 03 24.7  164.447 27.966  61.87  38231 16.5
2010-02-13  01:10:00  13 39 33.1  -14 51 26  +000905.7 -000193.4  23 03 24.5  164.563 27.432  64.32  38205 16.6
2010-02-13  01:20:00  13 49 38.8  -15 23 15  +000911.6 -000188.5  23 03 20.4  164.657 26.908  66.75  38176 16.6
2010-02-13  01:30:00  13 59 48.6  -15 54 14  +000917.8 -000183.1  23 03 12.3  164.731 26.395  69.22  38146 16.7
2010-02-13  01:40:00  14 10 02.5  -16 24 16  +000924.1 -000177.4  23 02 60.0  164.782 25.894  71.67  38113 16.7
2010-02-13  01:50:00  14 20 20.7  -16 53 20  +000930.6 -000171.2  23 02 43.4  164.812 25.406  74.16  38077 16.8
2010-02-13  02:00:00  14 30 43.3  -17 21 19  +000937.2 -000164.6  23 02 22.5  164.819 24.932  76.64  38040 16.8
2010-02-13  02:10:00  14 41 10.3  -17 48 11  +000943.9 -000157.6  23 01 57.1  164.803 24.474  79.14  38000 16.9
2010-02-13  02:20:00  14 51 41.8  -18 13 50  +000950.7 -000150.2  23 01 27.3  164.765 24.031  81.64  37959 17.0
2010-02-13  02:30:00  15 02 17.9  -18 38 13  +000957.5 -000142.4  23 00 52.9  164.704 23.606  84.17  37915 17.0
2010-02-13  02:40:00  15 12 58.5  -19 01 17  +000964.3 -000134.2  23 00 13.9  164.621 23.200  86.69  37869 17.1
2010-02-13  02:50:00  15 23 43.6  -19 22 56  +000971.1 -000125.5  22 59 30.4  164.514 22.813  89.23  37822 17.2
2010-02-13  03:00:00  15 34 33.3  -19 43 06  +000977.9 -000116.5  22 58 42.4  164.385 22.446  91.77  37772 17.2
2010-02-13  03:10:00  15 45 27.5  -20 01 45  +000984.6 -000107.2  22 57 49.8  164.234 22.100  94.34  37721 17.3
2010-02-13  03:20:00  15 56 26.0  -20 18 49  +000991.1 -000097.4  22 56 52.9  164.060 21.777  96.90  37667 17.4
2010-02-13  03:30:00  16 07 28.9  -20 34 13  +000997.5 -000087.3  22 55 51.6  163.865 21.477  99.49  37612 17.5
2010-02-13  03:40:00  16 18 36.1  -20 47 54  +001003.8 -000076.9  22 54 46.2  163.647 21.201 102.08  37556 17.6
2010-02-13  03:50:00  16 29 47.2  -20 59 50  +001009.7 -000066.2  22 53 36.7  163.408 20.950 104.69  37498 17.7
2010-02-13  04:00:00  16 41 02.3  -21 09 57  +001015.5 -000055.1  22 52 23.2  163.148 20.725 107.29  37438 17.8
2010-02-13  04:10:00  16 52 21.1  -21 18 12  +001020.9 -000043.8  22 51 06.0  162.867 20.526 109.92  37378 17.9

   Date        UTC        RA         DECL      RARate   DeclRate    HourAng      Az     Um    Phase  Range  Mag
2010-02-13  16:20:00  06 26 13.4  +07 13 09  +000916.4 -000044.3  21 29 13.7  128.460 39.227  50.07  37618 16.3
2010-02-13  16:30:00  06 36 23.0  +07 04 57  +000912.4 -000053.9  21 29 05.8  128.520 39.095  47.63  37690 16.3
2010-02-13  16:40:00  06 46 29.9  +06 55 11  +000908.4 -000063.4  21 29 00.5  128.611 38.946  45.21  37762 16.2
2010-02-13  16:50:00  06 56 34.2  +06 43 50  +000904.3 -000072.6  21 28 57.9  128.730 38.781  42.81  37831 16.2
2010-02-13  17:00:00  07 06 35.7  +06 30 59  +000900.3 -000081.6  21 28 58.0  128.880 38.601  40.44  37900 16.2
2010-02-13  17:10:00  07 16 34.6  +06 16 38  +000896.3 -000090.4  21 29 00.7  129.057 38.406  38.07  37966 16.2
2010-02-13  17:20:00  07 26 30.8  +06 00 51  +000892.3 -000098.9  21 29 06.2  129.261 38.196  35.75  38031 16.2
2010-02-13  17:30:00  07 36 24.4  +05 43 40  +000888.4 -000107.2  21 29 14.2  129.492 37.973  33.45  38094 16.1
2010-02-13  17:40:00  07 46 15.4  +05 25 08  +000884.6 -000115.2  21 29 24.8  129.748 37.735  31.19  38155 16.1
2010-02-13  17:50:00  07 56 03.9  +05 05 16  +000880.9 -000123.0  21 29 38.0  130.028 37.483  28.96  38215 16.1
2010-02-13  18:00:00  08 05 50.0  +04 44 09  +000877.3 -000130.4  21 29 53.5  130.331 37.219  26.79  38272 16.1
2010-02-13  18:10:00  08 15 33.7  +04 21 48  +000873.8 -000137.6  21 30 11.5  130.656 36.941  24.66  38327 16.1
2010-02-13  18:20:00  08 25 15.1  +03 58 17  +000870.5 -000144.5  21 30 31.6  131.002 36.651  22.63  38379 16.1
2010-02-13  18:30:00  08 34 54.4  +03 33 39  +000867.3 -000151.2  21 30 54.0  131.366 36.349  20.67  38430 16.0
2010-02-13  18:40:00  08 44 31.7  +03 07 55  +000864.3 -000157.5  21 31 18.4  131.749 36.034  18.84  38478 16.0
2010-02-13  18:50:00  08 54 06.9  +02 41 10  +000861.5 -000163.5  21 31 44.8  132.147 35.708  17.16  38524 16.0
2010-02-13  19:00:00  09 03 40.4  +02 13 26  +000858.9 -000169.2  21 32 12.9  132.561 35.370  15.69  38567 16.0
2010-02-13  19:10:00  09 13 12.2  +01 44 46  +000856.5 -000174.7  21 32 42.8  132.988 35.021  14.48  38608 16.0
2010-02-13  19:20:00  09 22 42.5  +01 15 13  +000854.4 -000179.8  21 33 14.1  133.427 34.661  13.61  38646 16.0
2010-02-13  19:30:00  09 32 11.5  +00 44 51  +000852.4 -000184.6  21 33 46.8  133.877 34.290  13.13  38682 16.0
2010-02-13  19:40:00  09 41 39.2  +00 13 41  +000850.8 -000189.2  21 34 20.8  134.336 33.909  13.09  38716 16.0
2010-02-13  19:50:00  09 51 05.9  -00 18 12     <<SHADOW>>        21 34 55.7  134.802 33.518  13.50  38747 ----
2010-02-13  20:00:00  10 00 31.7  -00 50 45     <<SHADOW>>        21 35 31.5  135.275 33.117  14.31  38775 ----
2010-02-13  20:10:00  10 09 56.8  -01 23 56     <<SHADOW>>        21 36 08.1  135.752 32.706  15.46  38801 ----
2010-02-13  20:20:00  10 19 21.4  -01 57 41  +000846.7 -000204.1  21 36 45.1  136.232 32.286  16.88  38824 16.0
2010-02-13  20:30:00  10 28 45.8  -02 31 58  +000846.3 -000207.1  21 37 22.4  136.714 31.858  18.52  38845 16.1
2010-02-13  20:40:00  10 38 10.0  -03 06 42  +000846.3 -000209.7  21 37 59.8  137.196 31.421  20.30  38863 16.1
2010-02-13  20:50:00  10 47 34.2  -03 41 51  +000846.6 -000212.0  21 38 37.2  137.676 30.975  22.22  38879 16.1
2010-02-13  21:00:00  10 56 58.8  -04 17 22  +000847.2 -000214.0  21 39 14.3  138.154 30.522  24.22  38892 16.1
2010-02-13  21:10:00  11 06 23.9  -04 53 10  +000848.1 -000215.6  21 39 50.8  138.628 30.062  26.30  38903 16.1
2010-02-13  21:20:00  11 15 49.7  -05 29 13  +000849.3 -000217.0  21 40 26.7  139.097 29.595  28.43  38911 16.1
2010-02-13  21:30:00  11 25 16.3  -06 05 28  +000850.8 -000217.9  21 41 01.7  139.558 29.121  30.62  38917 16.2
2010-02-13  21:40:00  11 34 44.1  -06 41 51  +000852.6 -000218.6  21 41 35.5  140.011 28.642  32.83  38921 16.2
2010-02-13  21:50:00  11 44 13.2  -07 18 18  +000854.8 -000218.8  21 42 08.1  140.455 28.158  35.08  38921 16.2
2010-02-13  22:00:00  11 53 43.9  -07 54 46  +000857.3 -000218.8  21 42 39.0  140.889 27.668  37.35  38920 16.2
2010-02-13  22:10:00  12 03 16.3  -08 31 12  +000860.0 -000218.3  21 43 08.3  141.310 27.175  39.66  38916 16.2
2010-02-13  22:20:00  12 12 50.7  -09 07 32  +000863.1 -000217.5  21 43 35.5  141.718 26.679  41.97  38910 16.3
2010-02-13  22:30:00  12 22 27.2  -09 43 42  +000866.5 -000216.4  21 44 00.6  142.113 26.179  44.31  38901 16.3
2010-02-13  22:40:00  12 32 06.1  -10 19 39  +000870.2 -000214.9  21 44 23.4  142.492 25.678  46.65  38890 16.3
2010-02-13  22:50:00  12 41 47.6  -10 55 18  +000874.2 -000213.0  21 44 43.6  142.855 25.175  49.03  38877 16.4
2010-02-13  23:00:00  12 51 31.8  -11 30 37  +000878.5 -000210.7  21 45 01.0  143.200 24.672  51.40  38862 16.4
2010-02-13  23:10:00  13 01 19.0  -12 05 31  +000883.1 -000208.0  21 45 15.4  143.527 24.169  53.80  38845 16.4
2010-02-13  23:20:00  13 11 09.4  -12 39 56  +000888.0 -000204.9  21 45 26.7  143.835 23.667  56.19  38825 16.5
2010-02-13  23:30:00  13 21 03.1  -13 13 48  +000893.1 -000201.5  21 45 34.7  144.123 23.167  58.62  38803 16.5
2010-02-13  23:40:00  13 31 00.2  -13 47 04  +000898.4 -000197.6  21 45 39.1  144.391 22.670  61.04  38779 16.6
2010-02-13  23:50:00  13 41 01.0  -14 19 40  +000904.0 -000193.4  21 45 40.0  144.637 22.177  63.48  38753 16.6
2010-02-14  00:00:00  13 51 05.6  -14 51 31  +000909.8 -000188.7  21 45 37.0  144.860 21.688  65.92  38725 16.6
2010-02-14  00:10:00  14 01 14.1  -15 22 33  +000915.8 -000183.6  21 45 30.2  145.061 21.205  68.39  38695 16.7
2010-02-14  00:20:00  14 11 26.7  -15 52 42  +000922.0 -000178.1  21 45 19.2  145.238 20.728  70.85  38663 16.7
2010-02-14  00:30:00  14 21 43.5  -16 21 54  +000928.3 -000172.2  21 45 04.1  145.392 20.260  73.34  38629 16.8
2010-02-14  00:40:00  14 32 04.5  -16 50 05  +000934.8 -000165.9  21 44 44.7  145.521 19.799  75.82  38594 16.9
2010-02-14  00:50:00  14 42 29.8  -17 17 11  +000941.3 -000159.2  21 44 21.0  145.625 19.348  78.33  38556 16.9
2010-02-14  01:00:00  14 52 59.6  -17 43 07  +000947.9 -000152.0  21 43 52.9  145.703 18.908  80.83  38517 17.0
2010-02-14  01:10:00  15 03 33.8  -18 07 50  +000954.6 -000144.5  21 43 20.4  145.757 18.479  83.36  38476 17.0
2010-02-14  01:20:00  15 14 12.4  -18 31 15  +000961.3 -000136.5  21 42 43.4  145.784 18.063  85.88  38433 17.1
2010-02-14  01:30:00  15 24 55.5  -18 53 19  +000968.0 -000128.2  21 42 01.9  145.785 17.661  88.43  38389 17.2
2010-02-14  01:40:00  15 35 43.1  -19 13 57  +000974.7 -000119.4  21 41 16.0  145.760 17.273  90.97  38343 17.2
2010-02-14  01:50:00  15 46 35.0  -19 33 06  +000981.2 -000110.3  21 40 25.7  145.709 16.901  93.54  38296 17.3
2010-02-14  02:00:00  15 57 31.3  -19 50 42  +000987.7 -000100.8  21 39 31.0  145.632 16.545  96.10  38247 17.4
2010-02-14  02:10:00  16 08 31.9  -20 06 41  +000994.0 -000091.0  21 38 32.1  145.528 16.207  98.69  38197 17.5
2010-02-14  02:20:00  16 19 36.6  -20 21 00  +001000.1 -000080.8  21 37 29.1  145.399 15.887 101.28  38146 17.6
2010-02-14  02:30:00  16 30 45.3  -20 33 36  +001006.0 -000070.3  21 36 22.0  145.243 15.587 103.89  38094 17.7
2010-02-14  02:40:00  16 41 57.8  -20 44 26  +001011.7 -000059.5  21 35 11.1  145.062 15.307 106.49  38040 17.8
2010-02-14  02:50:00  16 53 14.1  -20 53 26  +001017.0 -000048.5  21 33 56.5  144.855 15.048 109.12  37986 17.9
2010-02-14  03:00:00  17 04 33.8  -21 00 35  +001022.1 -000037.2  21 32 38.4  144.623 14.810 111.75  37930 18.0
2010-02-14  03:10:00  17 15 56.8  -21 05 50  +001026.9 -000025.7  21 31 17.0  144.366 14.596 114.40  37874 18.1
2010-02-14  03:20:00  17 27 22.9  -21 09 08  +001031.3 -000014.0  21 29 52.6  144.085 14.404 117.05  37817 18.2
2010-02-14  03:30:00  17 38 51.8  -21 10 29  +001035.3 -000002.1  21 28 25.4  143.780 14.236 119.72  37759 18.3
2010-02-14  03:40:00  17 50 23.2  -21 09 50  +001038.9 +000009.9  21 26 55.6  143.452 14.093 122.39  37701 18.5
2010-02-14  03:50:00  18 01 56.9  -21 07 11  +001042.1 +000022.0  21 25 23.5  143.101 13.974 125.08  37643 18.6
2010-02-14  04:00:00  18 13 32.6  -21 02 31  +001044.9 +000034.1  21 23 49.5  142.728 13.881 127.77  37584 18.8

   Date        UTC        RA         DECL      RARate   DeclRate    HourAng      Az     Um    Phase  Range  Mag
2010-02-14  16:20:00  07 45 45.9  +05 27 51  +000886.4 -000107.6  20 13 37.7  111.732 26.548  32.11  39096 16.2
2010-02-14  16:30:00  07 55 35.7  +05 09 16  +000882.8 -000115.3  20 13 49.6  111.996 26.342  29.85  39157 16.2
2010-02-14  16:40:00  08 05 23.0  +04 49 26  +000879.2 -000122.7  20 14 03.9  112.283 26.127  27.65  39215 16.1
2010-02-14  16:50:00  08 15 08.0  +04 28 23  +000875.8 -000129.9  20 14 20.6  112.592 25.901  25.48  39271 16.1
2010-02-14  17:00:00  08 24 50.7  +04 06 09  +000872.5 -000136.8  20 14 39.5  112.922 25.666  23.39  39324 16.1
2010-02-14  17:10:00  08 34 31.3  +03 42 47  +000869.3 -000143.5  20 15 00.6  113.271 25.421  21.36  39375 16.1
2010-02-14  17:20:00  08 44 09.8  +03 18 20  +000866.3 -000149.8  20 15 23.7  113.639 25.167  19.45  39424 16.1
2010-02-14  17:30:00  08 53 46.4  +02 52 51  +000863.5 -000155.9  20 15 48.7  114.024 24.903  17.67  39470 16.1
2010-02-14  17:40:00  09 03 21.2  +02 26 23  +000860.9 -000161.7  20 16 15.6  114.426 24.631  16.06  39514 16.1
2010-02-14  17:50:00  09 12 54.3  +01 58 59  +000858.5 -000167.2  20 16 44.1  114.842 24.350  14.69  39555 16.1
2010-02-14  18:00:00  09 22 25.9  +01 30 41  +000856.2 -000172.4  20 17 14.2  115.273 24.060  13.62  39594 16.1
2010-02-14  18:10:00  09 31 56.0  +01 01 32  +000854.3 -000177.3  20 17 45.7  115.716 23.761  12.92  39629 16.1
2010-02-14  18:20:00  09 41 24.9  +00 31 36  +000852.5 -000181.9  20 18 18.4  116.170 23.455  12.66  39662 16.1
2010-02-14  18:30:00  09 50 52.8  +00 00 55     <<SHADOW>>        20 18 52.2  116.635 23.139  12.86  39693 ----
2010-02-14  18:40:00  10 00 19.7  -00 30 28     <<SHADOW>>        20 19 26.9  117.108 22.816  13.50  39721 ----
2010-02-14  18:50:00  10 09 46.0  -01 02 29     <<SHADOW>>        20 20 02.3  117.589 22.485  14.52  39746 ----
2010-02-14  19:00:00  10 19 11.6  -01 35 06     <<SHADOW>>        20 20 38.3  118.076 22.145  15.84  39768 ----
2010-02-14  19:10:00  10 28 36.9  -02 08 16  +000847.7 -000200.5  20 21 14.7  118.567 21.798  17.41  39788 16.1
2010-02-14  19:20:00  10 38 02.0  -02 41 54  +000847.6 -000203.2  20 21 51.2  119.062 21.444  19.15  39805 16.1
2010-02-14  19:30:00  10 47 27.1  -03 15 59  +000847.8 -000205.7  20 22 27.7  119.560 21.082  21.04  39819 16.1
2010-02-14  19:40:00  10 56 52.4  -03 50 28  +000848.2 -000207.9  20 23 04.1  120.058 20.713  23.02  39831 16.1
2010-02-14  19:50:00  11 06 18.2  -04 25 16  +000849.0 -000209.7  20 23 40.0  120.555 20.336  25.08  39841 16.2
2010-02-14  20:00:00  11 15 44.5  -05 00 20  +000850.1 -000211.2  20 24 15.3  121.051 19.953  27.20  39847 16.2
2010-02-14  20:10:00  11 25 11.7  -05 35 38  +000851.4 -000212.4  20 24 49.8  121.544 19.564  29.38  39851 16.2
2010-02-14  20:20:00  11 34 39.8  -06 11 06  +000853.1 -000213.2  20 25 23.2  122.032 19.168  31.59  39853 16.2
2010-02-14  20:30:00  11 44 09.2  -06 46 41  +000855.1 -000213.7  20 25 55.5  122.514 18.766  33.84  39852 16.2
2010-02-14  20:40:00  11 53 40.1  -07 22 19  +000857.4 -000213.9  20 26 26.3  122.989 18.359  36.11  39849 16.3
2010-02-14  20:50:00  12 03 12.5  -07 57 57  +000860.0 -000213.7  20 26 55.5  123.456 17.946  38.41  39843 16.3
2010-02-14  21:00:00  12 12 46.8  -08 33 31  +000863.0 -000213.1  20 27 22.8  123.913 17.528  40.72  39835 16.3
2010-02-14  21:10:00  12 22 23.2  -09 08 58  +000866.2 -000212.2  20 27 48.1  124.360 17.106  43.06  39825 16.3
2010-02-14  21:20:00  12 32 01.8  -09 44 14  +000869.7 -000210.9  20 28 11.1  124.794 16.680  45.41  39813 16.4
2010-02-14  21:30:00  12 41 42.9  -10 19 16  +000873.5 -000209.3  20 28 31.7  125.216 16.250  47.78  39798 16.4
2010-02-14  21:40:00  12 51 26.5  -10 53 59  +000877.6 -000207.3  20 28 49.7  125.623 15.818  50.15  39781 16.4
2010-02-14  21:50:00  13 01 13.0  -11 28 20  +000882.0 -000204.9  20 29 04.8  126.014 15.383  52.55  39762 16.5
2010-02-14  22:00:00  13 11 02.5  -12 02 16  +000886.6 -000202.1  20 29 17.0  126.390 14.946  54.95  39741 16.5
2010-02-14  22:10:00  13 20 55.2  -12 35 41  +000891.5 -000198.9  20 29 25.9  126.747 14.507  57.37  39718 16.5
2010-02-14  22:20:00  13 30 51.2  -13 08 33  +000896.6 -000195.4  20 29 31.5  127.087 14.068  59.79  39693 16.6
2010-02-14  22:30:00  13 40 50.8  -13 40 48  +000902.0 -000191.4  20 29 33.6  127.406 13.630  62.24  39666 16.6
2010-02-14  22:40:00  13 50 53.9  -14 12 21  +000907.6 -000187.1  20 29 32.1  127.705 13.192  64.68  39638 16.7
2010-02-14  22:50:00  14 01 00.9  -14 43 08  +000913.3 -000182.3  20 29 26.8  127.983 12.755  67.15  39607 16.7
2010-02-14  23:00:00  14 11 11.8  -15 13 06  +000919.3 -000177.1  20 29 17.6  128.239 12.321  69.61  39575 16.8
2010-02-14  23:10:00  14 21 26.6  -15 42 10  +000925.4 -000171.6  20 29 04.4  128.472 11.891  72.10  39541 16.8
2010-02-14  23:20:00  14 31 45.6  -16 10 16  +000931.6 -000165.6  20 28 47.0  128.682 11.464  74.58  39506 16.9
2010-02-14  23:30:00  14 42 08.8  -16 37 20  +000938.0 -000159.2  20 28 25.5  128.867 11.042  77.09  39469 16.9
2010-02-14  23:40:00  14 52 36.3  -17 03 18  +000944.4 -000152.4  20 27 59.7  129.027 10.626  79.59  39430 17.0
2010-02-14  23:50:00  15 03 08.0  -17 28 06  +000950.9 -000145.2  20 27 29.6  129.162 10.216  82.12  39390 17.1

   Date        UTC        RA         DECL      RARate   DeclRate    HourAng      Az     Um    Phase  Range  Mag
2010-02-15  16:20:00  09 00 48.2  +02 37 26  +000863.3 -000153.4  19 02 32.0   99.638 12.639  16.97  40706 16.2
2010-02-15  16:30:00  09 10 22.9  +02 11 24  +000860.8 -000159.0  19 02 59.0  100.025 12.397  15.40  40748 16.1
2010-02-15  16:40:00  09 19 56.0  +01 44 27  +000858.6 -000164.2  19 03 27.5  100.426 12.148  14.09  40787 16.1
2010-02-15  16:50:00  09 29 27.7  +01 16 40  +000856.6 -000169.2  19 03 57.4  100.841 11.892  13.10  40824 16.1
2010-02-15  17:00:00  09 38 58.1  +00 48 05  +000854.8 -000173.8  19 04 28.6  101.268 11.630  12.52  40858 16.1
2010-02-15  17:10:00  09 48 27.4  +00 18 45  +000853.2 -000178.2  19 05 01.0  101.706 11.360  12.39  40889 16.1
2010-02-15  17:20:00  09 57 55.8  -00 11 18     <<SHADOW>>        19 05 34.3  102.155 11.084  12.73  40917 ----
2010-02-15  17:30:00  10 07 23.3  -00 41 60     <<SHADOW>>        19 06 08.4  102.613 10.802  13.51  40943 ----
2010-02-15  17:40:00  10 16 50.2  -01 13 19     <<SHADOW>>        19 06 43.1  103.079 10.513  14.64  40965 ----
2010-02-15  17:50:00  10 26 16.7  -01 45 11     <<SHADOW>>        19 07 18.2  103.552 10.218  16.07  40985 ----
