ЭФЕМЕРИДЫ ПО ОБЪЕКТУ:  90191
Для пункта:  10016 Маяки   46 23'50.68"   30 16'17.74"    14m
C   2010-02-01 12:00
по  2010-02-16 12:00
Шаг  0:10:00
Мин.угол места:          10 град
Макс.угол места Солнца: -10 град
Стандартный блеск :      7.0 (зв.вел.)

ОБОЗНАЧЕНИЯ
RA        прямое восхождение, тек.эпоха
DECL      склонение, тек.эпоха
RARate    скорость по пр.восх., арксек/мин
DeclRate  скорость по склонению, арксек/мин
HourAng   часовой угол
Az        азимут
Um        угол места
Phase     фазовый угол
Range     дальность
Mag       зв.величина (оценка)

   Date        UTC        RA         DECL      RARate   DeclRate    HourAng      Az     Um    Phase  Range  Mag
2010-02-01  16:00:00  03 30 08.3  -16 39 39  +002538.3 +000591.6  23 17 56.8  168.763 26.231  88.06  15513 12.9
2010-02-01  16:10:00  03 54 54.5  -15 17 12  +001964.4 +000411.9  23 03 12.3  164.600 27.001  81.99  17589 13.0
2010-02-01  16:20:00  04 14 32.6  -14 18 45  +001593.8 +000297.5  22 53 35.8  161.819 27.476  77.22  19523 13.1
2010-02-01  16:30:00  04 30 45.4  -13 35 56  +001338.8 +000221.2  22 47 24.7  159.983 27.821  73.30  21320 13.2
2010-02-01  16:40:00  04 44 34.9  -13 03 55  +001155.1 +000167.9  22 43 36.8  158.820 28.108  70.02  22983 13.3
2010-02-01  16:50:00  04 56 36.9  -12 39 17  +001017.0 +000129.6  22 41 36.4  158.163 28.377  67.17  24529 13.4
2010-02-01  17:00:00  05 07 17.9  -12 20 10  +000910.3 +000101.1  22 40 57.1  157.891 28.642  64.69  25963 13.5
2010-02-01  17:10:00  05 16 55.7  -12 05 12  +000825.9 +000079.4  22 41 20.9  157.923 28.908  62.47  27292 13.5
2010-02-01  17:20:00  05 25 42.9  -11 53 27  +000757.9 +000062.3  22 42 35.4  158.198 29.177  60.48  28523 13.6
2010-02-01  17:30:00  05 33 49.1  -11 44 14  +000702.3 +000048.7  22 44 30.8  158.674 29.448  58.65  29662 13.6
2010-02-01  17:40:00  05 41 21.4  -11 37 04  +000656.1 +000037.7  22 47 00.1  159.317 29.717  56.99  30714 13.7
2010-02-01  17:50:00  05 48 25.7  -11 31 34  +000617.5 +000028.6  22 49 57.5  160.101 29.983  55.44  31683 13.7
2010-02-01  18:00:00  05 55 06.2  -11 27 28  +000584.9 +000020.9  22 53 18.6  161.006 30.242  54.01  32574 13.8
2010-02-01  18:10:00  06 01 26.7  -11 24 33  +000557.3 +000014.3  22 56 59.8  162.013 30.491  52.66  33390 13.8
2010-02-01  18:20:00  06 07 30.2  -11 22 38  +000533.7 +000008.7  23 00 58.0  163.111 30.727  51.40  34134 13.8
2010-02-01  18:30:00  06 13 19.1  -11 21 37  +000513.6 +000003.7  23 05 10.7  164.285 30.947  50.19  34808 13.8
2010-02-01  18:40:00  06 18 55.7  -11 21 23  +000496.4 -000000.8  23 09 35.8  165.527 31.149  49.06  35416 13.9
2010-02-01  18:50:00  06 24 21.6  -11 21 51  +000481.8 -000004.8  23 14 11.4  166.827 31.331  47.98  35958 13.9
2010-02-01  19:00:00  06 29 38.6  -11 22 57  +000469.5 -000008.4  23 18 56.1  168.177 31.490  46.95  36437 13.9
2010-02-01  19:10:00  06 34 48.1  -11 24 39  +000459.1 -000011.8  23 23 48.2  169.569 31.624  45.96  36853 13.9
2010-02-01  19:20:00  06 39 51.3  -11 26 53  +000450.6 -000015.0  23 28 46.7  170.996 31.732  45.02  37209 13.9
2010-02-01  19:30:00  06 44 49.3  -11 29 39  +000443.7 -000018.1  23 33 50.4  172.453 31.811  44.10  37506 13.9
2010-02-01  19:40:00  06 49 43.2  -11 32 55  +000438.3 -000021.1  23 38 58.1  173.932 31.862  43.23  37744 13.9
2010-02-01  19:50:00  06 54 34.0  -11 36 41  +000434.4 -000024.0  23 44 08.9  175.427 31.882  42.38  37923 13.9
2010-02-01  20:00:00  06 59 22.7  -11 40 56  +000431.8 -000026.9  23 49 21.8  176.933 31.871  41.56  38045 13.9
2010-02-01  20:10:00  07 04 10.2  -11 45 39  +000430.6 -000029.8  23 54 36.1  178.445 31.829  40.77  38110 13.9
2010-02-01  20:20:00  07 08 57.2  -11 50 52  +000430.7 -000032.8  23 59 50.6  179.955 31.755  40.01  38118 13.9
2010-02-01  20:30:00  07 13 44.8  -11 56 35  +000432.2 -000035.9  00 05 04.7  181.459 31.648  39.26  38068 13.9
2010-02-01  20:40:00  07 18 33.7  -12 02 50  +000434.9 -000039.1  00 10 17.4  182.951 31.510  38.55  37962 13.9
2010-02-01  20:50:00  07 23 25.0  -12 09 38  +000439.1 -000042.5  00 15 27.8  184.426 31.339  37.86  37798 13.9
2010-02-01  21:00:00  07 28 19.5  -12 17 00  +000444.7 -000046.1  00 20 35.0  185.877 31.137  37.19  37576 13.8
2010-02-01  21:10:00  07 33 18.2  -12 24 60  +000451.8 -000049.9  00 25 37.9  187.298 30.905  36.55  37295 13.8
2010-02-01  21:20:00  07 38 22.2  -12 33 40  +000460.6 -000054.1  00 30 35.5  188.684 30.642  35.94  36956 13.8
2010-02-01  21:30:00  07 43 32.7  -12 43 04  +000471.2 -000058.8  00 35 26.6  190.027 30.350  35.36  36555 13.8
2010-02-01  21:40:00  07 48 51.0  -12 53 17  +000483.9 -000063.9  00 40 10.0  191.322 30.031  34.81  36094 13.7
2010-02-01  21:50:00  07 54 18.4  -13 04 23  +000498.8 -000069.5  00 44 44.2  192.561 29.684  34.30  35569 13.7
2010-02-01  22:00:00  07 59 56.6  -13 16 30  +000516.3 -000075.9  00 49 07.7  193.736 29.313  33.83  34980 13.7
2010-02-01  22:10:00  08 05 47.4  -13 29 44  +000536.8 -000083.2  00 53 18.5  194.837 28.918  33.40  34324 13.6
2010-02-01  22:20:00  08 11 53.0  -13 44 16  +000560.8 -000091.5  00 57 14.5  195.856 28.500  33.04  33599 13.6
2010-02-01  22:30:00  08 18 16.1  -14 00 17  +000589.0 -000101.0  01 00 53.1  196.779 28.062  32.73  32804 13.5
2010-02-01  22:40:00  08 24 59.4  -14 18 02  +000622.1 -000112.2  01 04 11.4  197.595 27.605  32.51  31934 13.4
2010-02-01  22:50:00  08 32 06.9  -14 37 49  +000661.4 -000125.5  01 07 05.6  198.285 27.129  32.39  30987 13.4
2010-02-01  23:00:00  08 39 43.0  -14 59 60  +000708.3 -000141.3  01 09 31.2  198.831 26.636  32.38  29959 13.3
2010-02-01  23:10:00  08 47 53.4  -15 25 05  +000764.9 -000160.4  01 11 22.4  199.208 26.125  32.52  28846 13.2
2010-02-01  23:20:00  08 56 45.6  -15 53 43  +000834.0 -000184.0  01 12 31.8  199.383 25.595  32.83  27642 13.1
2010-02-01  23:30:00  09 06 29.0  -16 26 45  +000919.7 -000213.5  01 12 50.0  199.317 25.043  33.38  26343 13.0
2010-02-01  23:40:00  09 17 16.8  -17 05 20  +001028.0 -000251.2  01 12 03.9  198.953 24.462  34.21  24942 12.9
2010-02-01  23:50:00  09 29 26.6  -17 51 06  +001168.0 -000300.3  01 09 55.8  198.217 23.837  35.41  23433 12.8
2010-02-02  00:00:00  09 43 24.2  -18 46 21  +001354.6 -000366.1  01 05 59.8  197.003 23.144  37.10  21807 12.7
2010-02-02  00:10:00  09 59 48.1  -19 54 30  +001612.4 -000456.9  00 59 37.5  195.158 22.336  39.45  20057 12.5
2010-02-02  00:20:00  10 19 39.1  -21 20 46  +001985.9 -000586.3  00 49 48.2  192.449 21.324  42.71  18176 12.3
2010-02-02  00:30:00  10 44 39.7  -23 13 18  +002561.6 -000776.9  00 34 49.2  188.508 19.935  47.31  16163 12.1
2010-02-02  00:40:00  11 17 57.8  -25 44 59  +003523.3 -001062.6  00 11 32.7  182.730 17.805  53.95  14027 11.9
2010-02-02  00:50:00  12 05 53.2  -29 14 21  +005300.4 -001466.6  23 33 39.0  174.075 14.129  63.99  11816 11.7

   Date        UTC        RA         DECL      RARate   DeclRate    HourAng      Az     Um    Phase  Range  Mag
2010-02-02  16:10:00  06 56 29.9  -10 55 42  +000463.9 -000020.5  20 05 33.5  120.872 12.440  42.05  38912 14.0
2010-02-02  16:20:00  07 01 37.1  -10 59 21  +000458.2 -000023.3  20 10 27.8  121.897 13.113  41.15  39175 14.0
2010-02-02  16:30:00  07 06 41.1  -11 03 27  +000454.0 -000026.0  20 15 25.5  122.947 13.780  40.28  39376 14.0
2010-02-02  16:40:00  07 11 42.8  -11 08 01  +000451.2 -000028.7  20 20 25.5  124.018 14.437  39.45  39518 14.0
2010-02-02  16:50:00  07 16 43.0  -11 13 01  +000449.7 -000031.4  20 25 26.9  125.107 15.083  38.64  39601 14.0
2010-02-02  17:00:00  07 21 42.7  -11 18 29  +000449.5 -000034.1  20 30 28.9  126.211 15.713  37.87  39625 14.0
2010-02-02  17:10:00  07 26 42.7  -11 24 24  +000450.7 -000036.9  20 35 30.5  127.328 16.326  37.13  39591 14.0
2010-02-02  17:20:00  07 31 43.9  -11 30 47  +000453.2 -000039.8  20 40 30.9  128.454 16.919  36.42  39500 13.9
2010-02-02  17:30:00  07 36 47.2  -11 37 39  +000457.1 -000042.7  20 45 29.2  129.587 17.489  35.73  39351 13.9
2010-02-02  17:40:00  07 41 53.7  -11 45 02  +000462.5 -000045.9  20 50 24.4  130.722 18.033  35.08  39145 13.9
2010-02-02  17:50:00  07 47 04.2  -11 52 58  +000469.4 -000049.3  20 55 15.5  131.857 18.550  34.45  38881 13.9
2010-02-02  18:00:00  07 52 19.9  -12 01 28  +000478.0 -000052.8  21 00 01.5  132.986 19.035  33.87  38560 13.9
2010-02-02  18:10:00  07 57 41.9  -12 10 36  +000488.4 -000056.7  21 04 41.1  134.106 19.487  33.32  38180 13.8
2010-02-02  18:20:00  08 03 11.6  -12 20 24  +000500.8 -000061.0  21 09 13.1  135.210 19.902  32.81  37742 13.8
2010-02-02  18:30:00  08 08 50.2  -12 30 56  +000515.5 -000065.6  21 13 36.1  136.294 20.276  32.34  37244 13.8
2010-02-02  18:40:00  08 14 39.5  -12 42 18  +000532.8 -000070.7  21 17 48.5  137.350 20.607  31.92  36686 13.7
2010-02-02  18:50:00  08 20 41.2  -12 54 33  +000553.0 -000076.5  21 21 48.4  138.371 20.889  31.56  36066 13.7
2010-02-02  19:00:00  08 26 57.5  -13 07 49  +000576.5 -000082.9  21 25 33.8  139.349 21.120  31.27  35384 13.7
2010-02-02  19:10:00  08 33 30.8  -13 22 14  +000604.1 -000090.2  21 29 02.1  140.273 21.292  31.05  34637 13.6
2010-02-02  19:20:00  08 40 24.0  -13 37 56  +000636.4 -000098.5  21 32 10.6  141.131 21.402  30.92  33825 13.5
2010-02-02  19:30:00  08 47 40.6  -13 55 07  +000674.4 -000108.0  21 34 55.6  141.911 21.440  30.90  32944 13.5
2010-02-02  19:40:00  08 55 24.7  -14 14 01  +000719.4 -000119.1  21 37 13.1  142.596 21.398  31.00  31994 13.4
2010-02-02  19:50:00  09 03 41.6  -14 34 55  +000773.0 -000132.0  21 38 57.8  143.166 21.265  31.25  30972 13.4
2010-02-02  20:00:00  09 12 37.7  -14 58 09  +000837.4 -000147.3  21 40 03.4  143.599 21.027  31.68  29875 13.3
2010-02-02  20:10:00  09 22 21.2  -15 24 11  +000915.8 -000165.6  21 40 21.5  143.866 20.665  32.34  28700 13.2
2010-02-02  20:20:00  09 33 02.7  -15 53 35  +001012.3 -000187.7  21 39 41.7  143.932 20.153  33.26  27444 13.1
2010-02-02  20:30:00  09 44 56.2  -16 27 02  +001133.0 -000214.7  21 37 49.8  143.752 19.458  34.51  26105 13.0
2010-02-02  20:40:00  09 58 20.6  -17 05 28  +001286.9 -000247.9  21 34 27.0  143.269 18.533  36.17  24679 12.9
2010-02-02  20:50:00  10 13 42.2  -17 50 07  +001487.3 -000289.4  21 29 07.1  142.409 17.308  38.36  23165 12.8
2010-02-02  21:00:00  10 31 38.4  -18 42 32  +001755.4 -000341.5  21 21 12.6  141.069 15.683  41.21  21561 12.7
2010-02-02  21:10:00  10 53 04.8  -19 44 42  +002125.1 -000406.7  21 09 47.8  139.112 13.506  44.97  19871 12.6
2010-02-02  21:20:00  11 19 26.3  -20 58 54  +002653.3 -000486.1  20 53 27.9  136.337 10.537  49.93  18104 12.4

   Date        UTC        RA         DECL      RARate   DeclRate    HourAng      Az     Um    Phase  Range  Mag
2010-02-03  20:50:00  03 52 30.7  -12 39 30  +001544.7 +000143.3  03 54 15.2  238.028 11.085  83.52  23501 13.7
2010-02-03  21:00:00  04 08 28.8  -12 18 03  +001338.7 +000115.4  03 48 18.7  237.056 12.236  79.73  25041 13.7
2010-02-03  21:10:00  04 22 26.4  -12 00 45  +001179.8 +000093.6  03 44 22.7  236.435 13.036  76.42  26495 13.8
2010-02-03  21:20:00  04 34 49.7  -11 46 40  +001054.5 +000076.3  03 42 01.1  236.096 13.565  73.52  27867 13.8
2010-02-03  21:30:00  04 45 58.0  -11 35 09  +000954.0 +000062.3  03 40 54.5  235.984 13.879  70.91  29159 13.8
2010-02-03  21:40:00  04 56 05.8  -11 25 45  +000872.2 +000051.0  03 40 48.3  236.057 14.022  68.57  30372 13.9
2010-02-03  21:50:00  05 05 24.2  -11 18 04  +000804.8 +000041.5  03 41 31.6  236.282 14.022  66.42  31509 13.9
2010-02-03  22:00:00  05 14 01.5  -11 11 49  +000748.7 +000033.7  03 42 55.9  236.633 13.904  64.46  32572 13.9
2010-02-03  22:10:00  05 22 04.4  -11 06 47  +000701.6 +000027.0  03 44 54.6  237.088 13.687  62.63  33563 14.0
2010-02-03  22:20:00  05 29 38.5  -11 02 47  +000661.7 +000021.2  03 47 22.1  237.629 13.383  60.94  34485 14.0
2010-02-03  22:30:00  05 36 48.1  -10 59 40  +000627.8 +000016.2  03 50 14.2  238.241 13.006  59.34  35340 14.0
2010-02-03  22:40:00  05 43 36.7  -10 57 21  +000598.9 +000011.8  03 53 27.2  238.913 12.564  57.84  36129 14.0
2010-02-03  22:50:00  05 50 07.6  -10 55 43  +000574.1 +000007.9  03 56 58.0  239.633 12.065  56.42  36854 14.1
2010-02-03  23:00:00  05 56 23.1  -10 54 42  +000552.9 +000004.4  04 00 44.2  240.394 11.515  55.07  37516 14.1
2010-02-03  23:10:00  06 02 25.5  -10 54 15  +000534.8 +000001.1  04 04 43.4  241.187 10.921  53.77  38117 14.1
2010-02-03  23:20:00  06 08 16.7  -10 54 18  +000519.3 -000001.8  04 08 53.8  242.006 10.287  52.54  38657 14.1

   Date        UTC        RA         DECL      RARate   DeclRate    HourAng      Az     Um    Phase  Range  Mag
2010-02-04  16:50:00  01 33 13.6  -21 28 33  +006027.7 +001074.6  02 16 49.4  212.863 15.405 118.57  11236 13.3
2010-02-04  17:00:00  02 29 08.9  -18 56 45  +004064.3 +000789.3  01 30 55.8  203.131 21.501 105.23  13267 13.1
2010-02-04  17:10:00  03 07 30.6  -17 05 19  +002938.1 +000561.4  01 02 35.7  196.523 24.960  95.93  15326 13.1
2010-02-04  17:20:00  03 36 03.7  -15 45 35  +002252.7 +000405.6  00 44 04.2  191.919 27.053  88.99  17311 13.2
2010-02-04  17:30:00  03 58 27.5  -14 47 19  +001807.4 +000300.3  00 31 42.1  188.717 28.398  83.56  19191 13.2
2010-02-04  17:40:00  04 16 44.6  -14 03 42  +001501.4 +000227.4  00 23 26.6  186.523 29.311  79.15  20956 13.3
2010-02-04  17:50:00  04 32 08.5  -13 30 22  +001281.5 +000175.4  00 18 04.3  185.072 29.959  75.45  22609 13.4
2010-02-04  18:00:00  04 45 25.8  -13 04 27  +001117.6 +000137.4  00 14 48.7  184.184 30.435  72.29  24152 13.5
2010-02-04  18:10:00  04 57 07.5  -12 44 05  +000991.9 +000108.8  00 13 08.6  183.732 30.794  69.53  25590 13.5
2010-02-04  18:20:00  05 07 34.6  -12 27 52  +000893.1 +000086.8  00 12 43.2  183.625 31.069  67.09  26931 13.6
2010-02-04  18:30:00  05 17 02.7  -12 14 54  +000813.9 +000069.5  00 13 16.7  183.796 31.278  64.89  28179 13.6
2010-02-04  18:40:00  05 25 43.1  -12 04 31  +000749.4 +000055.6  00 14 37.9  184.193 31.435  62.91  29339 13.7
2010-02-04  18:50:00  05 33 44.5  -11 56 13  +000696.2 +000044.3  00 16 38.2  184.776 31.546  61.08  30416 13.7
2010-02-04  19:00:00  05 41 13.4  -11 49 38  +000651.8 +000035.0  00 19 10.9  185.514 31.616  59.40  31412 13.8
2010-02-04  19:10:00  05 48 15.2  -11 44 29  +000614.5 +000027.1  00 22 10.8  186.381 31.648  57.83  32333 13.8
2010-02-04  19:20:00  05 54 54.1  -11 40 32  +000583.0 +000020.4  00 25 33.5  187.355 31.644  56.38  33181 13.8
2010-02-04  19:30:00  06 01 13.6  -11 37 38  +000556.1 +000014.6  00 29 15.7  188.420 31.605  55.00  33958 13.9
2010-02-04  19:40:00  06 07 16.6  -11 35 38  +000533.3 +000009.5  00 33 14.4  189.561 31.531  53.70  34667 13.9
2010-02-04  19:50:00  06 13 05.4  -11 34 26  +000513.7 +000005.0  00 37 27.2  190.765 31.422  52.47  35310 13.9
2010-02-04  20:00:00  06 18 42.2  -11 33 56  +000497.0 +000001.0  00 41 52.1  192.020 31.280  51.30  35889 13.9
2010-02-04  20:10:00  06 24 08.7  -11 34 05  +000482.9 -000002.7  00 46 27.2  193.317 31.104  50.17  36406 13.9
2010-02-04  20:20:00  06 29 26.5  -11 34 50  +000470.9 -000006.1  00 51 11.0  194.646 30.895  49.10  36861 14.0
2010-02-04  20:30:00  06 34 37.0  -11 36 07  +000460.9 -000009.3  00 56 02.1  196.000 30.653  48.06  37256 14.0
2010-02-04  20:40:00  06 39 41.5  -11 37 56  +000452.7 -000012.4  01 00 59.3  197.372 30.378  47.07  37591 14.0
2010-02-04  20:50:00  06 44 41.1  -11 40 15  +000446.2 -000015.3  01 06 01.4  198.754 30.071  46.10  37869 14.0
2010-02-04  21:00:00  06 49 36.8  -11 43 02  +000441.1 -000018.1  01 11 07.3  200.142 29.733  45.16  38088 14.0
2010-02-04  21:10:00  06 54 29.6  -11 46 18  +000437.5 -000021.0  01 16 16.2  201.528 29.365  44.25  38250 14.0
2010-02-04  21:20:00  06 59 20.4  -11 50 01  +000435.3 -000023.8  01 21 26.9  202.908 28.968  43.37  38355 14.0
2010-02-04  21:30:00  07 04 10.3  -11 54 13  +000434.4 -000026.6  01 26 38.7  204.277 28.542  42.51  38403 14.0
2010-02-04  21:40:00  07 08 59.9  -11 58 54  +000434.8 -000029.5  01 31 50.7  205.630 28.089  41.68  38393 13.9
2010-02-04  21:50:00  07 13 50.3  -12 04 04  +000436.6 -000032.6  01 37 02.0  206.962 27.611  40.86  38326 13.9
2010-02-04  22:00:00  07 18 42.4  -12 09 46  +000439.7 -000035.8  01 42 11.6  208.270 27.109  40.07  38201 13.9
2010-02-04  22:10:00  07 23 36.9  -12 16 00  +000444.2 -000039.1  01 47 18.7  209.548 26.585  39.29  38018 13.9
2010-02-04  22:20:00  07 28 34.9  -12 22 49  +000450.1 -000042.7  01 52 22.3  210.792 26.040  38.54  37775 13.9
2010-02-04  22:30:00  07 33 37.4  -12 30 16  +000457.6 -000046.6  01 57 21.5  211.998 25.477  37.80  37473 13.8
2010-02-04  22:40:00  07 38 45.4  -12 38 23  +000466.8 -000050.9  02 02 15.1  213.161 24.897  37.09  37109 13.8
2010-02-04  22:50:00  07 44 00.1  -12 47 15  +000477.8 -000055.6  02 07 02.0  214.277 24.304  36.40  36683 13.8
2010-02-04  23:00:00  07 49 22.9  -12 56 56  +000490.9 -000060.8  02 11 40.9  215.340 23.698  35.73  36193 13.7
2010-02-04  23:10:00  07 54 55.1  -13 07 33  +000506.3 -000066.6  02 16 10.3  216.345 23.084  35.10  35638 13.7
2010-02-04  23:20:00  08 00 38.5  -13 19 11  +000524.3 -000073.2  02 20 28.6  217.284 22.464  34.50  35014 13.7
2010-02-04  23:30:00  08 06 34.9  -13 32 01  +000545.4 -000080.8  02 24 33.9  218.151 21.840  33.93  34321 13.6
2010-02-04  23:40:00  08 12 46.5  -13 46 11  +000570.1 -000089.5  02 28 23.9  218.937 21.216  33.42  33555 13.6
2010-02-04  23:50:00  08 19 15.9  -14 01 56  +000599.1 -000099.7  02 31 56.1  219.631 20.596  32.96  32713 13.5
2010-02-05  00:00:00  08 26 06.4  -14 19 30  +000633.3 -000111.6  02 35 07.3  220.221 19.983  32.58  31792 13.4
2010-02-05  00:10:00  08 33 21.7  -14 39 16  +000673.9 -000126.0  02 37 53.6  220.691 19.380  32.28  30788 13.4
2010-02-05  00:20:00  08 41 06.6  -15 01 40  +000722.5 -000143.3  02 40 10.4  221.022 18.793  32.10  29695 13.3
2010-02-05  00:30:00  08 49 27.2  -15 27 16  +000781.4 -000164.7  02 41 51.4  221.189 18.226  32.05  28510 13.2
2010-02-05  00:40:00  08 58 31.3  -15 56 51  +000853.8 -000191.4  02 42 48.9  221.158 17.682  32.19  27224 13.1
2010-02-05  00:50:00  09 08 29.4  -16 31 29  +000944.2 -000225.7  02 42 52.4  220.886 17.166  32.57  25832 13.0
2010-02-05  01:00:00  09 19 35.7  -17 12 40  +001059.7 -000270.5  02 41 47.8  220.312 16.681  33.24  24325 12.9
2010-02-05  01:10:00  09 32 10.2  -18 02 32  +001211.4 -000331.1  02 39 14.9  219.349 16.226  34.33  22693 12.7
2010-02-05  01:20:00  09 46 42.8  -19 04 20  +001417.8 -000415.5  02 34 44.0  217.871 15.794  35.97  20925 12.6
2010-02-05  01:30:00  10 03 59.5  -20 23 09  +001711.5 -000538.5  02 27 29.0  215.681 15.362  38.37  19009 12.4
2010-02-05  01:40:00  10 25 17.4  -22 07 23  +002156.3 -000726.6  02 16 12.7  212.460 14.869  41.89  16933 12.2
2010-02-05  01:50:00  10 52 56.7  -24 31 43  +002890.0 -001031.4  01 58 35.0  207.652 14.162  47.12  14688 11.9
2010-02-05  02:00:00  11 31 46.2  -28 02 57  +004257.9 -001550.7  01 29 47.2  200.218 12.828  55.18  12287 11.7

   Date        UTC        RA         DECL      RARate   DeclRate    HourAng      Az     Um    Phase  Range  Mag
2010-02-05  16:10:00  06 15 52.9  -11 21 58  +000558.1 +000013.5  20 58 00.1  132.176 19.341  52.37  33938 13.8
2010-02-05  16:20:00  06 21 57.3  -11 20 12  +000535.7 +000007.8  21 01 57.3  133.040 19.868  51.08  34695 13.8
2010-02-05  16:30:00  06 27 47.9  -11 19 20  +000516.5 +000002.8  21 06 08.4  133.972 20.404  49.86  35380 13.9
2010-02-05  16:40:00  06 33 26.6  -11 19 15  +000500.1 -000001.7  21 10 31.3  134.964 20.944  48.70  35994 13.9
2010-02-05  16:50:00  06 38 55.2  -11 19 52  +000486.1 -000005.6  21 15 04.4  136.011 21.486  47.59  36540 13.9
2010-02-05  17:00:00  06 44 15.2  -11 21 06  +000474.3 -000009.3  21 19 46.0  137.106 22.024  46.53  37020 13.9
2010-02-05  17:10:00  06 49 28.0  -11 22 56  +000464.4 -000012.6  21 24 34.8  138.245 22.556  45.51  37435 13.9
2010-02-05  17:20:00  06 54 34.8  -11 25 19  +000456.3 -000015.8  21 29 29.7  139.422 23.078  44.53  37789 13.9
2010-02-05  17:30:00  06 59 36.7  -11 28 12  +000449.7 -000018.8  21 34 29.4  140.635 23.589  43.58  38080 13.9
2010-02-05  17:40:00  07 04 34.8  -11 31 34  +000444.7 -000021.7  21 39 33.0  141.879 24.084  42.67  38312 13.9
2010-02-05  17:50:00  07 09 29.9  -11 35 26  +000441.0 -000024.6  21 44 39.5  143.150 24.562  41.79  38484 13.9
2010-02-05  18:00:00  07 14 23.1  -11 39 45  +000438.8 -000027.4  21 49 47.9  144.444 25.020  40.94  38598 13.9
2010-02-05  18:10:00  07 19 15.2  -11 44 33  +000437.8 -000030.2  21 54 57.5  145.757 25.456  40.11  38654 13.9
2010-02-05  18:20:00  07 24 07.2  -11 49 49  +000438.2 -000033.1  22 00 07.2  147.086 25.867  39.31  38653 13.9
2010-02-05  18:30:00  07 28 59.8  -11 55 35  +000439.9 -000036.0  22 05 16.2  148.426 26.252  38.53  38594 13.9
2010-02-05  18:40:00  07 33 54.0  -12 01 50  +000443.0 -000039.1  22 10 23.6  149.772 26.609  37.78  38478 13.9
2010-02-05  18:50:00  07 38 50.7  -12 08 37  +000447.4 -000042.3  22 15 28.6  151.121 26.935  37.05  38304 13.9
2010-02-05  19:00:00  07 43 50.9  -12 15 57  +000453.4 -000045.7  22 20 30.0  152.467 27.229  36.34  38074 13.9
2010-02-05  19:10:00  07 48 55.6  -12 23 52  +000460.9 -000049.4  22 25 27.0  153.804 27.490  35.66  37785 13.8
2010-02-05  19:20:00  07 54 05.8  -12 32 25  +000470.2 -000053.3  22 30 18.4  155.127 27.715  35.01  37439 13.8
2010-02-05  19:30:00  07 59 22.9  -12 41 39  +000481.3 -000057.6  22 35 03.0  156.430 27.903  34.38  37033 13.8
2010-02-05  19:40:00  08 04 48.0  -12 51 39  +000494.6 -000062.4  22 39 39.5  157.705 28.052  33.80  36568 13.7
2010-02-05  19:50:00  08 10 22.8  -13 02 28  +000510.2 -000067.6  22 44 06.3  158.944 28.162  33.24  36041 13.7
2010-02-05  20:00:00  08 16 08.9  -13 14 13  +000528.5 -000073.4  22 48 21.9  160.139 28.229  32.73  35453 13.7
2010-02-05  20:10:00  08 22 08.2  -13 26 59  +000549.9 -000080.0  22 52 24.3  161.280 28.252  32.26  34801 13.6
2010-02-05  20:20:00  08 28 22.9  -13 40 56  +000575.0 -000087.5  22 56 11.1  162.356 28.228  31.85  34083 13.6
2010-02-05  20:30:00  08 34 55.8  -13 56 13  +000604.4 -000096.1  22 59 39.9  163.353 28.156  31.51  33299 13.5
2010-02-05  20:40:00  08 41 50.0  -14 13 02  +000639.1 -000106.0  23 02 47.4  164.258 28.032  31.25  32445 13.5
2010-02-05  20:50:00  08 49 09.3  -14 31 38  +000680.0 -000117.6  23 05 29.7  165.053 27.851  31.09  31519 13.4
2010-02-05  21:00:00  08 56 58.4  -14 52 20  +000728.8 -000131.2  23 07 42.3  165.717 27.608  31.05  30518 13.3
2010-02-05  21:10:00  09 05 23.1  -15 15 31  +000787.5 -000147.5  23 09 19.2  166.224 27.294  31.16  29439 13.3
2010-02-05  21:20:00  09 14 31.0  -15 41 40  +000858.8 -000167.1  23 10 12.9  166.546 26.901  31.45  28278 13.2
2010-02-05  21:30:00  09 24 31.7  -16 11 28  +000946.6 -000191.2  23 10 13.8  166.642 26.412  31.98  27032 13.1
2010-02-05  21:40:00  09 35 38.0  -16 45 44  +001056.7 -000221.1  23 09 09.2  166.465 25.806  32.80  25697 13.0
2010-02-05  21:50:00  09 48 07.3  -17 25 35  +001197.4 -000258.8  23 06 41.5  165.950 25.050  34.00  24267 12.9
2010-02-05  22:00:00  10 02 24.0  -18 12 35  +001381.5 -000307.2  23 02 26.5  165.013 24.096  35.68  22740 12.7
2010-02-05  22:10:00  10 19 03.3  -19 08 49  +001629.7 -000370.4  22 55 48.9  163.537 22.868  38.00  21110 12.6
2010-02-05  22:20:00  10 38 58.3  -20 17 12  +001976.4 -000454.2  22 45 55.5  161.359 21.242  41.16  19377 12.4
2010-02-05  22:30:00  11 03 33.0  -21 41 44  +002482.1 -000565.6  22 31 22.4  158.245 19.013  45.52  17546 12.3
2010-02-05  22:40:00  11 35 06.6  -23 27 35  +003258.6 -000709.9  22 09 50.5  153.842 15.824  51.57  15631 12.1
2010-02-05  22:50:00  12 17 42.5  -25 39 30  +004516.7 -000871.9  21 37 16.2  147.610 11.034  60.22  13675 12.0

   Date        UTC        RA         DECL      RARate   DeclRate    HourAng      Az     Um    Phase  Range  Mag
2010-02-07  18:10:00  02 05 37.4  -18 14 60  +004329.6 +000613.2  03 16 28.5  227.150 11.648 113.18  13880 13.6
2010-02-07  18:20:00  02 46 55.5  -16 44 57  +003191.0 +000470.8  02 45 12.0  221.288 16.705 103.24  15793 13.4
2010-02-07  18:30:00  03 18 41.6  -15 39 31  +002467.9 +000357.7  02 23 27.5  216.905 20.042  95.57  17659 13.4
2010-02-07  18:40:00  03 43 14.7  -14 47 15  +001981.4 +000273.9  02 08 56.1  213.872 22.285  89.63  19475 13.4
2010-02-07  18:50:00  04 03 16.4  -14 06 57  +001642.3 +000212.8  01 58 56.0  211.726 23.839  84.79  21200 13.5
2010-02-07  19:00:00  04 20 05.3  -13 35 26  +001396.7 +000167.6  01 52 08.7  210.253 24.930  80.76  22830 13.5
2010-02-07  19:10:00  04 34 32.5  -13 10 28  +001213.0 +000133.6  01 47 43.2  209.300 25.699  77.29  24363 13.6
2010-02-07  19:20:00  04 47 12.2  -12 50 28  +001071.8 +000107.5  01 45 05.1  208.757 26.232  74.29  25802 13.6
2010-02-07  19:30:00  04 58 28.4  -12 34 18  +000960.9 +000087.2  01 43 50.5  208.541 26.588  71.62  27150 13.7
2010-02-07  19:40:00  05 08 38.5  -12 21 11  +000872.1 +000071.0  01 43 42.1  208.588 26.806  69.24  28410 13.7
2010-02-07  19:50:00  05 17 55.0  -12 10 28  +000799.9 +000057.9  01 44 27.2  208.849 26.912  67.07  29588 13.8
2010-02-07  20:00:00  05 26 27.9  -12 01 45  +000740.4 +000047.2  01 45 56.0  209.286 26.924  65.10  30685 13.8
2010-02-07  20:10:00  05 34 24.5  -11 54 39  +000690.8 +000038.2  01 48 01.1  209.868 26.858  63.27  31706 13.9
2010-02-07  20:20:00  05 41 50.8  -11 48 55  +000649.2 +000030.7  01 50 36.4  210.569 26.722  61.58  32654 13.9
2010-02-07  20:30:00  05 48 51.6  -11 44 21  +000614.0 +000024.2  01 53 37.3  211.369 26.526  59.99  33530 13.9
2010-02-07  20:40:00  05 55 30.7  -11 40 47  +000584.1 +000018.7  01 56 59.8  212.250 26.274  58.51  34337 13.9
2010-02-07  20:50:00  06 01 51.4  -11 38 06  +000558.6 +000013.8  02 00 40.7  213.198 25.973  57.10  35078 14.0
2010-02-07  21:00:00  06 07 56.4  -11 36 11  +000536.8 +000009.4  02 04 37.4  214.199 25.625  55.77  35754 14.0
2010-02-07  21:10:00  06 13 47.9  -11 34 56  +000518.2 +000005.5  02 08 47.5  215.244 25.234  54.49  36367 14.0
2010-02-07  21:20:00  06 19 27.9  -11 34 20  +000502.3 +000001.9  02 13 09.1  216.323 24.804  53.28  36918 14.0
2010-02-07  21:30:00  06 24 58.2  -11 34 17  +000488.9 -000001.4  02 17 40.5  217.427 24.337  52.10  37408 14.0
2010-02-07  21:40:00  06 30 20.2  -11 34 46  +000477.5 -000004.4  02 22 20.1  218.550 23.835  50.98  37838 14.0
2010-02-07  21:50:00  06 35 35.4  -11 35 45  +000468.1 -000007.3  02 27 06.6  219.685 23.301  49.89  38209 14.0
2010-02-07  22:00:00  06 40 44.8  -11 37 13  +000460.4 -000010.1  02 31 58.8  220.827 22.736  48.84  38522 14.0
2010-02-07  22:10:00  06 45 49.6  -11 39 07  +000454.4 -000012.8  02 36 55.6  221.971 22.144  47.81  38777 14.0
2010-02-07  22:20:00  06 50 50.9  -11 41 29  +000449.8 -000015.5  02 41 56.0  223.112 21.526  46.81  38975 14.0
2010-02-07  22:30:00  06 55 49.7  -11 44 16  +000446.7 -000018.1  02 46 58.9  224.246 20.884  45.83  39115 14.0
2010-02-07  22:40:00  07 00 46.8  -11 47 31  +000444.9 -000020.8  02 52 03.4  225.369 20.221  44.89  39197 14.0
2010-02-07  22:50:00  07 05 43.1  -11 51 12  +000444.4 -000023.5  02 57 08.7  226.477 19.538  43.95  39222 14.0
2010-02-07  23:00:00  07 10 39.7  -11 55 20  +000445.3 -000026.3  03 02 13.8  227.568 18.837  43.04  39189 14.0
2010-02-07  23:10:00  07 15 37.2  -11 59 57  +000447.5 -000029.2  03 07 17.9  228.639 18.121  42.14  39098 14.0
2010-02-07  23:20:00  07 20 36.6  -12 05 04  +000451.1 -000032.2  03 12 20.1  229.684 17.392  41.27  38948 14.0
2010-02-07  23:30:00  07 25 38.9  -12 10 42  +000456.1 -000035.5  03 17 19.5  230.703 16.652  40.40  38738 13.9
2010-02-07  23:40:00  07 30 45.0  -12 16 54  +000462.5 -000039.0  03 22 15.0  231.691 15.904  39.55  38467 13.9
2010-02-07  23:50:00  07 35 56.0  -12 23 43  +000470.6 -000042.8  03 27 05.7  232.645 15.150  38.72  38135 13.9
2010-02-08  00:00:00  07 41 12.8  -12 31 12  +000480.3 -000047.0  03 31 50.5  233.561 14.393  37.91  37739 13.9
2010-02-08  00:10:00  07 46 36.8  -12 39 25  +000492.0 -000051.6  03 36 28.2  234.435 13.635  37.10  37278 13.8
2010-02-08  00:20:00  07 52 09.2  -12 48 26  +000505.7 -000056.8  03 40 57.4  235.263 12.880  36.33  36751 13.8
2010-02-08  00:30:00  07 57 51.6  -12 58 23  +000521.9 -000062.6  03 45 16.7  236.039 12.130  35.57  36155 13.7
2010-02-08  00:40:00  08 03 45.6  -13 09 21  +000540.8 -000069.2  03 49 24.3  236.758 11.390  34.84  35488 13.7
2010-02-08  00:50:00  08 09 53.3  -13 21 30  +000562.8 -000076.8  03 53 18.3  237.413 10.662  34.14  34747 13.6

   Date        UTC        RA         DECL      RARate   DeclRate    HourAng      Az     Um    Phase  Range  Mag
2010-02-08  16:10:00  05 14 59.4  -13 03 01  +000962.9 +000123.8  22 10 43.2  150.257 25.683  68.73  25169 13.5
2010-02-08  16:20:00  05 25 08.5  -12 44 41  +000867.7 +000097.4  22 10 35.8  150.106 25.958  66.33  26574 13.5
2010-02-08  16:30:00  05 34 20.8  -12 30 12  +000791.9 +000077.1  22 11 25.2  150.221 26.255  64.17  27874 13.6
2010-02-08  16:40:00  05 42 47.6  -12 18 44  +000730.3 +000061.2  22 12 60.0  150.550 26.568  62.22  29075 13.7
2010-02-08  16:50:00  05 50 37.1  -12 09 39  +000679.6 +000048.4  22 15 12.1  151.057 26.896  60.42  30185 13.7
2010-02-08  17:00:00  05 57 55.7  -12 02 29  +000637.4 +000037.9  22 17 55.1  151.714 27.232  58.77  31208 13.7
2010-02-08  17:10:00  06 04 48.5  -11 56 55  +000601.9 +000029.2  22 21 04.0  152.498 27.574  57.22  32149 13.8
2010-02-08  17:20:00  06 11 19.6  -11 52 41  +000571.9 +000021.9  22 24 34.6  153.391 27.916  55.78  33011 13.8
2010-02-08  17:30:00  06 17 32.1  -11 49 35  +000546.4 +000015.6  22 28 23.7  154.380 28.255  54.41  33799 13.8
2010-02-08  17:40:00  06 23 29.0  -11 47 27  +000524.6 +000010.1  22 32 28.5  155.451 28.587  53.12  34515 13.9
2010-02-08  17:50:00  06 29 12.4  -11 46 10  +000506.1 +000005.3  22 36 46.7  156.595 28.909  51.89  35161 13.9
2010-02-08  18:00:00  06 34 44.4  -11 45 39  +000490.2 +000001.0  22 41 16.4  157.803 29.218  50.72  35741 13.9
2010-02-08  18:10:00  06 40 06.6  -11 45 49  +000476.7 -000002.9  22 45 55.8  159.067 29.510  49.60  36255 13.9
2010-02-08  18:20:00  06 45 20.5  -11 46 36  +000465.4 -000006.5  22 50 43.5  160.380 29.784  48.53  36706 13.9
2010-02-08  18:30:00  06 50 27.5  -11 47 58  +000455.9 -000009.8  22 55 38.1  161.736 30.037  47.49  37095 13.9
2010-02-08  18:40:00  06 55 28.8  -11 49 52  +000448.2 -000013.0  23 00 38.5  163.128 30.266  46.49  37424 13.9
2010-02-08  18:50:00  07 00 25.5  -11 52 17  +000442.1 -000016.0  23 05 43.5  164.551 30.471  45.51  37692 13.9
2010-02-08  19:00:00  07 05 18.6  -11 55 12  +000437.4 -000018.9  23 10 52.0  165.998 30.648  44.58  37903 13.9
2010-02-08  19:10:00  07 10 09.0  -11 58 35  +000434.1 -000021.8  23 16 03.3  167.465 30.798  43.66  38055 13.9
2010-02-08  19:20:00  07 14 57.7  -12 02 27  +000432.2 -000024.6  23 21 16.2  168.946 30.918  42.77  38149 13.9
2010-02-08  19:30:00  07 19 45.5  -12 06 48  +000431.6 -000027.5  23 26 30.0  170.436 31.007  41.90  38186 13.9
2010-02-08  19:40:00  07 24 33.5  -12 11 38  +000432.3 -000030.5  23 31 43.7  171.929 31.065  41.06  38166 13.9
2010-02-08  19:50:00  07 29 22.3  -12 16 58  +000434.4 -000033.5  23 36 56.5  173.419 31.091  40.23  38089 13.9
2010-02-08  20:00:00  07 34 12.9  -12 22 49  +000437.8 -000036.7  23 42 07.5  174.902 31.085  39.42  37955 13.9
2010-02-08  20:10:00  07 39 06.4  -12 29 13  +000442.6 -000040.1  23 47 15.7  176.370 31.046  38.63  37763 13.9
2010-02-08  20:20:00  07 44 03.5  -12 36 11  +000449.0 -000043.6  23 52 20.3  177.820 30.974  37.86  37514 13.8
2010-02-08  20:30:00  07 49 05.3  -12 43 47  +000456.9 -000047.5  23 57 20.0  179.243 30.870  37.11  37205 13.8
2010-02-08  20:40:00  07 54 13.1  -12 52 02  +000466.6 -000051.7  00 02 13.9  180.633 30.733  36.38  36838 13.8
2010-02-08  20:50:00  07 59 27.9  -13 01 02  +000478.2 -000056.3  00 07 00.8  181.984 30.564  35.67  36410 13.8
2010-02-08  21:00:00  08 04 51.1  -13 10 50  +000491.9 -000061.4  00 11 39.2  183.288 30.364  34.98  35920 13.7
2010-02-08  21:10:00  08 10 24.3  -13 21 32  +000508.1 -000067.1  00 16 07.6  184.537 30.134  34.32  35367 13.7
2010-02-08  21:20:00  08 16 09.2  -13 33 14  +000527.1 -000073.5  00 20 24.4  185.721 29.873  33.70  34750 13.6
2010-02-08  21:30:00  08 22 07.7  -13 46 05  +000549.2 -000080.8  00 24 27.5  186.832 29.583  33.11  34066 13.6
2010-02-08  21:40:00  08 28 22.3  -14 00 14  +000575.2 -000089.2  00 28 14.5  187.858 29.265  32.56  33313 13.5
2010-02-08  21:50:00  08 34 55.7  -14 15 53  +000605.8 -000098.9  00 31 42.8  188.785 28.919  32.07  32489 13.5
2010-02-08  22:00:00  08 41 51.2  -14 33 17  +000641.8 -000110.2  00 34 48.9  189.598 28.545  31.66  31590 13.4
2010-02-08  22:10:00  08 49 12.9  -14 52 44  +000684.7 -000123.7  00 37 28.9  190.280 28.144  31.33  30615 13.3
2010-02-08  22:20:00  08 57 05.9  -15 14 39  +000736.0 -000139.8  00 39 37.5  190.807 27.714  31.11  29558 13.3
2010-02-08  22:30:00  09 05 36.6  -15 39 32  +000798.2 -000159.4  00 41 08.5  191.151 27.254  31.04  28416 13.2
2010-02-08  22:40:00  09 14 53.3  -16 08 02  +000874.6 -000183.6  00 41 53.5  191.277 26.758  31.15  27183 13.1
2010-02-08  22:50:00  09 25 06.8  -16 41 05  +000969.8 -000214.0  00 41 41.6  191.138 26.220  31.50  25856 13.0
2010-02-08  23:00:00  09 36 32.0  -17 19 51  +001091.1 -000252.9  00 40 18.0  190.674 25.625  32.16  24427 12.9
2010-02-08  23:10:00  09 49 29.6  -18 06 03  +001249.3 -000303.9  00 37 22.1  189.798 24.951  33.24  22890 12.7
2010-02-08  23:20:00  10 04 29.6  -19 02 07  +001462.3 -000372.4  00 32 23.7  188.393 24.158  34.87  21238 12.6
2010-02-08  23:30:00  10 22 17.7  -20 11 36  +001760.2 -000466.8  00 24 37.2  186.284 23.176  37.26  19466 12.4
2010-02-08  23:40:00  10 44 07.0  -21 39 54  +002198.1 -000600.9  00 12 49.6  183.211 21.876  40.72  17568 12.2
2010-02-08  23:50:00  11 12 02.1  -23 35 14  +002883.4 -000795.4  23 54 56.1  178.765 20.006  45.75  15550 12.0
2010-02-09  00:00:00  11 49 54.2  -26 09 42  +004044.3 -001073.2  23 27 05.6  172.280 17.059  53.20  13434 11.8
2010-02-09  00:10:00  12 45 27.2  -29 36 20  +006188.2 -001401.5  22 41 34.3  162.649 11.953  64.69  11297 11.6

   Date        UTC        RA         DECL      RARate   DeclRate    HourAng      Az     Um    Phase  Range  Mag
2010-02-09  16:20:00  07 35 57.7  -11 32 30  +000455.1 -000031.1  20 03 43.1  120.883 11.678  38.98  40060 14.0
2010-02-09  16:30:00  07 41 01.6  -11 37 54  +000456.8 -000033.8  20 08 40.9  121.931 12.337  38.12  40004 14.0
2010-02-09  16:40:00  07 46 07.1  -11 43 45  +000459.8 -000036.5  20 13 37.1  122.987 12.976  37.28  39890 14.0
2010-02-09  16:50:00  07 51 15.0  -11 50 05  +000464.2 -000039.4  20 18 30.8  124.047 13.595  36.47  39718 14.0
2010-02-09  17:00:00  07 56 26.4  -11 56 53  +000470.2 -000042.4  20 23 21.1  125.108 14.189  35.68  39489 13.9
2010-02-09  17:10:00  08 01 42.3  -12 04 13  +000477.7 -000045.6  20 28 06.8  126.166 14.756  34.91  39202 13.9
2010-02-09  17:20:00  08 07 03.7  -12 12 06  +000487.0 -000049.1  20 32 47.0  127.217 15.293  34.18  38857 13.9
2010-02-09  17:30:00  08 12 32.0  -12 20 35  +000498.2 -000052.8  20 37 20.3  128.258 15.797  33.46  38454 13.9
2010-02-09  17:40:00  08 18 08.4  -12 29 43  +000511.4 -000056.9  20 41 45.6  129.282 16.264  32.78  37992 13.8
2010-02-09  17:50:00  08 23 54.4  -12 39 34  +000527.1 -000061.3  20 46 01.2  130.285 16.691  32.14  37471 13.8
2010-02-09  18:00:00  08 29 51.7  -12 50 11  +000545.4 -000066.2  20 50 05.5  131.261 17.073  31.53  36888 13.7
2010-02-09  18:10:00  08 36 02.3  -13 01 41  +000566.8 -000071.7  20 53 56.7  132.201 17.406  30.97  36244 13.7
2010-02-09  18:20:00  08 42 28.2  -13 14 08  +000591.7 -000077.9  20 57 32.4  133.098 17.685  30.47  35538 13.7
2010-02-09  18:30:00  08 49 12.2  -13 27 41  +000621.0 -000084.9  21 00 50.0  133.942 17.903  30.03  34767 13.6
2010-02-09  18:40:00  08 56 17.2  -13 42 29  +000655.2 -000092.8  21 03 46.6  134.722 18.054  29.67  33930 13.5
2010-02-09  18:50:00  09 03 47.1  -13 58 42  +000695.5 -000102.0  21 06 18.4  135.423 18.128  29.42  33025 13.5
2010-02-09  19:00:00  09 11 46.2  -14 16 33  +000743.3 -000112.6  21 08 20.9  136.031 18.115  29.28  32050 13.4
2010-02-09  19:10:00  09 20 20.1  -14 36 20  +000800.3 -000125.0  21 09 48.7  136.526 18.003  29.30  31004 13.3
2010-02-09  19:20:00  09 29 35.8  -14 58 21  +000868.9 -000139.7  21 10 34.7  136.884 17.773  29.50  29882 13.3
2010-02-09  19:30:00  09 39 41.9  -15 23 02  +000952.5 -000157.1  21 10 30.2  137.078 17.405  29.94  28683 13.2
2010-02-09  19:40:00  09 50 50.0  -15 50 55  +001055.7 -000178.2  21 09 23.7  137.071 16.869  30.66  27404 13.1
2010-02-09  19:50:00  10 03 15.2  -16 22 41  +001185.0 -000203.8  21 07 00.2  136.820 16.126  31.76  26043 13.0
2010-02-09  20:00:00  10 17 17.8  -16 59 11  +001350.3 -000235.3  21 02 59.2  136.265 15.122  33.30  24596 12.9
2010-02-09  20:10:00  10 33 26.5  -17 41 31  +001566.1 -000274.2  20 56 52.1  135.329 13.777  35.43  23063 12.8
2010-02-09  20:20:00  10 52 21.9  -18 31 06  +001855.3 -000322.4  20 47 58.4  133.910 11.977  38.31  21444 12.6

   Date        UTC        RA         DECL      RARate   DeclRate    HourAng      Az     Um    Phase  Range  Mag
2010-02-10  19:50:00  03 32 03.4  -14 23 49  +002081.4 +000232.4  03 42 08.5  234.559 11.418  94.74  20272 13.7
2010-02-10  20:00:00  03 53 13.5  -13 49 50  +001734.3 +000185.1  03 31 00.0  232.622 13.429  89.63  21954 13.7
2010-02-10  20:10:00  04 11 00.3  -13 22 07  +001478.3 +000149.0  03 23 14.9  231.277 14.864  85.34  23562 13.7
2010-02-10  20:20:00  04 26 18.6  -12 59 43  +001284.9 +000121.0  03 17 58.2  230.376 15.881  81.67  25084 13.8
2010-02-10  20:30:00  04 39 43.3  -12 41 28  +001135.2 +000099.0  03 14 35.1  229.827 16.585  78.46  26520 13.8
2010-02-10  20:40:00  04 51 39.3  -12 26 28  +001017.1 +000081.5  03 12 40.8  229.558 17.046  75.62  27873 13.8
2010-02-10  20:50:00  05 02 24.7  -12 14 06  +000922.1 +000067.4  03 11 57.1  229.517 17.315  73.07  29143 13.9
2010-02-10  21:00:00  05 12 12.9  -12 03 52  +000844.8 +000055.9  03 12 10.6  229.661 17.430  70.77  30334 13.9
2010-02-10  21:10:00  05 21 14.2  -11 55 22  +000780.9 +000046.3  03 13 10.9  229.958 17.417  68.65  31448 14.0
2010-02-10  21:20:00  05 29 36.6  -11 48 21  +000727.7 +000038.3  03 14 50.1  230.381 17.296  66.70  32489 14.0
2010-02-10  21:30:00  05 37 26.4  -11 42 33  +000683.0 +000031.4  03 17 02.0  230.908 17.084  64.88  33458 14.0
2010-02-10  21:40:00  05 44 48.8  -11 37 49  +000645.1 +000025.5  03 19 41.2  231.522 16.793  63.19  34358 14.0
2010-02-10  21:50:00  05 51 47.8  -11 34 00  +000612.9 +000020.4  03 22 43.8  232.206 16.434  61.59  35190 14.1
2010-02-10  22:00:00  05 58 27.0  -11 30 59  +000585.4 +000015.9  03 26 06.3  232.949 16.013  60.09  35957 14.1
2010-02-10  22:10:00  06 04 49.2  -11 28 40  +000561.8 +000011.9  03 29 45.7  233.740 15.539  58.65  36659 14.1
2010-02-10  22:20:00  06 10 56.9  -11 26 60  +000541.7 +000008.3  03 33 39.7  234.570 15.017  57.29  37299 14.1
2010-02-10  22:30:00  06 16 52.1  -11 25 54  +000524.4 +000005.0  03 37 46.1  235.431 14.452  55.97  37878 14.1
2010-02-10  22:40:00  06 22 36.7  -11 25 19  +000509.8 +000001.9  03 42 03.1  236.317 13.849  54.72  38396 14.1
2010-02-10  22:50:00  06 28 12.3  -11 25 15  +000497.4 -000000.9  03 46 29.1  237.221 13.210  53.50  38854 14.1
2010-02-10  23:00:00  06 33 40.4  -11 25 37  +000487.0 -000003.6  03 51 02.8  238.139 12.541  52.32  39254 14.1
2010-02-10  23:10:00  06 39 02.1  -11 26 26  +000478.4 -000006.2  03 55 42.7  239.066 11.843  51.17  39595 14.1
2010-02-10  23:20:00  06 44 18.6  -11 27 41  +000471.5 -000008.7  04 00 27.8  239.998 11.121  50.07  39878 14.1
2010-02-10  23:30:00  06 49 31.1  -11 29 19  +000466.2 -000011.1  04 05 16.9  240.931 10.376  48.97  40103 14.1

   Date        UTC        RA         DECL      RARate   DeclRate    HourAng      Az     Um    Phase  Range  Mag
2010-02-11  16:20:00  03 00 03.6  -19 16 51  +003612.9 +000771.4  00 47 30.4  192.225 23.448 103.95  13732 13.2
2010-02-11  16:30:00  03 34 22.0  -17 28 38  +002645.6 +000542.9  00 23 13.6  186.159 25.910  95.62  15827 13.2
2010-02-11  16:40:00  04 00 14.0  -16 11 34  +002054.1 +000392.4  00 07 23.2  181.997 27.388  89.31  17820 13.2
2010-02-11  16:50:00  04 20 45.9  -15 15 05  +001666.1 +000291.7  23 56 53.0  179.146 28.347  84.30  19693 13.3
2010-02-11  17:00:00  04 37 45.3  -14 32 58  +001397.8 +000222.2  23 49 55.2  177.211 29.011  80.18  21437 13.4
2010-02-11  17:10:00  04 52 09.0  -14 00 17  +001202.6 +000172.6  23 45 33.2  175.973 29.510  76.69  23069 13.5
2010-02-11  17:20:00  05 04 39.7  -13 34 42  +001056.0 +000136.2  23 43 04.1  175.253 29.903  73.69  24589 13.5
2010-02-11  17:30:00  05 15 44.4  -13 14 23  +000942.6 +000108.8  23 42 01.1  174.934 30.226  71.03  26003 13.6
2010-02-11  17:40:00  05 25 41.9  -12 58 06  +000853.0 +000087.5  23 42 05.2  174.934 30.498  68.68  27318 13.6
2010-02-11  17:50:00  05 34 45.7  -12 44 57  +000780.8 +000070.8  23 43 03.1  175.191 30.731  66.54  28540 13.7
2010-02-11  18:00:00  05 43 05.9  -12 34 19  +000721.8 +000057.3  23 44 44.5  175.659 30.931  64.60  29673 13.7
2010-02-11  18:10:00  05 50 50.4  -12 25 43  +000672.9 +000046.3  23 47 01.6  176.301 31.102  62.80  30722 13.8
2010-02-11  18:20:00  05 58 05.0  -12 18 47  +000632.0 +000037.1  23 49 48.7  177.089 31.245  61.14  31692 13.8
2010-02-11  18:30:00  06 04 54.5  -12 13 15  +000597.5 +000029.4  23 53 00.8  178.001 31.361  59.57  32586 13.9
2010-02-11  18:40:00  06 11 22.9  -12 08 55  +000568.3 +000022.8  23 56 34.1  179.017 31.449  58.12  33406 13.9
2010-02-11  18:50:00  06 17 33.3  -12 05 36  +000543.4 +000017.1  00 00 25.3  180.121 31.509  56.73  34156 13.9
2010-02-11  19:00:00  06 23 28.3  -12 03 10  +000522.2 +000012.1  00 04 32.0  181.300 31.541  55.42  34838 13.9
2010-02-11  19:10:00  06 29 10.2  -12 01 32  +000504.0 +000007.6  00 08 51.7  182.543 31.543  54.17  35454 13.9
2010-02-11  19:20:00  06 34 41.0  -12 00 37  +000488.6 +000003.6  00 13 22.5  183.837 31.515  52.97  36006 14.0
2010-02-11  19:30:00  06 40 02.3  -12 00 19  +000475.5 -000000.1  00 18 02.9  185.176 31.457  51.82  36495 14.0
2010-02-11  19:40:00  06 45 15.5  -12 00 38  +000464.5 -000003.5  00 22 51.3  186.549 31.367  50.71  36923 14.0
2010-02-11  19:50:00  06 50 22.1  -12 01 29  +000455.4 -000006.7  00 27 46.4  187.949 31.246  49.63  37291 14.0
2010-02-11  20:00:00  06 55 23.1  -12 02 51  +000448.0 -000009.7  00 32 47.0  189.370 31.093  48.60  37600 14.0
2010-02-11  20:10:00  07 00 19.7  -12 04 43  +000442.1 -000012.6  00 37 52.0  190.804 30.909  47.58  37851 14.0
2010-02-11  20:20:00  07 05 12.9  -12 07 03  +000437.8 -000015.5  00 43 00.5  192.246 30.693  46.60  38043 14.0
2010-02-11  20:30:00  07 10 03.7  -12 09 52  +000434.8 -000018.3  00 48 11.3  193.690 30.446  45.64  38178 14.0
2010-02-11  20:40:00  07 14 53.0  -12 13 09  +000433.2 -000021.1  00 53 23.7  195.130 30.169  44.70  38256 14.0
2010-02-11  20:50:00  07 19 41.6  -12 16 54  +000432.9 -000024.0  00 58 36.8  196.560 29.862  43.77  38277 14.0
2010-02-11  21:00:00  07 24 30.4  -12 21 09  +000433.9 -000026.9  01 03 49.5  197.976 29.526  42.87  38241 13.9
2010-02-11  21:10:00  07 29 20.4  -12 25 53  +000436.3 -000029.9  01 09 01.2  199.373 29.162  41.98  38147 13.9
2010-02-11  21:20:00  07 34 12.4  -12 31 08  +000440.0 -000033.1  01 14 10.8  200.746 28.772  41.11  37996 13.9
2010-02-11  21:30:00  07 39 07.4  -12 36 56  +000445.1 -000036.5  01 19 17.5  202.089 28.357  40.24  37786 13.9
2010-02-11  21:40:00  07 44 06.2  -12 43 19  +000451.8 -000040.2  01 24 20.3  203.399 27.918  39.40  37517 13.9
2010-02-11  21:50:00  07 49 10.1  -12 50 20  +000460.0 -000044.1  01 29 18.1  204.670 27.458  38.56  37188 13.8
2010-02-11  22:00:00  07 54 20.0  -12 58 02  +000470.1 -000048.4  01 34 09.8  205.896 26.977  37.74  36798 13.8
2010-02-11  22:10:00  07 59 37.2  -13 06 29  +000482.0 -000053.1  01 38 54.2  207.073 26.479  36.93  36345 13.8
2010-02-11  22:20:00  08 05 03.2  -13 15 47  +000496.1 -000058.4  01 43 30.0  208.194 25.966  36.15  35828 13.7
2010-02-11  22:30:00  08 10 39.3  -13 25 60  +000512.7 -000064.4  01 47 55.5  209.253 25.439  35.37  35246 13.7
2010-02-11  22:40:00  08 16 27.4  -13 37 16  +000532.2 -000071.1  01 52 09.0  210.242 24.901  34.63  34596 13.6
2010-02-11  22:50:00  08 22 29.6  -13 49 45  +000554.9 -000078.8  01 56 08.5  211.153 24.356  33.90  33875 13.6
2010-02-11  23:00:00  08 28 48.2  -14 03 36  +000581.6 -000087.7  01 59 51.5  211.976 23.806  33.22  33082 13.5
2010-02-11  23:10:00  08 35 26.1  -14 19 05  +000613.0 -000098.2  02 03 15.3  212.699 23.255  32.58  32212 13.5
2010-02-11  23:20:00  08 42 26.7  -14 36 27  +000650.1 -000110.6  02 06 16.3  213.308 22.705  31.99  31263 13.4
2010-02-11  23:30:00  08 49 54.3  -14 56 05  +000694.3 -000125.5  02 08 50.3  213.785 22.159  31.49  30230 13.3
2010-02-11  23:40:00  08 57 54.3  -15 18 27  +000747.5 -000143.6  02 10 51.9  214.109 21.622  31.08  29109 13.2
2010-02-11  23:50:00  09 06 33.5  -15 44 11  +000812.3 -000166.0  02 12 14.4  214.249 21.096  30.81  27894 13.1
2010-02-12  00:00:00  09 16 00.7  -16 14 06  +000892.5 -000194.2  02 12 48.9  214.169 20.584  30.71  26579 13.0
2010-02-12  00:10:00  09 26 27.9  -16 49 23  +000993.5 -000230.6  02 12 23.3  213.817 20.087  30.86  25157 12.9
2010-02-12  00:20:00  09 38 11.7  -17 31 37  +001123.9 -000278.6  02 10 41.1  213.123 19.603  31.33  23620 12.8
2010-02-12  00:30:00  09 51 35.7  -18 23 12  +001297.3 -000343.9  02 07 18.7  211.984 19.125  32.26  21957 12.6
2010-02-12  00:40:00  10 07 15.7  -19 27 42  +001536.7 -000435.8  02 01 40.4  210.251 18.631  33.82  20159 12.5
2010-02-12  00:50:00  10 26 08.0  -20 50 48  +001884.1 -000570.7  01 52 49.8  207.688 18.075  36.28  18215 12.3
2010-02-12  01:00:00  10 49 49.2  -22 41 53  +002423.3 -000778.2  01 39 10.2  203.909 17.348  40.07  16117 12.0
2010-02-12  01:10:00  11 21 20.5  -25 17 13  +003340.7 -001113.5  01 17 40.5  198.242 16.187  45.94  13863 11.8
2010-02-12  01:20:00  12 07 06.0  -29 04 53  +005111.7 -001661.1  00 41 56.7  189.432 13.926  55.32  11489 11.5

   Date        UTC        RA         DECL      RARate   DeclRate    HourAng      Az     Um    Phase  Range  Mag
2010-02-12  16:20:00  06 59 14.1  -11 39 17  +000473.9 -000007.1  20 52 16.4  131.076 18.358  48.15  37507 14.0
2010-02-12  16:30:00  07 04 26.9  -11 40 44  +000464.7 -000010.3  20 57 05.3  132.147 18.958  47.07  37898 14.0
2010-02-12  16:40:00  07 09 34.1  -11 42 42  +000457.3 -000013.3  21 01 59.7  133.254 19.551  46.03  38227 14.0
2010-02-12  16:50:00  07 14 37.0  -11 45 10  +000451.4 -000016.3  21 06 58.5  134.392 20.135  45.01  38494 14.0
2010-02-12  17:00:00  07 19 36.3  -11 48 07  +000446.9 -000019.1  21 12 00.8  135.559 20.707  44.03  38701 14.0
2010-02-12  17:10:00  07 24 33.2  -11 51 32  +000443.9 -000021.8  21 17 05.6  136.750 21.264  43.06  38848 14.0
2010-02-12  17:20:00  07 29 28.5  -11 55 23  +000442.2 -000024.5  21 22 11.9  137.963 21.804  42.13  38937 14.0
2010-02-12  17:30:00  07 34 23.1  -11 59 42  +000441.8 -000027.3  21 27 19.0  139.194 22.324  41.21  38968 14.0
2010-02-12  17:40:00  07 39 17.8  -12 04 29  +000442.7 -000030.1  21 32 25.8  140.440 22.822  40.32  38941 14.0
2010-02-12  17:50:00  07 44 13.7  -12 09 44  +000445.0 -000032.9  21 37 31.7  141.695 23.296  39.44  38858 13.9
2010-02-12  18:00:00  07 49 11.5  -12 15 29  +000448.7 -000035.9  21 42 35.5  142.958 23.743  38.59  38716 13.9
2010-02-12  18:10:00  07 54 12.2  -12 21 43  +000453.8 -000039.1  21 47 36.4  144.223 24.162  37.74  38518 13.9
2010-02-12  18:20:00  07 59 16.8  -12 28 30  +000460.4 -000042.4  21 52 33.4  145.485 24.550  36.92  38262 13.9
2010-02-12  18:30:00  08 04 26.4  -12 35 52  +000468.6 -000045.9  21 57 25.5  146.741 24.905  36.11  37948 13.9
2010-02-12  18:40:00  08 09 42.1  -12 43 50  +000478.7 -000049.8  22 02 11.5  147.983 25.226  35.33  37576 13.8
2010-02-12  18:50:00  08 15 05.1  -12 52 28  +000490.8 -000054.0  22 06 50.1  149.206 25.509  34.56  37144 13.8
2010-02-12  19:00:00  08 20 36.9  -13 01 51  +000505.0 -000058.6  22 11 19.9  150.404 25.753  33.82  36653 13.8
2010-02-12  19:10:00  08 26 19.0  -13 12 02  +000521.8 -000063.7  22 15 39.5  151.568 25.956  33.10  36101 13.7
2010-02-12  19:20:00  08 32 13.2  -13 23 06  +000541.4 -000069.4  22 19 46.9  152.689 26.114  32.41  35486 13.7
2010-02-12  19:30:00  08 38 21.6  -13 35 12  +000564.3 -000075.8  22 23 40.2  153.759 26.225  31.76  34808 13.6
2010-02-12  19:40:00  08 44 46.5  -13 48 26  +000591.2 -000083.1  22 27 16.9  154.766 26.285  31.16  34065 13.6
2010-02-12  19:50:00  08 51 30.8  -14 02 57  +000622.7 -000091.5  22 30 34.2  155.696 26.292  30.61  33254 13.5
2010-02-12  20:00:00  08 58 38.0  -14 18 60  +000659.8 -000101.2  22 33 28.7  156.534 26.239  30.13  32374 13.4
2010-02-12  20:10:00  09 06 12.1  -14 36 46  +000703.8 -000112.5  22 35 56.2  157.263 26.121  29.75  31421 13.4
2010-02-12  20:20:00  09 14 18.3  -14 56 36  +000756.4 -000125.9  22 37 51.7  157.861 25.929  29.47  30395 13.3
2010-02-12  20:30:00  09 23 02.9  -15 18 53  +000819.7 -000141.8  22 39 08.7  158.303 25.654  29.35  29290 13.2
2010-02-12  20:40:00  09 32 34.2  -15 44 04  +000896.8 -000161.1  22 39 39.1  158.556 25.281  29.42  28104 13.1
2010-02-12  20:50:00  09 43 02.7  -16 12 49  +000992.3 -000184.7  22 39 12.2  158.580 24.791  29.73  26834 13.0
2010-02-12  21:00:00  09 54 42.6  -16 45 56  +001112.3 -000213.9  22 37 34.0  158.324 24.154  30.36  25475 12.9
2010-02-12  21:10:00  10 07 53.1  -17 24 32  +001266.3 -000250.8  22 34 25.0  157.722 23.332  31.41  24023 12.8
2010-02-12  21:20:00  10 23 01.5  -18 10 06  +001468.8 -000297.9  22 29 18.3  156.687 22.261  32.99  22475 12.7
2010-02-12  21:30:00  10 40 47.1  -19 04 37  +001743.1 -000359.0  22 21 34.3  155.096 20.849  35.31  20830 12.5
2010-02-12  21:40:00  11 02 09.6  -20 10 48  +002127.9 -000438.7  22 10 13.5  152.783 18.945  38.59  19087 12.4
2010-02-12  21:50:00  11 28 43.1  -21 32 09  +002691.1 -000541.7  21 53 41.7  149.504 16.302  43.22  17255 12.2
2010-02-12  22:00:00  12 03 03.1  -23 12 38  +003555.2 -000666.6  21 29 23.2  144.896 12.499  49.78  15357 12.1

   Date        UTC        RA         DECL      RARate   DeclRate    HourAng      Az     Um    Phase  Range  Mag
2010-02-14  17:30:00  02 35 07.8  -18 59 10  +003994.2 +000631.9  02 34 27.3  217.850 15.900 112.24  14074 13.5
2010-02-14  17:40:00  03 13 17.2  -17 27 11  +002954.7 +000477.6  02 06 19.6  212.136 20.076 103.06  16028 13.5
2010-02-14  17:50:00  03 42 11.7  -16 17 49  +002294.8 +000361.0  01 47 26.7  208.060 22.788  96.05  17931 13.5
2010-02-14  18:00:00  04 05 05.6  -15 25 03  +001854.1 +000276.9  01 34 34.4  205.167 24.615  90.50  19746 13.5
2010-02-14  18:10:00  04 23 53.4  -14 44 15  +001545.9 +000215.9  01 25 48.3  203.149 25.884  85.93  21462 13.5
2010-02-14  18:20:00  04 39 45.7  -14 12 11  +001321.8 +000171.0  01 19 57.7  201.792 26.783  82.09  23077 13.6
2010-02-14  18:30:00  04 53 28.8  -13 46 42  +001153.6 +000137.2  01 16 16.2  200.944 27.425  78.78  24589 13.6
2010-02-14  18:40:00  05 05 32.8  -13 26 06  +001023.7 +000111.3  01 14 13.8  200.500 27.882  75.88  26007 13.7
2010-02-14  18:50:00  05 16 19.9  -13 09 18  +000921.2 +000091.0  01 13 28.4  200.376 28.199  73.30  27333 13.7
2010-02-14  19:00:00  05 26 05.7  -12 55 32  +000838.9 +000074.8  01 13 44.2  200.511 28.405  70.98  28570 13.8
2010-02-14  19:10:00  05 35 01.9  -12 44 11  +000771.8 +000061.8  01 14 49.7  200.858 28.522  68.86  29723 13.8
2010-02-14  19:20:00  05 43 17.4  -12 34 49  +000716.3 +000051.0  01 16 35.8  201.378 28.563  66.92  30796 13.9
2010-02-14  19:30:00  05 50 59.1  -12 27 05  +000670.0 +000042.0  01 18 55.8  202.042 28.539  65.11  31793 13.9
2010-02-14  19:40:00  05 58 12.5  -12 20 44  +000631.1 +000034.4  01 21 44.0  202.825 28.456  63.44  32715 13.9
2010-02-14  19:50:00  06 05 01.9  -12 15 34  +000598.1 +000027.9  01 24 56.2  203.706 28.321  61.86  33566 14.0
2010-02-14  20:00:00  06 11 31.1  -12 11 24  +000570.1 +000022.2  01 28 28.7  204.669 28.137  60.38  34348 14.0
2010-02-14  20:10:00  06 17 43.0  -12 08 07  +000546.2 +000017.3  01 32 18.4  205.699 27.909  58.96  35063 14.0
2010-02-14  20:20:00  06 23 40.1  -12 05 36  +000525.7 +000012.9  01 36 23.0  206.783 27.638  57.62  35714 14.0
2010-02-14  20:30:00  06 29 24.6  -12 03 48  +000508.3 +000008.9  01 40 40.1  207.911 27.327  56.33  36302 14.0
2010-02-14  20:40:00  06 34 58.4  -12 02 37  +000493.4 +000005.3  01 45 08.0  209.074 26.978  55.10  36827 14.0
2010-02-14  20:50:00  06 40 23.0  -12 02 01  +000480.9 +000002.0  01 49 45.0  210.263 26.593  53.90  37292 14.1
2010-02-14  21:00:00  06 45 40.0  -12 01 57  +000470.3 -000001.1  01 54 29.6  211.471 26.175  52.75  37698 14.1
2010-02-14  21:10:00  06 50 50.6  -12 02 23  +000461.6 -000004.1  01 59 20.7  212.691 25.724  51.62  38044 14.1
2010-02-14  21:20:00  06 55 55.9  -12 03 18  +000454.6 -000006.9  02 04 17.0  213.917 25.242  50.54  38332 14.1
2010-02-14  21:30:00  07 00 57.1  -12 04 41  +000449.2 -000009.6  02 09 17.5  215.145 24.732  49.47  38563 14.1
2010-02-14  21:40:00  07 05 55.2  -12 06 31  +000445.2 -000012.3  02 14 21.1  216.370 24.194  48.43  38736 14.0
2010-02-14  21:50:00  07 10 51.0  -12 08 48  +000442.6 -000015.0  02 19 26.8  217.586 23.631  47.41  38851 14.0
2010-02-14  22:00:00  07 15 45.6  -12 11 31  +000441.4 -000017.7  02 24 33.9  218.790 23.045  46.41  38909 14.0
2010-02-14  22:10:00  07 20 39.9  -12 14 41  +000441.5 -000020.4  02 29 41.3  219.978 22.437  45.42  38910 14.0
2010-02-14  22:20:00  07 25 34.6  -12 18 20  +000442.9 -000023.3  02 34 48.2  221.146 21.810  44.45  38853 14.0
2010-02-14  22:30:00  07 30 30.7  -12 22 27  +000445.7 -000026.2  02 39 53.7  222.292 21.165  43.48  38738 14.0
2010-02-14  22:40:00  07 35 29.1  -12 27 04  +000449.8 -000029.3  02 44 57.0  223.410 20.504  42.54  38563 14.0
2010-02-14  22:50:00  07 40 30.7  -12 32 14  +000455.3 -000032.6  02 49 57.0  224.498 19.831  41.59  38329 13.9
2010-02-14  23:00:00  07 45 36.5  -12 37 58  +000462.4 -000036.2  02 54 52.8  225.553 19.147  40.66  38034 13.9
2010-02-14  23:10:00  07 50 47.6  -12 44 19  +000471.2 -000040.1  02 59 43.3  226.570 18.455  39.73  37678 13.9
2010-02-14  23:20:00  07 56 05.2  -12 51 21  +000481.7 -000044.3  03 04 27.5  227.545 17.757  38.82  37258 13.8
2010-02-14  23:30:00  08 01 30.3  -12 59 08  +000494.2 -000049.1  03 09 03.9  228.474 17.056  37.91  36773 13.8
2010-02-14  23:40:00  08 07 04.6  -13 07 44  +000508.9 -000054.4  03 13 31.4  229.353 16.355  37.01  36221 13.8
2010-02-14  23:50:00  08 12 49.4  -13 17 17  +000526.2 -000060.3  03 17 48.1  230.175 15.658  36.12  35600 13.7
2010-02-15  00:00:00  08 18 46.8  -13 27 54  +000546.4 -000067.2  03 21 52.4  230.934 14.968  35.25  34908 13.7
2010-02-15  00:10:00  08 24 58.7  -13 39 44  +000570.0 -000075.0  03 25 42.2  231.622 14.289  34.40  34142 13.6
2010-02-15  00:20:00  08 31 27.6  -13 52 59  +000597.7 -000084.2  03 29 14.9  232.230 13.625  33.57  33298 13.5
2010-02-15  00:30:00  08 38 16.6  -14 07 53  +000630.2 -000095.0  03 32 27.5  232.747 12.980  32.77  32373 13.5
2010-02-15  00:40:00  08 45 29.2  -14 24 47  +000668.8 -000108.0  03 35 16.5  233.159 12.361  32.03  31363 13.4
2010-02-15  00:50:00  08 53 10.0  -14 44 03  +000714.9 -000123.7  03 37 37.4  233.448 11.773  31.34  30262 13.3
2010-02-15  01:00:00  09 01 24.5  -15 06 14  +000770.5 -000143.2  03 39 24.6  233.592 11.222  30.75  29065 13.2
2010-02-15  01:10:00  09 10 20.0  -15 32 02  +000838.6 -000167.6  03 40 30.7  233.562 10.718  30.29  27766 13.1
2010-02-15  01:20:00  09 20 06.2  -16 02 28  +000923.3 -000199.0  03 40 46.2  233.316 10.267  30.00  26355 13.0

   Date        UTC        RA         DECL      RARate   DeclRate    HourAng      Az     Um    Phase  Range  Mag
2010-02-15  16:20:00  06 14 12.5  -12 24 40  +000622.5 +000038.7  21 49 07.7  144.616 24.270  60.49  31727 13.8
2010-02-15  16:30:00  06 20 56.3  -12 18 56  +000589.7 +000030.4  21 52 25.6  145.383 24.684  58.94  32640 13.8
2010-02-15  16:40:00  06 27 19.9  -12 14 28  +000561.9 +000023.4  21 56 03.5  146.248 25.104  57.48  33475 13.9
2010-02-15  16:50:00  06 33 26.5  -12 11 06  +000538.2 +000017.3  21 59 58.6  147.201 25.526  56.10  34236 13.9
2010-02-15  17:00:00  06 39 18.4  -12 08 40  +000518.0 +000012.0  22 04 08.4  148.230 25.947  54.79  34925 13.9
2010-02-15  17:10:00  06 44 57.9  -12 07 03  +000500.8 +000007.4  22 08 30.5  149.326 26.363  53.53  35545 13.9
2010-02-15  17:20:00  06 50 26.7  -12 06 11  +000486.1 +000003.2  22 13 03.4  150.483 26.769  52.33  36097 14.0
2010-02-15  17:30:00  06 55 46.5  -12 05 58  +000473.6 -000000.6  22 17 45.2  151.693 27.164  51.16  36585 14.0
2010-02-15  17:40:00  07 00 58.6  -12 06 22  +000463.2 -000004.1  22 22 34.7  152.950 27.544  50.05  37010 14.0
2010-02-15  17:50:00  07 06 04.4  -12 07 20  +000454.5 -000007.4  22 27 30.5  154.248 27.907  48.96  37372 14.0
2010-02-15  18:00:00  07 11 05.0  -12 08 49  +000447.5 -000010.5  22 32 31.6  155.583 28.250  47.91  37674 14.0
2010-02-15  18:10:00  07 16 01.5  -12 10 49  +000442.0 -000013.4  22 37 36.8  156.949 28.571  46.88  37916 14.0
2010-02-15  18:20:00  07 20 54.8  -12 13 18  +000438.0 -000016.3  22 42 45.2  158.341 28.869  45.89  38100 14.0
2010-02-15  18:30:00  07 25 45.8  -12 16 15  +000435.4 -000019.1  22 47 55.7  159.755 29.140  44.91  38225 14.0
2010-02-15  18:40:00  07 30 35.5  -12 19 40  +000434.0 -000021.9  22 53 07.7  161.184 29.384  43.95  38293 14.0
2010-02-15  18:50:00  07 35 24.8  -12 23 33  +000434.1 -000024.8  22 58 20.0  162.626 29.600  43.01  38304 14.0
2010-02-15  19:00:00  07 40 14.6  -12 27 56  +000435.4 -000027.7  23 03 31.9  164.073 29.785  42.09  38257 13.9
2010-02-15  19:10:00  07 45 05.7  -12 32 47  +000438.1 -000030.7  23 08 42.4  165.522 29.940  41.17  38153 13.9
2010-02-15  19:20:00  07 49 59.0  -12 38 10  +000442.1 -000033.8  23 13 50.8  166.967 30.062  40.28  37992 13.9
2010-02-15  19:30:00  07 54 55.5  -12 44 05  +000447.7 -000037.1  23 18 55.9  168.401 30.152  39.39  37774 13.9
2010-02-15  19:40:00  07 59 56.2  -12 50 34  +000454.7 -000040.7  23 23 56.8  169.820 30.208  38.52  37497 13.9
2010-02-15  19:50:00  08 05 02.2  -12 57 39  +000463.5 -000044.5  23 28 52.5  171.216 30.230  37.66  37162 13.8
2010-02-15  20:00:00  08 10 14.6  -13 05 25  +000474.1 -000048.7  23 33 41.7  172.583 30.219  36.81  36768 13.8
2010-02-15  20:10:00  08 15 34.7  -13 13 54  +000486.7 -000053.2  23 38 23.2  173.913 30.173  35.97  36313 13.8
2010-02-15  20:20:00  08 21 04.0  -13 23 11  +000501.6 -000058.3  23 42 55.6  175.200 30.093  35.15  35796 13.7
2010-02-15  20:30:00  08 26 44.0  -13 33 22  +000519.0 -000063.9  23 47 17.2  176.433 29.978  34.34  35216 13.7
2010-02-15  20:40:00  08 32 36.7  -13 44 33  +000539.5 -000070.3  23 51 26.2  177.603 29.829  33.56  34571 13.6
2010-02-15  20:50:00  08 38 44.1  -13 56 51  +000563.5 -000077.6  23 55 20.4  178.699 29.646  32.80  33860 13.6
2010-02-15  21:00:00  08 45 08.8  -14 10 28  +000591.5 -000086.0  23 58 57.3  179.709 29.428  32.07  33080 13.5
2010-02-15  21:10:00  08 51 53.9  -14 25 35  +000624.6 -000095.7  00 02 13.9  180.619 29.174  31.39  32228 13.4
2010-02-15  21:20:00  08 59 03.0  -14 42 27  +000663.7 -000107.1  00 05 06.5  181.411 28.884  30.76  31303 13.4
2010-02-15  21:30:00  09 06 40.5  -15 01 23  +000710.3 -000120.6  00 07 30.6  182.065 28.556  30.21  30300 13.3
2010-02-15  21:40:00  09 14 52.1  -15 22 48  +000766.4 -000136.8  00 09 20.6  182.555 28.187  29.76  29216 13.2
2010-02-15  21:50:00  09 23 45.0  -15 47 12  +000834.5 -000156.7  00 10 29.4  182.852 27.771  29.45  28047 13.1
2010-02-15  22:00:00  09 33 28.3  -16 15 17  +000918.6 -000181.2  00 10 47.7  182.916 27.301  29.32  26788 13.0
2010-02-15  22:10:00  09 44 14.5  -16 47 56  +001024.2 -000212.0  00 10 03.2  182.695 26.763  29.45  25434 12.9
2010-02-15  22:20:00  09 56 20.3  -17 26 26  +001159.4 -000251.6  00 07 59.0  182.121 26.137  29.91  23980 12.8
2010-02-15  22:30:00  10 10 09.6  -18 12 29  +001337.3 -000303.5  00 04 11.3  181.101 25.388  30.84  22419 12.7
2010-02-15  22:40:00  10 26 17.2  -19 08 35  +001578.8 -000373.2  23 58 05.4  179.504 24.458  32.39  20746 12.5
2010-02-15  22:50:00  10 45 36.4  -20 18 19  +001920.0 -000468.9  23 48 47.9  177.141 23.249  34.84  18957 12.3
2010-02-15  23:00:00  11 09 33.2  -21 47 01  +002426.9 -000603.3  23 34 52.7  173.729 21.582  38.54  17052 12.1
2010-02-15  23:10:00  11 40 35.9  -23 42 28  +003228.1 -000792.4  23 13 51.6  168.827 19.120  44.08  15042 11.9
2010-02-15  23:20:00  12 23 18.7  -26 14 34  +004590.2 -001040.2  22 41 10.5  161.735 15.197  52.47  12965 11.7
