ЭФЕМЕРИДЫ ПО ОБЪЕКТУ:  95001
Для пункта:  10016 Маяки   46 23'50.68"   30 16'17.74"    14m
C   2010-02-01 12:00
по  2010-02-16 12:00
Шаг  0:10:00
Мин.угол места:          10 град
Макс.угол места Солнца: -10 град
Стандартный блеск :      7.0 (зв.вел.)

ОБОЗНАЧЕНИЯ
RA        прямое восхождение, тек.эпоха
DECL      склонение, тек.эпоха
RARate    скорость по пр.восх., арксек/мин
DeclRate  скорость по склонению, арксек/мин
HourAng   часовой угол
Az        азимут
Um        угол места
Phase     фазовый угол
Range     дальность
Mag       зв.величина (оценка)

   Date        UTC        RA         DECL      RARate   DeclRate    HourAng      Az     Um    Phase  Range  Mag
2010-02-01  16:00:00  07 02 28.5  -00 01 27  +000898.6 -000126.8  19 45 36.6  109.790 17.840  33.71  39753 13.9
2010-02-01  16:10:00  07 12 27.2  -00 22 56  +000897.5 -000131.1  19 45 39.5  110.044 17.576  31.81  39780 13.9
2010-02-01  16:20:00  07 22 25.2  -00 45 07  +000896.3 -000135.1  19 45 43.2  110.307 17.304  30.02  39807 13.9
2010-02-01  16:30:00  07 32 22.4  -01 07 57  +000895.3 -000138.8  19 45 47.7  110.579 17.025  28.33  39836 13.9
2010-02-01  16:40:00  07 42 18.9  -01 31 23  +000894.3 -000142.3  19 45 52.8  110.859 16.741  26.77  39864 13.9
2010-02-01  16:50:00  07 52 14.8  -01 55 21  +000893.3 -000145.4  19 45 58.5  111.147 16.451  25.36  39894 13.9
2010-02-01  17:00:00  08 02 10.1  -02 19 50  +000892.5 -000148.3  19 46 04.9  111.442 16.155  24.13  39924 13.9
2010-02-01  17:10:00  08 12 04.8  -02 44 47  +000891.7 -000150.9  19 46 11.9  111.742 15.855  23.11  39955 13.8
2010-02-01  17:20:00  08 21 59.0  -03 10 08  +000891.0 -000153.3  19 46 19.3  112.048 15.550  22.32  39986 13.8
2010-02-01  17:30:00  08 31 52.8  -03 35 51  +000890.4 -000155.3  19 46 27.2  112.359 15.242  21.79  40017 13.8
2010-02-01  17:40:00  08 41 46.1  -04 01 53  +000889.8 -000157.0  19 46 35.4  112.673 14.930  21.54  40049 13.8
2010-02-01  17:50:00  08 51 39.3  -04 28 10  +000889.4 -000158.4  19 46 43.9  112.990 14.615  21.57  40081 13.8
2010-02-01  18:00:00  09 01 32.1  -04 54 41  +000889.1 -000159.6  19 46 52.7  113.309 14.297  21.89  40114 13.8
2010-02-01  18:10:00  09 11 24.8  -05 21 21  +000888.9 -000160.4  19 47 01.7  113.630 13.977  22.48  40147 13.9
2010-02-01  18:20:00  09 21 17.3  -05 48 08  +000888.8 -000160.9  19 47 10.8  113.952 13.656  23.32  40180 13.9
2010-02-01  18:30:00  09 31 09.9  -06 14 59  +000888.8 -000161.2  19 47 19.9  114.273 13.334  24.39  40213 13.9
2010-02-01  18:40:00  09 41 02.4  -06 41 51  +000888.9 -000161.1  19 47 29.0  114.594 13.010  25.64  40247 13.9
2010-02-01  18:50:00  09 50 55.1  -07 08 40  +000889.1 -000160.7  19 47 38.0  114.912 12.687  27.08  40280 13.9
2010-02-01  19:00:00  10 00 48.0  -07 35 24  +000889.4 -000160.1  19 47 46.7  115.229 12.364  28.64  40314 13.9
2010-02-01  19:10:00  10 10 41.1  -08 02 00  +000889.9 -000159.1  19 47 55.3  115.542 12.041  30.34  40347 13.9
2010-02-01  19:20:00  10 20 34.5  -08 28 25  +000890.4 -000157.8  19 48 03.5  115.852 11.720  32.12  40380 13.9
2010-02-01  19:30:00  10 30 28.3  -08 54 36  +000891.0 -000156.3  19 48 11.4  116.157 11.400  34.01  40414 14.0
2010-02-01  19:40:00  10 40 22.5  -09 20 29  +000891.7 -000154.4  19 48 18.8  116.456 11.083  35.94  40447 14.0
2010-02-01  19:50:00  10 50 17.2  -09 46 03  +000892.5 -000152.3  19 48 25.7  116.750 10.768  37.96  40479 14.0
2010-02-01  20:00:00  11 00 12.5  -10 11 14  +000893.4 -000149.9  19 48 32.1  117.038 10.457  40.00  40512 14.0
2010-02-01  20:10:00  11 10 08.4  -10 35 59  +000894.3 -000147.2  19 48 37.8  117.318 10.149  42.11  40544 14.1

   Date        UTC        RA         DECL      RARate   DeclRate    HourAng      Az     Um    Phase  Range  Mag
2010-02-02  16:10:00  07 18 07.8  -00 35 28  +000896.8 -000133.3  19 43 55.6  109.840 17.136  31.45  39824 13.9
2010-02-02  16:20:00  07 28 05.3  -00 58 00  +000895.7 -000137.1  19 43 59.7  110.108 16.861  29.67  39852 13.9
2010-02-02  16:30:00  07 38 02.1  -01 21 10  +000894.7 -000140.7  19 44 04.5  110.385 16.580  27.99  39881 13.9
2010-02-02  16:40:00  07 47 58.3  -01 44 53  +000893.7 -000144.0  19 44 10.0  110.670 16.293  26.45  39910 13.9
2010-02-02  16:50:00  07 57 53.8  -02 09 08  +000892.8 -000147.0  19 44 16.1  110.961 16.000  25.06  39940 13.9
2010-02-02  17:00:00  08 07 48.7  -02 33 51  +000892.0 -000149.7  19 44 22.8  111.259 15.703  23.86  39970 13.9
2010-02-02  17:10:00  08 17 43.2  -02 59 01  +000891.3 -000152.1  19 44 30.0  111.563 15.401  22.87  40001 13.8
2010-02-02  17:20:00  08 27 37.1  -03 24 34  +000890.6 -000154.3  19 44 37.7  111.872 15.095  22.11  40033 13.8
2010-02-02  17:30:00  08 37 30.7  -03 50 26  +000890.1 -000156.2  19 44 45.8  112.184 14.785  21.62  40064 13.8
2010-02-02  17:40:00  08 47 23.9  -04 16 36  +000889.6 -000157.7  19 44 54.2  112.500 14.473  21.41  40096 13.8
2010-02-02  17:50:00  08 57 16.8  -04 42 60  +000889.2 -000159.0  19 45 02.9  112.819 14.157  21.49  40129 13.8
2010-02-02  18:00:00  09 07 09.6  -05 09 34  +000889.0 -000159.9  19 45 11.8  113.139 13.839  21.85  40162 13.9
2010-02-02  18:10:00  09 17 02.2  -05 36 17  +000888.8 -000160.6  19 45 20.9  113.461 13.520  22.49  40195 13.9
2010-02-02  18:20:00  09 26 54.7  -06 03 06  +000888.8 -000161.0  19 45 30.0  113.782 13.198  23.37  40228 13.9
2010-02-02  18:30:00  09 36 47.3  -06 29 56  +000888.8 -000161.0  19 45 39.1  114.103 12.877  24.47  40261 13.9
2010-02-02  18:40:00  09 46 39.9  -06 56 45  +000889.0 -000160.8  19 45 48.1  114.423 12.554  25.76  40295 13.9
2010-02-02  18:50:00  09 56 32.6  -07 23 30  +000889.3 -000160.2  19 45 57.0  114.741 12.232  27.22  40328 13.9
2010-02-02  19:00:00  10 06 25.6  -07 50 09  +000889.7 -000159.4  19 46 05.6  115.056 11.910  28.81  40361 13.9
2010-02-02  19:10:00  10 16 18.9  -08 16 38  +000890.1 -000158.3  19 46 14.0  115.367 11.589  30.53  40395 13.9
2010-02-02  19:20:00  10 26 12.5  -08 42 53  +000890.7 -000156.8  19 46 22.1  115.674 11.270  32.33  40428 13.9
2010-02-02  19:30:00  10 36 06.5  -09 08 53  +000891.4 -000155.1  19 46 29.7  115.977 10.952  34.23  40461 14.0
2010-02-02  19:40:00  10 46 01.0  -09 34 35  +000892.1 -000153.1  19 46 36.8  116.273 10.637  36.18  40494 14.0
2010-02-02  19:50:00  10 55 56.1  -09 59 55  +000893.0 -000150.8  19 46 43.4  116.564 10.325  38.20  40527 14.0
2010-02-02  20:00:00  11 05 51.7  -10 24 50  +000893.9 -000148.2  19 46 49.4  116.848 10.017  40.26  40559 14.0

   Date        UTC        RA         DECL      RARate   DeclRate    HourAng      Az     Um    Phase  Range  Mag
2010-02-03  16:10:00  07 23 47.7  -00 48 09  +000896.2 -000135.3  19 42 12.2  109.641 16.695  31.09  39868 13.9
2010-02-03  16:20:00  07 33 44.9  -01 11 01  +000895.2 -000139.0  19 42 16.7  109.914 16.418  29.32  39897 13.9
2010-02-03  16:30:00  07 43 41.3  -01 34 29  +000894.2 -000142.4  19 42 21.9  110.195 16.134  27.65  39926 13.9
2010-02-03  16:40:00  07 53 37.1  -01 58 29  +000893.2 -000145.6  19 42 27.7  110.484 15.844  26.13  39956 13.9
2010-02-03  16:50:00  08 03 32.3  -02 22 59  +000892.4 -000148.4  19 42 34.1  110.779 15.550  24.76  39986 13.9
2010-02-03  17:00:00  08 13 27.0  -02 47 57  +000891.6 -000151.0  19 42 41.1  111.080 15.251  23.59  40016 13.9
2010-02-03  17:10:00  08 23 21.1  -03 13 18  +000890.9 -000153.3  19 42 48.6  111.387 14.947  22.62  40048 13.8
2010-02-03  17:20:00  08 33 14.9  -03 39 01  +000890.3 -000155.3  19 42 56.5  111.698 14.640  21.91  40079 13.8
2010-02-03  17:30:00  08 43 08.2  -04 05 02  +000889.8 -000156.9  19 43 04.8  112.012 14.330  21.46  40111 13.8
2010-02-03  17:40:00  08 53 01.3  -04 31 19  +000889.4 -000158.3  19 43 13.4  112.330 14.016  21.29  40144 13.8
2010-02-03  17:50:00  09 02 54.1  -04 57 48  +000889.1 -000159.4  19 43 22.2  112.649 13.700  21.41  40176 13.8
2010-02-03  18:00:00  09 12 46.8  -05 24 27  +000888.9 -000160.2  19 43 31.2  112.971 13.382  21.82  40209 13.9
2010-02-03  18:10:00  09 22 39.3  -05 51 12  +000888.8 -000160.7  19 43 40.3  113.292 13.062  22.50  40242 13.9
2010-02-03  18:20:00  09 32 31.9  -06 17 60  +000888.8 -000160.9  19 43 49.4  113.614 12.742  23.41  40276 13.9
2010-02-03  18:30:00  09 42 24.5  -06 44 49  +000888.9 -000160.8  19 43 58.4  113.934 12.421  24.56  40309 13.9
2010-02-03  18:40:00  09 52 17.1  -07 11 35  +000889.1 -000160.4  19 44 07.4  114.253 12.099  25.88  40342 13.9
2010-02-03  18:50:00  10 02 10.0  -07 38 15  +000889.5 -000159.7  19 44 16.1  114.569 11.778  27.36  40376 13.9
2010-02-03  19:00:00  10 12 03.2  -08 04 47  +000889.9 -000158.7  19 44 24.6  114.883 11.458  28.98  40409 13.9
2010-02-03  19:10:00  10 21 56.6  -08 31 08  +000890.4 -000157.4  19 44 32.8  115.192 11.139  30.72  40442 13.9
2010-02-03  19:20:00  10 31 50.5  -08 57 14  +000891.1 -000155.8  19 44 40.6  115.497 10.821  32.54  40476 14.0
2010-02-03  19:30:00  10 41 44.7  -09 23 02  +000891.8 -000153.9  19 44 48.0  115.797 10.506  34.45  40508 14.0
2010-02-03  19:40:00  10 51 39.5  -09 48 31  +000892.6 -000151.7  19 44 54.9  116.090 10.194  36.41  40541 14.0

   Date        UTC        RA         DECL      RARate   DeclRate    HourAng      Az     Um    Phase  Range  Mag
2010-02-04  16:10:00  07 29 27.2  -01 00 57  +000895.7 -000137.4  19 40 29.2  109.446 16.254  30.72  39913 13.9
2010-02-04  16:20:00  07 39 24.0  -01 24 08  +000894.6 -000140.9  19 40 34.1  109.723 15.974  28.97  39942 13.9
2010-02-04  16:30:00  07 49 20.1  -01 47 54  +000893.7 -000144.1  19 40 39.7  110.009 15.688  27.32  39971 13.9
2010-02-04  16:40:00  07 59 15.5  -02 12 10  +000892.8 -000147.1  19 40 45.8  110.301 15.396  25.81  40001 13.9
2010-02-04  16:50:00  08 09 10.4  -02 36 55  +000892.0 -000149.8  19 40 52.6  110.600 15.100  24.46  40032 13.9
2010-02-04  17:00:00  08 19 04.8  -03 02 05  +000891.2 -000152.2  19 40 59.8  110.904 14.799  23.32  40063 13.9
2010-02-04  17:10:00  08 28 58.8  -03 27 38  +000890.6 -000154.3  19 41 07.5  111.213 14.494  22.38  40094 13.9
2010-02-04  17:20:00  08 38 52.3  -03 53 30  +000890.0 -000156.1  19 41 15.6  111.526 14.186  21.70  40126 13.8
2010-02-04  17:30:00  08 48 45.5  -04 19 39  +000889.6 -000157.6  19 41 24.1  111.842 13.874  21.29  40158 13.8
2010-02-04  17:40:00  08 58 38.4  -04 46 02  +000889.2 -000158.9  19 41 32.8  112.161 13.560  21.17  40191 13.8
2010-02-04  17:50:00  09 08 31.2  -05 12 36  +000889.0 -000159.8  19 41 41.7  112.482 13.244  21.34  40224 13.9
2010-02-04  18:00:00  09 18 23.8  -05 39 17  +000888.8 -000160.4  19 41 50.7  112.803 12.926  21.79  40257 13.9
2010-02-04  18:10:00  09 28 16.3  -06 06 03  +000888.8 -000160.7  19 41 59.8  113.125 12.607  22.51  40290 13.9
2010-02-04  18:20:00  09 38 08.9  -06 32 50  +000888.9 -000160.7  19 42 08.9  113.446 12.286  23.47  40323 13.9
2010-02-04  18:30:00  09 48 01.5  -06 59 37  +000889.1 -000160.5  19 42 17.9  113.766 11.966  24.64  40356 13.9
2010-02-04  18:40:00  09 57 54.3  -07 26 19  +000889.3 -000159.9  19 42 26.8  114.084 11.646  25.99  40390 13.9
2010-02-04  18:50:00  10 07 47.3  -07 52 54  +000889.7 -000159.0  19 42 35.4  114.399 11.326  27.51  40423 13.9
2010-02-04  19:00:00  10 17 40.6  -08 19 18  +000890.2 -000157.8  19 42 43.7  114.710 11.007  29.15  40457 13.9
2010-02-04  19:10:00  10 27 34.3  -08 45 30  +000890.8 -000156.4  19 42 51.7  115.017 10.690  30.90  40490 13.9
2010-02-04  19:20:00  10 37 28.4  -09 11 25  +000891.5 -000154.6  19 42 59.3  115.319 10.375  32.74  40523 14.0
2010-02-04  19:30:00  10 47 23.0  -09 37 01  +000892.2 -000152.6  19 43 06.3  115.616 10.062  34.67  40556 14.0

   Date        UTC        RA         DECL      RARate   DeclRate    HourAng      Az     Um    Phase  Range  Mag
2010-02-05  16:10:00  07 35 06.2  -01 13 53  +000895.1 -000139.3  19 38 46.8  109.255 15.813  30.36  39958 13.9
2010-02-05  16:20:00  07 45 02.6  -01 37 23  +000894.1 -000142.6  19 38 52.0  109.537 15.530  28.61  39987 13.9
2010-02-05  16:30:00  07 54 58.4  -02 01 25  +000893.2 -000145.7  19 38 57.9  109.826 15.241  26.97  40016 13.9
2010-02-05  16:40:00  08 04 53.6  -02 25 56  +000892.3 -000148.5  19 39 04.4  110.122 14.948  25.49  40047 13.9
2010-02-05  16:50:00  08 14 48.2  -02 50 55  +000891.6 -000151.1  19 39 11.4  110.423 14.649  24.16  40078 13.9
2010-02-05  17:00:00  08 24 42.3  -03 16 17  +000890.9 -000153.3  19 39 18.9  110.730 14.347  23.04  40109 13.9
2010-02-05  17:10:00  08 34 36.1  -03 41 60  +000890.3 -000155.2  19 39 26.8  111.042 14.041  22.14  40141 13.9
2010-02-05  17:20:00  08 44 29.4  -04 08 01  +000889.8 -000156.9  19 39 35.1  111.357 13.732  21.50  40173 13.8
2010-02-05  17:30:00  08 54 22.5  -04 34 17  +000889.4 -000158.2  19 39 43.7  111.674 13.419  21.13  40205 13.8
2010-02-05  17:40:00  09 04 15.3  -05 00 44  +000889.1 -000159.3  19 39 52.5  111.994 13.105  21.05  40238 13.8
2010-02-05  17:50:00  09 14 08.0  -05 27 21  +000888.9 -000160.0  19 40 01.5  112.316 12.789  21.26  40271 13.9
2010-02-05  18:00:00  09 24 00.6  -05 54 04  +000888.8 -000160.5  19 40 10.5  112.637 12.471  21.76  40304 13.9
2010-02-05  18:10:00  09 33 53.1  -06 20 50  +000888.9 -000160.6  19 40 19.6  112.959 12.152  22.52  40337 13.9
2010-02-05  18:20:00  09 43 45.7  -06 47 36  +000889.0 -000160.5  19 40 28.6  113.280 11.832  23.52  40371 13.9
2010-02-05  18:30:00  09 53 38.4  -07 14 19  +000889.2 -000160.1  19 40 37.5  113.599 11.513  24.73  40404 13.9
2010-02-05  18:40:00  10 03 31.4  -07 40 57  +000889.6 -000159.3  19 40 46.3  113.915 11.193  26.11  40437 13.9
2010-02-05  18:50:00  10 13 24.6  -08 07 25  +000890.0 -000158.3  19 40 54.7  114.228 10.875  27.65  40471 13.9
2010-02-05  19:00:00  10 23 18.1  -08 33 41  +000890.5 -000156.9  19 41 02.9  114.537 10.558  29.31  40504 13.9
2010-02-05  19:10:00  10 33 12.0  -08 59 43  +000891.2 -000155.3  19 41 10.6  114.842 10.243  31.09  40537 13.9

   Date        UTC        RA         DECL      RARate   DeclRate    HourAng      Az     Um    Phase  Range  Mag
2010-02-06  16:10:00  07 40 44.8  -01 26 58  +000894.6 -000141.1  19 37 04.8  109.068 15.371  29.99  40002 13.9
2010-02-06  16:20:00  07 50 40.8  -01 50 45  +000893.6 -000144.3  19 37 10.4  109.353 15.085  28.25  40032 13.9
2010-02-06  16:30:00  08 00 36.3  -02 15 03  +000892.7 -000147.2  19 37 16.6  109.646 14.794  26.63  40062 13.9
2010-02-06  16:40:00  08 10 31.2  -02 39 48  +000891.9 -000149.9  19 37 23.3  109.946 14.499  25.16  40093 13.9
2010-02-06  16:50:00  08 20 25.5  -03 04 59  +000891.2 -000152.2  19 37 30.6  110.250 14.199  23.86  40124 13.9
2010-02-06  17:00:00  08 30 19.5  -03 30 32  +000890.6 -000154.3  19 37 38.3  110.560 13.895  22.77  40155 13.9
2010-02-06  17:10:00  08 40 13.0  -03 56 24  +000890.0 -000156.1  19 37 46.4  110.873 13.588  21.90  40187 13.9
2010-02-06  17:20:00  08 50 06.2  -04 22 33  +000889.6 -000157.6  19 37 54.9  111.190 13.278  21.29  40220 13.8
2010-02-06  17:30:00  08 59 59.1  -04 48 54  +000889.3 -000158.7  19 38 03.6  111.509 12.965  20.96  40252 13.8
2010-02-06  17:40:00  09 09 51.9  -05 15 26  +000889.0 -000159.6  19 38 12.4  111.830 12.651  20.93  40285 13.9
2010-02-06  17:50:00  09 19 44.5  -05 42 06  +000888.9 -000160.2  19 38 21.5  112.151 12.334  21.19  40318 13.9
2010-02-06  18:00:00  09 29 37.1  -06 08 50  +000888.9 -000160.5  19 38 30.5  112.473 12.016  21.73  40351 13.9
2010-02-06  18:10:00  09 39 29.7  -06 35 35  +000888.9 -000160.5  19 38 39.6  112.794 11.698  22.54  40385 13.9
2010-02-06  18:20:00  09 49 22.4  -07 02 18  +000889.1 -000160.2  19 38 48.5  113.114 11.379  23.57  40418 13.9
2010-02-06  18:30:00  09 59 15.2  -07 28 57  +000889.4 -000159.5  19 38 57.3  113.432 11.061  24.82  40451 13.9
2010-02-06  18:40:00  10 09 08.3  -07 55 28  +000889.8 -000158.6  19 39 05.9  113.746 10.743  26.23  40485 13.9
2010-02-06  18:50:00  10 19 01.7  -08 21 49  +000890.3 -000157.4  19 39 14.2  114.058 10.426  27.80  40518 13.9
2010-02-06  19:00:00  10 28 55.4  -08 47 56  +000890.9 -000155.9  19 39 22.1  114.365 10.111  29.48  40551 13.9

   Date        UTC        RA         DECL      RARate   DeclRate    HourAng      Az     Um    Phase  Range  Mag
2010-02-07  16:10:00  07 46 22.8  -01 40 11  +000894.1 -000142.8  19 35 23.3  108.884 14.928  29.61  40048 13.9
2010-02-07  16:20:00  07 56 18.6  -02 04 15  +000893.2 -000145.8  19 35 29.2  109.174 14.640  27.89  40078 13.9
2010-02-07  16:30:00  08 06 13.7  -02 28 47  +000892.3 -000148.6  19 35 35.7  109.471 14.347  26.28  40108 13.9
2010-02-07  16:40:00  08 16 08.3  -02 53 46  +000891.5 -000151.1  19 35 42.7  109.773 14.050  24.84  40139 13.9
2010-02-07  16:50:00  08 26 02.5  -03 19 08  +000890.9 -000153.3  19 35 50.2  110.080 13.749  23.56  40170 13.9
2010-02-07  17:00:00  08 35 56.2  -03 44 51  +000890.3 -000155.2  19 35 58.1  110.392 13.444  22.49  40202 13.9
2010-02-07  17:10:00  08 45 49.6  -04 10 51  +000889.8 -000156.8  19 36 06.4  110.707 13.136  21.66  40234 13.9
2010-02-07  17:20:00  08 55 42.6  -04 37 06  +000889.4 -000158.1  19 36 15.0  111.025 12.825  21.09  40267 13.9
2010-02-07  17:30:00  09 05 35.5  -05 03 33  +000889.1 -000159.1  19 36 23.7  111.345 12.512  20.80  40299 13.9
2010-02-07  17:40:00  09 15 28.2  -05 30 08  +000889.0 -000159.9  19 36 32.7  111.666 12.197  20.81  40332 13.9
2010-02-07  17:50:00  09 25 20.8  -05 56 49  +000888.9 -000160.3  19 36 41.7  111.988 11.880  21.12  40365 13.9
2010-02-07  18:00:00  09 35 13.4  -06 23 33  +000888.9 -000160.4  19 36 50.8  112.310 11.563  21.71  40399 13.9
2010-02-07  18:10:00  09 45 06.1  -06 50 16  +000889.1 -000160.2  19 36 59.7  112.630 11.245  22.56  40432 13.9
2010-02-07  18:20:00  09 54 58.9  -07 16 56  +000889.3 -000159.7  19 37 08.6  112.949 10.928  23.63  40465 13.9
2010-02-07  18:30:00  10 04 51.9  -07 43 29  +000889.7 -000158.9  19 37 17.3  113.266 10.610  24.91  40499 13.9
2010-02-07  18:40:00  10 14 45.1  -08 09 53  +000890.1 -000157.9  19 37 25.6  113.579 10.294  26.35  40532 13.9

   Date        UTC        RA         DECL      RARate   DeclRate    HourAng      Az     Um    Phase  Range  Mag
2010-02-08  16:10:00  07 52 00.4  -01 53 34  +000893.6 -000144.4  19 33 42.2  108.706 14.484  29.24  40093 13.9
2010-02-08  16:20:00  08 01 55.9  -02 17 52  +000892.7 -000147.3  19 33 48.4  108.999 14.194  27.53  40123 13.9
2010-02-08  16:30:00  08 11 50.7  -02 42 39  +000891.9 -000149.9  19 33 55.2  109.299 13.900  25.94  40154 13.9
2010-02-08  16:40:00  08 21 45.1  -03 07 50  +000891.2 -000152.2  19 34 02.5  109.604 13.601  24.51  40185 13.9
2010-02-08  16:50:00  08 31 39.0  -03 33 22  +000890.6 -000154.3  19 34 10.2  109.913 13.298  23.25  40217 13.9
2010-02-08  17:00:00  08 41 32.6  -03 59 14  +000890.0 -000156.0  19 34 18.3  110.227 12.992  22.21  40249 13.9
2010-02-08  17:10:00  08 51 25.8  -04 25 22  +000889.6 -000157.4  19 34 26.7  110.544 12.683  21.41  40281 13.9
2010-02-08  17:20:00  09 01 18.7  -04 51 42  +000889.3 -000158.6  19 34 35.4  110.863 12.372  20.89  40314 13.9
2010-02-08  17:30:00  09 11 11.5  -05 18 12  +000889.1 -000159.4  19 34 44.3  111.184 12.059  20.64  40347 13.9
2010-02-08  17:40:00  09 21 04.2  -05 44 50  +000888.9 -000160.0  19 34 53.2  111.505 11.744  20.70  40380 13.9
2010-02-08  17:50:00  09 30 56.8  -06 11 31  +000888.9 -000160.2  19 35 02.3  111.827 11.428  21.06  40413 13.9
2010-02-08  18:00:00  09 40 49.5  -06 38 13  +000889.0 -000160.2  19 35 11.3  112.148 11.111  21.69  40446 13.9
2010-02-08  18:10:00  09 50 42.2  -07 04 54  +000889.2 -000159.8  19 35 20.2  112.468 10.794  22.58  40479 13.9
2010-02-08  18:20:00  10 00 35.1  -07 31 29  +000889.5 -000159.2  19 35 28.9  112.786 10.477  23.69  40513 13.9
2010-02-08  18:30:00  10 10 28.3  -07 57 56  +000889.9 -000158.2  19 35 37.4  113.100 10.161  25.00  40546 13.9

   Date        UTC        RA         DECL      RARate   DeclRate    HourAng      Az     Um    Phase  Range  Mag
2010-02-09  16:20:00  08 07 32.7  -02 31 38  +000892.3 -000148.7  19 32 08.2  108.828 13.748  27.16  40170 13.9
2010-02-09  16:30:00  08 17 27.3  -02 56 37  +000891.5 -000151.1  19 32 15.2  109.130 13.452  25.59  40201 13.9
2010-02-09  16:40:00  08 27 21.4  -03 21 59  +000890.9 -000153.3  19 32 22.8  109.438 13.152  24.18  40232 13.9
2010-02-09  16:50:00  08 37 15.1  -03 47 42  +000890.3 -000155.1  19 32 30.7  109.750 12.848  22.95  40264 13.9
2010-02-09  17:00:00  08 47 08.5  -04 13 41  +000889.8 -000156.7  19 32 38.9  110.065 12.541  21.94  40296 13.9
2010-02-09  17:10:00  08 57 01.6  -04 39 55  +000889.5 -000158.0  19 32 47.5  110.383 12.232  21.17  40328 13.9
2010-02-09  17:20:00  09 06 54.5  -05 06 19  +000889.2 -000158.9  19 32 56.3  110.703 11.920  20.68  40361 13.9
2010-02-09  17:30:00  09 16 47.2  -05 32 53  +000889.0 -000159.6  19 33 05.2  111.025 11.606  20.49  40394 13.9
2010-02-09  17:40:00  09 26 39.8  -05 59 31  +000889.0 -000160.0  19 33 14.2  111.347 11.292  20.59  40427 13.9
2010-02-09  17:50:00  09 36 32.5  -06 26 12  +000889.0 -000160.1  19 33 23.1  111.668 10.976  20.99  40460 13.9
2010-02-09  18:00:00  09 46 25.2  -06 52 52  +000889.2 -000159.9  19 33 32.1  111.988 10.660  21.67  40494 13.9
2010-02-09  18:10:00  09 56 18.1  -07 19 28  +000889.4 -000159.4  19 33 40.9  112.307 10.344  22.60  40527 13.9
2010-02-09  18:20:00  10 06 11.1  -07 45 58  +000889.8 -000158.5  19 33 49.4  112.623 10.029  23.75  40560 13.9

   Date        UTC        RA         DECL      RARate   DeclRate    HourAng      Az     Um    Phase  Range  Mag
2010-02-10  16:20:00  08 13 08.9  -02 45 31  +000891.9 -000149.9  19 30 28.5  108.660 13.302  26.80  40216 13.9
2010-02-10  16:30:00  08 23 03.3  -03 10 42  +000891.2 -000152.2  19 30 35.8  108.966 13.004  25.24  40247 13.9
2010-02-10  16:40:00  08 32 57.2  -03 36 15  +000890.6 -000154.2  19 30 43.5  109.276 12.702  23.85  40279 13.9
2010-02-10  16:50:00  08 42 50.7  -04 02 05  +000890.1 -000155.9  19 30 51.6  109.589 12.398  22.64  40311 13.9
2010-02-10  17:00:00  08 52 43.9  -04 28 11  +000889.6 -000157.3  19 31 00.0  109.906 12.090  21.66  40343 13.9
2010-02-10  17:10:00  09 02 36.9  -04 54 30  +000889.3 -000158.4  19 31 08.7  110.226 11.780  20.93  40375 13.9
2010-02-10  17:20:00  09 12 29.7  -05 20 59  +000889.1 -000159.2  19 31 17.5  110.546 11.468  20.49  40408 13.9
2010-02-10  17:30:00  09 22 22.4  -05 47 34  +000889.0 -000159.7  19 31 26.5  110.868 11.155  20.33  40441 13.9
2010-02-10  17:40:00  09 32 15.1  -06 14 12  +000889.0 -000159.9  19 31 35.4  111.190 10.841  20.48  40474 13.9
2010-02-10  17:50:00  09 42 07.8  -06 40 51  +000889.1 -000159.8  19 31 44.4  111.511 10.526  20.93  40508 13.9
2010-02-10  18:00:00  09 52 00.6  -07 07 28  +000889.3 -000159.5  19 31 53.2  111.830 10.210  21.65  40541 13.9

   Date        UTC        RA         DECL      RARate   DeclRate    HourAng      Az     Um    Phase  Range  Mag
2010-02-11  16:20:00  08 18 44.6  -02 59 32  +000891.5 -000151.1  19 28 49.3  108.497 12.855  26.43  40263 13.9
2010-02-11  16:30:00  08 28 38.7  -03 24 53  +000890.8 -000153.2  19 28 56.9  108.805 12.556  24.89  40294 13.9
2010-02-11  16:40:00  08 38 32.4  -03 50 35  +000890.3 -000155.0  19 29 04.8  109.117 12.254  23.52  40326 13.9
2010-02-11  16:50:00  08 48 25.8  -04 16 33  +000889.8 -000156.6  19 29 13.1  109.432 11.948  22.34  40358 13.9
2010-02-11  17:00:00  08 58 18.9  -04 42 45  +000889.5 -000157.8  19 29 21.6  109.751 11.640  21.39  40390 13.9
2010-02-11  17:10:00  09 08 11.8  -05 09 08  +000889.2 -000158.7  19 29 30.4  110.071 11.330  20.70  40423 13.9
2010-02-11  17:20:00  09 18 04.6  -05 35 39  +000889.1 -000159.4  19 29 39.3  110.392 11.018  20.29  40456 13.9
2010-02-11  17:30:00  09 27 57.3  -06 02 15  +000889.0 -000159.7  19 29 48.2  110.714 10.705  20.18  40489 13.9
2010-02-11  17:40:00  09 37 50.0  -06 28 52  +000889.1 -000159.8  19 29 57.1  111.035 10.391  20.38  40522 13.9
2010-02-11  17:50:00  09 47 42.7  -06 55 29  +000889.3 -000159.5  19 30 06.0  111.355 10.077  20.88  40555 13.9

   Date        UTC        RA         DECL      RARate   DeclRate    HourAng      Az     Um    Phase  Range  Mag
2010-02-12  16:20:00  08 24 19.7  -03 13 38  +000891.1 -000152.2  19 27 10.8  108.337 12.409  26.06  40310 13.9
2010-02-12  16:30:00  08 34 13.6  -03 39 10  +000890.5 -000154.1  19 27 18.6  108.648 12.109  24.54  40341 13.9
2010-02-12  16:40:00  08 44 07.1  -04 04 59  +000890.0 -000155.8  19 27 26.7  108.962 11.805  23.19  40373 13.9
2010-02-12  16:50:00  08 54 00.4  -04 31 04  +000889.6 -000157.1  19 27 35.1  109.279 11.499  22.03  40405 13.9
2010-02-12  17:00:00  09 03 53.4  -04 57 21  +000889.3 -000158.2  19 27 43.7  109.598 11.190  21.12  40438 13.9
2010-02-12  17:10:00  09 13 46.2  -05 23 47  +000889.1 -000159.0  19 27 52.6  109.919 10.880  20.46  40470 13.9
2010-02-12  17:20:00  09 23 38.9  -05 50 20  +000889.1 -000159.5  19 28 01.5  110.240 10.568  20.10  40503 13.9
2010-02-12  17:30:00  09 33 31.6  -06 16 56  +000889.1 -000159.6  19 28 10.4  110.562 10.256  20.04  40536 13.9

   Date        UTC        RA         DECL      RARate   DeclRate    HourAng      Az     Um    Phase  Range  Mag
2010-02-13  16:20:00  08 29 54.2  -03 27 50  +000890.8 -000153.1  19 25 32.8  108.182 11.963  25.69  40357 13.9
2010-02-13  16:30:00  08 39 47.9  -03 53 31  +000890.2 -000154.9  19 25 40.8  108.494 11.662  24.18  40388 13.9
2010-02-13  16:40:00  08 49 41.3  -04 19 28  +000889.8 -000156.4  19 25 49.1  108.810 11.357  22.85  40420 13.9
2010-02-13  16:50:00  08 59 34.4  -04 45 38  +000889.5 -000157.6  19 25 57.6  109.128 11.051  21.73  40453 13.9
2010-02-13  17:00:00  09 09 27.3  -05 11 59  +000889.2 -000158.5  19 26 06.4  109.448 10.742  20.84  40485 13.9
2010-02-13  17:10:00  09 19 20.0  -05 38 28  +000889.1 -000159.1  19 26 15.3  109.769 10.432  20.23  40518 13.9
2010-02-13  17:20:00  09 29 12.8  -06 05 01  +000889.1 -000159.4  19 26 24.2  110.091 10.120  19.90  40551 13.9

   Date        UTC        RA         DECL      RARate   DeclRate    HourAng      Az     Um    Phase  Range  Mag
2010-02-14  16:20:00  08 35 28.2  -03 42 06  +000890.5 -000154.0  19 23 55.5  108.029 11.518  25.32  40404 13.9
2010-02-14  16:30:00  08 45 21.7  -04 07 55  +000890.0 -000155.7  19 24 03.6  108.344 11.215  23.83  40436 13.9
2010-02-14  16:40:00  08 55 14.9  -04 33 58  +000889.6 -000157.0  19 24 12.1  108.661 10.911  22.52  40468 13.9
2010-02-14  16:50:00  09 05 07.8  -05 00 14  +000889.3 -000158.0  19 24 20.7  108.980 10.604  21.42  40500 13.9
2010-02-14  17:00:00  09 15 00.7  -05 26 38  +000889.2 -000158.7  19 24 29.5  109.301 10.295  20.57  40533 13.9

   Date        UTC        RA         DECL      RARate   DeclRate    HourAng      Az     Um    Phase  Range  Mag
2010-02-15  16:20:00  08 41 01.5  -03 56 26  +000890.2 -000154.8  19 22 18.6  107.880 11.073  24.95  40452 13.9
2010-02-15  16:30:00  08 50 54.9  -04 22 22  +000889.8 -000156.3  19 22 27.0  108.196 10.770  23.47  40484 13.9
2010-02-15  16:40:00  09 00 47.9  -04 48 31  +000889.4 -000157.4  19 22 35.5  108.515 10.465  22.19  40516 13.9
2010-02-15  16:50:00  09 10 40.8  -05 14 50  +000889.2 -000158.3  19 22 44.3  108.835 10.158  21.12  40548 13.9
