ЭФЕМЕРИДЫ ПО ОБЪЕКТУ:  95014
Для пункта:  10016 Маяки   46 23'50.68"   30 16'17.74"    14m
C   2010-02-01 12:00
по  2010-02-16 12:00
Шаг  0:10:00
Мин.угол места:          10 град
Макс.угол места Солнца: -10 град
Стандартный блеск :      4.9 (зв.вел.)

ОБОЗНАЧЕНИЯ
RA        прямое восхождение, тек.эпоха
DECL      склонение, тек.эпоха
RARate    скорость по пр.восх., арксек/мин
DeclRate  скорость по склонению, арксек/мин
HourAng   часовой угол
Az        азимут
Um        угол места
Phase     фазовый угол
Range     дальность
Mag       зв.величина (оценка)

   Date        UTC        RA         DECL      RARate   DeclRate    HourAng      Az     Um    Phase  Range  Mag
2010-02-09  16:20:00  08 38 41.6  +05 41 01  +000985.9 -000109.1  19 00 59.2   97.195 14.607  15.99  38987 11.7
2010-02-09  16:30:00  08 49 37.7  +05 22 04  +000982.4 -000118.3  19 00 04.8   97.250 14.222  14.05  39044 11.7
2010-02-09  16:40:00  09 00 31.4  +05 01 37  +000978.4 -000127.1  18 59 12.8   97.329 13.826  12.41  39109 11.7
2010-02-09  16:50:00  09 11 22.2  +04 39 45  +000974.2 -000135.4  18 58 23.5   97.434 13.421  11.22  39180 11.7
2010-02-09  17:00:00  09 22 10.2  +04 16 30  +000969.6 -000143.4  18 57 37.2   97.563 13.007  10.61  39258 11.7
2010-02-09  17:10:00  09 32 55.0  +03 51 58     <<SHADOW>>        18 56 54.1   97.716 12.586  10.68  39342 ----
2010-02-09  17:20:00  09 43 36.5  +03 26 13     <<SHADOW>>        18 56 14.2   97.894 12.160  11.41  39433 ----
2010-02-09  17:30:00  09 54 14.6  +02 59 20     <<SHADOW>>        18 55 37.8   98.094 11.730  12.69  39530 ----
2010-02-09  17:40:00  10 04 49.1  +02 31 23     <<SHADOW>>        18 55 04.9   98.317 11.296  14.35  39633 ----
2010-02-09  17:50:00  10 15 19.9  +02 02 28     <<SHADOW>>        18 54 35.7   98.562 10.861  16.28  39741 ----
2010-02-09  18:00:00  10 25 47.0  +01 32 39  +000937.8 -000181.4  18 54 10.3   98.827 10.425  18.38  39854 11.7

   Date        UTC        RA         DECL      RARate   DeclRate    HourAng      Az     Um    Phase  Range  Mag
2010-02-10  16:20:00  06 45 32.3  +07 36 35  +001000.5 -000007.3  20 58 05.1  120.238 35.114  42.49  37199 11.8
2010-02-10  16:30:00  06 56 39.9  +07 34 24  +001001.9 -000018.9  20 56 59.2  120.000 34.921  39.81  37175 11.8
2010-02-10  16:40:00  07 07 48.1  +07 30 17  +001002.7 -000030.4  20 55 52.6  119.783 34.700  37.16  37159 11.7
2010-02-10  16:50:00  07 18 56.6  +07 24 15  +001002.9 -000041.9  20 54 45.7  119.589 34.453  34.50  37151 11.7
2010-02-10  17:00:00  07 30 05.2  +07 16 19  +001002.6 -000053.3  20 53 38.8  119.420 34.181  31.88  37151 11.7
2010-02-10  17:10:00  07 41 13.3  +07 06 30  +001001.7 -000064.5  20 52 32.3  119.275 33.884  29.27  37159 11.7
2010-02-10  17:20:00  07 52 20.7  +06 54 50  +001000.3 -000075.6  20 51 26.6  119.157 33.564  26.70  37175 11.7
2010-02-10  17:30:00  08 03 26.9  +06 41 20  +000998.4 -000086.4  20 50 22.0  119.066 33.223  24.17  37199 11.6
2010-02-10  17:40:00  08 14 31.7  +06 26 03  +000995.9 -000096.9  20 49 18.8  119.003 32.862  21.71  37231 11.6
2010-02-10  17:50:00  08 25 34.7  +06 09 02  +000993.0 -000107.2  20 48 17.5  118.967 32.483  19.32  37271 11.6
2010-02-10  18:00:00  08 36 35.6  +05 50 21  +000989.7 -000117.0  20 47 18.2  118.960 32.086  17.06  37318 11.6
2010-02-10  18:10:00  08 47 34.2  +05 30 03  +000985.9 -000126.5  20 46 21.3  118.981 31.674  14.97  37373 11.6
2010-02-10  18:20:00  08 58 30.1  +05 08 12  +000981.8 -000135.6  20 45 27.0  119.029 31.248  13.14  37435 11.6
2010-02-10  18:30:00  09 09 23.1  +04 44 52  +000977.3 -000144.3  20 44 35.7  119.106 30.809  11.66  37504 11.6
2010-02-10  18:40:00  09 20 13.0  +04 20 08  +000972.5 -000152.5  20 43 47.4  119.209 30.359  10.71  37580 11.6
2010-02-10  18:50:00  09 30 59.7  +03 54 04     <<SHADOW>>        20 43 02.4  119.340 29.900  10.41  37663 ----
2010-02-10  19:00:00  09 41 42.9  +03 26 45     <<SHADOW>>        20 42 20.8  119.497 29.433  10.81  37752 ----
2010-02-10  19:10:00  09 52 22.4  +02 58 17     <<SHADOW>>        20 41 42.9  119.679 28.959  11.83  37847 ----
2010-02-10  19:20:00  10 02 58.3  +02 28 44     <<SHADOW>>        20 41 08.7  119.885 28.479  13.32  37949 ----
2010-02-10  19:30:00  10 13 30.2  +01 58 11     <<SHADOW>>        20 40 38.4  120.116 27.995  15.15  38056 ----
2010-02-10  19:40:00  10 23 58.3  +01 26 44  +000939.2 -000191.2  20 40 11.9  120.369 27.509  17.18  38169 11.6
2010-02-10  19:50:00  10 34 22.4  +00 54 28  +000933.2 -000195.9  20 39 49.5  120.644 27.021  19.37  38287 11.7
2010-02-10  20:00:00  10 44 42.5  +00 21 29  +000927.1 -000200.0  20 39 31.0  120.939 26.532  21.64  38411 11.7
2010-02-10  20:10:00  10 54 58.6  -00 12 10  +000921.1 -000203.6  20 39 16.6  121.254 26.044  23.99  38538 11.7
2010-02-10  20:20:00  11 05 10.7  -00 46 21  +000915.0 -000206.6  20 39 06.2  121.588 25.558  26.36  38671 11.7
2010-02-10  20:30:00  11 15 18.7  -01 21 01  +000909.0 -000209.2  20 38 59.8  121.939 25.075  28.78  38807 11.8
2010-02-10  20:40:00  11 25 22.7  -01 56 04  +000903.1 -000211.3  20 38 57.4  122.306 24.595  31.20  38947 11.8
2010-02-10  20:50:00  11 35 22.8  -02 31 25  +000897.2 -000212.9  20 38 58.9  122.688 24.119  33.64  39091 11.8
2010-02-10  21:00:00  11 45 19.0  -03 07 00  +000891.4 -000214.0  20 39 04.4  123.085 23.649  36.07  39238 11.9
2010-02-10  21:10:00  11 55 11.4  -03 42 44  +000885.7 -000214.7  20 39 13.7  123.494 23.185  38.52  39387 11.9
2010-02-10  21:20:00  12 05 00.0  -04 18 33  +000880.1 -000214.9  20 39 26.7  123.915 22.728  40.95  39540 11.9
2010-02-10  21:30:00  12 14 44.9  -04 54 21  +000874.7 -000214.7  20 39 43.4  124.346 22.279  43.38  39694 12.0
2010-02-10  21:40:00  12 24 26.3  -05 30 05  +000869.4 -000214.1  20 40 03.7  124.787 21.837  45.79  39851 12.0
2010-02-10  21:50:00  12 34 04.1  -06 05 42  +000864.2 -000213.1  20 40 27.5  125.237 21.405  48.21  40009 12.0
2010-02-10  22:00:00  12 43 38.6  -06 41 06  +000859.2 -000211.7  20 40 54.7  125.694 20.982  50.60  40169 12.1
2010-02-10  22:10:00  12 53 09.7  -07 16 14  +000854.3 -000209.9  20 41 25.2  126.158 20.569  53.00  40330 12.1
2010-02-10  22:20:00  13 02 37.7  -07 51 03  +000849.6 -000207.8  20 41 58.9  126.628 20.166  55.37  40491 12.2
2010-02-10  22:30:00  13 12 02.5  -08 25 30  +000845.0 -000205.4  20 42 35.7  127.102 19.774  57.73  40653 12.2
2010-02-10  22:40:00  13 21 24.4  -08 59 30  +000840.6 -000202.7  20 43 15.4  127.581 19.393  60.08  40816 12.3
2010-02-10  22:50:00  13 30 43.4  -09 33 02  +000836.3 -000199.6  20 43 58.1  128.062 19.024  62.42  40978 12.3
2010-02-10  23:00:00  13 39 59.6  -10 06 02  +000832.2 -000196.3  20 44 43.6  128.546 18.667  64.73  41140 12.4
2010-02-10  23:10:00  13 49 13.1  -10 38 27  +000828.3 -000192.7  20 45 31.7  129.032 18.322  67.04  41301 12.4
2010-02-10  23:20:00  13 58 24.0  -11 10 15  +000824.5 -000188.9  20 46 22.4  129.518 17.990  69.33  41461 12.5
2010-02-10  23:30:00  14 07 32.4  -11 41 23  +000820.8 -000184.8  20 47 15.6  130.005 17.671  71.61  41620 12.6
2010-02-10  23:40:00  14 16 38.5  -12 11 50  +000817.3 -000180.5  20 48 11.2  130.492 17.365  73.87  41778 12.6
2010-02-10  23:50:00  14 25 42.2  -12 41 32  +000813.9 -000176.0  20 49 09.1  130.978 17.073  76.12  41934 12.7
2010-02-11  00:00:00  14 34 43.7  -13 10 28  +000810.7 -000171.2  20 50 09.2  131.462 16.795  78.35  42088 12.7
2010-02-11  00:10:00  14 43 43.1  -13 38 37  +000807.5 -000166.4  20 51 11.5  131.944 16.531  80.58  42240 12.8
2010-02-11  00:20:00  14 52 40.5  -14 05 55  +000804.5 -000161.3  20 52 15.8  132.425 16.280  82.77  42390 12.9
2010-02-11  00:30:00  15 01 35.9  -14 32 22  +000801.6 -000156.1  20 53 22.0  132.902 16.045  84.97  42537 12.9
2010-02-11  00:40:00  15 10 29.4  -14 57 56  +000798.9 -000150.7  20 54 30.2  133.377 15.824  87.14  42681 13.0
2010-02-11  00:50:00  15 19 21.1  -15 22 36  +000796.2 -000145.2  20 55 40.1  133.848 15.618  89.31  42822 13.1
2010-02-11  01:00:00  15 28 11.0  -15 46 20  +000793.6 -000139.6  20 56 51.9  134.315 15.427  91.46  42960 13.1
2010-02-11  01:10:00  15 36 59.2  -16 09 07  +000791.1 -000133.8  20 58 05.3  134.779 15.251  93.60  43095 13.2
2010-02-11  01:20:00  15 45 45.7  -16 30 56  +000788.6 -000128.0  20 59 20.4  135.238 15.090  95.72  43226 13.3
2010-02-11  01:30:00  15 54 30.7  -16 51 46  +000786.3 -000122.0  21 00 37.1  135.693 14.945  97.84  43353 13.4
2010-02-11  01:40:00  16 03 14.1  -17 11 37  +000784.0 -000116.0  21 01 55.3  136.144 14.815  99.94  43476 13.4
2010-02-11  01:50:00  16 11 56.0  -17 30 26  +000781.8 -000109.9  21 03 15.0  136.590 14.701 102.03  43595 13.5
2010-02-11  02:00:00  16 20 36.5  -17 48 15  +000779.6 -000103.7  21 04 36.2  137.031 14.603 104.10  43710 13.6
2010-02-11  02:10:00  16 29 15.6  -18 05 01  +000777.5 -000097.5  21 05 58.8  137.468 14.521 106.18  43821 13.7
2010-02-11  02:20:00  16 37 53.2  -18 20 44  +000775.5 -000091.2  21 07 22.8  137.899 14.455 108.23  43927 13.8
2010-02-11  02:30:00  16 46 29.5  -18 35 25  +000773.5 -000084.9  21 08 48.1  138.326 14.404 110.28  44028 13.9
2010-02-11  02:40:00  16 55 04.5  -18 49 01  +000771.5 -000078.5  21 10 14.8  138.749 14.371 112.31  44124 14.0
2010-02-11  02:50:00  17 03 38.2  -19 01 34  +000769.6 -000072.1  21 11 42.7  139.166 14.353 114.35  44215 14.1
2010-02-11  03:00:00  17 12 10.6  -19 13 03  +000767.7 -000065.6  21 13 11.9  139.579 14.352 116.36  44301 14.2
2010-02-11  03:10:00  17 20 41.8  -19 23 27  +000765.8 -000059.2  21 14 42.4  139.987 14.367 118.37  44382 14.3
2010-02-11  03:20:00  17 29 11.8  -19 32 47  +000764.0 -000052.7  21 16 14.1  140.391 14.398 120.37  44458 14.4
2010-02-11  03:30:00  17 37 40.5  -19 41 01  +000762.2 -000046.2  21 17 47.0  140.790 14.446 122.37  44528 14.5
2010-02-11  03:40:00  17 46 08.1  -19 48 11  +000760.5 -000039.8  21 19 21.0  141.185 14.510 124.35  44593 14.6
2010-02-11  03:50:00  17 54 34.5  -19 54 17  +000758.7 -000033.3  21 20 56.3  141.576 14.590 126.34  44652 14.7
2010-02-11  04:00:00  18 02 59.7  -19 59 17  +000757.0 -000026.8  21 22 32.7  141.963 14.687 128.30  44705 14.8
2010-02-11  04:10:00  18 11 23.8  -20 03 13  +000755.3 -000020.4  21 24 10.2  142.346 14.801 130.28  44753 14.9

   Date        UTC        RA         DECL      RARate   DeclRate    HourAng      Az     Um    Phase  Range  Mag
2010-02-11  16:20:00  04 49 15.2  +06 31 38  +000959.0 +000099.1  22 58 18.7  156.757 47.973  71.86  36893 12.3
2010-02-11  16:30:00  04 59 56.7  +06 47 21  +000965.4 +000089.5  22 57 38.9  156.411 48.179  69.21  36792 12.2
2010-02-11  16:40:00  05 10 42.3  +07 01 25  +000971.4 +000079.4  22 56 54.9  156.051 48.353  66.56  36697 12.2
2010-02-11  16:50:00  05 21 31.8  +07 13 48  +000977.0 +000069.0  22 56 07.1  155.676 48.495  63.89  36608 12.1
2010-02-11  17:00:00  05 32 24.9  +07 24 25  +000982.2 +000058.3  22 55 15.6  155.292 48.603  61.23  36527 12.1
2010-02-11  17:10:00  05 43 21.3  +07 33 13  +000987.0 +000047.3  22 54 20.9  154.899 48.677  58.55  36452 12.0
2010-02-11  17:20:00  05 54 20.8  +07 40 11  +000991.3 +000036.1  22 53 23.1  154.502 48.717  55.87  36384 12.0
2010-02-11  17:30:00  06 05 22.9  +07 45 14  +000995.0 +000024.6  22 52 22.6  154.102 48.722  53.17  36324 11.9
2010-02-11  17:40:00  06 16 27.4  +07 48 22  +000998.3 +000013.0  22 51 19.8  153.704 48.692  50.49  36271 11.9
2010-02-11  17:50:00  06 27 33.8  +07 49 33  +001000.9 +000001.2  22 50 15.0  153.310 48.628  47.79  36226 11.8
2010-02-11  18:00:00  06 38 41.8  +07 48 46  +001003.0 -000010.6  22 49 08.6  152.923 48.529  45.11  36189 11.8
2010-02-11  18:10:00  06 49 51.1  +07 46 00  +001004.6 -000022.5  22 48 01.0  152.546 48.396  42.41  36159 11.8
2010-02-11  18:20:00  07 01 01.1  +07 41 16  +001005.5 -000034.4  22 46 52.6  152.182 48.230  39.74  36138 11.7
2010-02-11  18:30:00  07 12 11.6  +07 34 32  +001005.9 -000046.2  22 45 43.7  151.834 48.032  37.06  36124 11.7
2010-02-11  18:40:00  07 23 22.2  +07 25 52  +001005.7 -000057.9  22 44 34.8  151.505 47.801  34.41  36118 11.7
2010-02-11  18:50:00  07 34 32.4  +07 15 15  +001004.9 -000069.5  22 43 26.2  151.196 47.540  31.77  36121 11.6
2010-02-11  19:00:00  07 45 41.9  +07 02 43  +001003.5 -000080.8  22 42 18.4  150.909 47.249  29.17  36131 11.6
2010-02-11  19:10:00  07 56 50.3  +06 48 19  +001001.6 -000091.9  22 41 11.6  150.647 46.930  26.59  36149 11.6
2010-02-11  19:20:00  08 07 57.2  +06 32 05  +000999.2 -000102.7  22 40 06.3  150.411 46.583  24.07  36176 11.6
2010-02-11  19:30:00  08 19 02.4  +06 14 05  +000996.3 -000113.2  22 39 02.8  150.203 46.211  21.60  36210 11.6
2010-02-11  19:40:00  08 30 05.5  +05 54 22  +000992.9 -000123.4  22 38 01.3  150.022 45.814  19.24  36252 11.5
2010-02-11  19:50:00  08 41 06.2  +05 32 59  +000989.1 -000133.1  22 37 02.3  149.871 45.395  16.98  36301 11.5
2010-02-11  20:00:00  08 52 04.2  +05 10 02  +000984.9 -000142.4  22 36 05.9  149.749 44.955  14.92  36358 11.5
2010-02-11  20:10:00  09 02 59.3  +04 45 33  +000980.3 -000151.2  22 35 12.4  149.657 44.495  13.11  36423 11.5
2010-02-11  20:20:00  09 13 51.3  +04 19 39  +000975.4 -000159.6  22 34 22.1  149.594 44.018  11.69  36495 11.5
2010-02-11  20:30:00  09 24 39.8  +03 52 23     <<SHADOW>>        22 33 35.2  149.562 43.524  10.79  36573 ----
2010-02-11  20:40:00  09 35 24.9  +03 23 52     <<SHADOW>>        22 32 51.8  149.558 43.015  10.55  36659 ----
2010-02-11  20:50:00  09 46 06.2  +02 54 10     <<SHADOW>>        22 32 12.1  149.583 42.494  11.00  36752 ----
2010-02-11  21:00:00  09 56 43.7  +02 23 23     <<SHADOW>>        22 31 36.2  149.636 41.961  12.05  36851 ----
2010-02-11  21:10:00  10 07 17.3  +01 51 35     <<SHADOW>>        22 31 04.3  149.717 41.418  13.57  36956 ----
2010-02-11  21:20:00  10 17 46.8  +01 18 54  +000941.3 -000198.7  22 30 36.4  149.823 40.867  15.39  37067 11.6
2010-02-11  21:30:00  10 28 12.3  +00 45 23  +000935.1 -000203.3  22 30 12.6  149.955 40.308  17.44  37184 11.6
2010-02-11  21:40:00  10 38 33.6  +00 11 10  +000928.9 -000207.3  22 29 52.9  150.111 39.745  19.62  37307 11.6
2010-02-11  21:50:00  10 48 50.8  -00 23 42  +000922.7 -000210.9  22 29 37.3  150.290 39.177  21.90  37434 11.6
2010-02-11  22:00:00  10 59 03.9  -00 59 06  +000916.4 -000213.8  22 29 25.9  150.491 38.606  24.23  37567 11.7
2010-02-11  22:10:00  11 09 12.8  -01 34 57  +000910.2 -000216.3  22 29 18.7  150.713 38.033  26.61  37704 11.7
2010-02-11  22:20:00  11 19 17.6  -02 11 10  +000904.1 -000218.2  22 29 15.6  150.954 37.461  29.00  37845 11.7
2010-02-11  22:30:00  11 29 18.3  -02 47 39  +000898.0 -000219.6  22 29 16.5  151.213 36.889  31.42  37991 11.7
2010-02-11  22:40:00  11 39 15.0  -03 24 20  +000892.1 -000220.6  22 29 21.4  151.490 36.318  33.84  38140 11.8
2010-02-11  22:50:00  11 49 07.7  -04 01 09  +000886.2 -000221.0  22 29 30.3  151.782 35.751  36.27  38292 11.8
2010-02-11  23:00:00  11 58 56.6  -04 37 59  +000880.4 -000221.0  22 29 43.1  152.089 35.188  38.69  38448 11.8
2010-02-11  23:10:00  12 08 41.6  -05 14 47  +000874.8 -000220.6  22 29 59.7  152.409 34.629  41.12  38606 11.9
2010-02-11  23:20:00  12 18 23.0  -05 51 29  +000869.3 -000219.7  22 30 20.0  152.742 34.077  43.53  38766 11.9
2010-02-11  23:30:00  12 28 00.8  -06 27 60  +000864.0 -000218.4  22 30 43.8  153.087 33.530  45.94  38929 12.0
2010-02-11  23:40:00  12 37 35.0  -07 04 16  +000858.8 -000216.7  22 31 11.2  153.441 32.992  48.32  39094 12.0
2010-02-11  23:50:00  12 47 05.9  -07 40 14  +000853.7 -000214.7  22 31 42.0  153.805 32.461  50.71  39260 12.0
2010-02-12  00:00:00  12 56 33.4  -08 15 49  +000848.9 -000212.3  22 32 16.2  154.178 31.939  53.07  39427 12.1
2010-02-12  00:10:00  13 05 57.7  -08 50 59  +000844.2 -000209.6  22 32 53.5  154.558 31.427  55.44  39595 12.1
2010-02-12  00:20:00  13 15 19.0  -09 25 40  +000839.6 -000206.5  22 33 33.9  154.944 30.924  57.77  39763 12.2
2010-02-12  00:30:00  13 24 37.2  -09 59 49  +000835.2 -000203.2  22 34 17.2  155.337 30.433  60.11  39932 12.2
2010-02-12  00:40:00  13 33 52.6  -10 33 23  +000831.0 -000199.5  22 35 03.5  155.735 29.953  62.41  40101 12.3
2010-02-12  00:50:00  13 43 05.3  -11 06 19  +000826.9 -000195.6  22 35 52.5  156.137 29.484  64.72  40269 12.3
2010-02-12  01:00:00  13 52 15.2  -11 38 35  +000823.0 -000191.5  22 36 44.2  156.543 29.028  67.00  40437 12.4
2010-02-12  01:10:00  14 01 22.6  -12 10 08  +000819.2 -000187.1  22 37 38.4  156.953 28.584  69.27  40604 12.5
2010-02-12  01:20:00  14 10 27.6  -12 40 56  +000815.6 -000182.5  22 38 35.1  157.365 28.154  71.52  40770 12.5
2010-02-12  01:30:00  14 19 30.1  -13 10 57  +000812.1 -000177.7  22 39 34.2  157.779 27.737  73.76  40934 12.6
2010-02-12  01:40:00  14 28 30.4  -13 40 09  +000808.8 -000172.7  22 40 35.5  158.195 27.333  75.98  41097 12.6
2010-02-12  01:50:00  14 37 28.5  -14 08 30  +000805.6 -000167.5  22 41 39.1  158.613 26.945  78.20  41257 12.7
2010-02-12  02:00:00  14 46 24.6  -14 35 59  +000802.5 -000162.1  22 42 44.7  159.031 26.570  80.38  41416 12.8
2010-02-12  02:10:00  14 55 18.5  -15 02 33  +000799.5 -000156.6  22 43 52.4  159.451 26.211  82.57  41572 12.8
2010-02-12  02:20:00  15 04 10.6  -15 28 11  +000796.6 -000151.0  22 45 02.0  159.870 25.866  84.73  41725 12.9
2010-02-12  02:30:00  15 13 00.8  -15 52 52  +000793.9 -000145.2  22 46 13.4  160.290 25.538  86.89  41875 13.0
2010-02-12  02:40:00  15 21 49.1  -16 16 34  +000791.2 -000139.3  22 47 26.7  160.711 25.224  89.02  42022 13.0
2010-02-12  02:50:00  15 30 35.7  -16 39 18  +000788.7 -000133.3  22 48 41.7  161.130 24.927  91.15  42166 13.1
2010-02-12  03:00:00  15 39 20.7  -17 01 00  +000786.2 -000127.2  22 49 58.4  161.550 24.645  93.26  42307 13.2
2010-02-12  03:10:00  15 48 04.0  -17 21 41  +000783.8 -000121.0  22 51 16.7  161.970 24.380  95.37  42443 13.2
2010-02-12  03:20:00  15 56 45.8  -17 41 20  +000781.5 -000114.7  22 52 36.6  162.389 24.130  97.45  42576 13.3
2010-02-12  03:30:00  16 05 26.0  -17 59 56  +000779.2 -000108.4  22 53 58.0  162.807 23.898  99.53  42705 13.4
2010-02-12  03:40:00  16 14 04.7  -18 17 28  +000777.0 -000102.0  22 55 20.9  163.226 23.682 101.59  42829 13.5
2010-02-12  03:50:00  16 22 42.0  -18 33 56  +000774.9 -000095.5  22 56 45.3  163.643 23.483 103.65  42949 13.6
2010-02-12  04:00:00  16 31 17.9  -18 49 19  +000772.8 -000089.0  22 58 11.0  164.061 23.300 105.69  43065 13.6
2010-02-12  04:10:00  16 39 52.5  -19 03 37  +000770.8 -000082.5  22 59 38.1  164.479 23.134 107.72  43176 13.7

   Date        UTC        RA         DECL      RARate   DeclRate    HourAng      Az     Um    Phase  Range  Mag
2010-02-12  16:20:00  02 58 15.0  +02 49 02  +000882.6 +000169.8  00 53 15.5  198.950 44.902 100.59  38132 13.2
2010-02-12  16:30:00  03 08 06.0  +03 16 54  +000890.4 +000164.6  00 53 26.2  199.160 45.344  98.09  37983 13.1
2010-02-12  16:40:00  03 18 02.2  +03 43 52  +000898.1 +000158.8  00 53 31.7  199.338 45.777  95.59  37838 13.0
2010-02-12  16:50:00  03 28 03.5  +04 09 49  +000905.9 +000152.6  00 53 32.0  199.482 46.198  93.06  37695 12.9
2010-02-12  17:00:00  03 38 10.0  +04 34 43  +000913.6 +000146.0  00 53 27.1  199.593 46.606  90.53  37557 12.8
2010-02-12  17:10:00  03 48 21.6  +04 58 27  +000921.3 +000138.8  00 53 17.1  199.668 47.000  87.97  37422 12.7
2010-02-12  17:20:00  03 58 38.4  +05 20 58  +000928.9 +000131.3  00 53 02.0  199.708 47.380  85.40  37292 12.7
2010-02-12  17:30:00  04 09 00.1  +05 42 11  +000936.3 +000123.2  00 52 41.9  199.710 47.743  82.81  37166 12.6
2010-02-12  17:40:00  04 19 26.7  +06 02 01  +000943.5 +000114.7  00 52 17.0  199.675 48.089  80.22  37045 12.5
2010-02-12  17:50:00  04 29 58.1  +06 20 25  +000950.5 +000105.8  00 51 47.3  199.603 48.415  77.60  36929 12.4
2010-02-12  18:00:00  04 40 34.0  +06 37 17  +000957.3 +000096.5  00 51 12.9  199.493 48.722  74.98  36818 12.4
2010-02-12  18:10:00  04 51 14.4  +06 52 34  +000963.8 +000086.8  00 50 34.2  199.345 49.007  72.34  36713 12.3
2010-02-12  18:20:00  05 01 59.0  +07 06 11  +000969.9 +000076.7  00 49 51.3  199.160 49.268  69.70  36614 12.2
2010-02-12  18:30:00  05 12 47.5  +07 18 06  +000975.7 +000066.3  00 49 04.4  198.939 49.506  67.03  36521 12.2
2010-02-12  18:40:00  05 23 39.8  +07 28 15  +000981.0 +000055.5  00 48 13.7  198.683 49.718  64.37  36434 12.1
2010-02-12  18:50:00  05 34 35.5  +07 36 35  +000985.9 +000044.4  00 47 19.7  198.394 49.902  61.69  36354 12.1
2010-02-12  19:00:00  05 45 34.3  +07 43 03  +000990.4 +000033.1  00 46 22.5  198.072 50.059  59.01  36281 12.0
2010-02-12  19:10:00  05 56 35.9  +07 47 38  +000994.3 +000021.6  00 45 22.6  197.720 50.186  56.32  36215 12.0
2010-02-12  19:20:00  06 07 39.9  +07 50 16  +000997.7 +000010.0  00 44 20.2  197.341 50.283  53.63  36155 11.9
2010-02-12  19:30:00  06 18 46.0  +07 50 57  +001000.6 -000001.8  00 43 15.7  196.937 50.349  50.93  36104 11.9
2010-02-12  19:40:00  06 29 53.8  +07 49 39  +001002.8 -000013.7  00 42 09.5  196.510 50.383  48.25  36060 11.8
2010-02-12  19:50:00  06 41 03.0  +07 46 22  +001004.6 -000025.7  00 41 02.0  196.065 50.383  45.55  36023 11.8
2010-02-12  20:00:00  06 52 13.1  +07 41 05  +001005.7 -000037.6  00 39 53.5  195.603 50.351  42.87  35994 11.7
2010-02-12  20:10:00  07 03 23.8  +07 33 50  +001006.2 -000049.4  00 38 44.5  195.130 50.285  40.18  35973 11.7
2010-02-12  20:20:00  07 14 34.6  +07 24 37  +001006.2 -000061.2  00 37 35.3  194.647 50.185  37.52  35960 11.7
2010-02-12  20:30:00  07 25 45.2  +07 13 28  +001005.5 -000072.8  00 36 26.4  194.159 50.051  34.86  35955 11.7
2010-02-12  20:40:00  07 36 55.2  +07 00 23  +001004.3 -000084.1  00 35 18.0  193.669 49.883  32.23  35959 11.6
2010-02-12  20:50:00  07 48 04.2  +06 45 26  +001002.6 -000095.3  00 34 10.7  193.181 49.682  29.62  35970 11.6
2010-02-12  21:00:00  07 59 11.9  +06 28 38  +001000.3 -000106.1  00 33 04.6  192.698 49.448  27.06  35989 11.6
2010-02-12  21:10:00  08 10 17.9  +06 10 04  +000997.5 -000116.6  00 32 00.3  192.223 49.182  24.53  36017 11.6
2010-02-12  21:20:00  08 21 21.9  +05 49 47  +000994.3 -000126.8  00 30 57.9  191.758 48.884  22.09  36052 11.6
2010-02-12  21:30:00  08 32 23.5  +05 27 50  +000990.6 -000136.5  00 29 57.9  191.308 48.557  19.72  36096 11.5
2010-02-12  21:40:00  08 43 22.6  +05 04 18  +000986.5 -000145.8  00 29 00.5  190.874 48.200  17.48  36147 11.5
2010-02-12  21:50:00  08 54 18.7  +04 39 16  +000982.0 -000154.6  00 28 06.0  190.459 47.815  15.42  36206 11.5
2010-02-12  22:00:00  09 05 11.8  +04 12 47  +000977.2 -000163.0  00 27 14.6  190.063 47.403  13.62  36273 11.5
2010-02-12  22:10:00  09 16 01.6  +03 44 58     <<SHADOW>>        00 26 26.4  189.690 46.967  12.17  36348 ----
2010-02-12  22:20:00  09 26 47.8  +03 15 53     <<SHADOW>>        00 25 41.8  189.341 46.506  11.23  36429 ----
2010-02-12  22:30:00  09 37 30.4  +02 45 38     <<SHADOW>>        00 25 00.9  189.015 46.024  10.91  36518 ----
2010-02-12  22:40:00  09 48 09.2  +02 14 19     <<SHADOW>>        00 24 23.8  188.715 45.521  11.26  36614 ----
2010-02-12  22:50:00  09 58 44.0  +01 41 60     <<SHADOW>>        00 23 50.6  188.441 45.000  12.21  36716 ----
2010-02-12  23:00:00  10 09 14.8  +01 08 48  +000943.2 -000201.7  00 23 21.4  188.193 44.461  13.63  36825 11.5
2010-02-12  23:10:00  10 19 41.5  +00 34 48  +000937.0 -000206.2  00 22 56.3  187.972 43.907  15.39  36941 11.6
2010-02-12  23:20:00  10 30 04.1  +00 00 06  +000930.8 -000210.1  00 22 35.4  187.776 43.340  17.37  37062 11.6
2010-02-12  23:30:00  10 40 22.6  -00 35 13  +000924.5 -000213.5  00 22 18.6  187.607 42.760  19.50  37189 11.6
2010-02-12  23:40:00  10 50 36.8  -01 11 03  +000918.2 -000216.3  00 22 06.0  187.463 42.170  21.73  37321 11.6
2010-02-12  23:50:00  11 00 46.9  -01 47 18  +000912.0 -000218.6  00 21 57.6  187.343 41.572  24.04  37459 11.6
2010-02-13  00:00:00  11 10 52.8  -02 23 53  +000905.8 -000220.4  00 21 53.3  187.249 40.966  26.37  37601 11.7
2010-02-13  00:10:00  11 20 54.7  -03 00 44  +000899.7 -000221.6  00 21 53.1  187.177 40.354  28.75  37748 11.7
2010-02-13  00:20:00  11 30 52.4  -03 37 44  +000893.7 -000222.4  00 21 56.9  187.129 39.738  31.13  37899 11.7
2010-02-13  00:30:00  11 40 46.2  -04 14 50  +000887.7 -000222.6  00 22 04.8  187.103 39.120  33.54  38053 11.8
2010-02-13  00:40:00  11 50 36.1  -04 51 55  +000881.9 -000222.4  00 22 16.6  187.097 38.499  35.94  38212 11.8
2010-02-13  00:50:00  12 00 22.1  -05 28 57  +000876.2 -000221.8  00 22 32.2  187.112 37.879  38.35  38373 11.8
2010-02-13  01:00:00  12 10 04.4  -06 05 49  +000870.7 -000220.7  00 22 51.6  187.146 37.260  40.74  38538 11.9
2010-02-13  01:10:00  12 19 43.0  -06 42 29  +000865.2 -000219.2  00 23 14.6  187.199 36.643  43.14  38705 11.9
2010-02-13  01:20:00  12 29 18.1  -07 18 52  +000860.0 -000217.3  00 23 41.2  187.269 36.029  45.51  38874 11.9
2010-02-13  01:30:00  12 38 49.7  -07 54 54  +000854.9 -000215.0  00 24 11.2  187.356 35.420  47.89  39045 12.0
2010-02-13  01:40:00  12 48 18.0  -08 30 32  +000850.0 -000212.4  00 24 44.6  187.458 34.816  50.24  39217 12.0
2010-02-13  01:50:00  12 57 43.0  -09 05 41  +000845.2 -000209.5  00 25 21.2  187.575 34.219  52.60  39391 12.1
2010-02-13  02:00:00  13 07 04.9  -09 40 20  +000840.6 -000206.2  00 26 00.9  187.707 33.629  54.93  39566 12.1
2010-02-13  02:10:00  13 16 23.8  -10 14 25  +000836.1 -000202.6  00 26 43.6  187.851 33.047  57.26  39741 12.2
2010-02-13  02:20:00  13 25 39.8  -10 47 52  +000831.8 -000198.8  00 27 29.3  188.008 32.474  59.56  39916 12.2
2010-02-13  02:30:00  13 34 53.0  -11 20 39  +000827.7 -000194.7  00 28 17.8  188.178 31.910  61.86  40092 12.3
2010-02-13  02:40:00  13 44 03.4  -11 52 44  +000823.8 -000190.3  00 29 08.9  188.358 31.357  64.13  40267 12.3
2010-02-13  02:50:00  13 53 11.3  -12 24 05  +000819.9 -000185.7  00 30 02.7  188.549 30.815  66.40  40441 12.4
2010-02-13  03:00:00  14 02 16.7  -12 54 38  +000816.3 -000180.9  00 30 58.9  188.750 30.284  68.64  40614 12.4
2010-02-13  03:10:00  14 11 19.7  -13 24 22  +000812.8 -000175.9  00 31 57.6  188.961 29.766  70.88  40787 12.5
2010-02-13  03:20:00  14 20 20.4  -13 53 15  +000809.4 -000170.7  00 32 58.5  189.181 29.260  73.09  40957 12.6
2010-02-13  03:30:00  14 29 18.9  -14 21 15  +000806.1 -000165.3  00 34 01.6  189.409 28.767  75.30  41126 12.6
2010-02-13  03:40:00  14 38 15.3  -14 48 20  +000803.0 -000159.8  00 35 06.9  189.646 28.287  77.48  41293 12.7
2010-02-13  03:50:00  14 47 09.7  -15 14 30  +000800.0 -000154.1  00 36 14.2  189.891 27.822  79.67  41458 12.7
2010-02-13  04:00:00  14 56 02.1  -15 39 42  +000797.2 -000148.3  00 37 23.5  190.143 27.371  81.82  41620 12.8
2010-02-13  04:10:00  15 04 52.6  -16 03 55  +000794.4 -000142.3  00 38 34.6  190.403 26.934  83.97  41779 12.9

   Date        UTC        RA         DECL      RARate   DeclRate    HourAng      Az     Um    Phase  Range  Mag
2010-02-13  16:20:00  01 17 13.7  -02 10 33  +000812.3 +000194.8  02 38 13.4  227.453 30.255 127.26  40512 14.5
2010-02-13  16:30:00  01 26 17.3  -01 38 11  +000818.4 +000193.5  02 39 11.5  228.013 30.595 124.93  40355 14.4
2010-02-13  16:40:00  01 35 25.0  -01 06 05  +000824.8 +000191.8  02 40 05.4  228.558 30.938 122.61  40199 14.3
2010-02-13  16:50:00  01 44 37.0  -00 34 18  +000831.3 +000189.7  02 40 55.0  229.086 31.284 120.25  40042 14.1
2010-02-13  17:00:00  01 53 53.4  -00 02 53  +000838.1 +000187.2  02 41 40.2  229.595 31.631 117.89  39885 14.0
2010-02-13  17:10:00  02 03 14.4  +00 28 06  +000845.0 +000184.4  02 42 20.9  230.084 31.981 115.49  39729 13.9
2010-02-13  17:20:00  02 12 40.1  +00 58 35  +000852.0 +000181.2  02 42 56.9  230.553 32.332 113.10  39574 13.8
2010-02-13  17:30:00  02 22 10.5  +01 28 29  +000859.2 +000177.6  02 43 28.1  230.999 32.684 110.68  39420 13.6
2010-02-13  17:40:00  02 31 45.7  +01 57 45  +000866.5 +000173.6  02 43 54.5  231.422 33.036 108.25  39268 13.5
2010-02-13  17:50:00  02 41 25.9  +02 26 19  +000874.0 +000169.1  02 44 16.0  231.820 33.388 105.79  39117 13.4
2010-02-13  18:00:00  02 51 11.0  +02 54 06  +000881.5 +000164.2  02 44 32.5  232.191 33.739 103.33  38968 13.3
2010-02-13  18:10:00  03 01 01.2  +03 21 02  +000889.1 +000158.9  02 44 44.0  232.535 34.088 100.84  38821 13.2
2010-02-13  18:20:00  03 10 56.4  +03 47 02  +000896.7 +000153.1  02 44 50.4  232.850 34.436  98.35  38676 13.1
2010-02-13  18:30:00  03 20 56.7  +04 12 03  +000904.3 +000146.9  02 44 51.7  233.136 34.780  95.82  38535 13.0
2010-02-13  18:40:00  03 31 02.1  +04 35 60  +000911.8 +000140.3  02 44 48.0  233.390 35.121  93.30  38396 13.0
2010-02-13  18:50:00  03 41 12.4  +04 58 48  +000919.3 +000133.2  02 44 39.3  233.612 35.457  90.75  38261 12.9
2010-02-13  19:00:00  03 51 27.8  +05 20 23  +000926.7 +000125.7  02 44 25.6  233.801 35.787  88.19  38130 12.8
2010-02-13  19:10:00  04 01 48.1  +05 40 40  +000934.0 +000117.7  02 44 07.0  233.956 36.111  85.61  38003 12.7
2010-02-13  19:20:00  04 12 13.1  +05 59 36  +000941.1 +000109.4  02 43 43.5  234.076 36.426  83.03  37880 12.6
2010-02-13  19:30:00  04 22 42.8  +06 17 06  +000948.0 +000100.6  02 43 15.5  234.160 36.733  80.42  37761 12.6
2010-02-13  19:40:00  04 33 17.1  +06 33 07  +000954.7 +000091.4  02 42 42.9  234.208 37.030  77.81  37648 12.5
2010-02-13  19:50:00  04 43 55.7  +06 47 33  +000961.1 +000081.8  02 42 05.9  234.220 37.315  75.17  37539 12.4
2010-02-13  20:00:00  04 54 38.4  +07 00 22  +000967.1 +000071.9  02 41 24.8  234.194 37.587  72.54  37436 12.3
2010-02-13  20:10:00  05 05 25.1  +07 11 31  +000972.8 +000061.7  02 40 39.8  234.132 37.845  69.88  37339 12.3
2010-02-13  20:20:00  05 16 15.4  +07 20 55  +000978.1 +000051.1  02 39 51.1  234.033 38.088  67.23  37248 12.2
2010-02-13  20:30:00  05 27 09.2  +07 28 32  +000983.0 +000040.3  02 38 59.0  233.898 38.314  64.55  37163 12.2
2010-02-13  20:40:00  05 38 06.0  +07 34 20  +000987.5 +000029.2  02 38 03.8  233.726 38.522  61.89  37084 12.1
2010-02-13  20:50:00  05 49 05.7  +07 38 16  +000991.4 +000018.0  02 37 05.8  233.519 38.711  59.20  37013 12.1
2010-02-13  21:00:00  06 00 07.8  +07 40 19  +000994.8 +000006.6  02 36 05.3  233.278 38.878  56.52  36948 12.0
2010-02-13  21:10:00  06 11 12.0  +07 40 27  +000997.7 -000005.0  02 35 02.8  233.003 39.024  53.82  36891 12.0
2010-02-13  21:20:00  06 22 17.9  +07 38 39  +001000.1 -000016.6  02 33 58.4  232.697 39.147  51.14  36841 11.9
2010-02-13  21:30:00  06 33 25.3  +07 34 55  +001001.9 -000028.3  02 32 52.7  232.361 39.245  48.45  36798 11.9
2010-02-13  21:40:00  06 44 33.7  +07 29 14  +001003.1 -000039.9  02 31 46.0  231.996 39.317  45.77  36763 11.8
2010-02-13  21:50:00  06 55 42.7  +07 21 37  +001003.8 -000051.5  02 30 38.6  231.605 39.363  43.08  36736 11.8
2010-02-13  22:00:00  07 06 51.9  +07 12 05  +001003.9 -000062.9  02 29 31.0  231.190 39.381  40.42  36717 11.8
2010-02-13  22:10:00  07 18 01.0  +07 00 39  +001003.4 -000074.3  02 28 23.5  230.753 39.371  37.75  36707 11.7
2010-02-13  22:20:00  07 29 09.6  +06 47 21  +001002.3 -000085.4  02 27 16.6  230.297 39.333  35.12  36704 11.7
2010-02-13  22:30:00  07 40 17.4  +06 32 12  +001000.8 -000096.2  02 26 10.5  229.824 39.265  32.49  36710 11.7
2010-02-13  22:40:00  07 51 23.9  +06 15 17  +000998.7 -000106.8  02 25 05.6  229.337 39.167  29.91  36723 11.7
2010-02-13  22:50:00  08 02 28.8  +05 56 37  +000996.1 -000117.1  02 24 02.3  228.840 39.040  27.35  36746 11.6
2010-02-13  23:00:00  08 13 31.9  +05 36 17  +000993.0 -000126.9  02 23 00.9  228.333 38.882  24.86  36776 11.6
2010-02-13  23:10:00  08 24 32.8  +05 14 20  +000989.5 -000136.4  02 22 01.7  227.821 38.696  22.43  36815 11.6
2010-02-13  23:20:00  08 35 31.1  +04 50 50  +000985.6 -000145.5  02 21 04.9  227.306 38.479  20.09  36861 11.6
2010-02-13  23:30:00  08 46 26.8  +04 25 52  +000981.3 -000154.1  02 20 10.9  226.791 38.234  17.88  36916 11.6
2010-02-13  23:40:00  08 57 19.5  +03 59 30  +000976.7 -000162.2  02 19 19.9  226.278 37.960  15.85  36979 11.6
2010-02-13  23:50:00  09 08 09.0  +03 31 50     <<SHADOW>>        02 18 32.0  225.769 37.659  14.07  37050 ----
2010-02-14  00:00:00  09 18 55.1  +03 02 57     <<SHADOW>>        02 17 47.6  225.267 37.332  12.65  37128 ----
2010-02-14  00:10:00  09 29 37.6  +02 32 56     <<SHADOW>>        02 17 06.7  224.774 36.978  11.70  37214 ----
2010-02-14  00:20:00  09 40 16.5  +02 01 52     <<SHADOW>>        02 16 29.4  224.292 36.600  11.34  37307 ----
2010-02-14  00:30:00  09 50 51.5  +01 29 51     <<SHADOW>>        02 15 56.0  223.822 36.199  11.63  37408 ----
2010-02-14  00:40:00  10 01 22.7  +00 56 59     <<SHADOW>>        02 15 26.5  223.366 35.775  12.49  37515 ----
2010-02-14  00:50:00  10 11 49.8  +00 23 21  +000937.7 -000203.9  02 15 01.0  222.926 35.331  13.83  37629 11.6
2010-02-14  01:00:00  10 22 12.9  -00 10 58  +000931.6 -000207.7  02 14 39.6  222.503 34.868  15.51  37749 11.6
2010-02-14  01:10:00  10 32 32.0  -00 45 51  +000925.5 -000210.9  02 14 22.2  222.097 34.386  17.43  37875 11.6
2010-02-14  01:20:00  10 42 46.9  -01 21 13  +000919.4 -000213.5  02 14 08.9  221.709 33.889  19.50  38008 11.6
2010-02-14  01:30:00  10 52 57.8  -01 56 59  +000913.3 -000215.6  02 13 59.6  221.340 33.376  21.68  38145 11.7
2010-02-14  01:40:00  11 03 04.6  -02 33 03  +000907.2 -000217.2  02 13 54.4  220.991 32.850  23.93  38288 11.7
2010-02-14  01:50:00  11 13 07.4  -03 09 21  +000901.2 -000218.3  02 13 53.3  220.662 32.313  26.25  38436 11.7
2010-02-14  02:00:00  11 23 06.2  -03 45 48  +000895.2 -000218.9  02 13 56.1  220.353 31.765  28.58  38588 11.7
2010-02-14  02:10:00  11 33 01.1  -04 22 17  +000889.4 -000219.0  02 14 02.9  220.064 31.208  30.94  38744 11.8
2010-02-14  02:20:00  11 42 52.1  -04 58 46  +000883.7 -000218.6  02 14 13.6  219.796 30.643  33.30  38905 11.8
2010-02-14  02:30:00  11 52 39.3  -05 35 09  +000878.1 -000217.9  02 14 28.0  219.547 30.073  35.68  39068 11.8
2010-02-14  02:40:00  12 02 22.9  -06 11 22  +000872.6 -000216.6  02 14 46.1  219.318 29.498  38.05  39235 11.9
2010-02-14  02:50:00  12 12 02.8  -06 47 21  +000867.2 -000215.0  02 15 07.8  219.109 28.920  40.43  39405 11.9
2010-02-14  03:00:00  12 21 39.2  -07 23 01  +000862.1 -000213.0  02 15 33.0  218.920 28.340  42.79  39577 12.0
2010-02-14  03:10:00  12 31 12.3  -07 58 20  +000857.0 -000210.6  02 16 01.6  218.749 27.758  45.16  39752 12.0
2010-02-14  03:20:00  12 40 42.0  -08 33 13  +000852.2 -000207.9  02 16 33.5  218.598 27.178  47.50  39928 12.0
2010-02-14  03:30:00  12 50 08.5  -09 07 37  +000847.4 -000204.9  02 17 08.7  218.464 26.598  49.84  40106 12.1
2010-02-14  03:40:00  12 59 31.9  -09 41 29  +000842.9 -000201.5  02 17 46.9  218.348 26.022  52.16  40284 12.1
2010-02-14  03:50:00  13 08 52.4  -10 14 47  +000838.5 -000197.9  02 18 28.0  218.250 25.449  54.49  40464 12.2
2010-02-14  04:00:00  13 18 10.0  -10 47 26  +000834.3 -000193.9  02 19 12.1  218.169 24.880  56.78  40644 12.2

   Date        UTC        RA         DECL      RARate   DeclRate    HourAng      Az     Um    Phase  Range  Mag
2010-02-14  16:20:00  23 45 55.3  -07 10 59  +000768.2 +000186.5  04 13 28.4  245.281 12.484 151.52  43434 16.6
2010-02-14  16:30:00  23 54 28.6  -06 39 48  +000771.9 +000187.8  04 14 56.7  245.907 12.655 149.34  43300 16.4
2010-02-14  16:40:00  00 03 04.5  -06 08 25  +000775.8 +000188.8  04 16 22.4  246.529 12.834 147.15  43164 16.1
2010-02-14  16:50:00  00 11 43.1  -05 36 52  +000780.0 +000189.6  04 17 45.5  247.145 13.020 144.94  43026 15.9
2010-02-14  17:00:00  00 20 24.5  -05 05 14  +000784.4 +000190.1  04 19 05.7  247.754 13.212 142.72  42885 15.7
2010-02-14  17:10:00  00 29 09.0  -04 33 31  +000789.0 +000190.4  04 20 22.9  248.355 13.412 140.48  42742 15.5
2010-02-14  17:20:00  00 37 56.6  -04 01 47  +000793.9 +000190.4  04 21 36.9  248.948 13.618 138.24  42597 15.4
2010-02-14  17:30:00  00 46 47.5  -03 30 04  +000799.0 +000190.1  04 22 47.6  249.530 13.831 135.97  42450 15.2
2010-02-14  17:40:00  00 55 41.9  -02 58 26  +000804.3 +000189.5  04 23 54.9  250.102 14.051 133.70  42302 15.0
2010-02-14  17:50:00  01 04 39.9  -02 26 55  +000809.8 +000188.6  04 24 58.5  250.662 14.278 131.41  42153 14.9
2010-02-14  18:00:00  01 13 41.6  -01 55 34  +000815.5 +000187.4  04 25 58.5  251.209 14.511 129.11  42002 14.7
2010-02-14  18:10:00  01 22 47.2  -01 24 27  +000821.4 +000185.9  04 26 54.5  251.742 14.751 126.78  41851 14.6
2010-02-14  18:20:00  01 31 56.9  -00 53 37  +000827.6 +000184.1  04 27 46.5  252.260 14.997 124.45  41699 14.4
2010-02-14  18:30:00  01 41 10.7  -00 23 07  +000833.9 +000181.9  04 28 34.3  252.762 15.249 122.09  41546 14.3
2010-02-14  18:40:00  01 50 28.7  +00 06 59  +000840.4 +000179.3  04 29 17.9  253.247 15.506 119.72  41394 14.2
2010-02-14  18:50:00  01 59 51.2  +00 36 38  +000847.0 +000176.4  04 29 57.1  253.713 15.769 117.33  41241 14.0
2010-02-14  19:00:00  02 09 18.1  +01 05 46  +000853.8 +000173.1  04 30 31.8  254.160 16.036 114.94  41089 13.9
2010-02-14  19:10:00  02 18 49.6  +01 34 20  +000860.8 +000169.5  04 31 02.0  254.587 16.309 112.51  40938 13.8
2010-02-14  19:20:00  02 28 25.8  +02 02 14  +000867.8 +000165.4  04 31 27.4  254.993 16.585 110.09  40788 13.7
2010-02-14  19:30:00  02 38 06.7  +02 29 26  +000875.0 +000160.9  04 31 48.1  255.376 16.865 107.63  40638 13.6
2010-02-14  19:40:00  02 47 52.4  +02 55 51  +000882.2 +000156.0  04 32 04.1  255.735 17.148 105.18  40491 13.5
2010-02-14  19:50:00  02 57 43.0  +03 21 25  +000889.5 +000150.8  04 32 15.2  256.070 17.434 102.69  40345 13.4
2010-02-14  20:00:00  03 07 38.4  +03 46 05  +000896.8 +000145.1  04 32 21.4  256.379 17.721 100.20  40201 13.3
2010-02-14  20:10:00  03 17 38.7  +04 09 45  +000904.1 +000138.9  04 32 22.8  256.663 18.009  97.68  40060 13.2
2010-02-14  20:20:00  03 27 43.8  +04 32 23  +000911.3 +000132.4  04 32 19.3  256.918 18.298  95.16  39921 13.1
2010-02-14  20:30:00  03 37 53.8  +04 53 52  +000918.5 +000125.5  04 32 11.0  257.146 18.586  92.62  39786 13.0
2010-02-14  20:40:00  03 48 08.5  +05 14 11  +000925.6 +000118.1  04 31 57.9  257.345 18.872  90.07  39654 12.9
2010-02-14  20:50:00  03 58 27.9  +05 33 13  +000932.6 +000110.3  04 31 40.1  257.515 19.156  87.49  39526 12.8
2010-02-14  21:00:00  04 08 51.9  +05 50 56  +000939.4 +000102.2  04 31 17.7  257.654 19.436  84.91  39401 12.8
2010-02-14  21:10:00  04 19 20.4  +06 07 16  +000946.1 +000093.6  04 30 50.8  257.763 19.712  82.31  39281 12.7
2010-02-14  21:20:00  04 29 53.3  +06 22 08  +000952.4 +000084.7  04 30 19.6  257.841 19.981  79.71  39166 12.6
2010-02-14  21:30:00  04 40 30.3  +06 35 29  +000958.5 +000075.5  04 29 44.3  257.887 20.244  77.08  39056 12.5
2010-02-14  21:40:00  04 51 11.3  +06 47 16  +000964.3 +000065.9  04 29 04.9  257.902 20.499  74.46  38951 12.5
2010-02-14  21:50:00  05 01 56.0  +06 57 26  +000969.8 +000056.0  04 28 21.9  257.885 20.744  71.81  38851 12.4
2010-02-14  22:00:00  05 12 44.2  +07 05 55  +000974.9 +000045.8  04 27 35.2  257.836 20.979  69.17  38757 12.3
2010-02-14  22:10:00  05 23 35.7  +07 12 41  +000979.6 +000035.4  04 26 45.4  257.756 21.202  66.50  38670 12.3
2010-02-14  22:20:00  05 34 30.2  +07 17 42  +000983.8 +000024.7  04 25 52.5  257.645 21.411  63.84  38589 12.2
2010-02-14  22:30:00  05 45 27.4  +07 20 55  +000987.6 +000013.9  04 24 57.0  257.503 21.607  61.16  38514 12.2
2010-02-14  22:40:00  05 56 26.9  +07 22 19  +000990.9 +000002.9  04 23 59.2  257.331 21.786  58.49  38447 12.1
2010-02-14  22:50:00  06 07 28.5  +07 21 53  +000993.7 -000008.2  04 22 59.3  257.130 21.949  55.81  38386 12.1
2010-02-14  23:00:00  06 18 31.7  +07 19 36  +000996.0 -000019.3  04 21 57.7  256.900 22.093  53.13  38333 12.0
2010-02-14  23:10:00  06 29 36.3  +07 15 27  +000997.7 -000030.5  04 20 54.7  256.643 22.218  50.44  38288 12.0
2010-02-14  23:20:00  06 40 41.8  +07 09 27  +000998.9 -000041.6  04 19 50.8  256.359 22.323  47.77  38250 11.9
2010-02-14  23:30:00  06 51 48.0  +07 01 35  +000999.5 -000052.7  04 18 46.3  256.051 22.406  45.09  38221 11.9
2010-02-14  23:40:00  07 02 54.4  +06 51 53  +000999.6 -000063.7  04 17 41.5  255.719 22.468  42.43  38199 11.9
2010-02-14  23:50:00  07 14 00.7  +06 40 22  +000999.2 -000074.5  04 16 36.8  255.365 22.505  39.77  38185 11.8
2010-02-15  00:00:00  07 25 06.6  +06 27 04  +000998.2 -000085.1  04 15 32.6  254.990 22.519  37.14  38180 11.8
2010-02-15  00:10:00  07 36 11.6  +06 12 01  +000996.8 -000095.5  04 14 29.2  254.598 22.509  34.52  38183 11.8
2010-02-15  00:20:00  07 47 15.5  +05 55 16  +000994.8 -000105.6  04 13 27.0  254.188 22.473  31.93  38195 11.8
2010-02-15  00:30:00  07 58 17.9  +05 36 51  +000992.4 -000115.3  04 12 26.2  253.764 22.412  29.36  38215 11.7
2010-02-15  00:40:00  08 09 18.6  +05 16 51  +000989.4 -000124.7  04 11 27.2  253.326 22.326  26.85  38243 11.7
2010-02-15  00:50:00  08 20 17.1  +04 55 18  +000986.1 -000133.8  04 10 30.3  252.878 22.213  24.39  38280 11.7
2010-02-15  01:00:00  08 31 13.3  +04 32 17  +000982.4 -000142.4  04 09 35.8  252.421 22.075  22.01  38325 11.7
2010-02-15  01:10:00  08 42 06.9  +04 07 52  +000978.3 -000150.5  04 08 43.8  251.957 21.911  19.73  38378 11.7
2010-02-15  01:20:00  08 52 57.7  +03 42 08  +000973.9 -000158.2  04 07 54.7  251.487 21.721  17.59  38440 11.7
2010-02-15  01:30:00  09 03 45.4  +03 15 09     <<SHADOW>>        04 07 08.6  251.015 21.506  15.64  38509 ----
2010-02-15  01:40:00  09 14 29.9  +02 47 01     <<SHADOW>>        04 06 25.7  250.541 21.267  13.97  38586 ----
2010-02-15  01:50:00  09 25 11.0  +02 17 48     <<SHADOW>>        04 05 46.3  250.068 21.004  12.67  38671 ----
2010-02-15  02:00:00  09 35 48.6  +01 47 36     <<SHADOW>>        04 05 10.3  249.597 20.717  11.86  38764 ----
2010-02-15  02:10:00  09 46 22.6  +01 16 30     <<SHADOW>>        04 04 38.0  249.130 20.409  11.64  38864 ----
2010-02-15  02:20:00  09 56 52.8  +00 44 36     <<SHADOW>>        04 04 09.4  248.668 20.078  12.03  38970 ----
2010-02-15  02:30:00  10 07 19.1  +00 11 58  +000936.7 -000197.7  04 03 44.7  248.213 19.727  12.97  39084 11.7
2010-02-15  02:40:00  10 17 41.7  -00 21 17  +000930.9 -000201.2  04 03 23.8  247.766 19.357  14.34  39204 11.7
2010-02-15  02:50:00  10 28 00.3  -00 55 05  +000925.0 -000204.2  04 03 06.8  247.328 18.968  16.04  39330 11.7
2010-02-15  03:00:00  10 38 15.0  -01 29 19  +000919.1 -000206.7  04 02 53.8  246.901 18.562  17.94  39463 11.7
2010-02-15  03:10:00  10 48 25.8  -02 03 56  +000913.2 -000208.6  04 02 44.6  246.485 18.139  20.01  39601 11.7
2010-02-15  03:20:00  10 58 32.7  -02 38 50  +000907.4 -000210.0  04 02 39.4  246.081 17.702  22.16  39744 11.8
2010-02-15  03:30:00  11 08 35.7  -03 13 55  +000901.6 -000211.0  04 02 38.0  245.690 17.252  24.40  39892 11.8
2010-02-15  03:40:00  11 18 34.8  -03 49 08  +000895.9 -000211.5  04 02 40.5  245.312 16.789  26.68  40045 11.8
2010-02-15  03:50:00  11 28 30.2  -04 24 23  +000890.3 -000211.5  04 02 46.8  244.949 16.315  29.00  40202 11.8
2010-02-15  04:00:00  11 38 21.9  -04 59 36  +000884.8 -000211.0  04 02 56.7  244.600 15.832  31.32  40363 11.9
