ЭФЕМЕРИДЫ ПО ОБЪЕКТУ:  95012
Для пункта:  10016 Маяки   46 23'50.68"   30 16'17.74"    14m
C   2010-02-01 12:00
по  2010-02-16 12:00
Шаг  0:10:00
Мин.угол места:          10 град
Макс.угол места Солнца: -10 град
Стандартный блеск :      5.0 (зв.вел.)

ОБОЗНАЧЕНИЯ
RA        прямое восхождение, тек.эпоха
DECL      склонение, тек.эпоха
RARate    скорость по пр.восх., арксек/мин
DeclRate  скорость по склонению, арксек/мин
HourAng   часовой угол
Az        азимут
Um        угол места
Phase     фазовый угол
Range     дальность
Mag       зв.величина (оценка)

   Date        UTC        RA         DECL      RARate   DeclRate    HourAng      Az     Um    Phase  Range  Mag
2010-02-07  23:40:00  06 15 46.8  -05 15 50  +000936.7 +000044.3  04 37 13.3  251.146 10.152  51.34  39537 12.1
2010-02-07  23:50:00  06 26 11.3  -05 08 32  +000936.8 +000043.3  04 36 50.4  251.154 10.306  48.94  39521 12.1
2010-02-08  00:00:00  06 36 35.8  -05 01 25  +000936.9 +000042.1  04 36 27.5  251.161 10.458  46.56  39505 12.1
2010-02-08  00:10:00  06 47 00.4  -04 54 30  +000937.0 +000040.9  04 36 04.5  251.164 10.607  44.20  39490 12.0
2010-02-08  00:20:00  06 57 25.1  -04 47 47  +000937.1 +000039.6  04 35 41.5  251.165 10.754  41.87  39474 12.0
2010-02-08  00:30:00  07 07 49.8  -04 41 18  +000937.2 +000038.2  04 35 18.4  251.163 10.899  39.57  39459 12.0
2010-02-08  00:40:00  07 18 14.6  -04 35 03  +000937.3 +000036.7  04 34 55.3  251.159 11.040  37.31  39445 11.9
2010-02-08  00:50:00  07 28 39.5  -04 29 04  +000937.4 +000035.1  04 34 32.0  251.151 11.179  35.09  39430 11.9
2010-02-08  01:00:00  07 39 04.5  -04 23 21  +000937.5 +000033.5  04 34 08.7  251.140 11.315  32.93  39417 11.9
2010-02-08  01:10:00  07 49 29.5  -04 17 54  +000937.6 +000031.8  04 33 45.3  251.126 11.447  30.83  39403 11.9
2010-02-08  01:20:00  07 59 54.6  -04 12 45  +000937.7 +000030.0  04 33 21.9  251.108 11.575  28.82  39390 11.9
2010-02-08  01:30:00  08 10 19.7  -04 07 54  +000937.8 +000028.2  04 32 58.4  251.086 11.700  26.90  39377 11.8
2010-02-08  01:40:00  08 20 45.0  -04 03 21  +000937.9 +000026.3  04 32 34.8  251.061 11.822  25.11  39364 11.8
2010-02-08  01:50:00  08 31 10.3  -03 59 08  +000938.0 +000024.3  04 32 11.1  251.032 11.939  23.46  39352 11.8
2010-02-08  02:00:00  08 41 35.6  -03 55 15  +000938.1 +000022.3  04 31 47.4  250.999 12.053  22.00  39341 11.8
2010-02-08  02:10:00  08 52 01.1  -03 51 42  +000938.2 +000020.3  04 31 23.6  250.962 12.162  20.76  39330 11.8
2010-02-08  02:20:00  09 02 26.6  -03 48 30  +000938.3 +000018.2  04 30 59.8  250.921 12.267  19.79  39319 11.8
2010-02-08  02:30:00  09 12 52.1  -03 45 39  +000938.3 +000016.0  04 30 35.9  250.876 12.368  19.12  39309 11.8
2010-02-08  02:40:00  09 23 17.7  -03 43 10  +000938.4 +000013.8  04 30 11.9  250.826 12.465  18.79  39299 11.8
2010-02-08  02:50:00  09 33 43.3  -03 41 03  +000938.5 +000011.6  04 29 47.9  250.772 12.556  18.82  39290 11.8
2010-02-08  03:00:00  09 44 09.0  -03 39 18  +000938.5 +000009.4  04 29 23.9  250.714 12.644  19.20  39281 11.8
2010-02-08  03:10:00  09 54 34.7  -03 37 55  +000938.6 +000007.1  04 28 59.9  250.652 12.726  19.92  39272 11.8
2010-02-08  03:20:00  10 05 00.4  -03 36 55  +000938.6 +000004.9  04 28 35.8  250.585 12.804  20.93  39264 11.8
2010-02-08  03:30:00  10 15 26.1  -03 36 18  +000938.6 +000002.6  04 28 11.7  250.514 12.877  22.22  39257 11.8
2010-02-08  03:40:00  10 25 51.9  -03 36 04  +000938.6 +000000.3  04 27 47.6  250.439 12.946  23.70  39250 11.8
2010-02-08  03:50:00  10 36 17.7  -03 36 12  +000938.6 -000002.0  04 27 23.4  250.359 13.009  25.38  39244 11.8
2010-02-08  04:00:00  10 46 43.4  -03 36 44  +000938.6 -000004.3  04 26 59.3  250.275 13.068  27.19  39238 11.8
2010-02-08  04:10:00  10 57 09.2  -03 37 38  +000938.6 -000006.6  04 26 35.2  250.187 13.122  29.13  39232 11.9

   Date        UTC        RA         DECL      RARate   DeclRate    HourAng      Az     Um    Phase  Range  Mag
2010-02-08  16:10:00  23 27 23.8  -09 46 08  +000939.6 +000012.0  03 58 18.9  240.624 12.784 150.61  39251 16.4
2010-02-08  16:20:00  23 37 50.2  -09 43 56  +000939.6 +000014.2  03 57 54.1  240.565 12.875 148.11  39241 16.1
2010-02-08  16:30:00  23 48 16.6  -09 41 23  +000939.5 +000016.4  03 57 29.4  240.509 12.971 145.59  39231 15.9
2010-02-08  16:40:00  23 58 42.9  -09 38 28  +000939.5 +000018.6  03 57 04.7  240.457 13.071 143.08  39220 15.6
2010-02-08  16:50:00  00 09 09.2  -09 35 12  +000939.4 +000020.7  03 56 40.1  240.408 13.176 140.55  39209 15.4
2010-02-08  17:00:00  00 19 35.4  -09 31 34  +000939.3 +000022.8  03 56 15.5  240.363 13.285 138.03  39198 15.2
2010-02-08  17:10:00  00 30 01.6  -09 27 36  +000939.2 +000024.8  03 55 50.9  240.322 13.399 135.50  39186 15.0
2010-02-08  17:20:00  00 40 27.7  -09 23 18  +000939.1 +000026.8  03 55 26.5  240.285 13.517 132.97  39174 14.9
2010-02-08  17:30:00  00 50 53.7  -09 18 41  +000939.0 +000028.7  03 55 02.1  240.251 13.639 130.44  39161 14.7
2010-02-08  17:40:00  01 01 19.7  -09 13 45  +000938.9 +000030.6  03 54 37.7  240.220 13.765 127.91  39148 14.6
2010-02-08  17:50:00  01 11 45.6  -09 08 30  +000938.8 +000032.4  03 54 13.5  240.193 13.895 125.37  39134 14.4
2010-02-08  18:00:00  01 22 11.5  -09 02 58  +000938.7 +000034.1  03 53 49.3  240.169 14.029 122.85  39120 14.3
2010-02-08  18:10:00  01 32 37.2  -08 57 08  +000938.6 +000035.8  03 53 25.1  240.149 14.166 120.31  39106 14.1
2010-02-08  18:20:00  01 43 02.9  -08 51 03  +000938.5 +000037.4  03 53 01.1  240.131 14.307 117.78  39092 14.0
2010-02-08  18:30:00  01 53 28.5  -08 44 42  +000938.4 +000038.9  03 52 37.1  240.116 14.451 115.24  39077 13.9
2010-02-08  18:40:00  02 03 54.0  -08 38 06  +000938.2 +000040.3  03 52 13.3  240.104 14.598 112.72  39062 13.8
2010-02-08  18:50:00  02 14 19.5  -08 31 16  +000938.1 +000041.7  03 51 49.4  240.094 14.748 110.18  39046 13.7
2010-02-08  19:00:00  02 24 44.9  -08 24 13  +000938.0 +000042.9  03 51 25.7  240.087 14.901 107.65  39031 13.6
2010-02-08  19:10:00  02 35 10.2  -08 16 58  +000937.9 +000044.1  03 51 02.0  240.082 15.056 105.11  39015 13.5
2010-02-08  19:20:00  02 45 35.4  -08 09 31  +000937.8 +000045.2  03 50 38.5  240.079 15.214 102.59  38999 13.4
2010-02-08  19:30:00  02 56 00.6  -08 01 54  +000937.7 +000046.2  03 50 14.9  240.078 15.374 100.05  38982 13.3
2010-02-08  19:40:00  03 06 25.7  -07 54 08  +000937.6 +000047.1  03 49 51.5  240.080 15.535  97.53  38966 13.2
2010-02-08  19:50:00  03 16 50.7  -07 46 13  +000937.5 +000047.9  03 49 28.1  240.082 15.699  95.00  38949 13.1
2010-02-08  20:00:00  03 27 15.7  -07 38 10  +000937.4 +000048.6  03 49 04.7  240.086 15.864  92.48  38933 13.0
2010-02-08  20:10:00  03 37 40.6  -07 30 01  +000937.4 +000049.2  03 48 41.4  240.092 16.030  89.95  38916 12.9
2010-02-08  20:20:00  03 48 05.5  -07 21 46  +000937.3 +000049.7  03 48 18.2  240.098 16.198  87.43  38899 12.9
2010-02-08  20:30:00  03 58 30.4  -07 13 27  +000937.3 +000050.1  03 47 55.0  240.106 16.366  84.91  38882 12.8
2010-02-08  20:40:00  04 08 55.2  -07 05 04  +000937.2 +000050.4  03 47 31.8  240.114 16.536  82.39  38865 12.7
2010-02-08  20:50:00  04 19 20.0  -06 56 39  +000937.2 +000050.6  03 47 08.6  240.122 16.705  79.87  38848 12.7
2010-02-08  21:00:00  04 29 44.8  -06 48 12  +000937.2 +000050.7  03 46 45.5  240.131 16.875  77.37  38831 12.6
2010-02-08  21:10:00  04 40 09.6  -06 39 46  +000937.1 +000050.7  03 46 22.4  240.139 17.045  74.86  38814 12.5
2010-02-08  21:20:00  04 50 34.3  -06 31 19  +000937.2 +000050.6  03 45 59.3  240.148 17.215  72.36  38797 12.5
2010-02-08  21:30:00  05 00 59.1  -06 22 55  +000937.2 +000050.3  03 45 36.1  240.156 17.385  69.86  38780 12.4
2010-02-08  21:40:00  05 11 23.9  -06 14 33  +000937.2 +000050.0  03 45 13.0  240.164 17.554  67.38  38763 12.4
2010-02-08  21:50:00  05 21 48.7  -06 06 15  +000937.2 +000049.6  03 44 49.8  240.171 17.722  64.89  38747 12.3
2010-02-08  22:00:00  05 32 13.5  -05 58 02  +000937.3 +000049.0  03 44 26.7  240.177 17.889  62.42  38730 12.3
2010-02-08  22:10:00  05 42 38.3  -05 49 55  +000937.3 +000048.4  03 44 03.5  240.182 18.055  59.94  38714 12.2
2010-02-08  22:20:00  05 53 03.2  -05 41 55  +000937.4 +000047.6  03 43 40.2  240.185 18.220  57.49  38698 12.2
2010-02-08  22:30:00  06 03 28.2  -05 34 02  +000937.4 +000046.8  03 43 16.9  240.187 18.382  55.04  38682 12.1
2010-02-08  22:40:00  06 13 53.1  -05 26 19  +000937.5 +000045.9  03 42 53.6  240.187 18.543  52.61  38666 12.1
2010-02-08  22:50:00  06 24 18.2  -05 18 45  +000937.6 +000044.8  03 42 30.2  240.185 18.702  50.19  38650 12.1
2010-02-08  23:00:00  06 34 43.3  -05 11 23  +000937.7 +000043.7  03 42 06.8  240.181 18.859  47.79  38635 12.0
2010-02-08  23:10:00  06 45 08.4  -05 04 12  +000937.8 +000042.5  03 41 43.3  240.175 19.014  45.41  38620 12.0
2010-02-08  23:20:00  06 55 33.6  -04 57 13  +000937.9 +000041.2  03 41 19.7  240.166 19.165  43.06  38605 12.0
2010-02-08  23:30:00  07 05 58.9  -04 50 29  +000938.0 +000039.8  03 40 56.1  240.154 19.314  40.73  38591 11.9
2010-02-08  23:40:00  07 16 24.2  -04 43 58  +000938.1 +000038.3  03 40 32.3  240.140 19.460  38.44  38577 11.9
2010-02-08  23:50:00  07 26 49.7  -04 37 43  +000938.2 +000036.7  03 40 08.6  240.122 19.602  36.18  38563 11.9
2010-02-09  00:00:00  07 37 15.2  -04 31 44  +000938.3 +000035.1  03 39 44.7  240.102 19.742  33.98  38549 11.9
2010-02-09  00:10:00  07 47 40.7  -04 26 02  +000938.4 +000033.4  03 39 20.8  240.078 19.877  31.83  38536 11.8
2010-02-09  00:20:00  07 58 06.4  -04 20 37  +000938.5 +000031.6  03 38 56.8  240.050 20.009  29.76  38524 11.8
2010-02-09  00:30:00  08 08 32.1  -04 15 31  +000938.6 +000029.7  03 38 32.7  240.019 20.137  27.77  38511 11.8
2010-02-09  00:40:00  08 18 57.9  -04 10 43  +000938.7 +000027.8  03 38 08.6  239.985 20.261  25.90  38500 11.8
2010-02-09  00:50:00  08 29 23.7  -04 06 15  +000938.8 +000025.8  03 37 44.4  239.946 20.381  24.15  38488 11.8
2010-02-09  01:00:00  08 39 49.6  -04 02 07  +000938.9 +000023.8  03 37 20.1  239.904 20.497  22.57  38477 11.8
2010-02-09  01:10:00  08 50 15.6  -03 58 19  +000939.0 +000021.7  03 36 55.7  239.858 20.608  21.20  38466 11.8
2010-02-09  01:20:00  09 00 41.7  -03 54 53  +000939.1 +000019.6  03 36 31.3  239.807 20.715  20.06  38456 11.7
2010-02-09  01:30:00  09 11 07.8  -03 51 48  +000939.2 +000017.4  03 36 06.9  239.753 20.817  19.22  38447 11.7
2010-02-09  01:40:00  09 21 33.9  -03 49 05  +000939.3 +000015.2  03 35 42.4  239.694 20.914  18.70  38437 11.7
2010-02-09  01:50:00  09 32 00.1  -03 46 45  +000939.3 +000012.9  03 35 17.8  239.632 21.006  18.53  38429 11.7
2010-02-09  02:00:00  09 42 26.4  -03 44 47  +000939.4 +000010.7  03 34 53.2  239.565 21.093  18.73  38420 11.7
2010-02-09  02:10:00  09 52 52.6  -03 43 12  +000939.4 +000008.4  03 34 28.6  239.493 21.175  19.28  38413 11.7
2010-02-09  02:20:00  10 03 18.9  -03 42 00  +000939.5 +000006.0  03 34 04.0  239.418 21.252  20.15  38405 11.7
2010-02-09  02:30:00  10 13 45.2  -03 41 11  +000939.5 +000003.7  03 33 39.3  239.338 21.324  21.32  38399 11.7
2010-02-09  02:40:00  10 24 11.6  -03 40 46  +000939.5 +000001.4  03 33 14.6  239.254 21.391  22.71  38392 11.8
2010-02-09  02:50:00  10 34 37.9  -03 40 44  +000939.5 -000001.0  03 32 49.9  239.165 21.452  24.31  38387 11.8
2010-02-09  03:00:00  10 45 04.2  -03 41 06  +000939.5 -000003.3  03 32 25.2  239.073 21.508  26.06  38382 11.8
2010-02-09  03:10:00  10 55 30.6  -03 41 51  +000939.5 -000005.7  03 32 00.5  238.976 21.559  27.96  38377 11.8
2010-02-09  03:20:00  11 05 56.9  -03 42 59  +000939.5 -000008.0  03 31 35.9  238.875 21.604  29.95  38372 11.8
2010-02-09  03:30:00  11 16 23.2  -03 44 31  +000939.4 -000010.3  03 31 11.2  238.770 21.645  32.04  38369 11.8
2010-02-09  03:40:00  11 26 49.4  -03 46 26  +000939.4 -000012.6  03 30 46.6  238.660 21.679  34.19  38366 11.9
2010-02-09  03:50:00  11 37 15.7  -03 48 43  +000939.3 -000014.9  03 30 22.0  238.547 21.709  36.41  38363 11.9
2010-02-09  04:00:00  11 47 41.8  -03 51 23  +000939.3 -000017.1  03 29 57.5  238.430 21.733  38.67  38361 11.9
2010-02-09  04:10:00  11 58 08.0  -03 54 25  +000939.2 -000019.3  03 29 32.9  238.310 21.752  40.98  38359 11.9

   Date        UTC        RA         DECL      RARate   DeclRate    HourAng      Az     Um    Phase  Range  Mag
2010-02-09  16:20:00  00 39 31.4  -09 36 54  +000940.0 +000026.5  03 00 09.4  228.387 21.071 134.17  38407 14.9
2010-02-09  16:30:00  00 49 58.0  -09 32 19  +000939.9 +000028.5  02 59 44.5  228.336 21.190 131.63  38396 14.7
2010-02-09  16:40:00  01 00 24.6  -09 27 24  +000939.7 +000030.4  02 59 19.6  228.288 21.313 129.10  38384 14.6
2010-02-09  16:50:00  01 10 51.0  -09 22 10  +000939.6 +000032.3  02 58 54.8  228.243 21.441 126.56  38371 14.4
2010-02-09  17:00:00  01 21 17.4  -09 16 38  +000939.5 +000034.1  02 58 30.0  228.202 21.572 124.02  38359 14.3
2010-02-09  17:10:00  01 31 43.7  -09 10 48  +000939.4 +000035.8  02 58 05.4  228.163 21.708 121.48  38345 14.2
2010-02-09  17:20:00  01 42 09.9  -09 04 42  +000939.3 +000037.5  02 57 40.8  228.127 21.848 118.95  38332 14.0
2010-02-09  17:30:00  01 52 36.1  -08 58 19  +000939.2 +000039.1  02 57 16.3  228.094 21.991 116.41  38318 13.9
2010-02-09  17:40:00  02 03 02.2  -08 51 41  +000939.0 +000040.6  02 56 51.8  228.063 22.138 113.87  38304 13.8
2010-02-09  17:50:00  02 13 28.1  -08 44 48  +000938.9 +000042.0  02 56 27.5  228.035 22.288 111.33  38289 13.7
2010-02-09  18:00:00  02 23 54.0  -08 37 41  +000938.8 +000043.3  02 56 03.2  228.009 22.441 108.80  38275 13.6
2010-02-09  18:10:00  02 34 19.9  -08 30 22  +000938.7 +000044.6  02 55 39.1  227.985 22.597 106.26  38260 13.5
2010-02-09  18:20:00  02 44 45.6  -08 22 50  +000938.6 +000045.7  02 55 14.9  227.963 22.756 103.73  38244 13.4
2010-02-09  18:30:00  02 55 11.3  -08 15 08  +000938.5 +000046.8  02 54 50.9  227.943 22.917 101.19  38229 13.3
2010-02-09  18:40:00  03 05 36.9  -08 07 15  +000938.4 +000047.7  02 54 26.9  227.925 23.081  98.66  38214 13.2
2010-02-09  18:50:00  03 16 02.5  -07 59 14  +000938.3 +000048.6  02 54 03.0  227.909 23.246  96.12  38198 13.1
2010-02-09  19:00:00  03 26 28.0  -07 51 04  +000938.2 +000049.4  02 53 39.2  227.893 23.413  93.60  38182 13.0
2010-02-09  19:10:00  03 36 53.4  -07 42 47  +000938.1 +000050.0  02 53 15.4  227.879 23.582  91.06  38166 12.9
2010-02-09  19:20:00  03 47 18.8  -07 34 24  +000938.1 +000050.6  02 52 51.6  227.866 23.753  88.54  38150 12.9
2010-02-09  19:30:00  03 57 44.2  -07 25 55  +000938.0 +000051.0  02 52 27.9  227.854 23.924  86.01  38134 12.8
2010-02-09  19:40:00  04 08 09.5  -07 17 23  +000938.0 +000051.4  02 52 04.2  227.843 24.097  83.49  38118 12.7
2010-02-09  19:50:00  04 18 34.8  -07 08 48  +000937.9 +000051.6  02 51 40.5  227.832 24.270  80.96  38102 12.7
2010-02-09  20:00:00  04 29 00.1  -07 00 11  +000937.9 +000051.8  02 51 16.9  227.821 24.443  78.45  38085 12.6
2010-02-09  20:10:00  04 39 25.4  -06 51 33  +000937.9 +000051.8  02 50 53.3  227.810 24.617  75.93  38069 12.5
2010-02-09  20:20:00  04 49 50.6  -06 42 55  +000937.9 +000051.7  02 50 29.7  227.800 24.790  73.43  38053 12.5
2010-02-09  20:30:00  05 00 15.9  -06 34 19  +000937.9 +000051.5  02 50 06.0  227.788 24.964  70.92  38037 12.4
2010-02-09  20:40:00  05 10 41.2  -06 25 45  +000937.9 +000051.2  02 49 42.4  227.777 25.136  68.43  38021 12.4
2010-02-09  20:50:00  05 21 06.4  -06 17 14  +000937.9 +000050.9  02 49 18.8  227.765 25.308  65.93  38005 12.3
2010-02-09  21:00:00  05 31 31.8  -06 08 48  +000938.0 +000050.3  02 48 55.1  227.751 25.479  63.45  37989 12.3
2010-02-09  21:10:00  05 41 57.1  -06 00 28  +000938.0 +000049.7  02 48 31.4  227.737 25.649  60.97  37974 12.2
2010-02-09  21:20:00  05 52 22.5  -05 52 14  +000938.1 +000049.0  02 48 07.7  227.721 25.817  58.51  37959 12.2
2010-02-09  21:30:00  06 02 47.9  -05 44 08  +000938.2 +000048.2  02 47 43.9  227.704 25.984  56.04  37943 12.1
2010-02-09  21:40:00  06 13 13.3  -05 36 10  +000938.2 +000047.3  02 47 20.1  227.686 26.148  53.60  37928 12.1
2010-02-09  21:50:00  06 23 38.8  -05 28 22  +000938.3 +000046.3  02 46 56.2  227.665 26.311  51.16  37914 12.0
2010-02-09  22:00:00  06 34 04.4  -05 20 45  +000938.4 +000045.2  02 46 32.3  227.643 26.470  48.75  37899 12.0
2010-02-09  22:10:00  06 44 30.1  -05 13 19  +000938.5 +000044.0  02 46 08.3  227.618 26.628  46.35  37885 12.0
2010-02-09  22:20:00  06 54 55.7  -05 06 06  +000938.6 +000042.7  02 45 44.3  227.591 26.782  43.98  37871 11.9
2010-02-09  22:30:00  07 05 21.5  -04 59 06  +000938.7 +000041.3  02 45 20.1  227.561 26.934  41.63  37858 11.9
2010-02-09  22:40:00  07 15 47.3  -04 52 21  +000938.8 +000039.8  02 44 55.9  227.529 27.082  39.32  37844 11.9
2010-02-09  22:50:00  07 26 13.3  -04 45 51  +000938.9 +000038.2  02 44 31.7  227.493 27.226  37.03  37831 11.9
2010-02-09  23:00:00  07 36 39.2  -04 39 36  +000939.0 +000036.6  02 44 07.3  227.455 27.367  34.80  37819 11.8
2010-02-09  23:10:00  07 47 05.3  -04 33 39  +000939.1 +000034.9  02 43 42.9  227.414 27.504  32.61  37807 11.8
2010-02-09  23:20:00  07 57 31.4  -04 27 59  +000939.3 +000033.1  02 43 18.4  227.369 27.637  30.49  37795 11.8
2010-02-09  23:30:00  08 07 57.6  -04 22 38  +000939.4 +000031.2  02 42 53.9  227.321 27.766  28.45  37783 11.8
2010-02-09  23:40:00  08 18 23.9  -04 17 35  +000939.5 +000029.3  02 42 29.2  227.270 27.891  26.52  37772 11.8
2010-02-09  23:50:00  08 28 50.3  -04 12 52  +000939.6 +000027.3  02 42 04.5  227.215 28.011  24.69  37762 11.7
2010-02-10  00:00:00  08 39 16.7  -04 08 29  +000939.7 +000025.2  02 41 39.7  227.157 28.126  23.03  37752 11.7
2010-02-10  00:10:00  08 49 43.2  -04 04 27  +000939.8 +000023.1  02 41 14.9  227.094 28.236  21.55  37742 11.7
2010-02-10  00:20:00  09 00 09.7  -04 00 47  +000939.9 +000021.0  02 40 50.0  227.028 28.341  20.29  37733 11.7
2010-02-10  00:30:00  09 10 36.3  -03 57 28  +000939.9 +000018.8  02 40 25.0  226.958 28.441  19.31  37724 11.7
2010-02-10  00:40:00  09 21 03.0  -03 54 31  +000940.0 +000016.5  02 40 00.0  226.884 28.536  18.64  37716 11.7
2010-02-10  00:50:00  09 31 29.7  -03 51 57  +000940.1 +000014.3  02 39 34.9  226.806 28.626  18.32  37708 11.7
2010-02-10  01:00:00  09 41 56.4  -03 49 46  +000940.1 +000011.9  02 39 09.8  226.724 28.710  18.37  37701 11.7
2010-02-10  01:10:00  09 52 23.2  -03 47 59  +000940.2 +000009.6  02 38 44.7  226.638 28.788  18.78  37694 11.7
2010-02-10  01:20:00  10 02 50.0  -03 46 34  +000940.2 +000007.3  02 38 19.5  226.549 28.861  19.53  37688 11.7
2010-02-10  01:30:00  10 13 16.8  -03 45 33  +000940.3 +000004.9  02 37 54.4  226.455 28.928  20.60  37682 11.7
2010-02-10  01:40:00  10 23 43.7  -03 44 57  +000940.3 +000002.5  02 37 29.2  226.357 28.989  21.91  37677 11.7
2010-02-10  01:50:00  10 34 10.5  -03 44 44  +000940.3 +000000.1  02 37 04.0  226.255 29.045  23.45  37672 11.7
2010-02-10  02:00:00  10 44 37.4  -03 44 54  +000940.3 -000002.3  02 36 38.8  226.150 29.094  25.16  37668 11.7
2010-02-10  02:10:00  10 55 04.2  -03 45 29  +000940.3 -000004.7  02 36 13.6  226.040 29.138  27.02  37664 11.7
2010-02-10  02:20:00  11 05 31.1  -03 46 28  +000940.2 -000007.1  02 35 48.4  225.927 29.176  28.98  37661 11.8
2010-02-10  02:30:00  11 15 57.9  -03 47 50  +000940.2 -000009.4  02 35 23.2  225.810 29.208  31.06  37659 11.8
2010-02-10  02:40:00  11 26 24.6  -03 49 36  +000940.1 -000011.8  02 34 58.1  225.689 29.234  33.19  37656 11.8
2010-02-10  02:50:00  11 36 51.4  -03 51 46  +000940.1 -000014.1  02 34 33.0  225.565 29.255  35.40  37655 11.8
2010-02-10  03:00:00  11 47 18.1  -03 54 18  +000940.0 -000016.4  02 34 07.9  225.437 29.269  37.65  37654 11.9
2010-02-10  03:10:00  11 57 44.7  -03 57 13  +000939.9 -000018.6  02 33 42.9  225.306 29.278  39.95  37653 11.9
2010-02-10  03:20:00  12 08 11.3  -04 00 31  +000939.9 -000020.9  02 33 17.9  225.171 29.281  42.27  37653 11.9
2010-02-10  03:30:00  12 18 37.9  -04 04 11  +000939.8 -000023.1  02 32 53.0  225.033 29.278  44.64  37653 11.9
2010-02-10  03:40:00  12 29 04.3  -04 08 12  +000939.7 -000025.2  02 32 28.2  224.893 29.270  47.02  37654 12.0
2010-02-10  03:50:00  12 39 30.8  -04 12 34  +000939.6 -000027.3  02 32 03.5  224.749 29.257  49.44  37655 12.0
2010-02-10  04:00:00  12 49 57.1  -04 17 17  +000939.5 -000029.3  02 31 38.8  224.602 29.238  51.86  37657 12.0
2010-02-10  04:10:00  13 00 23.4  -04 22 20  +000939.3 -000031.3  02 31 14.1  224.453 29.214  54.31  37659 12.1

   Date        UTC        RA         DECL      RARate   DeclRate    HourAng      Az     Um    Phase  Range  Mag
2010-02-10  16:20:00  01 42 22.7  -09 16 19  +000939.9 +000037.5  02 01 14.7  214.377 28.094 119.84  37742 14.0
2010-02-10  16:30:00  01 52 49.3  -09 09 56  +000939.8 +000039.1  02 00 49.8  214.317 28.232 117.29  37730 13.9
2010-02-10  16:40:00  02 03 15.8  -09 03 17  +000939.7 +000040.7  02 00 24.9  214.260 28.374 114.76  37717 13.8
2010-02-10  16:50:00  02 13 42.2  -08 56 23  +000939.6 +000042.1  02 00 00.1  214.205 28.520 112.21  37704 13.7
2010-02-10  17:00:00  02 24 08.6  -08 49 14  +000939.5 +000043.5  01 59 35.4  214.151 28.670 109.67  37691 13.6
2010-02-10  17:10:00  02 34 34.8  -08 41 52  +000939.3 +000044.8  01 59 10.8  214.100 28.822 107.13  37677 13.5
2010-02-10  17:20:00  02 45 01.0  -08 34 18  +000939.2 +000046.1  01 58 46.3  214.050 28.978 104.59  37663 13.4
2010-02-10  17:30:00  02 55 27.1  -08 26 32  +000939.1 +000047.2  01 58 21.8  214.002 29.137 102.05  37649 13.3
2010-02-10  17:40:00  03 05 53.2  -08 18 35  +000939.0 +000048.2  01 57 57.4  213.954 29.298  99.52  37635 13.2
2010-02-10  17:50:00  03 16 19.1  -08 10 29  +000938.9 +000049.1  01 57 33.1  213.909 29.461  96.97  37620 13.1
2010-02-10  18:00:00  03 26 45.0  -08 02 13  +000938.8 +000049.9  01 57 08.8  213.864 29.627  94.44  37606 13.0
2010-02-10  18:10:00  03 37 10.9  -07 53 51  +000938.7 +000050.6  01 56 44.6  213.820 29.794  91.90  37591 12.9
2010-02-10  18:20:00  03 47 36.7  -07 45 21  +000938.7 +000051.3  01 56 20.4  213.778 29.964  89.38  37576 12.9
2010-02-10  18:30:00  03 58 02.5  -07 36 46  +000938.6 +000051.8  01 55 56.3  213.735 30.134  86.84  37561 12.8
2010-02-10  18:40:00  04 08 28.2  -07 28 06  +000938.6 +000052.2  01 55 32.2  213.694 30.306  84.32  37546 12.7
2010-02-10  18:50:00  04 18 53.9  -07 19 23  +000938.5 +000052.5  01 55 08.1  213.652 30.478  81.79  37531 12.6
2010-02-10  19:00:00  04 29 19.6  -07 10 38  +000938.5 +000052.6  01 54 44.1  213.611 30.651  79.27  37516 12.6
2010-02-10  19:10:00  04 39 45.3  -07 01 51  +000938.5 +000052.7  01 54 20.1  213.570 30.824  76.75  37501 12.5
2010-02-10  19:20:00  04 50 10.9  -06 53 04  +000938.5 +000052.7  01 53 56.1  213.528 30.998  74.24  37486 12.5
2010-02-10  19:30:00  05 00 36.6  -06 44 18  +000938.5 +000052.5  01 53 32.1  213.487 31.171  71.72  37471 12.4
2010-02-10  19:40:00  05 11 02.2  -06 35 33  +000938.5 +000052.3  01 53 08.1  213.445 31.343  69.22  37457 12.3
2010-02-10  19:50:00  05 21 27.9  -06 26 52  +000938.5 +000051.9  01 52 44.0  213.402 31.515  66.72  37442 12.3
2010-02-10  20:00:00  05 31 53.6  -06 18 15  +000938.6 +000051.5  01 52 20.0  213.358 31.686  64.23  37427 12.2
2010-02-10  20:10:00  05 42 19.3  -06 09 43  +000938.6 +000050.9  01 51 55.9  213.313 31.855  61.74  37413 12.2
2010-02-10  20:20:00  05 52 45.1  -06 01 18  +000938.7 +000050.2  01 51 31.8  213.267 32.023  59.27  37399 12.1
2010-02-10  20:30:00  06 03 10.9  -05 52 59  +000938.7 +000049.4  01 51 07.6  213.220 32.189  56.79  37385 12.1
2010-02-10  20:40:00  06 13 36.7  -05 44 49  +000938.8 +000048.5  01 50 43.4  213.172 32.353  54.34  37371 12.1
2010-02-10  20:50:00  06 24 02.6  -05 36 49  +000938.9 +000047.6  01 50 19.2  213.121 32.515  51.89  37357 12.0
2010-02-10  21:00:00  06 34 28.6  -05 28 59  +000939.0 +000046.5  01 49 54.9  213.069 32.674  49.47  37344 12.0
2010-02-10  21:10:00  06 44 54.6  -05 21 20  +000939.1 +000045.3  01 49 30.5  213.015 32.830  47.05  37331 11.9
2010-02-10  21:20:00  06 55 20.7  -05 13 53  +000939.2 +000044.0  01 49 06.0  212.959 32.983  44.67  37318 11.9
2010-02-10  21:30:00  07 05 46.8  -05 06 40  +000939.3 +000042.6  01 48 41.5  212.901 33.133  42.30  37306 11.9
2010-02-10  21:40:00  07 16 13.0  -04 59 41  +000939.4 +000041.2  01 48 16.9  212.840 33.279  39.96  37294 11.9
2010-02-10  21:50:00  07 26 39.3  -04 52 57  +000939.5 +000039.6  01 47 52.3  212.777 33.422  37.66  37282 11.8
2010-02-10  22:00:00  07 37 05.7  -04 46 29  +000939.6 +000038.0  01 47 27.6  212.711 33.560  35.40  37271 11.8
2010-02-10  22:10:00  07 47 32.1  -04 40 18  +000939.7 +000036.3  01 47 02.8  212.642 33.694  33.18  37260 11.8
2010-02-10  22:20:00  07 57 58.7  -04 34 24  +000939.8 +000034.5  01 46 37.9  212.571 33.824  31.03  37249 11.8
2010-02-10  22:30:00  08 08 25.3  -04 28 48  +000940.0 +000032.6  01 46 12.9  212.497 33.949  28.95  37239 11.7
2010-02-10  22:40:00  08 18 51.9  -04 23 32  +000940.1 +000030.7  01 45 47.9  212.420 34.069  26.96  37229 11.7
2010-02-10  22:50:00  08 29 18.7  -04 18 35  +000940.2 +000028.7  01 45 22.8  212.340 34.185  25.08  37220 11.7
2010-02-10  23:00:00  08 39 45.5  -04 13 58  +000940.3 +000026.6  01 44 57.6  212.257 34.295  23.35  37211 11.7
2010-02-10  23:10:00  08 50 12.4  -04 09 42  +000940.4 +000024.5  01 44 32.4  212.170 34.399  21.79  37203 11.7
2010-02-10  23:20:00  09 00 39.3  -04 05 48  +000940.5 +000022.3  01 44 07.1  212.081 34.499  20.44  37195 11.7
2010-02-10  23:30:00  09 11 06.3  -04 02 15  +000940.5 +000020.1  01 43 41.7  211.988 34.592  19.35  37187 11.7
2010-02-10  23:40:00  09 21 33.4  -03 59 05  +000940.6 +000017.9  01 43 16.3  211.892 34.680  18.57  37180 11.7
2010-02-10  23:50:00  09 32 00.5  -03 56 18  +000940.7 +000015.6  01 42 50.9  211.793 34.762  18.13  37174 11.7
2010-02-11  00:00:00  09 42 27.6  -03 53 54  +000940.7 +000013.2  01 42 25.4  211.690 34.838  18.06  37168 11.7
2010-02-11  00:10:00  09 52 54.8  -03 51 53  +000940.8 +000010.9  01 41 59.8  211.584 34.907  18.36  37162 11.7
2010-02-11  00:20:00  10 03 22.0  -03 50 16  +000940.8 +000008.5  01 41 34.3  211.475 34.971  19.02  37157 11.7
2010-02-11  00:30:00  10 13 49.2  -03 49 03  +000940.9 +000006.1  01 41 08.7  211.363 35.028  20.01  37153 11.7
2010-02-11  00:40:00  10 24 16.5  -03 48 14  +000940.9 +000003.7  01 40 43.1  211.248 35.079  21.26  37149 11.7
2010-02-11  00:50:00  10 34 43.7  -03 47 49  +000940.9 +000001.3  01 40 17.5  211.129 35.123  22.75  37146 11.7
2010-02-11  01:00:00  10 45 11.0  -03 47 49  +000940.9 -000001.2  01 39 51.9  211.008 35.162  24.42  37143 11.7
2010-02-11  01:10:00  10 55 38.2  -03 48 13  +000940.9 -000003.6  01 39 26.3  210.883 35.193  26.26  37140 11.7
2010-02-11  01:20:00  11 06 05.5  -03 49 01  +000940.8 -000006.0  01 39 00.7  210.756 35.218  28.20  37138 11.7
2010-02-11  01:30:00  11 16 32.7  -03 50 13  +000940.8 -000008.4  01 38 35.1  210.625 35.237  30.26  37137 11.7
2010-02-11  01:40:00  11 26 59.8  -03 51 50  +000940.7 -000010.8  01 38 09.6  210.492 35.249  32.38  37136 11.8
2010-02-11  01:50:00  11 37 27.0  -03 53 50  +000940.7 -000013.2  01 37 44.1  210.356 35.255  34.59  37136 11.8
2010-02-11  02:00:00  11 47 54.1  -03 56 13  +000940.6 -000015.5  01 37 18.6  210.218 35.255  36.83  37136 11.8
2010-02-11  02:10:00  11 58 21.1  -03 58 60  +000940.5 -000017.8  01 36 53.2  210.077 35.248  39.13  37137 11.8
2010-02-11  02:20:00  12 08 48.1  -04 02 10  +000940.5 -000020.1  01 36 27.9  209.933 35.235  41.46  37138 11.9
2010-02-11  02:30:00  12 19 15.1  -04 05 42  +000940.4 -000022.3  01 36 02.6  209.788 35.216  43.82  37140 11.9
2010-02-11  02:40:00  12 29 41.9  -04 09 36  +000940.3 -000024.5  01 35 37.3  209.640 35.191  46.20  37142 11.9
2010-02-11  02:50:00  12 40 08.7  -04 13 52  +000940.2 -000026.7  01 35 12.2  209.490 35.159  48.62  37145 12.0
2010-02-11  03:00:00  12 50 35.5  -04 18 29  +000940.0 -000028.7  01 34 47.1  209.338 35.122  51.04  37148 12.0
2010-02-11  03:10:00  13 01 02.1  -04 23 27  +000939.9 -000030.7  01 34 22.1  209.184 35.080  53.49  37151 12.0
2010-02-11  03:20:00  13 11 28.7  -04 28 44  +000939.8 -000032.7  01 33 57.2  209.029 35.032  55.95  37155 12.1
2010-02-11  03:30:00  13 21 55.2  -04 34 21  +000939.7 -000034.6  01 33 32.3  208.872 34.978  58.42  37160 12.1
2010-02-11  03:40:00  13 32 21.6  -04 40 16  +000939.6 -000036.4  01 33 07.5  208.714 34.919  60.90  37165 12.2
2010-02-11  03:50:00  13 42 47.9  -04 46 28  +000939.4 -000038.1  01 32 42.9  208.554 34.856  63.39  37170 12.2
2010-02-11  04:00:00  13 53 14.2  -04 52 58  +000939.3 -000039.8  01 32 18.3  208.393 34.787  65.89  37176 12.3
2010-02-11  04:10:00  14 03 40.3  -04 59 44  +000939.2 -000041.4  01 31 53.7  208.231 34.714  68.40  37182 12.3

   Date        UTC        RA         DECL      RARate   DeclRate    HourAng      Az     Um    Phase  Range  Mag
2010-02-11  16:20:00  02 46 05.3  -08 43 05  +000939.7 +000046.1  01 01 28.7  198.245 33.199 105.25  37293 13.4
2010-02-11  16:30:00  02 56 31.7  -08 35 18  +000939.5 +000047.3  01 01 03.9  198.160 33.348 102.70  37280 13.3
2010-02-11  16:40:00  03 06 58.0  -08 27 19  +000939.4 +000048.4  01 00 39.2  198.075 33.499 100.17  37268 13.2
2010-02-11  16:50:00  03 17 24.3  -08 19 11  +000939.3 +000049.3  01 00 14.6  197.992 33.654  97.62  37255 13.1
2010-02-11  17:00:00  03 27 50.5  -08 10 53  +000939.2 +000050.2  00 59 50.1  197.908 33.811  95.09  37242 13.0
2010-02-11  17:10:00  03 38 16.6  -08 02 27  +000939.2 +000051.0  00 59 25.6  197.826 33.970  92.54  37228 12.9
2010-02-11  17:20:00  03 48 42.7  -07 53 54  +000939.1 +000051.6  00 59 01.1  197.743 34.130  90.01  37215 12.9
2010-02-11  17:30:00  03 59 08.7  -07 45 15  +000939.0 +000052.2  00 58 36.7  197.661 34.292  87.47  37202 12.8
2010-02-11  17:40:00  04 09 34.7  -07 36 31  +000939.0 +000052.6  00 58 12.4  197.579 34.456  84.95  37188 12.7
2010-02-11  17:50:00  04 20 00.7  -07 27 42  +000938.9 +000053.0  00 57 48.1  197.498 34.621  82.41  37175 12.6
2010-02-11  18:00:00  04 30 26.6  -07 18 51  +000938.9 +000053.2  00 57 23.8  197.416 34.786  79.89  37161 12.6
2010-02-11  18:10:00  04 40 52.5  -07 09 59  +000938.9 +000053.3  00 56 59.5  197.333 34.951  77.36  37148 12.5
2010-02-11  18:20:00  04 51 18.4  -07 01 05  +000938.9 +000053.4  00 56 35.2  197.251 35.117  74.85  37134 12.4
2010-02-11  18:30:00  05 01 44.4  -06 52 12  +000938.9 +000053.3  00 56 11.0  197.168 35.283  72.32  37121 12.4
2010-02-11  18:40:00  05 12 10.3  -06 43 20  +000938.9 +000053.1  00 55 46.7  197.084 35.448  69.82  37107 12.3
2010-02-11  18:50:00  05 22 36.2  -06 34 31  +000938.9 +000052.7  00 55 22.4  197.000 35.612  67.31  37094 12.3
2010-02-11  19:00:00  05 33 02.1  -06 25 46  +000938.9 +000052.3  00 54 58.1  196.915 35.775  64.81  37081 12.2
2010-02-11  19:10:00  05 43 28.1  -06 17 06  +000939.0 +000051.8  00 54 33.8  196.830 35.937  62.31  37068 12.2
2010-02-11  19:20:00  05 53 54.1  -06 08 31  +000939.0 +000051.1  00 54 09.4  196.743 36.097  59.84  37055 12.1
2010-02-11  19:30:00  06 04 20.1  -06 00 03  +000939.1 +000050.4  00 53 45.1  196.655 36.256  57.35  37043 12.1
2010-02-11  19:40:00  06 14 46.2  -05 51 44  +000939.2 +000049.5  00 53 20.6  196.566 36.412  54.89  37030 12.1
2010-02-11  19:50:00  06 25 12.4  -05 43 33  +000939.2 +000048.6  00 52 56.1  196.475 36.566  52.44  37018 12.0
2010-02-11  20:00:00  06 35 38.5  -05 35 33  +000939.3 +000047.5  00 52 31.6  196.384 36.716  50.00  37006 12.0
2010-02-11  20:10:00  06 46 04.8  -05 27 43  +000939.4 +000046.4  00 52 07.0  196.290 36.864  47.57  36995 11.9
2010-02-11  20:20:00  06 56 31.1  -05 20 06  +000939.5 +000045.1  00 51 42.3  196.196 37.009  45.18  36983 11.9
2010-02-11  20:30:00  07 06 57.5  -05 12 41  +000939.6 +000043.8  00 51 17.5  196.099 37.150  42.79  36972 11.9
2010-02-11  20:40:00  07 17 24.0  -05 05 31  +000939.7 +000042.3  00 50 52.7  196.001 37.287  40.44  36962 11.8
2010-02-11  20:50:00  07 27 50.5  -04 58 35  +000939.9 +000040.8  00 50 27.8  195.901 37.420  38.11  36951 11.8
2010-02-11  21:00:00  07 38 17.1  -04 51 55  +000940.0 +000039.2  00 50 02.9  195.799 37.548  35.84  36941 11.8
2010-02-11  21:10:00  07 48 43.8  -04 45 32  +000940.1 +000037.5  00 49 37.8  195.695 37.673  33.59  36932 11.8
2010-02-11  21:20:00  07 59 10.6  -04 39 26  +000940.2 +000035.7  00 49 12.7  195.590 37.792  31.42  36923 11.7
2010-02-11  21:30:00  08 09 37.4  -04 33 38  +000940.3 +000033.9  00 48 47.5  195.482 37.906  29.30  36914 11.7
2010-02-11  21:40:00  08 20 04.3  -04 28 09  +000940.4 +000031.9  00 48 22.2  195.373 38.015  27.28  36906 11.7
2010-02-11  21:50:00  08 30 31.3  -04 22 59  +000940.5 +000030.0  00 47 56.9  195.261 38.119  25.35  36898 11.7
2010-02-11  22:00:00  08 40 58.4  -04 18 10  +000940.6 +000027.9  00 47 31.5  195.148 38.217  23.56  36890 11.7
2010-02-11  22:10:00  08 51 25.5  -04 13 41  +000940.7 +000025.8  00 47 06.0  195.032 38.310  21.94  36884 11.7
2010-02-11  22:20:00  09 01 52.7  -04 09 34  +000940.8 +000023.6  00 46 40.5  194.915 38.396  20.52  36877 11.7
2010-02-11  22:30:00  09 12 19.9  -04 05 49  +000940.9 +000021.4  00 46 14.8  194.795 38.477  19.34  36871 11.6
2010-02-11  22:40:00  09 22 47.2  -04 02 26  +000941.0 +000019.1  00 45 49.2  194.674 38.551  18.47  36866 11.6
2010-02-11  22:50:00  09 33 14.5  -03 59 26  +000941.1 +000016.8  00 45 23.5  194.550 38.619  17.93  36861 11.6
2010-02-11  23:00:00  09 43 41.9  -03 56 50  +000941.1 +000014.5  00 44 57.7  194.425 38.680  17.76  36856 11.6
2010-02-11  23:10:00  09 54 09.4  -03 54 36  +000941.2 +000012.1  00 44 32.0  194.298 38.735  17.98  36852 11.6
2010-02-11  23:20:00  10 04 36.8  -03 52 47  +000941.2 +000009.7  00 44 06.2  194.169 38.783  18.56  36849 11.6
2010-02-11  23:30:00  10 15 04.3  -03 51 22  +000941.2 +000007.3  00 43 40.3  194.038 38.825  19.49  36846 11.6
2010-02-11  23:40:00  10 25 31.8  -03 50 21  +000941.2 +000004.9  00 43 14.5  193.906 38.859  20.69  36843 11.7
2010-02-11  23:50:00  10 35 59.3  -03 49 44  +000941.3 +000002.4  00 42 48.6  193.772 38.887  22.15  36842 11.7
2010-02-12  00:00:00  10 46 26.8  -03 49 32  +000941.2 -000000.0  00 42 22.8  193.636 38.908  23.79  36840 11.7
2010-02-12  00:10:00  10 56 54.3  -03 49 44  +000941.2 -000002.5  00 41 56.9  193.499 38.922  25.61  36839 11.7
2010-02-12  00:20:00  11 07 21.7  -03 50 21  +000941.2 -000004.9  00 41 31.1  193.361 38.929  27.54  36839 11.7
2010-02-12  00:30:00  11 17 49.2  -03 51 23  +000941.2 -000007.3  00 41 05.3  193.221 38.929  29.59  36839 11.7
2010-02-12  00:40:00  11 28 16.6  -03 52 48  +000941.1 -000009.8  00 40 39.5  193.080 38.923  31.71  36840 11.7
2010-02-12  00:50:00  11 38 44.0  -03 54 38  +000941.1 -000012.2  00 40 13.7  192.938 38.909  33.91  36841 11.8
2010-02-12  01:00:00  11 49 11.4  -03 56 51  +000941.0 -000014.5  00 39 48.0  192.795 38.889  36.15  36843 11.8
2010-02-12  01:10:00  11 59 38.6  -03 59 28  +000940.9 -000016.9  00 39 22.4  192.651 38.862  38.45  36845 11.8
2010-02-12  01:20:00  12 10 05.9  -04 02 28  +000940.8 -000019.2  00 38 56.8  192.507 38.829  40.78  36848 11.8
2010-02-12  01:30:00  12 20 33.1  -04 05 51  +000940.7 -000021.4  00 38 31.3  192.361 38.789  43.15  36851 11.9
2010-02-12  01:40:00  12 31 00.2  -04 09 37  +000940.6 -000023.7  00 38 05.8  192.215 38.742  45.53  36855 11.9
2010-02-12  01:50:00  12 41 27.2  -04 13 45  +000940.5 -000025.8  00 37 40.4  192.068 38.690  47.95  36859 11.9
2010-02-12  02:00:00  12 51 54.2  -04 18 14  +000940.4 -000028.0  00 37 15.1  191.921 38.631  50.37  36864 12.0
2010-02-12  02:10:00  13 02 21.1  -04 23 04  +000940.3 -000030.0  00 36 49.8  191.774 38.566  52.83  36869 12.0
2010-02-12  02:20:00  13 12 47.8  -04 28 14  +000940.1 -000032.0  00 36 24.7  191.626 38.495  55.28  36875 12.0
2010-02-12  02:30:00  13 23 14.6  -04 33 44  +000940.0 -000033.9  00 35 59.6  191.478 38.419  57.76  36881 12.1
2010-02-12  02:40:00  13 33 41.2  -04 39 32  +000939.9 -000035.8  00 35 34.6  191.330 38.337  60.24  36887 12.1
2010-02-12  02:50:00  13 44 07.7  -04 45 39  +000939.8 -000037.6  00 35 09.7  191.182 38.250  62.74  36894 12.2
2010-02-12  03:00:00  13 54 34.2  -04 52 04  +000939.6 -000039.3  00 34 44.9  191.034 38.158  65.24  36901 12.2
2010-02-12  03:10:00  14 05 00.6  -04 58 45  +000939.5 -000040.9  00 34 20.2  190.886 38.061  67.75  36909 12.3
2010-02-12  03:20:00  14 15 26.9  -05 05 42  +000939.4 -000042.4  00 33 55.5  190.738 37.960  70.26  36917 12.3
2010-02-12  03:30:00  14 25 53.1  -05 12 53  +000939.3 -000043.9  00 33 31.0  190.591 37.854  72.79  36925 12.4
2010-02-12  03:40:00  14 36 19.2  -05 20 19  +000939.1 -000045.2  00 33 06.5  190.443 37.744  75.30  36934 12.4
2010-02-12  03:50:00  14 46 45.3  -05 27 58  +000939.0 -000046.5  00 32 42.1  190.296 37.630  77.84  36943 12.5
2010-02-12  04:00:00  14 57 11.3  -05 35 49  +000938.9 -000047.7  00 32 17.7  190.149 37.513  80.37  36952 12.6
2010-02-12  04:10:00  15 07 37.2  -05 43 52  +000938.8 -000048.7  00 31 53.4  190.003 37.392  82.91  36961 12.6

   Date        UTC        RA         DECL      RARate   DeclRate    HourAng      Az     Um    Phase  Range  Mag
2010-02-12  16:20:00  03 50 14.8  -07 59 29  +000939.2 +000051.7  00 01 15.7  180.384 35.611  90.53  37092 12.9
2010-02-12  16:30:00  04 00 41.0  -07 50 49  +000939.2 +000052.3  00 00 51.2  180.260 35.755  87.98  37080 12.8
2010-02-12  16:40:00  04 11 07.1  -07 42 03  +000939.1 +000052.8  00 00 26.8  180.136 35.902  85.45  37068 12.7
2010-02-12  16:50:00  04 21 33.1  -07 33 14  +000939.0 +000053.2  00 00 02.4  180.012 36.049  82.91  37056 12.6
2010-02-12  17:00:00  04 31 59.1  -07 24 21  +000939.0 +000053.4  23 59 38.0  179.887 36.197  80.39  37045 12.6
2010-02-12  17:10:00  04 42 25.1  -07 15 25  +000939.0 +000053.6  23 59 13.6  179.762 36.345  77.86  37033 12.5
2010-02-12  17:20:00  04 52 51.1  -07 06 29  +000939.0 +000053.7  23 58 49.3  179.636 36.494  75.34  37021 12.5
2010-02-12  17:30:00  05 03 17.1  -06 57 32  +000939.0 +000053.6  23 58 24.9  179.510 36.643  72.81  37009 12.4
2010-02-12  17:40:00  05 13 43.1  -06 48 37  +000939.0 +000053.5  23 58 00.6  179.383 36.791  70.30  36998 12.3
2010-02-12  17:50:00  05 24 09.1  -06 39 43  +000939.0 +000053.2  23 57 36.2  179.256 36.938  67.79  36986 12.3
2010-02-12  18:00:00  05 34 35.1  -06 30 53  +000939.0 +000052.8  23 57 11.9  179.127 37.084  65.29  36974 12.2
2010-02-12  18:10:00  05 45 01.1  -06 22 08  +000939.1 +000052.3  23 56 47.5  178.999 37.229  62.78  36963 12.2
2010-02-12  18:20:00  05 55 27.2  -06 13 28  +000939.1 +000051.7  23 56 23.1  178.869 37.372  60.30  36952 12.1
2010-02-12  18:30:00  06 05 53.3  -06 04 54  +000939.2 +000051.0  23 55 58.6  178.739 37.513  57.81  36941 12.1
2010-02-12  18:40:00  06 16 19.5  -05 56 28  +000939.3 +000050.2  23 55 34.1  178.608 37.652  55.34  36930 12.1
2010-02-12  18:50:00  06 26 45.7  -05 48 10  +000939.3 +000049.3  23 55 09.5  178.476 37.789  52.87  36920 12.0
2010-02-12  19:00:00  06 37 11.9  -05 40 03  +000939.4 +000048.3  23 54 44.9  178.344 37.922  50.43  36909 12.0
2010-02-12  19:10:00  06 47 38.2  -05 32 06  +000939.5 +000047.1  23 54 20.2  178.210 38.052  47.99  36899 11.9
2010-02-12  19:20:00  06 58 04.6  -05 24 20  +000939.6 +000045.9  23 53 55.5  178.076 38.179  45.58  36890 11.9
2010-02-12  19:30:00  07 08 31.0  -05 16 48  +000939.7 +000044.6  23 53 30.7  177.942 38.303  43.19  36880 11.9
2010-02-12  19:40:00  07 18 57.6  -05 09 28  +000939.8 +000043.2  23 53 05.8  177.806 38.422  40.82  36871 11.8
2010-02-12  19:50:00  07 29 24.2  -05 02 24  +000939.9 +000041.7  23 52 40.9  177.670 38.537  38.48  36862 11.8
2010-02-12  20:00:00  07 39 50.8  -04 55 35  +000940.1 +000040.1  23 52 15.8  177.533 38.648  36.18  36854 11.8
2010-02-12  20:10:00  07 50 17.6  -04 49 02  +000940.2 +000038.5  23 51 50.7  177.395 38.754  33.92  36846 11.8
2010-02-12  20:20:00  08 00 44.4  -04 42 46  +000940.3 +000036.7  23 51 25.6  177.256 38.854  31.72  36839 11.7
2010-02-12  20:30:00  08 11 11.3  -04 36 48  +000940.4 +000034.9  23 51 00.3  177.117 38.950  29.57  36831 11.7
2010-02-12  20:40:00  08 21 38.3  -04 31 08  +000940.5 +000033.0  23 50 35.0  176.978 39.041  27.51  36825 11.7
2010-02-12  20:50:00  08 32 05.3  -04 25 48  +000940.6 +000031.0  23 50 09.6  176.838 39.126  25.55  36818 11.7
2010-02-12  21:00:00  08 42 32.4  -04 20 48  +000940.7 +000029.0  23 49 44.1  176.697 39.205  23.71  36813 11.7
2010-02-12  21:10:00  08 52 59.6  -04 16 09  +000940.8 +000026.9  23 49 18.6  176.556 39.278  22.03  36807 11.7
2010-02-12  21:20:00  09 03 26.8  -04 11 51  +000940.9 +000024.7  23 48 53.0  176.415 39.345  20.54  36802 11.7
2010-02-12  21:30:00  09 13 54.1  -04 07 54  +000941.0 +000022.5  23 48 27.3  176.273 39.406  19.30  36798 11.6
2010-02-12  21:40:00  09 24 21.5  -04 04 20  +000941.1 +000020.3  23 48 01.6  176.132 39.461  18.34  36794 11.6
2010-02-12  21:50:00  09 34 48.9  -04 01 09  +000941.1 +000018.0  23 47 35.8  175.990 39.509  17.72  36791 11.6
2010-02-12  22:00:00  09 45 16.3  -03 58 20  +000941.2 +000015.7  23 47 10.0  175.848 39.550  17.46  36788 11.6
2010-02-12  22:10:00  09 55 43.8  -03 55 55  +000941.2 +000013.3  23 46 44.2  175.706 39.585  17.60  36785 11.6
2010-02-12  22:20:00  10 06 11.3  -03 53 54  +000941.3 +000010.9  23 46 18.3  175.564 39.613  18.12  36784 11.6
2010-02-12  22:30:00  10 16 38.9  -03 52 17  +000941.3 +000008.5  23 45 52.4  175.423 39.634  18.99  36782 11.6
2010-02-12  22:40:00  10 27 06.4  -03 51 04  +000941.3 +000006.1  23 45 26.5  175.282 39.648  20.15  36782 11.6
2010-02-12  22:50:00  10 37 34.0  -03 50 16  +000941.3 +000003.6  23 45 00.6  175.141 39.655  21.58  36781 11.7
2010-02-12  23:00:00  10 48 01.5  -03 49 52  +000941.3 +000001.2  23 44 34.7  175.001 39.655  23.20  36782 11.7
2010-02-12  23:10:00  10 58 29.1  -03 49 53  +000941.3 -000001.3  23 44 08.8  174.861 39.649  25.00  36782 11.7
2010-02-12  23:20:00  11 08 56.6  -03 50 18  +000941.3 -000003.7  23 43 42.9  174.722 39.635  26.93  36784 11.7
2010-02-12  23:30:00  11 19 24.1  -03 51 07  +000941.3 -000006.2  23 43 17.0  174.584 39.614  28.97  36785 11.7
2010-02-12  23:40:00  11 29 51.6  -03 52 21  +000941.2 -000008.6  23 42 51.2  174.447 39.587  31.09  36788 11.7
2010-02-12  23:50:00  11 40 19.1  -03 53 60  +000941.1 -000011.0  23 42 25.4  174.310 39.552  33.29  36791 11.8
2010-02-13  00:00:00  11 50 46.5  -03 56 02  +000941.1 -000013.4  23 41 59.6  174.175 39.511  35.53  36794 11.8
2010-02-13  00:10:00  12 01 13.8  -03 58 28  +000941.0 -000015.8  23 41 33.9  174.040 39.463  37.83  36798 11.8
2010-02-13  00:20:00  12 11 41.1  -04 01 17  +000940.9 -000018.1  23 41 08.2  173.907 39.408  40.16  36802 11.8
2010-02-13  00:30:00  12 22 08.4  -04 04 30  +000940.8 -000020.4  23 40 42.7  173.775 39.347  42.53  36807 11.9
2010-02-13  00:40:00  12 32 35.5  -04 08 05  +000940.7 -000022.6  23 40 17.1  173.644 39.279  44.91  36813 11.9
2010-02-13  00:50:00  12 43 02.6  -04 12 02  +000940.6 -000024.8  23 39 51.7  173.515 39.205  47.34  36819 11.9
2010-02-13  01:00:00  12 53 29.6  -04 16 21  +000940.5 -000027.0  23 39 26.3  173.386 39.125  49.76  36825 12.0
2010-02-13  01:10:00  13 03 56.6  -04 21 01  +000940.3 -000029.1  23 39 01.0  173.260 39.039  52.22  36832 12.0
2010-02-13  01:20:00  13 14 23.4  -04 26 02  +000940.2 -000031.1  23 38 35.8  173.134 38.948  54.68  36839 12.0
2010-02-13  01:30:00  13 24 50.2  -04 31 23  +000940.1 -000033.0  23 38 10.7  173.010 38.850  57.16  36847 12.1
2010-02-13  01:40:00  13 35 16.9  -04 37 03  +000940.0 -000034.9  23 37 45.7  172.887 38.747  59.64  36855 12.1
2010-02-13  01:50:00  13 45 43.4  -04 43 01  +000939.8 -000036.7  23 37 20.7  172.766 38.639  62.14  36863 12.2
2010-02-13  02:00:00  13 56 10.0  -04 49 17  +000939.7 -000038.5  23 36 55.9  172.646 38.526  64.64  36872 12.2
2010-02-13  02:10:00  14 06 36.4  -04 55 51  +000939.6 -000040.1  23 36 31.1  172.528 38.408  67.16  36881 12.3
2010-02-13  02:20:00  14 17 02.7  -05 02 40  +000939.4 -000041.7  23 36 06.4  172.411 38.285  69.67  36891 12.3
2010-02-13  02:30:00  14 27 28.9  -05 09 45  +000939.3 -000043.2  23 35 41.8  172.295 38.158  72.20  36901 12.4
2010-02-13  02:40:00  14 37 55.1  -05 17 04  +000939.2 -000044.6  23 35 17.3  172.181 38.028  74.72  36911 12.4
2010-02-13  02:50:00  14 48 21.2  -05 24 36  +000939.1 -000045.9  23 34 52.8  172.068 37.893  77.26  36922 12.5
2010-02-13  03:00:00  14 58 47.2  -05 32 22  +000939.0 -000047.1  23 34 28.5  171.957 37.754  79.79  36933 12.6
2010-02-13  03:10:00  15 09 13.1  -05 40 18  +000938.9 -000048.2  23 34 04.2  171.846 37.613  82.33  36944 12.6
2010-02-13  03:20:00  15 19 39.0  -05 48 26  +000938.8 -000049.2  23 33 39.9  171.737 37.468  84.87  36955 12.7
2010-02-13  03:30:00  15 30 04.8  -05 56 43  +000938.7 -000050.1  23 33 15.7  171.629 37.321  87.42  36967 12.8
2010-02-13  03:40:00  15 40 30.6  -06 05 08  +000938.6 -000050.9  23 32 51.6  171.522 37.171  89.96  36978 12.8
2010-02-13  03:50:00  15 50 56.3  -06 13 41  +000938.6 -000051.6  23 32 27.5  171.416 37.019  92.51  36990 12.9
2010-02-13  04:00:00  16 01 22.0  -06 22 20  +000938.5 -000052.2  23 32 03.5  171.311 36.865  95.05  37002 13.0
2010-02-13  04:10:00  16 11 47.7  -06 31 05  +000938.5 -000052.7  23 31 39.5  171.207 36.710  97.61  37015 13.1

   Date        UTC        RA         DECL      RARate   DeclRate    HourAng      Az     Um    Phase  Range  Mag
2010-02-13  16:20:00  04 54 23.6  -07 08 60  +000938.8 +000053.6  23 01 03.5  162.086 34.865  75.82  37155 12.5
2010-02-13  16:30:00  05 04 49.5  -07 00 04  +000938.8 +000053.6  23 00 39.2  161.927 34.989  73.29  37145 12.4
2010-02-13  16:40:00  05 15 15.4  -06 51 08  +000938.8 +000053.5  23 00 15.0  161.768 35.113  70.77  37135 12.4
2010-02-13  16:50:00  05 25 41.3  -06 42 14  +000938.8 +000053.3  22 59 50.7  161.609 35.236  68.25  37125 12.3
2010-02-13  17:00:00  05 36 07.2  -06 33 23  +000938.9 +000052.9  22 59 26.5  161.449 35.358  65.75  37115 12.3
2010-02-13  17:10:00  05 46 33.1  -06 24 36  +000938.9 +000052.5  22 59 02.2  161.289 35.478  63.24  37106 12.2
2010-02-13  17:20:00  05 56 59.0  -06 15 54  +000938.9 +000051.9  22 58 37.9  161.129 35.597  60.75  37096 12.2
2010-02-13  17:30:00  06 07 25.0  -06 07 18  +000939.0 +000051.3  22 58 13.6  160.968 35.714  58.25  37087 12.1
2010-02-13  17:40:00  06 17 51.0  -05 58 50  +000939.1 +000050.5  22 57 49.2  160.807 35.829  55.78  37078 12.1
2010-02-13  17:50:00  06 28 17.1  -05 50 29  +000939.1 +000049.6  22 57 24.8  160.646 35.941  53.30  37069 12.0
2010-02-13  18:00:00  06 38 43.3  -05 42 18  +000939.2 +000048.6  22 57 00.3  160.485 36.050  50.85  37060 12.0
2010-02-13  18:10:00  06 49 09.4  -05 34 16  +000939.3 +000047.6  22 56 35.7  160.324 36.156  48.41  37052 12.0
2010-02-13  18:20:00  06 59 35.7  -05 26 26  +000939.4 +000046.4  22 56 11.1  160.164 36.259  45.99  37044 11.9
2010-02-13  18:30:00  07 10 02.0  -05 18 49  +000939.5 +000045.1  22 55 46.4  160.003 36.359  43.58  37036 11.9
2010-02-13  18:40:00  07 20 28.4  -05 11 24  +000939.6 +000043.8  22 55 21.7  159.843 36.454  41.20  37029 11.9
2010-02-13  18:50:00  07 30 54.8  -05 04 14  +000939.7 +000042.3  22 54 56.9  159.683 36.546  38.84  37022 11.8
2010-02-13  19:00:00  07 41 21.4  -04 57 18  +000939.8 +000040.8  22 54 32.0  159.523 36.633  36.53  37015 11.8
2010-02-13  19:10:00  07 51 48.0  -04 50 39  +000940.0 +000039.1  22 54 07.0  159.364 36.715  34.24  37008 11.8
2010-02-13  19:20:00  08 02 14.7  -04 44 16  +000940.1 +000037.4  22 53 42.0  159.206 36.793  32.01  37003 11.8
2010-02-13  19:30:00  08 12 41.4  -04 38 10  +000940.2 +000035.6  22 53 16.9  159.048 36.866  29.84  36997 11.7
2010-02-13  19:40:00  08 23 08.3  -04 32 23  +000940.3 +000033.8  22 52 51.7  158.891 36.933  27.75  36992 11.7
2010-02-13  19:50:00  08 33 35.2  -04 26 55  +000940.4 +000031.9  22 52 26.4  158.736 36.995  25.74  36987 11.7
2010-02-13  20:00:00  08 44 02.1  -04 21 46  +000940.5 +000029.9  22 52 01.1  158.581 37.052  23.86  36983 11.7
2010-02-13  20:10:00  08 54 29.2  -04 16 58  +000940.6 +000027.8  22 51 35.7  158.428 37.102  22.12  36979 11.7
2010-02-13  20:20:00  09 04 56.3  -04 12 31  +000940.7 +000025.7  22 51 10.2  158.276 37.147  20.57  36976 11.7
2010-02-13  20:30:00  09 15 23.5  -04 08 25  +000940.8 +000023.5  22 50 44.7  158.125 37.186  19.25  36973 11.7
2010-02-13  20:40:00  09 25 50.7  -04 04 41  +000940.9 +000021.3  22 50 19.1  157.976 37.219  18.21  36971 11.6
2010-02-13  20:50:00  09 36 17.9  -04 01 19  +000940.9 +000019.0  22 49 53.5  157.829 37.245  17.50  36969 11.6
2010-02-13  21:00:00  09 46 45.3  -03 58 21  +000941.0 +000016.7  22 49 27.8  157.683 37.265  17.15  36968 11.6
2010-02-13  21:10:00  09 57 12.6  -03 55 45  +000941.0 +000014.4  22 49 02.1  157.539 37.278  17.21  36967 11.6
2010-02-13  21:20:00  10 07 40.0  -03 53 33  +000941.1 +000012.0  22 48 36.4  157.397 37.285  17.65  36967 11.6
2010-02-13  21:30:00  10 18 07.4  -03 51 45  +000941.1 +000009.6  22 48 10.6  157.257 37.286  18.46  36967 11.6
2010-02-13  21:40:00  10 28 34.8  -03 50 21  +000941.1 +000007.2  22 47 44.9  157.120 37.280  19.58  36968 11.7
2010-02-13  21:50:00  10 39 02.2  -03 49 22  +000941.1 +000004.8  22 47 19.1  156.985 37.267  20.97  36969 11.7
2010-02-13  22:00:00  10 49 29.6  -03 48 46  +000941.1 +000002.3  22 46 53.3  156.852 37.247  22.57  36971 11.7
2010-02-13  22:10:00  10 59 57.1  -03 48 35  +000941.1 -000000.1  22 46 27.5  156.721 37.221  24.36  36973 11.7
2010-02-13  22:20:00  11 10 24.5  -03 48 49  +000941.1 -000002.6  22 46 01.8  156.593 37.188  26.28  36976 11.7
2010-02-13  22:30:00  11 20 51.8  -03 49 26  +000941.1 -000005.0  22 45 36.0  156.467 37.148  28.31  36980 11.7
2010-02-13  22:40:00  11 31 19.2  -03 50 29  +000941.0 -000007.4  22 45 10.3  156.345 37.102  30.43  36984 11.7
2010-02-13  22:50:00  11 41 46.5  -03 51 55  +000940.9 -000009.8  22 44 44.6  156.224 37.050  32.62  36988 11.8
2010-02-13  23:00:00  11 52 13.8  -03 53 45  +000940.9 -000012.2  22 44 19.0  156.107 36.990  34.87  36993 11.8
2010-02-13  23:10:00  12 02 41.0  -03 55 59  +000940.8 -000014.6  22 43 53.4  155.992 36.925  37.17  36998 11.8
2010-02-13  23:20:00  12 13 08.2  -03 58 36  +000940.7 -000016.9  22 43 27.9  155.881 36.853  39.50  37004 11.8
2010-02-13  23:30:00  12 23 35.3  -04 01 37  +000940.6 -000019.2  22 43 02.4  155.771 36.775  41.87  37011 11.9
2010-02-13  23:40:00  12 34 02.3  -04 05 00  +000940.5 -000021.4  22 42 37.1  155.665 36.691  44.26  37018 11.9
2010-02-13  23:50:00  12 44 29.3  -04 08 46  +000940.4 -000023.6  22 42 11.7  155.562 36.601  46.68  37025 11.9
2010-02-14  00:00:00  12 54 56.1  -04 12 53  +000940.3 -000025.8  22 41 46.5  155.461 36.505  49.11  37033 12.0
2010-02-14  00:10:00  13 05 22.9  -04 17 22  +000940.1 -000027.9  22 41 21.3  155.364 36.403  51.57  37042 12.0
2010-02-14  00:20:00  13 15 49.7  -04 22 11  +000940.0 -000029.9  22 40 56.3  155.269 36.296  54.03  37050 12.0
2010-02-14  00:30:00  13 26 16.3  -04 27 20  +000939.9 -000031.9  22 40 31.3  155.176 36.184  56.51  37060 12.1
2010-02-14  00:40:00  13 36 42.8  -04 32 49  +000939.8 -000033.8  22 40 06.4  155.087 36.066  58.99  37069 12.1
2010-02-14  00:50:00  13 47 09.3  -04 38 36  +000939.6 -000035.7  22 39 41.6  155.000 35.944  61.50  37079 12.2
2010-02-14  01:00:00  13 57 35.7  -04 44 42  +000939.5 -000037.4  22 39 16.8  154.915 35.817  64.00  37090 12.2
2010-02-14  01:10:00  14 08 01.9  -04 51 05  +000939.3 -000039.1  22 38 52.2  154.833 35.685  66.52  37100 12.3
2010-02-14  01:20:00  14 18 28.1  -04 57 44  +000939.2 -000040.7  22 38 27.7  154.754 35.549  69.03  37112 12.3
2010-02-14  01:30:00  14 28 54.2  -05 04 38  +000939.1 -000042.2  22 38 03.2  154.676 35.409  71.56  37123 12.4
2010-02-14  01:40:00  14 39 20.2  -05 11 48  +000939.0 -000043.6  22 37 38.8  154.601 35.265  74.08  37135 12.4
2010-02-14  01:50:00  14 49 46.2  -05 19 11  +000938.9 -000045.0  22 37 14.5  154.528 35.118  76.62  37147 12.5
2010-02-14  02:00:00  15 00 12.1  -05 26 47  +000938.7 -000046.2  22 36 50.3  154.457 34.967  79.15  37160 12.6
2010-02-14  02:10:00  15 10 37.8  -05 34 35  +000938.6 -000047.4  22 36 26.2  154.388 34.813  81.70  37172 12.6
2010-02-14  02:20:00  15 21 03.6  -05 42 34  +000938.5 -000048.4  22 36 02.1  154.321 34.656  84.24  37185 12.7
2010-02-14  02:30:00  15 31 29.2  -05 50 43  +000938.5 -000049.3  22 35 38.1  154.255 34.497  86.79  37198 12.8
2010-02-14  02:40:00  15 41 54.8  -05 59 00  +000938.4 -000050.2  22 35 14.1  154.191 34.335  89.33  37212 12.8
2010-02-14  02:50:00  15 52 20.4  -06 07 26  +000938.3 -000050.9  22 34 50.2  154.128 34.171  91.88  37225 12.9
2010-02-14  03:00:00  16 02 45.9  -06 15 59  +000938.3 -000051.5  22 34 26.3  154.066 34.005  94.43  37239 13.0
2010-02-14  03:10:00  16 13 11.4  -06 24 37  +000938.2 -000052.1  22 34 02.4  154.005 33.838  96.99  37253 13.1
2010-02-14  03:20:00  16 23 36.9  -06 33 20  +000938.2 -000052.5  22 33 38.6  153.946 33.670  99.54  37266 13.2
2010-02-14  03:30:00  16 34 02.3  -06 42 06  +000938.2 -000052.8  22 33 14.8  153.887 33.500 102.10  37281 13.3
2010-02-14  03:40:00  16 44 27.8  -06 50 55  +000938.2 -000053.0  22 32 51.0  153.828 33.330 104.65  37295 13.4
2010-02-14  03:50:00  16 54 53.2  -06 59 46  +000938.2 -000053.1  22 32 27.2  153.770 33.160 107.21  37309 13.5
2010-02-14  04:00:00  17 05 18.7  -07 08 37  +000938.2 -000053.1  22 32 03.4  153.713 32.989 109.76  37323 13.6

   Date        UTC        RA         DECL      RARate   DeclRate    HourAng      Az     Um    Phase  Range  Mag
2010-02-14  16:20:00  05 58 04.4  -06 15 55  +000938.5 +000051.8  22 01 19.3  144.923 31.106  61.29  37479 12.2
2010-02-14  16:30:00  06 08 30.1  -06 07 20  +000938.6 +000051.2  22 00 55.2  144.750 31.198  58.79  37471 12.1
2010-02-14  16:40:00  06 18 55.8  -05 58 52  +000938.6 +000050.4  22 00 31.1  144.577 31.287  56.31  37463 12.1
2010-02-14  16:50:00  06 29 21.6  -05 50 32  +000938.7 +000049.6  22 00 07.0  144.404 31.374  53.83  37456 12.1
2010-02-14  17:00:00  06 39 47.4  -05 42 21  +000938.8 +000048.7  21 59 42.8  144.232 31.458  51.37  37449 12.0
2010-02-14  17:10:00  06 50 13.3  -05 34 19  +000938.9 +000047.7  21 59 18.6  144.060 31.540  48.91  37442 12.0
2010-02-14  17:20:00  07 00 39.2  -05 26 28  +000939.0 +000046.5  21 58 54.3  143.890 31.618  46.48  37436 11.9
2010-02-14  17:30:00  07 11 05.2  -05 18 48  +000939.1 +000045.3  21 58 29.9  143.720 31.693  44.06  37430 11.9
2010-02-14  17:40:00  07 21 31.3  -05 11 22  +000939.2 +000044.0  21 58 05.5  143.551 31.765  41.67  37424 11.9
2010-02-14  17:50:00  07 31 57.5  -05 04 08  +000939.3 +000042.6  21 57 41.0  143.384 31.832  39.29  37418 11.9
2010-02-14  18:00:00  07 42 23.7  -04 57 10  +000939.4 +000041.1  21 57 16.4  143.218 31.896  36.96  37413 11.8
2010-02-14  18:10:00  07 52 50.0  -04 50 27  +000939.5 +000039.5  21 56 51.7  143.053 31.955  34.65  37408 11.8
2010-02-14  18:20:00  08 03 16.3  -04 43 59  +000939.6 +000037.9  21 56 27.0  142.891 32.010  32.40  37404 11.8
2010-02-14  18:30:00  08 13 42.8  -04 37 49  +000939.7 +000036.1  21 56 02.2  142.729 32.061  30.20  37400 11.8
2010-02-14  18:40:00  08 24 09.3  -04 31 57  +000939.8 +000034.3  21 55 37.3  142.570 32.106  28.07  37396 11.7
2010-02-14  18:50:00  08 34 35.9  -04 26 23  +000939.9 +000032.4  21 55 12.4  142.413 32.147  26.02  37393 11.7
2010-02-14  19:00:00  08 45 02.5  -04 21 08  +000940.0 +000030.5  21 54 47.4  142.258 32.182  24.09  37390 11.7
2010-02-14  19:10:00  08 55 29.3  -04 16 13  +000940.1 +000028.5  21 54 22.3  142.106 32.212  22.29  37388 11.7
2010-02-14  19:20:00  09 05 56.1  -04 11 39  +000940.2 +000026.4  21 53 57.2  141.956 32.237  20.67  37386 11.7
2010-02-14  19:30:00  09 16 22.9  -04 07 25  +000940.3 +000024.3  21 53 32.0  141.808 32.255  19.26  37385 11.7
2010-02-14  19:40:00  09 26 49.8  -04 03 34  +000940.4 +000022.1  21 53 06.7  141.663 32.269  18.12  37384 11.7
2010-02-14  19:50:00  09 37 16.7  -04 00 04  +000940.5 +000019.9  21 52 41.4  141.521 32.276  17.30  37383 11.7
2010-02-14  20:00:00  09 47 43.7  -03 56 56  +000940.5 +000017.6  21 52 16.0  141.382 32.278  16.84  37384 11.7
2010-02-14  20:10:00  09 58 10.8  -03 54 12  +000940.6 +000015.3  21 51 50.7  141.246 32.273  16.79  37384 11.7
2010-02-14  20:20:00  10 08 37.8  -03 51 50  +000940.6 +000013.0  21 51 25.2  141.114 32.263  17.14  37385 11.7
2010-02-14  20:30:00  10 19 04.9  -03 49 52  +000940.6 +000010.6  21 50 59.8  140.984 32.247  17.87  37387 11.7
2010-02-14  20:40:00  10 29 32.0  -03 48 18  +000940.7 +000008.2  21 50 34.3  140.858 32.224  18.93  37389 11.7
2010-02-14  20:50:00  10 39 59.1  -03 47 08  +000940.7 +000005.8  21 50 08.9  140.735 32.195  20.28  37392 11.7
2010-02-14  21:00:00  10 50 26.2  -03 46 21  +000940.7 +000003.4  21 49 43.4  140.616 32.161  21.85  37395 11.7
2010-02-14  21:10:00  11 00 53.3  -03 45 59  +000940.6 +000001.0  21 49 17.9  140.501 32.120  23.61  37399 11.7
2010-02-14  21:20:00  11 11 20.4  -03 46 01  +000940.6 -000001.4  21 48 52.5  140.389 32.073  25.51  37403 11.7
2010-02-14  21:30:00  11 21 47.5  -03 46 27  +000940.6 -000003.8  21 48 27.1  140.281 32.019  27.54  37408 11.7
2010-02-14  21:40:00  11 32 14.5  -03 47 17  +000940.5 -000006.2  21 48 01.7  140.176 31.960  29.64  37414 11.8
2010-02-14  21:50:00  11 42 41.6  -03 48 31  +000940.5 -000008.6  21 47 36.3  140.076 31.895  31.83  37419 11.8
2010-02-14  22:00:00  11 53 08.5  -03 50 09  +000940.4 -000011.0  21 47 11.0  139.979 31.824  34.07  37426 11.8
2010-02-14  22:10:00  12 03 35.4  -03 52 11  +000940.3 -000013.3  21 46 45.7  139.886 31.747  36.37  37433 11.8
2010-02-14  22:20:00  12 14 02.3  -03 54 36  +000940.2 -000015.6  21 46 20.5  139.797 31.664  38.70  37440 11.9
2010-02-14  22:30:00  12 24 29.1  -03 57 23  +000940.1 -000017.9  21 45 55.3  139.711 31.576  41.08  37448 11.9
2010-02-14  22:40:00  12 34 55.8  -04 00 34  +000940.0 -000020.1  21 45 30.2  139.630 31.482  43.46  37456 11.9
2010-02-14  22:50:00  12 45 22.5  -04 04 06  +000939.9 -000022.3  21 45 05.2  139.552 31.383  45.89  37465 11.9
2010-02-14  23:00:00  12 55 49.1  -04 08 00  +000939.8 -000024.5  21 44 40.3  139.477 31.278  48.32  37474 12.0
2010-02-14  23:10:00  13 06 15.6  -04 12 16  +000939.7 -000026.6  21 44 15.4  139.407 31.168  50.78  37484 12.0
2010-02-14  23:20:00  13 16 42.0  -04 16 52  +000939.6 -000028.6  21 43 50.6  139.340 31.053  53.24  37494 12.1
2010-02-14  23:30:00  13 27 08.3  -04 21 49  +000939.4 -000030.6  21 43 26.0  139.276 30.933  55.72  37505 12.1
2010-02-14  23:40:00  13 37 34.6  -04 27 04  +000939.3 -000032.5  21 43 01.3  139.216 30.809  58.20  37516 12.1
2010-02-14  23:50:00  13 48 00.7  -04 32 39  +000939.2 -000034.4  21 42 36.8  139.159 30.680  60.71  37527 12.2
2010-02-15  00:00:00  13 58 26.8  -04 38 32  +000939.0 -000036.1  21 42 12.4  139.106 30.547  63.21  37539 12.2
2010-02-15  00:10:00  14 08 52.8  -04 44 42  +000938.9 -000037.8  21 41 48.1  139.055 30.409  65.73  37551 12.3
2010-02-15  00:20:00  14 19 18.7  -04 51 08  +000938.8 -000039.5  21 41 23.8  139.008 30.268  68.24  37564 12.3
2010-02-15  00:30:00  14 29 44.5  -04 57 51  +000938.6 -000041.0  21 40 59.7  138.963 30.123  70.78  37576 12.4
2010-02-15  00:40:00  14 40 10.2  -05 04 48  +000938.5 -000042.4  21 40 35.6  138.921 29.974  73.30  37590 12.4
2010-02-15  00:50:00  14 50 35.8  -05 11 59  +000938.4 -000043.8  21 40 11.6  138.882 29.822  75.84  37603 12.5
2010-02-15  01:00:00  15 01 01.4  -05 19 23  +000938.3 -000045.0  21 39 47.7  138.845 29.667  78.37  37617 12.6
2010-02-15  01:10:00  15 11 26.9  -05 26 60  +000938.2 -000046.2  21 39 23.8  138.810 29.509  80.92  37631 12.6
2010-02-15  01:20:00  15 21 52.3  -05 34 47  +000938.1 -000047.3  21 39 00.0  138.777 29.349  83.46  37645 12.7
2010-02-15  01:30:00  15 32 17.7  -05 42 45  +000938.0 -000048.3  21 38 36.3  138.747 29.186  86.01  37659 12.8
2010-02-15  01:40:00  15 42 43.0  -05 50 52  +000937.9 -000049.1  21 38 12.7  138.718 29.020  88.55  37674 12.8
2010-02-15  01:50:00  15 53 08.2  -05 59 07  +000937.8 -000049.9  21 37 49.1  138.690 28.853  91.11  37689 12.9
2010-02-15  02:00:00  16 03 33.4  -06 07 30  +000937.8 -000050.6  21 37 25.5  138.664 28.685  93.65  37704 13.0
2010-02-15  02:10:00  16 13 58.6  -06 15 59  +000937.7 -000051.1  21 37 02.0  138.639 28.514  96.21  37719 13.1
2010-02-15  02:20:00  16 24 23.7  -06 24 32  +000937.7 -000051.6  21 36 38.5  138.615 28.343  98.76  37734 13.2
2010-02-15  02:30:00  16 34 48.9  -06 33 10  +000937.7 -000051.9  21 36 15.0  138.592 28.170 101.32  37750 13.3
2010-02-15  02:40:00  16 45 14.0  -06 41 51  +000937.7 -000052.2  21 35 51.5  138.570 27.997 103.87  37765 13.3
2010-02-15  02:50:00  16 55 39.1  -06 50 33  +000937.7 -000052.3  21 35 28.0  138.547 27.824 106.44  37781 13.4
2010-02-15  03:00:00  17 06 04.2  -06 59 16  +000937.7 -000052.3  21 35 04.6  138.526 27.650 108.99  37796 13.6
2010-02-15  03:10:00  17 16 29.3  -07 07 59  +000937.7 -000052.2  21 34 41.1  138.504 27.476 111.55  37812 13.7
2010-02-15  03:20:00  17 26 54.5  -07 16 41  +000937.7 -000052.0  21 34 17.6  138.482 27.303 114.10  37827 13.8
2010-02-15  03:30:00  17 37 19.7  -07 25 20  +000937.8 -000051.7  21 33 54.0  138.460 27.130 116.67  37843 13.9
2010-02-15  03:40:00  17 47 44.9  -07 33 56  +000937.8 -000051.3  21 33 30.5  138.437 26.958 119.22  37858 14.0
2010-02-15  03:50:00  17 58 10.1  -07 42 27  +000937.9 -000050.8  21 33 06.9  138.413 26.787 121.79  37874 14.1
2010-02-15  04:00:00  18 08 35.4  -07 50 52  +000938.0 -000050.2  21 32 43.2  138.389 26.618 124.34  37889 14.3

   Date        UTC        RA         DECL      RARate   DeclRate    HourAng      Az     Um    Phase  Range  Mag
2010-02-15  16:20:00  07 00 53.4  -05 24 40  +000938.3 +000046.4  21 02 26.8  129.800 24.983  47.16  38039 12.0
2010-02-15  16:30:00  07 11 19.0  -05 17 02  +000938.4 +000045.2  21 02 02.9  129.632 25.038  44.72  38034 12.0
2010-02-15  16:40:00  07 21 44.6  -05 09 36  +000938.5 +000044.0  21 01 38.9  129.466 25.089  42.32  38029 11.9
2010-02-15  16:50:00  07 32 10.3  -05 02 23  +000938.6 +000042.6  21 01 14.8  129.302 25.138  39.93  38025 11.9
2010-02-15  17:00:00  07 42 36.1  -04 55 24  +000938.7 +000041.2  21 00 50.7  129.140 25.182  37.57  38021 11.9
2010-02-15  17:10:00  07 53 01.9  -04 48 40  +000938.8 +000039.7  21 00 26.5  128.979 25.223  35.24  38018 11.8
2010-02-15  17:20:00  08 03 27.8  -04 42 11  +000938.9 +000038.1  21 00 02.2  128.821 25.260  32.96  38015 11.8
2010-02-15  17:30:00  08 13 53.8  -04 35 59  +000939.0 +000036.4  20 59 37.9  128.665 25.292  30.73  38012 11.8
2010-02-15  17:40:00  08 24 19.8  -04 30 04  +000939.1 +000034.6  20 59 13.5  128.512 25.320  28.56  38010 11.8
2010-02-15  17:50:00  08 34 46.0  -04 24 26  +000939.2 +000032.8  20 58 49.0  128.361 25.344  26.47  38008 11.8
2010-02-15  18:00:00  08 45 12.2  -04 19 08  +000939.3 +000030.9  20 58 24.5  128.213 25.363  24.47  38006 11.7
2010-02-15  18:10:00  08 55 38.4  -04 14 08  +000939.4 +000029.0  20 57 59.8  128.068 25.377  22.60  38005 11.7
2010-02-15  18:20:00  09 06 04.7  -04 09 29  +000939.5 +000026.9  20 57 35.2  127.926 25.386  20.89  38004 11.7
2010-02-15  18:30:00  09 16 31.1  -04 05 10  +000939.6 +000024.9  20 57 10.4  127.787 25.390  19.38  38004 11.7
2010-02-15  18:40:00  09 26 57.5  -04 01 12  +000939.7 +000022.7  20 56 45.7  127.652 25.389  18.12  38005 11.7
2010-02-15  18:50:00  09 37 24.0  -03 57 35  +000939.7 +000020.6  20 56 20.8  127.520 25.383  17.17  38006 11.7
2010-02-15  19:00:00  09 47 50.6  -03 54 21  +000939.8 +000018.4  20 55 55.9  127.391 25.372  16.57  38007 11.7
2010-02-15  19:10:00  09 58 17.1  -03 51 28  +000939.9 +000016.1  20 55 31.0  127.266 25.355  16.38  38009 11.7
2010-02-15  19:20:00  10 08 43.7  -03 48 59  +000939.9 +000013.8  20 55 06.0  127.145 25.332  16.59  38011 11.7
2010-02-15  19:30:00  10 19 10.3  -03 46 52  +000939.9 +000011.5  20 54 41.1  127.028 25.304  17.21  38014 11.7
2010-02-15  19:40:00  10 29 37.0  -03 45 08  +000940.0 +000009.2  20 54 16.1  126.915 25.271  18.17  38017 11.7
2010-02-15  19:50:00  10 40 03.6  -03 43 48  +000940.0 +000006.8  20 53 51.1  126.805 25.232  19.45  38021 11.7
2010-02-15  20:00:00  10 50 30.3  -03 42 52  +000940.0 +000004.5  20 53 26.1  126.700 25.188  20.97  38026 11.7
2010-02-15  20:10:00  11 00 56.9  -03 42 19  +000940.0 +000002.1  20 53 01.0  126.599 25.137  22.69  38031 11.7
2010-02-15  20:20:00  11 11 23.6  -03 42 10  +000939.9 -000000.3  20 52 36.1  126.502 25.082  24.57  38036 11.8
2010-02-15  20:30:00  11 21 50.2  -03 42 25  +000939.9 -000002.7  20 52 11.1  126.409 25.021  26.57  38042 11.8
2010-02-15  20:40:00  11 32 16.8  -03 43 03  +000939.9 -000005.0  20 51 46.1  126.320 24.954  28.67  38049 11.8
2010-02-15  20:50:00  11 42 43.3  -03 44 06  +000939.8 -000007.4  20 51 21.2  126.236 24.882  30.85  38056 11.8
2010-02-15  21:00:00  11 53 09.9  -03 45 31  +000939.7 -000009.7  20 50 56.3  126.156 24.805  33.08  38063 11.8
2010-02-15  21:10:00  12 03 36.3  -03 47 20  +000939.7 -000012.0  20 50 31.5  126.080 24.722  35.38  38071 11.9
2010-02-15  21:20:00  12 14 02.8  -03 49 32  +000939.6 -000014.3  20 50 06.7  126.009 24.634  37.70  38080 11.9
2010-02-15  21:30:00  12 24 29.1  -03 52 06  +000939.5 -000016.6  20 49 42.0  125.942 24.541  40.07  38089 11.9
2010-02-15  21:40:00  12 34 55.4  -03 55 03  +000939.4 -000018.8  20 49 17.3  125.879 24.443  42.46  38098 11.9
2010-02-15  21:50:00  12 45 21.6  -03 58 22  +000939.3 -000021.0  20 48 52.8  125.820 24.340  44.88  38108 12.0
2010-02-15  22:00:00  12 55 47.8  -04 02 03  +000939.2 -000023.1  20 48 28.2  125.765 24.232  47.31  38118 12.0
2010-02-15  22:10:00  13 06 13.9  -04 06 04  +000939.1 -000025.2  20 48 03.8  125.714 24.119  49.77  38129 12.0
2010-02-15  22:20:00  13 16 39.9  -04 10 27  +000938.9 -000027.2  20 47 39.5  125.667 24.002  52.23  38140 12.1
2010-02-15  22:30:00  13 27 05.8  -04 15 09  +000938.8 -000029.2  20 47 15.2  125.624 23.881  54.71  38152 12.1
2010-02-15  22:40:00  13 37 31.6  -04 20 11  +000938.7 -000031.1  20 46 51.0  125.585 23.755  57.19  38164 12.2
2010-02-15  22:50:00  13 47 57.3  -04 25 31  +000938.5 -000033.0  20 46 26.9  125.549 23.625  59.70  38176 12.2
2010-02-15  23:00:00  13 58 23.0  -04 31 09  +000938.4 -000034.7  20 46 02.9  125.517 23.491  62.20  38189 12.2
2010-02-15  23:10:00  14 08 48.5  -04 37 05  +000938.3 -000036.4  20 45 39.0  125.488 23.354  64.72  38202 12.3
2010-02-15  23:20:00  14 19 14.0  -04 43 18  +000938.1 -000038.0  20 45 15.2  125.462 23.212  67.23  38216 12.3
2010-02-15  23:30:00  14 29 39.4  -04 49 46  +000938.0 -000039.6  20 44 51.4  125.440 23.068  69.77  38230 12.4
2010-02-15  23:40:00  14 40 04.7  -04 56 29  +000937.9 -000041.0  20 44 27.8  125.421 22.920  72.29  38244 12.5
2010-02-15  23:50:00  14 50 29.9  -05 03 26  +000937.8 -000042.4  20 44 04.2  125.404 22.769  74.83  38258 12.5
2010-02-16  00:00:00  15 00 55.0  -05 10 37  +000937.7 -000043.7  20 43 40.7  125.390 22.615  77.36  38273 12.6
2010-02-16  00:10:00  15 11 20.1  -05 17 60  +000937.5 -000044.9  20 43 17.3  125.378 22.459  79.91  38288 12.6
2010-02-16  00:20:00  15 21 45.1  -05 25 34  +000937.4 -000046.0  20 42 53.9  125.369 22.300  82.45  38304 12.7
2010-02-16  00:30:00  15 32 10.1  -05 33 19  +000937.4 -000047.0  20 42 30.6  125.361 22.139  85.00  38319 12.8
2010-02-16  00:40:00  15 42 34.9  -05 41 13  +000937.3 -000047.9  20 42 07.4  125.356 21.976  87.54  38335 12.8
2010-02-16  00:50:00  15 52 59.8  -05 49 16  +000937.2 -000048.7  20 41 44.2  125.352 21.811  90.10  38351 12.9
2010-02-16  01:00:00  16 03 24.5  -05 57 26  +000937.1 -000049.4  20 41 21.1  125.350 21.644  92.64  38367 13.0
2010-02-16  01:10:00  16 13 49.3  -06 05 43  +000937.1 -000050.0  20 40 58.0  125.349 21.476  95.20  38383 13.1
2010-02-16  01:20:00  16 24 14.0  -06 14 05  +000937.0 -000050.4  20 40 34.9  125.349 21.307  97.75  38399 13.2
2010-02-16  01:30:00  16 34 38.7  -06 22 32  +000937.0 -000050.8  20 40 11.9  125.350 21.137 100.31  38415 13.3
2010-02-16  01:40:00  16 45 03.4  -06 31 01  +000937.0 -000051.1  20 39 48.8  125.352 20.966 102.86  38432 13.3
2010-02-16  01:50:00  16 55 28.0  -06 39 33  +000937.0 -000051.3  20 39 25.8  125.354 20.795 105.43  38449 13.4
2010-02-16  02:00:00  17 05 52.7  -06 48 07  +000937.0 -000051.4  20 39 02.8  125.356 20.624 107.98  38465 13.5
2010-02-16  02:10:00  17 16 17.4  -06 56 40  +000937.0 -000051.3  20 38 39.7  125.359 20.452 110.54  38482 13.7
2010-02-16  02:20:00  17 26 42.1  -07 05 13  +000937.1 -000051.2  20 38 16.7  125.361 20.281 113.10  38498 13.8
2010-02-16  02:30:00  17 37 06.8  -07 13 43  +000937.1 -000050.9  20 37 53.6  125.363 20.110 115.66  38515 13.9
2010-02-16  02:40:00  17 47 31.5  -07 22 11  +000937.2 -000050.6  20 37 30.5  125.364 19.940 118.21  38531 14.0
2010-02-16  02:50:00  17 57 56.3  -07 30 34  +000937.2 -000050.1  20 37 07.4  125.365 19.770 120.78  38548 14.1
2010-02-16  03:00:00  18 08 21.2  -07 38 53  +000937.3 -000049.5  20 36 44.2  125.365 19.602 123.33  38564 14.3
2010-02-16  03:10:00  18 18 46.1  -07 47 05  +000937.4 -000048.9  20 36 20.9  125.363 19.435 125.90  38580 14.4
2010-02-16  03:20:00  18 29 11.0  -07 55 10  +000937.5 -000048.1  20 35 57.6  125.360 19.269 128.45  38596 14.6
2010-02-16  03:30:00  18 39 36.1  -08 03 07  +000937.6 -000047.2  20 35 34.2  125.356 19.105 131.02  38612 14.7
2010-02-16  03:40:00  18 50 01.1  -08 10 55  +000937.7 -000046.3  20 35 10.8  125.350 18.943 133.57  38628 14.9
2010-02-16  03:50:00  19 00 26.3  -08 18 33  +000937.8 -000045.2  20 34 47.2  125.342 18.784 136.13  38644 15.1
2010-02-16  04:00:00  19 10 51.6  -08 25 59  +000937.9 -000044.1  20 34 23.6  125.332 18.626 138.68  38659 15.3
