ЭФЕМЕРИДЫ ПО ОБЪЕКТУ:  95034
Для пункта:  10016 Маяки   46 23'50.68"   30 16'17.74"    14m
C   2010-02-01 12:00
по  2010-02-16 12:00
Шаг  0:10:00
Мин.угол места:          10 град
Макс.угол места Солнца: -10 град
Стандартный блеск :      5.9 (зв.вел.)

ОБОЗНАЧЕНИЯ
RA        прямое восхождение, тек.эпоха
DECL      склонение, тек.эпоха
RARate    скорость по пр.восх., арксек/мин
DeclRate  скорость по склонению, арксек/мин
HourAng   часовой угол
Az        азимут
Um        угол места
Phase     фазовый угол
Range     дальность
Mag       зв.величина (оценка)

   Date        UTC        RA         DECL      RARate   DeclRate    HourAng      Az     Um    Phase  Range  Mag
2010-02-11  16:20:00  08 36 02.6  +08 50 26  +000854.4 -000143.5  19 11 31.4   96.894 18.694  16.64  41606 12.8
2010-02-11  16:30:00  08 45 31.2  +08 25 46  +000851.4 -000152.5  19 12 04.4   97.298 18.492  14.60  41624 12.8
2010-02-11  16:40:00  08 54 57.7  +07 59 38  +000848.2 -000161.1  19 12 39.5   97.726 18.277  12.70  41643 12.8
2010-02-11  16:50:00  09 04 22.2  +07 32 05  +000845.1 -000169.4  19 13 16.7   98.176 18.050  10.97  41662 12.8
2010-02-11  17:00:00  09 13 44.5  +07 03 12  +000841.9 -000177.3  19 13 56.0   98.648 17.813   9.55  41683 12.8
2010-02-11  17:10:00  09 23 04.8  +06 32 60  +000838.8 -000185.0  19 14 37.4   99.141 17.564   8.54  41705 12.8
2010-02-11  17:20:00  09 32 23.0  +06 01 33     <<SHADOW>>        19 15 20.9   99.655 17.305   8.14  41727 ----
2010-02-11  17:30:00  09 41 39.1  +05 28 55     <<SHADOW>>        19 16 06.4  100.188 17.036   8.41  41750 ----
2010-02-11  17:40:00  09 50 53.3  +04 55 09     <<SHADOW>>        19 16 53.8  100.739 16.758   9.29  41774 ----
2010-02-11  17:50:00  10 00 05.5  +04 20 18     <<SHADOW>>        19 17 43.2  101.308 16.472  10.65  41799 ----
2010-02-11  18:00:00  10 09 15.9  +03 44 28     <<SHADOW>>        19 18 34.5  101.892 16.176  12.30  41825 ----
2010-02-11  18:10:00  10 18 24.6  +03 07 40     <<SHADOW>>        19 19 27.4  102.492 15.873  14.17  41851 ----
2010-02-11  18:20:00  10 27 31.6  +02 29 59     <<SHADOW>>        19 20 22.1  103.106 15.562  16.16  41878 ----
2010-02-11  18:30:00  10 36 37.0  +01 51 29  +000817.0 -000233.3  19 21 18.3  103.733 15.243  18.25  41906 12.9
2010-02-11  18:40:00  10 45 41.0  +01 12 14  +000815.0 -000237.7  19 22 16.0  104.371 14.918  20.38  41934 12.9
2010-02-11  18:50:00  10 54 43.7  +00 32 16  +000813.1 -000241.7  19 23 14.9  105.020 14.585  22.57  41963 12.9
2010-02-11  19:00:00  11 03 45.2  -00 08 19  +000811.4 -000245.2  19 24 15.1  105.678 14.247  24.78  41992 12.9
2010-02-11  19:10:00  11 12 45.6  -00 49 27  +000810.0 -000248.4  19 25 16.3  106.343 13.903  27.02  42022 12.9
2010-02-11  19:20:00  11 21 45.2  -01 31 06  +000808.7 -000251.2  19 26 18.3  107.015 13.553  29.27  42052 12.9
2010-02-11  19:30:00  11 30 44.0  -02 13 10  +000807.7 -000253.6  19 27 21.2  107.692 13.197  31.55  42084 13.0
2010-02-11  19:40:00  11 39 42.2  -02 55 36  +000807.0 -000255.6  19 28 24.6  108.373 12.837  33.82  42115 13.0
2010-02-11  19:50:00  11 48 40.0  -03 38 21  +000806.4 -000257.2  19 29 28.5  109.057 12.472  36.11  42147 13.0
2010-02-11  20:00:00  11 57 37.5  -04 21 19  +000806.1 -000258.4  19 30 32.6  109.741 12.103  38.40  42179 13.0
2010-02-11  20:10:00  12 06 34.9  -05 04 26  +000806.1 -000259.1  19 31 36.8  110.426 11.730  40.70  42212 13.1
2010-02-11  20:20:00  12 15 32.4  -05 47 40  +000806.3 -000259.5  19 32 41.0  111.109 11.354  42.99  42246 13.1
2010-02-11  20:30:00  12 24 30.1  -06 30 55  +000806.8 -000259.5  19 33 45.0  111.790 10.974  45.30  42279 13.1
2010-02-11  20:40:00  12 33 28.1  -07 14 09  +000807.5 -000259.1  19 34 48.5  112.467 10.592  47.60  42313 13.2
2010-02-11  20:50:00  12 42 26.8  -07 57 15  +000808.4 -000258.2  19 35 51.6  113.138 10.208  49.92  42347 13.2

   Date        UTC        RA         DECL      RARate   DeclRate    HourAng      Az     Um    Phase  Range  Mag
2010-02-12  16:20:00  07 07 56.1  +11 41 47  +000875.4 -000058.4  20 43 34.4  113.666 36.080  38.24  40018 12.9
2010-02-12  16:30:00  07 17 39.1  +11 31 06  +000873.6 -000069.7  20 43 53.1  113.879 35.993  35.90  40024 12.9
2010-02-12  16:40:00  07 27 20.8  +11 18 34  +000871.5 -000080.8  20 44 13.0  114.122 35.885  33.59  40033 12.9
2010-02-12  16:50:00  07 37 01.0  +11 04 11  +000869.2 -000091.7  20 44 34.4  114.395 35.757  31.27  40042 12.9
2010-02-12  17:00:00  07 46 39.7  +10 48 00  +000866.7 -000102.4  20 44 57.4  114.696 35.610  28.98  40053 12.8
2010-02-12  17:10:00  07 56 16.7  +10 30 04  +000864.1 -000112.9  20 45 22.1  115.025 35.443  26.69  40066 12.8
2010-02-12  17:20:00  08 05 51.8  +10 10 23  +000861.3 -000123.2  20 45 48.6  115.383 35.259  24.44  40079 12.8
2010-02-12  17:30:00  08 15 25.1  +09 49 01  +000858.4 -000133.2  20 46 17.0  115.769 35.056  22.20  40094 12.8
2010-02-12  17:40:00  08 24 56.3  +09 26 01  +000855.3 -000142.9  20 46 47.4  116.182 34.837  20.01  40110 12.8
2010-02-12  17:50:00  08 34 25.5  +09 01 24  +000852.2 -000152.3  20 47 19.8  116.621 34.600  17.85  40128 12.8
2010-02-12  18:00:00  08 43 52.6  +08 35 15  +000849.0 -000161.5  20 47 54.4  117.085 34.348  15.78  40146 12.7
2010-02-12  18:10:00  08 53 17.5  +08 07 36  +000845.8 -000170.3  20 48 31.1  117.574 34.080  13.79  40166 12.7
2010-02-12  18:20:00  09 02 40.3  +07 38 31  +000842.5 -000178.8  20 49 10.0  118.086 33.796  11.95  40186 12.7
2010-02-12  18:30:00  09 12 00.9  +07 08 02  +000839.3 -000186.9  20 49 51.0  118.620 33.499  10.33  40208 12.7
2010-02-12  18:40:00  09 21 19.3  +06 36 14  +000836.1 -000194.7  20 50 34.2  119.176 33.186   9.06  40231 12.7
2010-02-12  18:50:00  09 30 35.7  +06 03 09     <<SHADOW>>        20 51 19.5  119.752 32.860   8.29  40255 ----
2010-02-12  19:00:00  09 39 49.9  +05 28 52     <<SHADOW>>        20 52 06.9  120.346 32.521   8.16  40281 ----
2010-02-12  19:10:00  09 49 02.1  +04 53 26     <<SHADOW>>        20 52 56.4  120.957 32.169   8.70  40307 ----
2010-02-12  19:20:00  09 58 12.3  +04 16 56     <<SHADOW>>        20 53 47.8  121.585 31.805   9.79  40334 ----
2010-02-12  19:30:00  10 07 20.6  +03 39 24     <<SHADOW>>        20 54 41.1  122.226 31.428  11.29  40362 ----
2010-02-12  19:40:00  10 16 27.1  +03 00 55     <<SHADOW>>        20 55 36.2  122.881 31.040  13.04  40391 ----
2010-02-12  19:50:00  10 25 32.0  +02 21 32     <<SHADOW>>        20 56 33.1  123.548 30.641  14.97  40421 ----
2010-02-12  20:00:00  10 34 35.2  +01 41 21  +000813.7 -000243.5  20 57 31.5  124.224 30.232  16.99  40452 12.8
2010-02-12  20:10:00  10 43 36.9  +01 00 24  +000811.6 -000247.8  20 58 31.4  124.909 29.812  19.11  40484 12.8
2010-02-12  20:20:00  10 52 37.3  +00 18 46  +000809.7 -000251.7  20 59 32.6  125.601 29.382  21.26  40517 12.8
2010-02-12  20:30:00  11 01 36.5  -00 23 29  +000808.0 -000255.2  21 00 35.0  126.298 28.943  23.46  40551 12.8
2010-02-12  20:40:00  11 10 34.7  -01 06 16  +000806.5 -000258.3  21 01 38.5  126.999 28.495  25.68  40586 12.8
2010-02-12  20:50:00  11 19 31.9  -01 49 33  +000805.2 -000260.9  21 02 43.0  127.703 28.039  27.93  40621 12.9
2010-02-12  21:00:00  11 28 28.4  -02 33 14  +000804.2 -000263.2  21 03 48.1  128.408 27.576  30.18  40658 12.9
2010-02-12  21:10:00  11 37 24.3  -03 17 16  +000803.5 -000265.0  21 04 53.9  129.112 27.105  32.46  40695 12.9
2010-02-12  21:20:00  11 46 19.7  -04 01 33  +000802.9 -000266.4  21 06 00.1  129.815 26.627  34.73  40733 12.9
2010-02-12  21:30:00  11 55 14.9  -04 46 03  +000802.7 -000267.4  21 07 06.5  130.514 26.144  37.02  40771 12.9
2010-02-12  21:40:00  12 04 10.0  -05 30 41  +000802.6 -000268.0  21 08 13.1  131.209 25.655  39.31  40811 13.0
2010-02-12  21:50:00  12 13 05.2  -06 15 22  +000802.9 -000268.2  21 09 19.6  131.897 25.161  41.61  40851 13.0
2010-02-12  22:00:00  12 22 00.6  -07 00 03  +000803.4 -000267.9  21 10 25.8  132.578 24.663  43.90  40891 13.0
2010-02-12  22:10:00  12 30 56.4  -07 44 38  +000804.1 -000267.2  21 11 31.6  133.251 24.162  46.21  40932 13.1
2010-02-12  22:20:00  12 39 52.8  -08 29 05  +000805.1 -000266.1  21 12 36.9  133.914 23.658  48.50  40974 13.1
2010-02-12  22:30:00  12 48 50.0  -09 13 19  +000806.4 -000264.6  21 13 41.3  134.567 23.152  50.81  41016 13.1
2010-02-12  22:40:00  12 57 48.0  -09 57 16  +000807.9 -000262.7  21 14 44.9  135.207 22.646  53.11  41058 13.2
2010-02-12  22:50:00  13 06 47.2  -10 40 51  +000809.6 -000260.3  21 15 47.4  135.834 22.139  55.42  41100 13.2
2010-02-12  23:00:00  13 15 47.6  -11 24 01  +000811.6 -000257.6  21 16 48.7  136.447 21.632  57.71  41143 13.3
2010-02-12  23:10:00  13 24 49.4  -12 06 41  +000813.8 -000254.4  21 17 48.5  137.046 21.127  60.02  41186 13.3
2010-02-12  23:20:00  13 33 52.6  -12 48 48  +000816.2 -000250.8  21 18 46.9  137.628 20.625  62.32  41229 13.3
2010-02-12  23:30:00  13 42 57.6  -13 30 16  +000818.8 -000246.8  21 19 43.6  138.194 20.126  64.62  41271 13.4
2010-02-12  23:40:00  13 52 04.4  -14 11 03  +000821.6 -000242.4  21 20 38.4  138.743 19.631  66.92  41314 13.4
2010-02-12  23:50:00  14 01 13.0  -14 51 04  +000824.5 -000237.7  21 21 31.4  139.273 19.141  69.22  41356 13.5
2010-02-13  00:00:00  14 10 23.8  -15 30 15  +000827.6 -000232.5  21 22 22.3  139.785 18.657  71.51  41398 13.5
2010-02-13  00:10:00  14 19 36.6  -16 08 32  +000830.9 -000226.9  21 23 11.2  140.278 18.181  73.81  41440 13.6
2010-02-13  00:20:00  14 28 51.6  -16 45 52  +000834.3 -000221.0  21 23 57.7  140.751 17.713  76.09  41481 13.7
2010-02-13  00:30:00  14 38 09.0  -17 22 10  +000837.8 -000214.6  21 24 42.1  141.204 17.254  78.39  41521 13.7
2010-02-13  00:40:00  14 47 28.7  -17 57 24  +000841.3 -000208.0  21 25 24.0  141.637 16.805  80.67  41561 13.8
2010-02-13  00:50:00  14 56 50.7  -18 31 28  +000845.0 -000200.9  21 26 03.6  142.049 16.368  82.97  41600 13.8
2010-02-13  01:00:00  15 06 15.3  -19 04 21  +000848.6 -000193.5  21 26 40.7  142.439 15.943  85.24  41638 13.9
2010-02-13  01:10:00  15 15 42.3  -19 35 57  +000852.3 -000185.7  21 27 15.3  142.809 15.531  87.53  41674 14.0
2010-02-13  01:20:00  15 25 11.7  -20 06 15  +000856.0 -000177.7  21 27 47.5  143.158 15.134  89.80  41710 14.0
2010-02-13  01:30:00  15 34 43.6  -20 35 10  +000859.6 -000169.2  21 28 17.3  143.485 14.752  92.09  41744 14.1
2010-02-13  01:40:00  15 44 17.9  -21 02 39  +000863.2 -000160.5  21 28 44.6  143.791 14.386  94.36  41777 14.2
2010-02-13  01:50:00  15 53 54.6  -21 28 39  +000866.7 -000151.5  21 29 09.6  144.076 14.039  96.64  41808 14.2
2010-02-13  02:00:00  16 03 33.5  -21 53 08  +000870.1 -000142.2  21 29 32.3  144.340 13.709  98.90  41838 14.3
2010-02-13  02:10:00  16 13 14.7  -22 16 03  +000873.4 -000132.7  21 29 52.7  144.583 13.399 101.18  41866 14.4
2010-02-13  02:20:00  16 22 58.0  -22 37 21  +000876.5 -000122.8  21 30 11.1  144.806 13.109 103.44  41892 14.5
2010-02-13  02:30:00  16 32 43.3  -22 56 59  +000879.4 -000112.8  21 30 27.4  145.008 12.841 105.71  41916 14.6
2010-02-13  02:40:00  16 42 30.5  -23 14 56  +000882.1 -000102.5  21 30 41.9  145.191 12.594 107.96  41938 14.7
2010-02-13  02:50:00  16 52 19.4  -23 31 09  +000884.6 -000092.0  21 30 54.6  145.355 12.371 110.23  41957 14.8
2010-02-13  03:00:00  17 02 09.9  -23 45 36  +000886.8 -000081.4  21 31 05.8  145.499 12.171 112.49  41975 14.9
2010-02-13  03:10:00  17 12 01.8  -23 58 16  +000888.8 -000070.6  21 31 15.6  145.626 11.996 114.75  41990 15.0
2010-02-13  03:20:00  17 21 54.8  -24 09 08  +000890.4 -000059.6  21 31 24.1  145.735 11.846 117.00  42003 15.1
2010-02-13  03:30:00  17 31 48.9  -24 18 09  +000891.8 -000048.6  21 31 31.7  145.827 11.722 119.26  42014 15.2
2010-02-13  03:40:00  17 41 43.8  -24 25 19  +000892.9 -000037.4  21 31 38.4  145.902 11.625 121.51  42022 15.3
2010-02-13  03:50:00  17 51 39.3  -24 30 38  +000893.6 -000026.2  21 31 44.5  145.962 11.555 123.77  42027 15.4
2010-02-13  04:00:00  18 01 35.3  -24 34 03  +000894.0 -000014.9  21 31 50.3  146.007 11.512 126.01  42029 15.5
2010-02-13  04:10:00  18 11 31.3  -24 35 36  +000894.1 -000003.6  21 31 55.8  146.037 11.498 128.27  42029 15.7

   Date        UTC        RA         DECL      RARate   DeclRate    HourAng      Az     Um    Phase  Range  Mag
2010-02-13  16:20:00  05 35 11.9  +12 13 07  +000878.9 +000042.7  22 20 15.2  140.269 49.858  61.63  38999 13.2
2010-02-13  16:30:00  05 44 58.1  +12 19 14  +000879.6 +000030.8  22 20 30.7  140.285 49.978  59.25  38993 13.2
2010-02-13  16:40:00  05 54 44.6  +12 23 23  +000880.0 +000018.9  22 20 45.8  140.322 50.067  56.89  38989 13.1
2010-02-13  16:50:00  06 04 31.3  +12 25 31  +000880.1 +000006.9  22 21 00.7  140.382 50.126  54.52  38987 13.1
2010-02-13  17:00:00  06 14 18.0  +12 25 40  +000879.9 -000005.1  22 21 15.7  140.465 50.156  52.17  38986 13.1
2010-02-13  17:10:00  06 24 04.4  +12 23 49  +000879.4 -000017.1  22 21 30.9  140.573 50.156  49.80  38987 13.0
2010-02-13  17:20:00  06 33 50.4  +12 19 59  +000878.6 -000029.0  22 21 46.5  140.706 50.127  47.45  38989 13.0
2010-02-13  17:30:00  06 43 35.8  +12 14 10  +000877.6 -000040.8  22 22 02.7  140.866 50.070  45.10  38993 13.0
2010-02-13  17:40:00  06 53 20.5  +12 06 23  +000876.2 -000052.6  22 22 19.8  141.052 49.985  42.76  38999 12.9
2010-02-13  17:50:00  07 03 04.1  +11 56 39  +000874.6 -000064.2  22 22 37.8  141.266 49.872  40.42  39006 12.9
2010-02-13  18:00:00  07 12 46.6  +11 44 59  +000872.8 -000075.7  22 22 56.9  141.507 49.731  38.09  39014 12.9
2010-02-13  18:10:00  07 22 27.7  +11 31 24  +000870.7 -000087.1  22 23 17.4  141.776 49.564  35.76  39024 12.8
2010-02-13  18:20:00  07 32 07.4  +11 15 58  +000868.4 -000098.2  22 23 39.4  142.072 49.371  33.45  39036 12.8
2010-02-13  18:30:00  07 41 45.5  +10 58 41  +000865.8 -000109.1  22 24 02.9  142.395 49.153  31.14  39049 12.8
2010-02-13  18:40:00  07 51 21.8  +10 39 36  +000863.1 -000119.8  22 24 28.2  142.745 48.910  28.86  39063 12.8
2010-02-13  18:50:00  08 00 56.3  +10 18 46  +000860.3 -000130.3  22 24 55.4  143.121 48.642  26.59  39078 12.8
2010-02-13  19:00:00  08 10 28.9  +09 56 12  +000857.3 -000140.4  22 25 24.5  143.522 48.350  24.34  39096 12.7
2010-02-13  19:10:00  08 19 59.4  +09 31 58  +000854.2 -000150.3  22 25 55.6  143.947 48.035  22.12  39114 12.7
2010-02-13  19:20:00  08 29 27.8  +09 06 07  +000851.0 -000159.9  22 26 28.8  144.396 47.698  19.94  39134 12.7
2010-02-13  19:30:00  08 38 54.1  +08 38 42  +000847.8 -000169.1  22 27 04.2  144.867 47.339  17.81  39155 12.7
2010-02-13  19:40:00  08 48 18.2  +08 09 46  +000844.5 -000178.0  22 27 41.8  145.358 46.959  15.76  39178 12.7
2010-02-13  19:50:00  08 57 40.0  +07 39 23  +000841.1 -000186.6  22 28 21.5  145.869 46.557  13.80  39202 12.7
2010-02-13  20:00:00  09 06 59.7  +07 07 35  +000837.8 -000194.8  22 29 03.5  146.398 46.136  12.02  39227 12.7
2010-02-13  20:10:00  09 16 17.2  +06 34 28  +000834.5 -000202.6  22 29 47.7  146.944 45.696  10.45  39254 12.7
2010-02-13  20:20:00  09 25 32.5  +06 00 04     <<SHADOW>>        22 30 34.1  147.505 45.237   9.25  39282 ----
2010-02-13  20:30:00  09 34 45.6  +05 24 28     <<SHADOW>>        22 31 22.5  148.079 44.759   8.55  39311 ----
2010-02-13  20:40:00  09 43 56.7  +04 47 43     <<SHADOW>>        22 32 13.1  148.665 44.265   8.48  39342 ----
2010-02-13  20:50:00  09 53 05.7  +04 09 53     <<SHADOW>>        22 33 05.7  149.261 43.754   9.06  39374 ----
2010-02-13  21:00:00  10 02 12.9  +03 31 03     <<SHADOW>>        22 34 00.2  149.866 43.227  10.16  39408 ----
2010-02-13  21:10:00  10 11 18.1  +02 51 16     <<SHADOW>>        22 34 56.6  150.478 42.685  11.65  39442 ----
2010-02-13  21:20:00  10 20 21.7  +02 10 37     <<SHADOW>>        22 35 54.7  151.096 42.128  13.39  39478 ----
2010-02-13  21:30:00  10 29 23.6  +01 29 09  +000811.7 -000251.0  22 36 54.4  151.718 41.558  15.31  39516 12.7
2010-02-13  21:40:00  10 38 24.0  +00 46 58  +000809.5 -000255.2  22 37 55.7  152.341 40.975  17.32  39554 12.7
2010-02-13  21:50:00  10 47 23.0  +00 04 07  +000807.6 -000259.0  22 38 58.3  152.966 40.381  19.42  39594 12.7
2010-02-13  22:00:00  10 56 20.8  -00 39 20  +000805.8 -000262.3  22 40 02.1  153.590 39.775  21.57  39635 12.8
2010-02-13  22:10:00  11 05 17.5  -01 23 17  +000804.3 -000265.2  22 41 07.1  154.212 39.159  23.76  39677 12.8
2010-02-13  22:20:00  11 14 13.3  -02 07 42  +000803.0 -000267.7  22 42 12.9  154.830 38.533  25.97  39720 12.8
2010-02-13  22:30:00  11 23 08.3  -02 52 29  +000802.0 -000269.7  22 43 19.6  155.444 37.899  28.21  39764 12.8
2010-02-13  22:40:00  11 32 02.7  -03 37 35  +000801.2 -000271.3  22 44 26.8  156.051 37.258  30.46  39809 12.8
2010-02-13  22:50:00  11 40 56.6  -04 22 54  +000800.6 -000272.5  22 45 34.5  156.652 36.611  32.73  39856 12.9
2010-02-13  23:00:00  11 49 50.3  -05 08 23  +000800.4 -000273.2  22 46 42.5  157.244 35.957  34.99  39903 12.9
2010-02-13  23:10:00  11 58 43.8  -05 53 57  +000800.3 -000273.5  22 47 50.6  157.826 35.300  37.28  39950 12.9
2010-02-13  23:20:00  12 07 37.4  -06 39 32  +000800.6 -000273.4  22 48 58.6  158.398 34.639  39.55  39999 12.9
2010-02-13  23:30:00  12 16 31.3  -07 25 04  +000801.1 -000272.9  22 50 06.4  158.959 33.975  41.85  40048 13.0
2010-02-13  23:40:00  12 25 25.6  -08 10 29  +000801.8 -000271.9  22 51 13.8  159.507 33.311  44.13  40098 13.0
2010-02-13  23:50:00  12 34 20.4  -08 55 41  +000802.8 -000270.5  22 52 20.6  160.042 32.646  46.43  40149 13.0
2010-02-14  00:00:00  12 43 16.0  -09 40 38  +000804.1 -000268.7  22 53 26.6  160.563 31.982  48.71  40200 13.1
2010-02-14  00:10:00  12 52 12.6  -10 25 15  +000805.6 -000266.5  22 54 31.7  161.069 31.319  51.01  40251 13.1
2010-02-14  00:20:00  13 01 10.2  -11 09 27  +000807.3 -000263.9  22 55 35.8  161.560 30.661  53.30  40302 13.1
2010-02-14  00:30:00  13 10 09.0  -11 53 10  +000809.3 -000260.8  22 56 38.5  162.035 30.006  55.60  40354 13.2
2010-02-14  00:40:00  13 19 09.3  -12 36 21  +000811.5 -000257.3  22 57 39.9  162.494 29.357  57.88  40405 13.2
2010-02-14  00:50:00  13 28 11.1  -13 18 56  +000814.0 -000253.4  22 58 39.7  162.937 28.714  60.18  40457 13.3
2010-02-14  01:00:00  13 37 14.6  -14 00 49  +000816.6 -000249.2  22 59 37.9  163.362 28.079  62.46  40508 13.3
2010-02-14  01:10:00  13 46 20.0  -14 41 58  +000819.4 -000244.5  23 00 34.2  163.770 27.454  64.76  40559 13.4
2010-02-14  01:20:00  13 55 27.2  -15 22 17  +000822.4 -000239.4  23 01 28.5  164.160 26.838  67.04  40609 13.4
2010-02-14  01:30:00  14 04 36.6  -16 01 45  +000825.6 -000233.9  23 02 20.9  164.532 26.233  69.33  40659 13.5
2010-02-14  01:40:00  14 13 48.1  -16 40 15  +000828.9 -000228.1  23 03 11.0  164.886 25.641  71.60  40708 13.5
2010-02-14  01:50:00  14 23 01.8  -17 17 45  +000832.4 -000221.9  23 03 58.9  165.222 25.062  73.89  40757 13.6
2010-02-14  02:00:00  14 32 17.9  -17 54 11  +000835.9 -000215.3  23 04 44.5  165.540 24.498  76.16  40804 13.6
2010-02-14  02:10:00  14 41 36.4  -18 29 29  +000839.5 -000208.3  23 05 27.6  165.840 23.950  78.44  40850 13.7
2010-02-14  02:20:00  14 50 57.3  -19 03 36  +000843.2 -000201.0  23 06 08.4  166.123 23.419  80.71  40895 13.7
2010-02-14  02:30:00  15 00 20.7  -19 36 28  +000847.0 -000193.3  23 06 46.6  166.387 22.906  82.99  40939 13.8
2010-02-14  02:40:00  15 09 46.6  -20 08 02  +000850.8 -000185.3  23 07 22.3  166.634 22.411  85.25  40982 13.9
2010-02-14  02:50:00  15 19 15.0  -20 38 13  +000854.5 -000177.0  23 07 55.5  166.864 21.937  87.52  41022 13.9
2010-02-14  03:00:00  15 28 45.9  -21 07 00  +000858.2 -000168.3  23 08 26.3  167.077 21.484  89.78  41061 14.0
2010-02-14  03:10:00  15 38 19.3  -21 34 19  +000861.9 -000159.4  23 08 54.5  167.273 21.053  92.05  41099 14.1
2010-02-14  03:20:00  15 47 55.1  -22 00 07  +000865.5 -000150.1  23 09 20.4  167.453 20.645  94.31  41134 14.1
2010-02-14  03:30:00  15 57 33.3  -22 24 21  +000869.0 -000140.6  23 09 43.9  167.618 20.261  96.57  41167 14.2
2010-02-14  03:40:00  16 07 13.7  -22 46 58  +000872.3 -000130.8  23 10 05.1  167.768 19.902  98.82  41199 14.3
2010-02-14  03:50:00  16 16 56.3  -23 07 57  +000875.5 -000120.8  23 10 24.1  167.903 19.568 101.08  41228 14.4
2010-02-14  04:00:00  16 26 41.0  -23 27 14  +000878.5 -000110.5  23 10 41.1  168.024 19.261 103.33  41254 14.5

   Date        UTC        RA         DECL      RARate   DeclRate    HourAng      Az     Um    Phase  Range  Mag
2010-02-14  16:20:00  04 01 16.2  +10 06 37  +000860.3 +000139.8  23 58 07.4  179.220 53.711  85.65  38735 13.7
2010-02-14  16:30:00  04 10 50.7  +10 29 04  +000863.1 +000129.5  23 58 34.6  179.403 54.086  83.27  38718 13.7
2010-02-14  16:40:00  04 20 27.0  +10 49 46  +000865.8 +000118.8  23 58 59.9  179.577 54.431  80.90  38702 13.6
2010-02-14  16:50:00  04 30 05.0  +11 08 40  +000868.3 +000108.0  23 59 23.6  179.742 54.747  78.52  38688 13.6
2010-02-14  17:00:00  04 39 44.6  +11 25 44  +000870.6 +000096.8  23 59 45.6  179.897 55.032  76.15  38675 13.5
2010-02-14  17:10:00  04 49 25.7  +11 40 56  +000872.6 +000085.5  00 00 06.2  180.044 55.285  73.77  38664 13.4
2010-02-14  17:20:00  04 59 08.1  +11 54 14  +000874.5 +000074.0  00 00 25.4  180.183 55.506  71.41  38655 13.4
2010-02-14  17:30:00  05 08 51.6  +12 05 36  +000876.0 +000062.3  00 00 43.5  180.315 55.696  69.03  38647 13.3
2010-02-14  17:40:00  05 18 36.1  +12 15 01  +000877.4 +000050.5  00 01 00.7  180.440 55.852  66.67  38641 13.3
2010-02-14  17:50:00  05 28 21.3  +12 22 27  +000878.4 +000038.6  00 01 17.1  180.561 55.976  64.30  38636 13.2
2010-02-14  18:00:00  05 38 07.2  +12 27 53  +000879.1 +000026.6  00 01 32.9  180.677 56.066  61.94  38633 13.2
2010-02-14  18:10:00  05 47 53.5  +12 31 19  +000879.6 +000014.6  00 01 48.2  180.790 56.123  59.57  38632 13.2
2010-02-14  18:20:00  05 57 40.0  +12 32 45  +000879.8 +000002.5  00 02 03.4  180.901 56.146  57.22  38632 13.1
2010-02-14  18:30:00  06 07 26.5  +12 32 09  +000879.6 -000009.6  00 02 18.5  181.011 56.135  54.85  38634 13.1
2010-02-14  18:40:00  06 17 12.8  +12 29 33  +000879.2 -000021.7  00 02 33.9  181.122 56.091  52.50  38637 13.0
2010-02-14  18:50:00  06 26 58.7  +12 24 56  +000878.5 -000033.7  00 02 49.6  181.235 56.013  50.14  38642 13.0
2010-02-14  19:00:00  06 36 44.0  +12 18 19  +000877.4 -000045.6  00 03 05.9  181.350 55.902  47.80  38648 13.0
2010-02-14  19:10:00  06 46 28.5  +12 09 44  +000876.1 -000057.5  00 03 23.0  181.470 55.757  45.45  38656 12.9
2010-02-14  19:20:00  06 56 12.1  +11 59 11  +000874.6 -000069.2  00 03 41.1  181.594 55.580  43.12  38665 12.9
2010-02-14  19:30:00  07 05 54.6  +11 46 41  +000872.7 -000080.7  00 04 00.3  181.725 55.370  40.78  38676 12.9
2010-02-14  19:40:00  07 15 35.8  +11 32 17  +000870.7 -000092.1  00 04 20.7  181.862 55.128  38.46  38689 12.9
2010-02-14  19:50:00  07 25 15.5  +11 15 60  +000868.4 -000103.3  00 04 42.7  182.007 54.855  36.14  38703 12.8
2010-02-14  20:00:00  07 34 53.6  +10 57 52  +000865.9 -000114.2  00 05 06.2  182.160 54.551  33.84  38719 12.8
2010-02-14  20:10:00  07 44 30.0  +10 37 57  +000863.2 -000124.9  00 05 31.5  182.322 54.216  31.53  38737 12.8
2010-02-14  20:20:00  07 54 04.5  +10 16 15  +000860.4 -000135.3  00 05 58.6  182.493 53.851  29.26  38756 12.8
2010-02-14  20:30:00  08 03 37.1  +09 52 51  +000857.4 -000145.5  00 06 27.6  182.673 53.457  27.00  38776 12.7
2010-02-14  20:40:00  08 13 07.7  +09 27 47  +000854.3 -000155.3  00 06 58.7  182.862 53.036  24.77  38799 12.7
2010-02-14  20:50:00  08 22 36.2  +09 01 05  +000851.1 -000164.9  00 07 31.8  183.061 52.586  22.55  38823 12.7
2010-02-14  21:00:00  08 32 02.5  +08 32 51  +000847.9 -000174.0  00 08 07.1  183.269 52.110  20.40  38848 12.7
2010-02-14  21:10:00  08 41 26.7  +08 03 06  +000844.6 -000182.9  00 08 44.6  183.486 51.608  18.28  38876 12.7
2010-02-14  21:20:00  08 50 48.6  +07 31 54  +000841.2 -000191.4  00 09 24.3  183.712 51.082  16.26  38905 12.7
2010-02-14  21:30:00  09 00 08.3  +06 59 20  +000837.9 -000199.5  00 10 06.3  183.946 50.531  14.33  38935 12.7
2010-02-14  21:40:00  09 09 25.8  +06 25 26  +000834.6 -000207.2  00 10 50.4  184.188 49.958  12.57  38968 12.7
2010-02-14  21:50:00  09 18 41.1  +05 50 17  +000831.3 -000214.5  00 11 36.7  184.437 49.363  11.04  39002 12.7
2010-02-14  22:00:00  09 27 54.3  +05 13 57     <<SHADOW>>        00 12 25.2  184.692 48.747   9.85  39037 ----
2010-02-14  22:10:00  09 37 05.4  +04 36 30     <<SHADOW>>        00 13 15.8  184.953 48.112   9.14  39075 ----
2010-02-14  22:20:00  09 46 14.4  +03 57 60     <<SHADOW>>        00 14 08.4  185.220 47.458   9.02  39114 ----
2010-02-14  22:30:00  09 55 21.5  +03 18 31     <<SHADOW>>        00 15 02.9  185.490 46.787   9.51  39154 ----
2010-02-14  22:40:00  10 04 26.7  +02 38 07     <<SHADOW>>        00 15 59.3  185.764 46.099  10.52  39196 ----
2010-02-14  22:50:00  10 13 30.2  +01 56 53     <<SHADOW>>        00 16 57.5  186.040 45.396  11.93  39240 ----
2010-02-14  23:00:00  10 22 32.0  +01 14 52  +000811.6 -000254.2  00 17 57.3  186.318 44.680  13.60  39285 12.7
2010-02-14  23:10:00  10 31 32.3  +00 32 10  +000809.4 -000258.1  00 18 58.7  186.597 43.950  15.46  39331 12.7
2010-02-14  23:20:00  10 40 31.2  -00 11 09  +000807.4 -000261.7  00 20 01.4  186.876 43.210  17.42  39379 12.7
2010-02-14  23:30:00  10 49 28.9  -00 55 02  +000805.6 -000264.8  00 21 05.4  187.154 42.458  19.49  39429 12.7
2010-02-14  23:40:00  10 58 25.5  -01 39 23  +000804.1 -000267.4  00 22 10.5  187.431 41.698  21.60  39479 12.7
2010-02-14  23:50:00  11 07 21.0  -02 24 09  +000802.8 -000269.6  00 23 16.5  187.705 40.930  23.77  39531 12.8
2010-02-15  00:00:00  11 16 15.8  -03 09 14  +000801.7 -000271.4  00 24 23.4  187.976 40.156  25.96  39584 12.8
2010-02-15  00:10:00  11 25 10.0  -03 54 35  +000800.8 -000272.7  00 25 30.8  188.244 39.376  28.18  39638 12.8
2010-02-15  00:20:00  11 34 03.7  -04 40 07  +000800.3 -000273.6  00 26 38.8  188.507 38.593  30.41  39693 12.8
2010-02-15  00:30:00  11 42 57.1  -05 25 47  +000800.0 -000274.1  00 27 47.1  188.765 37.807  32.66  39749 12.8
2010-02-15  00:40:00  11 51 50.3  -06 11 29  +000799.9 -000274.2  00 28 55.4  189.017 37.019  34.91  39806 12.9
2010-02-15  00:50:00  12 00 43.7  -06 57 09  +000800.1 -000273.8  00 30 03.8  189.263 36.231  37.18  39864 12.9
2010-02-15  01:00:00  12 09 37.2  -07 42 43  +000800.6 -000273.0  00 31 11.9  189.501 35.445  39.45  39922 12.9
2010-02-15  01:10:00  12 18 31.1  -08 28 07  +000801.3 -000271.8  00 32 19.6  189.733 34.661  41.73  39981 13.0
2010-02-15  01:20:00  12 27 25.6  -09 13 17  +000802.3 -000270.1  00 33 26.7  189.956 33.880  44.00  40040 13.0
2010-02-15  01:30:00  12 36 20.8  -09 58 08  +000803.5 -000268.0  00 34 33.1  190.171 33.105  46.28  40099 13.0
2010-02-15  01:40:00  12 45 17.0  -10 42 36  +000805.0 -000265.6  00 35 38.6  190.378 32.336  48.56  40159 13.1
2010-02-15  01:50:00  12 54 14.2  -11 26 38  +000806.7 -000262.7  00 36 43.1  190.575 31.575  50.84  40218 13.1
2010-02-15  02:00:00  13 03 12.6  -12 10 08  +000808.7 -000259.4  00 37 46.3  190.763 30.822  53.12  40278 13.1
2010-02-15  02:10:00  13 12 12.5  -12 53 04  +000810.9 -000255.7  00 38 48.1  190.942 30.080  55.40  40337 13.2
2010-02-15  02:20:00  13 21 13.8  -13 35 21  +000813.3 -000251.6  00 39 48.4  191.111 29.348  57.68  40396 13.2
2010-02-15  02:30:00  13 30 16.9  -14 16 54  +000815.9 -000247.1  00 40 47.0  191.270 28.630  59.96  40455 13.3
2010-02-15  02:40:00  13 39 21.7  -14 57 41  +000818.7 -000242.2  00 41 43.8  191.419 27.925  62.23  40512 13.3
2010-02-15  02:50:00  13 48 28.5  -15 37 37  +000821.7 -000236.9  00 42 38.6  191.559 27.234  64.51  40569 13.4
2010-02-15  03:00:00  13 57 37.4  -16 16 39  +000824.9 -000231.3  00 43 31.4  191.688 26.560  66.78  40626 13.4
2010-02-15  03:10:00  14 06 48.4  -16 54 42  +000828.2 -000225.3  00 44 22.0  191.807 25.903  69.06  40681 13.5
2010-02-15  03:20:00  14 16 01.6  -17 31 43  +000831.6 -000218.9  00 45 10.4  191.917 25.265  71.32  40735 13.5
2010-02-15  03:30:00  14 25 17.2  -18 07 39  +000835.2 -000212.1  00 45 56.5  192.017 24.645  73.60  40787 13.6
2010-02-15  03:40:00  14 34 35.2  -18 42 25  +000838.8 -000205.0  00 46 40.2  192.108 24.046  75.86  40838 13.6
2010-02-15  03:50:00  14 43 55.6  -19 15 58  +000842.5 -000197.6  00 47 21.4  192.189 23.468  78.13  40888 13.7
2010-02-15  04:00:00  14 53 18.5  -19 48 16  +000846.2 -000189.8  00 48 00.1  192.262 22.913  80.38  40936 13.7

   Date        UTC        RA         DECL      RARate   DeclRate    HourAng      Az     Um    Phase  Range  Mag
2010-02-15  16:20:00  02 29 50.5  +05 44 27  +000831.8 +000213.5  01 33 29.7  213.677 44.613 109.66  39279 14.6
2010-02-15  16:30:00  02 39 06.1  +06 19 26  +000835.0 +000206.2  01 34 15.7  214.244 45.077 107.28  39253 14.5
2010-02-15  16:40:00  02 48 23.8  +06 53 09  +000838.2 +000198.4  01 34 59.7  214.796 45.522 104.92  39227 14.4
2010-02-15  16:50:00  02 57 43.7  +07 25 33  +000841.4 +000190.4  01 35 41.5  215.332 45.948 102.55  39203 14.3
2010-02-15  17:00:00  03 07 05.7  +07 56 35  +000844.7 +000181.9  01 36 21.1  215.850 46.355 100.18  39180 14.2
2010-02-15  17:10:00  03 16 29.9  +08 26 10  +000847.9 +000173.1  01 36 58.6  216.349 46.741  97.81  39159 14.1
2010-02-15  17:20:00  03 25 56.2  +08 54 16  +000851.1 +000164.0  01 37 33.9  216.828 47.106  95.44  39139 14.1
2010-02-15  17:30:00  03 35 24.6  +09 20 48  +000854.2 +000154.5  01 38 07.1  217.285 47.450  93.07  39121 14.0
2010-02-15  17:40:00  03 44 55.1  +09 45 44  +000857.3 +000144.7  01 38 38.2  217.719 47.772  90.70  39104 13.9
2010-02-15  17:50:00  03 54 27.7  +10 09 01  +000860.2 +000134.6  01 39 07.3  218.129 48.070  88.33  39088 13.8
2010-02-15  18:00:00  04 04 02.1  +10 30 36  +000863.1 +000124.3  01 39 34.5  218.515 48.346  85.96  39074 13.8
2010-02-15  18:10:00  04 13 38.4  +10 50 25  +000865.7 +000113.6  01 39 59.9  218.874 48.597  83.58  39062 13.7
2010-02-15  18:20:00  04 23 16.4  +11 08 28  +000868.2 +000102.8  01 40 23.5  219.207 48.824  81.22  39051 13.6
2010-02-15  18:30:00  04 32 56.0  +11 24 41  +000870.5 +000091.7  01 40 45.6  219.513 49.026  78.84  39041 13.6
2010-02-15  18:40:00  04 42 37.1  +11 39 02  +000872.6 +000080.4  01 41 06.1  219.792 49.202  76.48  39033 13.5
2010-02-15  18:50:00  04 52 19.4  +11 51 29  +000874.5 +000069.0  01 41 25.4  220.043 49.351  74.11  39026 13.5
2010-02-15  19:00:00  05 02 03.0  +12 02 01  +000876.1 +000057.4  01 41 43.5  220.267 49.474  71.75  39021 13.4
2010-02-15  19:10:00  05 11 47.5  +12 10 37  +000877.5 +000045.7  01 42 00.6  220.463 49.570  69.37  39017 13.4
2010-02-15  19:20:00  05 21 32.9  +12 17 14  +000878.5 +000033.9  01 42 16.9  220.632 49.637  67.01  39015 13.3
2010-02-15  19:30:00  05 31 18.8  +12 21 53  +000879.3 +000022.0  01 42 32.6  220.775 49.677  64.64  39014 13.3
2010-02-15  19:40:00  05 41 05.2  +12 24 33  +000879.8 +000010.0  01 42 47.8  220.892 49.688  62.29  39015 13.2
2010-02-15  19:50:00  05 50 51.9  +12 25 14  +000880.0 -000002.0  01 43 02.8  220.983 49.669  59.92  39018 13.2
2010-02-15  20:00:00  06 00 38.6  +12 23 54  +000880.0 -000013.9  01 43 17.8  221.051 49.622  57.57  39022 13.1
2010-02-15  20:10:00  06 10 25.1  +12 20 35  +000879.6 -000025.9  01 43 32.9  221.095 49.544  55.20  39027 13.1
2010-02-15  20:20:00  06 20 11.3  +12 15 17  +000878.9 -000037.7  01 43 48.3  221.118 49.437  52.86  39035 13.1
2010-02-15  20:30:00  06 29 56.9  +12 08 01  +000877.9 -000049.5  01 44 04.3  221.120 49.299  50.50  39044 13.0
2010-02-15  20:40:00  06 39 41.8  +11 58 47  +000876.7 -000061.2  01 44 21.1  221.104 49.131  48.16  39055 13.0
2010-02-15  20:50:00  06 49 25.8  +11 47 37  +000875.2 -000072.7  01 44 38.7  221.069 48.933  45.81  39067 13.0
2010-02-15  21:00:00  06 59 08.7  +11 34 33  +000873.4 -000084.1  01 44 57.5  221.019 48.704  43.48  39081 12.9
2010-02-15  21:10:00  07 08 50.3  +11 19 36  +000871.4 -000095.3  01 45 17.5  220.955 48.445  41.15  39097 12.9
2010-02-15  21:20:00  07 18 30.6  +11 02 47  +000869.2 -000106.3  01 45 38.9  220.878 48.157  38.83  39115 12.9
2010-02-15  21:30:00  07 28 09.3  +10 44 10  +000866.8 -000117.0  01 46 01.9  220.790 47.838  36.51  39135 12.9
2010-02-15  21:40:00  07 37 46.3  +10 23 47  +000864.2 -000127.5  01 46 26.5  220.692 47.489  34.22  39156 12.8
2010-02-15  21:50:00  07 47 21.4  +10 01 41  +000861.4 -000137.8  01 46 53.0  220.586 47.112  31.93  39180 12.8
2010-02-15  22:00:00  07 56 54.7  +09 37 53  +000858.5 -000147.7  01 47 21.3  220.474 46.706  29.66  39205 12.8
2010-02-15  22:10:00  08 06 26.0  +09 12 28  +000855.4 -000157.3  01 47 51.6  220.357 46.272  27.41  39232 12.8
2010-02-15  22:20:00  08 15 55.3  +08 45 28  +000852.3 -000166.6  01 48 24.0  220.235 45.810  25.19  39261 12.8
2010-02-15  22:30:00  08 25 22.4  +08 16 57  +000849.1 -000175.6  01 48 58.5  220.111 45.322  23.00  39292 12.7
2010-02-15  22:40:00  08 34 47.4  +07 46 58  +000845.8 -000184.1  01 49 35.2  219.986 44.807  20.86  39325 12.7
2010-02-15  22:50:00  08 44 10.2  +07 15 35  +000842.6 -000192.4  01 50 14.0  219.859 44.268  18.77  39360 12.7
2010-02-15  23:00:00  08 53 30.9  +06 42 52  +000839.3 -000200.2  01 50 55.1  219.734 43.704  16.77  39397 12.7
2010-02-15  23:10:00  09 02 49.3  +06 08 53  +000836.0 -000207.7  01 51 38.3  219.609 43.117  14.88  39436 12.7
2010-02-15  23:20:00  09 12 05.6  +05 33 40  +000832.8 -000214.7  01 52 23.6  219.486 42.507  13.16  39476 12.7
2010-02-15  23:30:00  09 21 19.7  +04 57 20     <<SHADOW>>        01 53 11.1  219.365 41.876  11.67  39519 ----
2010-02-15  23:40:00  09 30 31.8  +04 19 54     <<SHADOW>>        01 54 00.7  219.247 41.226  10.51  39563 ----
2010-02-15  23:50:00  09 39 41.9  +03 41 29     <<SHADOW>>        01 54 52.2  219.132 40.556   9.81  39609 ----
2010-02-16  00:00:00  09 48 50.0  +03 02 07     <<SHADOW>>        01 55 45.7  219.020 39.869   9.65  39657 ----
2010-02-16  00:10:00  09 57 56.3  +02 21 54     <<SHADOW>>        01 56 41.1  218.912 39.165  10.08  39707 ----
2010-02-16  00:20:00  10 07 00.9  +01 40 53     <<SHADOW>>        01 57 38.1  218.807 38.446  11.00  39758 ----
2010-02-16  00:30:00  10 16 03.8  +00 59 09  +000813.2 -000252.4  01 58 36.9  218.705 37.713  12.32  39811 12.7
2010-02-16  00:40:00  10 25 05.2  +00 16 46  +000811.0 -000256.1  01 59 37.1  218.608 36.967  13.92  39865 12.7
2010-02-16  00:50:00  10 34 05.3  -00 26 11  +000809.1 -000259.3  02 00 38.7  218.513 36.210  15.71  39921 12.7
2010-02-16  01:00:00  10 43 04.0  -01 09 39  +000807.3 -000262.1  02 01 41.6  218.421 35.443  17.63  39978 12.7
2010-02-16  01:10:00  10 52 01.7  -01 53 33  +000805.7 -000264.5  02 02 45.6  218.333 34.668  19.65  40037 12.8
2010-02-16  01:20:00  11 00 58.4  -02 37 48  +000804.4 -000266.4  02 03 50.5  218.247 33.886  21.73  40097 12.8
2010-02-16  01:30:00  11 09 54.3  -03 22 20  +000803.3 -000267.9  02 04 56.3  218.163 33.098  23.87  40158 12.8
2010-02-16  01:40:00  11 18 49.6  -04 07 05  +000802.5 -000269.0  02 06 02.6  218.082 32.306  26.03  40220 12.8
2010-02-16  01:50:00  11 27 44.3  -04 51 59  +000801.9 -000269.7  02 07 09.5  218.002 31.510  28.23  40283 12.8
2010-02-16  02:00:00  11 36 38.8  -05 36 58  +000801.6 -000269.9  02 08 16.7  217.923 30.713  30.44  40346 12.9
2010-02-16  02:10:00  11 45 33.1  -06 21 56  +000801.5 -000269.7  02 09 24.0  217.846 29.916  32.67  40411 12.9
2010-02-16  02:20:00  11 54 27.5  -07 06 51  +000801.7 -000269.1  02 10 31.3  217.769 29.121  34.91  40475 12.9
2010-02-16  02:30:00  12 03 22.1  -07 51 37  +000802.1 -000268.1  02 11 38.3  217.693 28.327  37.16  40541 12.9
2010-02-16  02:40:00  12 12 17.0  -08 36 11  +000802.8 -000266.7  02 12 45.0  217.617 27.538  39.41  40606 13.0
2010-02-16  02:50:00  12 21 12.5  -09 20 29  +000803.7 -000264.8  02 13 51.2  217.540 26.754  41.68  40672 13.0
2010-02-16  03:00:00  12 30 08.7  -10 04 26  +000804.9 -000262.6  02 14 56.6  217.463 25.977  43.93  40738 13.0
2010-02-16  03:10:00  12 39 05.8  -10 47 59  +000806.4 -000259.9  02 16 01.2  217.386 25.208  46.21  40803 13.1
2010-02-16  03:20:00  12 48 03.9  -11 31 04  +000808.1 -000256.9  02 17 04.7  217.307 24.448  48.47  40868 13.1
2010-02-16  03:30:00  12 57 03.2  -12 13 36  +000810.0 -000253.4  02 18 07.0  217.228 23.698  50.74  40933 13.1
2010-02-16  03:40:00  13 06 03.9  -12 55 31  +000812.1 -000249.6  02 19 08.0  217.147 22.960  53.00  40998 13.2
2010-02-16  03:50:00  13 15 06.1  -13 36 47  +000814.5 -000245.4  02 20 07.4  217.064 22.236  55.28  41061 13.2
2010-02-16  04:00:00  13 24 09.9  -14 17 19  +000817.1 -000240.8  02 21 05.2  216.981 21.525  57.54  41124 13.3
