ЭФЕМЕРИДЫ ПО ОБЪЕКТУ:  95073
Для пункта:  10016 Маяки   46 23'50.68"   30 16'17.74"    14m
C   2010-02-01 12:00
по  2010-02-16 12:00
Шаг  0:10:00
Мин.угол места:          10 град
Макс.угол места Солнца: -10 град
Стандартный блеск :      7.0 (зв.вел.)

ОБОЗНАЧЕНИЯ
RA        прямое восхождение, тек.эпоха
DECL      склонение, тек.эпоха
RARate    скорость по пр.восх., арксек/мин
DeclRate  скорость по склонению, арксек/мин
HourAng   часовой угол
Az        азимут
Um        угол места
Phase     фазовый угол
Range     дальность
Mag       зв.величина (оценка)

   Date        UTC        RA         DECL      RARate   DeclRate    HourAng      Az     Um    Phase  Range  Mag
2010-02-01  16:00:00  23 21 44.4  +10 43 47  +000766.7 +000138.7  03 26 20.7  247.832 33.768 135.45  41991 17.2
2010-02-01  16:10:00  23 30 16.7  +11 06 11  +000770.1 +000130.1  03 27 50.1  248.458 33.813 133.55  41972 17.1
2010-02-01  16:20:00  23 38 51.2  +11 27 08  +000773.6 +000121.3  03 29 17.2  249.057 33.843 131.66  41948 16.9
2010-02-01  16:30:00  23 47 28.1  +11 46 36  +000777.2 +000112.3  03 30 42.0  249.628 33.859 129.75  41920 16.8
2010-02-01  16:40:00  23 56 07.4  +12 04 33  +000780.8 +000103.1  03 32 04.3  250.169 33.861 127.83  41886 16.7
2010-02-01  16:50:00  00 04 49.2  +12 20 56  +000784.6 +000093.7  03 33 24.1  250.681 33.849 125.89  41848 16.6
2010-02-01  17:00:00  00 13 33.6  +12 35 45  +000788.5 +000084.1  03 34 41.4  251.161 33.823 123.95  41806 16.5
2010-02-01  17:10:00  00 22 20.5  +12 48 57  +000792.3 +000074.3  03 35 56.1  251.610 33.783 121.99  41758 16.4
2010-02-01  17:20:00  00 31 10.0  +13 00 30  +000796.3 +000064.3  03 37 08.2  252.026 33.729 120.03  41706 16.3
2010-02-01  17:30:00  00 40 02.2  +13 10 23  +000800.2 +000054.2  03 38 17.7  252.410 33.660 118.05  41650 16.2
2010-02-01  17:40:00  00 48 57.0  +13 18 34  +000804.2 +000043.9  03 39 24.6  252.760 33.577 116.07  41589 16.1
2010-02-01  17:50:00  00 57 54.4  +13 25 00  +000808.1 +000033.4  03 40 28.8  253.077 33.480 114.07  41524 16.0
2010-02-01  18:00:00  01 06 54.4  +13 29 41  +000812.0 +000022.8  03 41 30.4  253.361 33.368 112.08  41455 15.9
2010-02-01  18:10:00  01 15 57.0  +13 32 35  +000815.9 +000012.0  03 42 29.4  253.610 33.240 110.06  41382 15.8
2010-02-01  18:20:00  01 25 02.2  +13 33 40  +000819.7 +000001.0  03 43 25.9  253.824 33.098 108.04  41305 15.7
2010-02-01  18:30:00  01 34 10.0  +13 32 55  +000823.5 -000010.1  03 44 19.8  254.005 32.940 106.00  41224 15.6
2010-02-01  18:40:00  01 43 20.2  +13 30 18  +000827.2 -000021.3  03 45 11.2  254.150 32.766 103.96  41139 15.5
2010-02-01  18:50:00  01 52 33.0  +13 25 49  +000830.9 -000032.6  03 46 00.1  254.262 32.576 101.90  41051 15.5
2010-02-01  19:00:00  02 01 48.1  +13 19 26  +000834.5 -000044.0  03 46 46.6  254.339 32.370  99.85  40960 15.4
2010-02-01  19:10:00  02 11 05.6  +13 11 08  +000838.0 -000055.5  03 47 30.8  254.383 32.146  97.77  40865 15.3
2010-02-01  19:20:00  02 20 25.3  +13 00 55  +000841.4 -000067.1  03 48 12.7  254.392 31.906  95.69  40767 15.2
2010-02-01  19:30:00  02 29 47.3  +12 48 45  +000844.7 -000078.8  03 48 52.3  254.368 31.648  93.59  40667 15.2
2010-02-01  19:40:00  02 39 11.5  +12 34 38  +000847.9 -000090.5  03 49 29.8  254.311 31.372  91.50  40564 15.1
2010-02-01  19:50:00  02 48 37.8  +12 18 35  +000851.0 -000102.3  03 50 05.1  254.222 31.078  89.38  40459 15.0
2010-02-01  20:00:00  02 58 06.2  +12 00 33  +000854.1 -000114.0  03 50 38.4  254.100 30.765  87.27  40352 14.9
2010-02-01  20:10:00  03 07 36.5  +11 40 35  +000857.0 -000125.7  03 51 09.7  253.947 30.434  85.14  40243 14.9
2010-02-01  20:20:00  03 17 08.9  +11 18 39  +000859.9 -000137.5  03 51 39.0  253.763 30.084  83.01  40132 14.8
2010-02-01  20:30:00  03 26 43.1  +10 54 46  +000862.8 -000149.1  03 52 06.4  253.549 29.714  80.86  40020 14.8
2010-02-01  20:40:00  03 36 19.2  +10 28 57  +000865.5 -000160.7  03 52 31.9  253.305 29.325  78.71  39907 14.7
2010-02-01  20:50:00  03 45 57.1  +10 01 12  +000868.2 -000172.2  03 52 55.7  253.033 28.917  76.55  39793 14.6
2010-02-01  21:00:00  03 55 36.8  +09 31 33  +000870.9 -000183.6  03 53 17.6  252.732 28.490  74.39  39678 14.6
2010-02-01  21:10:00  04 05 18.3  +09 00 00  +000873.6 -000194.8  03 53 37.7  252.404 28.043  72.22  39563 14.5
2010-02-01  21:20:00  04 15 01.6  +08 26 37  +000876.3 -000205.9  03 53 56.1  252.050 27.576  70.06  39448 14.5
2010-02-01  21:30:00  04 24 46.7  +07 51 23  +000879.0 -000216.8  03 54 12.6  251.670 27.091  67.88  39334 14.4
2010-02-01  21:40:00  04 34 33.6  +07 14 22  +000881.7 -000227.4  03 54 27.4  251.266 26.587  65.72  39219 14.4
2010-02-01  21:50:00  04 44 22.3  +06 35 35  +000884.4 -000237.9  03 54 40.4  250.837 26.065  63.54  39106 14.3
2010-02-01  22:00:00  04 54 12.8  +05 55 05  +000887.3 -000248.0  03 54 51.4  250.385 25.524  61.39  38993 14.3
2010-02-01  22:10:00  05 04 05.3  +05 12 56  +000890.2 -000257.8  03 55 00.6  249.910 24.967  59.23  38882 14.2
2010-02-01  22:20:00  05 13 59.8  +04 29 11  +000893.2 -000267.3  03 55 07.8  249.414 24.393  57.09  38772 14.2
2010-02-01  22:30:00  05 23 56.3  +03 43 52  +000896.4 -000276.4  03 55 12.9  248.898 23.803  54.96  38664 14.1
2010-02-01  22:40:00  05 33 55.0  +02 57 04  +000899.7 -000285.1  03 55 15.8  248.361 23.198  52.86  38559 14.1
2010-02-01  22:50:00  05 43 56.0  +02 08 52  +000903.2 -000293.4  03 55 16.5  247.805 22.579  50.77  38455 14.1
2010-02-01  23:00:00  05 53 59.3  +01 19 19  +000906.9 -000301.2  03 55 14.8  247.230 21.947  48.73  38354 14.0
2010-02-01  23:10:00  06 04 05.2  +00 28 30  +000910.8 -000308.5  03 55 10.5  246.637 21.304  46.72  38256 14.0
2010-02-01  23:20:00  06 14 13.8  -00 23 29  +000915.0 -000315.2  03 55 03.6  246.027 20.650  44.76  38162 14.0
2010-02-01  23:30:00  06 24 25.2  -01 16 33  +000919.4 -000321.4  03 54 53.8  245.400 19.988  42.86  38070 13.9
2010-02-01  23:40:00  06 34 39.7  -02 10 36  +000924.1 -000327.0  03 54 41.0  244.757 19.319  41.03  37982 13.9
2010-02-01  23:50:00  06 44 57.4  -03 05 31  +000929.0 -000332.0  03 54 25.0  244.099 18.644  39.28  37898 13.9
2010-02-02  00:00:00  06 55 18.5  -04 01 14  +000934.3 -000336.3  03 54 05.5  243.426 17.966  37.63  37817 13.9
2010-02-02  00:10:00  07 05 43.2  -04 57 36  +000939.9 -000339.9  03 53 42.4  242.739 17.285  36.10  37741 13.8
2010-02-02  00:20:00  07 16 11.7  -05 54 30  +000945.8 -000342.8  03 53 15.5  242.038 16.605  34.70  37669 13.8
2010-02-02  00:30:00  07 26 44.3  -06 51 49  +000952.0 -000344.9  03 52 44.6  241.325 15.927  33.46  37601 13.8
2010-02-02  00:40:00  07 37 21.2  -07 49 26  +000958.6 -000346.2  03 52 09.4  240.599 15.253  32.40  37538 13.8
2010-02-02  00:50:00  07 48 02.6  -08 47 12  +000965.5 -000346.8  03 51 29.6  239.861 14.586  31.54  37479 13.8
2010-02-02  01:00:00  07 58 48.6  -09 44 58  +000972.8 -000346.4  03 50 45.2  239.112 13.927  30.90  37426 13.8
2010-02-02  01:10:00  08 09 39.7  -10 42 37  +000980.4 -000345.2  03 49 55.8  238.353 13.279  30.50  37376 13.8
2010-02-02  01:20:00  08 20 35.9  -11 39 59  +000988.3 -000343.1  03 49 01.3  237.585 12.644  30.35  37332 13.8
2010-02-02  01:30:00  08 31 37.4  -12 36 55  +000996.4 -000340.0  03 48 01.4  236.808 12.025  30.45  37293 13.8
2010-02-02  01:40:00  08 42 44.5  -13 33 16  +001004.9 -000336.0  03 46 55.9  236.023 11.423  30.82  37259 13.8
2010-02-02  01:50:00  08 53 57.3  -14 28 53  +001013.5 -000331.1  03 45 44.8  235.231 10.841  31.43  37230 13.8
2010-02-02  02:00:00  09 05 15.9  -15 23 35  +001022.4 -000325.2  03 44 27.8  234.434 10.281  32.28  37205 13.8

   Date        UTC        RA         DECL      RARate   DeclRate    HourAng      Az     Um    Phase  Range  Mag
2010-02-02  16:10:00  23 33 41.4  +11 14 45  +000771.4 +000126.5  03 28 21.9  248.689 33.836 133.76  41963 17.1
2010-02-02  16:20:00  23 42 16.9  +11 35 06  +000775.0 +000117.6  03 29 48.1  249.277 33.860 131.87  41938 17.0
2010-02-02  16:30:00  23 50 54.7  +11 53 57  +000778.6 +000108.5  03 31 11.9  249.836 33.870 129.96  41907 16.8
2010-02-02  16:40:00  23 59 35.0  +12 11 16  +000782.3 +000099.2  03 32 33.3  250.365 33.867 128.04  41872 16.7
2010-02-02  16:50:00  00 08 17.8  +12 27 01  +000786.1 +000089.8  03 33 52.1  250.864 33.849 126.10  41832 16.6
2010-02-02  17:00:00  00 17 03.2  +12 41 11  +000790.0 +000080.1  03 35 08.4  251.332 33.817 124.16  41788 16.5
2010-02-02  17:10:00  00 25 51.1  +12 53 43  +000793.9 +000070.3  03 36 22.1  251.768 33.771 122.20  41739 16.4
2010-02-02  17:20:00  00 34 41.7  +13 04 35  +000797.8 +000060.2  03 37 33.2  252.171 33.711 120.24  41685 16.3
2010-02-02  17:30:00  00 43 34.8  +13 13 47  +000801.7 +000050.0  03 38 41.6  252.542 33.636 118.26  41627 16.2
2010-02-02  17:40:00  00 52 30.6  +13 21 15  +000805.7 +000039.6  03 39 47.5  252.879 33.547 116.28  41565 16.1
2010-02-02  17:50:00  01 01 29.1  +13 26 59  +000809.6 +000029.1  03 40 50.7  253.182 33.444 114.28  41498 16.0
2010-02-02  18:00:00  01 10 30.1  +13 30 56  +000813.5 +000018.4  03 41 51.3  253.452 33.325 112.28  41427 15.9
2010-02-02  18:10:00  01 19 33.7  +13 33 06  +000817.4 +000007.5  03 42 49.3  253.687 33.192 110.26  41352 15.8
2010-02-02  18:20:00  01 28 39.9  +13 33 26  +000821.2 -000003.5  03 43 44.8  253.888 33.043 108.24  41274 15.7
2010-02-02  18:30:00  01 37 48.6  +13 31 56  +000824.9 -000014.6  03 44 37.7  254.055 32.879 106.20  41191 15.6
2010-02-02  18:40:00  01 46 59.8  +13 28 34  +000828.6 -000025.8  03 45 28.2  254.187 32.698 104.16  41105 15.5
2010-02-02  18:50:00  01 56 13.4  +13 23 19  +000832.2 -000037.2  03 46 16.2  254.285 32.501 102.10  41016 15.5
2010-02-02  19:00:00  02 05 29.4  +13 16 10  +000835.8 -000048.7  03 47 01.8  254.349 32.288 100.04  40924 15.4
2010-02-02  19:10:00  02 14 47.8  +13 07 05  +000839.2 -000060.2  03 47 45.1  254.378 32.057  97.95  40828 15.3
2010-02-02  19:20:00  02 24 08.4  +12 56 05  +000842.6 -000071.8  03 48 26.1  254.375 31.810  95.88  40729 15.2
2010-02-02  19:30:00  02 33 31.2  +12 43 08  +000845.9 -000083.5  03 49 05.0  254.338 31.544  93.77  40628 15.2
2010-02-02  19:40:00  02 42 56.2  +12 28 14  +000849.1 -000095.2  03 49 41.6  254.268 31.261  91.68  40524 15.1
2010-02-02  19:50:00  02 52 23.3  +12 11 23  +000852.2 -000107.0  03 50 16.2  254.166 30.959  89.55  40419 15.0
2010-02-02  20:00:00  03 01 52.4  +11 52 35  +000855.2 -000118.7  03 50 48.8  254.032 30.639  87.44  40311 15.0
2010-02-02  20:10:00  03 11 23.4  +11 31 49  +000858.1 -000130.5  03 51 19.3  253.866 30.300  85.30  40201 14.9
2010-02-02  20:20:00  03 20 56.5  +11 09 06  +000861.0 -000142.1  03 51 47.9  253.671 29.942  83.16  40090 14.8
2010-02-02  20:30:00  03 30 31.4  +10 44 26  +000863.8 -000153.8  03 52 14.7  253.445 29.564  81.01  39977 14.8
2010-02-02  20:40:00  03 40 08.1  +10 17 51  +000866.5 -000165.3  03 52 39.6  253.190 29.167  78.86  39864 14.7
2010-02-02  20:50:00  03 49 46.7  +09 49 20  +000869.2 -000176.8  03 53 02.7  252.906 28.751  76.69  39750 14.6
2010-02-02  21:00:00  03 59 27.0  +09 18 56  +000871.9 -000188.1  03 53 23.9  252.595 28.316  74.53  39635 14.6
2010-02-02  21:10:00  04 09 09.2  +08 46 39  +000874.5 -000199.3  03 53 43.5  252.257 27.861  72.35  39520 14.5
2010-02-02  21:20:00  04 18 53.1  +08 12 31  +000877.2 -000210.3  03 54 01.2  251.892 27.387  70.18  39405 14.5
2010-02-02  21:30:00  04 28 38.8  +07 36 34  +000879.9 -000221.1  03 54 17.1  251.503 26.894  68.00  39290 14.4
2010-02-02  21:40:00  04 38 26.3  +06 58 50  +000882.6 -000231.6  03 54 31.3  251.089 26.382  65.83  39176 14.4
2010-02-02  21:50:00  04 48 15.6  +06 19 23  +000885.4 -000241.9  03 54 43.6  250.651 25.852  63.65  39063 14.3
2010-02-02  22:00:00  04 58 06.9  +05 38 14  +000888.3 -000251.9  03 54 54.0  250.191 25.305  61.49  38951 14.3
2010-02-02  22:10:00  05 08 00.0  +04 55 26  +000891.3 -000261.6  03 55 02.4  249.708 24.740  59.33  38841 14.2
2010-02-02  22:20:00  05 17 55.2  +04 11 03  +000894.3 -000270.9  03 55 08.9  249.204 24.159  57.19  38732 14.2
2010-02-02  22:30:00  05 27 52.5  +03 25 09  +000897.6 -000279.9  03 55 13.2  248.679 23.563  55.05  38625 14.1
2010-02-02  22:40:00  05 37 52.0  +02 37 47  +000901.0 -000288.4  03 55 15.4  248.135 22.952  52.94  38520 14.1
2010-02-02  22:50:00  05 47 53.8  +01 49 03  +000904.5 -000296.5  03 55 15.2  247.572 22.328  50.85  38417 14.1
2010-02-02  23:00:00  05 57 58.1  +00 58 60  +000908.3 -000304.1  03 55 12.6  246.990 21.691  48.81  38318 14.0
2010-02-02  23:10:00  06 08 05.0  +00 07 43  +000912.3 -000311.2  03 55 07.4  246.391 21.044  46.79  38221 14.0
2010-02-02  23:20:00  06 18 14.6  -00 44 42  +000916.6 -000317.7  03 54 59.4  245.775 20.387  44.83  38128 14.0
2010-02-02  23:30:00  06 28 27.1  -01 38 09  +000921.1 -000323.7  03 54 48.5  245.142 19.721  42.92  38037 13.9
2010-02-02  23:40:00  06 38 42.7  -02 32 33  +000925.9 -000329.0  03 54 34.5  244.493 19.050  41.09  37951 13.9
2010-02-02  23:50:00  06 49 01.7  -03 27 47  +000931.0 -000333.7  03 54 17.2  243.830 18.373  39.34  37868 13.9
2010-02-03  00:00:00  06 59 24.1  -04 23 46  +000936.4 -000337.8  03 53 56.5  243.151 17.694  37.69  37789 13.9
2010-02-03  00:10:00  07 09 50.2  -05 20 20  +000942.1 -000341.1  03 53 32.0  242.459 17.013  36.15  37714 13.8
2010-02-03  00:20:00  07 20 20.3  -06 17 25  +000948.1 -000343.7  03 53 03.6  241.754 16.334  34.76  37644 13.8
2010-02-03  00:30:00  07 30 54.4  -07 14 51  +000954.5 -000345.5  03 52 31.0  241.036 15.657  33.52  37578 13.8
2010-02-03  00:40:00  07 41 33.0  -08 12 31  +000961.2 -000346.5  03 51 54.1  240.305 14.985  32.46  37517 13.8
2010-02-03  00:50:00  07 52 16.2  -09 10 18  +000968.3 -000346.6  03 51 12.6  239.563 14.321  31.60  37460 13.8
2010-02-03  01:00:00  08 03 04.1  -10 08 01  +000975.7 -000345.9  03 50 26.3  238.811 13.666  30.96  37408 13.8
2010-02-03  01:10:00  08 13 57.1  -11 05 34  +000983.4 -000344.4  03 49 34.9  238.048 13.023  30.56  37361 13.8
2010-02-03  01:20:00  08 24 55.3  -12 02 46  +000991.4 -000341.9  03 48 38.4  237.277 12.394  30.41  37318 13.8
2010-02-03  01:30:00  08 35 59.0  -12 59 28  +000999.7 -000338.5  03 47 36.3  236.497 11.781  30.52  37281 13.8
2010-02-03  01:40:00  08 47 08.2  -13 55 32  +001008.2 -000334.1  03 46 28.7  235.710 11.187  30.88  37249 13.8
2010-02-03  01:50:00  08 58 23.3  -14 50 47  +001017.0 -000328.8  03 45 15.3  234.916 10.614  31.50  37221 13.8
2010-02-03  02:00:00  09 09 44.2  -15 45 05  +001025.9 -000322.5  03 43 56.0  234.117 10.064  32.35  37199 13.8

   Date        UTC        RA         DECL      RARate   DeclRate    HourAng      Az     Um    Phase  Range  Mag
2010-02-03  16:10:00  23 37 06.3  +11 23 06  +000772.8 +000122.9  03 28 53.6  248.917 33.856 133.97  41953 17.1
2010-02-03  16:20:00  23 45 42.7  +11 42 50  +000776.4 +000113.9  03 30 18.8  249.493 33.875 132.08  41926 17.0
2010-02-03  16:30:00  23 54 21.5  +12 01 04  +000780.1 +000104.8  03 31 41.6  250.040 33.879 130.17  41893 16.8
2010-02-03  16:40:00  00 03 02.8  +12 17 45  +000783.8 +000095.4  03 33 02.0  250.557 33.870 128.26  41856 16.7
2010-02-03  16:50:00  00 11 46.6  +12 32 52  +000787.6 +000085.9  03 34 19.8  251.044 33.846 126.32  41815 16.6
2010-02-03  17:00:00  00 20 33.0  +12 46 22  +000791.5 +000076.1  03 35 35.1  251.499 33.808 124.38  41768 16.5
2010-02-03  17:10:00  00 29 22.0  +12 58 14  +000795.4 +000066.2  03 36 47.8  251.921 33.757 122.42  41718 16.4
2010-02-03  17:20:00  00 38 13.6  +13 08 25  +000799.4 +000056.1  03 37 57.8  252.312 33.691 120.46  41662 16.3
2010-02-03  17:30:00  00 47 07.8  +13 16 55  +000803.3 +000045.8  03 39 05.2  252.669 33.610 118.47  41603 16.2
2010-02-03  17:40:00  00 56 04.6  +13 23 41  +000807.2 +000035.4  03 40 10.1  252.993 33.515 116.49  41539 16.1
2010-02-03  17:50:00  01 05 04.1  +13 28 42  +000811.1 +000024.8  03 41 12.2  253.282 33.406 114.49  41470 16.0
2010-02-03  18:00:00  01 14 06.1  +13 31 56  +000815.0 +000014.0  03 42 11.8  253.538 33.281 112.49  41398 15.9
2010-02-03  18:10:00  01 23 10.7  +13 33 22  +000818.9 +000003.1  03 43 08.9  253.760 33.141 110.46  41322 15.8
2010-02-03  18:20:00  01 32 17.9  +13 32 57  +000822.6 -000008.0  03 44 03.3  253.947 32.986 108.44  41242 15.7
2010-02-03  18:30:00  01 41 27.6  +13 30 42  +000826.4 -000019.1  03 44 55.3  254.100 32.815 106.40  41158 15.6
2010-02-03  18:40:00  01 50 39.7  +13 26 34  +000830.0 -000030.4  03 45 44.8  254.218 32.628 104.35  41071 15.5
2010-02-03  18:50:00  01 59 54.3  +13 20 33  +000833.6 -000041.8  03 46 31.9  254.303 32.424 102.29  40980 15.5
2010-02-03  19:00:00  02 09 11.2  +13 12 38  +000837.1 -000053.3  03 47 16.6  254.353 32.204 100.23  40886 15.4
2010-02-03  19:10:00  02 18 30.4  +13 02 46  +000840.5 -000064.9  03 47 59.1  254.370 31.966  98.14  40790 15.3
2010-02-03  19:20:00  02 27 51.8  +12 50 59  +000843.8 -000076.6  03 48 39.3  254.353 31.711  96.06  40690 15.2
2010-02-03  19:30:00  02 37 15.5  +12 37 15  +000847.1 -000088.2  03 49 17.3  254.302 31.438  93.95  40588 15.2
2010-02-03  19:40:00  02 46 41.3  +12 21 34  +000850.2 -000100.0  03 49 53.1  254.220 31.148  91.85  40484 15.1
2010-02-03  19:50:00  02 56 09.1  +12 03 56  +000853.3 -000111.7  03 50 26.9  254.105 30.838  89.72  40377 15.0
2010-02-03  20:00:00  03 05 38.9  +11 44 20  +000856.3 -000123.4  03 50 58.7  253.958 30.510  87.60  40268 15.0
2010-02-03  20:10:00  03 15 10.7  +11 22 47  +000859.2 -000135.2  03 51 28.6  253.781 30.163  85.45  40158 14.9
2010-02-03  20:20:00  03 24 44.5  +10 59 17  +000862.0 -000146.8  03 51 56.5  253.573 29.797  83.32  40046 14.8
2010-02-03  20:30:00  03 34 20.0  +10 33 51  +000864.8 -000158.4  03 52 22.6  253.336 29.412  81.15  39934 14.8
2010-02-03  20:40:00  03 43 57.5  +10 06 29  +000867.5 -000169.9  03 52 46.8  253.069 29.007  79.00  39820 14.7
2010-02-03  20:50:00  03 53 36.7  +09 37 13  +000870.2 -000181.3  03 53 09.2  252.775 28.583  76.83  39706 14.6
2010-02-03  21:00:00  04 03 17.7  +09 06 03  +000872.8 -000192.6  03 53 29.8  252.453 28.139  74.66  39591 14.6
2010-02-03  21:10:00  04 13 00.5  +08 33 02  +000875.5 -000203.7  03 53 48.7  252.105 27.677  72.48  39476 14.5
2010-02-03  21:20:00  04 22 45.0  +07 58 10  +000878.2 -000214.6  03 54 05.8  251.730 27.195  70.30  39361 14.5
2010-02-03  21:30:00  04 32 31.4  +07 21 30  +000880.9 -000225.3  03 54 21.1  251.331 26.694  68.11  39247 14.4
2010-02-03  21:40:00  04 42 19.5  +06 43 05  +000883.6 -000235.7  03 54 34.6  250.908 26.175  65.94  39133 14.4
2010-02-03  21:50:00  04 52 09.6  +06 02 57  +000886.4 -000245.9  03 54 46.2  250.461 25.638  63.76  39020 14.3
2010-02-03  22:00:00  05 02 01.5  +05 21 08  +000889.4 -000255.8  03 54 55.9  249.992 25.083  61.59  38909 14.3
2010-02-03  22:10:00  05 11 55.4  +04 37 42  +000892.4 -000265.3  03 55 03.7  249.501 24.512  59.42  38799 14.2
2010-02-03  22:20:00  05 21 51.3  +03 52 43  +000895.5 -000274.5  03 55 09.4  248.989 23.925  57.27  38691 14.2
2010-02-03  22:30:00  05 31 49.4  +03 06 14  +000898.8 -000283.3  03 55 12.9  248.457 23.322  55.13  38585 14.1
2010-02-03  22:40:00  05 41 49.7  +02 18 19  +000902.3 -000291.6  03 55 14.2  247.906 22.706  53.02  38481 14.1
2010-02-03  22:50:00  05 51 52.4  +01 29 03  +000905.9 -000299.5  03 55 13.2  247.335 22.076  50.92  38380 14.1
2010-02-03  23:00:00  06 01 57.6  +00 38 30  +000909.8 -000306.9  03 55 09.6  246.747 21.435  48.87  38281 14.0
2010-02-03  23:10:00  06 12 05.5  -00 13 14  +000913.9 -000313.8  03 55 03.4  246.141 20.784  46.85  38186 14.0
2010-02-03  23:20:00  06 22 16.2  -01 06 04  +000918.2 -000320.1  03 54 54.3  245.519 20.123  44.89  38094 14.0
2010-02-03  23:30:00  06 32 29.9  -01 59 54  +000922.8 -000325.8  03 54 42.3  244.880 19.455  42.98  38005 13.9
2010-02-03  23:40:00  06 42 46.7  -02 54 38  +000927.8 -000330.9  03 54 27.1  244.226 18.781  41.14  37920 13.9
2010-02-03  23:50:00  06 53 06.9  -03 50 10  +000933.0 -000335.4  03 54 08.5  243.556 18.103  39.39  37839 13.9
2010-02-04  00:00:00  07 03 30.7  -04 46 23  +000938.5 -000339.1  03 53 46.4  242.873 17.423  37.74  37761 13.9
2010-02-04  00:10:00  07 13 58.3  -05 43 10  +000944.3 -000342.1  03 53 20.4  242.176 16.742  36.20  37688 13.8
2010-02-04  00:20:00  07 24 29.9  -06 40 23  +000950.5 -000344.4  03 52 50.5  241.466 16.063  34.81  37620 13.8
2010-02-04  00:30:00  07 35 05.7  -07 37 55  +000957.0 -000345.9  03 52 16.3  240.743 15.389  33.56  37555 13.8
2010-02-04  00:40:00  07 45 46.0  -08 35 38  +000963.9 -000346.6  03 51 37.6  240.008 14.720  32.51  37496 13.8
2010-02-04  00:50:00  07 56 31.0  -09 33 23  +000971.1 -000346.4  03 50 54.3  239.263 14.059  31.64  37441 13.8
2010-02-04  01:00:00  08 07 20.8  -10 31 03  +000978.6 -000345.3  03 50 06.1  238.506 13.408  31.01  37391 13.8
2010-02-04  01:10:00  08 18 15.8  -11 28 27  +000986.4 -000343.4  03 49 12.8  237.741 12.771  30.61  37345 13.8
2010-02-04  01:20:00  08 29 16.1  -12 25 28  +000994.5 -000340.6  03 48 14.1  236.966 12.148  30.47  37305 13.8
2010-02-04  01:30:00  08 40 21.9  -13 21 56  +001002.9 -000336.8  03 47 10.0  236.183 11.542  30.58  37269 13.8
2010-02-04  01:40:00  08 51 33.4  -14 17 40  +001011.6 -000332.0  03 46 00.1  235.394 10.956  30.94  37239 13.8
2010-02-04  01:50:00  09 02 50.7  -15 12 33  +001020.4 -000326.3  03 44 44.5  234.598 10.392  31.56  37213 13.8

   Date        UTC        RA         DECL      RARate   DeclRate    HourAng      Az     Um    Phase  Range  Mag
2010-02-04  16:10:00  23 40 31.3  +11 31 12  +000774.3 +000119.3  03 29 25.2  249.140 33.873 134.19  41942 17.1
2010-02-04  16:20:00  23 49 08.7  +11 50 20  +000777.9 +000110.2  03 30 49.4  249.705 33.886 132.30  41913 17.0
2010-02-04  16:30:00  23 57 48.5  +12 07 56  +000781.6 +000101.0  03 32 11.3  250.240 33.885 130.38  41878 16.9
2010-02-04  16:40:00  00 06 30.8  +12 23 59  +000785.3 +000091.6  03 33 30.6  250.745 33.870 128.47  41840 16.7
2010-02-04  16:50:00  00 15 15.6  +12 38 27  +000789.2 +000081.9  03 34 47.4  251.219 33.840 126.53  41796 16.6
2010-02-04  17:00:00  00 24 03.0  +12 51 17  +000793.1 +000072.1  03 36 01.6  251.661 33.797 124.59  41748 16.5
2010-02-04  17:10:00  00 32 53.0  +13 02 29  +000797.0 +000062.1  03 37 13.3  252.071 33.739 122.63  41696 16.4
2010-02-04  17:20:00  00 41 45.7  +13 11 60  +000800.9 +000052.0  03 38 22.3  252.448 33.667 120.67  41639 16.3
2010-02-04  17:30:00  00 50 40.9  +13 19 47  +000804.8 +000041.6  03 39 28.7  252.792 33.581 118.69  41577 16.2
2010-02-04  17:40:00  00 59 38.8  +13 25 51  +000808.8 +000031.1  03 40 32.5  253.102 33.480 116.70  41512 16.1
2010-02-04  17:50:00  01 08 39.3  +13 30 09  +000812.7 +000020.4  03 41 33.6  253.378 33.365 114.70  41442 16.0
2010-02-04  18:00:00  01 17 42.3  +13 32 39  +000816.5 +000009.6  03 42 32.2  253.620 33.234 112.70  41368 15.9
2010-02-04  18:10:00  01 26 48.0  +13 33 21  +000820.4 -000001.4  03 43 28.2  253.828 33.088 110.67  41290 15.8
2010-02-04  18:20:00  01 35 56.1  +13 32 12  +000824.1 -000012.5  03 44 21.7  254.002 32.926 108.64  41209 15.7
2010-02-04  18:30:00  01 45 06.8  +13 29 11  +000827.8 -000023.7  03 45 12.7  254.141 32.748 106.59  41124 15.6
2010-02-04  18:40:00  01 54 19.8  +13 24 18  +000831.4 -000035.0  03 46 01.2  254.246 32.555 104.55  41035 15.6
2010-02-04  18:50:00  02 03 35.3  +13 17 31  +000835.0 -000046.5  03 46 47.4  254.316 32.344 102.48  40943 15.5
2010-02-04  19:00:00  02 12 53.1  +13 08 48  +000838.4 -000058.0  03 47 31.2  254.353 32.117 100.41  40849 15.4
2010-02-04  19:10:00  02 22 13.2  +12 58 11  +000841.8 -000069.6  03 48 12.8  254.356 31.872  98.32  40751 15.3
2010-02-04  19:20:00  02 31 35.5  +12 45 36  +000845.1 -000081.3  03 48 52.1  254.326 31.610  96.23  40650 15.2
2010-02-04  19:30:00  02 40 60.0  +12 31 05  +000848.3 -000093.0  03 49 29.3  254.263 31.330  94.12  40547 15.2
2010-02-04  19:40:00  02 50 26.6  +12 14 37  +000851.4 -000104.7  03 50 04.4  254.167 31.031  92.02  40442 15.1
2010-02-04  19:50:00  02 59 55.2  +11 56 12  +000854.4 -000116.4  03 50 37.4  254.040 30.715  89.88  40334 15.0
2010-02-04  20:00:00  03 09 25.8  +11 35 49  +000857.4 -000128.2  03 51 08.5  253.881 30.379  87.76  40225 15.0
2010-02-04  20:10:00  03 18 58.3  +11 13 29  +000860.2 -000139.8  03 51 37.6  253.691 30.024  85.61  40114 14.9
2010-02-04  20:20:00  03 28 32.7  +10 49 12  +000863.0 -000151.5  03 52 04.8  253.472 29.650  83.46  40002 14.8
2010-02-04  20:30:00  03 38 09.0  +10 22 59  +000865.8 -000163.0  03 52 30.2  253.223 29.257  81.30  39889 14.8
2010-02-04  20:40:00  03 47 47.1  +09 54 52  +000868.5 -000174.5  03 52 53.7  252.945 28.844  79.14  39775 14.7
2010-02-04  20:50:00  03 57 27.0  +09 24 50  +000871.2 -000185.9  03 53 15.5  252.640 28.412  76.96  39661 14.6
2010-02-04  21:00:00  04 07 08.6  +08 52 55  +000873.8 -000197.1  03 53 35.4  252.308 27.961  74.79  39546 14.6
2010-02-04  21:10:00  04 16 52.1  +08 19 09  +000876.5 -000208.1  03 53 53.6  251.949 27.490  72.60  39431 14.5
2010-02-04  21:20:00  04 26 37.3  +07 43 34  +000879.2 -000218.9  03 54 10.1  251.565 27.000  70.42  39317 14.5
2010-02-04  21:30:00  04 36 24.3  +07 06 12  +000881.9 -000229.5  03 54 24.7  251.156 26.492  68.22  39202 14.4
2010-02-04  21:40:00  04 46 13.2  +06 27 05  +000884.7 -000239.8  03 54 37.5  250.724 25.966  66.04  39089 14.4
2010-02-04  21:50:00  04 56 03.9  +05 46 17  +000887.5 -000249.9  03 54 48.4  250.268 25.421  63.85  38977 14.3
2010-02-04  22:00:00  05 05 56.6  +05 03 49  +000890.5 -000259.6  03 54 57.4  249.790 24.860  61.68  38866 14.3
2010-02-04  22:10:00  05 15 51.2  +04 19 45  +000893.5 -000269.0  03 55 04.4  249.291 24.282  59.50  38757 14.2
2010-02-04  22:20:00  05 25 47.9  +03 34 10  +000896.7 -000278.0  03 55 09.3  248.771 23.689  57.35  38650 14.2
2010-02-04  22:30:00  05 35 46.8  +02 47 06  +000900.1 -000286.6  03 55 12.0  248.232 23.080  55.20  38545 14.1
2010-02-04  22:40:00  05 45 48.1  +01 58 39  +000903.6 -000294.8  03 55 12.5  247.673 22.458  53.09  38442 14.1
2010-02-04  22:50:00  05 55 51.7  +01 08 52  +000907.3 -000302.5  03 55 10.5  247.095 21.824  50.99  38342 14.1
2010-02-04  23:00:00  06 05 57.9  +00 17 51  +000911.3 -000309.7  03 55 05.9  246.500 21.178  48.93  38244 14.0
2010-02-04  23:10:00  06 16 06.8  -00 34 20  +000915.5 -000316.3  03 54 58.6  245.888 20.523  46.91  38150 14.0
2010-02-04  23:20:00  06 26 18.6  -01 27 34  +000920.0 -000322.4  03 54 48.5  245.259 19.859  44.94  38059 14.0
2010-02-04  23:30:00  06 36 33.4  -02 21 46  +000924.7 -000327.9  03 54 35.3  244.614 19.188  43.02  37972 13.9
2010-02-04  23:40:00  06 46 51.6  -03 16 50  +000929.7 -000332.7  03 54 18.8  243.955 18.512  41.19  37889 13.9
2010-02-04  23:50:00  06 57 13.1  -04 12 38  +000935.0 -000336.9  03 53 58.9  243.280 17.833  39.43  37809 13.9
2010-02-05  00:00:00  07 07 38.4  -05 09 05  +000940.7 -000340.3  03 53 35.3  242.591 17.153  37.78  37733 13.9
2010-02-05  00:10:00  07 18 07.5  -06 06 03  +000946.7 -000343.1  03 53 07.8  241.889 16.473  36.24  37662 13.8
2010-02-05  00:20:00  07 28 40.7  -07 03 24  +000953.0 -000345.0  03 52 36.3  241.174 15.795  34.84  37595 13.8
2010-02-05  00:30:00  07 39 18.2  -08 01 01  +000959.6 -000346.2  03 52 00.4  240.447 15.122  33.60  37533 13.8
2010-02-05  00:40:00  07 50 00.2  -08 58 45  +000966.6 -000346.5  03 51 20.0  239.708 14.456  32.54  37475 13.8
2010-02-05  00:50:00  08 00 47.1  -09 56 28  +000973.9 -000346.0  03 50 34.8  238.959 13.799  31.68  37422 13.8
2010-02-05  01:00:00  08 11 38.9  -10 54 02  +000981.6 -000344.6  03 49 44.6  238.199 13.154  31.05  37374 13.8
2010-02-05  01:10:00  08 22 35.9  -11 51 18  +000989.5 -000342.3  03 48 49.3  237.430 12.522  30.65  37331 13.8
2010-02-05  01:20:00  08 33 38.3  -12 48 05  +000997.8 -000339.1  03 47 48.5  236.652 11.905  30.51  37292 13.8
2010-02-05  01:30:00  08 44 46.3  -13 44 16  +001006.2 -000334.9  03 46 42.2  235.867 11.307  30.62  37259 13.8
2010-02-05  01:40:00  08 56 00.0  -14 39 41  +001015.0 -000329.8  03 45 30.1  235.075 10.730  30.99  37230 13.8
2010-02-05  01:50:00  09 07 19.6  -15 34 10  +001023.9 -000323.7  03 44 12.1  234.278 10.175  31.61  37206 13.8

   Date        UTC        RA         DECL      RARate   DeclRate    HourAng      Az     Um    Phase  Range  Mag
2010-02-05  16:10:00  23 43 56.4  +11 39 01  +000775.7 +000115.7  03 29 56.6  249.360 33.886 134.40  41930 17.1
2010-02-05  16:20:00  23 52 34.7  +11 57 32  +000779.3 +000106.5  03 31 19.9  249.913 33.894 132.52  41899 17.0
2010-02-05  16:30:00  00 01 15.5  +12 14 31  +000783.1 +000097.2  03 32 40.8  250.436 33.887 130.60  41863 16.9
2010-02-05  16:40:00  00 09 58.8  +12 29 56  +000786.9 +000087.7  03 33 59.1  250.929 33.866 128.69  41822 16.7
2010-02-05  16:50:00  00 18 44.7  +12 43 45  +000790.7 +000078.0  03 35 14.9  251.390 33.831 126.75  41777 16.6
2010-02-05  17:00:00  00 27 33.1  +12 55 56  +000794.6 +000068.1  03 36 28.1  251.819 33.782 124.81  41727 16.5
2010-02-05  17:10:00  00 36 24.2  +13 06 27  +000798.5 +000058.0  03 37 38.7  252.216 33.719 122.85  41673 16.4
2010-02-05  17:20:00  00 45 17.9  +13 15 16  +000802.5 +000047.8  03 38 46.6  252.580 33.641 120.89  41614 16.3
2010-02-05  17:30:00  00 54 14.2  +13 22 22  +000806.4 +000037.4  03 39 52.0  252.910 33.549 118.90  41551 16.2
2010-02-05  17:40:00  01 03 13.1  +13 27 44  +000810.3 +000026.8  03 40 54.7  253.207 33.442 116.92  41484 16.1
2010-02-05  17:50:00  01 12 14.6  +13 31 18  +000814.2 +000016.1  03 41 54.8  253.469 33.320 114.91  41413 16.0
2010-02-05  18:00:00  01 21 18.7  +13 33 05  +000818.1 +000005.2  03 42 52.4  253.698 33.183 112.90  41337 15.9
2010-02-05  18:10:00  01 30 25.3  +13 33 02  +000821.8 -000005.8  03 43 47.4  253.892 33.031 110.87  41258 15.8
2010-02-05  18:20:00  01 39 34.4  +13 31 08  +000825.6 -000017.0  03 44 39.9  254.052 32.863 108.84  41175 15.7
2010-02-05  18:30:00  01 48 46.1  +13 27 23  +000829.2 -000028.2  03 45 29.9  254.177 32.679 106.79  41089 15.6
2010-02-05  18:40:00  01 58 00.1  +13 21 43  +000832.8 -000039.6  03 46 17.6  254.268 32.478 104.74  40999 15.6
2010-02-05  18:50:00  02 07 16.5  +13 14 10  +000836.3 -000051.1  03 47 02.8  254.325 32.261 102.67  40906 15.5
2010-02-05  19:00:00  02 16 35.2  +13 04 42  +000839.8 -000062.6  03 47 45.7  254.349 32.027 100.60  40810 15.4
2010-02-05  19:10:00  02 25 56.2  +12 53 17  +000843.1 -000074.3  03 48 26.4  254.338 31.775  98.50  40711 15.3
2010-02-05  19:20:00  02 35 19.3  +12 39 56  +000846.4 -000086.0  03 49 04.9  254.295 31.505  96.41  40609 15.2
2010-02-05  19:30:00  02 44 44.6  +12 24 38  +000849.5 -000097.7  03 49 41.3  254.219 31.218  94.30  40505 15.2
2010-02-05  19:40:00  02 54 12.0  +12 07 23  +000852.6 -000109.4  03 50 15.5  254.110 30.912  92.18  40399 15.1
2010-02-05  19:50:00  03 03 41.4  +11 48 10  +000855.6 -000121.1  03 50 47.8  253.970 30.587  90.05  40291 15.0
2010-02-05  20:00:00  03 13 12.7  +11 27 00  +000858.5 -000132.8  03 51 18.1  253.799 30.244  87.91  40181 15.0
2010-02-05  20:10:00  03 22 46.0  +11 03 53  +000861.3 -000144.5  03 51 46.5  253.598 29.882  85.76  40070 14.9
2010-02-05  20:20:00  03 32 21.1  +10 38 50  +000864.1 -000156.1  03 52 13.0  253.366 29.500  83.61  39958 14.8
2010-02-05  20:30:00  03 41 58.1  +10 11 51  +000866.8 -000167.7  03 52 37.6  253.106 29.099  81.44  39844 14.8
2010-02-05  20:40:00  03 51 36.9  +09 42 57  +000869.5 -000179.1  03 53 00.5  252.817 28.678  79.27  39730 14.7
2010-02-05  20:50:00  04 01 17.5  +09 12 10  +000872.2 -000190.4  03 53 21.5  252.501 28.238  77.09  39615 14.6
2010-02-05  21:00:00  04 10 59.8  +08 39 31  +000874.9 -000201.5  03 53 40.8  252.158 27.779  74.91  39501 14.6
2010-02-05  21:10:00  04 20 43.9  +08 05 01  +000877.5 -000212.4  03 53 58.4  251.790 27.301  72.71  39386 14.5
2010-02-05  21:20:00  04 30 29.8  +07 28 43  +000880.2 -000223.2  03 54 14.1  251.396 26.803  70.53  39272 14.5
2010-02-05  21:30:00  04 40 17.5  +06 50 39  +000883.0 -000233.6  03 54 28.0  250.978 26.288  68.33  39158 14.4
2010-02-05  21:40:00  04 50 07.1  +06 10 51  +000885.7 -000243.9  03 54 40.1  250.536 25.754  66.14  39045 14.4
2010-02-05  21:50:00  04 59 58.6  +05 29 23  +000888.6 -000253.8  03 54 50.3  250.072 25.203  63.94  38933 14.3
2010-02-05  22:00:00  05 09 52.0  +04 46 16  +000891.6 -000263.4  03 54 58.5  249.585 24.635  61.77  38823 14.3
2010-02-05  22:10:00  05 19 47.4  +04 01 36  +000894.7 -000272.6  03 55 04.7  249.078 24.050  59.58  38715 14.2
2010-02-05  22:20:00  05 29 45.0  +03 15 25  +000898.0 -000281.5  03 55 08.8  248.550 23.451  57.43  38608 14.2
2010-02-05  22:30:00  05 39 44.7  +02 27 48  +000901.4 -000289.9  03 55 10.7  248.003 22.837  55.27  38504 14.1
2010-02-05  22:40:00  05 49 46.9  +01 38 48  +000905.0 -000297.9  03 55 10.2  247.437 22.210  53.15  38402 14.1
2010-02-05  22:50:00  05 59 51.5  +00 48 31  +000908.8 -000305.4  03 55 07.2  246.853 21.571  51.05  38303 14.1
2010-02-05  23:00:00  06 09 58.7  -00 02 58  +000912.9 -000312.4  03 55 01.7  246.251 20.921  48.99  38207 14.0
2010-02-05  23:10:00  06 20 08.7  -00 55 34  +000917.2 -000318.8  03 54 53.3  245.632 20.262  46.95  38115 14.0
2010-02-05  23:20:00  06 30 21.7  -01 49 12  +000921.8 -000324.6  03 54 42.0  244.997 19.595  44.98  38025 14.0
2010-02-05  23:30:00  06 40 37.8  -02 43 45  +000926.6 -000329.9  03 54 27.5  244.346 18.922  43.06  37939 13.9
2010-02-05  23:40:00  06 50 57.2  -03 39 07  +000931.8 -000334.4  03 54 09.7  243.681 18.244  41.22  37858 13.9
2010-02-05  23:50:00  07 01 20.1  -04 35 11  +000937.2 -000338.3  03 53 48.4  243.001 17.564  39.46  37779 13.9
2010-02-06  00:00:00  07 11 46.9  -05 31 51  +000943.0 -000341.5  03 53 23.3  242.307 16.884  37.81  37706 13.9
2010-02-06  00:10:00  07 22 17.5  -06 28 58  +000949.1 -000343.9  03 52 54.3  241.600 16.204  36.27  37636 13.8
2010-02-06  00:20:00  07 32 52.4  -07 26 26  +000955.5 -000345.5  03 52 21.1  240.880 15.529  34.87  37571 13.8
2010-02-06  00:30:00  07 43 31.7  -08 24 06  +000962.3 -000346.4  03 51 43.5  240.148 14.858  33.63  37510 13.8
2010-02-06  00:40:00  07 54 15.6  -09 21 51  +000969.4 -000346.4  03 51 01.2  239.405 14.195  32.57  37455 13.8
2010-02-06  00:50:00  08 05 04.3  -10 19 31  +000976.9 -000345.5  03 50 14.1  238.652 13.543  31.71  37404 13.8
2010-02-06  01:00:00  08 15 58.1  -11 16 58  +000984.7 -000343.7  03 49 21.9  237.888 12.902  31.08  37357 13.8
2010-02-06  01:10:00  08 26 57.2  -12 14 03  +000992.7 -000341.1  03 48 24.5  237.116 12.276  30.69  37316 13.8
2010-02-06  01:20:00  08 38 01.8  -13 10 37  +001001.1 -000337.5  03 47 21.5  236.336 11.667  30.55  37279 13.8
2010-02-06  01:30:00  08 49 12.0  -14 06 30  +001009.6 -000332.9  03 46 13.0  235.548 11.077  30.66  37248 13.8
2010-02-06  01:40:00  09 00 28.0  -15 01 33  +001018.4 -000327.4  03 44 58.6  234.754 10.508  31.04  37221 13.8

   Date        UTC        RA         DECL      RARate   DeclRate    HourAng      Az     Um    Phase  Range  Mag
2010-02-06  16:10:00  23 47 21.6  +11 46 34  +000777.2 +000112.0  03 30 27.9  249.576 33.897 134.62  41917 17.1
2010-02-06  16:20:00  23 56 00.9  +12 04 28  +000780.8 +000102.8  03 31 50.3  250.117 33.898 132.73  41884 17.0
2010-02-06  16:30:00  00 04 42.7  +12 20 49  +000784.6 +000093.4  03 33 10.1  250.628 33.886 130.82  41847 16.9
2010-02-06  16:40:00  00 13 27.1  +12 35 36  +000788.4 +000083.8  03 34 27.4  251.108 33.859 128.91  41804 16.8
2010-02-06  16:50:00  00 22 14.0  +12 48 45  +000792.3 +000074.0  03 35 42.2  251.556 33.819 126.97  41757 16.6
2010-02-06  17:00:00  00 31 03.4  +13 00 16  +000796.2 +000064.1  03 36 54.3  251.973 33.764 125.03  41706 16.5
2010-02-06  17:10:00  00 39 55.5  +13 10 07  +000800.1 +000054.0  03 38 03.9  252.356 33.695 123.06  41650 16.4
2010-02-06  17:20:00  00 48 50.3  +13 18 15  +000804.0 +000043.6  03 39 10.8  252.707 33.611 121.10  41589 16.3
2010-02-06  17:30:00  00 57 47.6  +13 24 39  +000808.0 +000033.2  03 40 15.1  253.024 33.513 119.11  41525 16.2
2010-02-06  17:40:00  01 06 47.5  +13 29 18  +000811.9 +000022.5  03 41 16.8  253.307 33.400 117.13  41456 16.1
2010-02-06  17:50:00  01 15 50.1  +13 32 09  +000815.7 +000011.7  03 42 15.9  253.556 33.272 115.12  41383 16.0
2010-02-06  18:00:00  01 24 55.2  +13 33 12  +000819.6 +000000.8  03 43 12.5  253.770 33.129 113.11  41306 15.9
2010-02-06  18:10:00  01 34 02.8  +13 32 25  +000823.3 -000010.3  03 44 06.5  253.951 32.971 111.08  41225 15.8
2010-02-06  18:20:00  01 43 12.9  +13 29 46  +000827.0 -000021.5  03 44 58.0  254.097 32.796 109.04  41141 15.7
2010-02-06  18:30:00  01 52 25.5  +13 25 15  +000830.7 -000032.8  03 45 47.1  254.209 32.605 106.99  41053 15.7
2010-02-06  18:40:00  02 01 40.4  +13 18 50  +000834.2 -000044.2  03 46 33.8  254.286 32.398 104.94  40962 15.6
2010-02-06  18:50:00  02 10 57.8  +13 10 30  +000837.7 -000055.7  03 47 18.1  254.330 32.174 102.86  40868 15.5
2010-02-06  19:00:00  02 20 17.4  +13 00 16  +000841.1 -000067.3  03 48 00.1  254.340 31.933 100.78  40771 15.4
2010-02-06  19:10:00  02 29 39.2  +12 48 04  +000844.4 -000078.9  03 48 39.9  254.316 31.674  98.68  40671 15.3
2010-02-06  19:20:00  02 39 03.2  +12 33 57  +000847.6 -000090.6  03 49 17.6  254.260 31.397  96.59  40568 15.2
2010-02-06  19:30:00  02 48 29.3  +12 17 52  +000850.7 -000102.4  03 49 53.1  254.171 31.102  94.47  40463 15.2
2010-02-06  19:40:00  02 57 57.5  +11 59 49  +000853.8 -000114.1  03 50 26.6  254.050 30.789  92.35  40356 15.1
2010-02-06  19:50:00  03 07 27.6  +11 39 50  +000856.7 -000125.8  03 50 58.1  253.897 30.457  90.21  40248 15.0
2010-02-06  20:00:00  03 16 59.7  +11 17 53  +000859.6 -000137.5  03 51 27.6  253.714 30.106  88.07  40137 15.0
2010-02-06  20:10:00  03 26 33.7  +10 53 60  +000862.4 -000149.2  03 51 55.3  253.500 29.735  85.91  40026 14.9
2010-02-06  20:20:00  03 36 09.6  +10 28 10  +000865.2 -000160.7  03 52 21.0  253.257 29.346  83.75  39913 14.8
2010-02-06  20:30:00  03 45 47.3  +10 00 25  +000867.9 -000172.2  03 52 45.0  252.986 28.937  81.57  39799 14.8
2010-02-06  20:40:00  03 55 26.7  +09 30 46  +000870.6 -000183.6  03 53 07.2  252.686 28.509  79.40  39684 14.7
2010-02-06  20:50:00  04 05 08.0  +08 59 14  +000873.2 -000194.8  03 53 27.5  252.359 28.061  77.21  39570 14.6
2010-02-06  21:00:00  04 14 51.0  +08 25 50  +000875.9 -000205.9  03 53 46.1  252.006 27.594  75.03  39455 14.6
2010-02-06  21:10:00  04 24 35.9  +07 50 37  +000878.6 -000216.7  03 54 03.0  251.627 27.108  72.82  39340 14.5
2010-02-06  21:20:00  04 34 22.5  +07 13 36  +000881.3 -000227.4  03 54 18.0  251.224 26.603  70.63  39226 14.5
2010-02-06  21:30:00  04 44 10.9  +06 34 51  +000884.0 -000237.8  03 54 31.2  250.796 26.080  68.43  39113 14.4
2010-02-06  21:40:00  04 54 01.2  +05 54 22  +000886.9 -000247.9  03 54 42.6  250.345 25.539  66.23  39001 14.4
2010-02-06  21:50:00  05 03 53.4  +05 12 15  +000889.8 -000257.7  03 54 52.0  249.872 24.981  64.03  38890 14.3
2010-02-06  22:00:00  05 13 47.6  +04 28 30  +000892.8 -000267.1  03 54 59.5  249.378 24.406  61.85  38780 14.3
2010-02-06  22:10:00  05 23 43.8  +03 43 14  +000896.0 -000276.2  03 55 04.9  248.862 23.816  59.66  38672 14.2
2010-02-06  22:20:00  05 33 42.2  +02 56 28  +000899.3 -000284.9  03 55 08.1  248.327 23.210  57.49  38567 14.2
2010-02-06  22:30:00  05 43 42.9  +02 08 17  +000902.8 -000293.1  03 55 09.0  247.772 22.591  55.34  38464 14.1
2010-02-06  22:40:00  05 53 46.0  +01 18 46  +000906.5 -000300.9  03 55 07.6  247.199 21.959  53.21  38363 14.1
2010-02-06  22:50:00  06 03 51.6  +00 28 00  +000910.4 -000308.2  03 55 03.6  246.607 21.316  51.10  38265 14.1
2010-02-06  23:00:00  06 13 59.9  -00 23 56  +000914.6 -000315.0  03 54 57.0  245.999 20.662  49.03  38170 14.0
2010-02-06  23:10:00  06 24 11.1  -01 16 57  +000919.0 -000321.2  03 54 47.5  245.374 19.999  47.00  38079 14.0
2010-02-06  23:20:00  06 34 25.3  -02 10 57  +000923.6 -000326.8  03 54 34.9  244.732 19.330  45.02  37991 14.0
2010-02-06  23:30:00  06 44 42.6  -03 05 50  +000928.6 -000331.7  03 54 19.2  244.076 18.655  43.10  37907 13.9
2010-02-06  23:40:00  06 55 03.4  -04 01 30  +000933.9 -000336.0  03 54 00.0  243.404 17.976  41.25  37826 13.9
2010-02-06  23:50:00  07 05 27.9  -04 57 49  +000939.5 -000339.6  03 53 37.3  242.719 17.296  39.49  37750 13.9
2010-02-07  00:00:00  07 15 56.1  -05 54 40  +000945.4 -000342.5  03 53 10.6  242.020 16.616  37.83  37678 13.9
2010-02-07  00:10:00  07 26 28.4  -06 51 56  +000951.6 -000344.6  03 52 40.0  241.308 15.937  36.29  37610 13.8
2010-02-07  00:20:00  07 37 05.0  -07 49 29  +000958.2 -000345.9  03 52 05.1  240.583 15.263  34.89  37547 13.8
2010-02-07  00:30:00  07 47 46.1  -08 47 12  +000965.1 -000346.4  03 51 25.6  239.847 14.596  33.65  37488 13.8
2010-02-07  00:40:00  07 58 31.9  -09 44 55  +000972.4 -000346.1  03 50 41.5  239.100 13.937  32.59  37434 13.8
2010-02-07  00:50:00  08 09 22.6  -10 42 31  +000979.9 -000344.9  03 49 52.4  238.343 13.289  31.74  37385 13.8
2010-02-07  01:00:00  08 20 18.5  -11 39 50  +000987.8 -000342.8  03 48 58.1  237.576 12.654  31.11  37341 13.8
2010-02-07  01:10:00  08 31 19.7  -12 36 43  +000996.0 -000339.7  03 47 58.5  236.800 12.034  30.71  37301 13.8
2010-02-07  01:20:00  08 42 26.5  -13 33 01  +001004.4 -000335.7  03 46 53.4  236.017 11.432  30.58  37267 13.8
2010-02-07  01:30:00  08 53 39.0  -14 28 35  +001013.1 -000330.8  03 45 42.5  235.227 10.850  30.70  37237 13.8
2010-02-07  01:40:00  09 04 57.3  -15 23 14  +001022.0 -000324.9  03 44 25.8  234.431 10.291  31.07  37212 13.8

   Date        UTC        RA         DECL      RARate   DeclRate    HourAng      Az     Um    Phase  Range  Mag
2010-02-07  16:10:00  23 50 47.1  +11 53 49  +000778.6 +000108.3  03 30 59.0  249.787 33.904 134.84  41904 17.1
2010-02-07  16:20:00  23 59 27.4  +12 11 06  +000782.3 +000099.1  03 32 20.4  250.316 33.900 132.96  41870 17.0
2010-02-07  16:30:00  00 08 10.2  +12 26 50  +000786.1 +000089.6  03 33 39.2  250.815 33.882 131.04  41830 16.9
2010-02-07  16:40:00  00 16 55.5  +12 40 57  +000789.9 +000079.9  03 34 55.5  251.282 33.849 129.13  41786 16.8
2010-02-07  16:50:00  00 25 43.5  +12 53 27  +000793.8 +000070.1  03 36 09.2  251.718 33.803 127.19  41737 16.7
2010-02-07  17:00:00  00 34 34.0  +13 04 18  +000797.7 +000060.0  03 37 20.3  252.121 33.742 125.25  41684 16.5
2010-02-07  17:10:00  00 43 27.1  +13 13 28  +000801.7 +000049.8  03 38 28.9  252.492 33.668 123.28  41626 16.4
2010-02-07  17:20:00  00 52 22.8  +13 20 54  +000805.6 +000039.5  03 39 34.8  252.829 33.578 121.32  41564 16.3
2010-02-07  17:30:00  01 01 21.2  +13 26 36  +000809.5 +000028.9  03 40 38.0  253.132 33.474 119.33  41497 16.2
2010-02-07  17:40:00  01 10 22.2  +13 30 32  +000813.4 +000018.2  03 41 38.7  253.402 33.355 117.34  41427 16.1
2010-02-07  17:50:00  01 19 25.7  +13 32 40  +000817.2 +000007.4  03 42 36.8  253.637 33.221 115.33  41352 16.0
2010-02-07  18:00:00  01 28 31.8  +13 32 59  +000821.0 -000003.6  03 43 32.4  253.838 33.072 113.32  41274 15.9
2010-02-07  18:10:00  01 37 40.4  +13 31 28  +000824.8 -000014.7  03 44 25.4  254.005 32.907 111.28  41192 15.8
2010-02-07  18:20:00  01 46 51.5  +13 28 04  +000828.5 -000026.0  03 45 15.9  254.137 32.726 109.24  41106 15.7
2010-02-07  18:30:00  01 56 05.0  +13 22 47  +000832.1 -000037.3  03 46 04.1  254.235 32.528 107.19  41017 15.7
2010-02-07  18:40:00  02 05 20.9  +13 15 37  +000835.6 -000048.8  03 46 49.8  254.299 32.314 105.13  40925 15.6
2010-02-07  18:50:00  02 14 39.1  +13 06 31  +000839.0 -000060.3  03 47 33.3  254.329 32.083 103.05  40829 15.5
2010-02-07  19:00:00  02 23 59.6  +12 55 30  +000842.4 -000072.0  03 48 14.4  254.326 31.835 100.97  40731 15.4
2010-02-07  19:10:00  02 33 22.3  +12 42 32  +000845.7 -000083.6  03 48 53.4  254.289 31.569  98.86  40630 15.3
2010-02-07  19:20:00  02 42 47.1  +12 27 37  +000848.8 -000095.3  03 49 30.2  254.220 31.285  96.76  40527 15.3
2010-02-07  19:30:00  02 52 14.0  +12 10 46  +000851.9 -000107.1  03 50 04.9  254.118 30.983  94.63  40421 15.2
2010-02-07  19:40:00  03 01 43.0  +11 51 57  +000854.9 -000118.8  03 50 37.6  253.984 30.662  92.51  40313 15.1
2010-02-07  19:50:00  03 11 13.9  +11 31 10  +000857.8 -000130.5  03 51 08.3  253.820 30.322  90.36  40204 15.0
2010-02-07  20:00:00  03 20 46.8  +11 08 27  +000860.7 -000142.2  03 51 37.1  253.624 29.963  88.22  40093 15.0
2010-02-07  20:10:00  03 30 21.5  +10 43 47  +000863.5 -000153.8  03 52 04.0  253.399 29.585  86.05  39981 14.9
2010-02-07  20:20:00  03 39 58.1  +10 17 11  +000866.2 -000165.3  03 52 29.1  253.145 29.188  83.89  39867 14.8
2010-02-07  20:30:00  03 49 36.5  +09 48 41  +000868.9 -000176.8  03 52 52.4  252.862 28.771  81.71  39753 14.8
2010-02-07  20:40:00  03 59 16.6  +09 18 16  +000871.6 -000188.1  03 53 13.8  252.551 28.335  79.53  39639 14.7
2010-02-07  20:50:00  04 08 58.6  +08 45 60  +000874.3 -000199.2  03 53 33.5  252.214 27.880  77.33  39524 14.6
2010-02-07  21:00:00  04 18 42.3  +08 11 52  +000876.9 -000210.2  03 53 51.4  251.851 27.405  75.14  39409 14.6
2010-02-07  21:10:00  04 28 27.8  +07 35 56  +000879.6 -000221.0  03 54 07.6  251.462 26.912  72.93  39295 14.5
2010-02-07  21:20:00  04 38 15.2  +06 58 13  +000882.4 -000231.5  03 54 21.9  251.049 26.400  70.73  39181 14.5
2010-02-07  21:30:00  04 48 04.3  +06 18 47  +000885.1 -000241.8  03 54 34.4  250.612 25.869  68.52  39068 14.4
2010-02-07  21:40:00  04 57 55.3  +05 37 38  +000888.0 -000251.8  03 54 45.0  250.152 25.322  66.32  38956 14.4
2010-02-07  21:50:00  05 07 48.3  +04 54 52  +000891.0 -000261.5  03 54 53.6  249.671 24.757  64.11  38846 14.3
2010-02-07  22:00:00  05 17 43.3  +04 10 31  +000894.1 -000270.8  03 55 00.3  249.168 24.176  61.92  38737 14.3
2010-02-07  22:10:00  05 27 40.4  +03 24 38  +000897.3 -000279.7  03 55 04.8  248.644 23.579  59.73  38630 14.2
2010-02-07  22:20:00  05 37 39.7  +02 37 18  +000900.7 -000288.2  03 55 07.2  248.101 22.968  57.56  38525 14.2
2010-02-07  22:30:00  05 47 41.3  +01 48 35  +000904.2 -000296.3  03 55 07.2  247.539 22.343  55.39  38423 14.1
2010-02-07  22:40:00  05 57 45.4  +00 58 34  +000908.0 -000303.9  03 55 04.8  246.958 21.707  53.26  38323 14.1
2010-02-07  22:50:00  06 07 52.1  +00 07 19  +000912.0 -000311.0  03 54 59.7  246.360 21.059  51.14  38227 14.1
2010-02-07  23:00:00  06 18 01.5  -00 45 03  +000916.3 -000317.5  03 54 52.0  245.745 20.402  49.07  38133 14.0
2010-02-07  23:10:00  06 28 13.8  -01 38 28  +000920.8 -000323.4  03 54 41.3  245.113 19.736  47.03  38043 14.0
2010-02-07  23:20:00  06 38 29.3  -02 32 50  +000925.6 -000328.8  03 54 27.5  244.466 19.064  45.05  37957 14.0
2010-02-07  23:30:00  06 48 48.0  -03 28 02  +000930.7 -000333.5  03 54 10.4  243.803 18.388  43.12  37874 13.9
2010-02-07  23:40:00  06 59 10.2  -04 23 58  +000936.1 -000337.5  03 53 49.8  243.126 17.708  41.28  37795 13.9
2010-02-07  23:50:00  07 09 36.1  -05 20 30  +000941.8 -000340.8  03 53 25.5  242.436 17.028  39.51  37720 13.9
2010-02-08  00:00:00  07 20 06.0  -06 17 32  +000947.8 -000343.4  03 52 57.3  241.731 16.348  37.85  37650 13.9
2010-02-08  00:10:00  07 30 40.0  -07 14 55  +000954.2 -000345.2  03 52 25.0  241.014 15.671  36.30  37584 13.8
2010-02-08  00:20:00  07 41 18.3  -08 12 33  +000960.9 -000346.2  03 51 48.3  240.285 15.000  34.90  37523 13.8
2010-02-08  00:30:00  07 52 01.3  -09 10 16  +000968.0 -000346.4  03 51 07.0  239.545 14.335  33.66  37466 13.8
2010-02-08  00:40:00  08 02 49.0  -10 07 57  +000975.3 -000345.7  03 50 20.9  238.793 13.680  32.60  37414 13.8
2010-02-08  00:50:00  08 13 41.8  -11 05 27  +000983.0 -000344.1  03 49 29.7  238.032 13.037  31.75  37366 13.8
2010-02-08  01:00:00  08 24 39.8  -12 02 36  +000991.0 -000341.6  03 48 33.4  237.262 12.408  31.12  37324 13.8
2010-02-08  01:10:00  08 35 43.2  -12 59 16  +000999.3 -000338.2  03 47 31.6  236.483 11.796  30.73  37287 13.8
2010-02-08  01:20:00  08 46 52.3  -13 55 17  +001007.9 -000333.9  03 46 24.2  235.697 11.201  30.60  37254 13.8
2010-02-08  01:30:00  08 58 07.1  -14 50 30  +001016.6 -000328.5  03 45 11.0  234.905 10.628  30.72  37226 13.8
2010-02-08  01:40:00  09 09 27.8  -15 44 45  +001025.6 -000322.3  03 43 51.9  234.107 10.078  31.10  37204 13.8

   Date        UTC        RA         DECL      RARate   DeclRate    HourAng      Az     Um    Phase  Range  Mag
2010-02-08  16:10:00  23 54 12.9  +12 00 48  +000780.1 +000104.6  03 31 29.7  249.993 33.908 135.06  41891 17.2
2010-02-08  16:20:00  00 02 54.2  +12 17 27  +000783.8 +000095.3  03 32 50.1  250.510 33.898 133.18  41854 17.0
2010-02-08  16:30:00  00 11 38.0  +12 32 32  +000787.6 +000085.7  03 34 08.0  250.996 33.874 131.27  41813 16.9
2010-02-08  16:40:00  00 20 24.3  +12 46 01  +000791.5 +000076.0  03 35 23.3  251.451 33.836 129.35  41767 16.8
2010-02-08  16:50:00  00 29 13.3  +12 57 52  +000795.4 +000066.1  03 36 36.0  251.874 33.784 127.41  41716 16.7
2010-02-08  17:00:00  00 38 04.8  +13 08 02  +000799.3 +000056.0  03 37 46.1  252.264 33.718 125.47  41661 16.6
2010-02-08  17:10:00  00 46 59.0  +13 16 30  +000803.2 +000045.7  03 38 53.6  252.621 33.637 123.50  41602 16.4
2010-02-08  17:20:00  00 55 55.7  +13 23 15  +000807.1 +000035.2  03 39 58.4  252.945 33.542 121.54  41538 16.3
2010-02-08  17:30:00  01 04 55.1  +13 28 15  +000811.0 +000024.6  03 41 00.7  253.235 33.432 119.54  41470 16.2
2010-02-08  17:40:00  01 13 57.1  +13 31 28  +000814.9 +000013.9  03 42 00.4  253.491 33.307 117.55  41398 16.1
2010-02-08  17:50:00  01 23 01.6  +13 32 52  +000818.7 +000003.0  03 42 57.5  253.713 33.167 115.54  41322 16.0
2010-02-08  18:00:00  01 32 08.7  +13 32 27  +000822.5 -000008.1  03 43 52.0  253.900 33.011 113.52  41242 15.9
2010-02-08  18:10:00  01 41 18.3  +13 30 11  +000826.2 -000019.2  03 44 44.1  254.053 32.839 111.48  41158 15.8
2010-02-08  18:20:00  01 50 30.3  +13 26 02  +000829.9 -000030.5  03 45 33.7  254.172 32.652 109.44  41071 15.8
2010-02-08  18:30:00  01 59 44.8  +13 19 60  +000833.4 -000041.9  03 46 20.9  254.257 32.448 107.38  40981 15.7
2010-02-08  18:40:00  02 09 01.6  +13 12 03  +000836.9 -000053.4  03 47 05.7  254.307 32.227 105.32  40887 15.6
2010-02-08  18:50:00  02 18 20.7  +13 02 12  +000840.3 -000065.0  03 47 48.3  254.324 31.989 103.23  40791 15.5
2010-02-08  19:00:00  02 27 42.0  +12 50 24  +000843.7 -000076.6  03 48 28.6  254.307 31.734 101.15  40691 15.4
2010-02-08  19:10:00  02 37 05.5  +12 36 40  +000846.9 -000088.3  03 49 06.7  254.258 31.460  99.04  40589 15.3
2010-02-08  19:20:00  02 46 31.2  +12 20 58  +000850.0 -000100.0  03 49 42.7  254.175 31.169  96.93  40485 15.3
2010-02-08  19:30:00  02 55 58.9  +12 03 20  +000853.1 -000111.7  03 50 16.7  254.061 30.859  94.80  40378 15.2
2010-02-08  19:40:00  03 05 28.6  +11 43 44  +000856.1 -000123.5  03 50 48.6  253.915 30.531  92.67  40270 15.1
2010-02-08  19:50:00  03 15 00.3  +11 22 11  +000859.0 -000135.2  03 51 18.5  253.738 30.184  90.52  40160 15.0
2010-02-08  20:00:00  03 24 33.8  +10 58 41  +000861.8 -000146.8  03 51 46.6  253.531 29.817  88.37  40048 15.0
2010-02-08  20:10:00  03 34 09.3  +10 33 15  +000864.6 -000158.4  03 52 12.8  253.294 29.431  86.20  39936 14.9
2010-02-08  20:20:00  03 43 46.6  +10 05 54  +000867.3 -000169.9  03 52 37.2  253.028 29.026  84.03  39822 14.8
2010-02-08  20:30:00  03 53 25.6  +09 36 38  +000870.0 -000181.3  03 52 59.7  252.735 28.602  81.84  39708 14.8
2010-02-08  20:40:00  04 03 06.5  +09 05 28  +000872.6 -000192.5  03 53 20.5  252.413 28.158  79.65  39593 14.7
2010-02-08  20:50:00  04 12 49.2  +08 32 28  +000875.3 -000203.6  03 53 39.5  252.066 27.695  77.45  39478 14.6
2010-02-08  21:00:00  04 22 33.6  +07 57 37  +000878.0 -000214.5  03 53 56.7  251.692 27.213  75.25  39364 14.6
2010-02-08  21:10:00  04 32 19.8  +07 20 58  +000880.7 -000225.2  03 54 12.1  251.294 26.712  73.04  39249 14.5
2010-02-08  21:20:00  04 42 07.9  +06 42 34  +000883.4 -000235.6  03 54 25.7  250.871 26.192  70.83  39136 14.5
2010-02-08  21:30:00  04 51 57.7  +06 02 26  +000886.3 -000245.8  03 54 37.5  250.425 25.655  68.61  39023 14.4
2010-02-08  21:40:00  05 01 49.5  +05 20 39  +000889.2 -000255.7  03 54 47.3  249.957 25.100  66.41  38912 14.4
2010-02-08  21:50:00  05 11 43.3  +04 37 14  +000892.2 -000265.2  03 54 55.2  249.466 24.529  64.19  38802 14.3
2010-02-08  22:00:00  05 21 39.1  +03 52 16  +000895.3 -000274.3  03 55 01.0  248.955 23.941  61.99  38694 14.3
2010-02-08  22:10:00  05 31 37.1  +03 05 49  +000898.6 -000283.1  03 55 04.7  248.424 23.339  59.79  38588 14.2
2010-02-08  22:20:00  05 41 37.3  +02 17 56  +000902.1 -000291.5  03 55 06.1  247.873 22.722  57.62  38484 14.2
2010-02-08  22:30:00  05 51 39.9  +01 28 41  +000905.7 -000299.3  03 55 05.2  247.304 22.093  55.44  38383 14.1
2010-02-08  22:40:00  06 01 45.0  +00 38 11  +000909.6 -000306.7  03 55 01.7  246.716 21.452  53.31  38284 14.1
2010-02-08  22:50:00  06 11 52.7  -00 13 31  +000913.7 -000313.6  03 54 55.6  246.111 20.800  51.18  38189 14.1
2010-02-08  23:00:00  06 22 03.3  -01 06 19  +000918.1 -000319.9  03 54 46.7  245.489 20.139  49.11  38097 14.0
2010-02-08  23:10:00  06 32 16.9  -02 00 08  +000922.7 -000325.6  03 54 34.8  244.851 19.471  47.06  38008 14.0
2010-02-08  23:20:00  06 42 33.6  -02 54 50  +000927.6 -000330.7  03 54 19.7  244.198 18.797  45.08  37923 14.0
2010-02-08  23:30:00  06 52 53.7  -03 50 19  +000932.8 -000335.1  03 54 01.2  243.530 18.120  43.14  37842 13.9
2010-02-08  23:40:00  07 03 17.4  -04 46 30  +000938.3 -000338.9  03 53 39.2  242.847 17.439  41.29  37764 13.9
2010-02-08  23:50:00  07 13 44.9  -05 43 15  +000944.2 -000341.9  03 53 13.4  242.151 16.759  39.52  37691 13.9
2010-02-09  00:00:00  07 24 16.4  -06 40 26  +000950.4 -000344.2  03 52 43.5  241.441 16.080  37.86  37623 13.9
2010-02-09  00:10:00  07 34 52.1  -07 37 56  +000956.9 -000345.7  03 52 09.4  240.719 15.406  36.31  37558 13.8
2010-02-09  00:20:00  07 45 32.3  -08 35 36  +000963.7 -000346.3  03 51 30.9  239.986 14.737  34.91  37499 13.8
2010-02-09  00:30:00  07 56 17.1  -09 33 19  +000970.9 -000346.2  03 50 47.7  239.241 14.076  33.66  37444 13.8
2010-02-09  00:40:00  08 07 06.9  -10 30 56  +000978.4 -000345.1  03 49 59.6  238.486 13.426  32.61  37394 13.8
2010-02-09  00:50:00  08 18 01.7  -11 28 19  +000986.2 -000343.2  03 49 06.4  237.721 12.788  31.75  37348 13.8
2010-02-09  01:00:00  08 29 01.9  -12 25 17  +000994.4 -000340.3  03 48 07.8  236.947 12.165  31.13  37308 13.8
2010-02-09  01:10:00  08 40 07.6  -13 21 42  +001002.7 -000336.5  03 47 03.8  236.165 11.560  30.74  37272 13.8
2010-02-09  01:20:00  08 51 18.9  -14 17 25  +001011.4 -000331.8  03 45 54.1  235.376 10.974  30.61  37242 13.8
2010-02-09  01:30:00  09 02 36.1  -15 12 16  +001020.2 -000326.1  03 44 38.5  234.582 10.410  30.73  37216 13.8

   Date        UTC        RA         DECL      RARate   DeclRate    HourAng      Az     Um    Phase  Range  Mag
2010-02-09  16:20:00  00 06 21.4  +12 23 31  +000785.3 +000091.4  03 33 19.5  250.698 33.894 133.40  41839 17.0
2010-02-09  16:30:00  00 15 06.2  +12 37 58  +000789.1 +000081.8  03 34 36.3  251.172 33.864 131.49  41796 16.9
2010-02-09  16:40:00  00 23 53.5  +12 50 47  +000793.0 +000072.0  03 35 50.6  251.614 33.821 129.58  41748 16.8
2010-02-09  16:50:00  00 32 43.5  +13 01 58  +000796.9 +000062.0  03 37 02.3  252.024 33.763 127.63  41695 16.7
2010-02-09  17:00:00  00 41 36.0  +13 11 27  +000800.8 +000051.9  03 38 11.4  252.402 33.691 125.69  41639 16.6
2010-02-09  17:10:00  00 50 31.2  +13 19 14  +000804.7 +000041.5  03 39 17.9  252.746 33.604 123.72  41577 16.5
2010-02-09  17:20:00  00 59 29.0  +13 25 17  +000808.6 +000031.0  03 40 21.7  253.056 33.503 121.75  41512 16.3
2010-02-09  17:30:00  01 08 29.4  +13 29 34  +000812.5 +000020.4  03 41 23.0  253.333 33.387 119.76  41442 16.2
2010-02-09  17:40:00  01 17 32.3  +13 32 04  +000816.4 +000009.5  03 42 21.7  253.575 33.255 117.77  41369 16.1
2010-02-09  17:50:00  01 26 37.8  +13 32 44  +000820.2 -000001.4  03 43 17.8  253.783 33.109 115.75  41291 16.0
2010-02-09  18:00:00  01 35 45.9  +13 31 35  +000823.9 -000012.5  03 44 11.4  253.957 32.947 113.73  41210 15.9
2010-02-09  18:10:00  01 44 56.4  +13 28 34  +000827.6 -000023.7  03 45 02.5  254.096 32.769 111.68  41125 15.8
2010-02-09  18:20:00  01 54 09.4  +13 23 40  +000831.3 -000035.1  03 45 51.2  254.202 32.575 109.64  41036 15.8
2010-02-09  18:30:00  02 03 24.7  +13 16 52  +000834.8 -000046.5  03 46 37.5  254.273 32.364 107.57  40945 15.7
2010-02-09  18:40:00  02 12 42.4  +13 08 10  +000838.2 -000058.0  03 47 21.4  254.310 32.136 105.51  40850 15.6
2010-02-09  18:50:00  02 22 02.4  +12 57 32  +000841.6 -000069.6  03 48 03.1  254.314 31.891 103.42  40752 15.5
2010-02-09  19:00:00  02 31 24.6  +12 44 58  +000844.9 -000081.3  03 48 42.6  254.284 31.629 101.33  40652 15.4
2010-02-09  19:10:00  02 40 48.9  +12 30 27  +000848.1 -000092.9  03 49 19.9  254.221 31.348  99.21  40549 15.3
2010-02-09  19:20:00  02 50 15.3  +12 13 59  +000851.2 -000104.7  03 49 55.1  254.126 31.049  97.10  40443 15.3
2010-02-09  19:30:00  02 59 43.8  +11 55 34  +000854.2 -000116.4  03 50 28.3  253.999 30.732  94.97  40336 15.2
2010-02-09  19:40:00  03 09 14.3  +11 35 11  +000857.2 -000128.1  03 50 59.4  253.841 30.396  92.83  40227 15.1
2010-02-09  19:50:00  03 18 46.7  +11 12 52  +000860.0 -000139.8  03 51 28.7  253.652 30.041  90.67  40116 15.0
2010-02-09  20:00:00  03 28 21.0  +10 48 35  +000862.9 -000151.4  03 51 56.0  253.433 29.667  88.52  40004 15.0
2010-02-09  20:10:00  03 37 57.1  +10 22 24  +000865.6 -000163.0  03 52 21.5  253.185 29.273  86.34  39891 14.9
2010-02-09  20:20:00  03 47 35.1  +09 54 16  +000868.3 -000174.4  03 52 45.2  252.908 28.860  84.16  39777 14.8
2010-02-09  20:30:00  03 57 14.9  +09 24 15  +000871.0 -000185.8  03 53 07.0  252.603 28.428  81.97  39663 14.8
2010-02-09  20:40:00  04 06 56.4  +08 52 22  +000873.7 -000196.9  03 53 27.1  252.272 27.976  79.78  39548 14.7
2010-02-09  20:50:00  04 16 39.8  +08 18 37  +000876.3 -000208.0  03 53 45.5  251.914 27.506  77.56  39433 14.6
2010-02-09  21:00:00  04 26 24.9  +07 43 03  +000879.0 -000218.8  03 54 02.0  251.530 27.016  75.36  39318 14.6
2010-02-09  21:10:00  04 36 11.8  +07 05 43  +000881.8 -000229.4  03 54 16.7  251.122 26.508  73.14  39204 14.5
2010-02-09  21:20:00  04 46 00.6  +06 26 37  +000884.5 -000239.7  03 54 29.6  250.690 25.981  70.93  39091 14.5
2010-02-09  21:30:00  04 55 51.2  +05 45 50  +000887.4 -000249.7  03 54 40.6  250.236 25.437  68.70  38979 14.4
2010-02-09  21:40:00  05 05 43.8  +05 03 24  +000890.3 -000259.5  03 54 49.7  249.758 24.875  66.49  38868 14.4
2010-02-09  21:50:00  05 15 38.3  +04 19 22  +000893.4 -000268.8  03 54 56.8  249.260 24.298  64.26  38759 14.3
2010-02-09  22:00:00  05 25 35.0  +03 33 48  +000896.6 -000277.9  03 55 01.7  248.741 23.704  62.06  38651 14.3
2010-02-09  22:10:00  05 35 33.8  +02 46 46  +000900.0 -000286.5  03 55 04.5  248.202 23.096  59.85  38546 14.2
2010-02-09  22:20:00  05 45 35.0  +01 58 20  +000903.5 -000294.6  03 55 05.0  247.644 22.474  57.67  38443 14.2
2010-02-09  22:30:00  05 55 38.5  +01 08 35  +000907.3 -000302.3  03 55 03.1  247.067 21.840  55.49  38343 14.1
2010-02-09  22:40:00  06 05 44.7  +00 17 36  +000911.2 -000309.5  03 54 58.6  246.472 21.195  53.35  38246 14.1
2010-02-09  22:50:00  06 15 53.5  -00 34 33  +000915.4 -000316.1  03 54 51.4  245.861 20.539  51.22  38151 14.1
2010-02-09  23:00:00  06 26 05.3  -01 27 45  +000919.9 -000322.2  03 54 41.3  245.232 19.875  49.14  38061 14.0
2010-02-09  23:10:00  06 36 20.1  -02 21 55  +000924.6 -000327.7  03 54 28.1  244.588 19.205  47.08  37973 14.0
2010-02-09  23:20:00  06 46 38.2  -03 16 56  +000929.7 -000332.5  03 54 11.7  243.929 18.529  45.09  37890 14.0
2010-02-09  23:30:00  06 56 59.7  -04 12 43  +000935.0 -000336.7  03 53 51.8  243.255 17.851  43.15  37810 13.9
2010-02-09  23:40:00  07 07 24.9  -05 09 07  +000940.7 -000340.1  03 53 28.2  242.567 17.170  41.30  37734 13.9
2010-02-09  23:50:00  07 17 54.0  -06 06 03  +000946.6 -000342.9  03 53 00.8  241.865 16.490  39.52  37663 13.9
2010-02-10  00:00:00  07 28 27.2  -07 03 22  +000953.0 -000344.8  03 52 29.3  241.151 15.813  37.86  37596 13.8
2010-02-10  00:10:00  07 39 04.7  -08 00 57  +000959.6 -000346.0  03 51 53.4  240.424 15.141  36.31  37533 13.8
2010-02-10  00:20:00  07 49 46.7  -08 58 39  +000966.6 -000346.3  03 51 13.0  239.686 14.475  34.91  37475 13.8
2010-02-10  00:30:00  08 00 33.5  -09 56 21  +000973.9 -000345.8  03 50 27.8  238.936 13.818  33.66  37422 13.8
2010-02-10  00:40:00  08 11 25.3  -10 53 52  +000981.6 -000344.4  03 49 37.7  238.177 13.173  32.60  37374 13.8
2010-02-10  00:50:00  08 22 22.3  -11 51 06  +000989.5 -000342.1  03 48 42.3  237.408 12.541  31.75  37330 13.8
2010-02-10  01:00:00  08 33 24.7  -12 47 52  +000997.7 -000338.9  03 47 41.6  236.631 11.925  31.13  37292 13.8
2010-02-10  01:10:00  08 44 32.7  -13 44 01  +001006.2 -000334.7  03 46 35.3  235.847 11.327  30.74  37258 13.8
2010-02-10  01:20:00  08 55 46.4  -14 39 23  +001014.9 -000329.6  03 45 23.2  235.055 10.750  30.61  37230 13.8
2010-02-10  01:30:00  09 07 05.9  -15 33 50  +001023.9 -000323.5  03 44 05.3  234.258 10.195  30.74  37206 13.8

   Date        UTC        RA         DECL      RARate   DeclRate    HourAng      Az     Um    Phase  Range  Mag
2010-02-10  16:20:00  00 09 49.1  +12 29 19  +000786.7 +000087.6  03 33 48.3  250.881 33.888 133.63  41823 17.1
2010-02-10  16:30:00  00 18 34.9  +12 43 06  +000790.6 +000077.9  03 35 04.2  251.343 33.852 131.71  41778 16.9
2010-02-10  16:40:00  00 27 23.2  +12 55 16  +000794.5 +000068.0  03 36 17.5  251.772 33.803 129.80  41728 16.8
2010-02-10  16:50:00  00 36 14.2  +13 05 46  +000798.4 +000058.0  03 37 28.2  252.169 33.739 127.86  41674 16.7
2010-02-10  17:00:00  00 45 07.7  +13 14 35  +000802.3 +000047.7  03 38 36.3  252.533 33.661 125.91  41616 16.6
2010-02-10  17:10:00  00 54 03.9  +13 21 40  +000806.2 +000037.3  03 39 41.7  252.864 33.568 123.94  41553 16.5
2010-02-10  17:20:00  01 03 02.7  +13 27 01  +000810.1 +000026.7  03 40 44.6  253.161 33.461 121.97  41486 16.4
2010-02-10  17:30:00  01 12 04.0  +13 30 35  +000814.0 +000016.0  03 41 44.9  253.424 33.339 119.97  41415 16.2
2010-02-10  17:40:00  01 21 08.0  +13 32 21  +000817.8 +000005.2  03 42 42.6  253.653 33.201 117.98  41339 16.1
2010-02-10  17:50:00  01 30 14.5  +13 32 17  +000821.6 -000005.9  03 43 37.7  253.848 33.048 115.95  41260 16.0
2010-02-10  18:00:00  01 39 23.4  +13 30 23  +000825.3 -000017.0  03 44 30.4  254.008 32.880 113.93  41177 15.9
2010-02-10  18:10:00  01 48 34.9  +13 26 37  +000829.0 -000028.3  03 45 20.6  254.134 32.695 111.88  41091 15.9
2010-02-10  18:20:00  01 57 48.8  +13 20 58  +000832.6 -000039.6  03 46 08.4  254.226 32.494 109.84  41001 15.8
2010-02-10  18:30:00  02 07 05.0  +13 13 25  +000836.1 -000051.1  03 46 53.8  254.283 32.277 107.77  40908 15.7
2010-02-10  18:40:00  02 16 23.6  +13 03 56  +000839.5 -000062.6  03 47 36.9  254.307 32.042 105.70  40812 15.6
2010-02-10  18:50:00  02 25 44.4  +12 52 32  +000842.9 -000074.2  03 48 17.7  254.298 31.790 103.60  40713 15.5
2010-02-10  19:00:00  02 35 07.3  +12 39 11  +000846.1 -000085.9  03 48 56.4  254.255 31.520 101.51  40612 15.4
2010-02-10  19:10:00  02 44 32.5  +12 23 54  +000849.3 -000097.6  03 49 32.9  254.180 31.232  99.39  40508 15.3
2010-02-10  19:20:00  02 53 59.7  +12 06 39  +000852.3 -000109.3  03 50 07.3  254.072 30.926  97.27  40402 15.3
2010-02-10  19:30:00  03 03 28.9  +11 47 27  +000855.3 -000121.1  03 50 39.7  253.933 30.601  95.13  40294 15.2
2010-02-10  19:40:00  03 13 00.1  +11 26 18  +000858.3 -000132.8  03 51 10.2  253.763 30.257  92.99  40184 15.1
2010-02-10  19:50:00  03 22 33.2  +11 03 12  +000861.1 -000144.4  03 51 38.7  253.562 29.895  90.82  40073 15.0
2010-02-10  20:00:00  03 32 08.2  +10 38 10  +000863.9 -000156.0  03 52 05.3  253.331 29.513  88.66  39960 15.0
2010-02-10  20:10:00  03 41 45.1  +10 11 12  +000866.6 -000167.5  03 52 30.1  253.072 29.111  86.48  39847 14.9
2010-02-10  20:20:00  03 51 23.7  +09 42 20  +000869.3 -000178.9  03 52 53.1  252.784 28.691  84.29  39732 14.8
2010-02-10  20:30:00  04 01 04.2  +09 11 34  +000872.0 -000190.2  03 53 14.3  252.469 28.251  82.09  39618 14.8
2010-02-10  20:40:00  04 10 46.4  +08 38 56  +000874.7 -000201.3  03 53 33.7  252.126 27.791  79.89  39503 14.7
2010-02-10  20:50:00  04 20 30.4  +08 04 28  +000877.4 -000212.3  03 53 51.4  251.758 27.313  77.67  39388 14.6
2010-02-10  21:00:00  04 30 16.2  +07 28 12  +000880.1 -000223.0  03 54 07.2  251.365 26.816  75.46  39274 14.6
2010-02-10  21:10:00  04 40 03.8  +06 50 10  +000882.8 -000233.5  03 54 21.2  250.948 26.300  73.23  39160 14.5
2010-02-10  21:20:00  04 49 53.3  +06 10 24  +000885.6 -000243.7  03 54 33.4  250.507 25.766  71.02  39047 14.5
2010-02-10  21:30:00  04 59 44.6  +05 28 57  +000888.5 -000253.6  03 54 43.7  250.043 25.215  68.78  38935 14.4
2010-02-10  21:40:00  05 09 38.0  +04 45 53  +000891.5 -000263.2  03 54 52.0  249.558 24.647  66.56  38825 14.4
2010-02-10  21:50:00  05 19 33.4  +04 01 14  +000894.6 -000272.4  03 54 58.3  249.051 24.063  64.33  38716 14.3
2010-02-10  22:00:00  05 29 30.9  +03 15 05  +000897.9 -000281.3  03 55 02.4  248.524 23.464  62.12  38609 14.3
2010-02-10  22:10:00  05 39 30.6  +02 27 30  +000901.3 -000289.7  03 55 04.3  247.978 22.850  59.91  38505 14.2
2010-02-10  22:20:00  05 49 32.7  +01 38 33  +000905.0 -000297.7  03 55 03.9  247.412 22.223  57.72  38403 14.2
2010-02-10  22:30:00  05 59 37.2  +00 48 18  +000908.8 -000305.2  03 55 01.0  246.828 21.584  55.53  38304 14.1
2010-02-10  22:40:00  06 09 44.4  -00 03 09  +000912.9 -000312.2  03 54 55.4  246.227 20.935  53.38  38208 14.1
2010-02-10  22:50:00  06 19 54.5  -00 55 43  +000917.2 -000318.6  03 54 47.0  245.609 20.276  51.25  38115 14.1
2010-02-10  23:00:00  06 30 07.4  -01 49 19  +000921.8 -000324.4  03 54 35.7  244.974 19.610  49.16  38025 14.0
2010-02-10  23:10:00  06 40 23.5  -02 43 50  +000926.6 -000329.6  03 54 21.3  244.324 18.937  47.10  37939 14.0
2010-02-10  23:20:00  06 50 43.0  -03 39 09  +000931.8 -000334.2  03 54 03.5  243.659 18.260  45.11  37857 14.0
2010-02-10  23:30:00  07 01 05.9  -04 35 12  +000937.2 -000338.1  03 53 42.1  242.979 17.580  43.16  37779 13.9
2010-02-10  23:40:00  07 11 32.7  -05 31 49  +000943.0 -000341.3  03 53 17.0  242.285 16.900  41.30  37705 13.9
2010-02-10  23:50:00  07 22 03.4  -06 28 54  +000949.2 -000343.7  03 52 48.0  241.579 16.221  39.52  37635 13.9
2010-02-11  00:00:00  07 32 38.3  -07 26 20  +000955.6 -000345.3  03 52 14.7  240.859 15.546  37.85  37570 13.8
2010-02-11  00:10:00  07 43 17.6  -08 23 58  +000962.4 -000346.2  03 51 37.0  240.128 14.876  36.30  37509 13.8
2010-02-11  00:20:00  07 54 01.5  -09 21 41  +000969.5 -000346.2  03 50 54.7  239.385 14.214  34.90  37453 13.8
2010-02-11  00:30:00  08 04 50.4  -10 19 19  +000977.0 -000345.3  03 50 07.6  238.632 13.561  33.65  37401 13.8
2010-02-11  00:40:00  08 15 44.2  -11 16 44  +000984.7 -000343.6  03 49 15.3  237.868 12.921  32.59  37355 13.8
2010-02-11  00:50:00  08 26 43.4  -12 13 47  +000992.8 -000340.9  03 48 17.8  237.096 12.296  31.74  37313 13.8
2010-02-11  01:00:00  08 37 48.0  -13 10 19  +001001.2 -000337.3  03 47 14.8  236.316 11.687  31.12  37277 13.8
2010-02-11  01:10:00  08 48 58.3  -14 06 11  +001009.7 -000332.8  03 46 06.2  235.528 11.097  30.73  37245 13.8
2010-02-11  01:20:00  09 00 14.4  -15 01 12  +001018.6 -000327.3  03 44 51.7  234.735 10.529  30.61  37218 13.8

   Date        UTC        RA         DECL      RARate   DeclRate    HourAng      Az     Um    Phase  Range  Mag
2010-02-11  16:20:00  00 13 17.4  +12 34 51  +000788.2 +000083.7  03 34 16.6  251.058 33.879 133.85  41807 17.1
2010-02-11  16:30:00  00 22 04.1  +12 47 59  +000792.1 +000073.9  03 35 31.5  251.507 33.838 131.94  41760 16.9
2010-02-11  16:40:00  00 30 53.4  +12 59 29  +000796.0 +000064.0  03 36 43.8  251.924 33.783 130.02  41709 16.8
2010-02-11  16:50:00  00 39 45.4  +13 09 18  +000799.9 +000053.8  03 37 53.5  252.308 33.713 128.08  41653 16.7
2010-02-11  17:00:00  00 48 39.9  +13 17 25  +000803.8 +000043.5  03 39 00.6  252.659 33.629 126.13  41593 16.6
2010-02-11  17:10:00  00 57 37.1  +13 23 48  +000807.7 +000033.1  03 40 05.1  252.976 33.530 124.16  41528 16.5
2010-02-11  17:20:00  01 06 36.8  +13 28 26  +000811.6 +000022.5  03 41 07.0  253.260 33.417 122.19  41459 16.4
2010-02-11  17:30:00  01 15 39.2  +13 31 17  +000815.4 +000011.7  03 42 06.3  253.510 33.288 120.19  41386 16.3
2010-02-11  17:40:00  01 24 44.1  +13 32 19  +000819.3 +000000.7  03 43 03.0  253.725 33.145 118.19  41310 16.2
2010-02-11  17:50:00  01 33 51.5  +13 31 32  +000823.0 -000010.3  03 43 57.2  253.906 32.985 116.16  41229 16.1
2010-02-11  18:00:00  01 43 01.4  +13 28 53  +000826.7 -000021.5  03 44 49.0  254.053 32.810 114.14  41145 16.0
2010-02-11  18:10:00  01 52 13.8  +13 24 21  +000830.4 -000032.8  03 45 38.2  254.165 32.619 112.08  41057 15.9
2010-02-11  18:20:00  02 01 28.6  +13 17 57  +000833.9 -000044.2  03 46 25.1  254.244 32.411 110.03  40966 15.8
2010-02-11  18:30:00  02 10 45.7  +13 09 37  +000837.4 -000055.7  03 47 09.7  254.288 32.186 107.96  40872 15.7
2010-02-11  18:40:00  02 20 05.0  +12 59 23  +000840.8 -000067.3  03 47 51.9  254.299 31.945 105.88  40775 15.6
2010-02-11  18:50:00  02 29 26.7  +12 47 12  +000844.1 -000078.9  03 48 32.0  254.276 31.685 103.78  40675 15.5
2010-02-11  19:00:00  02 38 50.4  +12 33 05  +000847.3 -000090.6  03 49 09.8  254.221 31.408 101.68  40572 15.4
2010-02-11  19:10:00  02 48 16.3  +12 17 00  +000850.4 -000102.3  03 49 45.6  254.133 31.113  99.56  40468 15.3
2010-02-11  19:20:00  02 57 44.3  +11 58 59  +000853.5 -000114.0  03 50 19.2  254.013 30.799  97.43  40361 15.3
2010-02-11  19:30:00  03 07 14.3  +11 39 01  +000856.4 -000125.7  03 50 50.9  253.861 30.466  95.29  40252 15.2
2010-02-11  19:40:00  03 16 46.2  +11 17 05  +000859.3 -000137.4  03 51 20.7  253.679 30.115  93.14  40142 15.1
2010-02-11  19:50:00  03 26 20.0  +10 53 13  +000862.1 -000149.0  03 51 48.5  253.467 29.744  90.97  40030 15.0
2010-02-11  20:00:00  03 35 55.7  +10 27 25  +000864.9 -000160.6  03 52 14.5  253.225 29.355  88.80  39917 15.0
2010-02-11  20:10:00  03 45 33.2  +09 59 42  +000867.6 -000172.1  03 52 38.6  252.954 28.945  86.61  39803 14.9
2010-02-11  20:20:00  03 55 12.5  +09 30 04  +000870.3 -000183.4  03 53 00.9  252.656 28.517  84.42  39688 14.8
2010-02-11  20:30:00  04 04 53.6  +08 58 34  +000873.0 -000194.6  03 53 21.5  252.330 28.069  82.21  39573 14.8
2010-02-11  20:40:00  04 14 36.4  +08 25 12  +000875.7 -000205.7  03 53 40.2  251.978 27.602  80.01  39458 14.7
2010-02-11  20:50:00  04 24 21.1  +07 50 01  +000878.4 -000216.5  03 53 57.2  251.600 27.116  77.78  39344 14.6
2010-02-11  21:00:00  04 34 07.6  +07 13 03  +000881.1 -000227.1  03 54 12.4  251.197 26.612  75.56  39229 14.6
2010-02-11  21:10:00  04 43 55.9  +06 34 19  +000883.9 -000237.5  03 54 25.7  250.770 26.089  73.33  39116 14.5
2010-02-11  21:20:00  04 53 46.1  +05 53 53  +000886.7 -000247.6  03 54 37.2  250.321 25.548  71.10  39003 14.5
2010-02-11  21:30:00  05 03 38.2  +05 11 48  +000889.6 -000257.4  03 54 46.7  249.849 24.990  68.86  38892 14.4
2010-02-11  21:40:00  05 13 32.3  +04 28 06  +000892.7 -000266.9  03 54 54.3  249.355 24.415  66.63  38782 14.4
2010-02-11  21:50:00  05 23 28.5  +03 42 52  +000895.9 -000276.0  03 54 59.7  248.840 23.825  64.40  38674 14.3
2010-02-11  22:00:00  05 33 26.8  +02 56 08  +000899.2 -000284.6  03 55 03.0  248.305 23.220  62.18  38568 14.3
2010-02-11  22:10:00  05 43 27.4  +02 08 00  +000902.7 -000292.9  03 55 04.0  247.751 22.601  59.96  38465 14.2
2010-02-11  22:20:00  05 53 30.5  +01 18 32  +000906.4 -000300.7  03 55 02.6  247.179 21.969  57.76  38364 14.2
2010-02-11  22:30:00  06 03 36.1  +00 27 49  +000910.4 -000308.0  03 54 58.7  246.588 21.326  55.57  38266 14.1
2010-02-11  22:40:00  06 13 44.3  -00 24 05  +000914.5 -000314.7  03 54 52.0  245.980 20.673  53.41  38171 14.1
2010-02-11  22:50:00  06 23 55.5  -01 17 04  +000919.0 -000320.9  03 54 42.5  245.355 20.011  51.27  38079 14.1
2010-02-11  23:00:00  06 34 09.7  -02 11 02  +000923.6 -000326.5  03 54 30.0  244.715 19.342  49.18  37991 14.0
2010-02-11  23:10:00  06 44 27.1  -03 05 52  +000928.6 -000331.5  03 54 14.2  244.059 18.667  47.11  37906 14.0
2010-02-11  23:20:00  06 54 47.9  -04 01 29  +000933.9 -000335.8  03 53 55.0  243.387 17.989  45.11  37825 14.0
2010-02-11  23:30:00  07 05 12.4  -04 57 46  +000939.5 -000339.4  03 53 32.2  242.702 17.309  43.16  37749 13.9
2010-02-11  23:40:00  07 15 40.7  -05 54 34  +000945.5 -000342.3  03 53 05.6  242.003 16.630  41.30  37676 13.9
2010-02-11  23:50:00  07 26 13.1  -06 51 48  +000951.7 -000344.4  03 52 34.8  241.292 15.952  39.51  37608 13.9
2010-02-12  00:00:00  07 36 49.7  -07 49 20  +000958.3 -000345.7  03 51 59.8  240.567 15.279  37.84  37544 13.8
2010-02-12  00:10:00  07 47 30.9  -08 46 60  +000965.2 -000346.2  03 51 20.3  239.831 14.612  36.29  37485 13.8
2010-02-12  00:20:00  07 58 16.7  -09 44 41  +000972.5 -000345.9  03 50 36.1  239.084 13.953  34.88  37431 13.8
2010-02-12  00:30:00  08 09 07.6  -10 42 15  +000980.1 -000344.7  03 49 46.9  238.327 13.306  33.63  37382 13.8
2010-02-12  00:40:00  08 20 03.6  -11 39 32  +000988.0 -000342.6  03 48 52.5  237.560 12.671  32.57  37337 13.8
2010-02-12  00:50:00  08 31 05.0  -12 36 23  +000996.2 -000339.5  03 47 52.8  236.784 12.052  31.72  37297 13.8
2010-02-12  01:00:00  08 42 11.9  -13 32 40  +001004.6 -000335.6  03 46 47.5  236.001 11.451  31.10  37262 13.8
2010-02-12  01:10:00  08 53 24.5  -14 28 12  +001013.3 -000330.7  03 45 36.6  235.211 10.870  30.72  37232 13.8
2010-02-12  01:20:00  09 04 43.0  -15 22 50  +001022.2 -000324.8  03 44 19.7  234.415 10.311  30.60  37208 13.8

   Date        UTC        RA         DECL      RARate   DeclRate    HourAng      Az     Um    Phase  Range  Mag
2010-02-12  16:20:00  00 16 46.2  +12 40 08  +000789.7 +000079.7  03 34 44.3  251.230 33.869 134.08  41790 17.1
2010-02-12  16:30:00  00 25 33.9  +12 52 36  +000793.5 +000069.9  03 35 58.2  251.666 33.822 132.16  41741 17.0
2010-02-12  16:40:00  00 34 24.3  +13 03 25  +000797.4 +000059.9  03 37 09.6  252.070 33.761 130.25  41688 16.8
2010-02-12  16:50:00  00 43 17.2  +13 12 33  +000801.3 +000049.7  03 38 18.3  252.441 33.685 128.30  41631 16.7
2010-02-12  17:00:00  00 52 12.7  +13 19 59  +000805.3 +000039.3  03 39 24.4  252.779 33.595 126.35  41569 16.6
2010-02-12  17:10:00  01 01 10.8  +13 25 39  +000809.2 +000028.8  03 40 27.9  253.083 33.490 124.38  41503 16.5
2010-02-12  17:20:00  01 10 11.6  +13 29 34  +000813.0 +000018.1  03 41 28.8  253.353 33.371 122.40  41432 16.4
2010-02-12  17:30:00  01 19 14.9  +13 31 42  +000816.9 +000007.3  03 42 27.2  253.589 33.236 120.40  41358 16.3
2010-02-12  17:40:00  01 28 20.7  +13 31 60  +000820.7 -000003.7  03 43 22.9  253.791 33.086 118.39  41280 16.2
2010-02-12  17:50:00  01 37 29.1  +13 30 28  +000824.4 -000014.8  03 44 16.2  253.959 32.920 116.37  41198 16.1
2010-02-12  18:00:00  01 46 39.9  +13 27 04  +000828.1 -000026.0  03 45 07.0  254.092 32.738 114.34  41112 16.0
2010-02-12  18:10:00  01 55 53.2  +13 21 47  +000831.7 -000037.4  03 45 55.4  254.191 32.540 112.28  41023 15.9
2010-02-12  18:20:00  02 05 08.8  +13 14 36  +000835.2 -000048.8  03 46 41.5  254.256 32.325 110.23  40931 15.8
2010-02-12  18:30:00  02 14 26.7  +13 05 31  +000838.6 -000060.3  03 47 25.2  254.287 32.094 108.15  40836 15.7
2010-02-12  18:40:00  02 23 46.9  +12 54 30  +000842.0 -000071.9  03 48 06.6  254.285 31.844 106.07  40737 15.6
2010-02-12  18:50:00  02 33 09.4  +12 41 33  +000845.2 -000083.6  03 48 45.8  254.250 31.578 103.96  40637 15.5
2010-02-12  19:00:00  02 42 33.9  +12 26 39  +000848.4 -000095.2  03 49 22.9  254.181 31.293 101.86  40533 15.4
2010-02-12  19:10:00  02 52 00.6  +12 09 48  +000851.5 -000107.0  03 49 57.9  254.081 30.990  99.72  40427 15.3
2010-02-12  19:20:00  03 01 29.2  +11 50 60  +000854.5 -000118.7  03 50 30.9  253.948 30.669  97.60  40320 15.3
2010-02-12  19:30:00  03 10 59.9  +11 30 14  +000857.5 -000130.4  03 51 01.8  253.785 30.329  95.44  40210 15.2
2010-02-12  19:40:00  03 20 32.5  +11 07 33  +000860.3 -000142.0  03 51 30.9  253.591 29.969  93.29  40099 15.1
2010-02-12  19:50:00  03 30 07.0  +10 42 54  +000863.1 -000153.6  03 51 58.0  253.367 29.591  91.11  39987 15.0
2010-02-12  20:00:00  03 39 43.3  +10 16 20  +000865.9 -000165.1  03 52 23.4  253.114 29.193  88.94  39873 15.0
2010-02-12  20:10:00  03 49 21.5  +09 47 52  +000868.6 -000176.6  03 52 46.8  252.832 28.776  86.74  39759 14.9
2010-02-12  20:20:00  03 59 01.4  +09 17 29  +000871.3 -000187.9  03 53 08.5  252.523 28.340  84.55  39645 14.8
2010-02-12  20:30:00  04 08 43.2  +08 45 15  +000874.0 -000199.0  03 53 28.4  252.187 27.884  82.33  39530 14.8
2010-02-12  20:40:00  04 18 26.7  +08 11 10  +000876.6 -000210.0  03 53 46.6  251.825 27.410  80.12  39415 14.7
2010-02-12  20:50:00  04 28 12.0  +07 35 16  +000879.3 -000220.7  03 54 02.9  251.437 26.916  77.88  39300 14.6
2010-02-12  21:00:00  04 37 59.1  +06 57 36  +000882.1 -000231.3  03 54 17.4  251.025 26.404  75.66  39186 14.6
2010-02-12  21:10:00  04 47 48.1  +06 18 12  +000884.9 -000241.5  03 54 30.1  250.590 25.874  73.42  39073 14.5
2010-02-12  21:20:00  04 57 39.0  +05 37 06  +000887.8 -000251.5  03 54 40.8  250.131 25.326  71.18  38961 14.5
2010-02-12  21:30:00  05 07 31.8  +04 54 23  +000890.8 -000261.2  03 54 49.6  249.651 24.761  68.94  38850 14.4
2010-02-12  21:40:00  05 17 26.7  +04 10 04  +000893.9 -000270.5  03 54 56.4  249.149 24.180  66.70  38741 14.4
2010-02-12  21:50:00  05 27 23.7  +03 24 15  +000897.1 -000279.4  03 55 01.1  248.627 23.584  64.46  38633 14.3
2010-02-12  22:00:00  05 37 22.9  +02 36 58  +000900.5 -000287.9  03 55 03.5  248.084 22.973  62.23  38528 14.3
2010-02-12  22:10:00  05 47 24.4  +01 48 18  +000904.1 -000296.0  03 55 03.6  247.523 22.349  60.00  38426 14.2
2010-02-12  22:20:00  05 57 28.4  +00 58 20  +000907.9 -000303.6  03 55 01.3  246.943 21.713  57.80  38326 14.2
2010-02-12  22:30:00  06 07 35.0  +00 07 08  +000911.9 -000310.7  03 54 56.3  246.346 21.065  55.60  38229 14.1
2010-02-12  22:40:00  06 17 44.4  -00 45 12  +000916.2 -000317.2  03 54 48.6  245.731 20.409  53.44  38135 14.1
2010-02-12  22:50:00  06 27 56.7  -01 38 34  +000920.8 -000323.2  03 54 37.9  245.101 19.744  51.29  38044 14.1
2010-02-12  23:00:00  06 38 12.1  -02 32 53  +000925.6 -000328.5  03 54 24.1  244.454 19.072  49.19  37957 14.0
2010-02-12  23:10:00  06 48 30.9  -03 28 02  +000930.7 -000333.2  03 54 07.0  243.792 18.396  47.12  37874 14.0
2010-02-12  23:20:00  06 58 53.1  -04 23 55  +000936.1 -000337.2  03 53 46.4  243.115 17.717  45.11  37795 14.0
2010-02-12  23:30:00  07 09 19.1  -05 20 24  +000941.8 -000340.6  03 53 22.1  242.425 17.037  43.16  37720 13.9
2010-02-12  23:40:00  07 19 48.9  -06 17 23  +000947.9 -000343.1  03 52 53.9  241.721 16.358  41.29  37649 13.9
2010-02-12  23:50:00  07 30 23.0  -07 14 44  +000954.3 -000344.9  03 52 21.4  241.004 15.682  39.50  37582 13.9
2010-02-13  00:00:00  07 41 01.4  -08 12 20  +000961.0 -000346.0  03 51 44.7  240.275 15.011  37.82  37520 13.8
2010-02-13  00:10:00  07 51 44.5  -09 10 01  +000968.1 -000346.1  03 51 03.3  239.535 14.348  36.26  37463 13.8
2010-02-13  00:20:00  08 02 32.3  -10 07 40  +000975.5 -000345.5  03 50 17.1  238.784 13.694  34.86  37411 13.8
2010-02-13  00:30:00  08 13 25.2  -11 05 07  +000983.2 -000343.9  03 49 25.8  238.022 13.051  33.61  37363 13.8
2010-02-13  00:40:00  08 24 23.3  -12 02 14  +000991.2 -000341.4  03 48 29.3  237.252 12.423  32.55  37320 13.8
2010-02-13  00:50:00  08 35 26.9  -12 58 53  +000999.6 -000338.0  03 47 27.4  236.473 11.811  31.70  37282 13.8
2010-02-13  01:00:00  08 46 36.1  -13 54 52  +001008.1 -000333.7  03 46 19.8  235.687 11.218  31.08  37249 13.8
2010-02-13  01:10:00  08 57 51.1  -14 50 03  +001016.9 -000328.4  03 45 06.5  234.894 10.645  30.70  37221 13.8
2010-02-13  01:20:00  09 09 12.0  -15 44 16  +001025.9 -000322.1  03 43 47.2  234.096 10.095  30.58  37198 13.8

   Date        UTC        RA         DECL      RARate   DeclRate    HourAng      Az     Um    Phase  Range  Mag
2010-02-13  16:20:00  00 20 15.6  +12 45 10  +000791.1 +000075.8  03 35 11.4  251.396 33.858 134.30  41773 17.1
2010-02-13  16:30:00  00 29 04.4  +12 56 58  +000795.0 +000065.9  03 36 24.4  251.820 33.805 132.39  41722 17.0
2010-02-13  16:40:00  00 37 55.7  +13 07 06  +000798.9 +000055.8  03 37 34.7  252.211 33.738 130.47  41668 16.8
2010-02-13  16:50:00  00 46 49.6  +13 15 33  +000802.8 +000045.5  03 38 42.4  252.569 33.656 128.52  41608 16.7
2010-02-13  17:00:00  00 55 46.1  +13 22 16  +000806.7 +000035.1  03 39 47.6  252.893 33.560 126.57  41545 16.6
2010-02-13  17:10:00  01 04 45.2  +13 27 14  +000810.6 +000024.5  03 40 50.1  253.184 33.449 124.59  41477 16.5
2010-02-13  17:20:00  01 13 46.9  +13 30 26  +000814.5 +000013.8  03 41 50.1  253.440 33.323 122.61  41405 16.4
2010-02-13  17:30:00  01 22 51.1  +13 31 49  +000818.3 +000002.9  03 42 47.4  253.663 33.181 120.61  41329 16.3
2010-02-13  17:40:00  01 31 57.9  +13 31 23  +000822.1 -000008.2  03 43 42.3  253.851 33.025 118.60  41250 16.2
2010-02-13  17:50:00  01 41 07.2  +13 29 06  +000825.8 -000019.3  03 44 34.7  254.005 32.852 116.57  41166 16.1
2010-02-13  18:00:00  01 50 18.9  +13 24 57  +000829.4 -000030.6  03 45 24.6  254.125 32.664 114.54  41079 16.0
2010-02-13  18:10:00  01 59 33.1  +13 18 54  +000833.0 -000041.9  03 46 12.1  254.211 32.459 112.48  40989 15.9
2010-02-13  18:20:00  02 08 49.5  +13 10 58  +000836.5 -000053.4  03 46 57.3  254.263 32.237 110.42  40896 15.8
2010-02-13  18:30:00  02 18 08.3  +13 01 06  +000839.9 -000065.0  03 47 40.1  254.281 31.998 108.33  40799 15.7
2010-02-13  18:40:00  02 27 29.3  +12 49 18  +000843.2 -000076.6  03 48 20.8  254.265 31.742 106.25  40700 15.6
2010-02-13  18:50:00  02 36 52.5  +12 35 34  +000846.4 -000088.2  03 48 59.2  254.217 31.468 104.13  40598 15.5
2010-02-13  19:00:00  02 46 17.8  +12 19 53  +000849.5 -000099.9  03 49 35.6  254.136 31.176 102.02  40494 15.4
2010-02-13  19:10:00  02 55 45.2  +12 02 16  +000852.6 -000111.6  03 50 09.8  254.023 30.865  99.89  40387 15.4
2010-02-13  19:20:00  03 05 14.6  +11 42 41  +000855.6 -000123.3  03 50 42.1  253.879 30.536  97.75  40279 15.3
2010-02-13  19:30:00  03 14 45.9  +11 21 09  +000858.5 -000135.0  03 51 12.4  253.703 30.188  95.59  40169 15.2
2010-02-13  19:40:00  03 24 19.2  +10 57 41  +000861.3 -000146.6  03 51 40.7  253.498 29.821  93.43  40057 15.1
2010-02-13  19:50:00  03 33 54.3  +10 32 17  +000864.1 -000158.2  03 52 07.3  253.262 29.434  91.25  39944 15.0
2010-02-13  20:00:00  03 43 31.3  +10 04 57  +000866.8 -000169.7  03 52 31.9  252.998 29.029  89.07  39831 15.0
2010-02-13  20:10:00  03 53 10.1  +09 35 43  +000869.5 -000181.1  03 52 54.8  252.706 28.604  86.87  39716 14.9
2010-02-13  20:20:00  04 02 50.7  +09 04 36  +000872.2 -000192.3  03 53 15.9  252.386 28.160  84.66  39601 14.8
2010-02-13  20:30:00  04 12 33.0  +08 31 38  +000874.9 -000203.4  03 53 35.1  252.040 27.696  82.44  39486 14.8
2010-02-13  20:40:00  04 22 17.2  +07 56 50  +000877.6 -000214.2  03 53 52.6  251.668 27.214  80.22  39372 14.7
2010-02-13  20:50:00  04 32 03.1  +07 20 14  +000880.3 -000224.9  03 54 08.3  251.271 26.713  77.98  39257 14.6
2010-02-13  21:00:00  04 41 50.9  +06 41 52  +000883.1 -000235.3  03 54 22.2  250.850 26.193  75.75  39143 14.6
2010-02-13  21:10:00  04 51 40.6  +06 01 48  +000885.9 -000245.5  03 54 34.2  250.406 25.656  73.50  39030 14.5
2010-02-13  21:20:00  05 01 32.1  +05 20 03  +000888.8 -000255.3  03 54 44.2  249.939 25.101  71.26  38919 14.5
2010-02-13  21:30:00  05 11 25.7  +04 36 42  +000891.9 -000264.9  03 54 52.3  249.450 24.530  69.00  38808 14.4
2010-02-13  21:40:00  05 21 21.3  +03 51 48  +000895.0 -000274.0  03 54 58.3  248.940 23.943  66.76  38700 14.4
2010-02-13  21:50:00  05 31 19.1  +03 05 23  +000898.3 -000282.8  03 55 02.2  248.410 23.340  64.51  38593 14.3
2010-02-13  22:00:00  05 41 19.2  +02 17 33  +000901.8 -000291.1  03 55 03.8  247.861 22.724  62.28  38489 14.3
2010-02-13  22:10:00  05 51 21.6  +01 28 22  +000905.5 -000299.0  03 55 03.0  247.292 22.095  60.04  38388 14.2
2010-02-13  22:20:00  06 01 26.6  +00 37 55  +000909.4 -000306.4  03 54 59.7  246.706 21.454  57.83  38289 14.2
2010-02-13  22:30:00  06 11 34.2  -00 13 44  +000913.5 -000313.3  03 54 53.7  246.102 20.803  55.63  38193 14.1
2010-02-13  22:40:00  06 21 44.7  -01 06 28  +000917.9 -000319.6  03 54 44.8  245.481 20.142  53.46  38100 14.1
2010-02-13  22:50:00  06 31 58.1  -02 00 13  +000922.6 -000325.3  03 54 33.0  244.844 19.475  51.30  38011 14.1
2010-02-13  23:00:00  06 42 14.8  -02 54 52  +000927.5 -000330.4  03 54 18.0  244.192 18.802  49.19  37925 14.0
2010-02-13  23:10:00  06 52 34.9  -03 50 18  +000932.8 -000334.8  03 53 59.5  243.524 18.124  47.12  37843 14.0
2010-02-13  23:20:00  07 02 58.6  -04 46 26  +000938.3 -000338.6  03 53 37.5  242.842 17.445  45.11  37766 13.9
2010-02-13  23:30:00  07 13 26.0  -05 43 07  +000944.2 -000341.6  03 53 11.7  242.146 16.765  43.15  37692 13.9
2010-02-13  23:40:00  07 23 57.5  -06 40 15  +000950.4 -000343.9  03 52 41.8  241.437 16.087  41.27  37623 13.9
2010-02-13  23:50:00  07 34 33.3  -07 37 42  +000956.9 -000345.4  03 52 07.7  240.716 15.413  39.48  37558 13.9
2010-02-14  00:00:00  07 45 13.5  -08 35 20  +000963.8 -000346.1  03 51 29.2  239.983 14.745  37.80  37498 13.8
2010-02-14  00:10:00  07 55 58.4  -09 33 01  +000971.0 -000345.9  03 50 45.9  239.238 14.085  36.24  37442 13.8
2010-02-14  00:20:00  08 06 48.3  -10 30 35  +000978.6 -000344.9  03 49 57.7  238.483 13.435  34.83  37391 13.8
2010-02-14  00:30:00  08 17 43.2  -11 27 55  +000986.4 -000343.0  03 49 04.4  237.718 12.798  33.57  37345 13.8
2010-02-14  00:40:00  08 28 43.5  -12 24 51  +000994.5 -000340.1  03 48 05.7  236.944 12.176  32.52  37304 13.8
2010-02-14  00:50:00  08 39 49.3  -13 21 15  +001003.0 -000336.4  03 47 01.5  236.162 11.572  31.66  37268 13.8
2010-02-14  01:00:00  08 51 00.8  -14 16 56  +001011.6 -000331.6  03 45 51.7  235.373 10.986  31.04  37237 13.8
2010-02-14  01:10:00  09 02 18.2  -15 11 44  +001020.5 -000326.0  03 44 36.0  234.578 10.423  30.67  37211 13.8

   Date        UTC        RA         DECL      RARate   DeclRate    HourAng      Az     Um    Phase  Range  Mag
2010-02-14  16:20:00  00 23 45.7  +12 49 58  +000792.6 +000071.8  03 35 37.9  251.557 33.845 134.53  41755 17.1
2010-02-14  16:30:00  00 32 35.4  +13 01 05  +000796.5 +000061.8  03 36 49.9  251.968 33.786 132.61  41703 17.0
2010-02-14  16:40:00  00 41 27.7  +13 10 32  +000800.4 +000051.6  03 37 59.2  252.345 33.713 130.69  41646 16.9
2010-02-14  16:50:00  00 50 22.6  +13 18 17  +000804.3 +000041.3  03 39 06.0  252.690 33.625 128.74  41585 16.7
2010-02-14  17:00:00  00 59 20.1  +13 24 18  +000808.2 +000030.8  03 40 10.1  253.001 33.523 126.79  41520 16.6
2010-02-14  17:10:00  01 08 20.2  +13 28 33  +000812.1 +000020.2  03 41 11.7  253.278 33.405 124.81  41451 16.5
2010-02-14  17:20:00  01 17 22.8  +13 31 01  +000815.9 +000009.4  03 42 10.7  253.522 33.273 122.82  41377 16.4
2010-02-14  17:30:00  01 26 28.0  +13 31 40  +000819.7 -000001.6  03 43 07.1  253.731 33.125 120.82  41300 16.3
2010-02-14  17:40:00  01 35 35.7  +13 30 29  +000823.4 -000012.6  03 44 01.1  253.906 32.962 118.81  41219 16.2
2010-02-14  17:50:00  01 44 45.9  +13 27 27  +000827.1 -000023.8  03 44 52.5  254.046 32.783 116.77  41134 16.1
2010-02-14  18:00:00  01 53 58.5  +13 22 32  +000830.7 -000035.1  03 45 41.6  254.153 32.588 114.73  41046 16.0
2010-02-14  18:10:00  02 03 13.5  +13 15 44  +000834.2 -000046.6  03 46 28.2  254.225 32.376 112.67  40955 15.9
2010-02-14  18:20:00  02 12 30.8  +13 07 01  +000837.7 -000058.0  03 47 12.5  254.263 32.147 110.60  40860 15.8
2010-02-14  18:30:00  02 21 50.4  +12 56 23  +000841.1 -000069.6  03 47 54.6  254.268 31.901 108.51  40762 15.7
2010-02-14  18:40:00  02 31 12.2  +12 43 48  +000844.3 -000081.2  03 48 34.4  254.240 31.637 106.42  40662 15.6
2010-02-14  18:50:00  02 40 36.2  +12 29 18  +000847.5 -000092.9  03 49 12.1  254.179 31.355 104.31  40559 15.5
2010-02-14  19:00:00  02 50 02.2  +12 12 50  +000850.6 -000104.6  03 49 47.7  254.085 31.056 102.19  40454 15.4
2010-02-14  19:10:00  02 59 30.3  +11 54 25  +000853.6 -000116.3  03 50 21.3  253.960 30.737 100.05  40347 15.4
2010-02-14  19:20:00  03 09 00.4  +11 34 04  +000856.6 -000128.0  03 50 52.8  253.803 30.400  97.91  40238 15.3
2010-02-14  19:30:00  03 18 32.4  +11 11 46  +000859.5 -000139.7  03 51 22.5  253.616 30.045  95.74  40127 15.2
2010-02-14  19:40:00  03 28 06.3  +10 47 31  +000862.3 -000151.3  03 51 50.2  253.399 29.669  93.58  40015 15.1
2010-02-14  19:50:00  03 37 42.1  +10 21 21  +000865.0 -000162.8  03 52 16.1  253.153 29.275  91.39  39902 15.0
2010-02-14  20:00:00  03 47 19.7  +09 53 16  +000867.8 -000174.2  03 52 40.1  252.878 28.862  89.20  39788 15.0
2010-02-14  20:10:00  03 56 59.1  +09 23 16  +000870.4 -000185.5  03 53 02.4  252.575 28.429  86.99  39673 14.9
2010-02-14  20:20:00  04 06 40.3  +08 51 25  +000873.1 -000196.7  03 53 22.8  252.245 27.977  84.78  39558 14.8
2010-02-14  20:30:00  04 16 23.2  +08 17 43  +000875.8 -000207.7  03 53 41.5  251.889 27.505  82.55  39444 14.8
2010-02-14  20:40:00  04 26 08.0  +07 42 12  +000878.5 -000218.5  03 53 58.4  251.507 27.015  80.32  39329 14.7
2010-02-14  20:50:00  04 35 54.6  +07 04 54  +000881.3 -000229.1  03 54 13.4  251.101 26.506  78.07  39215 14.6
2010-02-14  21:00:00  04 45 43.0  +06 25 52  +000884.0 -000239.4  03 54 26.6  250.671 25.980  75.83  39101 14.6
2010-02-14  21:10:00  04 55 33.3  +05 45 08  +000886.9 -000249.4  03 54 38.0  250.218 25.435  73.58  38989 14.5
2010-02-14  21:20:00  05 05 25.6  +05 02 45  +000889.9 -000259.1  03 54 47.3  249.743 24.874  71.33  38877 14.5
2010-02-14  21:30:00  05 15 19.9  +04 18 47  +000893.0 -000268.5  03 54 54.7  249.246 24.296  69.07  38768 14.4
2010-02-14  21:40:00  05 25 16.3  +03 33 16  +000896.2 -000277.5  03 54 60.0  248.728 23.702  66.82  38660 14.4
2010-02-14  21:50:00  05 35 14.8  +02 46 18  +000899.6 -000286.1  03 55 03.0  248.191 23.094  64.56  38554 14.3
2010-02-14  22:00:00  05 45 15.7  +01 57 56  +000903.2 -000294.2  03 55 03.8  247.634 22.472  62.32  38451 14.3
2010-02-14  22:10:00  05 55 19.1  +01 08 15  +000906.9 -000301.9  03 55 02.1  247.059 21.838  60.08  38351 14.2
2010-02-14  22:20:00  06 05 25.0  +00 17 19  +000910.9 -000309.1  03 54 57.8  246.466 21.193  57.86  38253 14.2
2010-02-14  22:30:00  06 15 33.7  -00 34 45  +000915.2 -000315.8  03 54 50.7  245.856 20.538  55.65  38158 14.1
2010-02-14  22:40:00  06 25 45.3  -01 27 54  +000919.6 -000321.8  03 54 40.8  245.229 19.875  53.47  38066 14.1
2010-02-14  22:50:00  06 35 59.9  -02 22 00  +000924.4 -000327.3  03 54 27.8  244.586 19.205  51.31  37979 14.0
2010-02-14  23:00:00  06 46 17.9  -03 16 58  +000929.5 -000332.1  03 54 11.5  243.928 18.530  49.19  37894 14.0
2010-02-14  23:10:00  06 56 39.3  -04 12 41  +000934.8 -000336.3  03 53 51.7  243.255 17.851  47.11  37814 14.0
2010-02-14  23:20:00  07 07 04.4  -05 09 02  +000940.5 -000339.8  03 53 28.2  242.568 17.171  45.09  37738 13.9
2010-02-14  23:30:00  07 17 33.4  -06 05 54  +000946.5 -000342.5  03 53 00.9  241.867 16.492  43.13  37666 13.9
2010-02-14  23:40:00  07 28 06.5  -07 03 10  +000952.9 -000344.5  03 52 29.4  241.153 15.816  41.25  37598 13.9
2010-02-14  23:50:00  07 38 44.0  -08 00 41  +000959.6 -000345.7  03 51 53.6  240.427 15.144  39.45  37535 13.9
2010-02-15  00:00:00  07 49 26.0  -08 58 20  +000966.6 -000346.0  03 51 13.2  239.689 14.479  37.77  37476 13.8
2010-02-15  00:10:00  08 00 12.8  -09 55 59  +000973.9 -000345.5  03 50 28.0  238.941 13.823  36.20  37422 13.8
2010-02-15  00:20:00  08 11 04.7  -10 53 28  +000981.6 -000344.1  03 49 37.8  238.182 13.178  34.79  37373 13.8
2010-02-15  00:30:00  08 22 01.7  -11 50 39  +000989.6 -000341.9  03 48 42.4  237.413 12.547  33.53  37329 13.8
2010-02-15  00:40:00  08 33 04.1  -12 47 23  +000997.8 -000338.7  03 47 41.6  236.636 11.931  32.48  37290 13.8
2010-02-15  00:50:00  08 44 12.2  -13 43 29  +001006.4 -000334.5  03 46 35.2  235.852 11.334  31.62  37256 13.8
2010-02-15  01:00:00  08 55 26.0  -14 38 50  +001015.1 -000329.4  03 45 23.0  235.060 10.758  31.00  37226 13.8
2010-02-15  01:10:00  09 06 45.7  -15 33 15  +001024.1 -000323.4  03 44 05.0  234.263 10.204  30.63  37202 13.8

   Date        UTC        RA         DECL      RARate   DeclRate    HourAng      Az     Um    Phase  Range  Mag
2010-02-15  16:20:00  00 27 16.3  +12 54 31  +000794.1 +000067.7  03 36 03.9  251.713 33.831 134.75  41735 17.1
2010-02-15  16:30:00  00 36 07.0  +13 04 58  +000798.0 +000057.7  03 37 14.8  252.110 33.766 132.83  41682 17.0
2010-02-15  16:40:00  00 45 00.3  +13 13 44  +000801.9 +000047.4  03 38 23.2  252.475 33.686 130.91  41624 16.9
2010-02-15  16:50:00  00 53 56.2  +13 20 47  +000805.8 +000037.1  03 39 29.0  252.806 33.593 128.96  41561 16.7
2010-02-15  17:00:00  01 02 54.6  +13 26 05  +000809.7 +000026.5  03 40 32.1  253.104 33.484 127.00  41494 16.6
2010-02-15  17:10:00  01 11 55.7  +13 29 36  +000813.5 +000015.8  03 41 32.7  253.368 33.360 125.02  41424 16.5
2010-02-15  17:20:00  01 20 59.3  +13 31 20  +000817.3 +000004.9  03 42 30.7  253.597 33.222 123.03  41349 16.4
2010-02-15  17:30:00  01 30 05.4  +13 31 15  +000821.1 -000006.0  03 43 26.3  253.793 33.067 121.02  41270 16.3
2010-02-15  17:40:00  01 39 14.1  +13 29 19  +000824.8 -000017.2  03 44 19.3  253.954 32.898 119.01  41188 16.2
2010-02-15  17:50:00  01 48 25.2  +13 25 31  +000828.5 -000028.4  03 45 09.8  254.081 32.712 116.97  41102 16.1
2010-02-15  18:00:00  01 57 38.7  +13 19 51  +000832.0 -000039.7  03 45 58.0  254.174 32.509 114.92  41012 16.0
2010-02-15  18:10:00  02 06 54.5  +13 12 16  +000835.5 -000051.2  03 46 43.8  254.233 32.290 112.85  40920 15.9
2010-02-15  18:20:00  02 16 12.6  +13 02 47  +000838.9 -000062.7  03 47 27.3  254.258 32.054 110.79  40824 15.8
2010-02-15  18:30:00  02 25 33.0  +12 51 22  +000842.2 -000074.3  03 48 08.5  254.250 31.801 108.69  40725 15.7
2010-02-15  18:40:00  02 34 55.6  +12 38 01  +000845.5 -000085.9  03 48 47.6  254.209 31.530 106.59  40624 15.6
2010-02-15  18:50:00  02 44 20.3  +12 22 43  +000848.6 -000097.6  03 49 24.5  254.135 31.241 104.47  40520 15.5
2010-02-15  19:00:00  02 53 47.1  +12 05 29  +000851.7 -000109.3  03 49 59.4  254.029 30.933 102.35  40414 15.4
2010-02-15  19:10:00  03 03 15.9  +11 46 17  +000854.7 -000121.0  03 50 32.2  253.892 30.607 100.20  40307 15.4
2010-02-15  19:20:00  03 12 46.6  +11 25 09  +000857.6 -000132.7  03 51 03.1  253.723 30.263  98.06  40197 15.3
2010-02-15  19:30:00  03 22 19.3  +11 02 04  +000860.4 -000144.3  03 51 32.1  253.524 29.899  95.88  40086 15.2
2010-02-15  19:40:00  03 31 53.9  +10 37 03  +000863.2 -000155.9  03 51 59.2  253.295 29.516  93.71  39973 15.1
2010-02-15  19:50:00  03 41 30.3  +10 10 07  +000866.0 -000167.4  03 52 24.4  253.038 29.113  91.51  39860 15.0
2010-02-15  20:00:00  03 51 08.5  +09 41 16  +000868.7 -000178.7  03 52 47.9  252.752 28.692  89.32  39746 15.0
2010-02-15  20:10:00  04 00 48.5  +09 10 32  +000871.4 -000190.0  03 53 09.5  252.439 28.251  87.10  39631 14.9
2010-02-15  20:20:00  04 10 30.3  +08 37 57  +000874.0 -000201.1  03 53 29.3  252.099 27.791  84.89  39516 14.8
2010-02-15  20:30:00  04 20 13.9  +08 03 31  +000876.7 -000212.0  03 53 47.4  251.733 27.312  82.65  39401 14.8
2010-02-15  20:40:00  04 29 59.2  +07 27 18  +000879.4 -000222.7  03 54 03.7  251.342 26.814  80.41  39286 14.7
2010-02-15  20:50:00  04 39 46.5  +06 49 18  +000882.2 -000233.2  03 54 18.1  250.927 26.298  78.16  39172 14.6
2010-02-15  21:00:00  04 49 35.5  +06 09 35  +000885.0 -000243.4  03 54 30.7  250.488 25.764  75.91  39059 14.6
2010-02-15  21:10:00  04 59 26.5  +05 28 12  +000887.9 -000253.3  03 54 41.3  250.026 25.212  73.65  38947 14.5
2010-02-15  21:20:00  05 09 19.4  +04 45 11  +000890.9 -000262.8  03 54 50.0  249.543 24.644  71.39  38837 14.5
2010-02-15  21:30:00  05 19 14.5  +04 00 37  +000894.1 -000272.1  03 54 56.7  249.038 24.059  69.12  38728 14.4
2010-02-15  21:40:00  05 29 11.6  +03 14 32  +000897.4 -000280.9  03 55 01.2  248.513 23.460  66.87  38621 14.4
2010-02-15  21:50:00  05 39 11.0  +02 26 60  +000900.8 -000289.3  03 55 03.4  247.969 22.846  64.60  38516 14.3
2010-02-15  22:00:00  05 49 12.8  +01 38 07  +000904.5 -000297.3  03 55 03.3  247.405 22.219  62.35  38414 14.3
2010-02-15  22:10:00  05 59 17.0  +00 47 56  +000908.3 -000304.8  03 55 00.7  246.823 21.580  60.10  38314 14.2
2010-02-15  22:20:00  06 09 23.9  -00 03 27  +000912.4 -000311.7  03 54 55.4  246.224 20.931  57.88  38218 14.2
2010-02-15  22:30:00  06 19 33.7  -00 55 57  +000916.8 -000318.2  03 54 47.3  245.607 20.272  55.66  38124 14.1
2010-02-15  22:40:00  06 29 46.3  -01 49 28  +000921.4 -000324.0  03 54 36.3  244.974 19.606  53.48  38034 14.1
2010-02-15  22:50:00  06 40 02.2  -02 43 55  +000926.3 -000329.2  03 54 22.1  244.326 18.934  51.31  37947 14.0
2010-02-15  23:00:00  06 50 21.4  -03 39 11  +000931.5 -000333.8  03 54 04.5  243.662 18.257  49.19  37865 14.0
2010-02-15  23:10:00  07 00 44.2  -04 35 09  +000937.0 -000337.7  03 53 43.3  242.984 17.578  47.10  37786 14.0
2010-02-15  23:20:00  07 11 10.8  -05 31 42  +000942.8 -000340.9  03 53 18.4  242.291 16.898  45.07  37711 13.9
2010-02-15  23:30:00  07 21 41.3  -06 28 44  +000948.9 -000343.3  03 52 49.5  241.586 16.220  43.10  37641 13.9
2010-02-15  23:40:00  07 32 16.1  -07 26 06  +000955.4 -000345.0  03 52 16.4  240.867 15.545  41.22  37575 13.9
2010-02-15  23:50:00  07 42 55.3  -08 23 41  +000962.2 -000345.8  03 51 38.9  240.137 14.875  39.42  37513 13.9
2010-02-16  00:00:00  07 53 39.1  -09 21 20  +000969.4 -000345.8  03 50 56.7  239.395 14.214  37.73  37456 13.8
2010-02-16  00:10:00  08 04 27.9  -10 18 55  +000976.9 -000345.0  03 50 09.6  238.643 13.562  36.16  37404 13.8
2010-02-16  00:20:00  08 15 21.7  -11 16 17  +000984.7 -000343.3  03 49 17.4  237.880 12.922  34.74  37357 13.8
2010-02-16  00:30:00  08 26 20.8  -12 13 18  +000992.8 -000340.6  03 48 19.9  237.108 12.297  33.49  37314 13.8
2010-02-16  00:40:00  08 37 25.4  -13 09 47  +001001.1 -000337.1  03 47 16.9  236.328 11.689  32.43  37277 13.8
2010-02-16  00:50:00  08 48 35.7  -14 05 36  +001009.8 -000332.5  03 46 08.3  235.541 11.100  31.58  37244 13.8
2010-02-16  01:00:00  08 59 51.8  -15 00 35  +001018.6 -000327.1  03 44 53.8  234.748 10.532  30.96  37217 13.8
