ЭФЕМЕРИДЫ ПО ОБЪЕКТУ:  95301
Для пункта:  10016 Маяки   46 23'50.68"   30 16'17.74"    14m
C   2010-02-01 12:00
по  2010-02-16 12:00
Шаг  0:10:00
Мин.угол места:          10 град
Макс.угол места Солнца: -10 град
Стандартный блеск :      9.2 (зв.вел.)

ОБОЗНАЧЕНИЯ
RA        прямое восхождение, тек.эпоха
DECL      склонение, тек.эпоха
RARate    скорость по пр.восх., арксек/мин
DeclRate  скорость по склонению, арксек/мин
HourAng   часовой угол
Az        азимут
Um        угол места
Phase     фазовый угол
Range     дальность
Mag       зв.величина (оценка)

   Date        UTC        RA         DECL      RARate   DeclRate    HourAng      Az     Um    Phase  Range  Mag
2010-02-06  17:40:00  23 55 42.6  -01 46 02  +000865.5 +000193.6  04 52 21.7  256.375 10.263 139.50  40771 19.6
2010-02-06  17:50:00  00 05 19.6  -01 14 02  +000865.5 +000190.3  04 52 46.4  256.817 10.589 137.08  40763 19.4
2010-02-06  18:00:00  00 14 56.7  -00 42 38  +000865.7 +000186.6  04 53 11.0  257.252 10.908 134.66  40753 19.3
2010-02-06  18:10:00  00 24 33.9  -00 11 51  +000866.1 +000182.6  04 53 35.4  257.680 11.219 132.23  40743 19.1
2010-02-06  18:20:00  00 34 11.5  +00 18 14  +000866.7 +000178.3  04 53 59.4  258.101 11.522 129.82  40731 19.0
2010-02-06  18:30:00  00 43 49.5  +00 47 34  +000867.5 +000173.7  04 54 23.0  258.512 11.816 127.39  40718 18.8
2010-02-06  18:40:00  00 53 28.2  +01 16 08  +000868.5 +000168.8  04 54 46.0  258.913 12.102 124.98  40703 18.7
2010-02-06  18:50:00  01 03 07.6  +01 43 50  +000869.6 +000163.7  04 55 08.3  259.303 12.378 122.55  40687 18.5
2010-02-06  19:00:00  01 12 47.7  +02 10 40  +000870.9 +000158.2  04 55 29.7  259.681 12.646 120.14  40669 18.4
2010-02-06  19:10:00  01 22 28.9  +02 36 34  +000872.4 +000152.5  04 55 50.2  260.046 12.905 117.71  40650 18.3
2010-02-06  19:20:00  01 32 11.0  +03 01 28  +000874.0 +000146.4  04 56 09.8  260.397 13.154 115.30  40630 18.2
2010-02-06  19:30:00  01 41 54.3  +03 25 22  +000875.7 +000140.2  04 56 28.2  260.733 13.393 112.87  40609 18.1
2010-02-06  19:40:00  01 51 38.7  +03 48 11  +000877.6 +000133.6  04 56 45.4  261.054 13.622 110.46  40586 18.0
2010-02-06  19:50:00  02 01 24.4  +04 09 54  +000879.5 +000126.8  04 57 01.3  261.359 13.841 108.03  40562 17.9
2010-02-06  20:00:00  02 11 11.4  +04 30 27  +000881.5 +000119.8  04 57 16.0  261.646 14.050 105.61  40536 17.8
2010-02-06  20:10:00  02 20 59.7  +04 49 49  +000883.6 +000112.6  04 57 29.3  261.915 14.247 103.19  40510 17.7
2010-02-06  20:20:00  02 30 49.5  +05 07 58  +000885.7 +000105.1  04 57 41.1  262.166 14.433 100.77  40482 17.6
2010-02-06  20:30:00  02 40 40.7  +05 24 50  +000887.9 +000097.4  04 57 51.5  262.398 14.608  98.34  40453 17.5
2010-02-06  20:40:00  02 50 33.4  +05 40 24  +000890.1 +000089.5  04 58 00.5  262.610 14.771  95.92  40422 17.4
2010-02-06  20:50:00  03 00 27.6  +05 54 39  +000892.4 +000081.4  04 58 08.0  262.802 14.922  93.49  40391 17.3
2010-02-06  21:00:00  03 10 23.2  +06 07 31  +000894.6 +000073.1  04 58 14.0  262.974 15.061  91.07  40359 17.3
2010-02-06  21:10:00  03 20 20.3  +06 18 60  +000896.8 +000064.6  04 58 18.5  263.124 15.187  88.64  40326 17.2
2010-02-06  21:20:00  03 30 18.9  +06 29 03  +000899.0 +000056.0  04 58 21.6  263.254 15.299  86.21  40291 17.1
2010-02-06  21:30:00  03 40 19.0  +06 37 39  +000901.2 +000047.2  04 58 23.1  263.361 15.399  83.78  40256 17.0
2010-02-06  21:40:00  03 50 20.5  +06 44 47  +000903.3 +000038.3  04 58 23.3  263.447 15.484  81.35  40221 17.0
2010-02-06  21:50:00  04 00 23.3  +06 50 25  +000905.3 +000029.3  04 58 22.1  263.510 15.556  78.92  40184 16.9
2010-02-06  22:00:00  04 10 27.5  +06 54 32  +000907.3 +000020.2  04 58 19.5  263.551 15.613  76.49  40147 16.9
2010-02-06  22:10:00  04 20 33.0  +06 57 08  +000909.2 +000011.0  04 58 15.7  263.570 15.655  74.05  40110 16.8
2010-02-06  22:20:00  04 30 39.7  +06 58 11  +000911.0 +000001.7  04 58 10.6  263.567 15.682  71.63  40072 16.7
2010-02-06  22:30:00  04 40 47.6  +06 57 41  +000912.7 -000007.7  04 58 04.3  263.542 15.694  69.19  40034 16.7
2010-02-06  22:40:00  04 50 56.7  +06 55 38  +000914.4 -000017.0  04 57 56.9  263.494 15.690  66.77  39995 16.6
2010-02-06  22:50:00  05 01 06.8  +06 52 01  +000915.9 -000026.4  04 57 48.5  263.425 15.671  64.33  39957 16.6
2010-02-06  23:00:00  05 11 17.8  +06 46 49  +000917.3 -000035.8  04 57 39.1  263.333 15.635  61.91  39918 16.5
2010-02-06  23:10:00  05 21 29.8  +06 40 04  +000918.6 -000045.2  04 57 28.7  263.221 15.583  59.48  39880 16.5
2010-02-06  23:20:00  05 31 42.6  +06 31 45  +000919.8 -000054.6  04 57 17.6  263.087 15.515  57.07  39842 16.4
2010-02-06  23:30:00  05 41 56.2  +06 21 53  +000920.9 -000063.8  04 57 05.6  262.932 15.430  54.64  39804 16.4
2010-02-06  23:40:00  05 52 10.5  +06 10 29  +000921.9 -000073.0  04 56 53.0  262.757 15.328  52.24  39766 16.4
2010-02-06  23:50:00  06 02 25.4  +05 57 33  +000922.8 -000082.2  04 56 39.7  262.562 15.209  49.84  39729 16.3
2010-02-07  00:00:00  06 12 40.9  +05 43 06  +000923.7 -000091.2  04 56 25.8  262.347 15.074  47.45  39692 16.3
2010-02-07  00:10:00  06 22 57.0  +05 27 10  +000924.4 -000100.0  04 56 11.4  262.113 14.922  45.07  39656 16.3
2010-02-07  00:20:00  06 33 13.4  +05 09 47  +000925.0 -000108.7  04 55 56.6  261.861 14.753  42.72  39621 16.2
2010-02-07  00:30:00  06 43 30.3  +04 50 57  +000925.6 -000117.2  04 55 41.4  261.592 14.567  40.37  39586 16.2
2010-02-07  00:40:00  06 53 47.5  +04 30 42  +000926.1 -000125.6  04 55 25.8  261.305 14.366  38.07  39553 16.2
2010-02-07  00:50:00  07 04 05.1  +04 09 06  +000926.5 -000133.7  04 55 09.9  261.001 14.148  35.78  39520 16.1
2010-02-07  01:00:00  07 14 22.9  +03 46 09  +000927.0 -000141.6  04 54 53.7  260.681 13.914  33.55  39489 16.1
2010-02-07  01:10:00  07 24 41.0  +03 21 55  +000927.3 -000149.2  04 54 37.3  260.346 13.665  31.35  39459 16.1
2010-02-07  01:20:00  07 34 59.3  +02 56 26  +000927.7 -000156.6  04 54 20.6  259.996 13.402  29.22  39430 16.1
2010-02-07  01:30:00  07 45 17.9  +02 29 44  +000928.1 -000163.7  04 54 03.6  259.633 13.123  27.17  39403 16.0
2010-02-07  01:40:00  07 55 36.8  +02 01 54  +000928.4 -000170.4  04 53 46.4  259.256 12.831  25.22  39376 16.0
2010-02-07  01:50:00  08 05 55.8  +01 32 57  +000928.8 -000176.9  04 53 29.0  258.866 12.525  23.39  39352 16.0
2010-02-07  02:00:00  08 16 15.2  +01 02 57  +000929.2 -000183.0  04 53 11.3  258.464 12.207  21.73  39328 16.0
2010-02-07  02:10:00  08 26 34.8  +00 31 58  +000929.7 -000188.7  04 52 53.3  258.051 11.876  20.27  39307 16.0
2010-02-07  02:20:00  08 36 54.8  +00 00 04  +000930.2 -000194.1  04 52 35.0  257.627 11.535  19.06  39287 16.0
2010-02-07  02:30:00  08 47 15.1  -00 32 43  +000930.8 -000199.1  04 52 16.3  257.193 11.184  18.15  39268 16.0
2010-02-07  02:40:00  08 57 35.8  -01 06 18  +000931.5 -000203.7  04 51 57.2  256.750 10.823  17.60  39251 16.0
2010-02-07  02:50:00  09 07 57.1  -01 40 36  +000932.2 -000207.9  04 51 37.6  256.298 10.453  17.43  39236 16.0
2010-02-07  03:00:00  09 18 18.9  -02 15 35  +000933.1 -000211.7  04 51 17.5  255.838 10.076  17.66  39223 16.0

   Date        UTC        RA         DECL      RARate   DeclRate    HourAng      Az     Um    Phase  Range  Mag
2010-02-07  16:10:00  23 17 00.0  -04 10 56  +000867.7 +000208.1  04 04 46.1  245.497 16.179 150.29  40007 20.6
2010-02-07  16:20:00  23 26 38.1  -03 36 24  +000866.7 +000206.2  04 05 09.6  245.955 16.564 147.87  40002 20.3
2010-02-07  16:30:00  23 36 15.7  -03 02 14  +000866.0 +000203.8  04 05 33.7  246.411 16.942 145.44  39996 20.1
2010-02-07  16:40:00  23 45 52.8  -02 28 29  +000865.5 +000201.2  04 05 58.2  246.867 17.312 143.02  39990 19.9
2010-02-07  16:50:00  23 55 29.7  -01 55 12  +000865.2 +000198.1  04 06 23.0  247.320 17.675 140.58  39982 19.7
2010-02-07  17:00:00  00 05 06.5  -01 22 27  +000865.2 +000194.8  04 06 47.8  247.770 18.029 138.16  39973 19.5
2010-02-07  17:10:00  00 14 43.4  -00 50 17  +000865.4 +000191.1  04 07 12.6  248.214 18.376 135.73  39962 19.3
2010-02-07  17:20:00  00 24 20.5  -00 18 45  +000865.8 +000187.2  04 07 37.1  248.652 18.713 133.31  39951 19.1
2010-02-07  17:30:00  00 33 57.9  +00 12 05  +000866.5 +000182.9  04 08 01.4  249.083 19.042 130.88  39938 19.0
2010-02-07  17:40:00  00 43 35.8  +00 42 11  +000867.3 +000178.2  04 08 25.1  249.506 19.361 128.46  39924 18.8
2010-02-07  17:50:00  00 53 14.3  +01 11 29  +000868.3 +000173.3  04 08 48.3  249.919 19.671 126.03  39908 18.7
2010-02-07  18:00:00  01 02 53.5  +01 39 57  +000869.4 +000168.1  04 09 10.7  250.322 19.971 123.61  39892 18.6
2010-02-07  18:10:00  01 12 33.6  +02 07 30  +000870.8 +000162.6  04 09 32.3  250.713 20.262 121.18  39874 18.4
2010-02-07  18:20:00  01 22 14.5  +02 34 08  +000872.2 +000156.8  04 09 52.9  251.091 20.542 118.76  39855 18.3
2010-02-07  18:30:00  01 31 56.6  +02 59 46  +000873.9 +000150.7  04 10 12.5  251.456 20.812 116.33  39834 18.2
2010-02-07  18:40:00  01 41 39.8  +03 24 22  +000875.6 +000144.4  04 10 31.0  251.806 21.071 113.91  39813 18.1
2010-02-07  18:50:00  01 51 24.1  +03 47 53  +000877.5 +000137.8  04 10 48.3  252.140 21.320 111.48  39790 18.0
2010-02-07  19:00:00  02 01 09.8  +04 10 17  +000879.5 +000130.9  04 11 04.2  252.458 21.557 109.06  39765 17.9
2010-02-07  19:10:00  02 10 56.8  +04 31 30  +000881.5 +000123.8  04 11 18.9  252.758 21.782 106.63  39740 17.8
2010-02-07  19:20:00  02 20 45.2  +04 51 32  +000883.6 +000116.4  04 11 32.2  253.041 21.996 104.21  39713 17.7
2010-02-07  19:30:00  02 30 35.0  +05 10 18  +000885.8 +000108.8  04 11 44.0  253.304 22.198 101.77  39686 17.6
2010-02-07  19:40:00  02 40 26.3  +05 27 48  +000888.1 +000101.0  04 11 54.3  253.548 22.388  99.35  39657 17.5
2010-02-07  19:50:00  02 50 19.1  +05 43 58  +000890.3 +000093.0  04 12 03.2  253.772 22.564  96.92  39627 17.4
2010-02-07  20:00:00  03 00 13.4  +05 58 47  +000892.6 +000084.7  04 12 10.5  253.974 22.728  94.50  39596 17.3
2010-02-07  20:10:00  03 10 09.2  +06 12 12  +000894.9 +000076.3  04 12 16.3  254.156 22.879  92.06  39564 17.2
2010-02-07  20:20:00  03 20 06.5  +06 24 12  +000897.1 +000067.7  04 12 20.6  254.315 23.016  89.63  39531 17.2
2010-02-07  20:30:00  03 30 05.4  +06 34 46  +000899.4 +000058.9  04 12 23.5  254.453 23.139  87.19  39497 17.1
2010-02-07  20:40:00  03 40 05.7  +06 43 51  +000901.6 +000050.0  04 12 24.8  254.567 23.248  84.77  39462 17.0
2010-02-07  20:50:00  03 50 07.5  +06 51 26  +000903.7 +000041.0  04 12 24.6  254.659 23.342  82.32  39427 17.0
2010-02-07  21:00:00  04 00 10.6  +06 57 30  +000905.8 +000031.8  04 12 23.1  254.727 23.421  79.90  39391 16.9
2010-02-07  21:10:00  04 10 15.2  +07 02 01  +000907.8 +000022.5  04 12 20.2  254.773 23.485  77.45  39354 16.8
2010-02-07  21:20:00  04 20 21.1  +07 04 59  +000909.8 +000013.1  04 12 16.0  254.795 23.534  75.02  39317 16.8
2010-02-07  21:30:00  04 30 28.2  +07 06 22  +000911.6 +000003.6  04 12 10.5  254.793 23.566  72.58  39280 16.7
2010-02-07  21:40:00  04 40 36.6  +07 06 11  +000913.4 -000005.9  04 12 03.8  254.769 23.582  70.15  39242 16.7
2010-02-07  21:50:00  04 50 46.0  +07 04 24  +000915.1 -000015.5  04 11 55.9  254.721 23.582  67.70  39204 16.6
2010-02-07  22:00:00  05 00 56.6  +07 01 01  +000916.6 -000025.1  04 11 47.0  254.649 23.565  65.28  39166 16.6
2010-02-07  22:10:00  05 11 08.2  +06 56 02  +000918.1 -000034.7  04 11 37.0  254.556 23.531  62.84  39128 16.5
2010-02-07  22:20:00  05 21 20.7  +06 49 27  +000919.4 -000044.3  04 11 26.2  254.439 23.480  60.41  39089 16.5
2010-02-07  22:30:00  05 31 34.0  +06 41 17  +000920.6 -000053.8  04 11 14.5  254.301 23.411  57.98  39051 16.4
2010-02-07  22:40:00  05 41 48.2  +06 31 31  +000921.8 -000063.3  04 11 02.0  254.140 23.324  55.56  39014 16.4
2010-02-07  22:50:00  05 52 03.0  +06 20 11  +000922.8 -000072.7  04 10 48.8  253.959 23.220  53.13  38976 16.3
2010-02-07  23:00:00  06 02 18.5  +06 07 17  +000923.7 -000082.1  04 10 34.9  253.756 23.098  50.73  38939 16.3
2010-02-07  23:10:00  06 12 34.6  +05 52 50  +000924.5 -000091.3  04 10 20.5  253.534 22.958  48.32  38903 16.3
2010-02-07  23:20:00  06 22 51.2  +05 36 52  +000925.2 -000100.4  04 10 05.6  253.292 22.800  45.94  38867 16.2
2010-02-07  23:30:00  06 33 08.2  +05 19 24  +000925.9 -000109.3  04 09 50.2  253.030 22.624  43.56  38832 16.2
2010-02-07  23:40:00  06 43 25.6  +05 00 27  +000926.4 -000118.0  04 09 34.4  252.751 22.431  41.21  38798 16.2
2010-02-07  23:50:00  06 53 43.4  +04 40 04  +000926.9 -000126.6  04 09 18.3  252.454 22.220  38.87  38765 16.1
2010-02-08  00:00:00  07 04 01.5  +04 18 17  +000927.4 -000134.9  04 09 01.8  252.140 21.992  36.58  38733 16.1
2010-02-08  00:10:00  07 14 19.9  +03 55 07  +000927.8 -000143.0  04 08 45.1  251.810 21.747  34.30  38702 16.1
2010-02-08  00:20:00  07 24 38.5  +03 30 38  +000928.1 -000150.8  04 08 28.1  251.465 21.485  32.09  38673 16.1
2010-02-08  00:30:00  07 34 57.4  +03 04 51  +000928.5 -000158.4  04 08 10.9  251.105 21.207  29.92  38644 16.0
2010-02-08  00:40:00  07 45 16.5  +02 37 51  +000928.8 -000165.7  04 07 53.4  250.731 20.914  27.83  38617 16.0
2010-02-08  00:50:00  07 55 35.8  +02 09 39  +000929.1 -000172.6  04 07 35.8  250.345 20.605  25.82  38591 16.0
2010-02-08  01:00:00  08 05 55.3  +01 40 19  +000929.5 -000179.3  04 07 17.9  249.946 20.281  23.94  38567 16.0
2010-02-08  01:10:00  08 16 15.1  +01 09 55  +000929.9 -000185.6  04 06 59.7  249.535 19.944  22.19  38545 16.0
2010-02-08  01:20:00  08 26 35.2  +00 38 29  +000930.3 -000191.5  04 06 41.3  249.113 19.593  20.65  38524 16.0
2010-02-08  01:30:00  08 36 55.5  +00 06 06  +000930.8 -000197.1  04 06 22.6  248.682 19.230  19.32  38505 15.9
2010-02-08  01:40:00  08 47 16.3  -00 27 11  +000931.4 -000202.2  04 06 03.5  248.241 18.856  18.29  38487 15.9
2010-02-08  01:50:00  08 57 37.4  -01 01 18  +000932.0 -000207.0  04 05 44.0  247.791 18.470  17.60  38471 15.9
2010-02-08  02:00:00  09 07 59.0  -01 36 10  +000932.8 -000211.4  04 05 24.0  247.334 18.076  17.28  38457 15.9
2010-02-08  02:10:00  09 18 21.1  -02 11 43  +000933.6 -000215.3  04 05 03.6  246.869 17.672  17.38  38445 15.9
2010-02-08  02:20:00  09 28 43.8  -02 47 54  +000934.6 -000218.8  04 04 42.5  246.397 17.262  17.87  38434 15.9
2010-02-08  02:30:00  09 39 07.2  -03 24 38  +000935.7 -000221.8  04 04 20.7  245.919 16.844  18.73  38426 15.9
2010-02-08  02:40:00  09 49 31.4  -04 01 49  +000936.9 -000224.4  04 03 58.2  245.436 16.422  19.91  38419 15.9
2010-02-08  02:50:00  09 59 56.4  -04 39 24  +000938.2 -000226.5  04 03 34.8  244.948 15.995  21.37  38414 16.0
2010-02-08  03:00:00  10 10 22.4  -05 17 17  +000939.7 -000228.1  04 03 10.5  244.455 15.566  23.05  38410 16.0
2010-02-08  03:10:00  10 20 49.4  -05 55 25  +000941.3 -000229.3  04 02 45.2  243.959 15.135  24.90  38409 16.0
2010-02-08  03:20:00  10 31 17.5  -06 33 42  +000943.1 -000230.0  04 02 18.7  243.459 14.704  26.89  38409 16.0
2010-02-08  03:30:00  10 41 46.9  -07 12 02  +000945.1 -000230.1  04 01 50.9  242.957 14.273  29.00  38411 16.0
2010-02-08  03:40:00  10 52 17.6  -07 50 23  +000947.1 -000229.8  04 01 21.9  242.452 13.845  31.19  38415 16.0
2010-02-08  03:50:00  11 02 49.7  -08 28 37  +000949.4 -000229.0  04 00 51.4  241.946 13.421  33.47  38420 16.1
2010-02-08  04:00:00  11 13 23.4  -09 06 40  +000951.7 -000227.6  04 00 19.3  241.439 13.002  35.79  38426 16.1
2010-02-08  04:10:00  11 23 58.7  -09 44 28  +000954.2 -000225.8  03 59 45.7  240.931 12.588  38.17  38435 16.1

   Date        UTC        RA         DECL      RARate   DeclRate    HourAng      Az     Um    Phase  Range  Mag
2010-02-08  16:10:00  00 05 47.5  -01 31 04  +000865.0 +000199.1  03 19 55.2  237.710 25.097 139.02  39264 19.5
2010-02-08  16:20:00  00 15 24.2  -00 58 11  +000865.2 +000195.4  03 20 20.1  238.158 25.481 136.60  39252 19.3
2010-02-08  16:30:00  00 25 01.2  -00 25 56  +000865.7 +000191.5  03 20 44.8  238.600 25.855 134.16  39240 19.2
2010-02-08  16:40:00  00 34 38.5  +00 05 37  +000866.3 +000187.2  03 21 09.1  239.037 26.220 131.74  39226 19.0
2010-02-08  16:50:00  00 44 16.3  +00 36 26  +000867.1 +000182.5  03 21 32.9  239.466 26.575 129.30  39211 18.8
2010-02-08  17:00:00  00 53 54.7  +01 06 27  +000868.1 +000177.6  03 21 56.2  239.887 26.919 126.88  39194 18.7
2010-02-08  17:10:00  01 03 33.9  +01 35 37  +000869.3 +000172.4  03 22 18.7  240.297 27.253 124.44  39177 18.6
2010-02-08  17:20:00  01 13 13.9  +02 03 54  +000870.7 +000166.8  03 22 40.3  240.697 27.576 122.02  39158 18.4
2010-02-08  17:30:00  01 22 54.8  +02 31 13  +000872.2 +000161.0  03 23 01.0  241.085 27.887 119.58  39139 18.3
2010-02-08  17:40:00  01 32 36.8  +02 57 33  +000873.9 +000154.9  03 23 20.6  241.460 28.187 117.16  39118 18.2
2010-02-08  17:50:00  01 42 20.0  +03 22 50  +000875.7 +000148.5  03 23 39.1  241.820 28.475 114.72  39095 18.1
2010-02-08  18:00:00  01 52 04.4  +03 47 02  +000877.6 +000141.8  03 23 56.3  242.165 28.751 112.30  39072 18.0
2010-02-08  18:10:00  02 01 50.1  +04 10 05  +000879.6 +000134.9  03 24 12.2  242.494 29.014 109.86  39048 17.9
2010-02-08  18:20:00  02 11 37.2  +04 31 58  +000881.7 +000127.7  03 24 26.8  242.805 29.264 107.44  39022 17.8
2010-02-08  18:30:00  02 21 25.7  +04 52 38  +000883.8 +000120.2  03 24 40.0  243.098 29.502 105.00  38995 17.7
2010-02-08  18:40:00  02 31 15.7  +05 12 01  +000886.1 +000112.5  03 24 51.6  243.372 29.726 102.58  38967 17.6
2010-02-08  18:50:00  02 41 07.1  +05 30 07  +000888.3 +000104.6  03 25 01.8  243.625 29.937 100.14  38939 17.5
2010-02-08  19:00:00  02 51 00.1  +05 46 53  +000890.6 +000096.5  03 25 10.5  243.858 30.133  97.71  38909 17.4
2010-02-08  19:10:00  03 00 54.7  +06 02 16  +000893.0 +000088.1  03 25 17.6  244.070 30.315  95.27  38878 17.3
2010-02-08  19:20:00  03 10 50.7  +06 16 14  +000895.3 +000079.5  03 25 23.1  244.259 30.483  92.84  38846 17.2
2010-02-08  19:30:00  03 20 48.4  +06 28 46  +000897.6 +000070.8  03 25 27.2  244.426 30.635  90.40  38813 17.2
2010-02-08  19:40:00  03 30 47.5  +06 39 50  +000899.9 +000061.9  03 25 29.6  244.570 30.773  87.97  38780 17.1
2010-02-08  19:50:00  03 40 48.2  +06 49 24  +000902.1 +000052.8  03 25 30.6  244.690 30.894  85.52  38745 17.0
2010-02-08  20:00:00  03 50 50.3  +06 57 26  +000904.3 +000043.6  03 25 30.1  244.786 31.000  83.09  38710 16.9
2010-02-08  20:10:00  04 00 53.9  +07 03 55  +000906.4 +000034.3  03 25 28.2  244.858 31.089  80.64  38675 16.9
2010-02-08  20:20:00  04 10 58.9  +07 08 51  +000908.5 +000024.8  03 25 24.8  244.906 31.161  78.20  38639 16.8
2010-02-08  20:30:00  04 21 05.2  +07 12 11  +000910.5 +000015.2  03 25 20.1  244.929 31.217  75.76  38602 16.8
2010-02-08  20:40:00  04 31 12.9  +07 13 56  +000912.4 +000005.6  03 25 14.2  244.928 31.255  73.32  38565 16.7
2010-02-08  20:50:00  04 41 21.7  +07 14 03  +000914.2 -000004.1  03 25 07.0  244.903 31.275  70.87  38528 16.6
2010-02-08  21:00:00  04 51 31.7  +07 12 33  +000915.8 -000013.9  03 24 58.6  244.853 31.278  68.43  38490 16.6
2010-02-08  21:10:00  05 01 42.8  +07 09 26  +000917.4 -000023.6  03 24 49.1  244.779 31.262  65.99  38452 16.5
2010-02-08  21:20:00  05 11 55.0  +07 04 41  +000918.9 -000033.4  03 24 38.6  244.681 31.227  63.55  38415 16.5
2010-02-08  21:30:00  05 22 08.0  +06 58 17  +000920.3 -000043.2  03 24 27.2  244.560 31.174  61.11  38377 16.4
2010-02-08  21:40:00  05 32 21.9  +06 50 17  +000921.5 -000053.0  03 24 14.9  244.416 31.102  58.68  38340 16.4
2010-02-08  21:50:00  05 42 36.7  +06 40 39  +000922.6 -000062.6  03 24 01.9  244.249 31.011  56.24  38302 16.3
2010-02-08  22:00:00  05 52 52.1  +06 29 24  +000923.7 -000072.3  03 23 48.1  244.061 30.900  53.82  38265 16.3
2010-02-08  22:10:00  06 03 08.2  +06 16 34  +000924.6 -000081.8  03 23 33.6  243.851 30.770  51.39  38229 16.3
2010-02-08  22:20:00  06 13 24.8  +06 02 08  +000925.4 -000091.2  03 23 18.6  243.621 30.621  48.99  38193 16.2
2010-02-08  22:30:00  06 23 42.0  +05 46 10  +000926.1 -000100.5  03 23 03.1  243.370 30.452  46.58  38158 16.2
2010-02-08  22:40:00  06 33 59.6  +05 28 39  +000926.7 -000109.6  03 22 47.1  243.101 30.263  44.20  38124 16.2
2010-02-08  22:50:00  06 44 17.6  +05 09 38  +000927.3 -000118.6  03 22 30.7  242.813 30.056  41.82  38090 16.1
2010-02-08  23:00:00  06 54 36.0  +04 49 09  +000927.8 -000127.3  03 22 14.0  242.507 29.829  39.48  38057 16.1
2010-02-08  23:10:00  07 04 54.7  +04 27 13  +000928.2 -000135.8  03 21 57.0  242.185 29.584  37.15  38026 16.1
2010-02-08  23:20:00  07 15 13.6  +04 03 53  +000928.6 -000144.1  03 21 39.7  241.847 29.320  34.87  37996 16.0
2010-02-08  23:30:00  07 25 32.7  +03 39 11  +000928.9 -000152.2  03 21 22.2  241.494 29.037  32.61  37966 16.0
2010-02-08  23:40:00  07 35 52.1  +03 13 10  +000929.2 -000159.9  03 21 04.4  241.127 28.737  30.42  37939 16.0
2010-02-08  23:50:00  07 46 11.7  +02 45 53  +000929.6 -000167.4  03 20 46.5  240.746 28.420  28.29  37912 16.0
2010-02-09  00:00:00  07 56 31.6  +02 17 23  +000929.9 -000174.6  03 20 28.3  240.353 28.086  26.25  37887 16.0
2010-02-09  00:10:00  08 06 51.6  +01 47 43  +000930.2 -000181.4  03 20 09.9  239.949 27.735  24.31  37864 15.9
2010-02-09  00:20:00  08 17 11.8  +01 16 57  +000930.6 -000187.8  03 19 51.3  239.534 27.370  22.51  37842 15.9
2010-02-09  00:30:00  08 27 32.3  +00 45 07  +000931.0 -000194.0  03 19 32.5  239.109 26.989  20.88  37822 15.9
2010-02-09  00:40:00  08 37 53.2  +00 12 19  +000931.5 -000199.7  03 19 13.3  238.675 26.595  19.48  37804 15.9
2010-02-09  00:50:00  08 48 14.3  -00 21 25  +000932.0 -000205.0  03 18 53.8  238.233 26.188  18.34  37788 15.9
2010-02-09  01:00:00  08 58 35.8  -00 55 60  +000932.6 -000209.9  03 18 33.9  237.783 25.769  17.54  37773 15.9
2010-02-09  01:10:00  09 08 57.8  -01 31 22  +000933.3 -000214.4  03 18 13.6  237.327 25.339  17.12  37760 15.9
2010-02-09  01:20:00  09 19 20.3  -02 07 27  +000934.2 -000218.5  03 17 52.7  236.864 24.899  17.10  37749 15.9
2010-02-09  01:30:00  09 29 43.3  -02 44 11  +000935.1 -000222.1  03 17 31.3  236.395 24.450  17.49  37740 15.9
2010-02-09  01:40:00  09 40 07.1  -03 21 28  +000936.2 -000225.3  03 17 09.2  235.922 23.994  18.27  37733 15.9
2010-02-09  01:50:00  09 50 31.6  -03 59 14  +000937.3 -000228.0  03 16 46.4  235.444 23.531  19.39  37728 15.9
2010-02-09  02:00:00  10 00 56.9  -04 37 25  +000938.7 -000230.2  03 16 22.7  234.962 23.063  20.79  37725 15.9
2010-02-09  02:10:00  10 11 23.2  -05 15 56  +000940.2 -000231.9  03 15 58.1  234.477 22.592  22.44  37723 15.9
2010-02-09  02:20:00  10 21 50.5  -05 54 42  +000941.8 -000233.1  03 15 32.4  233.989 22.117  24.26  37724 15.9
2010-02-09  02:30:00  10 32 18.9  -06 33 37  +000943.6 -000233.9  03 15 05.6  233.499 21.642  26.24  37726 15.9
2010-02-09  02:40:00  10 42 48.6  -07 12 38  +000945.5 -000234.1  03 14 37.6  233.007 21.166  28.33  37730 16.0
2010-02-09  02:50:00  10 53 19.6  -07 51 38  +000947.6 -000233.8  03 14 08.2  232.514 20.692  30.52  37736 16.0
2010-02-09  03:00:00  11 03 52.0  -08 30 33  +000949.8 -000233.1  03 13 37.4  232.019 20.221  32.78  37744 16.0
2010-02-09  03:10:00  11 14 26.0  -09 09 17  +000952.2 -000231.8  03 13 05.1  231.524 19.754  35.11  37753 16.0
2010-02-09  03:20:00  11 25 01.6  -09 47 46  +000954.7 -000229.9  03 12 31.2  231.028 19.292  37.48  37764 16.1
2010-02-09  03:30:00  11 35 38.9  -10 25 54  +000957.3 -000227.6  03 11 55.5  230.533 18.838  39.90  37777 16.1
2010-02-09  03:40:00  11 46 18.0  -11 03 37  +000960.1 -000224.8  03 11 18.0  230.039 18.392  42.34  37791 16.1
2010-02-09  03:50:00  11 56 59.0  -11 40 48  +000963.0 -000221.4  03 10 38.6  229.546 17.955  44.82  37806 16.1
2010-02-09  04:00:00  12 07 42.0  -12 17 24  +000965.9 -000217.6  03 09 57.3  229.054 17.530  47.32  37823 16.2
2010-02-09  04:10:00  12 18 27.0  -12 53 19  +000969.0 -000213.2  03 09 14.0  228.564 17.117  49.84  37841 16.2

   Date        UTC        RA         DECL      RARate   DeclRate    HourAng      Az     Um    Phase  Range  Mag
2010-02-09  16:20:00  01 05 04.4  +01 30 49  +000869.4 +000176.3  02 34 36.5  228.774 33.885 125.09  38573 18.6
2010-02-09  16:30:00  01 14 44.4  +01 59 44  +000870.8 +000170.7  02 34 58.1  229.169 34.250 122.65  38554 18.4
2010-02-09  16:40:00  01 24 25.4  +02 27 42  +000872.3 +000164.9  02 35 18.7  229.554 34.602 120.22  38533 18.3
2010-02-09  16:50:00  01 34 07.5  +02 54 41  +000874.0 +000158.7  02 35 38.3  229.926 34.941 117.78  38511 18.2
2010-02-09  17:00:00  01 43 50.8  +03 20 36  +000875.8 +000152.3  02 35 56.7  230.285 35.267 115.35  38489 18.1
2010-02-09  17:10:00  01 53 35.3  +03 45 25  +000877.8 +000145.6  02 36 13.7  230.630 35.579 112.91  38465 18.0
2010-02-09  17:20:00  02 03 21.2  +04 09 06  +000879.8 +000138.6  02 36 29.5  230.958 35.877 110.48  38440 17.9
2010-02-09  17:30:00  02 13 08.5  +04 31 35  +000882.0 +000131.3  02 36 43.9  231.270 36.161 108.04  38414 17.7
2010-02-09  17:40:00  02 22 57.2  +04 52 51  +000884.2 +000123.8  02 36 56.8  231.564 36.430 105.61  38387 17.7
2010-02-09  17:50:00  02 32 47.4  +05 12 50  +000886.4 +000116.0  02 37 08.3  231.839 36.684 103.16  38359 17.6
2010-02-09  18:00:00  02 42 39.1  +05 31 30  +000888.8 +000108.0  02 37 18.2  232.094 36.922 100.73  38330 17.5
2010-02-09  18:10:00  02 52 32.4  +05 48 49  +000891.1 +000099.8  02 37 26.6  232.328 37.144  98.29  38300 17.4
2010-02-09  18:20:00  03 02 27.3  +06 04 45  +000893.5 +000091.3  02 37 33.3  232.541 37.351  95.86  38269 17.3
2010-02-09  18:30:00  03 12 23.7  +06 19 15  +000895.8 +000082.7  02 37 38.5  232.731 37.541  93.41  38237 17.2
2010-02-09  18:40:00  03 22 21.7  +06 32 17  +000898.2 +000073.8  02 37 42.2  232.899 37.713  90.97  38205 17.1
2010-02-09  18:50:00  03 32 21.2  +06 43 50  +000900.5 +000064.8  02 37 44.3  233.043 37.869  88.52  38171 17.1
2010-02-09  19:00:00  03 42 22.3  +06 53 52  +000902.8 +000055.6  02 37 44.8  233.163 38.006  86.09  38137 17.0
2010-02-09  19:10:00  03 52 24.9  +07 02 21  +000905.0 +000046.2  02 37 43.9  233.259 38.126  83.63  38103 16.9
2010-02-09  19:20:00  04 02 29.0  +07 09 17  +000907.2 +000036.7  02 37 41.5  233.330 38.227  81.19  38067 16.9
2010-02-09  19:30:00  04 12 34.5  +07 14 36  +000909.3 +000027.1  02 37 37.6  233.377 38.310  78.74  38032 16.8
2010-02-09  19:40:00  04 22 41.3  +07 18 19  +000911.3 +000017.4  02 37 32.4  233.398 38.373  76.30  37996 16.7
2010-02-09  19:50:00  04 32 49.5  +07 20 25  +000913.2 +000007.6  02 37 25.9  233.394 38.417  73.84  37959 16.7
2010-02-09  20:00:00  04 42 58.9  +07 20 52  +000915.0 -000002.2  02 37 18.1  233.366 38.442  71.40  37922 16.6
2010-02-09  20:10:00  04 53 09.5  +07 19 40  +000916.7 -000012.1  02 37 09.2  233.312 38.446  68.94  37885 16.6
2010-02-09  20:20:00  05 03 21.1  +07 16 49  +000918.3 -000022.1  02 36 59.2  233.235 38.429  66.50  37848 16.5
2010-02-09  20:30:00  05 13 33.8  +07 12 18  +000919.8 -000032.0  02 36 48.1  233.133 38.392  64.05  37811 16.5
2010-02-09  20:40:00  05 23 47.5  +07 06 08  +000921.2 -000042.0  02 36 36.1  233.007 38.334  61.61  37774 16.4
2010-02-09  20:50:00  05 34 02.0  +06 58 19  +000922.4 -000051.9  02 36 23.2  232.859 38.255  59.16  37737 16.4
2010-02-09  21:00:00  05 44 17.4  +06 48 50  +000923.5 -000061.8  02 36 09.5  232.687 38.155  56.73  37701 16.3
2010-02-09  21:10:00  05 54 33.4  +06 37 43  +000924.6 -000071.6  02 35 55.1  232.494 38.033  54.28  37664 16.3
2010-02-09  21:20:00  06 04 50.1  +06 24 59  +000925.5 -000081.3  02 35 40.1  232.280 37.890  51.86  37629 16.2
2010-02-09  21:30:00  06 15 07.3  +06 10 38  +000926.3 -000090.9  02 35 24.5  232.046 37.726  49.43  37594 16.2
2010-02-09  21:40:00  06 25 25.1  +05 54 42  +000927.0 -000100.4  02 35 08.3  231.792 37.540  47.03  37559 16.2
2010-02-09  21:50:00  06 35 43.3  +05 37 11  +000927.6 -000109.7  02 34 51.8  231.520 37.332  44.62  37525 16.1
2010-02-09  22:00:00  06 46 01.9  +05 18 09  +000928.2 -000118.8  02 34 34.8  231.230 37.103  42.24  37493 16.1
2010-02-09  22:10:00  06 56 20.8  +04 57 36  +000928.6 -000127.7  02 34 17.5  230.923 36.854  39.87  37461 16.1
2010-02-09  22:20:00  07 06 40.1  +04 35 35  +000929.0 -000136.4  02 33 59.9  230.601 36.583  37.54  37430 16.0
2010-02-09  22:30:00  07 16 59.5  +04 12 09  +000929.4 -000144.9  02 33 42.1  230.264 36.292  35.22  37401 16.0
2010-02-09  22:40:00  07 27 19.2  +03 47 18  +000929.7 -000153.1  02 33 24.1  229.914 35.981  32.96  37372 16.0
2010-02-09  22:50:00  07 37 39.1  +03 21 07  +000930.0 -000161.1  02 33 05.8  229.550 35.650  30.73  37345 16.0
2010-02-09  23:00:00  07 47 59.2  +02 53 38  +000930.3 -000168.7  02 32 47.3  229.175 35.300  28.58  37320 15.9
2010-02-09  23:10:00  07 58 19.5  +02 24 55  +000930.6 -000176.0  02 32 28.7  228.789 34.932  26.49  37296 15.9
2010-02-09  23:20:00  08 08 40.0  +01 54 59  +000930.9 -000183.0  02 32 09.8  228.394 34.546  24.52  37274 15.9
2010-02-09  23:30:00  08 19 00.7  +01 23 56  +000931.2 -000189.6  02 31 50.8  227.989 34.143  22.66  37253 15.9
2010-02-09  23:40:00  08 29 21.7  +00 51 48  +000931.6 -000195.9  02 31 31.5  227.576 33.723  20.98  37234 15.9
2010-02-09  23:50:00  08 39 42.9  +00 18 39  +000932.1 -000201.8  02 31 11.9  227.155 33.289  19.51  37217 15.9
2010-02-10  00:00:00  08 50 04.4  -00 15 26  +000932.6 -000207.2  02 30 52.0  226.728 32.840  18.30  37202 15.9
2010-02-10  00:10:00  09 00 26.3  -00 50 24  +000933.2 -000212.3  02 30 31.7  226.295 32.377  17.41  37188 15.9
2010-02-10  00:20:00  09 10 48.7  -01 26 10  +000933.9 -000216.9  02 30 11.0  225.857 31.903  16.90  37177 15.9
2010-02-10  00:30:00  09 21 11.5  -02 02 41  +000934.7 -000221.1  02 29 49.8  225.414 31.417  16.80  37167 15.9
2010-02-10  00:40:00  09 31 34.9  -02 39 51  +000935.6 -000224.9  02 29 28.1  224.967 30.921  17.12  37160 15.9
2010-02-10  00:50:00  09 41 59.0  -03 17 37  +000936.6 -000228.1  02 29 05.6  224.517 30.417  17.84  37154 15.9
2010-02-10  01:00:00  09 52 23.8  -03 55 52  +000937.8 -000230.9  02 28 42.5  224.063 29.905  18.91  37151 15.9
2010-02-10  01:10:00  10 02 49.5  -04 34 33  +000939.1 -000233.2  02 28 18.5  223.607 29.386  20.29  37150 15.9
2010-02-10  01:20:00  10 13 16.0  -05 13 35  +000940.6 -000235.0  02 27 53.6  223.149 28.863  21.90  37150 15.9
2010-02-10  01:30:00  10 23 43.6  -05 52 52  +000942.2 -000236.4  02 27 27.6  222.689 28.337  23.72  37153 15.9
2010-02-10  01:40:00  10 34 12.3  -06 32 20  +000944.0 -000237.2  02 27 00.5  222.228 27.808  25.69  37158 15.9
2010-02-10  01:50:00  10 44 42.3  -07 11 54  +000945.9 -000237.5  02 26 32.2  221.765 27.279  27.78  37164 15.9
2010-02-10  02:00:00  10 55 13.6  -07 51 28  +000948.0 -000237.2  02 26 02.6  221.302 26.750  29.97  37173 15.9
2010-02-10  02:10:00  11 05 46.3  -08 30 57  +000950.2 -000236.5  02 25 31.5  220.838 26.224  32.24  37183 16.0
2010-02-10  02:20:00  11 16 20.6  -09 10 17  +000952.6 -000235.2  02 24 58.8  220.373 25.701  34.56  37195 16.0
2010-02-10  02:30:00  11 26 56.5  -09 49 21  +000955.1 -000233.5  02 24 24.6  219.909 25.183  36.95  37209 16.0
2010-02-10  02:40:00  11 37 34.1  -10 28 04  +000957.8 -000231.2  02 23 48.6  219.445 24.672  39.36  37225 16.0
2010-02-10  02:50:00  11 48 13.5  -11 06 22  +000960.5 -000228.3  02 23 10.8  218.982 24.168  41.82  37242 16.1
2010-02-10  03:00:00  11 58 54.8  -11 44 09  +000963.4 -000225.0  02 22 31.2  218.520 23.674  44.29  37261 16.1
2010-02-10  03:10:00  12 09 38.1  -12 21 20  +000966.4 -000221.1  02 21 49.5  218.058 23.191  46.81  37281 16.1
2010-02-10  03:20:00  12 20 23.4  -12 57 50  +000969.5 -000216.7  02 21 05.9  217.598 22.720  49.32  37303 16.2
2010-02-10  03:30:00  12 31 10.8  -13 33 34  +000972.6 -000211.9  02 20 20.1  217.140 22.262  51.87  37326 16.2
2010-02-10  03:40:00  12 42 00.2  -14 08 26  +000975.8 -000206.5  02 19 32.3  216.683 21.819  54.42  37350 16.3
2010-02-10  03:50:00  12 52 51.9  -14 42 22  +000979.0 -000200.6  02 18 42.4  216.229 21.392  56.99  37375 16.3
2010-02-10  04:00:00  13 03 45.6  -15 15 17  +000982.3 -000194.3  02 17 50.2  215.778 20.982  59.56  37401 16.4
2010-02-10  04:10:00  13 14 41.5  -15 47 07  +000985.5 -000187.5  02 16 56.0  215.330 20.590  62.15  37428 16.4

   Date        UTC        RA         DECL      RARate   DeclRate    HourAng      Az     Um    Phase  Range  Mag
2010-02-10  16:20:00  01 55 49.3  +03 42 53  +000878.2 +000148.9  01 47 48.1  217.033 41.329 113.36  37995 17.9
2010-02-10  16:30:00  02 05 35.5  +04 07 07  +000880.3 +000141.8  01 48 03.6  217.336 41.669 110.92  37969 17.8
2010-02-10  16:40:00  02 15 23.0  +04 30 09  +000882.4 +000134.5  01 48 17.7  217.625 41.993 108.48  37943 17.7
2010-02-10  16:50:00  02 25 12.0  +04 51 57  +000884.7 +000127.0  01 48 30.3  217.896 42.299 106.03  37915 17.6
2010-02-10  17:00:00  02 35 02.6  +05 12 28  +000887.0 +000119.2  01 48 41.4  218.150 42.589 103.60  37887 17.5
2010-02-10  17:10:00  02 44 54.7  +05 31 39  +000889.3 +000111.1  01 48 50.9  218.386 42.861 101.15  37858 17.5
2010-02-10  17:20:00  02 54 48.4  +05 49 29  +000891.7 +000102.8  01 48 58.9  218.602 43.115  98.71  37827 17.4
2010-02-10  17:30:00  03 04 43.6  +06 05 54  +000894.1 +000094.3  01 49 05.3  218.797 43.350  96.26  37797 17.3
2010-02-10  17:40:00  03 14 40.5  +06 20 54  +000896.5 +000085.5  01 49 10.0  218.971 43.566  93.82  37765 17.2
2010-02-10  17:50:00  03 24 39.0  +06 34 24  +000898.9 +000076.6  01 49 13.2  219.124 43.763  91.36  37732 17.1
2010-02-10  18:00:00  03 34 39.0  +06 46 25  +000901.2 +000067.5  01 49 14.8  219.254 43.940  88.92  37699 17.0
2010-02-10  18:10:00  03 44 40.6  +06 56 54  +000903.5 +000058.2  01 49 14.9  219.361 44.097  86.47  37666 17.0
2010-02-10  18:20:00  03 54 43.7  +07 05 48  +000905.8 +000048.7  01 49 13.4  219.445 44.233  84.02  37631 16.9
2010-02-10  18:30:00  04 04 48.3  +07 13 08  +000908.0 +000039.1  01 49 10.5  219.505 44.348  81.56  37597 16.8
2010-02-10  18:40:00  04 14 54.3  +07 18 51  +000910.1 +000029.4  01 49 06.1  219.541 44.441  79.12  37561 16.8
2010-02-10  18:50:00  04 25 01.8  +07 22 56  +000912.1 +000019.6  01 49 00.3  219.554 44.513  76.65  37526 16.7
2010-02-10  19:00:00  04 35 10.5  +07 25 23  +000914.0 +000009.7  01 48 53.2  219.542 44.562  74.21  37490 16.7
2010-02-10  19:10:00  04 45 20.5  +07 26 10  +000915.9 -000000.3  01 48 44.9  219.507 44.589  71.74  37454 16.6
2010-02-10  19:20:00  04 55 31.6  +07 25 17  +000917.6 -000010.3  01 48 35.4  219.448 44.593  69.30  37417 16.5
2010-02-10  19:30:00  05 05 43.9  +07 22 43  +000919.2 -000020.4  01 48 24.7  219.366 44.574  66.83  37381 16.5
2010-02-10  19:40:00  05 15 57.2  +07 18 28  +000920.7 -000030.5  01 48 13.1  219.262 44.532  64.39  37345 16.4
2010-02-10  19:50:00  05 26 11.4  +07 12 33  +000922.0 -000040.6  01 48 00.5  219.135 44.466  61.93  37308 16.4
2010-02-10  20:00:00  05 36 26.6  +07 04 56  +000923.3 -000050.7  01 47 47.0  218.987 44.377  59.48  37272 16.3
2010-02-10  20:10:00  05 46 42.5  +06 55 40  +000924.4 -000060.7  01 47 32.7  218.819 44.263  57.03  37237 16.3
2010-02-10  20:20:00  05 56 59.1  +06 44 43  +000925.4 -000070.6  01 47 17.7  218.630 44.126  54.59  37201 16.3
2010-02-10  20:30:00  06 07 16.4  +06 32 07  +000926.3 -000080.5  01 47 02.1  218.423 43.965  52.14  37166 16.2
2010-02-10  20:40:00  06 17 34.2  +06 17 54  +000927.1 -000090.2  01 46 45.9  218.198 43.780  49.72  37132 16.2
2010-02-10  20:50:00  06 27 52.6  +06 02 03  +000927.8 -000099.8  01 46 29.2  217.955 43.571  47.29  37099 16.1
2010-02-10  21:00:00  06 38 11.3  +05 44 38  +000928.4 -000109.3  01 46 12.1  217.696 43.338  44.88  37066 16.1
2010-02-10  21:10:00  06 48 30.5  +05 25 38  +000929.0 -000118.6  01 45 54.6  217.423 43.082  42.48  37034 16.1
2010-02-10  21:20:00  06 58 50.0  +05 05 07  +000929.4 -000127.7  01 45 36.7  217.135 42.802  40.11  37003 16.0
2010-02-10  21:30:00  07 09 09.7  +04 43 06  +000929.8 -000136.5  01 45 18.6  216.834 42.500  37.75  36974 16.0
2010-02-10  21:40:00  07 19 29.7  +04 19 37  +000930.1 -000145.1  01 45 00.3  216.522 42.175  35.43  36945 16.0
2010-02-10  21:50:00  07 29 49.9  +03 54 44  +000930.4 -000153.5  01 44 41.8  216.198 41.828  33.13  36918 16.0
2010-02-10  22:00:00  07 40 10.2  +03 28 28  +000930.7 -000161.6  01 44 23.0  215.865 41.460  30.89  36892 15.9
2010-02-10  22:10:00  07 50 30.8  +03 00 53  +000931.0 -000169.4  01 44 04.1  215.523 41.071  28.70  36868 15.9
2010-02-10  22:20:00  08 00 51.5  +02 32 02  +000931.2 -000176.8  01 43 45.0  215.172 40.662  26.60  36845 15.9
2010-02-10  22:30:00  08 11 12.5  +02 01 58  +000931.5 -000184.0  01 43 25.7  214.815 40.233  24.58  36824 15.9
2010-02-10  22:40:00  08 21 33.6  +01 30 44  +000931.8 -000190.7  01 43 06.3  214.451 39.786  22.69  36804 15.9
2010-02-10  22:50:00  08 31 54.9  +00 58 24  +000932.2 -000197.1  01 42 46.6  214.081 39.322  20.95  36786 15.9
2010-02-10  23:00:00  08 42 16.5  +00 25 03  +000932.6 -000203.1  01 42 26.6  213.707 38.840  19.43  36771 15.8
2010-02-10  23:10:00  08 52 38.4  -00 09 17  +000933.1 -000208.7  01 42 06.4  213.329 38.344  18.16  36757 15.8
2010-02-10  23:20:00  09 03 00.6  -00 44 30  +000933.7 -000213.9  01 41 45.8  212.946 37.832  17.21  36745 15.8
2010-02-10  23:30:00  09 13 23.3  -01 20 33  +000934.3 -000218.6  01 41 24.7  212.561 37.307  16.63  36735 15.8
2010-02-10  23:40:00  09 23 46.5  -01 57 22  +000935.1 -000222.9  01 41 03.2  212.173 36.770  16.47  36727 15.8
2010-02-10  23:50:00  09 34 10.2  -02 34 51  +000936.0 -000226.8  01 40 41.2  211.782 36.223  16.74  36721 15.8
2010-02-11  00:00:00  09 44 34.5  -03 12 56  +000937.1 -000230.2  01 40 18.5  211.390 35.665  17.42  36718 15.8
2010-02-11  00:10:00  09 54 59.6  -03 51 32  +000938.2 -000233.0  01 39 55.0  210.996 35.099  18.47  36716 15.8
2010-02-11  00:20:00  10 05 25.5  -04 30 35  +000939.5 -000235.4  01 39 30.7  210.600 34.526  19.83  36717 15.8
2010-02-11  00:30:00  10 15 52.4  -05 09 59  +000941.0 -000237.3  01 39 05.6  210.204 33.947  21.44  36719 15.9
2010-02-11  00:40:00  10 26 20.2  -05 49 40  +000942.6 -000238.7  01 38 39.4  209.806 33.365  23.25  36724 15.9
2010-02-11  00:50:00  10 36 49.2  -06 29 32  +000944.4 -000239.6  01 38 12.0  209.407 32.779  25.23  36731 15.9
2010-02-11  01:00:00  10 47 19.4  -07 09 31  +000946.3 -000240.0  01 37 43.5  209.008 32.193  27.32  36740 15.9
2010-02-11  01:10:00  10 57 50.9  -07 49 30  +000948.3 -000239.8  01 37 13.6  208.608 31.606  29.52  36751 15.9
2010-02-11  01:20:00  11 08 23.8  -08 29 25  +000950.6 -000239.1  01 36 42.3  208.207 31.021  31.79  36764 15.9
2010-02-11  01:30:00  11 18 58.3  -09 09 10  +000953.0 -000237.9  01 36 09.4  207.806 30.440  34.13  36779 16.0
2010-02-11  01:40:00  11 29 34.5  -09 48 41  +000955.5 -000236.1  01 35 34.9  207.404 29.862  36.51  36796 16.0
2010-02-11  01:50:00  11 40 12.3  -10 27 51  +000958.1 -000233.8  01 34 58.8  207.002 29.292  38.94  36815 16.0
2010-02-11  02:00:00  11 50 52.0  -11 06 36  +000960.9 -000231.0  01 34 20.7  206.599 28.728  41.40  36835 16.0
2010-02-11  02:10:00  12 01 33.5  -11 44 50  +000963.8 -000227.7  01 33 40.8  206.196 28.174  43.89  36857 16.1
2010-02-11  02:20:00  12 12 17.0  -12 22 28  +000966.8 -000223.8  01 32 59.0  205.793 27.630  46.40  36881 16.1
2010-02-11  02:30:00  12 23 02.6  -12 59 25  +000969.9 -000219.5  01 32 15.1  205.390 27.098  48.94  36906 16.2
2010-02-11  02:40:00  12 33 50.2  -13 35 36  +000973.0 -000214.6  01 31 29.1  204.987 26.579  51.48  36932 16.2
2010-02-11  02:50:00  12 44 39.9  -14 10 56  +000976.2 -000209.2  01 30 41.0  204.585 26.075  54.05  36960 16.2
2010-02-11  03:00:00  12 55 31.7  -14 45 19  +000979.4 -000203.3  01 29 50.8  204.182 25.587  56.61  36989 16.3
2010-02-11  03:10:00  13 06 25.7  -15 18 40  +000982.6 -000197.0  01 28 58.5  203.781 25.116  59.20  37019 16.3
2010-02-11  03:20:00  13 17 21.9  -15 50 56  +000985.8 -000190.1  01 28 04.0  203.380 24.664  61.78  37051 16.4
2010-02-11  03:30:00  13 28 20.2  -16 22 02  +000989.0 -000182.9  01 27 07.3  202.980 24.231  64.38  37083 16.4
2010-02-11  03:40:00  13 39 20.5  -16 51 52  +000992.1 -000175.1  01 26 08.6  202.582 23.818  66.97  37115 16.5
2010-02-11  03:50:00  13 50 22.9  -17 20 23  +000995.1 -000167.0  01 25 07.9  202.185 23.428  69.58  37149 16.5
2010-02-11  04:00:00  14 01 27.3  -17 47 31  +000998.0 -000158.5  01 24 05.1  201.791 23.060  72.18  37183 16.6
2010-02-11  04:10:00  14 12 33.5  -18 13 11  +001000.7 -000149.5  01 23 00.6  201.400 22.716  74.80  37217 16.7

   Date        UTC        RA         DECL      RARate   DeclRate    HourAng      Az     Um    Phase  Range  Mag
2010-02-11  16:20:00  02 47 43.0  +05 30 20  +000890.0 +000113.8  00 59 51.0  202.186 47.111 101.45  37545 17.4
2010-02-11  16:30:00  02 57 37.1  +05 48 36  +000892.4 +000105.4  00 59 58.5  202.348 47.397  98.99  37514 17.4
2010-02-11  16:40:00  03 07 32.9  +06 05 28  +000894.8 +000096.9  01 00 04.4  202.493 47.661  96.55  37483 17.3
2010-02-11  16:50:00  03 17 30.3  +06 20 53  +000897.3 +000088.1  01 00 08.6  202.620 47.904  94.09  37452 17.2
2010-02-11  17:00:00  03 27 29.3  +06 34 49  +000899.7 +000079.1  01 00 11.3  202.728 48.125  91.64  37419 17.1
2010-02-11  17:10:00  03 37 29.9  +06 47 15  +000902.0 +000069.9  01 00 12.3  202.818 48.323  89.18  37386 17.0
2010-02-11  17:20:00  03 47 32.0  +06 58 07  +000904.4 +000060.6  01 00 11.8  202.889 48.498  86.73  37353 17.0
2010-02-11  17:30:00  03 57 35.7  +07 07 26  +000906.6 +000051.1  01 00 09.8  202.940 48.650  84.27  37319 16.9
2010-02-11  17:40:00  04 07 40.8  +07 15 08  +000908.8 +000041.4  01 00 06.3  202.972 48.778  81.82  37285 16.8
2010-02-11  17:50:00  04 17 47.4  +07 21 14  +000911.0 +000031.6  01 00 01.3  202.984 48.881  79.35  37250 16.8
2010-02-11  18:00:00  04 27 55.4  +07 25 41  +000913.0 +000021.7  00 59 55.0  202.976 48.959  76.90  37215 16.7
2010-02-11  18:10:00  04 38 04.8  +07 28 28  +000914.9 +000011.7  00 59 47.3  202.948 49.013  74.43  37180 16.6
2010-02-11  18:20:00  04 48 15.3  +07 29 35  +000916.8 +000001.6  00 59 38.4  202.902 49.041  71.97  37144 16.6
2010-02-11  18:30:00  04 58 27.1  +07 29 01  +000918.5 -000008.5  00 59 28.2  202.837 49.043  69.51  37109 16.5
2010-02-11  18:40:00  05 08 39.9  +07 26 45  +000920.1 -000018.7  00 59 17.0  202.753 49.019  67.05  37073 16.5
2010-02-11  18:50:00  05 18 53.8  +07 22 47  +000921.6 -000028.8  00 59 04.8  202.652 48.969  64.58  37038 16.4
2010-02-11  19:00:00  05 29 08.6  +07 17 08  +000922.9 -000039.0  00 58 51.6  202.534 48.893  62.13  37002 16.4
2010-02-11  19:10:00  05 39 24.3  +07 09 47  +000924.1 -000049.2  00 58 37.6  202.399 48.790  59.66  36967 16.3
2010-02-11  19:20:00  05 49 40.9  +07 00 44  +000925.3 -000059.3  00 58 22.7  202.249 48.661  57.21  36933 16.3
2010-02-11  19:30:00  05 59 58.1  +06 50 01  +000926.3 -000069.4  00 58 07.1  202.084 48.505  54.76  36898 16.2
2010-02-11  19:40:00  06 10 15.9  +06 37 38  +000927.2 -000079.3  00 57 51.0  201.906 48.323  52.31  36865 16.2
2010-02-11  19:50:00  06 20 34.2  +06 23 35  +000927.9 -000089.2  00 57 34.2  201.715 48.115  49.87  36831 16.2
2010-02-11  20:00:00  06 30 53.1  +06 07 54  +000928.6 -000098.9  00 57 17.0  201.512 47.881  47.44  36799 16.1
2010-02-11  20:10:00  06 41 12.4  +05 50 38  +000929.2 -000108.5  00 56 59.4  201.299 47.620  45.01  36767 16.1
2010-02-11  20:20:00  06 51 32.0  +05 31 46  +000929.7 -000117.9  00 56 41.4  201.075 47.335  42.61  36737 16.1
2010-02-11  20:30:00  07 01 52.0  +05 11 21  +000930.1 -000127.0  00 56 23.1  200.843 47.024  40.21  36707 16.0
2010-02-11  20:40:00  07 12 12.1  +04 49 26  +000930.5 -000136.0  00 56 04.5  200.603 46.689  37.85  36679 16.0
2010-02-11  20:50:00  07 22 32.6  +04 26 02  +000930.8 -000144.8  00 55 45.8  200.356 46.329  35.50  36651 16.0
2010-02-11  21:00:00  07 32 53.2  +04 01 11  +000931.0 -000153.2  00 55 26.8  200.103 45.946  33.20  36625 15.9
2010-02-11  21:10:00  07 43 13.9  +03 34 58  +000931.3 -000161.4  00 55 07.7  199.844 45.540  30.93  36601 15.9
2010-02-11  21:20:00  07 53 34.9  +03 07 24  +000931.5 -000169.3  00 54 48.4  199.581 45.112  28.72  36578 15.9
2010-02-11  21:30:00  08 03 56.0  +02 38 33  +000931.8 -000176.9  00 54 28.9  199.313 44.663  26.58  36556 15.9
2010-02-11  21:40:00  08 14 17.3  +02 08 28  +000932.0 -000184.1  00 54 09.3  199.043 44.193  24.54  36536 15.9
2010-02-11  21:50:00  08 24 38.7  +01 37 12  +000932.3 -000191.0  00 53 49.5  198.769 43.703  22.61  36518 15.8
2010-02-11  22:00:00  08 35 00.3  +01 04 49  +000932.6 -000197.5  00 53 29.5  198.494 43.195  20.84  36502 15.8
2010-02-11  22:10:00  08 45 22.2  +00 31 23  +000933.0 -000203.6  00 53 09.2  198.216 42.670  19.26  36488 15.8
2010-02-11  22:20:00  08 55 44.4  -00 03 01  +000933.5 -000209.3  00 52 48.7  197.936 42.128  17.94  36475 15.8
2010-02-11  22:30:00  09 06 06.9  -00 38 21  +000934.1 -000214.6  00 52 27.8  197.656 41.571  16.94  36465 15.8
2010-02-11  22:40:00  09 16 29.8  -01 14 31  +000934.7 -000219.4  00 52 06.6  197.374 40.999  16.31  36457 15.8
2010-02-11  22:50:00  09 26 53.2  -01 51 28  +000935.5 -000223.8  00 51 44.8  197.091 40.415  16.10  36450 15.8
2010-02-11  23:00:00  09 37 17.2  -02 29 06  +000936.3 -000227.7  00 51 22.5  196.807 39.819  16.33  36446 15.8
2010-02-11  23:10:00  09 47 41.7  -03 07 21  +000937.4 -000231.2  00 50 59.6  196.522 39.213  17.00  36444 15.8
2010-02-11  23:20:00  09 58 07.0  -03 46 08  +000938.5 -000234.2  00 50 36.0  196.236 38.598  18.03  36445 15.8
2010-02-11  23:30:00  10 08 33.1  -04 25 22  +000939.8 -000236.6  00 50 11.5  195.950 37.976  19.39  36447 15.8
2010-02-11  23:40:00  10 19 00.1  -05 04 59  +000941.2 -000238.6  00 49 46.2  195.662 37.348  21.00  36452 15.8
2010-02-11  23:50:00  10 29 28.1  -05 44 53  +000942.8 -000240.1  00 49 19.8  195.373 36.714  22.83  36459 15.8
2010-02-12  00:00:00  10 39 57.2  -06 24 58  +000944.6 -000241.0  00 48 52.3  195.083 36.078  24.81  36468 15.9
2010-02-12  00:10:00  10 50 27.6  -07 05 11  +000946.5 -000241.4  00 48 23.6  194.791 35.440  26.92  36479 15.9
2010-02-12  00:20:00  11 00 59.2  -07 45 25  +000948.5 -000241.3  00 47 53.6  194.497 34.802  29.12  36493 15.9
2010-02-12  00:30:00  11 11 32.3  -08 25 35  +000950.8 -000240.7  00 47 22.2  194.202 34.165  31.41  36508 15.9
2010-02-12  00:40:00  11 22 06.9  -09 05 36  +000953.1 -000239.5  00 46 49.2  193.905 33.530  33.75  36526 15.9
2010-02-12  00:50:00  11 32 43.2  -09 45 23  +000955.6 -000237.8  00 46 14.6  193.606 32.900  36.16  36545 16.0
2010-02-12  01:00:00  11 43 21.1  -10 24 50  +000958.3 -000235.5  00 45 38.3  193.304 32.276  38.59  36567 16.0
2010-02-12  01:10:00  11 54 00.9  -11 03 51  +000961.0 -000232.7  00 45 00.2  193.000 31.659  41.06  36590 16.0
2010-02-12  01:20:00  12 04 42.5  -11 42 23  +000963.9 -000229.4  00 44 20.2  192.693 31.050  43.55  36616 16.1
2010-02-12  01:30:00  12 15 26.1  -12 20 18  +000966.9 -000225.6  00 43 38.2  192.384 30.452  46.08  36642 16.1
2010-02-12  01:40:00  12 26 11.7  -12 57 33  +000970.0 -000221.2  00 42 54.2  192.072 29.865  48.61  36671 16.1
2010-02-12  01:50:00  12 36 59.4  -13 34 02  +000973.1 -000216.4  00 42 08.2  191.758 29.290  51.17  36701 16.2
2010-02-12  02:00:00  12 47 49.2  -14 09 39  +000976.3 -000211.0  00 41 20.0  191.440 28.731  53.73  36732 16.2
2010-02-12  02:10:00  12 58 41.1  -14 44 20  +000979.5 -000205.1  00 40 29.8  191.120 28.187  56.32  36765 16.3
2010-02-12  02:20:00  13 09 35.2  -15 17 59  +000982.7 -000198.7  00 39 37.4  190.798 27.659  58.90  36799 16.3
2010-02-12  02:30:00  13 20 31.3  -15 50 33  +000985.9 -000191.9  00 38 42.8  190.472 27.150  61.50  36834 16.4
2010-02-12  02:40:00  13 31 29.6  -16 21 56  +000989.0 -000184.6  00 37 46.2  190.145 26.661  64.09  36870 16.4
2010-02-12  02:50:00  13 42 30.0  -16 52 04  +000992.1 -000176.9  00 36 47.4  189.815 26.192  66.70  36907 16.5
2010-02-12  03:00:00  13 53 32.4  -17 20 53  +000995.1 -000168.8  00 35 46.7  189.483 25.744  69.30  36944 16.5
2010-02-12  03:10:00  14 04 36.8  -17 48 18  +000997.9 -000160.2  00 34 44.0  189.150 25.320  71.92  36983 16.6
2010-02-12  03:20:00  14 15 43.0  -18 14 16  +001000.6 -000151.3  00 33 39.4  188.815 24.919  74.53  37021 16.6
2010-02-12  03:30:00  14 26 50.9  -18 38 42  +001003.2 -000142.0  00 32 33.2  188.479 24.542  77.15  37060 16.7
2010-02-12  03:40:00  14 38 00.4  -19 01 34  +001005.5 -000132.3  00 31 25.2  188.143 24.192  79.75  37100 16.8
2010-02-12  03:50:00  14 49 11.5  -19 22 48  +001007.6 -000122.4  00 30 15.9  187.806 23.867  82.37  37139 16.8
2010-02-12  04:00:00  15 00 23.8  -19 42 21  +001009.4 -000112.2  00 29 05.2  187.470 23.570  84.98  37178 16.9
2010-02-12  04:10:00  15 11 37.3  -20 00 11  +001010.9 -000101.7  00 27 53.4  187.134 23.300  87.60  37218 17.0

   Date        UTC        RA         DECL      RARate   DeclRate    HourAng      Az     Um    Phase  Range  Mag
2010-02-12  16:20:00  03 40 40.0  +06 46 06  +000902.9 +000072.1  00 10 50.5  184.216 50.302  89.38  37248 17.0
2010-02-12  16:30:00  03 50 42.7  +06 57 20  +000905.2 +000062.7  00 10 49.4  184.224 50.489  86.91  37214 17.0
2010-02-12  16:40:00  04 00 47.0  +07 06 60  +000907.5 +000053.2  00 10 46.8  184.220 50.651  84.46  37181 16.9
2010-02-12  16:50:00  04 10 52.7  +07 15 03  +000909.7 +000043.5  00 10 42.7  184.204 50.786  81.99  37147 16.8
2010-02-12  17:00:00  04 20 59.9  +07 21 29  +000911.8 +000033.7  00 10 37.2  184.177 50.894  79.53  37113 16.8
2010-02-12  17:10:00  04 31 08.5  +07 26 16  +000913.9 +000023.7  00 10 30.3  184.138 50.975  77.05  37078 16.7
2010-02-12  17:20:00  04 41 18.4  +07 29 24  +000915.8 +000013.7  00 10 22.0  184.088 51.029  74.59  37044 16.6
2010-02-12  17:30:00  04 51 29.5  +07 30 50  +000917.6 +000003.6  00 10 12.5  184.027 51.055  72.12  37009 16.6
2010-02-12  17:40:00  05 01 41.9  +07 30 35  +000919.3 -000006.6  00 10 01.8  183.957 51.053  69.66  36974 16.5
2010-02-12  17:50:00  05 11 55.3  +07 28 38  +000920.9 -000016.8  00 09 50.0  183.877 51.022  67.18  36940 16.5
2010-02-12  18:00:00  05 22 09.7  +07 24 59  +000922.4 -000027.0  00 09 37.2  183.789 50.964  64.72  36905 16.4
2010-02-12  18:10:00  05 32 25.1  +07 19 37  +000923.7 -000037.3  00 09 23.5  183.692 50.877  62.25  36871 16.4
2010-02-12  18:20:00  05 42 41.3  +07 12 34  +000924.9 -000047.5  00 09 08.9  183.589 50.763  59.79  36837 16.3
2010-02-12  18:30:00  05 52 58.3  +07 03 48  +000926.0 -000057.7  00 08 53.6  183.479 50.619  57.32  36804 16.3
2010-02-12  18:40:00  06 03 16.0  +06 53 20  +000927.0 -000067.8  00 08 37.5  183.363 50.448  54.86  36771 16.2
2010-02-12  18:50:00  06 13 34.3  +06 41 13  +000927.9 -000077.8  00 08 20.9  183.242 50.249  52.40  36738 16.2
2010-02-12  19:00:00  06 23 53.1  +06 27 25  +000928.6 -000087.7  00 08 03.7  183.118 50.022  49.96  36706 16.2
2010-02-12  19:10:00  06 34 12.4  +06 11 59  +000929.3 -000097.5  00 07 46.0  182.990 49.767  47.51  36675 16.1
2010-02-12  19:20:00  06 44 32.1  +05 54 56  +000929.8 -000107.1  00 07 28.0  182.859 49.486  45.08  36645 16.1
2010-02-12  19:30:00  06 54 52.2  +05 36 17  +000930.3 -000116.6  00 07 09.6  182.726 49.178  42.66  36616 16.0
2010-02-12  19:40:00  07 05 12.5  +05 16 05  +000930.7 -000125.8  00 06 50.9  182.591 48.844  40.26  36587 16.0
2010-02-12  19:50:00  07 15 33.1  +04 54 21  +000931.0 -000134.9  00 06 32.0  182.455 48.484  37.87  36560 16.0
2010-02-12  20:00:00  07 25 53.8  +04 31 08  +000931.3 -000143.7  00 06 12.8  182.319 48.100  35.52  36534 16.0
2010-02-12  20:10:00  07 36 14.8  +04 06 29  +000931.5 -000152.2  00 05 53.5  182.183 47.691  33.19  36510 15.9
2010-02-12  20:20:00  07 46 35.9  +03 40 25  +000931.7 -000160.5  00 05 34.1  182.047 47.259  30.91  36487 15.9
2010-02-12  20:30:00  07 56 57.1  +03 13 00  +000931.9 -000168.4  00 05 14.5  181.912 46.804  28.67  36465 15.9
2010-02-12  20:40:00  08 07 18.4  +02 44 18  +000932.1 -000176.1  00 04 54.8  181.777 46.328  26.52  36445 15.9
2010-02-12  20:50:00  08 17 39.9  +02 14 20  +000932.4 -000183.4  00 04 34.9  181.643 45.830  24.44  36427 15.9
2010-02-12  21:00:00  08 28 01.6  +01 43 11  +000932.6 -000190.3  00 04 14.9  181.510 45.313  22.48  36410 15.8
2010-02-12  21:10:00  08 38 23.5  +01 10 55  +000932.9 -000196.9  00 03 54.7  181.377 44.776  20.66  36395 15.8
2010-02-12  21:20:00  08 48 45.6  +00 37 35  +000933.3 -000203.1  00 03 34.2  181.246 44.222  19.05  36383 15.8
2010-02-12  21:30:00  08 59 07.9  +00 03 15  +000933.8 -000208.8  00 03 13.5  181.114 43.651  17.68  36372 15.8
2010-02-12  21:40:00  09 09 30.6  -00 32 01  +000934.3 -000214.2  00 02 52.5  180.984 43.065  16.63  36363 15.8
2010-02-12  21:50:00  09 19 53.7  -01 08 07  +000934.9 -000219.1  00 02 31.1  180.853 42.464  15.95  36356 15.8
2010-02-12  22:00:00  09 30 17.2  -01 45 01  +000935.6 -000223.6  00 02 09.2  180.722 41.850  15.71  36352 15.8
2010-02-12  22:10:00  09 40 41.2  -02 22 37  +000936.5 -000227.6  00 01 46.8  180.591 41.224  15.91  36349 15.8
2010-02-12  22:20:00  09 51 05.9  -03 00 51  +000937.5 -000231.1  00 01 23.8  180.459 40.588  16.56  36349 15.8
2010-02-12  22:30:00  10 01 31.2  -03 39 37  +000938.6 -000234.1  00 01 00.1  180.326 39.942  17.59  36351 15.8
2010-02-12  22:40:00  10 11 57.4  -04 18 51  +000939.9 -000236.7  00 00 35.6  180.191 39.288  18.95  36355 15.8
2010-02-12  22:50:00  10 22 24.4  -04 58 29  +000941.3 -000238.7  00 00 10.2  180.054 38.628  20.58  36362 15.8
2010-02-12  23:00:00  10 32 52.5  -05 38 24  +000942.9 -000240.2  23 59 43.8  179.915 37.963  22.41  36371 15.8
2010-02-12  23:10:00  10 43 21.6  -06 18 31  +000944.6 -000241.2  23 59 16.2  179.772 37.294  24.41  36382 15.9
2010-02-12  23:20:00  10 53 52.0  -06 58 46  +000946.5 -000241.7  23 58 47.5  179.627 36.622  26.53  36395 15.9
2010-02-12  23:30:00  11 04 23.6  -07 39 03  +000948.5 -000241.6  23 58 17.5  179.477 35.950  28.75  36411 15.9
2010-02-12  23:40:00  11 14 56.7  -08 19 17  +000950.7 -000241.0  23 57 46.1  179.324 35.279  31.04  36429 15.9
2010-02-12  23:50:00  11 25 31.3  -08 59 22  +000953.1 -000239.9  23 57 13.2  179.166 34.610  33.41  36449 15.9
2010-02-13  00:00:00  11 36 07.5  -09 39 14  +000955.6 -000238.3  23 56 38.6  179.003 33.944  35.81  36471 16.0
2010-02-13  00:10:00  11 46 45.4  -10 18 46  +000958.2 -000236.1  23 56 02.4  178.835 33.283  38.26  36495 16.0
2010-02-13  00:20:00  11 57 25.1  -10 57 54  +000960.9 -000233.3  23 55 24.3  178.661 32.628  40.73  36521 16.0
2010-02-13  00:30:00  12 08 06.6  -11 36 31  +000963.8 -000230.1  23 54 44.4  178.481 31.982  43.25  36549 16.1
2010-02-13  00:40:00  12 18 50.1  -12 14 33  +000966.7 -000226.3  23 54 02.6  178.296 31.345  45.77  36579 16.1
2010-02-13  00:50:00  12 29 35.6  -12 51 55  +000969.8 -000221.9  23 53 18.7  178.104 30.718  48.32  36610 16.1
2010-02-13  01:00:00  12 40 23.1  -13 28 30  +000972.9 -000217.1  23 52 32.8  177.906 30.104  50.88  36643 16.2
2010-02-13  01:10:00  12 51 12.7  -14 04 15  +000976.0 -000211.8  23 51 44.9  177.701 29.503  53.46  36678 16.2
2010-02-13  01:20:00  13 02 04.5  -14 39 04  +000979.2 -000205.9  23 50 54.8  177.489 28.917  56.03  36714 16.3
2010-02-13  01:30:00  13 12 58.3  -15 12 53  +000982.4 -000199.6  23 50 02.6  177.270 28.347  58.63  36751 16.3
2010-02-13  01:40:00  13 23 54.3  -15 45 35  +000985.5 -000192.8  23 49 08.3  177.045 27.795  61.22  36790 16.3
2010-02-13  01:50:00  13 34 52.3  -16 17 07  +000988.6 -000185.5  23 48 11.9  176.814 27.261  63.83  36830 16.4
2010-02-13  02:00:00  13 45 52.4  -16 47 24  +000991.7 -000177.8  23 47 13.4  176.575 26.747  66.43  36870 16.5
2010-02-13  02:10:00  13 56 54.5  -17 16 23  +000994.6 -000169.7  23 46 12.9  176.331 26.253  69.05  36912 16.5
2010-02-13  02:20:00  14 07 58.5  -17 43 58  +000997.4 -000161.2  23 45 10.6  176.080 25.782  71.66  36954 16.6
2010-02-13  02:30:00  14 19 04.4  -18 10 06  +001000.1 -000152.3  23 44 06.3  175.822 25.334  74.28  36996 16.6
2010-02-13  02:40:00  14 30 12.0  -18 34 43  +001002.6 -000143.0  23 43 00.4  175.560 24.911  76.89  37039 16.7
2010-02-13  02:50:00  14 41 21.1  -18 57 45  +001004.9 -000133.4  23 41 52.9  175.292 24.512  79.51  37083 16.8
2010-02-13  03:00:00  14 52 31.7  -19 19 10  +001006.9 -000123.5  23 40 44.0  175.019 24.139  82.12  37126 16.8
2010-02-13  03:10:00  15 03 43.6  -19 38 54  +001008.7 -000113.3  23 39 33.8  174.741 23.792  84.74  37170 16.9
2010-02-13  03:20:00  15 14 56.5  -19 56 55  +001010.2 -000102.8  23 38 22.4  174.459 23.474  87.35  37214 17.0
2010-02-13  03:30:00  15 26 10.4  -20 13 11  +001011.4 -000092.2  23 37 10.2  174.173 23.183  89.97  37257 17.1
2010-02-13  03:40:00  15 37 25.0  -20 27 38  +001012.3 -000081.3  23 35 57.2  173.884 22.921  92.57  37300 17.1
2010-02-13  03:50:00  15 48 40.1  -20 40 16  +001012.9 -000070.2  23 34 43.8  173.593 22.688  95.19  37343 17.2
2010-02-13  04:00:00  15 59 55.4  -20 51 03  +001013.1 -000059.1  23 33 30.1  173.300 22.485  97.78  37385 17.3
2010-02-13  04:10:00  16 11 10.8  -20 59 57  +001012.9 -000047.8  23 32 16.4  173.005 22.312 100.39  37426 17.4

   Date        UTC        RA         DECL      RARate   DeclRate    HourAng      Az     Um    Phase  Range  Mag
2010-02-13  16:20:00  04 34 25.2  +07 24 38  +000914.7 +000025.6  23 21 01.9  164.827 50.123  77.22  37123 16.7
2010-02-13  16:30:00  04 44 35.6  +07 28 04  +000916.6 +000015.6  23 20 53.1  164.756 50.173  74.74  37089 16.6
2010-02-13  16:40:00  04 54 47.3  +07 29 49  +000918.4 +000005.5  23 20 43.1  164.684 50.194  72.27  37055 16.6
2010-02-13  16:50:00  05 05 00.2  +07 29 53  +000920.1 -000004.7  23 20 31.8  164.612 50.187  69.79  37021 16.5
2010-02-13  17:00:00  05 15 14.1  +07 28 15  +000921.6 -000014.9  23 20 19.6  164.542 50.151  67.32  36988 16.5
2010-02-13  17:10:00  05 25 29.0  +07 24 55  +000923.1 -000025.1  23 20 06.3  164.474 50.086  64.84  36954 16.4
2010-02-13  17:20:00  05 35 44.8  +07 19 53  +000924.4 -000035.4  23 19 52.1  164.409 49.993  62.37  36921 16.4
2010-02-13  17:30:00  05 46 01.5  +07 13 08  +000925.6 -000045.6  23 19 37.1  164.347 49.870  59.89  36888 16.3
2010-02-13  17:40:00  05 56 18.9  +07 04 42  +000926.6 -000055.8  23 19 21.3  164.289 49.720  57.43  36856 16.3
2010-02-13  17:50:00  06 06 37.0  +06 54 34  +000927.6 -000065.9  23 19 04.9  164.235 49.541  54.95  36824 16.2
2010-02-13  18:00:00  06 16 55.7  +06 42 45  +000928.4 -000075.9  23 18 47.8  164.185 49.335  52.50  36793 16.2
2010-02-13  18:10:00  06 27 14.9  +06 29 16  +000929.2 -000085.8  23 18 30.2  164.141 49.100  50.03  36763 16.2
2010-02-13  18:20:00  06 37 34.6  +06 14 09  +000929.8 -000095.6  23 18 12.2  164.102 48.839  47.59  36733 16.1
2010-02-13  18:30:00  06 47 54.6  +05 57 24  +000930.3 -000105.3  23 17 53.8  164.070 48.550  45.14  36704 16.1
2010-02-13  18:40:00  06 58 14.9  +05 39 04  +000930.7 -000114.7  23 17 35.1  164.043 48.236  42.72  36677 16.1
2010-02-13  18:50:00  07 08 35.5  +05 19 11  +000931.1 -000124.0  23 17 16.2  164.022 47.895  40.29  36650 16.0
2010-02-13  19:00:00  07 18 56.4  +04 57 45  +000931.4 -000133.1  23 16 57.0  164.007 47.529  37.90  36624 16.0
2010-02-13  19:10:00  07 29 17.4  +04 34 50  +000931.6 -000141.9  23 16 37.6  163.998 47.139  35.53  36600 16.0
2010-02-13  19:20:00  07 39 38.6  +04 10 29  +000931.8 -000150.4  23 16 18.1  163.994 46.725  33.19  36577 15.9
2010-02-13  19:30:00  07 49 59.8  +03 44 43  +000932.0 -000158.7  23 15 58.5  163.997 46.288  30.88  36555 15.9
2010-02-13  19:40:00  08 00 21.2  +03 17 35  +000932.2 -000166.7  23 15 38.7  164.005 45.828  28.64  36535 15.9
2010-02-13  19:50:00  08 10 42.8  +02 49 09  +000932.4 -000174.4  23 15 18.8  164.017 45.348  26.44  36517 15.9
2010-02-13  20:00:00  08 21 04.4  +02 19 29  +000932.6 -000181.7  23 14 58.8  164.035 44.846  24.35  36500 15.9
2010-02-13  20:10:00  08 31 26.2  +01 48 36  +000932.8 -000188.7  23 14 38.7  164.056 44.325  22.35  36485 15.8
2010-02-13  20:20:00  08 41 48.2  +01 16 36  +000933.1 -000195.3  23 14 18.3  164.081 43.785  20.50  36472 15.8
2010-02-13  20:30:00  08 52 10.3  +00 43 31  +000933.4 -000201.5  23 13 57.8  164.109 43.228  18.84  36461 15.8
2010-02-13  20:40:00  09 02 32.7  +00 09 27  +000933.8 -000207.3  23 13 37.1  164.139 42.654  17.42  36451 15.8
2010-02-13  20:50:00  09 12 55.4  -00 25 34  +000934.3 -000212.7  23 13 16.0  164.171 42.064  16.32  36444 15.8
2010-02-13  21:00:00  09 23 18.5  -01 01 26  +000934.9 -000217.7  23 12 54.6  164.204 41.460  15.59  36439 15.8
2010-02-13  21:10:00  09 33 42.0  -01 38 06  +000935.6 -000222.2  23 12 32.7  164.238 40.843  15.30  36436 15.8
2010-02-13  21:20:00  09 44 06.1  -02 15 29  +000936.5 -000226.2  23 12 10.3  164.271 40.213  15.48  36435 15.8
2010-02-13  21:30:00  09 54 30.7  -02 53 29  +000937.4 -000229.8  23 11 47.3  164.303 39.573  16.11  36437 15.8
2010-02-13  21:40:00  10 04 56.0  -03 32 03  +000938.5 -000232.9  23 11 23.7  164.333 38.923  17.13  36440 15.8
2010-02-13  21:50:00  10 15 22.1  -04 11 06  +000939.8 -000235.5  23 10 59.2  164.360 38.265  18.50  36446 15.8
2010-02-13  22:00:00  10 25 49.0  -04 50 32  +000941.1 -000237.6  23 10 33.9  164.385 37.600  20.13  36455 15.8
2010-02-13  22:10:00  10 36 17.0  -05 30 16  +000942.7 -000239.2  23 10 07.6  164.405 36.929  21.98  36465 15.8
2010-02-13  22:20:00  10 46 46.0  -06 10 13  +000944.4 -000240.2  23 09 40.3  164.421 36.253  23.98  36478 15.9
2010-02-13  22:30:00  10 57 16.2  -06 50 19  +000946.2 -000240.8  23 09 11.7  164.431 35.575  26.12  36493 15.9
2010-02-13  22:40:00  11 07 47.6  -07 30 27  +000948.2 -000240.8  23 08 41.9  164.435 34.895  28.34  36511 15.9
2010-02-13  22:50:00  11 18 20.5  -08 10 32  +000950.4 -000240.2  23 08 10.6  164.433 34.214  30.66  36531 15.9
2010-02-13  23:00:00  11 28 54.9  -08 50 30  +000952.7 -000239.2  23 07 37.9  164.424 33.535  33.02  36553 15.9
2010-02-13  23:10:00  11 39 30.8  -09 30 14  +000955.2 -000237.6  23 07 03.6  164.407 32.858  35.44  36577 16.0
2010-02-13  23:20:00  11 50 08.5  -10 09 40  +000957.8 -000235.5  23 06 27.6  164.381 32.184  37.89  36603 16.0
2010-02-13  23:30:00  12 00 47.9  -10 48 42  +000960.5 -000232.8  23 05 49.9  164.347 31.516  40.38  36631 16.0
2010-02-13  23:40:00  12 11 29.1  -11 27 14  +000963.3 -000229.6  23 05 10.3  164.304 30.855  42.89  36661 16.1
2010-02-13  23:50:00  12 22 12.2  -12 05 12  +000966.2 -000225.9  23 04 28.8  164.252 30.202  45.43  36694 16.1
2010-02-14  00:00:00  12 32 57.4  -12 42 30  +000969.2 -000221.6  23 03 45.3  164.189 29.558  47.98  36728 16.1
2010-02-14  00:10:00  12 43 44.5  -13 19 02  +000972.2 -000216.8  23 02 59.8  164.116 28.924  50.55  36763 16.2
2010-02-14  00:20:00  12 54 33.7  -13 54 45  +000975.3 -000211.6  23 02 12.3  164.033 28.303  53.12  36801 16.2
2010-02-14  00:30:00  13 05 25.0  -14 29 32  +000978.5 -000205.8  23 01 22.6  163.939 27.695  55.72  36839 16.3
2010-02-14  00:40:00  13 16 18.3  -15 03 19  +000981.6 -000199.5  23 00 30.9  163.835 27.102  58.31  36880 16.3
2010-02-14  00:50:00  13 27 13.8  -15 36 01  +000984.7 -000192.8  22 59 37.1  163.719 26.525  60.92  36921 16.3
2010-02-14  01:00:00  13 38 11.2  -16 07 34  +000987.8 -000185.6  22 58 41.3  163.593 25.965  63.52  36964 16.4
2010-02-14  01:10:00  13 49 10.7  -16 37 52  +000990.7 -000178.0  22 57 43.4  163.456 25.423  66.14  37008 16.5
2010-02-14  01:20:00  14 00 12.2  -17 06 52  +000993.6 -000169.9  22 56 43.6  163.309 24.901  68.74  37052 16.5
2010-02-14  01:30:00  14 11 15.5  -17 34 30  +000996.4 -000161.5  22 55 41.9  163.150 24.400  71.37  37098 16.6
2010-02-14  01:40:00  14 22 20.7  -18 00 41  +000999.0 -000152.6  22 54 38.4  162.981 23.920  73.98  37144 16.6
2010-02-14  01:50:00  14 33 27.5  -18 25 22  +001001.5 -000143.5  22 53 33.2  162.802 23.463  76.60  37190 16.7
2010-02-14  02:00:00  14 44 35.9  -18 48 29  +001003.7 -000133.9  22 52 26.4  162.612 23.030  79.22  37238 16.8
2010-02-14  02:10:00  14 55 45.7  -19 09 59  +001005.7 -000124.1  22 51 18.3  162.413 22.621  81.84  37285 16.8
2010-02-14  02:20:00  15 06 56.7  -19 29 50  +001007.4 -000114.0  22 50 08.9  162.205 22.238  84.45  37332 16.9
2010-02-14  02:30:00  15 18 08.8  -19 47 58  +001008.9 -000103.6  22 48 58.4  161.988 21.881  87.07  37380 17.0
2010-02-14  02:40:00  15 29 21.8  -20 04 21  +001010.1 -000093.0  22 47 47.1  161.762 21.552  89.68  37427 17.1
2010-02-14  02:50:00  15 40 35.5  -20 18 57  +001010.9 -000082.2  22 46 35.1  161.528 21.250  92.30  37474 17.1
2010-02-14  03:00:00  15 51 49.6  -20 31 45  +001011.4 -000071.2  22 45 22.6  161.287 20.976  94.90  37520 17.2
2010-02-14  03:10:00  16 03 04.0  -20 42 42  +001011.6 -000060.1  22 44 09.8  161.038 20.731  97.51  37567 17.3
2010-02-14  03:20:00  16 14 18.4  -20 51 47  +001011.4 -000048.9  22 42 57.1  160.784 20.516 100.10  37612 17.4
2010-02-14  03:30:00  16 25 32.5  -20 59 01  +001010.9 -000037.7  22 41 44.7  160.523 20.330 102.71  37657 17.5
2010-02-14  03:40:00  16 36 46.1  -21 04 21  +001010.0 -000026.4  22 40 32.7  160.258 20.174 105.30  37700 17.6
2010-02-14  03:50:00  16 47 59.0  -21 07 48  +001008.7 -000015.1  22 39 21.4  159.988 20.049 107.90  37743 17.7
2010-02-14  04:00:00  16 59 11.0  -21 09 23  +001007.1 -000003.8  22 38 11.1  159.714 19.954 110.48  37785 17.8

   Date        UTC        RA         DECL      RARate   DeclRate    HourAng      Az     Um    Phase  Range  Mag
2010-02-14  16:20:00  05 28 35.4  +07 22 40  +000923.7 -000023.1  22 30 48.2  146.838 46.534  65.03  37181 16.4
2010-02-14  16:30:00  05 38 51.7  +07 17 58  +000925.0 -000033.3  22 30 33.6  146.800 46.439  62.54  37150 16.4
2010-02-14  16:40:00  05 49 08.7  +07 11 34  +000926.1 -000043.5  22 30 18.2  146.774 46.316  60.07  37118 16.3
2010-02-14  16:50:00  05 59 26.4  +07 03 29  +000927.1 -000053.6  22 30 02.1  146.759 46.166  57.58  37087 16.3
2010-02-14  17:00:00  06 09 44.8  +06 53 42  +000928.0 -000063.7  22 29 45.4  146.756 45.989  55.12  37057 16.3
2010-02-14  17:10:00  06 20 03.8  +06 42 16  +000928.8 -000073.7  22 29 28.0  146.765 45.785  52.64  37027 16.2
2010-02-14  17:20:00  06 30 23.3  +06 29 10  +000929.5 -000083.5  22 29 10.2  146.786 45.555  50.18  36998 16.2
2010-02-14  17:30:00  06 40 43.2  +06 14 25  +000930.1 -000093.3  22 28 51.9  146.820 45.299  47.71  36970 16.1
2010-02-14  17:40:00  06 51 03.5  +05 58 04  +000930.6 -000102.9  22 28 33.3  146.865 45.018  45.27  36943 16.1
2010-02-14  17:50:00  07 01 24.0  +05 40 08  +000931.0 -000112.3  22 28 14.4  146.923 44.711  42.82  36916 16.1
2010-02-14  18:00:00  07 11 44.8  +05 20 38  +000931.3 -000121.6  22 27 55.3  146.992 44.380  40.40  36891 16.0
2010-02-14  18:10:00  07 22 05.8  +04 59 37  +000931.6 -000130.6  22 27 36.0  147.072 44.026  37.99  36867 16.0
2010-02-14  18:20:00  07 32 26.9  +04 37 07  +000931.8 -000139.4  22 27 16.5  147.164 43.648  35.61  36844 16.0
2010-02-14  18:30:00  07 42 48.2  +04 13 10  +000932.0 -000148.0  22 26 56.8  147.265 43.247  33.25  36823 16.0
2010-02-14  18:40:00  07 53 09.6  +03 47 49  +000932.1 -000156.2  22 26 37.1  147.377 42.824  30.93  36803 15.9
2010-02-14  18:50:00  08 03 31.0  +03 21 06  +000932.3 -000164.2  22 26 17.2  147.498 42.381  28.65  36785 15.9
2010-02-14  19:00:00  08 13 52.6  +02 53 06  +000932.4 -000171.9  22 25 57.3  147.627 41.916  26.45  36768 15.9
2010-02-14  19:10:00  08 24 14.3  +02 23 50  +000932.6 -000179.2  22 25 37.3  147.764 41.432  24.31  36753 15.9
2010-02-14  19:20:00  08 34 36.0  +01 53 23  +000932.8 -000186.2  22 25 17.2  147.909 40.929  22.28  36739 15.9
2010-02-14  19:30:00  08 44 58.0  +01 21 48  +000933.0 -000192.8  22 24 56.9  148.059 40.409  20.39  36728 15.8
2010-02-14  19:40:00  08 55 20.1  +00 49 09  +000933.3 -000199.0  22 24 36.4  148.214 39.871  18.68  36718 15.8
2010-02-14  19:50:00  09 05 42.5  +00 15 29  +000933.7 -000204.8  22 24 15.7  148.373 39.317  17.21  36710 15.8
2010-02-14  20:00:00  09 16 05.1  -00 19 06  +000934.2 -000210.2  22 23 54.7  148.536 38.747  16.04  36704 15.8
2010-02-14  20:10:00  09 26 28.1  -00 54 34  +000934.7 -000215.2  22 23 33.4  148.701 38.164  15.26  36701 15.8
2010-02-14  20:20:00  09 36 51.4  -01 30 49  +000935.4 -000219.8  22 23 11.6  148.868 37.567  14.91  36699 15.8
2010-02-14  20:30:00  09 47 15.3  -02 07 48  +000936.2 -000223.8  22 22 49.4  149.035 36.958  15.04  36700 15.8
2010-02-14  20:40:00  09 57 39.7  -02 45 24     <<SHADOW>>        22 22 26.6  149.201 36.338  15.63  36703 ----
2010-02-14  20:50:00  10 08 04.9  -03 23 35  +000938.2 -000230.6  22 22 03.1  149.366 35.709  16.64  36708 15.8
2010-02-14  21:00:00  10 18 30.7  -04 02 14  +000939.4 -000233.2  22 21 38.9  149.528 35.070  17.99  36715 15.8
2010-02-14  21:10:00  10 28 57.4  -04 41 17  +000940.8 -000235.3  22 21 13.8  149.686 34.424  19.63  36725 15.8
2010-02-14  21:20:00  10 39 25.1  -05 20 39  +000942.3 -000237.0  22 20 47.8  149.840 33.771  21.48  36737 15.9
2010-02-14  21:30:00  10 49 53.8  -06 00 15  +000943.9 -000238.1  22 20 20.8  149.989 33.113  23.50  36752 15.9
2010-02-14  21:40:00  11 00 23.7  -06 39 60  +000945.7 -000238.7  22 19 52.5  150.131 32.452  25.63  36768 15.9
2010-02-14  21:50:00  11 10 54.8  -07 19 47  +000947.7 -000238.8  22 19 23.0  150.266 31.787  27.88  36787 15.9
2010-02-14  22:00:00  11 21 27.3  -07 59 33  +000949.8 -000238.3  22 18 52.2  150.394 31.121  30.18  36809 15.9
2010-02-14  22:10:00  11 32 01.3  -08 39 12  +000952.1 -000237.3  22 18 19.9  150.512 30.455  32.57  36832 15.9
2010-02-14  22:20:00  11 42 36.8  -09 18 38  +000954.5 -000235.8  22 17 46.0  150.622 29.790  34.98  36858 16.0
2010-02-14  22:30:00  11 53 13.9  -09 57 47  +000957.0 -000233.8  22 17 10.5  150.721 29.127  37.45  36886 16.0
2010-02-14  22:40:00  12 03 52.8  -10 36 32  +000959.7 -000231.2  22 16 33.3  150.810 28.468  39.94  36916 16.0
2010-02-14  22:50:00  12 14 33.5  -11 14 48  +000962.4 -000228.1  22 15 54.2  150.887 27.813  42.46  36948 16.1
2010-02-14  23:00:00  12 25 16.1  -11 52 31  +000965.3 -000224.4  22 15 13.3  150.953 27.166  44.99  36982 16.1
2010-02-14  23:10:00  12 36 00.5  -12 29 35  +000968.2 -000220.3  22 14 30.5  151.006 26.525  47.56  37017 16.1
2010-02-14  23:20:00  12 46 47.0  -13 05 55  +000971.2 -000215.6  22 13 45.6  151.046 25.894  50.12  37055 16.2
2010-02-14  23:30:00  12 57 35.5  -13 41 26  +000974.3 -000210.4  22 12 58.8  151.074 25.273  52.71  37094 16.2
2010-02-14  23:40:00  13 08 26.0  -14 16 02  +000977.3 -000204.8  22 12 09.9  151.088 24.664  55.29  37135 16.3
2010-02-14  23:50:00  13 19 18.6  -14 49 39  +000980.4 -000198.6  22 11 19.0  151.088 24.067  57.90  37178 16.3
2010-02-15  00:00:00  13 30 13.2  -15 22 13  +000983.4 -000192.0  22 10 26.0  151.074 23.484  60.50  37222 16.4
2010-02-15  00:10:00  13 41 09.8  -15 53 38  +000986.4 -000184.9  22 09 31.0  151.046 22.916  63.11  37267 16.4
2010-02-15  00:20:00  13 52 08.4  -16 23 49  +000989.3 -000177.4  22 08 34.1  151.005 22.365  65.72  37313 16.5
2010-02-15  00:30:00  14 03 08.9  -16 52 44  +000992.2 -000169.5  22 07 35.2  150.949 21.832  68.34  37360 16.5
2010-02-15  00:40:00  14 14 11.3  -17 20 17  +000994.9 -000161.1  22 06 34.5  150.878 21.317  70.96  37408 16.6
2010-02-15  00:50:00  14 25 15.4  -17 46 26  +000997.4 -000152.4  22 05 32.1  150.794 20.822  73.58  37457 16.6
2010-02-15  01:00:00  14 36 21.1  -18 11 05  +000999.8 -000143.3  22 04 28.0  150.696 20.347  76.20  37507 16.7
2010-02-15  01:10:00  14 47 28.4  -18 34 11  +001002.0 -000133.9  22 03 22.3  150.584 19.895  78.82  37557 16.8
2010-02-15  01:20:00  14 58 37.0  -18 55 43  +001003.9 -000124.2  22 02 15.3  150.458 19.466  81.43  37607 16.8
2010-02-15  01:30:00  15 09 46.8  -19 15 35  +001005.6 -000114.2  22 01 07.1  150.319 19.060  84.06  37657 16.9
2010-02-15  01:40:00  15 20 57.7  -19 33 46  +001007.0 -000104.0  21 59 57.9  150.168 18.679  86.67  37708 17.0
2010-02-15  01:50:00  15 32 09.5  -19 50 14  +001008.2 -000093.5  21 58 47.8  150.003 18.323  89.29  37758 17.1
2010-02-15  02:00:00  15 43 21.9  -20 04 56  +001009.0 -000082.8  21 57 37.0  149.827 17.993  91.89  37809 17.1
2010-02-15  02:10:00  15 54 34.7  -20 17 51  +001009.5 -000072.0  21 56 25.9  149.639 17.690  94.51  37859 17.2
2010-02-15  02:20:00  16 05 47.8  -20 28 56  +001009.6 -000061.1  21 55 14.4  149.440 17.414  97.11  37908 17.3
2010-02-15  02:30:00  16 17 00.8  -20 38 12  +001009.4 -000050.0  21 54 03.0  149.230 17.167  99.72  37957 17.4
2010-02-15  02:40:00  16 28 13.6  -20 45 36  +001008.9 -000038.9  21 52 51.9  149.011 16.948 102.31  38005 17.5
2010-02-15  02:50:00  16 39 25.9  -20 51 09  +001008.0 -000027.7  21 51 41.3  148.782 16.757 104.91  38052 17.6
2010-02-15  03:00:00  16 50 37.4  -20 54 50  +001006.7 -000016.5  21 50 31.3  148.544 16.596 107.50  38099 17.7
2010-02-15  03:10:00  17 01 48.0  -20 56 39  +001005.1 -000005.3  21 49 22.4  148.298 16.464 110.09  38144 17.8
2010-02-15  03:20:00  17 12 57.4  -20 56 37  +001003.1 +000005.8  21 48 14.6  148.045 16.362 112.67  38188 17.9
2010-02-15  03:30:00  17 24 05.4  -20 54 44  +001000.8 +000016.8  21 47 08.3  147.784 16.290 115.26  38231 18.0
2010-02-15  03:40:00  17 35 11.7  -20 51 02  +000998.1 +000027.7  21 46 03.6  147.518 16.247 117.82  38273 18.2
2010-02-15  03:50:00  17 46 16.1  -20 45 31  +000995.1 +000038.5  21 45 00.8  147.246 16.234 120.40  38313 18.3
2010-02-15  04:00:00  17 57 18.5  -20 38 13  +000991.9 +000049.1  21 44 00.1  146.970 16.251 122.96  38351 18.4

   Date        UTC        RA         DECL      RARate   DeclRate    HourAng      Az     Um    Phase  Range  Mag
2010-02-15  16:20:00  06 22 43.5  +06 39 56  +000929.1 -000071.1  21 40 36.7  131.956 40.257  52.91  37427 16.2
2010-02-15  16:30:00  06 33 03.2  +06 27 16  +000929.8 -000080.9  21 40 18.7  132.015 40.037  50.43  37400 16.2
2010-02-15  16:40:00  06 43 23.2  +06 12 58  +000930.3 -000090.6  21 40 00.2  132.090 39.794  47.97  37373 16.2
2010-02-15  16:50:00  06 53 43.6  +05 57 04  +000930.8 -000100.1  21 39 41.5  132.181 39.527  45.51  37347 16.1
2010-02-15  17:00:00  07 04 04.2  +05 39 36  +000931.1 -000109.5  21 39 22.5  132.287 39.236  43.06  37322 16.1
2010-02-15  17:10:00  07 14 25.1  +05 20 35  +000931.4 -000118.7  21 39 03.3  132.407 38.923  40.62  37299 16.1
2010-02-15  17:20:00  07 24 46.1  +05 00 04  +000931.6 -000127.6  21 38 43.9  132.543 38.588  38.21  37277 16.0
2010-02-15  17:30:00  07 35 07.3  +04 38 03  +000931.8 -000136.4  21 38 24.4  132.692 38.231  35.80  37255 16.0
2010-02-15  17:40:00  07 45 28.6  +04 14 37  +000932.0 -000144.9  21 38 04.8  132.855 37.853  33.44  37236 16.0
2010-02-15  17:50:00  07 55 49.9  +03 49 47  +000932.1 -000153.1  21 37 45.0  133.030 37.455  31.09  37217 16.0
2010-02-15  18:00:00  08 06 11.4  +03 23 37  +000932.2 -000161.0  21 37 25.2  133.217 37.037  28.80  37200 15.9
2010-02-15  18:10:00  08 16 32.9  +02 56 08  +000932.3 -000168.6  21 37 05.4  133.415 36.599  26.56  37185 15.9
2010-02-15  18:20:00  08 26 54.5  +02 27 25  +000932.4 -000175.9  21 36 45.4  133.624 36.143  24.40  37172 15.9
2010-02-15  18:30:00  08 37 16.2  +01 57 31  +000932.6 -000182.8  21 36 25.4  133.841 35.670  22.33  37160 15.9
2010-02-15  18:40:00  08 47 38.0  +01 26 30  +000932.8 -000189.4  21 36 05.2  134.067 35.179  20.40  37150 15.9
2010-02-15  18:50:00  08 57 59.9  +00 54 24  +000933.1 -000195.6  21 35 44.9  134.300 34.672  18.63  37141 15.9
2010-02-15  19:00:00  09 08 22.1  +00 21 18  +000933.4 -000201.5  21 35 24.4  134.539 34.150  17.09  37135 15.9
2010-02-15  19:10:00  09 18 44.5  -00 12 44  +000933.9 -000206.9  21 35 03.6  134.783 33.613  15.85  37131 15.8
2010-02-15  19:20:00  09 29 07.3  -00 47 37  +000934.4 -000211.8  21 34 42.5  135.031 33.063  14.98  37128 15.8
2010-02-15  19:30:00  09 39 30.4  -01 23 19  +000935.0 -000216.4  21 34 21.0  135.283 32.500  14.55  37128 15.8
2010-02-15  19:40:00  09 49 54.0  -01 59 43  +000935.8 -000220.5  21 33 59.0  135.535 31.925  14.60  37130 15.8
2010-02-15  19:50:00  10 00 18.2  -02 36 47     <<SHADOW>>        21 33 36.5  135.789 31.338  15.14  37134 ----
2010-02-15  20:00:00  10 10 42.9  -03 14 24     <<SHADOW>>        21 33 13.4  136.042 30.742  16.10  37141 ----
2010-02-15  20:10:00  10 21 08.4  -03 52 30  +000938.8 -000229.9  21 32 49.5  136.293 30.137  17.44  37149 15.9
2010-02-15  20:20:00  10 31 34.8  -04 31 01  +000940.1 -000232.1  21 32 24.9  136.542 29.524  19.05  37160 15.9
2010-02-15  20:30:00  10 42 02.0  -05 09 51  +000941.6 -000233.8  21 31 59.3  136.787 28.904  20.90  37174 15.9
2010-02-15  20:40:00  10 52 30.3  -05 48 55  +000943.2 -000235.0  21 31 32.6  137.027 28.278  22.90  37189 15.9
2010-02-15  20:50:00  11 02 59.7  -06 28 08  +000945.0 -000235.6  21 31 04.9  137.262 27.648  25.05  37207 15.9
2010-02-15  21:00:00  11 13 30.3  -07 07 26  +000946.9 -000235.8  21 30 35.9  137.490 27.013  27.28  37227 15.9
2010-02-15  21:10:00  11 24 02.2  -07 46 42  +000948.9 -000235.4  21 30 05.6  137.710 26.376  29.61  37249 15.9
2010-02-15  21:20:00  11 34 35.5  -08 25 52  +000951.1 -000234.5  21 29 33.9  137.921 25.738  31.98  37274 16.0
2010-02-15  21:30:00  11 45 10.4  -09 04 50  +000953.5 -000233.1  21 29 00.7  138.122 25.100  34.41  37301 16.0
2010-02-15  21:40:00  11 55 46.9  -09 43 32  +000956.0 -000231.1  21 28 25.9  138.314 24.463  36.87  37330 16.0
2010-02-15  21:50:00  12 06 25.0  -10 21 51  +000958.5 -000228.6  21 27 49.4  138.494 23.828  39.37  37361 16.1
2010-02-15  22:00:00  12 17 05.0  -10 59 43  +000961.2 -000225.6  21 27 11.1  138.662 23.196  41.88  37394 16.1
2010-02-15  22:10:00  12 27 46.7  -11 37 02  +000964.0 -000222.1  21 26 31.0  138.818 22.569  44.43  37429 16.1
2010-02-15  22:20:00  12 38 30.3  -12 13 44  +000966.9 -000218.1  21 25 49.0  138.960 21.948  46.98  37466 16.2
2010-02-15  22:30:00  12 49 15.9  -12 49 42  +000969.8 -000213.5  21 25 05.1  139.088 21.334  49.56  37505 16.2
2010-02-15  22:40:00  13 00 03.4  -13 24 53  +000972.8 -000208.5  21 24 19.2  139.203 20.728  52.14  37546 16.2
2010-02-15  22:50:00  13 10 52.9  -13 59 11  +000975.8 -000203.0  21 23 31.3  139.302 20.131  54.74  37588 16.3
2010-02-15  23:00:00  13 21 44.4  -14 32 31  +000978.8 -000196.9  21 22 41.5  139.386 19.546  57.33  37632 16.3
2010-02-15  23:10:00  13 32 37.9  -15 04 48  +000981.7 -000190.5  21 21 49.6  139.455 18.972  59.94  37677 16.4
2010-02-15  23:20:00  13 43 33.4  -15 35 59  +000984.7 -000183.5  21 20 55.8  139.507 18.412  62.55  37724 16.4
2010-02-15  23:30:00  13 54 30.8  -16 05 58  +000987.5 -000176.2  21 20 00.0  139.544 17.865  65.17  37772 16.5
2010-02-15  23:40:00  14 05 30.0  -16 34 41  +000990.3 -000168.4  21 19 02.4  139.564 17.334  67.78  37821 16.5
2010-02-15  23:50:00  14 16 31.1  -17 02 05  +000992.9 -000160.2  21 18 03.0  139.568 16.820  70.40  37871 16.6
2010-02-16  00:00:00  14 27 33.9  -17 28 05  +000995.4 -000151.7  21 17 01.9  139.556 16.323  73.02  37922 16.7
2010-02-16  00:10:00  14 38 38.2  -17 52 37  +000997.7 -000142.8  21 15 59.2  139.527 15.845  75.65  37973 16.7
2010-02-16  00:20:00  14 49 44.1  -18 15 39  +000999.8 -000133.5  21 14 55.0  139.482 15.387  78.26  38025 16.8
2010-02-16  00:30:00  15 00 51.2  -18 37 07  +001001.7 -000124.0  21 13 49.4  139.421 14.949  80.89  38078 16.9
2010-02-16  00:40:00  15 11 59.6  -18 56 59  +001003.3 -000114.2  21 12 42.7  139.343 14.533  83.50  38130 16.9
2010-02-16  00:50:00  15 23 08.9  -19 15 10  +001004.7 -000104.1  21 11 35.0  139.250 14.139  86.12  38183 17.0
2010-02-16  01:00:00  15 34 19.1  -19 31 40  +001005.8 -000093.8  21 10 26.5  139.142 13.769  88.73  38236 17.1
2010-02-16  01:10:00  15 45 30.0  -19 46 26  +001006.6 -000083.3  21 09 17.3  139.018 13.423  91.35  38289 17.2
2010-02-16  01:20:00  15 56 41.2  -19 59 26  +001007.1 -000072.6  21 08 07.7  138.880 13.102  93.95  38342 17.2
2010-02-16  01:30:00  16 07 52.7  -20 10 38  +001007.2 -000061.9  21 06 57.9  138.727 12.806  96.56  38394 17.3
2010-02-16  01:40:00  16 19 04.1  -20 20 03  +001007.0 -000051.0  21 05 48.1  138.561 12.536  99.16  38446 17.4
2010-02-16  01:50:00  16 30 15.3  -20 27 38  +001006.5 -000040.0  21 04 38.5  138.381 12.294 101.76  38497 17.5
2010-02-16  02:00:00  16 41 26.0  -20 33 23  +001005.6 -000029.0  21 03 29.5  138.189 12.078 104.35  38547 17.6
2010-02-16  02:10:00  16 52 36.0  -20 37 18  +001004.3 -000018.0  21 02 21.1  137.984 11.890 106.95  38596 17.7
2010-02-16  02:20:00  17 03 45.0  -20 39 23  +001002.7 -000007.0  21 01 13.7  137.768 11.730 109.53  38644 17.8
2010-02-16  02:30:00  17 14 52.9  -20 39 38  +001000.8 +000004.0  21 00 07.5  137.542 11.598 112.12  38691 17.9
2010-02-16  02:40:00  17 25 59.4  -20 38 04  +000998.5 +000014.8  20 59 02.7  137.305 11.495 114.70  38737 18.1
2010-02-16  02:50:00  17 37 04.2  -20 34 42  +000995.9 +000025.6  20 57 59.5  137.058 11.420 117.28  38782 18.2
2010-02-16  03:00:00  17 48 07.2  -20 29 33  +000993.0 +000036.2  20 56 58.1  136.803 11.374 119.84  38825 18.3
2010-02-16  03:10:00  17 59 08.2  -20 22 38  +000989.8 +000046.7  20 55 58.8  136.540 11.356 122.41  38866 18.4
2010-02-16  03:20:00  18 10 07.0  -20 13 60  +000986.4 +000057.0  20 55 01.7  136.269 11.367 124.97  38906 18.6
2010-02-16  03:30:00  18 21 03.3  -20 03 39  +000982.6 +000067.1  20 54 07.0  135.992 11.406 127.53  38945 18.7
2010-02-16  03:40:00  18 31 57.1  -19 51 39  +000978.7 +000076.9  20 53 14.8  135.709 11.474 130.08  38981 18.9
2010-02-16  03:50:00  18 42 48.2  -19 38 02  +000974.5 +000086.5  20 52 25.3  135.420 11.569 132.64  39016 19.0
2010-02-16  04:00:00  18 53 36.5  -19 22 50  +000970.2 +000095.9  20 51 38.7  135.126 11.692 135.17  39049 19.2
