ЭФЕМЕРИДЫ ПО ОБЪЕКТУ:  95355
Для пункта:  10016 Маяки   46 23'50.68"   30 16'17.74"    14m
C   2010-02-01 12:00
по  2010-02-16 12:00
Шаг  0:10:00
Мин.угол места:          10 град
Макс.угол места Солнца: -10 град
Стандартный блеск :      8.9 (зв.вел.)

ОБОЗНАЧЕНИЯ
RA        прямое восхождение, тек.эпоха
DECL      склонение, тек.эпоха
RARate    скорость по пр.восх., арксек/мин
DeclRate  скорость по склонению, арксек/мин
HourAng   часовой угол
Az        азимут
Um        угол места
Phase     фазовый угол
Range     дальность
Mag       зв.величина (оценка)

   Date        UTC        RA         DECL      RARate   DeclRate    HourAng      Az     Um    Phase  Range  Mag
2010-02-01  16:00:00  00 19 23.9  -22 02 32  +008862.8 +002137.3  02 28 41.2  215.208 13.745 133.09   8808 15.5
2010-02-01  16:10:00  01 39 47.2  -16 49 02  +005857.9 +001586.0  01 18 19.6  200.620 24.360 113.63  10277 14.8
2010-02-01  16:20:00  02 34 21.4  -13 10 53  +004123.7 +001060.3  00 33 47.0  189.499 29.938  99.98  11945 14.6
2010-02-01  16:30:00  03 14 05.7  -10 45 48  +003112.9 +000706.4  00 04 04.4  181.191 32.832  89.98  13595 14.6
2010-02-01  16:40:00  03 45 36.4  -09 10 30  +002492.9 +000477.1  23 42 35.3  174.797 34.291  82.12  15124 14.6
2010-02-01  16:50:00  04 10 52.5  -08 04 25  +002081.7 +000325.8  23 27 20.8  170.113 35.043  75.86  16539 14.6
2010-02-01  17:00:00  04 32 20.6  -07 19 18  +001798.6 +000221.6  23 15 54.4  166.548 35.389  70.63  17812 14.7
2010-02-01  17:10:00  04 51 08.8  -06 48 55  +001596.7 +000146.9  23 07 07.8  163.807 35.500  66.10  18945 14.7
2010-02-01  17:20:00  05 08 01.7  -06 29 18  +001449.1 +000091.0  23 00 16.6  161.679 35.470  62.12  19940 14.7
2010-02-01  17:30:00  05 23 29.5  -06 17 54  +001339.5 +000047.5  22 54 50.4  160.013 35.347  58.52  20802 14.8
2010-02-01  17:40:00  05 37 54.0  -06 13 01  +001257.8 +000012.2  22 50 27.6  158.696 35.160  55.25  21534 14.8
2010-02-01  17:50:00  05 51 31.6  -06 13 35  +001197.6 -000017.6  22 46 51.6  157.643 34.920  52.23  22141 14.8
2010-02-01  18:00:00  06 04 34.9  -06 18 44  +001154.5 -000043.7  22 43 50.0  156.789 34.635  49.41  22627 14.8
2010-02-01  18:10:00  06 17 14.2  -06 28 01  +001125.6 -000067.5  22 41 12.3  156.080 34.305  46.76  22994 14.8
2010-02-01  18:20:00  06 29 38.5  -06 41 09  +001109.3 -000090.0  22 38 49.6  155.471 33.927  44.26  23246 14.8
2010-02-01  18:30:00  06 41 55.9  -06 58 01  +001104.5 -000112.2  22 36 33.9  154.924 33.495  41.89  23384 14.8
2010-02-01  18:40:00  06 54 13.7  -07 18 35  +001110.9 -000134.9  22 34 17.7  154.403 33.000  39.65  23410 14.7
2010-02-01  18:50:00  07 06 39.6  -07 43 02  +001128.7 -000158.7  22 31 53.5  153.876 32.431  37.54  23323 14.7
2010-02-01  19:00:00  07 19 21.4  -08 11 37  +001158.7 -000184.5  22 29 13.3  153.308 31.773  35.58  23125 14.7
2010-02-01  19:10:00  07 32 27.6  -08 44 43  +001202.5 -000213.2  22 26 08.7  152.667 31.009  33.78  22816 14.6
2010-02-01  19:20:00  07 46 08.3  -09 22 54  +001262.4 -000245.8  22 22 29.7  151.917 30.115  32.22  22396 14.6
2010-02-01  19:30:00  08 00 35.1  -10 06 57  +001342.0 -000283.8  22 18 04.5  151.019 29.059  30.94  21863 14.5
2010-02-01  19:40:00  08 16 03.0  -10 57 53  +001446.5 -000328.8  22 12 38.3  149.927 27.800  30.07  21218 14.4
2010-02-01  19:50:00  08 32 50.9  -11 57 04  +001583.7 -000383.2  22 05 52.0  148.587 26.283  29.75  20459 14.3
2010-02-01  20:00:00  08 51 24.3  -13 06 17  +001765.3 -000449.7  21 57 20.3  146.935 24.430  30.16  19588 14.3
2010-02-01  20:10:00  09 12 18.3  -14 27 54  +002009.3 -000532.4  21 46 27.9  144.888 22.131  31.53  18607 14.2
2010-02-01  20:20:00  09 36 23.1  -16 04 54     <<SHADOW>>        21 32 24.8  142.340 19.229  34.14  17521 ----
2010-02-01  20:30:00  10 04 52.8  -18 01 01  +002814.0 -000762.2  21 13 56.7  139.151 15.492  38.30  16342 13.9
2010-02-01  20:40:00  10 39 41.0  -20 20 12  +003494.9 -000910.7  20 49 10.1  135.123 10.573  44.40  15095 13.8

   Date        UTC        RA         DECL      RARate   DeclRate    HourAng      Az     Um    Phase  Range  Mag
2010-02-02  16:50:00  01 18 30.0  -16 39 34  +006170.6 +001441.9  02 23 39.9  216.497 19.116 119.53  10466 15.1
2010-02-02  17:00:00  02 16 30.4  -13 16 08  +004412.5 +001012.2  01 35 41.2  206.186 26.575 105.14  11982 14.8
2010-02-02  17:10:00  03 00 05.6  -10 57 35  +003341.9 +000690.9  01 02 07.6  197.855 30.976  94.25  13516 14.7
2010-02-02  17:20:00  03 33 10.1  -09 21 47  +002659.6 +000472.9  00 39 04.7  191.590 33.558  86.02  15001 14.7
2010-02-02  17:30:00  04 00 02.9  -08 16 03  +002207.2 +000325.0  00 22 13.6  186.727 35.110  79.37  16377 14.7
2010-02-02  17:40:00  04 22 44.2  -07 30 59  +001894.3 +000221.8  00 09 33.9  182.932 36.044  73.83  17625 14.7
2010-02-02  17:50:00  04 42 28.6  -07 00 33  +001670.5 +000147.1  23 59 51.1  179.954 36.593  69.06  18742 14.7
2010-02-02  18:00:00  05 00 05.0  -06 40 55  +001506.4 +000091.0  23 52 16.4  177.601 36.893  64.89  19728 14.8
2010-02-02  18:10:00  05 16 06.6  -06 29 33  +001384.1 +000047.2  23 46 16.5  175.728 37.022  61.14  20585 14.8
2010-02-02  18:20:00  05 30 57.7  -06 24 49  +001292.6 +000011.6  23 41 27.0  174.224 37.028  57.74  21315 14.8
2010-02-02  18:30:00  05 44 55.5  -06 25 26  +001224.2 -000018.3  23 37 30.8  173.005 36.942  54.60  21924 14.8
2010-02-02  18:40:00  05 58 14.0  -06 30 43  +001174.2 -000044.5  23 34 13.9  172.000 36.781  51.69  22413 14.8
2010-02-02  18:50:00  06 11 04.5  -06 40 09  +001139.4 -000068.5  23 31 25.1  171.153 36.553  48.96  22786 14.8
2010-02-02  19:00:00  06 23 36.2  -06 53 28  +001117.9 -000091.2  23 28 55.0  170.417 36.263  46.38  23043 14.8
2010-02-02  19:10:00  06 35 57.6  -07 10 32  +001108.2 -000113.5  23 26 35.3  169.749 35.912  43.93  23186 14.8
2010-02-02  19:20:00  06 48 16.4  -07 31 20  +001110.0 -000136.3  23 24 18.1  169.111 35.496  41.62  23217 14.7
2010-02-02  19:30:00  07 00 40.2  -07 56 03  +001123.3 -000160.3  23 21 56.0  168.467 35.008  39.43  23136 14.7
2010-02-02  19:40:00  07 13 16.8  -08 24 54  +001148.6 -000186.4  23 19 21.0  167.782 34.441  37.37  22942 14.7
2010-02-02  19:50:00  07 26 14.7  -08 58 21  +001187.5 -000215.4  23 16 24.8  167.018 33.779  35.46  22637 14.6
2010-02-02  20:00:00  07 39 43.5  -09 36 57  +001242.0 -000248.7  23 12 57.6  166.136 33.006  33.75  22218 14.6
2010-02-02  20:10:00  07 53 54.8  -10 21 33  +001315.5 -000287.5  23 08 48.0  165.092 32.096  32.28  21685 14.5
2010-02-02  20:20:00  08 09 02.8  -11 13 12  +001413.2 -000333.8  23 03 41.6  163.837 31.015  31.17  21036 14.4
2010-02-02  20:30:00  08 25 25.9  -12 13 21  +001542.4 -000390.1  22 57 20.1  162.310 29.714  30.52  20271 14.3
2010-02-02  20:40:00  08 43 28.8  -13 24 00  +001714.7 -000460.0  22 49 18.9  160.438 28.125  30.54  19388 14.2
2010-02-02  20:50:00  09 03 45.4  -14 47 42  +001947.7 -000547.9  22 39 03.9  158.129 26.150  31.45  18389 14.1
2010-02-02  21:00:00  09 27 05.1  -16 27 58     <<SHADOW>>        22 25 45.8  155.266 23.640  33.54  17277 ----
2010-02-02  21:10:00  09 54 41.9  -18 29 18     <<SHADOW>>        22 08 10.7  151.689 20.371  37.16  16062 ----
2010-02-02  21:20:00  10 28 31.4  -20 57 07  +003405.9 -000977.0  21 44 22.9  147.186 15.998  42.75  14764 13.8

   Date        UTC        RA         DECL      RARate   DeclRate    HourAng      Az     Um    Phase  Range  Mag
2010-02-03  17:30:00  01 00 38.1  -16 12 35  +006299.2 +001280.0  03 25 35.0  230.148 12.184 124.62  10843 15.5
2010-02-03  17:40:00  02 01 34.0  -13 09 23  +004609.2 +000938.5  02 34 40.7  220.694 21.070 109.59  12201 15.0
2010-02-03  17:50:00  02 46 15.0  -10 57 34  +003512.6 +000657.5  02 00 01.3  213.323 26.658  98.46  13658 14.8
2010-02-03  18:00:00  03 21 02.7  -09 25 43  +002798.3 +000456.8  01 35 15.3  207.458 30.251  89.82  15078 14.8
2010-02-03  18:10:00  03 49 17.9  -08 21 57  +002316.8 +000316.5  01 17 01.7  202.788 32.601  82.84  16409 14.8
2010-02-03  18:20:00  04 13 04.1  -07 37 58  +001980.5 +000216.8  01 03 17.1  199.060 34.157  77.03  17628 14.8
2010-02-03  18:30:00  04 33 39.7  -07 08 13  +001738.4 +000143.9  00 52 43.2  196.072 35.192  72.05  18725 14.8
2010-02-03  18:40:00  04 51 56.3  -06 49 02  +001560.0 +000088.7  00 44 28.2  193.667 35.872  67.70  19699 14.8
2010-02-03  18:50:00  05 08 30.2  -06 38 07  +001426.6 +000045.4  00 37 55.9  191.716 36.299  63.81  20548 14.8
2010-02-03  19:00:00  05 23 46.2  -06 33 35  +001325.7 +000010.2  00 32 41.7  190.126 36.545  60.29  21276 14.8
2010-02-03  19:10:00  05 38 03.4  -06 34 25  +001249.6 -000019.5  00 28 26.1  188.814 36.652  57.04  21884 14.8
2010-02-03  19:20:00  05 51 36.6  -06 39 52  +001193.0 -000045.5  00 24 54.5  187.717 36.649  54.05  22376 14.8
2010-02-03  19:30:00  06 04 37.7  -06 49 28  +001152.5 -000069.3  00 21 55.0  186.778 36.555  51.23  22751 14.8
2010-02-03  19:40:00  06 17 16.4  -07 02 54  +001125.7 -000091.8  00 19 18.0  185.952 36.382  48.58  23013 14.8
2010-02-03  19:50:00  06 29 41.3  -07 20 03  +001111.1 -000114.0  00 16 54.7  185.195 36.136  46.06  23161 14.8
2010-02-03  20:00:00  06 42 00.5  -07 40 57  +001108.1 -000136.7  00 14 37.2  184.469 35.822  43.68  23197 14.8
2010-02-03  20:10:00  06 54 21.4  -08 05 42  +001116.5 -000160.6  00 12 17.9  183.737 35.438  41.41  23121 14.7
2010-02-03  20:20:00  07 06 51.7  -08 34 36  +001136.7 -000186.6  00 09 49.2  182.963 34.982  39.27  22932 14.7
2010-02-03  20:30:00  07 19 39.9  -09 08 04  +001170.0 -000215.6  00 07 02.7  182.109 34.446  37.26  22630 14.6
2010-02-03  20:40:00  07 32 55.1  -09 46 43  +001218.4 -000248.9  00 03 49.2  181.133 33.817  35.42  22213 14.6
2010-02-03  20:50:00  07 46 48.3  -10 31 22  +001284.8 -000288.0  23 59 57.6  179.988 33.080  33.78  21679 14.5
2010-02-03  21:00:00  08 01 33.1  -11 23 09  +001374.0 -000334.9  23 55 14.4  178.621 32.207  32.44  21028 14.4
2010-02-03  21:10:00  08 17 26.8  -12 23 36  +001493.0 -000392.3  23 49 22.3  176.967 31.161  31.51  20256 14.3
2010-02-03  21:20:00  08 34 52.6  -13 34 44  +001652.5 -000464.2  23 41 58.2  174.945 29.886  31.14  19361 14.2
2010-02-03  21:30:00  08 54 22.7  -14 59 25  +001869.6 -000555.8  23 32 29.8  172.453 28.300  31.57  18344 14.1
2010-02-03  21:40:00  09 16 43.9  -16 41 32     <<SHADOW>>        23 20 10.2  169.356 26.273  33.08  17205 ----
2010-02-03  21:50:00  09 43 07.5  -18 46 23     <<SHADOW>>        23 03 48.3  165.474 23.602  36.07  15950 ----
2010-02-03  22:00:00  10 15 27.1  -21 20 59  +003258.8 -001032.7  22 41 30.3  160.562 19.961  40.99  14596 13.7
2010-02-03  22:10:00  10 56 52.9  -24 33 01  +004279.9 -001276.1  22 10 06.1  154.274 14.814  48.52  13179 13.6

   Date        UTC        RA         DECL      RARate   DeclRate    HourAng      Az     Um    Phase  Range  Mag
2010-02-04  18:20:00  01 48 19.5  -12 50 40  +004697.3 +000855.7  03 31 58.3  233.397 14.108 113.61  12609 15.3
2010-02-04  18:30:00  02 34 08.8  -10 49 07  +003621.1 +000613.1  02 56 10.7  226.824 20.548 102.24  13979 15.0
2010-02-04  18:40:00  03 10 06.7  -09 22 50  +002898.4 +000432.0  02 30 14.3  221.543 24.921  93.33  15337 14.9
2010-02-04  18:50:00  03 39 23.8  -08 22 17  +002401.8 +000301.8  02 10 58.9  217.280 27.934  86.10  16624 14.9
2010-02-04  19:00:00  04 04 01.6  -07 40 15  +002050.5 +000207.5  01 56 22.7  213.826 30.038  80.09  17813 14.9
2010-02-04  19:10:00  04 25 19.4  -07 11 45  +001795.4 +000137.7  01 45 06.6  211.015 31.521  74.93  18890 14.9
2010-02-04  19:20:00  04 44 11.1  -06 53 40  +001606.4 +000084.2  01 36 16.5  208.711 32.562  70.42  19848 14.9
2010-02-04  19:30:00  05 01 12.3  -06 43 15  +001463.6 +000042.2  01 29 17.0  206.822 33.288  66.40  20689 14.9
2010-02-04  19:40:00  05 16 50.2  -06 39 09  +001354.9 +000008.0  01 23 40.7  205.257 33.777  62.77  21414 14.9
2010-02-04  19:50:00  05 31 24.7  -06 40 18  +001272.2 -000021.0  01 19 07.9  203.947 34.085  59.44  22021 14.9
2010-02-04  20:00:00  05 45 11.0  -06 45 58  +001209.8 -000046.5  01 15 23.2  202.836 34.251  56.36  22514 14.9
2010-02-04  20:10:00  05 58 21.4  -06 55 41  +001164.0 -000069.8  01 12 14.5  201.872 34.301  53.47  22892 14.9
2010-02-04  20:20:00  06 11 06.1  -07 09 11  +001132.2 -000091.9  01 09 31.4  201.014 34.255  50.76  23158 14.9
2010-02-04  20:30:00  06 23 33.9  -07 26 21  +001113.0 -000113.7  01 07 05.2  200.221 34.125  48.17  23311 14.8
2010-02-04  20:40:00  06 35 52.7  -07 47 09  +001105.3 -000136.0  01 04 48.1  199.459 33.922  45.73  23352 14.8
2010-02-04  20:50:00  06 48 10.1  -08 11 45  +001108.8 -000159.5  01 02 32.4  198.690 33.650  43.39  23281 14.8
2010-02-04  21:00:00  07 00 33.6  -08 40 25  +001123.8 -000185.0  01 00 10.5  197.881 33.312  41.18  23097 14.7
2010-02-04  21:10:00  07 13 11.3  -09 13 35  +001151.4 -000213.6  00 57 34.4  196.993 32.906  39.08  22798 14.7
2010-02-04  21:20:00  07 26 11.9  -09 51 51  +001193.1 -000246.4  00 54 35.5  195.986 32.426  37.13  22384 14.6
2010-02-04  21:30:00  07 39 45.8  -10 36 03  +001251.8 -000285.1  00 51 03.2  194.814 31.865  35.36  21851 14.5
2010-02-04  21:40:00  07 54 05.6  -11 27 20  +001331.6 -000331.6  00 46 45.0  193.422 31.203  33.83  21197 14.5
2010-02-04  21:50:00  08 09 27.3  -12 27 12  +001438.8 -000388.9  00 41 25.0  191.743 30.418  32.63  20420 14.4
2010-02-04  22:00:00  08 26 12.0  -13 37 48  +001583.1 -000461.1  00 34 41.9  189.692 29.467  31.92  19516 14.3
2010-02-04  22:10:00  08 44 49.6  -15 02 04  +001780.3 -000554.2  00 26 06.0  187.159 28.287  31.89  18482 14.1
2010-02-04  22:20:00  09 06 02.9  -16 44 11     <<SHADOW>>        00 14 54.3  183.998 26.777  32.83  17318 ----
2010-02-04  22:30:00  09 30 57.9  -18 50 05     <<SHADOW>>        00 00 01.0  180.004 24.768  35.13  16025 ----
2010-02-04  22:40:00  10 01 21.3  -21 28 11  +003059.9 -001066.1  23 39 39.3  174.896 21.977  39.27  14614 13.7
2010-02-04  22:50:00  10 40 17.2  -24 49 31  +004029.0 -001360.7  23 10 44.9  168.264 17.908  45.97  13112 13.6
2010-02-04  23:00:00  11 33 20.1  -29 03 51  +005671.8 -001685.3  22 27 43.7  159.528 11.703  56.27  11590 13.5

   Date        UTC        RA         DECL      RARate   DeclRate    HourAng      Az     Um    Phase  Range  Mag
2010-02-05  19:10:00  02 24 26.9  -10 34 34  +003670.4 +000565.7  03 49 55.7  238.435 13.387 105.44  14445 15.2
2010-02-05  19:20:00  03 01 02.1  -09 14 31  +002957.7 +000403.0  03 23 22.1  233.705 18.272  96.39  15751 15.1
2010-02-05  19:30:00  03 30 58.2  -08 17 50  +002458.6 +000283.4  03 03 27.6  229.878 21.760  89.01  17000 15.0
2010-02-05  19:40:00  03 56 11.8  -07 38 18  +002100.6 +000195.4  02 48 15.7  226.758 24.280  82.85  18162 15.0
2010-02-05  19:50:00  04 18 02.5  -07 11 55  +001838.8 +000129.1  02 36 26.6  224.187 26.114  77.55  19215 15.0
2010-02-05  20:00:00  04 37 19.9  -06 54 48  +001642.3 +000078.4  02 27 10.9  222.073 27.457  72.93  20162 15.0
2010-02-05  20:10:00  04 54 42.9  -06 45 13  +001493.0 +000038.2  02 19 49.6  220.318 28.434  68.81  20997 15.0
2010-02-05  20:20:00  05 10 38.4  -06 41 41  +001378.5 +000005.2  02 13 55.7  218.850 29.135  65.09  21717 15.0
2010-02-05  20:30:00  05 25 26.9  -06 43 13  +001290.6 -000022.8  02 09 08.8  217.607 29.622  61.68  22323 15.0
2010-02-05  20:40:00  05 39 23.9  -06 49 07  +001223.4 -000047.5  02 05 13.5  216.541 29.940  58.53  22817 15.0
2010-02-05  20:50:00  05 52 41.9  -06 58 56  +001173.2 -000070.1  02 01 57.1  215.607 30.123  55.58  23199 14.9
2010-02-05  21:00:00  06 05 31.4  -07 12 26  +001137.2 -000091.5  01 59 09.3  214.768 30.195  52.81  23468 14.9
2010-02-05  21:10:00  06 18 01.0  -07 29 27  +001113.8 -000112.7  01 56 41.2  213.988 30.174  50.17  23626 14.9
2010-02-05  21:20:00  06 30 18.9  -07 50 01  +001101.7 -000134.2  01 54 25.0  213.235 30.075  47.68  23673 14.9
2010-02-05  21:30:00  06 42 32.4  -08 14 16  +001100.7 -000157.0  01 52 13.1  212.477 29.906  45.29  23608 14.8
2010-02-05  21:40:00  06 54 49.0  -08 42 28  +001110.8 -000181.7  01 49 58.3  211.682 29.676  43.01  23429 14.8
2010-02-05  21:50:00  07 07 16.1  -09 15 01  +001132.8 -000209.5  01 47 32.7  210.814 29.387  40.84  23135 14.7
2010-02-05  22:00:00  07 20 02.2  -09 52 31  +001168.0 -000241.3  01 44 48.3  209.837 29.041  38.81  22725 14.7
2010-02-05  22:10:00  07 33 16.9  -10 35 47  +001218.9 -000278.9  01 41 35.2  208.706 28.634  36.92  22194 14.6
2010-02-05  22:20:00  07 47 11.6  -11 25 54  +001289.0 -000324.1  01 37 42.2  207.370 28.161  35.23  21541 14.5
2010-02-05  22:30:00  08 02 00.9  -12 24 24  +001383.8 -000380.0  01 32 54.5  205.763 27.605  33.82  20761 14.4
2010-02-05  22:40:00  08 18 04.0  -13 33 23  +001512.1 -000450.7  01 26 53.1  203.802 26.942  32.81  19850 14.3
2010-02-05  22:50:00  08 35 47.2  -14 55 49  +001687.4 -000542.6  01 19 11.5  201.378 26.130  32.38  18803 14.2
2010-02-05  23:00:00  08 55 49.0  -16 35 57     <<SHADOW>>        01 09 11.4  198.339 25.097  32.78  17617 ----
2010-02-05  23:10:00  09 19 07.9  -18 40 04     <<SHADOW>>        00 55 54.1  194.472 23.719  34.40  16291 ----
2010-02-05  23:20:00  09 47 19.7  -21 17 32  +002828.2 -001069.4  00 37 43.9  189.465 21.773  37.71  14828 13.7
2010-02-05  23:30:00  10 23 11.5  -24 41 53  +003704.1 -001401.1  00 11 53.7  182.855 18.854  43.43  13247 13.6
2010-02-05  23:40:00  11 12 01.2  -29 10 24  +005239.9 -001833.4  23 33 05.7  173.945 14.184  52.65  11601 13.4

   Date        UTC        RA         DECL      RARate   DeclRate    HourAng      Az     Um    Phase  Range  Mag
2010-02-06  20:00:00  02 54 10.5  -09 02 24  +002980.0 +000373.9  04 14 16.9  244.244 10.916  98.92  16287 15.2
2010-02-06  20:10:00  03 24 24.2  -08 09 42  +002487.5 +000264.0  03 54 04.8  240.778 14.696  91.47  17509 15.2
2010-02-06  20:20:00  03 50 03.6  -07 33 49  +002132.0 +000181.5  03 38 27.0  237.924 17.493  85.21  18639 15.1
2010-02-06  20:30:00  04 12 12.4  -07 08 57  +001867.0 +000119.7  03 26 19.8  235.600 19.578  79.83  19681 15.1
2010-02-06  20:40:00  04 31 47.5  -06 53 09  +001667.0 +000071.7  03 16 46.4  233.675 21.138  75.13  20619 15.1
2010-02-06  20:50:00  04 49 25.6  -06 44 30  +001513.9 +000033.5  03 09 09.9  232.068 22.304  70.93  21447 15.1
2010-02-06  21:00:00  05 05 33.9  -06 41 37  +001395.7 +000002.1  03 03 03.3  230.715 23.168  67.15  22165 15.1
2010-02-06  21:10:00  05 20 32.5  -06 43 33  +001304.1 -000024.7  02 58 06.3  229.562 23.796  63.68  22772 15.1
2010-02-06  21:20:00  05 34 37.4  -06 49 41  +001233.5 -000048.4  02 54 03.1  228.566 24.237  60.47  23268 15.0
2010-02-06  21:30:00  05 48 01.0  -06 59 36  +001179.8 -000070.0  02 50 41.1  227.687 24.528  57.47  23652 15.0
2010-02-06  21:40:00  06 00 53.7  -07 13 00  +001140.4 -000090.6  02 47 50.0  226.893 24.697  54.66  23927 15.0
2010-02-06  21:50:00  06 13 24.4  -07 29 47  +001113.4 -000110.9  02 45 21.0  226.152 24.766  51.98  24091 15.0
2010-02-06  22:00:00  06 25 40.8  -07 49 59  +001097.7 -000131.5  02 43 06.2  225.436 24.752  49.44  24144 14.9
2010-02-06  22:10:00  06 37 50.4  -08 13 42  +001092.8 -000153.3  02 40 58.3  224.716 24.668  47.00  24085 14.9
2010-02-06  22:20:00  06 50 00.2  -08 41 12  +001098.4 -000177.0  02 38 50.1  223.963 24.525  44.68  23913 14.9
2010-02-06  22:30:00  07 02 17.4  -09 12 52  +001115.3 -000203.6  02 36 34.5  223.146 24.331  42.45  23625 14.8
2010-02-06  22:40:00  07 14 50.0  -09 49 17  +001144.6 -000234.0  02 34 03.6  222.232 24.091  40.35  23220 14.7
2010-02-06  22:50:00  07 27 46.7  -10 31 11  +001188.1 -000269.8  02 31 08.6  221.181 23.807  38.36  22694 14.7
2010-02-06  23:00:00  07 41 17.9  -11 19 38  +001249.0 -000313.0  02 27 39.0  219.946 23.481  36.56  22043 14.6
2010-02-06  23:10:00  07 55 36.8  -12 16 05  +001332.0 -000366.4  02 23 21.8  218.467 23.106  34.98  21263 14.5
2010-02-06  23:20:00  08 11 00.3  -13 22 33  +001444.4 -000434.0  02 17 59.9  216.668 22.670  33.73  20348 14.4
2010-02-06  23:30:00  08 27 51.6  -14 41 54  +001598.0 -000522.2  02 11 10.2  214.445 22.150  32.95  19294 14.2
2010-02-06  23:40:00  08 46 44.1  -16 18 17     <<SHADOW>>        02 02 19.4  211.656 21.503  32.89  18093 ----
2010-02-06  23:50:00  09 08 28.4  -18 17 59     <<SHADOW>>        01 50 36.8  208.092 20.647  33.88  16740 ----
2010-02-07  00:00:00  09 34 26.3  -20 50 33     <<SHADOW>>        01 34 40.4  203.443 19.430  36.37  15236 ----
2010-02-07  00:10:00  10 07 02.2  -24 11 01  +003346.4 -001388.0  01 12 06.2  197.222 17.553  41.08  13587 13.6
2010-02-07  00:20:00  10 50 55.3  -28 42 06  +004694.9 -001893.9  00 38 14.8  188.652 14.403  49.04  11829 13.4

   Date        UTC        RA         DECL      RARate   DeclRate    HourAng      Az     Um    Phase  Range  Mag
2010-02-07  16:10:00  06 57 15.6  -07 09 06  +001087.0 -000082.4  20 24 30.5  122.445 18.257  42.85  24516 14.9
2010-02-07  16:20:00  07 09 18.6  -07 24 28  +001083.5 -000101.9  20 22 29.2  122.176 17.756  40.48  24747 14.9
2010-02-07  16:30:00  07 21 22.6  -07 43 04  +001090.1 -000121.2  20 20 26.8  121.940 17.207  38.22  24863 14.9
2010-02-07  16:40:00  07 33 34.4  -08 04 54  +001107.0 -000140.9  20 18 16.7  121.712 16.596  36.09  24867 14.8
2010-02-07  16:50:00  07 46 01.0  -08 30 06  +001134.7 -000161.7  20 15 51.7  121.471 15.903  34.08  24760 14.8
2010-02-07  17:00:00  07 58 50.0  -08 58 54  +001174.5 -000184.2  20 13 04.3  121.193 15.107  32.24  24544 14.8
2010-02-07  17:10:00  08 12 09.9  -09 31 37  +001227.9 -000209.0  20 09 46.0  120.856 14.182  30.59  24220 14.7
2010-02-07  17:20:00  08 26 10.9  -10 08 45  +001297.8 -000237.0  20 05 46.7  120.432 13.096  29.22  23787 14.7
2010-02-07  17:30:00  08 41 04.8  -10 50 50  +001387.8 -000268.9  20 00 54.4  119.893 11.812  28.21  23247 14.6
2010-02-07  17:40:00  08 57 06.8  -11 38 41  +001503.1 -000306.1  19 54 54.1  119.203 10.281  27.70  22599 14.5

   Date        UTC        RA         DECL      RARate   DeclRate    HourAng      Az     Um    Phase  Range  Mag
2010-02-07  21:00:00  03 45 46.8  -07 26 55  +002144.8 +000168.1  04 26 46.9  247.701 10.175  87.13  19221 15.2
2010-02-07  21:10:00  04 08 04.8  -07 03 57  +001881.3 +000110.1  04 14 30.6  245.561 12.412  81.71  20255 15.2
2010-02-07  21:20:00  04 27 49.3  -06 49 30  +001680.9 +000065.0  04 04 47.7  243.788 14.114  76.96  21187 15.2
2010-02-07  21:30:00  04 45 36.3  -06 41 48  +001526.5 +000028.8  03 57 02.4  242.307 15.406  72.72  22013 15.2
2010-02-07  21:40:00  05 01 52.3  -06 39 33  +001406.4 -000001.0  03 50 48.0  241.056 16.383  68.89  22731 15.2
2010-02-07  21:50:00  05 16 57.4  -06 41 54  +001312.7 -000026.5  03 45 44.5  239.986 17.111  65.37  23340 15.1
2010-02-07  22:00:00  05 31 07.3  -06 48 16  +001239.8 -000049.1  03 41 36.3  239.057 17.641  62.13  23839 15.1
2010-02-07  22:10:00  05 44 34.4  -06 58 11  +001183.8 -000069.7  03 38 10.9  238.236 18.012  59.09  24229 15.1
2010-02-07  22:20:00  05 57 28.9  -07 11 27  +001141.9 -000089.2  03 35 18.0  237.491 18.254  56.24  24510 15.1
2010-02-07  22:30:00  06 09 59.6  -07 27 55  +001112.2 -000108.5  03 32 48.9  236.795 18.391  53.52  24681 15.0
2010-02-07  22:40:00  06 22 14.3  -07 47 38  +001093.6 -000128.2  03 30 35.9  236.122 18.442  50.95  24741 15.0
2010-02-07  22:50:00  06 34 20.1  -08 10 42  +001085.3 -000148.9  03 28 31.8  235.448 18.422  48.47  24690 15.0
2010-02-07  23:00:00  06 46 23.7  -08 37 21  +001087.3 -000171.3  03 26 29.8  234.745 18.345  46.11  24525 14.9
2010-02-07  23:10:00  06 58 32.1  -09 07 58  +001099.8 -000196.4  03 24 23.0  233.988 18.221  43.84  24245 14.9
2010-02-07  23:20:00  07 10 52.7  -09 43 02  +001123.9 -000225.1  03 22 04.1  233.145 18.059  41.68  23846 14.8
2010-02-07  23:30:00  07 23 33.4  -10 23 16  +001161.0 -000258.8  03 19 24.9  232.183 17.866  39.62  23326 14.7
2010-02-07  23:40:00  07 36 44.0  -11 09 40  +001213.7 -000299.3  03 16 16.0  231.058 17.646  37.72  22680 14.7
2010-02-07  23:50:00  07 50 36.0  -12 03 35  +001286.1 -000349.4  03 12 25.7  229.719 17.401  36.00  21903 14.6
2010-02-08  00:00:00  08 05 24.4  -13 06 52  +001384.3 -000412.7  03 07 38.9  228.097 17.129  34.56  20989 14.4
2010-02-08  00:10:00  08 21 29.3  -14 22 13  +001517.9 -000495.3  03 01 35.6  226.101 16.821  33.52  19932 14.3
2010-02-08  00:20:00  08 39 19.5  -15 53 34     <<SHADOW>>        02 53 47.1  223.601 16.455  33.07  18722 ----
2010-02-08  00:30:00  08 59 37.5  -17 46 46     <<SHADOW>>        02 43 30.8  220.411 15.987  33.51  17353 ----
2010-02-08  00:40:00  09 23 31.8  -20 11 07     <<SHADOW>>        02 29 38.1  216.243 15.325  35.27  15818 ----
2010-02-08  00:50:00  09 53 01.4  -23 21 42  +002999.8 -001326.0  02 10 10.1  210.634 14.274  39.00  14117 13.6
2010-02-08  01:00:00  10 31 56.4  -27 43 35  +004124.0 -001856.2  01 41 16.8  202.807 12.411  45.66  12267 13.4

   Date        UTC        RA         DECL      RARate   DeclRate    HourAng      Az     Um    Phase  Range  Mag
2010-02-08  16:10:00  06 02 28.7  -07 04 06  +001255.4 +000016.5  21 23 14.0  135.665 26.189  55.64  21745 14.8
2010-02-08  16:20:00  06 16 03.5  -07 03 57  +001192.4 -000013.9  21 19 40.8  134.808 25.760  52.57  22473 14.8
2010-02-08  16:30:00  06 29 02.6  -07 08 29  +001147.1 -000039.7  21 16 43.4  134.143 25.331  49.70  23073 14.8
2010-02-08  16:40:00  06 41 36.5  -07 17 04  +001116.4 -000062.6  21 14 11.1  133.621 24.891  47.01  23548 14.8
2010-02-08  16:50:00  06 53 54.0  -07 29 16  +001098.0 -000083.6  21 11 55.2  133.201 24.432  44.45  23904 14.8
2010-02-08  17:00:00  07 06 03.0  -07 44 53  +001090.8 -000103.7  21 09 47.9  132.850 23.941  42.02  24143 14.8
2010-02-08  17:10:00  07 18 10.7  -08 03 49  +001094.2 -000123.6  21 07 41.8  132.538 23.403  39.71  24268 14.8
2010-02-08  17:20:00  07 30 24.3  -08 26 06  +001108.2 -000144.0  21 05 29.9  132.239 22.805  37.51  24280 14.8
2010-02-08  17:30:00  07 42 50.8  -08 51 52  +001133.4 -000165.5  21 03 05.0  131.927 22.128  35.43  24181 14.8
2010-02-08  17:40:00  07 55 38.2  -09 21 21  +001170.7 -000188.7  21 00 19.3  131.576 21.354  33.50  23973 14.7
2010-02-08  17:50:00  08 08 55.0  -09 54 56  +001222.0 -000214.6  20 57 04.1  131.160 20.456  31.75  23654 14.7
2010-02-08  18:00:00  08 22 51.2  -10 33 05  +001289.8 -000243.8  20 53 09.5  130.650 19.408  30.25  23227 14.6
2010-02-08  18:10:00  08 37 39.1  -11 16 26  +001377.8 -000277.3  20 48 23.3  130.014 18.170  29.07  22691 14.6
2010-02-08  18:20:00  08 53 33.9  -12 05 50  +001491.6 -000316.6  20 42 30.1  129.214 16.697  28.35  22046 14.5
2010-02-08  18:30:00  09 10 55.2  -13 02 21  +001638.9 -000363.0  20 35 10.5  128.203 14.925  28.25  21293 14.4
2010-02-08  18:40:00  09 30 08.9  -14 07 20  +001831.3 -000418.4  20 25 58.4  126.926 12.772  28.97  20434 14.3
2010-02-08  18:50:00  09 51 50.5  -15 22 26     <<SHADOW>>        20 14 18.4  125.310 10.124  30.73  19472 ----

   Date        UTC        RA         DECL      RARate   DeclRate    HourAng      Az     Um    Phase  Range  Mag
2010-02-08  22:40:00  05 29 02.4  -06 45 28  +001242.8 -000049.5  04 27 44.4  248.338 10.550  63.46  24503 15.2
2010-02-08  22:50:00  05 42 30.9  -06 55 22  +001185.3 -000069.0  04 24 17.5  247.564 10.975  60.39  24900 15.2
2010-02-08  23:00:00  05 55 25.9  -07 08 25  +001141.8 -000087.6  04 21 24.1  246.860 11.268  57.51  25188 15.2
2010-02-08  23:10:00  06 07 56.0  -07 24 32  +001110.2 -000105.8  04 18 55.7  246.204 11.452  54.77  25367 15.1
2010-02-08  23:20:00  06 20 08.6  -07 43 42  +001089.5 -000124.3  04 16 44.7  245.570 11.549  52.17  25436 15.1
2010-02-08  23:30:00  06 32 10.8  -08 06 02  +001078.7 -000143.8  04 14 44.1  244.937 11.575  49.66  25394 15.1
2010-02-08  23:40:00  06 44 09.1  -08 31 45  +001077.8 -000164.9  04 12 47.5  244.280 11.545  47.27  25237 15.0
2010-02-08  23:50:00  06 56 10.0  -09 01 10  +001086.8 -000188.4  04 10 48.2  243.576 11.471  44.96  24966 14.9
2010-02-09  00:00:00  07 08 20.5  -09 34 44  +001106.5 -000215.2  04 08 39.4  242.797 11.364  42.75  24576 14.9
2010-02-09  00:10:00  07 20 48.0  -10 13 09  +001138.3 -000246.6  04 06 13.5  241.913 11.233  40.64  24064 14.8
2010-02-09  00:20:00  07 33 41.3  -10 57 17  +001184.2 -000284.2  04 03 21.9  240.887 11.086  38.66  23425 14.7
2010-02-09  00:30:00  07 47 10.7  -11 48 22  +001247.6 -000330.5  03 59 54.1  239.673 10.931  36.84  22655 14.6
2010-02-09  00:40:00  08 01 29.7  -12 48 06  +001333.7 -000388.8  03 55 36.8  238.210 10.771  35.25  21745 14.5
2010-02-09  00:50:00  08 16 55.6  -13 58 57  +001450.4 -000464.7  03 50 12.5  236.420 10.608  33.99  20689 14.4
2010-02-09  01:00:00  08 33 53.0  -15 24 26     <<SHADOW>>        03 43 16.7  234.190 10.436  33.23  19477 ----
2010-02-09  01:10:00  08 52 57.7  -17 09 57     <<SHADOW>>        03 34 13.7  231.356 10.236  33.23  18100 ----

   Date        UTC        RA         DECL      RARate   DeclRate    HourAng      Az     Um    Phase  Range  Mag
2010-02-09  16:20:00  05 07 48.3  -08 05 48  +001705.2 +000173.0  22 31 52.5  154.008 32.068  69.49  18222 14.7
2010-02-09  16:30:00  05 25 42.0  -07 42 47  +001525.0 +000106.7  22 24 00.5  151.688 31.813  65.18  19367 14.7
2010-02-09  16:40:00  05 41 52.6  -07 29 20  +001393.2 +000057.1  22 17 51.6  149.915 31.507  61.36  20368 14.8
2010-02-09  16:50:00  05 56 47.3  -07 23 09  +001295.7 +000018.5  22 12 58.5  148.547 31.172  57.89  21233 14.8
2010-02-09  17:00:00  06 10 45.8  -07 22 45  +001223.4 -000012.8  22 09 01.6  147.482 30.818  54.71  21965 14.8
2010-02-09  17:10:00  06 24 03.2  -07 27 13  +001170.8 -000039.5  22 05 45.9  146.645 30.443  51.74  22569 14.8
2010-02-09  17:20:00  06 36 50.6  -07 35 47  +001133.9 -000063.0  22 03 00.1  145.978 30.047  48.96  23052 14.8
2010-02-09  17:30:00  06 49 18.0  -07 48 06  +001110.4 -000084.5  22 00 34.4  145.432 29.622  46.33  23415 14.8
2010-02-09  17:40:00  07 01 33.7  -08 03 55  +001098.8 -000105.1  21 58 20.3  144.969 29.161  43.83  23662 14.8
2010-02-09  17:50:00  07 13 45.5  -08 23 08  +001098.3 -000125.5  21 56 10.2  144.555 28.652  41.45  23794 14.8
2010-02-09  18:00:00  07 26 00.5  -08 45 47  +001108.7 -000146.4  21 53 56.8  144.159 28.083  39.19  23814 14.8
2010-02-09  18:10:00  07 38 26.3  -09 12 01  +001130.5 -000168.6  21 51 32.6  143.751 27.441  37.03  23722 14.7
2010-02-09  18:20:00  07 51 10.7  -09 42 05  +001164.6 -000192.6  21 48 49.9  143.302 26.707  35.02  23519 14.7
2010-02-09  18:30:00  08 04 22.2  -10 16 22  +001212.6 -000219.3  21 45 40.0  142.782 25.861  33.16  23206 14.7
2010-02-09  18:40:00  08 18 11.1  -10 55 23  +001277.1 -000249.6  21 41 52.8  142.158 24.875  31.52  22782 14.6
2010-02-09  18:50:00  08 32 49.4  -11 39 51  +001361.8 -000284.7  21 37 16.1  141.395 23.716  30.16  22248 14.5
2010-02-09  19:00:00  08 48 32.4  -12 30 39  +001472.1 -000326.1  21 31 34.8  140.451 22.339  29.21  21602 14.5
2010-02-09  19:10:00  09 05 39.5  -13 28 58  +001616.0 -000375.4  21 24 29.3  139.275 20.686  28.82  20846 14.4
2010-02-09  19:20:00  09 24 36.9  -14 36 21  +001805.3 -000435.0  21 15 33.5  137.807 18.676  29.20  19980 14.3
2010-02-09  19:30:00  09 46 00.6  -15 54 42     <<SHADOW>>        21 04 11.5  135.968 16.197  30.59  19007 ----
2010-02-09  19:40:00  10 10 41.2  -17 26 20     <<SHADOW>>        20 49 32.5  133.657 13.092  33.25  17934 ----

   Date        UTC        RA         DECL      RARate   DeclRate    HourAng      Az     Um    Phase  Range  Mag
2010-02-10  16:20:00  03 00 05.8  -13 24 31  +004135.4 +000932.7  00 43 31.6  192.168 29.397 101.97  12010 14.7
2010-02-10  16:30:00  03 40 58.3  -11 19 53  +003128.9 +000613.4  00 12 40.8  183.674 32.201  91.77  13644 14.6
2010-02-10  16:40:00  04 11 59.4  -09 56 04  +002499.9 +000407.1  23 51 41.3  177.541 33.638  84.06  15192 14.6
2010-02-10  16:50:00  04 37 19.4  -09 00 20  +002086.4 +000270.6  23 36 23.0  172.932 34.346  77.80  16608 14.7
2010-02-10  17:00:00  04 58 49.9  -08 23 31  +001801.5 +000176.7  23 24 54.1  169.429 34.653  72.56  17883 14.7
2010-02-10  17:10:00  05 17 39.7  -07 59 58  +001598.2 +000109.3  23 16 06.0  166.739 34.728  68.01  19017 14.7
2010-02-10  17:20:00  05 34 33.2  -07 46 09  +001449.6 +000058.9  23 09 14.1  164.654 34.662  64.00  20014 14.8
2010-02-10  17:30:00  05 50 01.0  -07 39 44  +001339.2 +000019.6  23 03 47.9  163.024 34.506  60.38  20876 14.8
2010-02-10  17:40:00  06 04 25.4  -07 39 18  +001257.1 -000012.5  22 59 25.1  161.736 34.285  57.08  21609 14.8
2010-02-10  17:50:00  06 18 02.2  -07 43 41  +001196.4 -000039.5  22 55 50.0  160.710 34.014  54.00  22218 14.8
2010-02-10  18:00:00  06 31 04.5  -07 52 18  +001152.8 -000063.3  22 52 49.4  159.878 33.700  51.14  22705 14.8
2010-02-10  18:10:00  06 43 42.6  -08 04 42  +001123.7 -000085.2  22 50 12.9  159.187 33.342  48.43  23074 14.8
2010-02-10  18:20:00  06 56 05.5  -08 20 39  +001107.1 -000106.1  22 47 51.6  158.593 32.939  45.86  23327 14.8
2010-02-10  18:30:00  07 08 21.3  -08 40 04  +001102.1 -000126.9  22 45 37.4  158.057 32.484  43.41  23466 14.8
2010-02-10  18:40:00  07 20 37.5  -09 02 58  +001108.4 -000148.1  22 43 22.9  157.544 31.969  41.08  23493 14.8
2010-02-10  18:50:00  07 33 01.8  -09 29 32  +001126.1 -000170.7  22 41 00.3  157.021 31.385  38.85  23406 14.7
2010-02-10  19:00:00  07 45 41.7  -09 59 60  +001156.0 -000195.2  22 38 22.0  156.456 30.717  36.74  23209 14.7
2010-02-10  19:10:00  07 58 46.2  -10 34 46  +001199.8 -000222.6  22 35 19.2  155.814 29.949  34.78  22899 14.6
2010-02-10  19:20:00  08 12 25.0  -11 14 24  +001259.7 -000253.9  22 31 42.0  155.059 29.057  33.00  22478 14.6
2010-02-10  19:30:00  08 26 50.1  -11 59 40  +001339.5 -000290.3  22 27 18.5  154.151 28.014  31.47  21944 14.5
2010-02-10  19:40:00  08 42 16.5  -12 51 32  +001444.4 -000333.4  22 21 53.8  153.044 26.778  30.29  21296 14.4
2010-02-10  19:50:00  08 59 03.2  -13 51 18  +001582.3 -000385.5  22 15 08.7  151.682 25.297  29.60  20534 14.4
2010-02-10  20:00:00  09 17 36.2  -15 00 41  +001765.3 -000449.1  22 06 37.4  149.998 23.497  29.60  19658 14.3
2010-02-10  20:10:00  09 38 30.7  -16 21 51     <<SHADOW>>        21 55 44.5  147.907 21.272  30.55  18669 ----
2010-02-10  20:20:00  10 02 38.0  -17 57 36     <<SHADOW>>        21 41 38.8  145.296 18.470  32.73  17574 ----
2010-02-10  20:30:00  10 31 13.8  -19 51 18     <<SHADOW>>        21 23 04.7  142.016 14.863  36.51  16383 ----
2010-02-10  20:40:00  11 06 14.4  -22 06 17     <<SHADOW>>        20 58 05.7  137.858 10.111  42.30  15119 ----

   Date        UTC        RA         DECL      RARate   DeclRate    HourAng      Az     Um    Phase  Range  Mag
2010-02-11  16:50:00  01 44 55.5  -16 26 20  +006146.4 +001260.6  02 32 43.4  218.659 18.362 121.26  10554 15.2
2010-02-11  17:00:00  02 43 52.6  -13 30 58  +004415.1 +000879.5  01 43 48.0  208.176 25.703 106.76  12060 14.9
2010-02-11  17:10:00  03 26 31.0  -11 29 38  +003343.0 +000593.9  01 11 11.2  200.222 29.946  96.16  13616 14.8
2010-02-11  17:20:00  03 59 36.7  -10 07 54  +002661.7 +000399.7  00 48 07.1  194.072 32.453  87.95  15103 14.7
2010-02-11  17:30:00  04 26 30.8  -09 12 58  +002208.9 +000267.7  00 31 14.7  189.307 33.949  81.31  16480 14.7
2010-02-11  17:40:00  04 49 13.0  -08 36 28  +001895.3 +000175.5  00 18 34.1  185.595 34.839  75.77  17730 14.8
2010-02-11  17:50:00  05 08 57.8  -08 13 04  +001670.7 +000108.7  00 08 51.0  182.685 35.349  70.99  18848 14.8
2010-02-11  18:00:00  05 26 34.0  -07 59 19  +001506.0 +000058.5  00 01 16.4  180.388 35.613  66.80  19835 14.8
2010-02-11  18:10:00  05 42 35.7  -07 53 05  +001383.4 +000019.1  23 55 16.3  178.558 35.708  63.02  20692 14.8
2010-02-11  18:20:00  05 57 25.9  -07 52 39  +001291.3 -000012.8  23 50 27.8  177.092 35.684  59.59  21425 14.8
2010-02-11  18:30:00  06 11 22.7  -07 57 05  +001222.5 -000039.9  23 46 32.6  175.903 35.568  56.41  22035 14.8
2010-02-11  18:40:00  06 24 40.0  -08 05 46  +001172.2 -000063.8  23 43 17.0  174.923 35.379  53.46  22526 14.8
2010-02-11  18:50:00  06 37 29.1  -08 18 14  +001137.2 -000085.7  23 40 29.6  174.097 35.125  50.67  22899 14.8
2010-02-11  19:00:00  06 49 59.2  -08 34 16  +001115.4 -000106.6  23 38 01.0  173.376 34.812  48.03  23158 14.8
2010-02-11  19:10:00  07 02 18.9  -08 53 47  +001105.5 -000127.4  23 35 43.0  172.722 34.440  45.51  23302 14.8
2010-02-11  19:20:00  07 14 35.9  -09 16 49  +001107.1 -000148.8  23 33 27.7  172.094 34.007  43.11  23334 14.8
2010-02-11  19:30:00  07 26 57.6  -09 43 29  +001120.2 -000171.5  23 31 07.5  171.458 33.507  40.81  23253 14.7
2010-02-11  19:40:00  07 39 32.1  -10 14 06  +001145.3 -000196.3  23 28 34.7  170.779 32.932  38.63  23060 14.7
2010-02-11  19:50:00  07 52 27.7  -10 49 05  +001184.0 -000224.0  23 25 40.8  170.020 32.269  36.56  22754 14.6
2010-02-11  20:00:00  08 05 54.2  -11 29 00  +001238.4 -000255.8  23 22 15.9  169.141 31.503  34.66  22334 14.6
2010-02-11  20:10:00  08 20 03.0  -12 14 39  +001311.8 -000293.0  23 18 08.7  168.099 30.609  32.97  21800 14.5
2010-02-11  20:20:00  08 35 08.6  -13 07 05  +001409.5 -000337.5  23 13 04.8  166.844 29.556  31.56  21149 14.4
2010-02-11  20:30:00  08 51 29.3  -14 07 43  +001538.9 -000391.7  23 06 45.7  165.312 28.299  30.58  20380 14.3
2010-02-11  20:40:00  09 09 29.9  -15 18 22  +001711.5 -000458.6  22 58 46.8  163.431 26.772  30.20  19492 14.2
2010-02-11  20:50:00  09 29 44.7  -16 41 31  +001945.6 -000542.6  22 48 33.6  161.105 24.883  30.67  18486 14.1
2010-02-11  21:00:00  09 53 03.7  -18 20 29     <<SHADOW>>        22 35 16.3  158.210 22.490  32.31  17364 ----
2010-02-11  21:10:00  10 20 41.8  -20 19 27     <<SHADOW>>        22 17 39.8  154.579 19.378  35.49  16136 ----
2010-02-11  21:20:00  10 54 37.1  -22 43 16     <<SHADOW>>        21 53 46.1  149.982 15.210  40.70  14820 ----

   Date        UTC        RA         DECL      RARate   DeclRate    HourAng      Az     Um    Phase  Range  Mag
2010-02-12  17:30:00  01 28 45.3  -16 00 40  +006263.4 +001105.6  03 32 56.7  231.760 11.363 125.98  10937 15.6
2010-02-12  17:40:00  02 28 24.5  -13 21 42  +004589.2 +000804.8  02 43 19.2  222.571 19.899 111.34  12325 15.1
2010-02-12  17:50:00  03 12 56.6  -11 29 11  +003504.0 +000557.9  02 08 48.8  215.293 25.320 100.31  13787 14.9
2010-02-12  18:00:00  03 47 40.2  -10 11 48  +002794.2 +000381.2  01 44 06.7  209.527 28.798  91.72  15211 14.9
2010-02-12  18:10:00  04 15 53.4  -09 19 10  +002314.4 +000257.5  01 25 55.2  204.951 31.065  84.77  16544 14.8
2010-02-12  18:20:00  04 39 38.2  -08 43 60  +001978.7 +000169.4  01 12 12.0  201.307 32.558  78.97  17765 14.8
2010-02-12  18:30:00  05 00 12.6  -08 21 24  +001736.7 +000104.9  01 01 39.3  198.391 33.542  73.98  18864 14.9
2010-02-12  18:40:00  05 18 29.0  -08 08 23  +001558.6 +000055.8  00 53 24.5  196.041 34.175  69.61  19837 14.9
2010-02-12  18:50:00  05 35 01.4  -08 02 25  +001424.8 +000017.3  00 46 53.7  194.142 34.565  65.69  20688 14.9
2010-02-12  19:00:00  05 50 16.1  -08 02 13  +001323.7 -000014.0  00 41 40.7  192.593 34.776  62.14  21418 14.9
2010-02-12  19:10:00  06 04 31.9  -08 06 50  +001247.4 -000040.7  00 37 26.5  191.315 34.851  58.86  22028 14.9
2010-02-12  19:20:00  06 18 03.7  -08 15 37  +001190.7 -000064.2  00 33 56.4  190.245 34.819  55.82  22521 14.9
2010-02-12  19:30:00  06 31 03.1  -08 28 09  +001149.9 -000085.9  00 30 58.6  189.330 34.699  52.96  22898 14.9
2010-02-12  19:40:00  06 43 40.0  -08 44 12  +001122.9 -000106.6  00 28 23.4  188.522 34.502  50.25  23161 14.9
2010-02-12  19:50:00  06 56 03.2  -09 03 42  +001108.2 -000127.2  00 26 01.9  187.781 34.236  47.67  23310 14.8
2010-02-12  20:00:00  07 08 20.3  -09 26 40  +001105.0 -000148.4  00 23 46.4  187.069 33.905  45.21  23347 14.8
2010-02-12  20:10:00  07 20 39.0  -09 53 15  +001113.1 -000170.9  00 21 29.3  186.351 33.510  42.84  23272 14.8
2010-02-12  20:20:00  07 33 07.0  -10 23 45  +001133.1 -000195.5  00 19 02.9  185.591 33.047  40.59  23083 14.7
2010-02-12  20:30:00  07 45 52.6  -10 58 36  +001166.2 -000223.2  00 16 18.9  184.750 32.509  38.44  22781 14.7
2010-02-12  20:40:00  07 59 05.2  -11 38 23  +001214.2 -000255.0  00 13 08.1  183.788 31.888  36.43  22363 14.6
2010-02-12  20:50:00  08 12 55.5  -12 23 55  +001280.3 -000292.5  00 09 19.4  182.661 31.167  34.59  21828 14.5
2010-02-12  21:00:00  08 27 37.3  -13 16 18  +001369.2 -000337.5  00 04 39.3  181.312 30.322  32.99  21174 14.5
2010-02-12  21:10:00  08 43 27.6  -14 16 59  +001487.8 -000392.6  23 58 50.5  179.678 29.319  31.74  20399 14.4
2010-02-12  21:20:00  09 00 49.9  -15 27 57  +001647.1 -000461.6  23 51 29.9  177.678 28.107  31.00  19500 14.3
2010-02-12  21:30:00  09 20 16.3  -16 51 53  +001864.1 -000549.4  23 42 05.2  175.206 26.609  31.00  18476 14.1
2010-02-12  21:40:00  09 42 34.0  -18 32 31     <<SHADOW>>        23 29 49.1  172.124 24.703  32.05  17327 ----
2010-02-12  21:50:00  10 08 54.7  -20 34 52     <<SHADOW>>        23 13 30.0  168.244 22.199  34.56  16059 ----
2010-02-12  22:00:00  10 41 13.7  -23 05 28     <<SHADOW>>        22 51 12.7  163.305 18.786  39.03  14686 ----
2010-02-12  22:10:00  11 22 45.3  -26 11 19  +004296.3 -001230.0  22 19 42.7  156.933 13.943  46.18  13242 13.6

   Date        UTC        RA         DECL      RARate   DeclRate    HourAng      Az     Um    Phase  Range  Mag
2010-02-13  18:20:00  02 15 38.7  -13 02 24  +004665.3 +000724.3  03 40 08.0  234.957 12.806 115.28  12754 15.4
2010-02-13  18:30:00  03 01 11.9  -11 20 02  +003603.4 +000513.0  03 04 36.5  228.419 19.034 104.02  14133 15.1
2010-02-13  18:40:00  03 37 00.7  -10 08 23  +002887.8 +000355.3  02 38 49.4  223.194 23.254  95.17  15497 15.0
2010-02-13  18:50:00  04 06 12.0  -09 19 09  +002394.8 +000241.8  02 19 39.7  218.994 26.154  87.98  16788 15.0
2010-02-13  19:00:00  04 30 45.8  -08 46 04  +002045.4 +000159.4  02 05 07.6  215.601 28.172  81.98  17980 15.0
2010-02-13  19:10:00  04 52 02.5  -08 25 15  +001792.0 +000098.0  01 53 52.5  212.835 29.582  76.82  19055 14.9
2010-02-13  19:20:00  05 10 51.3  -08 12 59  +001603.1 +000051.3  01 45 05.4  210.585 30.569  72.30  20017 14.9
2010-02-13  19:30:00  05 27 50.4  -08 07 38  +001460.6 +000014.3  01 38 07.9  208.737 31.246  68.26  20861 15.0
2010-02-13  19:40:00  05 43 26.4  -08 07 51  +001352.1 -000016.0  01 32 33.5  207.207 31.694  64.61  21587 15.0
2010-02-13  19:50:00  05 57 59.0  -08 12 44  +001269.4 -000041.8  01 28 02.6  205.927 31.965  61.24  22196 14.9
2010-02-13  20:00:00  06 11 43.5  -08 21 38  +001207.0 -000064.7  01 24 19.8  204.841 32.097  58.13  22690 14.9
2010-02-13  20:10:00  06 24 52.0  -08 34 12  +001161.1 -000085.8  01 21 12.8  203.899 32.118  55.19  23070 14.9
2010-02-13  20:20:00  06 37 34.9  -08 50 14  +001129.3 -000106.0  01 18 31.6  203.058 32.046  52.42  23337 14.9
2010-02-13  20:30:00  06 50 00.7  -09 09 34  +001109.9 -000126.1  01 16 07.5  202.283 31.896  49.78  23491 14.9
2010-02-13  20:40:00  07 02 17.4  -09 32 18  +001102.0 -000146.8  01 13 52.4  201.536 31.675  47.27  23533 14.9
2010-02-13  20:50:00  07 14 32.5  -09 58 35  +001105.4 -000168.8  01 11 38.9  200.784 31.389  44.84  23463 14.8
2010-02-13  21:00:00  07 26 53.7  -10 28 41  +001120.2 -000192.9  01 09 19.4  199.992 31.042  42.53  23279 14.8
2010-02-13  21:10:00  07 39 28.8  -11 03 04  +001147.4 -000220.1  01 06 45.9  199.124 30.633  40.31  22981 14.7
2010-02-13  21:20:00  07 52 26.7  -11 42 17  +001188.8 -000251.4  01 03 49.7  198.140 30.158  38.21  22566 14.6
2010-02-13  21:30:00  08 05 57.7  -12 27 10  +001247.1 -000288.3  01 00 20.4  196.995 29.609  36.25  22032 14.6
2010-02-13  21:40:00  08 20 14.1  -13 18 49  +001326.3 -000332.8  00 56 05.5  195.636 28.971  34.49  21376 14.5
2010-02-13  21:50:00  08 35 32.0  -14 18 42  +001432.9 -000387.8  00 50 49.3  193.996 28.222  33.01  20596 14.4
2010-02-13  22:00:00  08 52 12.7  -15 28 51  +001576.5 -000457.0  00 44 10.3  191.992 27.325  31.95  19687 14.3
2010-02-13  22:10:00  09 10 45.5  -16 52 08  +001772.9 -000546.2  00 35 39.1  189.513 26.224  31.51  18647 14.2
2010-02-13  22:20:00  09 31 53.5  -18 32 30     <<SHADOW>>        00 24 32.7  186.411 24.824  31.99  17473 ----
2010-02-13  22:30:00  09 56 42.8  -20 35 37     <<SHADOW>>        00 09 45.1  182.479 22.973  33.79  16167 ----
2010-02-13  22:40:00  10 27 00.6  -23 09 30     <<SHADOW>>        23 49 28.9  177.420 20.404  37.44  14737 ----
2010-02-13  22:50:00  11 05 52.5  -26 24 24  +004026.6 -001314.2  23 20 38.7  170.808 16.652  43.68  13210 13.5
2010-02-13  23:00:00  11 58 59.5  -30 29 16  +005691.2 -001616.8  22 37 33.3  162.006 10.886  53.58  11650 13.4

   Date        UTC        RA         DECL      RARate   DeclRate    HourAng      Az     Um    Phase  Range  Mag
2010-02-14  19:10:00  02 51 53.2  -11 04 34  +003644.7 +000466.9  03 57 58.4  239.742 11.798 107.13  14620 15.3
2010-02-14  19:20:00  03 28 14.5  -09 59 02  +002940.7 +000326.5  03 31 38.7  235.022 16.502  98.17  15935 15.2
2010-02-14  19:30:00  03 58 01.1  -09 13 41  +002446.6 +000223.2  03 11 53.8  231.220 19.852  90.83  17191 15.1
2010-02-14  19:40:00  04 23 13.4  -08 44 06  +002093.5 +000146.5  02 56 43.1  228.101 22.265  84.68  18347 15.1
2010-02-14  19:50:00  04 44 58.0  -08 24 39  +001832.7 +000089.5  02 45 00.2  225.568 24.017  79.39  19408 15.0
2010-02-14  20:00:00  05 04 11.7  -08 13 33  +001637.4 +000045.4  02 35 48.1  223.483 25.291  74.76  20358 15.0
2010-02-14  20:10:00  05 21 31.6  -08 09 01  +001488.8 +000010.4  02 28 29.8  221.753 26.210  70.63  21194 15.0
2010-02-14  20:20:00  05 37 24.5  -08 09 46  +001374.8 -000018.5  02 22 38.5  220.306 26.862  66.89  21917 15.0
2010-02-14  20:30:00  05 52 10.6  -08 14 57  +001287.1 -000043.2  02 17 54.1  219.083 27.306  63.45  22525 15.0
2010-02-14  20:40:00  06 06 05.4  -08 24 01  +001220.2 -000065.2  02 14 01.0  218.034 27.588  60.26  23021 15.0
2010-02-14  20:50:00  06 19 21.4  -08 36 37  +001170.1 -000085.5  02 10 46.6  217.114 27.738  57.27  23404 15.0
2010-02-14  21:00:00  06 32 08.8  -08 52 29  +001134.2 -000104.9  02 08 00.9  216.289 27.782  54.45  23675 15.0
2010-02-14  21:10:00  06 44 36.4  -09 11 35  +001110.7 -000124.2  02 05 34.9  215.522 27.738  51.76  23834 14.9
2010-02-14  21:20:00  06 56 52.2  -09 33 56  +001098.6 -000144.1  02 03 20.7  214.783 27.619  49.20  23882 14.9
2010-02-14  21:30:00  07 09 03.6  -09 59 42  +001097.4 -000165.3  02 01 11.0  214.039 27.435  46.72  23817 14.9
2010-02-14  21:40:00  07 21 17.9  -10 29 09  +001107.3 -000188.6  01 58 58.4  213.261 27.194  44.36  23639 14.8
2010-02-14  21:50:00  07 33 42.6  -11 02 43  +001129.1 -000214.8  01 56 35.2  212.413 26.900  42.08  23346 14.8
2010-02-14  22:00:00  07 46 26.2  -11 40 59  +001164.0 -000245.0  01 53 53.3  211.460 26.554  39.90  22934 14.7
2010-02-14  22:10:00  07 59 38.0  -12 24 43  +001214.4 -000280.7  01 50 43.1  210.360 26.155  37.85  22403 14.6
2010-02-14  22:20:00  08 13 29.6  -13 14 59  +001283.9 -000323.9  01 46 53.2  209.060 25.698  35.96  21747 14.5
2010-02-14  22:30:00  08 28 15.3  -14 13 15  +001378.1 -000377.3  01 42 09.1  207.500 25.170  34.29  20964 14.4
2010-02-14  22:40:00  08 44 14.2  -15 21 32  +001505.3 -000444.9  01 36 11.9  205.596 24.551  32.97  20049 14.3
2010-02-14  22:50:00  09 01 52.5  -16 42 40  +001679.4 -000532.8  01 28 35.2  203.242 23.801  32.16  18996 14.2
2010-02-14  23:00:00  09 21 48.5  -18 20 44     <<SHADOW>>        01 18 40.9  200.288 22.860  32.12  17802 ----
2010-02-14  23:10:00  09 45 00.5  -20 21 45     <<SHADOW>>        01 05 30.5  196.519 21.614  33.23  16464 ----
2010-02-14  23:20:00  10 13 03.6  -22 54 31     <<SHADOW>>        00 47 29.1  191.623 19.864  36.02  14984 ----
2010-02-14  23:30:00  10 48 45.3  -26 12 02  +003688.5 -001352.0  00 21 49.0  185.123 17.234  41.24  13379 13.5
2010-02-14  23:40:00  11 37 25.7  -30 30 43  +005230.3 -001763.7  23 43 10.2  176.281 12.996  49.97  11696 13.4

   Date        UTC        RA         DECL      RARate   DeclRate    HourAng      Az     Um    Phase  Range  Mag
2010-02-15  20:10:00  03 51 54.6  -09 05 58  +002475.1 +000203.1  04 02 03.4  241.793 12.748  93.19  17703 15.2
2010-02-15  20:20:00  04 17 20.8  -08 38 14  +002121.3 +000133.2  03 46 38.8  238.962 15.425  86.97  18848 15.2
2010-02-15  20:30:00  04 39 23.4  -08 20 39  +001858.7 +000080.2  03 34 37.9  236.642 17.414  81.60  19895 15.2
2010-02-15  20:40:00  04 58 53.5  -08 10 52  +001660.4 +000039.0  03 25 09.4  234.723 18.897  76.90  20836 15.1
2010-02-15  20:50:00  05 16 27.7  -08 07 12  +001508.5 +000006.1  03 17 36.9  233.124 19.998  72.69  21667 15.1
2010-02-15  21:00:00  05 32 32.5  -08 08 32  +001391.1 -000021.2  03 11 33.6  231.778 20.807  68.89  22387 15.1
2010-02-15  21:10:00  05 47 28.3  -08 14 04  +001300.0 -000044.6  03 06 39.5  230.633 21.389  65.39  22997 15.1
2010-02-15  21:20:00  06 01 30.7  -08 23 19  +001229.8 -000065.5  03 02 38.8  229.642 21.789  62.16  23494 15.1
2010-02-15  21:30:00  06 14 52.0  -08 35 51  +001176.5 -000084.7  02 59 19.1  228.770 22.046  59.11  23881 15.1
2010-02-15  21:40:00  06 27 42.5  -08 51 31  +001137.3 -000103.2  02 56 30.3  227.983 22.186  56.25  24157 15.0
2010-02-15  21:50:00  06 40 11.1  -09 10 15  +001110.4 -000121.6  02 54 03.3  227.249 22.231  53.52  24322 15.0
2010-02-15  22:00:00  06 52 25.5  -09 32 05  +001094.7 -000140.6  02 51 50.5  226.541 22.196  50.92  24376 15.0
2010-02-15  22:10:00  07 04 33.1  -09 57 10  +001089.7 -000160.7  02 49 44.6  225.831 22.096  48.41  24318 14.9
2010-02-15  22:20:00  07 16 40.8  -10 25 47  +001095.3 -000182.9  02 47 38.5  225.091 21.942  46.00  24146 14.9
2010-02-15  22:30:00  07 28 56.0  -10 58 18  +001112.1 -000207.8  02 45 25.0  224.291 21.740  43.67  23858 14.8
2010-02-15  22:40:00  07 41 26.3  -11 35 15  +001141.1 -000236.5  02 42 56.3  223.397 21.498  41.43  23452 14.8
2010-02-15  22:50:00  07 54 20.5  -12 17 25  +001184.3 -000270.4  02 40 03.7  222.373 21.219  39.30  22925 14.7
2010-02-15  23:00:00  08 07 49.1  -13 05 47  +001244.7 -000311.4  02 36 36.8  221.171 20.904  37.31  22272 14.6
2010-02-15  23:10:00  08 22 04.9  -14 01 45  +001327.0 -000362.2  02 32 22.7  219.735 20.550  35.50  21489 14.5
2010-02-15  23:20:00  08 37 24.8  -15 07 16  +001438.6 -000426.6  02 27 04.4  217.990 20.147  33.96  20571 14.4
2010-02-15  23:30:00  08 54 11.8  -16 25 02  +001590.8 -000510.6  02 20 19.1  215.836 19.676  32.84  19510 14.3
2010-02-15  23:40:00  09 12 59.0  -17 59 04     <<SHADOW>>        02 11 33.5  213.133 19.101  32.36  18301 ----
2010-02-15  23:50:00  09 34 36.3  -19 55 15     <<SHADOW>>        01 59 57.8  209.678 18.351  32.86  16938 ----
2010-02-16  00:00:00  10 00 25.2  -22 22 44     <<SHADOW>>        01 44 10.5  205.164 17.293  34.83  15418 ----
2010-02-16  00:10:00  10 32 48.8  -25 35 51     <<SHADOW>>        01 21 48.6  199.104 15.658  38.99  13747 ----
2010-02-16  00:20:00  11 16 25.1  -29 56 20  +004666.8 -001818.8  00 48 13.9  190.702 12.888  46.42  11954 13.4
